-3.2280857061e-03
2.1468957233e-02
-1.1402255466e-02
-4.4585121176e-02
-6.2619296530e-03
2.2881095438e-01
4.1570927591e-02
-2.7523768714e-03
-4.6132588748e-02
5.9917044063e-02
2.5209588229e-02
3.3290453428e-02
-2.8092702335e-02
-4.2273328255e-02
1.2441076503e-02
7.8777442670e-02
-3.9386091847e-02
-2.6251589909e-02
-7.5578536051e-02
-5.7314582831e-02
-1.1596414343e-02
-2.1755696315e-02
3.2550421219e-02
-4.1637777698e-02
-1.1992158115e-02
-5.8390913239e-02
-6.1652386534e-02
-2.1887055100e-02
-5.0876578297e-02
4.8070632019e-02
-2.6121586374e-02
-3.4433984006e-02
-6.6306590292e-02
1.2034291258e-01
-5.9061684211e-02
7.4989456946e-02
2.5234527864e-02
-7.3017575181e-04
7.7916852965e-02
-7.5881700789e-03
-7.1567217090e-03
-5.5082494866e-02
-3.9099686891e-02
-1.3496867453e-02
-6.6628095054e-02
-1.7006490328e-02
-4.0903641393e-03
4.4187496937e-03
2.2782652147e-02
9.0485482278e-03
-1.1149041114e-02
2.9485636602e-02
-2.3691353703e-02
4.5708859954e-02
-5.7884387278e-02
-3.2382578870e-02
2.0691734927e-02
-2.2120764979e-02
-8.4999410827e-02
4.1857436913e-02
-3.8838757122e-02
3.6953203214e-02
-2.7057698954e-02
5.1607175148e-02
-5.5833260116e-02
3.6486002807e-02
6.1648090560e-02
1.3907232961e-02
4.0312575573e-02
1.0792245269e-02
2.4099722666e-02
-7.3657218960e-02
-1.4989183702e-02
3.6969926829e-03
4.5519651422e-02
6.7361238890e-02
6.3422419765e-03
-4.5749183662e-02
-1.7976468251e-02
2.0763847912e-02
2.3374643424e-02
-2.8230521865e-02
-6.0223194306e-02
-1.4767258298e-02
-2.1647395208e-03
-8.4448274633e-02
3.5549137257e-02
-2.0387197471e-02
-3.2183977604e-02
-5.0065404797e-02
-1.8070580233e-02
-6.5744452147e-02
-4.3706044793e-02
1.9182395689e-02
1.1746807440e-02
-1.5241096899e-02
-4.9756760842e-02
1.1603789341e-01
-1.6769800435e-02
-6.6273018333e-02
-6.4407399113e-02
-3.2219074045e-02
3.7477795857e-02
-9.5098809013e-03
-1.4574445172e-02
2.8450363747e-02
-4.6594502545e-02
-2.9077651337e-02
-5.7937980764e-02
1.1518034416e-02
5.4269612929e-02
2.6685114810e-02
-1.1424505672e-02
-2.1534262659e-02
-1.8948514438e-02
6.7523079457e-04
-3.0448058364e-02
-6.5257533912e-02
-4.5145629668e-03
-4.8949492361e-02
4.5949518127e-02
-2.5966891547e-02
9.5455123162e-03
2.5198840101e-02
8.3135300870e-03
-6.5523552845e-02
-1.8341997354e-02
1.6501282694e-02
-3.3015317855e-02
-3.9965155543e-02
2.2095352787e-02
-1.5061612061e-02
2.1226156799e-01
-3.7099545381e-02
6.4872887176e-02
-1.0384236553e-02
4.9311635911e-02
-6.6675939125e-03
-2.5620073001e-02
-1.1799085345e-02
-3.6656126355e-02
-5.1889379673e-02
-3.7978198904e-02
2.4759956215e-02
9.5080881232e-03
2.1977876075e-02
-2.0314312780e-02
-2.0784698713e-02
-5.2165629841e-02
4.5358566864e-02
4.0372012077e-02
3.6915295734e-02
-2.0455135928e-02
1.8951687960e-02
4.8888295755e-02
-6.1980798924e-02
-1.8665151040e-02
-3.7372094186e-02
-2.4538107457e-02
-2.8819397504e-02
5.6811545052e-02
2.7552547055e-02
4.8721276717e-02
-7.0907985492e-02
6.6721848634e-02
4.0610584289e-02
-1.5321960811e-02
1.0467245946e-01
1.4454833178e-01
7.4862575521e-03
-2.3985180545e-02
-5.1645722053e-02
-7.4141344909e-03
1.4406771796e-01
1.0340091021e-01
-9.2442086801e-03
-7.7479161906e-02
5.1605858182e-03
1.1992424547e-01
-5.5654825105e-02
1.3301635138e-01
-4.4552859491e-02
7.7070437548e-03
6.7795531116e-02
4.0914639629e-02
8.1335248683e-02
-1.1897376021e-02
3.6530712029e-02
-2.4309964949e-02
-5.9309774076e-02
-6.2391315819e-03
-9.0022998315e-02
-7.4594950616e-02
-4.3908881253e-02
-2.9492738598e-02
-9.8462300450e-04
-2.5505100754e-02
1.4184923019e-01
4.1530167164e-02
8.2678280074e-03
-8.0139366965e-02
-9.4576062759e-02
8.0894542420e-02
1.2069946482e-02
-1.4118733665e-02
1.4267237501e-01
1.3304341189e-03
-2.1759178182e-02
8.2213210946e-02
1.1314980343e-01
5.3680547736e-02
-6.1210589747e-02
5.8446404029e-02
-3.9822527392e-02
-6.5364064709e-02
1.0038225423e-01
-3.4844489443e-02
-2.7577371321e-02
4.5494542574e-02
1.0313989439e-01
-1.5516207282e-02
-5.0086566139e-02
-2.4005578679e-02
-4.9924305692e-02
-6.4804224871e-03
1.2374843005e-02
-3.8189439510e-02
1.1564244280e-01
5.1556635050e-02
2.0960606907e-02
-7.5477199394e-02
1.1429958998e-01
3.9661220695e-02
-2.9020480203e-02
-8.3425907815e-02
2.5652449827e-01
1.3223604823e-01
8.2248772360e-03
-9.6943133089e-03
-3.2109821321e-03
3.4596807364e-02
-5.7690632340e-02
1.2835128764e-01
8.9267001829e-02
8.6283749456e-02
4.9861861496e-02
-1.2096612014e-02
-1.6252472345e-02
1.6579943472e-02
-4.6164119698e-02
2.9784344566e-05
-2.2644946022e-03
9.8778407536e-02
1.7871962312e-02
5.5982342760e-03
-2.3386884757e-02
2.0685984720e-02
-5.4521137148e-02
-1.7106074686e-02
-7.3160538546e-03
-6.6272564308e-02
-5.7537631028e-03
1.4165489966e-02
-5.6481756668e-02
9.8061603477e-02
-3.7823453824e-02
3.1082561365e-02
-3.7292317655e-02
1.9856531186e-02
4.1945172955e-02
7.0026082586e-03
7.3246572614e-02
3.4382322082e-02
1.9234205635e-02
-7.2203932741e-03
-6.1841722243e-02
2.1159778156e-02
-7.7540055540e-03
9.4651722883e-02
-2.2301291932e-04
-2.3240806200e-02
3.0237909847e-02
-1.6044171292e-02
2.4571043759e-02
-2.9831582198e-02
3.7308475212e-02
-1.9782129961e-02
-2.1442007367e-02
-1.0543522874e-02
7.8151024915e-02
-1.0786707412e-02
2.7200861500e-02
2.5944229434e-02
8.5691395862e-03
-3.0107861041e-02
1.1386654596e-01
3.8295283109e-02
-4.5996353847e-02
-1.0208283170e-02
-1.7743702778e-02
3.5679336081e-02
9.2191015923e-02
-3.0074069149e-02
2.3735743915e-02
-3.6555567124e-02
-1.1597377113e-02
-2.2574066916e-03
-8.4456080518e-02
-4.2237559592e-02
1.5536361636e-02
-2.1269057956e-02
3.3280329066e-02
-3.8166855298e-02
-7.3415364279e-02
1.8340087552e-02
5.0881183846e-02
3.5516611243e-02
1.3898166140e-02
7.1141686147e-02
-4.1020644363e-02
1.1246065339e-01
1.9578391336e-02
4.9595330353e-02
1.0186993251e-03
-4.2634849225e-02
1.5231346134e-02
9.5023007693e-02
-2.1985780512e-02
4.0127193852e-02
4.5576873534e-02
-6.6114389249e-03
7.2850713398e-02
-5.0655363167e-02
2.4717574715e-03
-8.1957121512e-03
-2.0465621306e-02
-5.4746484243e-02
-5.8571748474e-02
-3.4627484645e-02
-5.8300887191e-03
-3.6092079694e-02
5.0139892507e-02
-1.7739929809e-02
4.0630153615e-02
-6.7228030460e-02
-5.5955523043e-02
8.5840569249e-03
1.1194692000e-01
6.1043713227e-02
-8.1627678997e-03
-8.9012726362e-03
1.6144423335e-01
3.0978250345e-02
-6.4327700985e-03
-6.5906115614e-02
-1.1489761786e-02
-8.0644058010e-02
-1.2920237286e-02
2.0642909423e-02
-3.8190012562e-02
1.4346063701e-01
-1.4735335393e-02
2.6360200245e-02
1.8148805516e-02
-3.9737909415e-02
-3.0894565938e-02
-3.7630874711e-02
3.7712341043e-02
-1.2981057354e-02
-2.5871636815e-02
-6.6238279313e-02
-7.0033790448e-02
1.7019292429e-02
7.4038405741e-03
1.8587463725e-02
-3.1310891646e-02
3.8606950709e-02
-5.4311227047e-03
-3.5978290138e-02
-4.6575225353e-02
7.1894371379e-02
-2.4023617457e-02
3.7216846343e-02
9.7818475666e-02
-6.4995636546e-03
5.2468199425e-02
9.7398711836e-04
2.7052584060e-02
1.7714574208e-03
-1.6095457539e-02
1.1980569052e-02
-5.2891841504e-02
6.3835447308e-03
-3.4735750281e-02
-3.9733578145e-03
-5.9644361878e-03
5.6206442848e-03
-3.5124665320e-02
5.8150798342e-02
-4.3393930886e-02
7.9086492721e-02
-7.0054487331e-02
4.8467148643e-03
-1.6184208469e-02
-8.5082999857e-02
-4.5580372221e-02
4.9772878107e-02
1.5840397741e-02
5.1479023715e-03
-2.5343438167e-02
4.3475084059e-02
-5.0293307776e-02
4.6787848069e-02
1.4925386550e-02
-8.6000677290e-03
-4.0891676354e-02
-1.8049613752e-02
-5.1605909303e-03
6.2802204659e-02
-2.1520304784e-03
1.0136348821e-01
-7.0312833812e-02
5.8915631383e-02
-4.1957719062e-02
9.6187295889e-02
-4.1845603786e-02
-2.2722380004e-02
1.6506426584e-01
2.0377074077e-01
-2.6255025143e-02
-1.7948410594e-02
3.7142046305e-02
-3.6497374689e-03
1.3259320983e-02
3.5623172598e-03
-1.6746722201e-02
5.1649003361e-02
1.8033387031e-01
-6.4675801866e-02
9.3250378592e-03
6.6469840864e-02
-6.7569380163e-02
-3.6453308105e-02
1.1244754309e-03
-1.1286567058e-02
4.0893191206e-02
3.8950740754e-02
4.7433886391e-03
-2.9508766697e-02
2.0198385232e-01
4.6984746850e-02
-4.1800789894e-02
-2.7756648914e-02
7.1308730191e-03
2.5158107089e-02
-2.6197343706e-02
6.7605922840e-02
-1.5779346003e-03
3.5484302501e-02
-8.4497422123e-02
-2.5922066209e-02
-2.9054929719e-02
3.2521790737e-03
3.4947328220e-03
-1.2757456708e-02
-9.6878019250e-03
1.0654537162e-01
-6.4457903781e-02
-3.4936554313e-02
-1.8952389663e-02
-4.5806310980e-02
1.2703916289e-01
-7.5087918532e-02
-2.3169824134e-02
7.8832189924e-02
-3.2105621744e-02
1.1342529444e-01
2.4965926478e-02
1.3089647654e-02
-1.5339557545e-02
4.3260415786e-02
-3.8746789333e-02
2.0466714522e-03
-2.5919102787e-02
-1.7499072801e-02
8.3839942076e-02
-4.6195220568e-02
-2.2500491591e-02
8.4112259504e-03
5.0959513999e-03
-4.5563175266e-02
-2.5704880948e-03
3.8343505355e-03
-2.8160265674e-02
-3.1274385393e-02
-4.5195485624e-02
-3.9537082060e-02
-4.2152708773e-02
-1.3771080293e-03
3.6494781506e-02
-2.1739216524e-02
-2.8821516386e-02
1.5964490103e-02
-7.1866885780e-03
-7.6583741940e-02
-1.7473276876e-02
-4.5220242082e-03
-2.8333088510e-02
-6.9068393994e-02
-6.1419917081e-02
1.1755793679e-01
-9.0672033254e-03
-3.5072717893e-02
9.8300081858e-04
-5.1425213456e-02
2.3217319561e-04
-1.4749283217e-02
-6.1748580108e-02
-4.2714873829e-02
5.6295458826e-02
-3.6967103044e-02
-2.0495183232e-02
9.5421787402e-04
-4.3520377248e-02
2.7441319720e-02
2.4679064912e-02
-3.2471595100e-02
8.5225930264e-02
6.3290699025e-03
-2.3869359762e-02
4.1816123486e-02
4.9548685230e-02
-1.2792362007e-02
-7.0754521872e-02
-6.8655942839e-02
-4.0147508733e-02
1.5136049526e-02
-6.8239132341e-02
4.5960696079e-02
-1.5219317131e-02
-3.4593906387e-02
-4.0195116669e-03
-8.4069276681e-02
-7.5224100327e-03
-5.9831218972e-02
1.4509381525e-02
-3.0003890919e-02
-5.7641463295e-02
4.0417174102e-02
-8.0845518783e-02
-3.8231836421e-02
-5.3819137604e-02
6.1265404114e-03
-3.8547336568e-02
-2.0154860522e-02
-7.3555001504e-02
1.9289075028e-03
-5.3136025174e-03
-5.8639682235e-02
1.8261453913e-01
7.4350922225e-03
-7.5253792430e-02
7.8973625538e-02
-2.9410041727e-02
-8.4631202262e-02
-1.6720265983e-02
2.3740773119e-03
8.0941702310e-02
6.0183487008e-02
4.1121398580e-02
-6.2658653534e-02
4.9777997489e-02
-2.5666244011e-02
-1.3578251460e-02
-1.4126807393e-02
-4.9382805818e-02
-2.4071111020e-02
-3.7108580718e-02
7.9259915895e-02
-2.1632484776e-02
-4.5373401124e-02
-2.9689591483e-02
7.2328508702e-02
-3.0072515914e-02
4.4622834763e-02
5.6745830001e-02
1.3742828647e-01
4.4183637714e-03
1.0850740470e-01
4.3114007488e-02
2.6532549148e-02
7.2652067608e-02
1.1106562498e-01
8.8979587446e-02
-2.6049513689e-02
-4.3814793799e-03
-4.4983209585e-02
7.4541096546e-03
-6.2355657126e-02
8.4701135049e-02
3.3562088801e-03
-2.5396393565e-02
-7.5678788008e-02
3.9171094857e-02
4.9400289661e-02
-4.5747803443e-02
-1.5939024502e-02
4.5195980123e-02
6.4983760039e-02
-7.9623264836e-03
4.2922107361e-03
6.1700898513e-02
1.2402191271e-01
-3.5618712880e-02
-4.7248938219e-03
7.8944250382e-02
3.7918018370e-02
6.8961968027e-03
1.3520437777e-01
4.4859397479e-02
1.0715519214e-01
-6.2176294040e-02
1.0998493654e-02
-6.2663136847e-02
2.5911636406e-02
-4.7438155265e-02
-7.2425937922e-02
7.4755650002e-02
4.4447517800e-02
-5.0013269601e-02
-5.1694159598e-02
2.4778981230e-02
2.6744319530e-02
3.2560262437e-02
-5.6378752457e-02
4.1375270090e-02
7.0114236655e-02
7.9750053078e-02
1.0152235742e-01
5.4981151039e-02
-6.7162940826e-03
-7.8185513811e-02
4.4483164145e-02
2.6092219219e-02
-5.5698559063e-02
-4.5863537279e-02
1.3256317877e-01
-4.2597631342e-02
-6.5332590265e-02
-4.3887468284e-02
-2.8948671557e-02
7.2145365307e-02
-7.1978854161e-02
-4.3951182501e-02
-1.9049160907e-02
2.0576983095e-01
-5.6955012019e-04
-2.3498662631e-02
-3.4935793600e-02
5.0357171741e-02
-3.5314175150e-02
3.4862108324e-02
1.6503037557e-02
-4.3569133000e-02
-7.6208679518e-02
8.3690989396e-02
1.9182886972e-01
2.9196294458e-03
8.1080745451e-03
-3.9444799435e-02
1.5078784567e-01
-2.7386871131e-02
4.3153697111e-02
-6.9694702542e-02
-5.2194443841e-02
4.6769361005e-02
5.9642833063e-02
6.8380754868e-02
-2.6525862664e-02
5.0373817486e-02
8.3347970369e-02
-2.6101728929e-02
1.2015248221e-02
4.3652556098e-02
-6.2932707270e-02
-4.5717601155e-02
4.8078756733e-02
4.5838110152e-03
2.3018407098e-01
1.2282788808e-02
-3.8834868736e-02
5.0575657460e-02
-2.7771753484e-02
9.1925091606e-02
1.8575577962e-01
-5.9530045544e-02
5.6641127075e-02
1.9302977740e-02
-7.3062145719e-03
-3.7197638169e-02
-7.0959647533e-02
-5.5496160694e-02
1.7752754464e-01
-4.6176054034e-02
1.3265977168e-01
6.9058970546e-02
-3.2224006436e-02
2.3278073148e-02
-5.6651154869e-03
9.2524767457e-02
-7.7313101987e-02
-1.8284200313e-02
-3.7235048792e-02
-5.6483512673e-02
-1.4449463771e-02
-2.8070094726e-02
-2.2356952286e-02
4.5811410588e-02
3.6732928949e-02
-4.3964466628e-02
-1.1660343949e-02
7.7918044473e-02
-6.6744263012e-02
-3.4995933076e-02
-1.0361114090e-01
3.8197330098e-02
5.8476329637e-02
5.2508768294e-02
-6.1979995664e-02
-3.7658883844e-02
5.6725733181e-02
-2.3637148419e-02
2.4809562333e-02
1.0115478453e-01
-7.8729878014e-02
6.1685248288e-02
-1.5616899129e-03
-3.0605725308e-02
-1.1142963145e-04
-2.6459924585e-03
2.4033595777e-02
8.6027356942e-02
-6.4974724605e-02
1.3898183294e-02
-2.9074040125e-02
-3.6781730428e-02
1.2229173650e-02
2.7945953347e-02
-3.9609895730e-02
1.6900200933e-02
-2.8342896708e-02
-2.2134373788e-02
7.2402043629e-02
-4.4808663999e-02
7.5938155420e-02
-3.5925930288e-02
-6.4891690677e-02
-3.7340335789e-02
1.9629472565e-01
-1.0425250025e-02
3.3616459452e-02
9.6756932337e-03
3.5922569674e-02
4.3812118530e-02
-3.8963281470e-03
2.1770531433e-02
-8.5047246902e-03
-9.1160936743e-03
2.5092356670e-02
-9.7536458786e-03
3.0434298648e-02
2.2433147074e-02
7.9603801623e-03
1.9383813724e-02
-5.8943004443e-03
1.8647919941e-01
1.0691788116e-01
-2.9662703474e-02
1.5804680862e-02
1.8059700054e-02
4.5960256742e-02
3.9297733450e-02
6.9716235338e-02
-2.9934930336e-02
-1.0488859477e-02
-7.9341212326e-02
-1.4418025420e-02
-4.0873719818e-02
7.7378727018e-02
-8.2516458824e-02
-2.3268339954e-02
9.2968578143e-02
-4.1053184908e-02
-3.4250978051e-02
-3.4561648306e-02
-1.4963790093e-02
-1.7115901065e-02
1.3388624528e-02
5.8122638915e-02
9.7803328393e-03
-6.5643857172e-02
5.7081364979e-02
-2.4521742939e-02
1.2417071431e-01
-1.8944271302e-03
-1.2284559593e-02
2.2853265610e-01
-3.4968992034e-02
-2.2362872676e-02
1.9815835780e-02
-3.3718749307e-02
2.4792934170e-02
1.0965480509e-02
-4.4252117239e-02
2.5479268219e-04
1.4259051745e-01
-2.1313605382e-02
1.0024716637e-01
-7.7147105858e-02
1.1743325059e-01
-8.4783219028e-03
-8.4524429283e-02
5.1587824894e-02
-5.4207601300e-02
3.4162989908e-02
-5.1164290467e-02
-1.6311153220e-02
-6.5634146020e-02
-7.8097521500e-02
-2.9888704592e-02
6.1101215564e-02
2.5489330545e-02
6.0259496044e-02
-4.7958091306e-02
3.3333465669e-02
-3.5025261868e-02
-2.6406707174e-02
3.6011019055e-02
5.4881874912e-02
-8.3097112038e-02
-5.6916935531e-02
5.9812621137e-02
-1.4443205647e-02
8.3177171891e-03
1.8606606618e-01
5.8969052726e-02
9.1006692915e-02
-6.2756092451e-02
-6.7170710040e-02
-7.5667628034e-02
-1.6133939774e-02
-5.9551875539e-02
1.5980669317e-03
2.2150496624e-02
5.3695526497e-03
9.6117524347e-03
-6.6566112672e-02
-1.0591769413e-02
-1.5018106872e-02
-2.6206807687e-02
-5.8115171849e-02
-4.1707657965e-02
-4.4516996025e-02
-6.1641550396e-02
-4.9344557386e-02
-3.1034651116e-02
-1.6924143791e-02
6.6961235465e-02
-8.4235449408e-04
-7.0172514149e-02
3.6825074020e-01
-5.0467609142e-04
-6.8811766912e-02
-3.7234194809e-02
-5.4860680431e-02
-1.0968743454e-02
9.5001464030e-02
1.6532892852e-01
7.8244609850e-02
-4.3020217816e-02
-3.1988268242e-02
6.7357334505e-02
-7.2723108727e-03
2.2003319786e-01
5.5212119864e-02
3.9861942174e-02
1.4521699576e-01
-1.1052620679e-02
-1.9733665390e-02
-3.6949811949e-02
-3.5626323587e-02
3.7191490894e-02
-6.2415325487e-02
2.5226453799e-02
4.1621703264e-02
-5.0608915829e-02
-3.8570952168e-02
-3.0872138586e-02
2.6014229946e-02
-1.4670187350e-02
-5.7590689799e-02
2.5532788089e-02
3.4558951513e-02
6.4126719547e-02
-2.0943586919e-02
2.5613165164e-02
4.4013274484e-02
-6.1796174758e-02
-5.1001960867e-02
5.5843689993e-02
-2.5257320402e-02
2.0288057518e-02
-8.0099041001e-03
7.7955774274e-03
1.9113553279e-01
5.1919417072e-02
-6.9370178791e-02
-6.2506631144e-02
2.4497715724e-02
2.6161663247e-02
-5.0032510121e-02
1.8072584133e-01
-6.4468132940e-02
-4.5646739481e-02
-3.0465183990e-02
7.9964109866e-02
7.6638986817e-02
-4.4599669854e-02
-7.9222742495e-02
6.8628222287e-02
1.1826942178e-01
1.0263500251e-01
3.5591648459e-02
-3.3210338068e-02
-4.0148489542e-02
-3.6923880963e-02
-6.5564558045e-02
-6.1117775319e-02
-4.9825964622e-03
-1.5244301873e-02
4.6904496629e-02
-3.3072881279e-02
7.3545727016e-02
-1.5814806741e-02
6.9458745258e-02
2.9901668528e-02
-2.5342926173e-02
-5.5548484076e-02
4.3388406092e-03
-2.4907322571e-02
1.1708295687e-02
-3.4740962402e-02
-3.7014076437e-02
-1.6876553727e-02
4.8862185052e-02
-5.0528708678e-02
3.2224327768e-02
2.1935115857e-02
4.6067637970e-02
1.1626611523e-02
3.6353177479e-02
-7.3962446815e-02
2.6669267830e-02
-3.7648340779e-02
-2.2325078235e-02
-2.5540783862e-02
-2.3073108812e-02
-3.9258977664e-02
-1.1823091481e-02
1.1468166259e-01
-1.4125209989e-02
4.8151026377e-02
6.7540582073e-02
-6.1840786148e-02
-7.7203490933e-03
-5.9554547775e-02
-1.3715957610e-02
8.7628398819e-02
-2.0690354435e-02
-2.5749499771e-02
4.8998487347e-02
-4.0303756993e-02
-5.7913127138e-02
-7.1049527260e-02
-5.8799491862e-02
-6.8207563719e-02
-3.9850384922e-02
3.0114688499e-03
1.8264848266e-02
-7.5123379816e-03
-3.5688790934e-02
-9.6711778923e-02
-3.8753098460e-02
8.7957794223e-02
9.4671054352e-02
-4.9608437364e-02
8.5105752204e-02
-1.5417182645e-02
-5.5657338598e-02
3.0973623358e-02
9.6548682801e-03
-3.3205327425e-02
-4.6432768823e-02
5.1884097703e-02
8.5425069360e-03
-3.5688506026e-02
2.0741785847e-02
-7.2315531596e-02
2.6472138371e-02
-7.1656020114e-03
1.8912276939e-01
5.1488712303e-02
-5.8329151305e-02
1.1255312230e-01
1.1618396072e-01
-6.8907306395e-03
1.9381751949e-02
5.6614657509e-02
-3.9645608513e-02
-4.4415029438e-02
6.5846625107e-02
3.1310479817e-02
-4.5848137596e-02
1.9368374654e-01
-1.9409290031e-02
5.4789187394e-02
3.4838416336e-02
9.2418590244e-03
2.3508028228e-03
1.7326461154e-01
-3.4197099995e-02
-2.8108616919e-02
-7.9524517922e-02
-3.1555367243e-02
-3.5285594496e-02
-7.6987910473e-03
-1.0916671172e-03
3.0480833232e-02
-4.0332236213e-03
8.9947942519e-04
-5.1276645246e-02
-6.6302516445e-02
-5.4166133890e-02
1.1592154347e-01
-1.9687633261e-02
2.7592336619e-02
-4.8638504000e-02
-2.8352555140e-02
-3.5124556612e-02
-9.0979760465e-03
-1.2123851825e-02
4.4385504865e-02
5.5292801771e-03
8.0059330877e-03
4.1012328645e-03
2.1184477908e-02
2.5961314154e-02
1.6759166919e-03
1.1418124959e-01
2.3567156631e-02
2.1372115966e-02
-4.2568325682e-02
-5.1466201604e-02
2.5337924939e-02
-4.0964062537e-02
2.6890309937e-02
3.3795165184e-02
-2.3919911402e-02
5.7899089481e-02
-6.6721770665e-02
-1.9726012993e-02
-6.9768653720e-02
-4.9861301296e-02
-1.9441886509e-02
3.0397157842e-02
2.5304557791e-02
-6.1319116289e-02
-1.5954959357e-02
7.3220674581e-02
4.3633490321e-02
-1.8124135884e-02
-2.7499536186e-02
4.0979077912e-02
6.8061651205e-02
-1.3332184592e-02
9.3556903256e-03
9.8041254389e-02
-2.0425435433e-03
-8.6284959917e-03
6.4512362446e-02
1.8251705252e-01
-1.7370863812e-02
5.6925065165e-02
-5.7779236576e-02
1.7980841361e-02
2.0179790214e-01
-4.4448215462e-02
5.8260043970e-02
1.6950188458e-02
-2.7498237092e-02
2.3132318411e-02
-1.0797611040e-02
5.8649146858e-02
2.4913657276e-03
1.2344877257e-03
-5.5188937666e-02
1.0171043314e-01
-1.0459510706e-02
1.4569240261e-01
2.2199233537e-01
6.1053800797e-02
-4.6175497506e-02
2.6468286840e-03
2.9447838611e-03
-5.4097748872e-02
1.4483317838e-02
-6.0120456967e-02
1.5943586684e-02
-3.9434242918e-02
6.7131698349e-02
5.2045974551e-02
-3.0805099437e-02
7.3385797111e-02
-7.1212799221e-02
6.5853470189e-03
2.2327672938e-01
1.9704373394e-02
2.0223909371e-02
-1.3738481496e-02
-1.2586991902e-02
2.8195545700e-02
-5.8407635898e-02
2.0855461111e-01
-3.9238607525e-02
-5.2518310252e-02
1.3507299484e-02
6.2001857428e-02
4.2304903901e-02
9.2037210476e-02
2.7906627184e-01
-2.5901733025e-02
-3.3083259768e-03
6.6639337031e-02
-1.4420545887e-02
2.0432963028e-02
-4.5459848420e-02
-7.6965630880e-02
-2.7446020729e-02
7.4172048266e-02
-5.1149131264e-02
-5.1019858316e-02
-6.3659715832e-02
-5.6086202676e-04
1.0718526842e-01
-1.8419037697e-02
-3.6292277076e-02
6.1815081303e-02
-2.5018113856e-03
-2.2121407226e-02
6.5788549704e-02
1.1651714994e-02
-3.9441430787e-02
1.3304782672e-02
-8.8129149458e-02
-2.4047017222e-02
1.4220586796e-01
-1.2234301831e-02
1.7848962365e-01
6.3103706347e-02
7.5185779078e-02
-4.5475563286e-03
-5.4083097405e-03
4.2528143363e-02
1.3827103166e-02
-3.8283957033e-02
-6.7280906954e-02
8.6021903039e-02
-6.5345515487e-02
-2.4889078215e-02
8.2087831332e-03
8.0274714033e-02
8.0477642753e-02
3.9585381920e-02
-4.8815799288e-02
1.4970728577e-01
1.9237003845e-02
-1.3213570397e-02
1.9282804545e-02
2.8440682116e-02
-3.8868126838e-02
-7.4316588285e-02
1.2323257997e-02
1.2382414063e-01
3.2295359194e-02
-2.5865179789e-03
3.5797717168e-04
-2.3774455431e-02
-6.6040361453e-02
-4.0541363907e-02
-2.0933297147e-02
1.8354478906e-02
7.8717218638e-02
-5.5163286317e-02
-4.8313540718e-02
-1.6491042038e-02
5.1164638666e-02
-5.4469095268e-02
5.6593974178e-02
-5.5493986017e-02
-3.6268640094e-02
-7.3147995860e-02
3.1261562611e-02
-8.0496651818e-02
1.1484400209e-02
1.4249864692e-01
-1.9898171983e-02
-6.8379551306e-02
7.5790850249e-02
9.3800193895e-02
1.0507932510e-01
1.2332384855e-01
-6.2481446158e-02
5.9831581607e-02
2.9582136891e-02
-6.5298186851e-02
-2.0949638099e-02
-4.6037393345e-02
8.3442009349e-02
1.8596508587e-02
-4.9796039573e-02
1.0298238345e-01
2.3554123173e-03
3.1850158141e-03
-4.6304846607e-02
6.4021965306e-02
3.6104079157e-02
-6.5942383899e-02
1.5622718526e-01
-1.0505991287e-02
-5.7958947535e-02
6.8260356638e-02
-3.5102734172e-02
-7.7826492963e-02
-9.9244560374e-03
-4.2461261276e-02
5.3522318823e-02
7.0760647616e-02
9.2173578974e-03
2.0339515019e-02
7.6988508140e-02
3.0090814654e-02
2.3344979778e-02
-3.4558328620e-02
-5.4792323697e-02
-1.6141949506e-02
-3.3088580800e-02
1.3010644522e-03
-3.3778382964e-02
3.4480513567e-02
1.3337271345e-01
2.4746797568e-02
1.4166937126e-02
-6.2230991964e-02
1.4055276110e-01
-2.6602991568e-02
-8.0439948699e-02
-1.8251948047e-02
-4.7699024672e-02
7.0537009721e-02
-3.6413634750e-02
-1.5148785707e-02
1.1912146697e-02
5.1852359148e-02
1.3480300296e-02
4.0596025698e-02
-6.0316782937e-02
2.5045378314e-02
-3.7654105831e-03
-4.3674928101e-02
-3.4455638974e-02
-8.3445580847e-03
1.2492607543e-01
3.8118745110e-02
-6.3585302858e-02
4.7170959355e-03
-3.2955552056e-02
-5.6204347917e-02
4.1849782889e-02
-1.8058889371e-02
2.2702291881e-02
4.8445686244e-02
-3.6767485117e-02
3.2143294613e-01
4.0250379987e-02
-2.5142970093e-02
-4.7452236740e-02
-7.4583736050e-02
-1.5139687501e-02
-3.6683013857e-02
-2.6213649101e-02
-6.6365539734e-02
-5.1402344871e-02
2.0455488781e-01
4.1451451503e-02
-4.3303174097e-02
-3.8124194043e-03
8.2829251758e-02
2.6700980692e-02
4.4241463065e-02
1.4142132824e-02
-4.2039242279e-02
1.1374303098e-02
2.6536488381e-02
-3.6650857898e-02
-4.6786698362e-02
-5.2666113374e-02
4.3543045294e-02
5.8795836314e-02
2.8517364298e-02
1.8548444514e-03
-3.9564566913e-04
-8.1345537681e-02
-9.5979333345e-02
-1.0244030099e-02
-4.5420013221e-02
-7.3475691592e-03
-9.3814755721e-03
-7.2435075373e-02
2.7396770190e-02
1.6018005669e-02
1.5182028534e-02
6.4009008453e-02
-3.9036057059e-02
7.8292689771e-02
-2.6893272786e-02
-6.4779342695e-02
-5.4964417284e-02
1.2594847437e-01
6.5054465909e-02
6.7765552113e-02
-1.9152446077e-02
4.4166228654e-02
7.5756949555e-02
-3.5869560156e-02
-1.1509676967e-02
2.4999905238e-02
2.7202928480e-02
-3.0936126334e-02
-1.7472543095e-02
1.4432872384e-02
-3.1543246722e-02
-3.0426337902e-02
-5.8235782712e-02
1.4360370905e-01
-4.8931010708e-02
-5.9956778030e-02
-4.4957121097e-02
4.8249310606e-02
-1.6591768422e-03
-3.2720641032e-02
-9.5796844743e-02
6.3528942158e-02
-3.6021780627e-03
2.7390834977e-02
-7.0704743900e-02
6.6614995123e-02
-1.2877435283e-02
-6.9612484121e-02
-3.6365106779e-02
-4.4819215113e-02
1.7126870592e-02
3.7173064900e-02
-4.6686962236e-02
2.0315671484e-02
-1.6326974776e-02
-5.3887858332e-02
1.4604025307e-02
-6.6344619738e-02
2.3346621828e-01
-2.4451877397e-02
9.5245814672e-02
-2.1133752049e-02
-1.0958412416e-02
-4.0516053124e-02
-4.6977505733e-02
-5.9127328560e-03
2.2851360965e-01
2.3934356527e-02
4.8700327376e-02
6.6717912562e-03
-2.2534338173e-02
4.3687004011e-02
-6.8184474013e-02
-1.9611018113e-02
2.4977643685e-02
1.6602323982e-01
1.2357077511e-01
-1.8065507458e-02
7.7373912481e-02
-3.4845117435e-02
1.0344745875e-02
7.6563522883e-02
-3.4323326099e-02
-3.1932164928e-02
-4.6607082468e-02
9.1219666538e-02
-7.1014532555e-02
2.8409171435e-02
4.3725567934e-03
-3.8043411179e-02
1.3150329614e-02
2.5536920542e-01
1.2429494572e-02
-1.7488025306e-04
5.3912920755e-03
-4.2445622100e-02
-1.9032144182e-03
-7.5463236126e-02
-6.3422956756e-02
-4.8153181624e-02
-2.4294734540e-02
2.5194109044e-02
-5.9763374922e-02
3.0939339170e-02
-5.5447416051e-02
1.4227624753e-01
3.1095142568e-02
6.9259373337e-02
-3.8207792339e-02
-7.0552225026e-02
-4.5272257914e-02
-7.8211925725e-03
2.3891197072e-02
5.2763781111e-02
-5.9936584329e-03
-1.7089674110e-02
-6.7334085703e-02
9.8428785028e-02
-2.6379065430e-02
3.0149598460e-02
9.2096851150e-02
1.1807001488e-02
4.9202016210e-02
-5.6835305324e-02
-1.6928309394e-02
-4.0829474853e-02
-3.6802559877e-02
-5.2564716415e-02
-7.0128381150e-03
8.6377524639e-02
3.2827233502e-02
2.2644365145e-02
-4.6535873031e-02
-5.4422716672e-03
-2.5339386190e-02
-1.3781429967e-03
7.5467171038e-02
6.7790782393e-02
-3.9899838417e-02
4.8535215435e-02
-4.8730192060e-02
8.7301059882e-02
-5.2259884671e-02
4.9239634282e-03
-4.0223517331e-02
-1.1363270150e-02
-8.7956607069e-02
-5.5217827978e-03
1.1738338231e-02
-5.6174286822e-02
-5.1435319922e-02
-3.6746781974e-02
1.1854745483e-01
-4.3998066478e-02
-8.0551395841e-02
8.7833848343e-02
2.5294395904e-02
5.0020522952e-02
-4.2758888741e-02
-6.1500229610e-02
-5.3983568246e-02
-1.6216441805e-02
-4.4112845278e-02
-6.1132822308e-02
-5.9375187934e-02
4.0732087908e-02
2.3860756262e-02
-6.4518266889e-02
8.9558804935e-02
-2.4177173940e-02
-3.6937513211e-02
1.5872529779e-02
-5.9951038417e-03
-2.4041220818e-02
1.5728539224e-02
7.0541302490e-02
4.2424869824e-02
-4.5640365835e-02
2.9430804618e-02
-5.4309794673e-02
-2.1918991349e-02
-2.6853265550e-02
9.5156530151e-02
4.7505055728e-02
-1.0459378237e-02
-1.2726091133e-02
7.3804700687e-02
1.2905680802e-01
-2.3994824362e-02
2.8314922136e-02
6.1291281610e-02
-1.3691688789e-02
-6.1270856416e-02
-8.5780887054e-03
-3.6447466368e-02
-1.7731441027e-02
1.8652740111e-02
-5.3560011939e-02
-3.9567434507e-02
-8.4907699225e-02
7.5279954395e-02
-1.5323954255e-02
5.0108217166e-02
-1.4928415876e-02
-2.2839618664e-02
3.3901604642e-02
2.4660062487e-02
-1.4612401496e-02
3.8370850567e-02
-4.5121454297e-02
2.8808273995e-02
5.6494828548e-02
-7.6875934009e-02
4.4042764846e-02
-2.5932131422e-02
-5.4280704664e-02
3.7873346284e-02
1.0647838431e-01
-3.8362396409e-02
-3.9704792137e-02
-3.9300746379e-02
-5.8171772944e-02
4.1456899458e-02
-5.1186842392e-02
-4.6039477973e-02
4.3753070942e-02
6.9716134983e-02
-4.3257082687e-02
1.4979323967e-01
-4.0031779236e-02
-1.8583862099e-02
-6.0782246020e-02
-7.9795982423e-02
3.2168369227e-02
1.5638770769e-02
3.0776332464e-02
-2.5979822539e-02
-8.8563610995e-02
-5.2434646706e-02
2.2052699113e-02
5.5950076773e-02
-3.1785587630e-02
-5.2791950136e-02
1.0520137192e-01
-2.6861651004e-02
-1.1134458143e-02
1.8857603997e-02
7.9971348298e-02
-5.1744755560e-02
-2.5402296252e-02
5.4572844776e-02
5.2168216938e-03
-1.9802436427e-02
-4.5725613343e-02
1.4277653709e-03
1.0735234219e-02
-7.4394577079e-02
6.3333674190e-02
8.7180738502e-03
3.4421348075e-02
1.2460605695e-02
-1.5056069423e-02
3.9203625908e-02
-2.4334928722e-03
3.6614262166e-02
1.0453241617e-02
-1.4001744895e-02
2.3975801057e-01
-2.0606269919e-02
7.0816753135e-02
-6.4739431467e-02
7.5586834987e-02
-4.0213987364e-02
3.6613952899e-02
-5.7675742575e-02
-7.2080797786e-02
-1.6189662919e-02
-8.6829352743e-02
-9.8592645871e-03
5.4232699028e-02
1.5243248218e-02
-6.7069297305e-02
-6.0106288041e-02
-2.6628691085e-02
4.0627457626e-02
-8.0062651721e-03
5.7588051645e-02
8.5388885517e-02
-6.6901437818e-02
2.7500679162e-02
-6.9467724304e-02
3.1453998990e-02
-5.7729220408e-02
-6.6551531846e-02
-4.0146725985e-02
4.0149243352e-02
2.5178551073e-02
-5.3693729567e-02
-6.3932336595e-02
1.5191811291e-01
6.4670277882e-02
-4.4941007850e-02
-8.8776345083e-02
-2.4294853413e-02
9.1511413303e-02
8.7136519799e-04
9.4322271653e-02
4.2296696627e-03
-1.2295183310e-02
-6.6480614791e-02
1.6096000908e-02
7.4939083578e-02
-5.5134127413e-02
-5.1614870318e-02
-4.9796997444e-02
-4.6470609875e-02
-4.3562336186e-02
-3.2297245120e-02
-1.3560197949e-02
3.5879961774e-01
-5.5848949354e-02
-7.5027355522e-02
-4.7431696062e-02
-5.5701748670e-02
8.1705874737e-02
-2.5745516491e-02
-2.0086909774e-02
-5.6348984059e-02
1.6126197725e-01
-4.6101282285e-02
3.0569436548e-03
-6.4111037184e-02
-5.2407090440e-02
1.5826712383e-01
-5.4633775610e-02
-5.2151268102e-02
1.0632686053e-01
-8.5678206513e-04
-1.0467586869e-02
6.5874251654e-02
-6.1307716825e-02
6.0695929297e-02
8.3656210924e-03
-2.7316414711e-03
-7.3094730330e-03
9.5956584138e-02
5.7257356226e-02
-1.6446555694e-02
-3.3213453429e-02
4.0715421602e-02
1.4218675237e-02
-5.2697952553e-02
3.8215649497e-02
5.1836246713e-03
7.4539225095e-02
-3.9753191996e-02
-3.9722389145e-02
5.9784345537e-02
6.5811905502e-02
4.2649874329e-02
3.2820132910e-03
-3.6565349370e-02
5.3103212618e-03
-5.0310296417e-02
2.5216887203e-04
-3.8440359880e-02
-1.4139427334e-02
-7.8615104139e-02
-2.0726222653e-02
4.5910328410e-02
5.9278210337e-02
5.2847047393e-03
4.8759378221e-02
-4.3336713151e-02
-1.3074767694e-02
2.0281318195e-02
-2.5871734206e-02
-3.5259273860e-02
4.4978745133e-02
-1.7998548987e-02
6.9701423578e-02
-3.7175007495e-02
-2.3762233942e-02
-2.1488209832e-02
-7.6451915207e-02
-3.4639974496e-02
1.0875665636e-02
7.4181939755e-02
-9.6306010449e-03
3.5871545990e-02
5.0955666382e-02
-3.4500149430e-02
9.8299866109e-02
3.0609339650e-02
-2.6027022506e-02
2.1539251766e-01
2.3589917776e-02
-4.2740779708e-02
3.1866911460e-02
-5.0631718300e-02
-1.1508575695e-02
3.8568285033e-03
6.8409189732e-02
-9.2224800928e-03
-1.1659472327e-02
1.6618054925e-02
-5.2948811240e-02
-2.8736588197e-03
7.7857196454e-02
5.3746141753e-02
-7.6567821183e-02
-7.0964728301e-02
-9.0277509271e-03
4.0130503044e-03
-6.2113527015e-02
1.2386220251e-01
-6.2393486502e-02
-6.6265287055e-02
-6.6296387031e-02
2.4803530141e-02
3.0904450626e-02
-7.5962727338e-02
9.9888428324e-03
-8.5114297354e-02
2.8689793788e-03
3.7996028740e-02
3.8700447495e-02
-3.8802490570e-02
-2.1088585679e-02
-7.4520085469e-02
2.0764726280e-04
4.4694998647e-03
7.7310939665e-02
7.1603992736e-02
-1.3629108349e-02
-6.1156559198e-02
-4.8895351230e-02
6.0614599507e-02
4.7711382822e-03
2.0924562930e-02
5.3209065062e-02
1.9390185273e-01
2.6145534297e-02
-1.6559418910e-02
-4.8338699798e-02
1.3973267325e-01
6.1668426484e-03
-5.1261958348e-02
4.7485379851e-03
-1.0241617901e-02
2.6675142112e-02
6.5681142581e-02
1.0314905811e-02
4.7986247867e-02
-2.9050183028e-02
-1.2766921000e-02
1.2536022706e-02
2.4614133119e-02
-2.0284925658e-02
1.2770197499e-02
1.0383583316e-01
-2.4017119543e-02
-3.1521962031e-02
-5.4834633204e-03
2.9756700481e-02
9.6496605856e-02
-8.9543298333e-02
-1.2651029694e-02
-3.1780065504e-02
9.0715121412e-02
-4.9641476656e-03
-1.2028990418e-02
1.8837023088e-01
-4.2185366076e-02
-1.3624980449e-02
1.2298763075e-01
-3.4658934372e-02
1.1882634324e-01
8.6969370346e-02
2.6237154584e-02
-2.1372081673e-02
-6.6842734648e-02
-2.2501406298e-02
-2.3467494298e-03
3.1158310444e-01
-2.5629155682e-02
2.9196407078e-02
2.8190201071e-02
-2.0140285344e-02
-3.6035045571e-02
-4.9181330643e-02
1.2769828091e-01
-5.1248250730e-02
-9.6603532448e-03
-1.8854231983e-02
6.8232025588e-02
-1.2585576952e-02
1.0460150066e-01
-7.3247777021e-02
2.2306378624e-02
1.7155788197e-01
-8.9979959995e-03
-6.6500306306e-02
4.3661422243e-02
-1.9013227946e-02
-2.7554168724e-02
7.2498093353e-02
-3.0994060076e-02
-4.7950802572e-02
-2.0739520502e-03
-4.0945348029e-02
9.8154721193e-02
-3.8852215211e-02
5.1431369991e-02
7.5227488117e-02
-2.2021740138e-02
1.2762378563e-02
-2.2419141337e-02
-4.9366678932e-02
-3.6303340775e-02
-2.8629430920e-02
-8.0649227953e-02
-3.3756980211e-02
-6.8652297629e-02
-3.4785235718e-02
6.2732834214e-02
-1.5159614939e-02
2.8532556346e-03
1.8159003980e-02
1.1547198806e-01
6.1560503781e-03
2.5455452453e-02
1.1088682515e-02
1.7013391386e-01
6.1149796213e-02
2.6565875599e-02
6.6327836976e-02
-2.9373857146e-02
-2.7402031277e-02
8.5254177961e-03
-6.5724726507e-02
-6.1009898573e-03
-3.5849428613e-02
-2.5725250059e-02
-5.5956542828e-02
-1.7958473169e-02
-3.7187754138e-02
-3.0793772286e-02
-4.6533880226e-02
-3.8673543336e-02
-3.4754209372e-02
-1.6981026310e-03
-1.5374467741e-02
-4.9936581897e-02
4.6156221138e-02
-6.4350625123e-02
-1.3072528225e-02
-6.1335751585e-03
8.8295328890e-02
-5.5230024953e-02
3.4310218587e-02
-1.5908396729e-02
-5.8544282101e-02
2.9168001810e-02
-4.3184322237e-02
1.0568771969e-02
-1.3142159542e-02
2.4640199446e-02
2.9799271217e-02
-3.6450328775e-02
1.2375338577e-02
-3.5325766508e-02
-4.2127227425e-02
-9.2058677376e-02
-2.7870435522e-02
-3.2952037964e-04
-1.1024653932e-03
1.3117044563e-02
2.2982725788e-02
-1.1856473700e-02
2.7278182142e-03
-2.1233825660e-02
7.0759530262e-02
9.2152828416e-02
-8.2711162824e-02
2.0205118661e-03
-7.4900295649e-02
1.5786353573e-02
-7.5534320839e-02
9.7118780112e-02
9.9310516883e-02
4.3318420007e-02
-4.8095622016e-02
-1.0444647868e-02
7.0140455849e-02
-3.2746432895e-02
4.8714092327e-02
-3.3380080588e-02
5.1211614222e-02
-5.9217977011e-02
6.5387274983e-03
-1.8350635436e-02
1.0674685693e-02
-6.2574863507e-02
1.3486786965e-02
8.1190488589e-02
8.9456397202e-02
-5.3144174724e-03
3.8239332331e-03
-3.0824285733e-02
2.0952076962e-01
1.7890673430e-01
4.1172014955e-02
8.5653965690e-02
-4.9987113626e-02
-3.2968333488e-02
-7.1048713052e-02
3.0882703093e-03
2.1859155646e-02
2.3654179660e-02
-4.7200195098e-02
-3.0234494952e-03
3.3869041955e-02
-3.7030469104e-02
1.6830079899e-02
2.3208552020e-02
6.2827368110e-02
-5.0382873288e-02
-5.9812940945e-02
3.2124987306e-02
2.8548848435e-02
-2.3009927675e-02
-2.1927178146e-02
4.5303704920e-02
6.0797951841e-02
1.5112325976e-02
-2.0288968319e-02
-6.7803179779e-02
-3.2217766367e-02
-5.8530290800e-03
-5.7087587980e-02
-3.4169399753e-02
8.0467178888e-02
1.6355179092e-02
3.7640987542e-02
7.9197051526e-02
2.0193542437e-02
-2.2787219354e-02
5.2390088720e-02
1.2618097278e-03
5.3238376931e-02
-8.6282951777e-03
6.6942211428e-02
-1.4731937502e-02
-6.3095874541e-02
9.2088117808e-02
5.1717718087e-02
-3.1297887799e-02
1.0227848352e-01
-7.0649323731e-03
5.5609639843e-04
-9.9395563869e-03
1.0220337249e-01
1.1128113596e-02
-2.3788808060e-02
1.4973894244e-02
-5.2307145016e-02
2.3592682875e-02
-9.7332717901e-03
1.2617522308e-02
-1.6604309974e-02
7.2833382238e-02
1.1606261778e-01
-6.7276046993e-02
8.6181496603e-02
-5.5564981629e-02
-6.5972321398e-03
-5.8018710333e-02
-2.1603800737e-03
-6.6547610105e-02
9.7637003288e-02
-1.9839967181e-02
-5.8044310894e-02
-5.6237273833e-02
-3.5923471464e-02
-5.3630535953e-02
1.6133664298e-01
2.8339814488e-02
1.0269532795e-01
2.6013446426e-02
1.8700199235e-03
-3.8129409201e-02
-3.5716177126e-03
-1.0448741339e-02
3.5376852801e-03
1.5715212184e-02
7.6043739366e-03
-4.0131832983e-02
-3.0576242308e-02
1.2112303296e-02
-4.4978265642e-02
2.6753087775e-02
-3.0992776285e-02
-5.8526816963e-02
-5.9573547792e-02
-4.7201211565e-02
-9.5139968251e-02
1.0132248561e-02
-4.6567854143e-02
-2.0394858952e-02
-6.1934204296e-02
-6.4793029803e-02
2.0181765007e-02
4.6388903349e-02
1.0357499062e-01
-5.1044579359e-02
3.2575204551e-02
-5.6791225584e-02
-2.8038808749e-02
3.5958188690e-02
8.2273937697e-03
2.2999901645e-02
-5.8975113428e-03
-4.4870412283e-02
-1.0775605885e-02
1.9346638653e-02
-5.4915922512e-02
-2.3441583367e-02
-2.5581753399e-02
-1.0863266835e-02
5.8466586656e-02
2.8171318834e-02
-7.3988083574e-03
-5.1088174303e-02
1.1427931687e-02
1.2813907497e-02
-6.3482239976e-03
-6.2405271879e-03
1.3825512941e-02
-5.8895245887e-02
-4.5519174088e-03
-8.5761392325e-03
-2.1294435069e-02
2.3122573633e-02
-2.1163356578e-02
-3.4883188203e-03
1.0537801596e-01
1.2788729632e-01
1.1211690902e-01
3.4362727636e-02
5.0073916498e-02
-5.3130097882e-02
-2.0496439418e-02
-5.7125888603e-02
5.8204042438e-02
-2.9099469749e-02
-1.1549026589e-02
6.2072494893e-02
4.9633426913e-03
-4.9935771883e-02
-3.8976883951e-02
-7.9459501570e-03
-3.1374185548e-02
-2.1104970692e-02
-6.0427334400e-02
-5.3161461164e-02
-6.6225253838e-02
-2.0279097180e-02
7.3457345873e-02
-4.1165596425e-02
-3.1369326890e-02
-8.8402294012e-03
1.0334307204e-01
-8.1617271723e-02
3.5754191961e-03
-5.8848404667e-02
-5.0090843683e-02
-2.4936152635e-02
-2.5239409060e-02
-2.8049481019e-02
4.1190956934e-02
-2.6650796424e-02
2.3312162129e-02
2.2748006728e-02
-3.2146643219e-02
-4.9815253138e-02
1.2273430324e-02
-2.6419711166e-02
5.0814270062e-02
7.3603031034e-03
-4.9935887181e-03
1.4150741461e-01
2.9147180439e-04
-6.3446713467e-03
-2.8114856066e-02
-5.8425500941e-02
-6.5158608382e-02
2.9784254623e-02
-8.4079094572e-02
2.5128856352e-02
1.4890857553e-01
1.8609813884e-01
-3.1693978859e-02
4.6496421701e-02
9.9418427811e-02
-3.6926558476e-02
-1.4989355450e-02
4.1837937716e-03
-6.6932949245e-02
-2.4920670234e-02
8.7040456416e-02
7.7701386689e-02
-5.6508820708e-02
-7.7802092155e-02
1.0811869172e-01
-1.6108367730e-02
7.9209165136e-02
-1.9842765316e-02
-4.0533581918e-03
7.1213908998e-02
3.0399195904e-02
5.0128442816e-03
6.2892780232e-02
-6.1088431776e-02
-4.1718525479e-02
1.8925379665e-02
8.9621677414e-03
4.0367120392e-02
8.0695483648e-02
-5.3525351239e-02
-2.7162473115e-02
-6.1879000712e-02
-8.7793253738e-03
1.0305106095e-02
-1.1763189884e-02
-5.9731964543e-02
-4.6261041379e-02
1.8366229917e-02
-4.9730281077e-02
5.0477110831e-02
1.7059302714e-02
-3.4498264878e-02
-5.2847497737e-02
-4.4600081585e-02
-1.4883992587e-02
2.9821233838e-02
-5.1556964284e-03
1.3928715396e-01
-3.3225435357e-02
-3.1912052963e-02
-1.6214125680e-02
6.4799244386e-02
-5.4465019897e-02
-1.1766676413e-02
1.4537626827e-03
3.8207302277e-02
-8.1122550935e-03
6.8147985593e-02
-7.1913167520e-02
-1.6656292308e-02
1.7485196689e-02
-3.3089633136e-02
1.3363923851e-01
1.2191790434e-02
-1.2841929703e-02
4.7639822601e-03
2.6392542790e-02
-3.3917007747e-03
3.4497689088e-02
5.1926671946e-02
-2.5529664525e-03
-3.5980761145e-02
-5.3665922434e-02
-9.9090854855e-03
-1.2310218572e-02
7.9816606517e-03
1.1247911300e-01
6.4280017273e-02
9.1975538075e-02
-3.2946187881e-02
-2.3286465944e-02
-2.2183556535e-02
1.8901513001e-02
-6.6230716870e-03
1.6470079001e-02
-2.8889527300e-02
6.2851927501e-03
-4.5279537287e-03
2.4012827562e-02
-4.5948264446e-02
-2.2565278762e-03
-5.4637667848e-02
-3.2322219765e-02
1.2901090506e-01
-2.3438908413e-02
7.5111439867e-03
2.7600032940e-02
3.7338109293e-02
-7.7394178040e-02
-4.2371058985e-02
-7.6883065159e-02
1.2781732678e-01
4.9998163351e-03
-6.4250117115e-02
-1.9798760594e-02
1.5110802232e-03
-2.1833908275e-02
-9.0180012352e-02
6.9404021387e-02
-5.0088213538e-02
5.2106296167e-02
4.9726961203e-02
-4.1783969274e-02
2.6453032364e-02
2.7970586143e-02
-1.2518673975e-02
3.9315642581e-02
-5.3943979122e-02
-3.9365182880e-02
5.3887249185e-02
3.2428835536e-02
-6.7903705079e-02
2.4219021320e-02
1.0345182161e-02
3.3132340383e-02
-6.8150780850e-02
-6.6811952184e-02
-3.5504146452e-02
2.8169562330e-02
5.3690033315e-02
-8.6367002927e-02
9.6800465932e-02
-3.6226950307e-02
-7.8082206487e-03
3.2748152721e-02
-1.5283964392e-02
-1.3449728852e-02
-9.9831655932e-03
7.8282484033e-03
-5.1994253553e-02
9.5437081454e-02
-9.3478996834e-03
-2.6966659406e-02
-1.0496044523e-02
-5.3614534487e-02
-1.3288936314e-02
6.0448864227e-03
-1.5520661580e-02
-4.9403503107e-02
-6.2858905617e-02
3.3326281695e-02
-1.6397249857e-02
1.3868045896e-01
-3.8466174133e-02
-2.6584575759e-02
-7.5411635110e-03
-5.6296111023e-02
6.4734317480e-02
-2.9585707444e-02
2.4520609545e-03
-1.8411663757e-02
-3.6888381989e-02
-2.0743182262e-02
-7.4895157364e-02
-1.7357491382e-02
-2.5589831052e-02
-6.4984872656e-02
2.1948163452e-02
-7.3956866194e-03
5.8129250951e-02
3.3635938678e-04
-5.6865830918e-03
3.5322337055e-02
-3.5292186168e-02
5.8117678188e-02
6.6622934856e-02
4.0417053859e-02
-4.0920404373e-02
-3.5913819257e-02
-4.1995328662e-02
-9.4807794648e-02
3.6068486323e-02
-2.1477376977e-03
-5.4593565658e-03
6.7707163036e-02
-1.7379715092e-02
-5.3757267635e-02
8.2462089317e-02
-2.5554667374e-02
1.4077546208e-01
8.4334991103e-02
-3.5992558199e-02
-8.1705411353e-02
-1.3172029888e-02
-4.4153942906e-02
2.0512026412e-02
7.9040016034e-02
-2.9047107122e-02
-5.1937331413e-02
1.4975916023e-02
8.6686709729e-02
-6.4548097203e-02
-2.9072132289e-02
1.1699904917e-01
5.0274652605e-02
6.0360268894e-03
-4.2844643660e-02
-8.0426273663e-02
-6.1189949365e-02
1.3915468518e-01
4.9936746166e-02
2.3541792826e-01
3.3306069895e-03
7.5910036797e-02
1.1865388569e-01
3.2294934736e-02
1.2034842196e-01
-1.1077877984e-02
-4.4132244080e-02
1.0127042180e-01
-6.6967238775e-02
-3.7562524662e-02
1.1464251322e-01
-7.1921926691e-02
-8.8502244262e-03
-6.8663415787e-03
-2.9096394174e-02
-5.9927942124e-02
-1.9946066860e-02
6.7547624033e-03
-2.1286541566e-02
1.1531584178e-01
2.7151823003e-01
4.8968626188e-03
-7.6770656467e-02
8.4401930670e-02
-6.4660907282e-02
6.1986267862e-02
1.0983552759e-01
-1.0328602699e-02
-2.4661595586e-02
6.0120478422e-02
-4.3964354635e-02
1.4730096275e-02
-1.5158916939e-02
2.6333939716e-02
1.0603182432e-01
1.7323107595e-02
6.6640162852e-02
-7.0111019722e-02
7.9318751182e-02
3.2720240362e-02
-5.0930652669e-02
5.9187028460e-02
2.1615468525e-02
1.6648279636e-01
-3.6531253113e-02
-1.5610404396e-02
3.1457625014e-02
-3.4902233426e-05
-6.4527005597e-02
-8.8725312120e-03
-5.7406511954e-02
-4.4529028502e-02
-3.7974886740e-02
3.5399547616e-04
-5.8664750386e-02
1.9348794691e-01
7.9279771946e-02
1.5167842533e-01
4.1315154989e-02
1.3056952188e-02
-3.1017567158e-02
-8.0591719249e-02
-5.6945463850e-02
-3.4293046115e-02
-4.3153972021e-02
9.4098666746e-02
7.6442742902e-02
-7.8516654574e-02
-4.0133759445e-02
2.3782920305e-02
-4.8254026598e-02
2.3864541292e-02
-2.9299685022e-02
-4.5190996166e-02
5.8007349692e-02
1.5885449545e-02
6.7499832285e-02
-1.1266746002e-02
-3.7758975965e-02
4.0675607808e-02
-2.7507713357e-02
1.5264028463e-02
-3.9938369965e-02
7.7320023009e-02
-3.6479267567e-02
7.7657245673e-02
2.2103987411e-02
-3.5673095145e-02
1.0288283620e-01
-2.9363207824e-02
3.7228717334e-02
-6.7894913535e-02
-7.0836272234e-03
-2.5733367198e-02
9.0933866469e-02
-4.7681858987e-02
-1.4394013453e-02
5.2910256623e-02
1.1058601077e-02
-7.5492769472e-03
-1.4868086161e-02
-6.5310689703e-02
-9.0702892103e-02
-1.4808553308e-02
-4.4842334448e-02
4.8413232139e-02
-2.2011941329e-02
-5.9062113396e-02
-6.5911112725e-02
2.2572982979e-01
4.4150581902e-02
1.3059408831e-03
-3.2773753984e-02
-1.8329792968e-04
2.7895953085e-02
-2.4496384766e-02
-4.6038516856e-03
1.0121123210e-02
1.7161361239e-01
2.4246078157e-02
4.8717214718e-02
3.1835140569e-02
1.2098734637e-02
1.4185930566e-01
6.3635709314e-02
-2.4070191161e-02
-5.8679739028e-02
-9.7097948999e-03
-4.6425838761e-02
3.2752292730e-02
-3.0623079496e-02
4.4943337124e-02
9.8811670469e-03
7.3755659919e-02
3.0608509787e-02
-5.9767849557e-02
-6.8865119699e-02
-9.1539649307e-03
-5.8398471109e-02
4.8780050901e-02
-2.0636114978e-02
1.3692141844e-02
-5.6093720628e-02
1.0470499987e-01
-5.9658012238e-02
1.1806436794e-01
-1.3076364973e-02
2.8583058235e-03
-4.7314441169e-02
1.7030069402e-01
1.2044453479e-01
-7.8284026555e-03
6.2429813734e-02
-1.9956316379e-02
3.0870617843e-02
5.5636459443e-02
9.6153069023e-02
-2.4746326069e-02
2.0715498395e-02
9.0164216000e-02
-6.3691495020e-02
8.6036144262e-02
-7.3819635070e-03
-1.8515818036e-02
-3.6982304251e-03
1.4459991047e-01
-2.2538987048e-02
-4.4236689593e-02
-1.9407341993e-02
-7.7000438856e-03
8.5129789417e-02
5.9153208757e-02
1.0509614919e-01
-3.3629770028e-02
-6.5076010720e-02
2.1015818881e-02
1.7501225998e-02
-1.7403600448e-02
1.8132796986e-02
-2.2030650450e-02
3.4331222901e-02
-2.9951363475e-02
1.7394469329e-02
-1.5963282773e-02
1.0930423765e-01
9.8356052469e-02
-4.7424497487e-03
-6.7583197805e-02
9.6471465732e-03
4.2180859755e-02
6.0580965704e-03
7.3922391070e-02
4.4161866947e-02
-1.9643565797e-02
4.2497321673e-02
8.7786638873e-03
2.2480683716e-02
-5.3692999363e-02
-5.2978255332e-02
-1.4404354066e-02
1.0092902195e-01
7.5310066643e-02
4.0870675007e-02
2.4784250602e-01
7.9054592709e-02
7.0503353069e-02
-6.7321060210e-02
2.9291391072e-02
6.7379312035e-03
-9.4575389694e-03
-3.6737891770e-02
3.5993170684e-03
-2.3027913392e-02
9.9020952773e-02
-4.8809435243e-03
2.7048043610e-02
-8.0127952978e-03
-4.3881454573e-02
5.5768626783e-02
-3.6121115824e-02
4.2067036040e-02
-5.7489953978e-02
1.5870965207e-02
-1.9403766545e-03
-5.8828051071e-02
-5.2776604491e-02
5.2176583710e-02
3.1595728677e-02
-2.5623415015e-02
6.8214998963e-02
-7.0252246975e-02
-1.2369342572e-02
1.4181209271e-02
-3.0102781526e-03
7.5691629128e-02
-2.2555552080e-03
-2.7451355539e-03
-6.5381550773e-02
-4.6192388309e-02
-4.5446914387e-03
9.8178157060e-03
6.9077948783e-02
-4.3849861728e-02
-3.9633301880e-02
-3.7010840067e-02
-6.7508715528e-02
-4.3520091287e-02
-4.3605012331e-02
-4.7437609280e-02
5.1212730534e-03
-7.9170301707e-02
-5.2648725202e-02
-6.3653014392e-03
1.8790786009e-01
5.9949721222e-03
1.4088805812e-01
1.1185154174e-01
3.9695098092e-03
4.0696016906e-02
6.9789299586e-02
-4.0822353435e-02
-3.6229944244e-02
-3.0430797065e-02
-3.6690840956e-02
1.0130900130e-01
4.1597892983e-02
3.9358075212e-02
-5.0834752749e-02
-2.4812023075e-02
-2.4621917290e-02
1.8369574032e-02
1.3904739807e-02
1.6264266778e-01
8.4962482656e-02
-1.2695196409e-02
1.0979657870e-01
-3.7317839669e-02
5.9925814448e-02
2.3154386206e-01
-1.9505105276e-02
-2.2150818275e-03
5.6500733844e-02
2.0799827755e-02
-2.3744034918e-02
-1.3791982083e-02
5.7699747690e-02
3.4467555602e-03
-1.7196538771e-02
-6.4853744967e-02
-2.9217984829e-02
2.3315526979e-02
9.4350585917e-02
4.1748379380e-03
3.4467401955e-02
1.7184692258e-01
-1.5391369543e-04
-3.5297821531e-02
5.2580892432e-02
2.8606929610e-02
-8.2003902494e-03
7.2940155357e-03
-2.9394268805e-02
-3.3054618874e-02
-2.8478545721e-02
1.3955639087e-02
-6.2245616910e-02
-3.6539952328e-02
5.9594893472e-02
1.0843907556e-01
4.1470188778e-02
4.3580980019e-02
-1.0722295730e-02
-8.5099615010e-02
-5.0868302696e-03
-3.0542447663e-02
-3.7581482533e-02
-1.7033972127e-02
4.2017450113e-03
5.8517118707e-02
1.5073788095e-01
-2.9537812362e-02
-7.5132955265e-02
1.3132493596e-03
1.1429037080e-02
-6.5212936815e-03
-4.1438130328e-02
-2.9065987962e-02
-2.3138864786e-02
-1.4245865286e-03
1.0006157701e-01
-4.7822003170e-02
-4.1952991521e-02
-5.3823657464e-02
-7.2763194013e-03
-1.6339479849e-02
-6.6102467847e-02
-1.4346355171e-02
8.3618020115e-02
3.1905865709e-02
1.3519451658e-01
-4.6307312946e-02
-1.9254774295e-02
4.5381489702e-03
8.4711988777e-02
9.1240208516e-02
-5.2032933215e-02
7.7930745122e-03
-6.6473007721e-03
-3.2170771531e-02
2.7044136602e-02
-4.3149013368e-02
1.7325121135e-02
-9.6684301390e-02
-6.6611451742e-02
-6.3144604866e-02
-3.8327730899e-02
-3.6079382916e-02
-2.0895184176e-04
-2.2633802048e-02
6.1223789644e-02
7.2961665302e-02
3.5031871796e-02
-6.0865845731e-02
-3.7959917164e-02
-1.1515116645e-02
3.0468720667e-02
-6.2211145467e-03
-4.6479323242e-02
-2.6024241162e-02
-4.9988898943e-02
1.9958713947e-01
5.3046718651e-02
-1.0119073114e-02
-3.8264591690e-02
8.4291040218e-02
5.6841166848e-03
-3.4375145768e-02
-8.8774015765e-02
-1.9184161128e-02
-2.8415112728e-02
-4.5049981919e-02
1.1832913958e-01
-6.1901163127e-02
-1.7939937695e-02
1.8605182831e-01
-7.1205167441e-02
-1.0491629963e-03
-4.4785471402e-02
2.0808757067e-02
-8.6903849698e-03
-6.7294959161e-02
-6.7842920905e-02
-1.9539619326e-02
-3.0478140982e-02
4.1403997825e-02
7.5906958274e-02
-4.6450175917e-02
-4.8061691889e-02
-4.0286615195e-02
2.6456658507e-02
6.6050674141e-02
-1.0560513734e-02
-4.3318870449e-03
-4.9370584883e-02
-2.1170194095e-02
-1.9535030593e-02
-3.7787170268e-02
3.5677311243e-02
-3.7333728028e-02
-1.3372866400e-02
2.9536947812e-02
-2.6681651420e-02
-3.4883329683e-02
6.2861841810e-02
1.4345654595e-01
2.0774905266e-02
1.1969651215e-02
-4.4398003437e-02
-7.1868356103e-02
9.3841926727e-04
-3.7825406482e-02
-3.7831054124e-02
3.7526578990e-02
-1.3050579796e-03
5.2347013826e-03
-4.5978067363e-02
8.2664664991e-03
-5.9454503858e-02
-2.6008328162e-02
-3.9011683485e-02
-2.8607487430e-02
-3.9927010765e-02
-2.6648173376e-03
-5.8753498991e-02
-1.7354814160e-02
-4.3800397857e-02
3.6427289553e-04
2.4900025710e-02
8.8927088663e-02
-3.4921528351e-02
9.3491188227e-03
-3.0465111002e-02
2.4009256370e-02
5.6964304185e-02
7.3431440463e-02
1.0412432905e-01
7.5550553267e-02
-1.4854062126e-02
-4.3415108864e-02
6.4388657727e-03
-3.4101109283e-02
1.6348287520e-02
-1.4670033276e-02
-2.4863737563e-02
-6.6418542094e-02
-2.2068478362e-02
-7.6019340751e-03
-4.4158173740e-03
1.4564924460e-02
-6.9535426411e-03
6.6496631327e-02
-9.0171850157e-02
-2.0518709641e-02
-4.0419883511e-02
1.6862074614e-02
-6.2268794687e-02
1.9077328669e-02
2.9206909259e-02
4.6852645602e-02
-8.6573188396e-03
-9.2076515019e-03
-1.2546948448e-02
-5.3337983758e-02
-1.3424661547e-03
-7.2904673868e-02
-3.5697757703e-02
-3.4279782682e-02
-1.0558417065e-02
-5.8296725820e-02
-2.6149784270e-02
-5.3255106691e-02
6.6392721538e-03
-4.4183283540e-02
4.9895337321e-02
8.1775101479e-02
2.2805613383e-02
-6.2341861905e-02
-6.4507426540e-02
-3.3352808777e-02
-1.9232450490e-02
-5.7547236222e-02
6.8835829031e-02
3.2941405753e-02
-5.6019096431e-02
-1.7965253250e-02
4.3336429792e-02
-1.4767134388e-02
8.2477060603e-02
-9.0699887125e-04
-8.3827969435e-02
8.7559100968e-03
-2.6749715085e-02
2.4952335468e-02
-3.8317129594e-02
-5.1907952776e-02
-1.5657126939e-03
3.0430014549e-01
2.4428308446e-02
-5.0319309931e-02
6.9580242708e-02
6.5529644950e-03
-1.9854160762e-02
-5.4279914293e-02
4.0649197313e-02
-3.6305204929e-02
-6.5458256927e-02
-3.0448543791e-02
-8.7034212577e-03
-4.4864194946e-02
-6.5467667218e-02
-3.7006415976e-02
6.0766240630e-02
-1.0822450513e-02
-2.0612110035e-02
-3.3875019163e-02
1.7740780299e-02
-3.0040294678e-02
-2.8202682667e-03
-1.1585440525e-03
2.6754483460e-02
-2.1983453312e-02
-3.3512772986e-02
-4.2545819304e-02
1.2832538150e-02
3.4959664554e-02
-1.0848075214e-02
5.8801579827e-02
2.3178191246e-01
-7.0311519092e-03
7.3804431545e-02
3.9881820873e-02
-1.8855732086e-02
-4.4113847696e-02
-9.0522943991e-03
-3.5096045893e-02
3.9869704185e-02
1.3709683105e-01
1.9204599435e-01
-6.5921428435e-02
1.1264621044e-02
-4.5953855414e-02
-4.6816258093e-02
-6.1856822262e-02
3.8461979871e-03
-3.9965621649e-02
2.7133632460e-02
-6.2766780081e-02
1.6163245595e-02
-4.4673805842e-02
-4.3083312362e-02
5.8295985542e-02
1.6193888182e-01
-3.5278932392e-02
1.1117663384e-01
-3.5859182099e-02
-9.9879642602e-04
-7.9725156007e-02
8.9866682838e-02
-1.2734909156e-02
-2.5089752741e-02
-5.7648606366e-02
1.0184504970e-01
1.4342474166e-01
-1.0918288047e-02
-2.7671691745e-03
-8.6869937754e-03
3.7386695319e-02
-5.6399332916e-02
-3.5819406034e-02
5.3007639588e-02
-1.0868956736e-02
-7.7880273487e-02
-6.6879502196e-02
-3.9389737652e-02
-3.5607208686e-02
-3.5326394254e-02
-7.9706074663e-02
-2.0885637895e-02
-5.6627937512e-02
-4.5360551072e-02
1.2871719159e-03
-2.5101547730e-02
3.7598179687e-02
-7.8102327092e-02
-1.9208690105e-02
-7.8915396174e-02
-4.1109718185e-03
-9.5286068163e-03
-4.3847886871e-02
7.1647100125e-02
-2.4348110139e-02
-3.4355657974e-02
-3.3151579614e-02
-3.2836346439e-03
2.3279716863e-02
-4.4900697973e-03
-4.6142468301e-02
4.6435733516e-02
-8.3002828136e-03
-9.8954428927e-03
1.1125067110e-01
6.5500218095e-02
4.3691988591e-02
-2.5413414002e-02
2.0191600387e-02
2.1496820108e-02
-4.5124088005e-02
1.0878512433e-01
-1.2581695574e-02
8.2747811890e-02
4.3194653651e-02
-1.2384537221e-02
-1.2812480776e-02
-2.4928226685e-02
-1.9581338338e-02
-9.3237498222e-02
-6.1683664253e-02
-5.9627441649e-02
1.0192931393e-01
3.8779910625e-02
1.9861876494e-02
-5.6305261504e-02
2.0004788647e-02
-2.6220313699e-02
4.4574243421e-02
1.2054087628e-02
6.7113302846e-02
-4.7886553826e-02
-6.2022377499e-02
-3.5317571716e-02
1.4424059564e-01
-1.6257218588e-02
-7.1495438800e-02
-5.3826282569e-03
-6.1072140608e-02
-7.6390004161e-02
3.5681746729e-02
9.1069110557e-03
3.2934383963e-02
-4.4904027871e-02
4.7580596997e-02
-5.2388493058e-03
3.5023645016e-02
-5.5618727141e-02
-1.6885881406e-02
5.6363516052e-03
-2.8339113381e-02
-1.3446403479e-03
-4.4144208912e-02
-1.6518391874e-02
8.4402440885e-03
-7.9779382646e-02
-4.8370160088e-02
6.7197635957e-02
-8.8186088883e-02
-1.9364799941e-02
-1.8804541299e-03
-2.7362188954e-02
-3.9833885104e-02
2.6430581737e-02
-6.0503157594e-02
-4.5923341474e-02
1.1257268634e-01
-2.8688562549e-03
-3.9051889398e-02
-1.9380187361e-02
-6.5644928835e-02
-5.3394511859e-02
-3.6158409195e-02
-6.5353508636e-02
1.2056428928e-02
1.3607291786e-01
-5.1087423886e-02
-1.4285192517e-02
-3.3474597930e-02
-1.8427776060e-03
-8.1547871502e-02
-4.0897413139e-02
-1.8557474093e-02
-7.3269224275e-02
-7.4500949647e-02
-6.2884973197e-02
-4.4553659604e-02
-8.3904365207e-03
6.4181432626e-02
-1.5111911321e-02
1.1063646051e-02
8.8370955256e-02
2.2160833635e-02
-1.5434679210e-02
-1.6498113670e-02
3.2749674120e-02
-5.7970828859e-02
1.9673722977e-02
5.3844577428e-02
2.0816909790e-02
3.5111780428e-02
-5.3353638107e-02
1.7494649912e-02
7.1538158468e-02
4.8003525776e-02
-5.3854819099e-02
2.3907113067e-02
-6.1793771386e-02
-1.7281798956e-02
8.6356570448e-02
-3.4759500665e-02
-5.0963325000e-02
-3.9431368392e-02
-2.1721895033e-03
-4.3151568898e-02
6.0875845158e-02
-1.1917910464e-02
-1.2814854390e-02
2.6215009088e-02
-4.6355208104e-02
1.9164015037e-02
5.1758469236e-02
4.0661592179e-04
-2.6895515571e-02
2.7001080930e-03
3.3673266212e-02
-4.8641080191e-02
2.1599485735e-02
-3.8387063804e-02
7.7107005661e-03
1.0688805326e-02
-3.6120836142e-02
-4.1575713352e-02
-1.9982664846e-02
-4.1528203780e-02
-2.1593998677e-02
-1.7735890635e-02
8.7578297599e-03
-6.8471447142e-02
-3.2814787920e-03
-3.2795612128e-02
-7.1271453751e-02
-3.3899412592e-02
2.5066058346e-02
7.5812490408e-02
-4.3879606680e-02
-6.4600632268e-02
-1.9547531231e-02
7.3823369985e-02
4.0205659006e-02
3.9290075348e-02
7.1787761237e-03
-6.3904043329e-02
-5.5663952884e-02
-3.4667576551e-02
-4.6060932037e-02
-5.9444077613e-02
5.4257866289e-02
-8.8091393652e-02
4.5169290716e-02
-5.1881107410e-02
-4.3095492575e-02
1.0806591342e-01
-4.4930941927e-03
-4.4376439827e-02
-2.5352058721e-02
3.5951063617e-02
-3.5047944377e-02
-4.5813129895e-03
1.0387225512e-01
-6.2789475790e-02
1.6428049693e-01
1.7444751127e-02
-5.6417033432e-02
-2.9767450371e-02
-2.7196278325e-02
-1.4189864598e-02
-3.8322470449e-02
9.6871303823e-02
1.5302475669e-01
-6.8868512454e-02
3.1755525020e-02
2.0205720522e-02
8.9813071925e-03
3.0650158715e-02
3.4293582159e-02
-9.8136783320e-03
-5.0005734567e-02
1.0159900422e-01
2.2413311757e-02
5.0024932475e-02
9.3409463731e-04
9.6168747833e-03
-1.8262455777e-02
8.5911543358e-03
1.0051530835e-01
-9.7838389518e-03
-5.5169293211e-02
2.2201235292e-02
3.0028784278e-02
-5.3401773134e-02
-3.2736567283e-02
-7.8606606951e-02
-3.0194425302e-02
-4.7454547156e-02
9.4364189467e-02
1.4265320601e-02
-2.0031847623e-02
1.6413005553e-01
-6.2210951407e-02
-3.3497859333e-02
-3.8544650804e-02
-2.2097228849e-02
-3.2327589052e-02
7.6018292761e-02
1.1228540439e-02
7.8378005710e-02
5.2192615968e-02
-2.6905193954e-02
1.1911165621e-02
1.3262993083e-03
-4.2477129745e-02
8.2779922569e-02
-1.9122609561e-02
2.1574710840e-02
9.4626813858e-02
-4.9177891340e-02
-8.0957740713e-02
6.3834865239e-02
1.6365560671e-02
-1.9494225956e-02
6.9449323722e-02
5.3960887120e-02
4.4434132306e-03
7.0880470672e-04
5.9262723012e-02
-2.8556649261e-03
-3.7378807189e-02
-2.1905939063e-02
-7.3564278158e-03
-2.3360606253e-03
-2.9957632501e-02
-5.3836525157e-02
-4.6291796893e-02
-2.7783828527e-02
2.9342282306e-02
-2.2791275264e-02
-1.9567402947e-02
-2.5869953399e-02
9.8225724898e-02
-2.0754894600e-02
-3.9524891927e-02
-1.4190721719e-02
-6.7179834926e-02
1.0634909347e-02
-4.3319461786e-02
-5.4865077078e-02
-4.4135286692e-03
1.0831685229e-01
7.1823893575e-03
-8.0377580415e-02
9.0721138507e-02
-3.6940573626e-02
-1.1113113124e-02
1.6711348040e-01
3.6485568497e-02
-6.4001055601e-02
5.1960257862e-02
-5.1051196740e-02
2.5944934080e-02
-7.3758851928e-02
-3.8072218431e-03
-1.7738208211e-02
8.0032873716e-02
-5.2369188022e-02
-5.1257900271e-02
-4.4502156724e-02
1.4012044715e-01
-6.5111072654e-03
-5.0529789481e-02
-5.7521767035e-03
9.6601304639e-02
1.5761692293e-01
-1.4614052990e-02
-2.5221464744e-04
-1.7064814960e-03
-6.5095885248e-02
-7.3450938026e-02
-6.9703070013e-02
6.6555079606e-02
-6.4597794061e-02
-5.8610016060e-02
-6.1729178943e-02
-2.0381550352e-02
-2.2701005727e-02
5.4697781620e-03
7.8679776813e-02
-4.0451828552e-02
-3.2887828819e-02
-1.6089682169e-02
-2.3445652733e-02
-3.0640445081e-02
4.0273897559e-02
-4.9373492824e-02
1.0909039557e-03
-6.3983125279e-02
-2.5039670270e-03
-6.9762576562e-02
1.1550605222e-01
-2.4300221191e-02
-5.6234651188e-03
1.2688695520e-02
2.9964360953e-02
-3.3843639426e-02
1.6080319100e-01
-8.4605864832e-02
5.3237048732e-02
-8.9631568457e-02
-5.2462533096e-02
3.4240523508e-02
-4.1110401611e-02
1.4798403564e-02
1.4083724468e-02
4.8423487352e-02
1.1395937617e-02
-6.6094635322e-02
9.1672252429e-02
-7.2377283984e-03
-1.0707266344e-02
-6.7469409085e-03
-3.6834821567e-02
2.8399033803e-02
-3.6634360552e-02
1.0419583398e-02
2.8796097954e-02
-5.5007106803e-02
-3.0603225100e-02
-5.2981177994e-02
2.9859872403e-02
-4.1207079321e-02
-4.0328105955e-02
-4.2204086982e-02
-2.6781047256e-02
2.8628894976e-02
1.4112808497e-01
-4.3562909006e-02
-5.5984493645e-02
-6.5438051494e-02
-5.2124061251e-02
-3.2268553874e-02
3.0172944626e-02
-3.3269040057e-02
1.4573791144e-03
-7.8982634600e-03
-3.0872739383e-02
1.0057216341e-01
9.0564675651e-02
-2.0584583098e-02
-9.6972267620e-03
7.1720556322e-02
8.4161154704e-03
-3.9487021479e-02
-5.0783788279e-02
-9.5311170132e-03
-4.4129202536e-02
-2.0237613209e-02
6.6814927039e-02
3.8827058392e-02
2.4104522912e-02
-3.9059360495e-02
8.6760218318e-03
-3.0055410703e-03
-5.1841912845e-02
4.2898908642e-02
6.9045673413e-02
1.1152072966e-01
-6.4837074761e-02
-8.2280833245e-02
1.7731370992e-02
3.3211869436e-02
-1.7340731838e-02
-2.3528693019e-02
9.9177452936e-02
-4.2886181554e-03
-2.0413734354e-02
-6.7289578708e-04
7.7640839091e-02
1.3189562011e-02
-4.8805137241e-02
7.0524279714e-02
-5.8372723668e-02
-6.7479247681e-03
-3.4046848267e-02
9.9175391493e-03
8.0348790033e-02
9.1581087601e-03
-3.5393744700e-02
-2.8604801472e-02
-2.8159584378e-02
-1.8477261435e-02
2.2383751517e-02
4.5067790476e-02
1.2897392182e-01
-3.3445712587e-02
2.3383450176e-02
-6.8572019188e-02
-6.7185587055e-02
3.6296172111e-02
-4.1734770050e-02
-2.6176518600e-02
3.7371296333e-02
-1.8704321149e-02
4.8603055388e-02
-4.0120115232e-02
-6.0316942026e-03
1.2368853193e-01
-6.9121157218e-02
-5.9322510147e-02
-4.5920459888e-02
-9.0994409548e-02
1.2720099441e-01
1.0628514280e-01
3.0970058219e-02
6.9623450613e-02
-8.3809693745e-02
6.5861505574e-03
-6.6306424992e-02
1.4798430796e-02
-2.8306816799e-02
-7.6888988581e-03
3.4625960997e-03
-6.0624862653e-03
-7.4397134527e-02
1.6284345377e-02
9.2736024398e-02
-6.4300594734e-02
6.6881902731e-02
-7.5607534856e-02
5.4547123606e-02
-5.9980545843e-03
6.6371871086e-04
-2.6404927074e-02
9.8576886346e-03
-8.4766299343e-02
5.3166507499e-02
-5.9823611026e-02
-5.3033033408e-02
5.9592779156e-02
2.2950300809e-02
-5.3886470278e-02
-3.0421012576e-02
-4.4730830989e-02
1.7613808647e-02
1.7200509060e-02
2.4464477470e-02
-4.1146830128e-02
2.0458224564e-02
-3.9501461137e-02
-3.3627473025e-03
3.1149095876e-01
-1.5660058505e-02
-1.7997870877e-03
-3.4078394513e-02
1.7042827795e-02
7.7911556950e-03
-4.2071064410e-02
4.0346673344e-02
3.9292878505e-02
-3.2975841361e-03
-4.5410995669e-02
-1.2304446232e-02
1.0214195804e-02
1.9396198932e-02
-1.0560336417e-02
7.0955333544e-03
-2.1974192086e-02
1.7680110117e-03
-2.3016608819e-02
8.6526515706e-02
-3.2330802169e-02
-6.0685881738e-02
1.5945810892e-03
5.8439316850e-02
-1.5016447090e-02
4.4623326338e-02
-3.6417288153e-02
9.8403750213e-02
-1.2433282581e-02
-6.4771069414e-03
2.1133116484e-02
-3.3775813061e-02
8.8070212517e-03
1.1171013627e-01
4.1298563675e-02
-2.7787749529e-02
-5.5612454750e-02
-1.9591040173e-02
2.5778017036e-02
5.1594104796e-02
1.7977626745e-02
-8.6020786952e-02
4.4341531994e-02
-4.5908295400e-02
1.6785163445e-02
3.5952324593e-02
-5.4238817115e-02
-4.8660306319e-02
-2.2915428707e-02
-4.5375222848e-02
-2.6570845418e-02
1.7103378337e-02
-1.6113364866e-02
1.1701946974e-02
7.1970608318e-02
-1.0184800173e-02
-6.7335241725e-02
-6.1940900878e-02
-6.8688133001e-02
6.3850526861e-02
5.5399272224e-02
1.5546188467e-01
-5.5208946977e-02
-1.7942754020e-02
-4.1680347596e-02
6.3902859101e-02
-6.9592387428e-03
6.1710278439e-03
3.1322659801e-02
6.7320001530e-03
-1.9271879357e-02
7.2485887156e-03
-2.5735576655e-02
9.8304530499e-03
-5.3971116123e-02
-4.2995339432e-02
-6.4874038322e-02
-5.7468577239e-02
-5.9015369774e-03
6.3992810637e-02
-3.0179508780e-02
2.0386173497e-03
-1.7328318811e-02
3.2034101476e-04
1.2647333760e-01
1.4819427639e-01
8.4960904283e-03
2.0670192911e-02
-3.7790097557e-02
-4.4893699838e-02
-2.1899310950e-02
5.7229746358e-02
1.1521406749e-01
-2.7629992221e-02
6.2533326329e-02
-9.5247827255e-02
-4.7844767324e-02
1.4461829399e-02
-6.2111807326e-03
8.6376768643e-02
-4.7722375083e-02
-1.9755657872e-02
6.8698280558e-02
8.3832349709e-03
-8.0220585409e-03
-9.7900236061e-03
2.2820559415e-01
6.6895620469e-02
9.8426918073e-02
8.3026788299e-02
1.3804075453e-02
-5.8282675038e-02
-2.3767222833e-02
4.6656172231e-02
1.9253504777e-03
8.8242306335e-02
1.9132156991e-03
4.9160396097e-02
4.4387148875e-02
-1.3343930509e-02
-5.1366761678e-02
-7.5636787326e-02
9.7443917885e-03
1.5395244843e-02
-1.7037028957e-02
-1.1880593382e-02
-4.5241688671e-02
1.8099583297e-02
-6.6647552678e-02
3.9270440861e-02
-1.0304946997e-02
-4.2628786616e-03
9.5262460193e-03
4.5786415305e-02
-2.0029528852e-02
-2.2673423490e-02
-1.5694699035e-02
5.1293459072e-02
-5.6181967178e-02
-5.1008728760e-02
-5.6393277332e-02
-6.6896019726e-02
-3.9944357146e-02
-5.5902896452e-02
2.2716596801e-01
-6.3386004408e-03
-3.6292809244e-02
7.7351785747e-02
-6.0362450133e-02
-5.4281082406e-02
-5.9369956671e-03
4.4425852708e-03
1.0850508343e-01
-1.9771391298e-02
-4.4674036469e-02
-5.0007011496e-03
1.2338179710e-02
-7.1966570257e-03
-1.7412149510e-02
-4.3667087466e-02
4.4947837302e-03
-2.5410220170e-02
-3.6609930228e-02
-7.0706769034e-03
2.0093508198e-02
-5.0759456232e-02
-3.0964703242e-02
-7.2176591548e-02
1.4825626642e-02
1.2392216408e-01
1.7485784623e-02
3.6221546760e-02
9.6699004919e-03
4.0812641753e-02
-4.4874821568e-02
1.6672815614e-01
5.9426921379e-02
-6.5110331609e-02
5.6372810104e-02
-1.7674481916e-02
3.8298418374e-02
8.8474781018e-02
7.4579273642e-02
-1.5031671413e-02
-4.2176964487e-02
-7.8632162850e-02
-2.0892647145e-02
1.0352437489e-02
6.5311621275e-03
-1.4515669887e-02
1.7107443726e-02
-2.6983613030e-02
-2.4201009805e-02
-4.6848882534e-02
1.0302514714e-01
-1.4462176744e-02
-5.2492880683e-02
3.8330922695e-02
-8.1815651325e-02
-3.4147146447e-02
6.8048777494e-02
7.5898258572e-02
2.4424204271e-02
6.3593552263e-02
1.4506848171e-02
1.8904658543e-01
-4.2594339500e-02
-5.9092822510e-02
1.8229350553e-02
2.4962254543e-02
1.2225136525e-01
-1.0689896108e-02
1.4407969760e-01
-2.3085158041e-02
-5.5488424318e-02
-2.6526533213e-02
-2.2195053236e-02
-1.2299511985e-02
-2.1722598746e-02
-6.2106308412e-02
8.2195133768e-02
5.5837406553e-02
-7.8891908344e-02
-1.5424143658e-02
-3.8089138071e-02
6.1842109907e-02
-5.7346823502e-02
-3.5392444225e-02
-6.3512380432e-02
1.0059519425e-01
-2.9619882137e-02
-1.5545065402e-02
-2.8069557541e-02
-2.9145502452e-02
7.6078725904e-03
9.5860012581e-02
-2.8150134987e-02
1.7318093755e-02
-5.0981313228e-02
-4.6583390297e-03
-1.2157895612e-02
-5.1628608680e-02
-4.6112952268e-02
1.6742043111e-01
-5.3177137361e-02
7.4315061132e-02
-5.5368762782e-03
8.9725261414e-02
1.0954163351e-01
5.8060632743e-02
-6.2064864156e-02
-1.6566501054e-02
-6.1021010846e-02
-2.5252651427e-03
-4.6841917074e-02
4.7570833787e-03
4.4445541093e-02
-4.8937287997e-02
-4.0824540707e-02
-6.7496563618e-02
6.4298101335e-02
-2.9498023846e-02
-1.9166771864e-02
-2.5100786918e-02
-7.8126702326e-03
-5.1190996278e-02
6.3469526457e-02
1.2985889489e-01
1.9390687245e-03
1.6567850322e-02
-1.4222682127e-02
-4.2823306508e-02
1.5373453301e-02
5.8483251981e-03
2.5673530077e-02
1.0905698244e-01
-1.3846249119e-02
-7.9553650990e-02
3.7421863002e-02
3.9188966265e-02
-3.4158888022e-02
-1.0844592502e-02
-5.4777677305e-02
2.0650595183e-03
-1.0282951266e-02
5.3541042673e-02
-9.5562607842e-03
-5.5830225120e-02
-4.3167160868e-02
2.5864333953e-03
1.3430119380e-02
-6.1112175593e-02
-1.6096534255e-02
-2.5198914819e-02
-1.4283860970e-02
-5.6928486519e-02
6.7993105105e-02
-7.4423157649e-02
7.1071527842e-02
-2.8247529232e-02
-6.9594711781e-02
1.5062304905e-01
-2.5617741057e-02
-7.0323178798e-02
1.4948764667e-02
-4.9060082263e-02
-4.3965291144e-02
3.8558419149e-02
7.4790827540e-02
2.0551739224e-02
-4.8531926666e-03
-4.9028099248e-02
-1.9759859513e-02
-1.6053872295e-02
-4.8193987072e-02
-2.9084156608e-02
6.4825337397e-02
8.6527831510e-02
-6.2884731042e-02
2.6745609011e-02
-4.4562806881e-02
7.6738017509e-02
-6.1279059373e-03
1.0265127996e-02
2.9042447543e-02
-3.0445562965e-02
-5.1199536248e-02
-6.2026468306e-02
-1.5035715113e-02
-3.9487692559e-02
5.8700294117e-03
-6.5468721007e-02
6.7448908015e-02
-5.9077931923e-02
-5.4133381308e-02
1.1687686499e-02
9.6799498921e-03
3.7730890394e-02
1.8097776929e-02
5.4905040075e-02
1.7221984678e-02
-2.1984391651e-03
-3.5903230396e-02
-2.1712127064e-02
-6.8990632679e-02
-2.7929740135e-02
-1.6674478449e-02
2.3753988402e-02
4.1288343424e-02
-2.8444266474e-02
-1.8418019200e-02
-2.9258341076e-02
-8.6912450265e-02
8.5559069599e-02
-4.8112760946e-02
-5.6449709231e-03
-6.6264313095e-02
-7.4540973009e-03
-3.1167988292e-02
-4.9452394374e-02
7.8133165499e-02
-7.0705772999e-03
5.5386624603e-02
4.5139629821e-02
-6.8100938486e-02
-4.1750970157e-02
8.8277820047e-02
-4.4232140503e-02
-6.7480940784e-02
1.8524576895e-02
1.2536266104e-01
-9.8319189337e-03
2.3657880994e-02
-7.5377753717e-02
-6.7085452184e-03
9.9695104094e-02
8.5451034320e-03
-1.2115392447e-02
1.4345192447e-04
1.1579640061e-02
-5.1306481209e-02
-5.4435269897e-02
1.4030482258e-02
3.3553386823e-04
-2.0349842366e-02
-4.5874411052e-02
1.2722352335e-01
-7.1876892466e-02
-6.3256457030e-02
-7.8668840737e-02
6.7079251907e-02
-3.4109547877e-02
1.0188718224e-01
-3.2332609724e-02
-6.3824898951e-02
-4.3934865320e-02
-5.2224698934e-02
5.0754113474e-02
-3.0537395830e-04
-5.6127990310e-02
6.0416176678e-02
-1.1887442574e-02
8.1554174163e-02
2.5706644210e-02
-5.3164796258e-02
-9.8407529381e-03
1.0746143750e-01
-7.2834993631e-02
-2.7010577606e-02
4.1682816711e-02
-4.2626388062e-02
-5.4295031712e-02
-6.9597697204e-02
-3.9072755374e-02
2.6793824216e-02
-1.4970445850e-02
-3.8325133701e-02
9.0916933904e-03
-3.9971632957e-02
-2.7118323615e-02
-3.1955458102e-02
-4.2014540934e-02
-4.8669264099e-02
-6.6354585994e-02
1.6973273677e-03
3.0242557533e-03
5.2004582695e-02
-5.8379011028e-02
1.1871990198e-02
-5.3025484618e-02
4.9221046322e-02
-4.4944452503e-02
-1.4965443246e-02
-2.9910658037e-02
-1.7470677957e-02
2.0935897114e-02
-3.5850340627e-02
1.1063120916e-01
-4.0701768132e-02
6.6171868013e-02
2.2659017736e-02
-4.9512968010e-02
1.7259883654e-02
3.4979332611e-02
-3.1285942553e-02
1.3772840395e-01
1.1609485598e-01
-1.8834015661e-02
4.7709950698e-03
-1.2065255531e-03
2.6271554814e-03
-4.9346080466e-02
-4.3760012859e-02
-6.0572660110e-02
1.1821869657e-01
-7.4238474275e-02
-5.0069414983e-02
-8.6462410868e-03
4.9859231912e-03
6.1967604418e-02
8.1812720149e-03
-3.1651421942e-02
6.5920170235e-02
6.1947734577e-02
1.6461647194e-03
-4.5339751740e-02
-3.8429787858e-02
-1.6271267932e-03
1.6826347277e-02
-1.1180841949e-02
1.0655728540e-02
-2.7721548916e-02
3.3217607558e-02
3.2405669478e-02
1.6330375601e-02
1.8893969718e-01
-1.7303930251e-02
3.6927022959e-02
-5.7204426011e-03
1.2293301087e-01
-4.5265349004e-02
-3.0135547689e-02
-4.8148943396e-02
2.3750466510e-01
1.0449715524e-03
-5.3827894444e-02
-4.5694046203e-02
-4.5598216974e-02
-4.2386838784e-02
-4.2345589660e-02
-7.4041577627e-02
1.2674200299e-01
-4.1381238956e-03
2.0382838043e-03
2.0760680315e-01
-1.2279948993e-03
3.7797782866e-02
4.1712505174e-03
4.8238480463e-03
9.1128583627e-02
1.0665429349e-01
2.7575094062e-02
3.6638417712e-03
-5.4570565846e-02
1.1598831303e-02
3.4366986913e-02
-9.2963257077e-02
4.0125690571e-02
6.4350121383e-02
5.8926817725e-02
2.0562314157e-03
-8.3255557544e-02
-3.0088170114e-02
4.4387949250e-02
-4.7167763092e-02
-1.9513599892e-02
-9.7080710968e-03
-4.9970904505e-02
8.9221337364e-02
3.3335264419e-02
-2.1770662197e-02
-2.0284040344e-02
1.0032821464e-02
2.2071175862e-02
-5.2005329052e-02
2.8574782061e-02
2.2994591266e-02
-4.8871978299e-02
-1.8991593366e-02
4.7481352661e-03
-4.1856129258e-02
7.4149832639e-02
-5.1599058207e-02
7.6253159679e-02
-2.4293748085e-02
3.4023636213e-02
5.3993367513e-02
1.6523021118e-03
6.3563539903e-02
4.3194230529e-02
6.6553814736e-03
-3.7202148620e-02
-3.8300201994e-02
-6.0166679585e-02
-3.3808810911e-02
-3.4225153169e-02
-2.1014424298e-02
-1.6074643461e-02
8.8836972998e-03
-7.0290254527e-03
-5.1490620874e-03
-3.0410639532e-02
-1.1226543352e-02
-2.5931626926e-02
-2.8652589420e-02
1.0807263155e-02
-3.8817296093e-02
-2.6167555585e-02
2.7945342881e-02
4.1516524882e-02
7.3221917136e-02
2.2432122520e-02
-9.8415984475e-03
-1.9338986599e-02
-1.6349311302e-02
6.6630080718e-03
-2.8924365964e-03
1.4974656313e-01
-1.8476195965e-02
-4.1919074323e-02
-6.0288706035e-02
-6.8749215331e-02
-6.7890206401e-02
-4.8556293249e-02
4.9121173166e-02
2.1773929044e-02
8.9094107143e-02
1.1210976851e-01
-7.5008026021e-02
1.2640748949e-02
-4.1086720524e-02
4.3347232925e-02
-2.7970382878e-02
3.8092475274e-02
-5.5469841172e-02
1.2119228025e-02
-5.1225152928e-02
-4.6239146352e-02
-1.2107831963e-03
-7.9877891046e-03
6.0662187428e-02
-2.2676440815e-03
5.6494536280e-02
-5.6973812522e-02
9.8573169906e-02
-6.5140763504e-02
4.8753711571e-02
-3.6463140006e-02
-4.2960016385e-02
-2.7106353519e-02
8.7146311332e-03
2.9966992902e-02
-7.4956727748e-02
1.2184721223e-01
-6.4639971461e-02
1.9243847768e-01
-8.1746403373e-03
1.1647745353e-02
-6.9026202374e-02
-2.9362715595e-02
-3.1314896788e-02
3.7213153443e-02
-1.0818605817e-02
3.2489786039e-02
-5.3282207277e-02
1.3651858117e-02
2.5615943661e-02
4.8396231109e-02
3.7333416453e-02
-2.4922505726e-02
1.0732207479e-01
7.5877416312e-03
1.4503040541e-01
-4.9068754713e-02
-4.4362681686e-02
-5.1900142168e-02
-2.5368713886e-02
8.2469961508e-02
-6.4273723676e-02
1.4909438649e-02
7.8863557785e-02
-5.8586687449e-02
-5.8143112380e-02
-3.8678678755e-03
6.2237347564e-03
-7.0402281914e-02
-5.1224623169e-02
-3.9269542943e-03
-2.5632668847e-02
3.9836945236e-03
-2.0976619413e-02
7.1899569005e-02
-6.4951601627e-02
-4.0530039083e-02
-5.9458293898e-02
3.5805485183e-02
-1.3624315661e-02
-3.0220592610e-02
6.3214952489e-03
-6.8353180458e-02
-5.0069297536e-02
1.0917260086e-02
-5.9856080398e-02
-5.3188687925e-02
-7.6413193490e-02
9.5193284149e-02
9.9408139889e-03
-4.8948882944e-02
-6.7246609632e-03
-8.7070274330e-03
-8.0630854830e-04
-1.1329537566e-02
1.2186537695e-03
1.2776308863e-02
-2.2506453927e-02
-3.6916876726e-02
7.4303036450e-02
2.2958950274e-01
-6.1428156941e-02
2.0418532295e-02
-9.6736414371e-02
-7.4147537943e-02
-6.0159244913e-02
-4.9669470488e-02
-1.8895321011e-02
2.9054348529e-02
7.0545300434e-02
-9.1072569929e-02
1.0503122247e-01
2.2127598815e-01
-3.7693260443e-02
-5.6450563855e-02
-7.2857253065e-02
-4.7704940635e-02
-3.1175592817e-02
-2.4377725746e-03
-7.2019027933e-02
4.2639616542e-02
-8.7443200373e-03
6.6950808344e-02
-4.2442950757e-02
9.4151294551e-03
5.7926027107e-02
6.7786187628e-03
-5.4259309831e-02
-2.3846308668e-02
-3.8986364897e-02
8.1647326703e-02
-7.6538159687e-03
5.2740219794e-03
-2.6458208972e-02
1.0099273784e-01
-3.5894738873e-02
7.1910335640e-02
-1.3101097240e-02
1.5603109733e-02
-8.5284093196e-02
1.5571711018e-01
7.1009782792e-03
-4.6201830658e-02
-4.6434281516e-02
6.9340253280e-02
4.2342316296e-03
-6.4477072201e-02
5.1526532171e-02
-7.2832204770e-03
-5.5321381688e-02
-4.6363119103e-02
-5.0003205307e-02
-4.3335136897e-02
-8.1206354465e-02
-4.5790787049e-02
-2.8821322721e-02
-2.1609384147e-03
-6.9279240656e-03
8.8583300564e-02
1.8530130553e-02
-7.4883279946e-02
3.0387836710e-02
7.4414327737e-02
6.3446861226e-02
-3.9947443507e-02
1.3305137349e-01
1.9421482590e-02
5.3135555655e-02
-2.6357643325e-02
-4.5053790858e-02
2.0832746272e-01
-3.8127746999e-02
-1.6969091567e-02
2.2256630049e-02
4.2855691174e-04
7.2395681581e-03
-3.3860269626e-02
1.1253947830e-01
4.1056848533e-03
-1.2067219993e-02
-3.8893419692e-02
-8.0897990327e-02
3.6351221485e-02
1.9599228747e-02
-5.9278835056e-02
1.1919169078e-02
-5.9159462552e-02
-7.0262083375e-03
1.5590481021e-02
-4.0145197170e-02
4.4104388897e-02
-1.0752176126e-01
-1.7253987408e-02
-6.1996273451e-02
-7.0312531649e-02
-3.7587061375e-02
1.0708046102e-02
-5.9014193362e-02
-4.4292025154e-02
-1.3276297061e-02
-4.5282017501e-02
1.3195498075e-01
-4.3930069069e-02
-6.7462946920e-02
2.0584839034e-02
-2.5405289177e-02
-1.0833122861e-02
6.5655889319e-03
-4.0712564357e-02
4.5838829309e-02
5.2059390357e-03
-4.8652710261e-02
-3.2706914745e-02
1.3460070229e-01
6.4077703160e-02
8.5688880459e-03
9.3060972429e-02
-5.1525494486e-02
-2.8282945768e-02
7.7278825256e-03
-6.2132448064e-02
2.0655814872e-01
-2.5681056268e-02
-6.2958434914e-02
-1.6074334400e-02
-3.5797776704e-02
-8.5438469766e-02
1.1506945080e-01
-2.8325157027e-02
7.1335910714e-02
-4.4174124173e-02
-6.0790283695e-03
9.3947467865e-02
-2.0331960664e-02
-6.2347393327e-02
-3.7436164816e-02
-5.1755040843e-02
-6.2824259418e-02
9.1446153550e-02
2.8859163060e-02
-4.0291111492e-02
-3.8918131937e-02
1.0152615202e-02
1.2473964143e-01
-5.4872139193e-02
-2.7155848486e-02
-1.2052551652e-02
-2.5447869465e-02
2.6971261219e-03
3.3201882294e-02
-2.4268539287e-02
-5.3042713657e-03
3.4191980793e-02
1.6963635060e-01
3.0647892022e-02
8.0353791548e-04
1.1667203723e-02
-5.4815620415e-02
-2.7448153676e-02
-2.8853795384e-02
-7.4909703977e-02
8.8069820511e-02
-3.2480691841e-02
2.4757462681e-02
-2.3539185994e-02
-3.8382157834e-02
-6.2118867862e-02
3.1589005598e-02
3.5966140473e-02
-2.0785162320e-02
1.7301986187e-01
-5.5271317575e-02
-6.1996104391e-02
4.5082661206e-03
-3.9898835981e-02
1.9871488173e-02
3.7805036575e-02
-4.5776674304e-02
-1.3568977131e-02
4.5149428357e-05
-6.5265289250e-02
-1.8214941583e-02
5.1371182199e-04
1.8501312530e-03
-4.8942275600e-02
4.7880180171e-02
-1.1286073330e-02
-2.5094660553e-02
-5.1070715902e-02
-5.1411685274e-03
2.5736128205e-02
1.7432976599e-01
6.0125978995e-02
8.6824077929e-02
3.9760198864e-02
-1.6983125426e-03
-4.7429730212e-02
-2.1810265706e-03
1.2185004371e-01
4.6225045783e-02
1.1108125123e-01
-2.6253390292e-02
-7.5638667113e-02
4.4536140901e-02
5.3840967773e-02
-8.2322704356e-02
6.1856963346e-02
-6.2917937959e-02
1.4994903872e-01
-5.1057262126e-02
6.6535224098e-03
-7.8070513554e-03
-1.5612255515e-02
-2.2454878371e-02
-2.6123015011e-02
4.2489777936e-02
1.1998581817e-01
2.6415186015e-03
-6.2221091199e-02
7.3215627019e-02
4.0410551314e-03
1.0112073615e-01
-2.8033445689e-02
-3.3844834566e-02
-8.8283582577e-03
-1.8060861219e-02
-9.0188223853e-02
-1.6192365532e-03
-1.7075106739e-02
-6.2530713161e-02
-2.2687971697e-03
-4.5498919089e-04
3.0124318698e-02
5.4547648163e-02
1.1890438509e-02
3.2708705668e-02
5.5957949936e-02
-1.3701463895e-02
-1.7382114531e-02
1.1594403799e-01
4.1819295022e-02
-9.1338554752e-02
-1.3325936211e-02
8.0114865858e-02
-4.1531073100e-02
-6.0902246182e-02
-5.1699863861e-02
-4.7281974012e-02
7.8242069574e-03
-1.5342594593e-02
2.2724619913e-02
-6.7765384374e-02
1.5330583481e-02
2.5568717140e-02
-2.4944078452e-02
3.4551229388e-03
5.8594365692e-02
1.5528533520e-01
3.7064935115e-03
-2.6782280430e-02
-6.6837731295e-03
-1.4248493383e-04
-4.6378837705e-02
-4.3815872563e-03
-5.1132413827e-02
-2.8455100697e-02
-3.0197867386e-02
-9.7929966269e-03
1.6000624750e-02
-3.8064491252e-03
-6.1347221259e-02
-2.9945917792e-02
-1.0070505602e-02
7.8701805498e-02
6.8075340274e-02
-3.7263325811e-02
-3.9529926524e-02
-1.9500991712e-02
-6.9034664819e-02
5.9987257988e-02
-4.6362748936e-02
-3.0546975196e-02
1.3722601292e-03
-2.0206213679e-02
-7.9130411750e-03
1.3813372881e-02
-4.3169687517e-02
-4.9453407280e-02
-8.0701832999e-02
-3.9767391147e-02
-6.2077375169e-04
-7.6419911959e-03
1.3184746790e-01
-6.3949075467e-02
1.0031604532e-01
1.5714970361e-03
3.4097844455e-02
2.5114251698e-02
1.5324258898e-01
1.5575801160e-02
-5.0322615893e-02
-6.4660642181e-03
-6.1063285155e-02
-9.4064513069e-03
-5.3465445990e-02
2.0068261384e-02
-5.8336810160e-02
1.0677563239e-03
-4.3766661487e-02
8.2055327318e-02
2.9835595954e-02
-7.7110305231e-02
4.0929474610e-03
1.3446445426e-01
-1.8319666947e-02
-1.9332904589e-03
-5.2057858336e-02
-1.7580341857e-02
-2.4844265763e-02
3.4046058679e-02
-1.6725477448e-02
-4.7127258983e-02
1.8879139305e-02
-1.3189461852e-02
-1.2156769849e-02
-3.0724830275e-02
3.5915062299e-02
8.8995461335e-02
-1.5362847435e-02
2.2078046393e-02
-1.0274373268e-02
-2.4303058417e-03
1.7833282476e-01
4.9349878245e-03
-3.7881189392e-03
9.8387229271e-03
1.3724925652e-01
-1.9293180550e-02
3.7522823854e-02
-5.6154817422e-02
6.6032747998e-02
7.9005541844e-02
1.0869112456e-01
-4.0022327008e-02
-6.8082177949e-02
-6.3224254246e-02
4.4534327815e-02
4.5442751500e-02
2.9963752176e-02
-4.0446314893e-02
-1.4492388650e-02
1.4176157038e-02
5.1652135662e-02
-4.9302258282e-02
-4.4932804443e-02
-5.1464682357e-02
-3.8444389531e-02
-4.5072089938e-02
3.1737289719e-02
-6.8574140708e-02
7.2982816868e-02
3.4126196348e-02
-2.4455542611e-02
-3.6672252221e-02
-4.9653918040e-02
5.2015803979e-02
-3.2801611384e-02
-5.1356411612e-03
-8.8441726037e-03
-7.0465220748e-02
3.5776064465e-03
-2.4740379491e-02
-5.6777064481e-02
3.9592555815e-02
7.6338542593e-02
-4.4483970522e-02
1.1865416456e-02
2.4878669333e-02
-5.9659721590e-02
2.5531821739e-02
2.5011214635e-01
3.6561673341e-02
-4.3532980300e-02
3.5112037798e-02
1.2930622414e-01
-6.0592079865e-02
2.2287687823e-02
1.0896138387e-01
-7.2699216173e-03
2.5992362918e-02
2.8734694069e-02
-1.8661908201e-02
9.2325290048e-03
-7.2340825931e-02
-4.4073208276e-02
-5.4241952265e-02
7.5090440166e-02
8.3564453252e-02
2.0875027623e-02
-5.8172952972e-02
-4.8457037943e-02
2.5759716678e-03
1.0813155081e-01
-2.4871234999e-02
-4.2548807232e-02
-5.7843729347e-02
-2.1204189512e-02
-6.7735309993e-02
1.6008442076e-02
-2.3786546927e-02
1.0329225435e-01
1.3905083681e-01
-2.5386660190e-02
1.8722625878e-04
-6.4787884707e-03
1.7252851451e-02
9.3300501922e-02
-5.0592677242e-02
1.5923538841e-02
-2.8961670236e-02
3.4570455413e-02
-5.4458251648e-02
-5.9637276500e-02
4.9122581802e-02
2.7299167331e-02
-1.4367833408e-02
-9.7738305089e-03
-5.1414935859e-02
3.9946119734e-02
-3.4849961072e-02
8.3886355249e-02
-4.8397689606e-02
-4.3178490922e-02
9.7535663925e-03
4.1931234912e-02
5.2139403092e-02
4.9159712690e-02
5.1698210251e-02
3.2892417228e-03
-3.1858862038e-03
4.8743821954e-02
-4.9830713887e-02
-7.2007657002e-02
2.3135651662e-01
7.7065828840e-04
1.8040882134e-02
-2.6743103970e-02
-4.7384175198e-02
9.3043634440e-02
9.0513245479e-02
1.0353898795e-02
1.2629360538e-01
1.9126201143e-02
-2.3777129998e-02
3.6032436072e-01
9.8473917589e-03
7.6988452221e-02
5.7990426522e-02
-4.9719287650e-02
-5.6366241714e-02
2.6814143519e-02
-5.0066061650e-02
1.3415407348e-01
1.2680930397e-02
-6.9013819944e-02
-9.2478261322e-03
4.8418754851e-02
-4.6516406239e-02
3.0609958975e-02
7.5684088437e-02
-6.8317388371e-03
-2.1391893181e-02
7.6412326695e-02
3.7047487661e-02
3.1331663949e-03
-7.7897793772e-02
-5.5201979354e-02
2.6064928565e-01
-4.2666024899e-02
-3.3225025131e-03
-3.9924755560e-02
-4.1119943339e-02
1.5049452082e-02
-5.0980558600e-03
-3.2817541004e-02
-3.9703096448e-02
6.3171708198e-03
7.4447527304e-02
8.1235085564e-03
2.7172782322e-02
-6.7452897224e-02
-2.0364500513e-02
8.5270905440e-02
-3.9457972734e-02
3.6806449435e-02
-1.9406133320e-02
-5.5110711186e-02
-2.7615146478e-02
6.1758728303e-02
4.9347004521e-03
-3.2605950815e-02
2.1704472609e-03
-7.1857190105e-04
-3.5078872477e-02
-4.5069928042e-02
3.6340295219e-03
-4.0349990976e-02
1.8539491622e-02
-4.2788584084e-03
-1.1566877591e-02
1.2678244266e-01
1.0667645952e-01
1.7055408811e-02
-3.8950944134e-02
-5.9077198071e-03
3.6867670887e-02
1.8287356596e-02
1.5901645922e-01
3.6202523591e-02
-5.6410747470e-03
-3.0883842344e-02
-3.4985268453e-02
-1.7110702402e-02
4.3380852283e-02
-3.6813732630e-03
2.3959180576e-02
-8.8242854488e-02
2.5905902908e-02
-8.8959447330e-02
1.1421455755e-02
-1.1741671829e-02
1.5956834687e-02
9.0750491940e-03
-4.7659489541e-02
4.7913497227e-02
-8.5735055427e-03
4.4491130564e-02
3.0970313357e-02
-3.5990618740e-02
-4.9328017222e-03
1.0827665085e-01
5.6114576418e-02
-4.9617388223e-02
1.7537355307e-02
-2.7020792983e-02
-5.1696996443e-02
7.3723543376e-02
1.6050027573e-02
6.3810264093e-02
-2.3577951104e-02
6.7877897914e-02
2.2505699990e-02
1.9860463170e-02
-9.9171210287e-03
1.2716337509e-02
6.0138182214e-02
-1.8732960853e-02
-9.0796567501e-03
-3.2790563073e-02
-8.5205660367e-02
1.0971517442e-02
-3.3909421154e-02
4.9753135190e-02
-1.5076217596e-02
-9.3851493055e-04
6.0947517163e-02
-3.4503799423e-02
-2.1736505475e-02
1.5693889875e-03
2.0398772298e-03
1.7719190602e-01
1.4144352846e-03
-7.3008426338e-02
4.9713708776e-02
8.5014973888e-02
9.2237652849e-03
-1.2783017691e-04
3.8492112331e-02
4.4189440841e-02
1.9343112875e-01
-2.6829415083e-02
-5.0600736115e-02
-5.2348982056e-02
-6.4904495171e-04
-5.2453909500e-02
-8.3542188741e-02
-2.8243646391e-02
1.1038327210e-02
-1.2516041701e-02
9.0445857682e-02
5.1991038109e-02
-2.0490616021e-02
-1.7750489092e-02
6.1836063062e-02
-7.3397640933e-02
1.7056627500e-02
3.0680329057e-02
-2.7917783213e-02
1.9640767856e-02
-1.5408548450e-02
-6.1253765973e-02
8.8823631433e-03
3.7840998460e-02
7.9167147829e-02
-5.6932001031e-02
-6.2371675425e-02
-5.4161417789e-02
-8.2571385910e-02
-1.0044880867e-02
3.8170486267e-02
-5.0331533382e-02
-5.4748091079e-02
-4.4796079864e-02
-6.2980384577e-02
-3.6713545371e-02
-8.6592616260e-03
6.3093038563e-02
-2.3664421070e-02
-4.8710339386e-03
-7.9555549288e-02
-3.0149220110e-02
-2.5033185075e-02
-1.8064889948e-02
-4.4454646004e-02
-2.7831397241e-02
-9.8946635416e-03
-1.3284221878e-02
7.5952785617e-03
1.8348732617e-02
-5.3902067980e-02
5.4396707360e-02
3.0283226663e-02
1.0594347143e-02
5.5997304193e-02
-7.2223667264e-05
2.2660706765e-01
-1.5013443690e-02
-4.0694232810e-02
3.1413866324e-02
9.6961913825e-03
2.4324567475e-02
2.8026777053e-02
-2.0794554346e-03
6.1135739733e-04
-4.6899844451e-02
-3.9942411062e-02
-3.9721025958e-02
-7.7182565276e-02
-4.4435484630e-02
5.2952193490e-02
-4.2956527158e-02
2.2606409353e-01
-2.3818118836e-02
6.8711136010e-02
2.5376061403e-02
-2.7638147197e-02
-7.6363407892e-02
-4.1511443743e-02
1.2536683840e-02
5.2094731947e-02
-2.8462078782e-02
-2.6544919959e-02
4.2652436068e-03
-4.1820315255e-02
5.6542805802e-02
-1.2727983775e-02
-2.3659578375e-02
-1.8262976324e-02
1.9608125060e-01
-8.9879703541e-02
-2.8387028239e-02
-4.0543304372e-02
3.6141822391e-03
-3.7343840011e-02
-3.0519287547e-02
3.3154814122e-02
-6.6887786194e-02
-7.8971059478e-02
-2.5447337254e-02
-5.5393352385e-02
1.0725641876e-02
-1.2938380008e-04
-7.8925838346e-03
-1.6153028159e-03
6.8298423517e-02
-2.9525340494e-02
-4.1386725536e-03
-8.0544080313e-03
1.0801987645e-01
-4.6495073792e-02
-3.1404094376e-02
-3.9778402370e-02
2.3802257078e-02
-1.9729274048e-02
-6.7372059681e-02
-4.2954262209e-02
6.7636595003e-02
6.2202980124e-02
7.8922522790e-02
1.5952377487e-02
-1.4658380113e-02
2.4310226377e-01
-5.0817204989e-02
-2.5132646458e-02
-3.4626645545e-02
-1.9521973727e-02
-3.4186374667e-04
2.0241619059e-03
-7.2091526610e-02
6.5688382634e-02
-4.4553406955e-03
-3.1070754249e-02
-4.6134414952e-03
-3.1269715598e-02
1.2033430782e-02
-4.0591708327e-03
-1.6346143841e-02
-1.0330517102e-02
1.5073295387e-02
-2.8723100104e-02
-7.6427874066e-02
-6.4891825541e-02
1.2121956187e-01
-5.3989266441e-02
-5.1613293270e-02
1.2611304822e-01
-6.4492978610e-02
3.1523476155e-02
1.2605044270e-02
2.3940767924e-02
4.4521370879e-02
4.5731925194e-02
3.8102216870e-02
7.8140404018e-02
-2.4309390770e-02
-3.1832716492e-02
-3.6004468338e-02
-7.2470943429e-02
-2.6005472620e-02
-4.3079778026e-02
-5.1472175577e-02
1.3094827300e-01
-8.0744459839e-02
-1.9868733780e-02
-8.1537807766e-04
1.0397912838e-01
-7.3935612257e-02
-1.3801619211e-02
-1.8008920789e-02
2.1310820877e-02
-3.5956600302e-02
-2.4651152852e-02
6.1249669444e-02
8.8768690843e-02
2.0519800419e-02
-7.2058735250e-02
1.2838675626e-02
9.0007394738e-03
-3.1527903271e-02
-5.0560902300e-02
3.8429687009e-02
4.0513130822e-02
2.8987286091e-02
-3.4011388212e-02
4.5686210566e-02
-3.4712115976e-02
-5.9218284642e-02
-9.1884493678e-02
-1.4366220670e-02
-2.3496811689e-02
-9.2267595025e-03
-1.9830195272e-02
8.0636752997e-02
-2.5334781950e-02
5.5848779736e-02
-2.7674685906e-02
8.9431480303e-04
9.0296852050e-02
4.4291235951e-02
-4.7558017482e-02
-4.4189582348e-02
9.5220561642e-02
-2.4969929623e-02
-1.8867028758e-02
-5.8092279518e-02
-3.7096307604e-02
-6.1255815038e-02
2.6832269431e-02
4.9069174604e-02
-2.0119745175e-02
-5.2595027763e-02
-9.6159380559e-03
4.0706162338e-02
-3.4610709529e-02
-7.4763788938e-04
5.5724903591e-02
3.6376740230e-03
-3.6650214417e-02
-1.9407568015e-02
-7.4170899731e-03
-5.6060890710e-02
-4.5772593123e-02
-2.3104904391e-02
1.3726595665e-01
-1.0198005604e-02
-1.2140884579e-02
8.5660776004e-02
1.5524285796e-02
1.1779889402e-01
-6.6203016252e-02
-1.9569164508e-02
-1.2072703704e-02
6.1904424994e-02
-2.2215033975e-02
-2.1513172528e-02
-5.1093693567e-02
-6.0364459637e-02
-4.6923009676e-02
2.3018933065e-03
-6.4464903482e-02
1.6751501939e-02
-6.1464926142e-02
1.2105319955e-02
1.3106012915e-01
4.7315935894e-02
-1.9841362629e-03
1.1529279504e-01
6.2904912468e-02
4.4265580486e-03
-1.9437330521e-02
2.1219074029e-02
5.3696126188e-02
-1.5058379535e-03
6.1845134310e-02
1.4582290372e-02
-6.1845562562e-02
7.6568125642e-02
-5.4393725948e-02
2.2267615952e-03
-3.0446308111e-02
6.4921163377e-03
-3.0305692566e-03
1.0384759867e-01
-2.6258819462e-02
-3.0785855525e-02
-8.5791994455e-02
-2.3994221566e-02
1.4643760018e-02
-1.2045232502e-02
1.0418122845e-01
-2.3539074112e-02
3.1855190907e-03
9.9400471532e-05
4.5274766243e-02
4.4781706106e-02
-1.8318529226e-02
7.8508481182e-02
-2.7242123106e-02
-6.1249219497e-02
5.4999476750e-02
1.3718627157e-01
-1.1991882484e-02
-2.5008040003e-02
-4.7703173027e-02
-3.4116052189e-02
-1.4563657288e-02
5.6161574340e-02
-1.2935294777e-02
1.1608745794e-02
1.7036498160e-02
-5.7689722240e-02
4.1333109029e-02
1.2576416453e-01
1.4045247127e-02
-4.8712005378e-02
-9.2380966643e-02
1.7063616893e-02
-5.5064139243e-02
-2.3358429500e-02
-3.5321106919e-02
-9.3322966831e-03
3.8853062550e-02
-1.3940968450e-02
8.7968880959e-02
-7.4851059251e-02
4.5895913860e-02
4.6141906746e-03
-9.0137651839e-03
-5.6860252348e-02
-5.8019294666e-02
-6.9361563216e-02
-7.1640604473e-02
2.5173911360e-02
2.8273629457e-02
-1.1060146835e-02
2.4077550400e-01
-5.1943464605e-02
-4.7898759330e-02
-8.1369517183e-03
-4.9802435860e-02
8.8563802410e-02
-9.5127127703e-03
9.4001427999e-02
3.4164429372e-01
8.2201761532e-02
1.3972411307e-01
2.2166108802e-01
6.4068100517e-02
1.6025756935e-01
8.4180889629e-02
2.4435045631e-02
-6.5803632606e-02
3.8728656839e-02
-5.2386219240e-02
-2.9502281501e-02
-2.0100113320e-02
2.8143415646e-02
4.3043502641e-02
-4.4835895267e-02
-6.0391426607e-02
3.6907917133e-02
2.1261097247e-02
-3.5534565967e-02
-8.3814988303e-03
-3.2359496491e-02
-2.6582629416e-02
3.0313452623e-02
-6.0892639556e-03
6.8138070493e-02
3.0578726931e-02
-1.9682610421e-02
-5.9747869333e-02
4.1335383111e-03
1.0225993003e-02
6.3786325285e-02
5.8609308723e-02
