1.4775907243e-02
8.1381636396e-02
4.3213588999e-02
-2.0513363059e-02
5.5448489141e-02
-1.2759254873e-02
-3.0419001810e-02
5.3353830506e-03
1.7042894382e-02
-2.9839170604e-02
-5.2935964211e-02
2.5370250030e-02
3.1006927032e-02
-5.9607614147e-02
-3.4758195440e-02
-2.8498021812e-02
-4.5816511355e-02
3.2626471476e-03
8.1302592827e-02
1.8375797348e-02
8.3566109398e-02
7.3486101384e-02
-5.4280773531e-02
2.8778790118e-02
5.5608921326e-03
1.7509521753e-01
-3.6670871583e-02
-5.1847560365e-02
-4.7801450322e-03
-8.9150178321e-05
4.6861230609e-03
1.9072148985e-01
-2.5502549092e-02
2.8365087622e-02
5.9768656670e-02
1.3151298190e-01
-4.1369329675e-02
8.0681860520e-02
1.2825073952e-01
3.3025875724e-02
-4.7831751136e-02
1.9423721437e-02
-1.9707020618e-02
-5.1571759539e-02
1.2145541585e-01
-3.9563484425e-02
8.0593789580e-03
5.2710816434e-02
3.8936221178e-03
-8.5506536123e-03
1.2165269141e-02
-4.9692518576e-02
3.6592455370e-02
-8.4408505270e-03
-5.6370703493e-02
-2.1710958142e-02
-8.8412417782e-02
4.5480402940e-02
7.0035961223e-02
-5.3192599415e-03
-6.8247694260e-03
1.0985098410e-02
5.9068370435e-02
6.7619574043e-03
-2.3307726400e-02
-6.0129464117e-02
-2.2071686957e-02
1.7167999547e-02
-5.1421602422e-02
4.5400903596e-02
3.2957192779e-02
-7.8042086164e-03
7.2067956050e-03
-5.5803564078e-02
1.1204064211e-02
-5.1914154030e-02
3.9748213655e-02
-3.9490159320e-02
5.7195981527e-02
-1.3174526100e-02
1.2468674920e-02
1.1283880479e-02
-2.7763059742e-03
-1.8008538451e-03
-2.2415295847e-02
-7.9393328147e-03
-1.2073987661e-02
1.0389791481e-01
-5.3298029586e-02
-2.9760639468e-02
-5.0024119793e-02
1.4974108334e-01
-4.6044728970e-02
-3.9481791363e-02
5.7256583617e-02
4.0398465268e-02
-4.8653383073e-03
1.0891913739e-02
5.5856289489e-02
-5.7598280977e-02
-2.7756377378e-02
-2.2596640097e-02
-6.0347821360e-02
5.3044583813e-02
6.4811206762e-02
-3.5961565437e-04
6.5502515464e-02
4.6928577762e-02
4.0769715450e-02
-1.3761476229e-02
-5.5656928668e-02
5.9429580499e-02
3.2009009731e-03
-6.7066401000e-02
1.6768365505e-01
1.4004245862e-02
-2.1861395790e-02
-8.0919225407e-03
-2.1564133570e-03
6.5690110383e-02
-4.9905889685e-02
2.1717193486e-03
-2.9445568894e-02
-5.0987794748e-02
3.2940976414e-03
2.5608094574e-02
-4.0941646409e-02
-1.8098698484e-02
8.6064565189e-03
-5.1589899325e-02
-3.3277202426e-02
7.9209879871e-02
-2.1017844103e-02
5.8754336951e-02
-4.6977279513e-02
8.5747439136e-02
-2.2769966875e-02
-4.5296780786e-02
-8.6769847992e-03
7.0823025011e-03
-1.4506941555e-02
-6.6307939519e-03
6.8795802481e-02
5.5180724245e-02
-2.9305201797e-02
1.0813748273e-01
-2.7027606621e-02
-2.6375870699e-02
3.9736578170e-02
-5.0482874215e-02
1.9675416357e-02
-7.4343723525e-03
-2.9534133364e-03
-3.8743708542e-02
-2.1986378545e-03
-6.2912504158e-02
-3.9908737003e-02
8.7312899128e-03
6.6515481418e-02
3.1839237960e-02
-1.6581310182e-02
5.8143806079e-02
1.0089410573e-01
-3.7284987636e-02
6.1717914900e-03
-3.4236091338e-02
-4.2558516249e-02
1.4381374870e-02
1.1751250948e-02
-3.7365110990e-02
-1.4999253343e-02
-2.6292928988e-02
-1.5175720147e-02
-1.6543421691e-02
3.6872890515e-02
5.3251452122e-02
5.0240871064e-04
-1.2281698806e-02
-8.0127000778e-03
-1.9874876485e-02
3.8976464566e-02
7.9501628752e-02
-8.9470116064e-03
-6.3273186627e-02
3.1700171938e-02
4.7909968720e-02
-3.9290555055e-02
-2.0242020313e-02
-3.0910292342e-02
-2.1397947292e-02
-4.2754414401e-02
2.3340767183e-02
1.0489525167e-03
-4.4989832702e-02
5.1711108764e-02
6.1499670037e-03
-3.9456625891e-02
-3.7845486402e-03
-4.5621964597e-03
1.2254416279e-01
1.3463171564e-02
-2.3175383490e-02
2.3736988929e-02
5.4488728749e-02
-1.4748508906e-02
1.6640866869e-02
-1.7167806878e-02
3.0692939450e-02
1.4561618081e-02
1.0630511370e-02
2.0592410256e-03
-7.1289999525e-02
3.1767984814e-02
8.8748981022e-02
-4.7451313098e-02
-3.6788856151e-02
-5.0326458614e-02
5.5772770555e-02
-6.8580345711e-02
-5.6043939684e-02
7.2078652678e-02
-1.7985455404e-02
-3.5171477946e-02
1.3347486101e-02
4.6569369038e-02
-1.5501954551e-02
5.6728915912e-02
1.1008770078e-01
-3.1748127034e-02
-5.3280272686e-02
-4.0401273376e-02
-3.8667907176e-02
-6.9770205036e-02
8.1010118104e-03
-1.6910766990e-02
5.4063808623e-03
9.5262565573e-02
-1.7529326358e-02
6.6651536163e-03
-2.1008730666e-02
-1.4229414542e-02
6.8468757086e-02
1.7143179556e-02
-2.0793670954e-02
1.1164028798e-01
-4.4100802592e-02
2.2726290044e-02
1.0449195029e-01
-3.2924154831e-03
3.6901493579e-03
-2.3943840081e-02
-2.2587277610e-02
2.8141176059e-02
2.1419331943e-02
7.4838104052e-02
4.2381112590e-02
8.6053740934e-02
1.3747550813e-02
-6.6643972443e-03
6.6273310841e-03
1.8190943839e-01
-1.2545139060e-03
1.1563587536e-01
-5.9197633167e-02
-4.1977067478e-02
2.3612265615e-02
-4.4593730654e-02
-4.1197206896e-02
-3.6362238344e-02
1.5141374450e-02
-2.2724882969e-02
1.6531975991e-02
4.3165534987e-02
-1.0664418837e-02
6.8291362812e-02
-5.1406655890e-02
1.1209669040e-01
1.4193961420e-02
-2.6882977550e-02
2.1772555993e-02
-2.2217328737e-02
4.3476874326e-02
3.5663486207e-02
8.6991042334e-03
-3.0042187258e-02
2.7395261807e-02
-3.3945392881e-03
-6.6101310091e-02
-1.6380112735e-02
7.6735182135e-02
-6.0935452082e-02
-4.0006041305e-02
1.0982605350e-03
-5.4441130029e-02
-5.1954443382e-02
1.5952666645e-01
-4.5501147204e-03
4.1347321516e-02
-1.3483410693e-02
-6.0376784252e-02
6.4861703194e-03
-4.8960982889e-02
2.3709479830e-02
-2.7003848067e-02
-1.9390570178e-03
-1.0583502342e-02
8.2367514080e-03
6.8943939270e-02
1.1826089333e-01
6.0119473162e-02
-1.4858425521e-02
-2.7355875971e-02
-1.8511372422e-02
2.2821611864e-02
1.3609109314e-01
-2.7320129565e-02
-1.8403001579e-02
-5.3910099855e-02
-4.2381462195e-02
2.3207320204e-02
1.3198509418e-02
4.5248252629e-02
-4.7498699846e-02
-4.4701634989e-02
6.6286988148e-03
-2.0627144061e-02
-1.2942729685e-02
3.7132656147e-02
-3.1848615185e-02
-5.2291302009e-02
-4.3397885249e-02
3.7264871393e-03
2.7942292094e-02
-2.6656259346e-02
-5.2236777188e-02
-1.1513940053e-02
-1.8533436287e-02
-5.6629475482e-02
1.6756159215e-01
9.4510857746e-02
2.4417973287e-02
-3.4662570509e-02
3.6075465302e-02
-1.5811863252e-02
-3.9911663886e-02
2.3438695762e-02
1.5493584820e-02
8.4238038415e-02
2.0297055183e-02
-1.1445156136e-02
1.1969578690e-01
-1.6077720723e-02
1.3487812751e-01
-1.0986695050e-02
2.8976213772e-02
1.4631710800e-02
-4.0228035406e-02
1.8550887386e-01
-4.2078486947e-03
7.7377007826e-03
-4.9012248857e-02
5.1048996745e-02
-2.6882217960e-02
-2.6377675277e-02
-6.3261575700e-03
-1.3289814247e-02
2.3851518872e-02
-5.4730621788e-02
1.0350801919e-01
1.9697518057e-02
2.3218878666e-02
1.8198988754e-02
-1.3706943786e-02
7.6256592875e-02
-4.9818891445e-02
-2.6602319169e-02
-2.7179367540e-02
6.6717418244e-02
3.7945114316e-03
-2.4019272819e-02
-3.0326098917e-02
-4.6070715171e-02
-2.2590937922e-02
-1.9405732010e-02
3.0237698206e-02
-6.1796658598e-02
-1.5918018681e-02
6.5252684343e-02
-9.6926948758e-03
-4.5100984860e-02
-3.1170895958e-02
5.8985174956e-03
7.2519517419e-02
1.0461177244e-01
-6.5549733211e-02
-2.2562065675e-02
-3.1880928654e-02
-6.4076170443e-02
-2.9010494047e-02
2.3497366094e-02
-5.4227765012e-02
1.5184006856e-03
8.7621403591e-02
-4.0326330806e-02
-4.7716415915e-02
-7.0626519987e-02
-8.2798491434e-03
-3.3613447543e-02
-2.6198136145e-02
5.1296792760e-02
1.1368320565e-02
-2.8637531373e-02
-5.5418505732e-02
2.0642842978e-02
-2.2763274724e-02
1.6046240517e-02
6.3091732023e-02
-1.0788992732e-02
5.5390525073e-02
2.0328997623e-02
1.1592043067e-02
-4.1097900716e-02
-4.5884147352e-02
-4.6111418937e-02
4.8376802311e-02
-6.1321237099e-02
1.0254010782e-01
6.9552381206e-02
-4.2282810398e-03
-1.6252176059e-02
-6.4142488734e-03
1.0022020191e-03
4.4869686005e-02
3.6966087953e-02
7.6180402781e-03
-1.1781931886e-02
-3.0968081091e-02
1.2120517582e-01
3.2444627865e-02
-1.8585381644e-02
-1.1282826135e-03
3.1173099319e-02
4.2703453283e-02
1.5658777102e-02
1.3789977262e-02
-5.0730435554e-02
-4.1498027328e-02
2.6986774680e-02
-3.4825459848e-02
-1.1071365628e-02
2.5327218225e-02
3.6213909172e-02
-1.7175181661e-02
1.8817868761e-02
-1.2086404709e-02
2.0246225999e-02
8.8237845915e-03
-8.6065662432e-03
-5.1047836388e-02
-4.9801700905e-02
3.5855433555e-02
1.3064735844e-01
-4.5269062889e-02
-3.5959806545e-02
-2.8382360599e-02
8.1861963432e-02
-1.5960797853e-02
-2.8400583156e-03
-3.1551940275e-02
-4.7176234785e-02
-4.4525135572e-02
8.5249929516e-02
2.5880132535e-02
-2.6692656062e-02
4.3094669215e-02
-3.9286704834e-02
-4.6293833997e-02
-4.1186005281e-02
7.3159594266e-03
-6.8467514626e-02
-4.9538896660e-02
-5.1880822651e-02
-2.0097190989e-02
-3.9185225892e-02
-3.5583984629e-02
2.1619632389e-01
1.0692198440e-02
6.9060633143e-02
1.0230657433e-01
4.5217297685e-03
4.6410628248e-02
2.3393502051e-03
-3.1144769834e-02
-6.8472641983e-03
-8.7329267802e-02
5.3140163994e-02
-3.3281273216e-02
-7.7512678171e-02
2.0215851855e-02
1.8661719832e-01
-2.6285532975e-02
6.4630997537e-02
-5.5380473981e-02
9.9176380168e-02
-3.2834379350e-02
-6.2786588239e-02
3.7905553049e-02
2.5435193371e-02
-6.1199863666e-02
-3.4000311523e-02
4.9974822238e-02
4.7615197407e-02
5.4171527623e-02
-8.0335804931e-02
2.9631181324e-02
-5.4607180539e-02
-2.9384508123e-02
-2.2965827560e-02
-1.7025450884e-03
8.8789134819e-02
2.4599060501e-02
-3.0753299362e-02
6.5663509260e-02
-1.7605477156e-02
-4.4449379831e-02
6.3449588571e-02
7.6673095640e-03
2.8344000591e-02
-9.5496084258e-03
-2.5635780682e-03
4.5250483424e-02
-5.5131219640e-02
-2.9882697388e-02
3.7002473644e-03
-5.5040554788e-02
-1.2059739262e-02
2.6151353373e-02
2.6060022412e-03
6.0963621458e-02
-1.3522031778e-02
2.1093450490e-02
2.3414597247e-02
4.5068837940e-03
-1.3136323310e-04
6.5986937984e-02
-2.5708569390e-02
-1.1137437526e-02
4.5871557389e-02
-5.5426562335e-02
1.6181626580e-01
3.0542195069e-02
9.6682277808e-02
4.0398207913e-02
-3.3885326937e-02
-2.6183949513e-02
-1.9606830181e-02
-4.3704334060e-02
-9.5889741715e-03
6.0572939985e-02
2.2423386799e-02
5.4631946492e-02
1.1722735526e-01
-8.6225913707e-03
-4.6369947064e-02
3.9902767944e-03
3.6893120257e-03
1.9071155099e-01
-5.4819274209e-02
-9.8458579118e-03
-3.8105138236e-02
-2.6548223066e-02
-3.3294529354e-03
-4.4532834975e-02
-4.3645406438e-02
-3.1342851468e-02
5.4664845618e-02
8.4592601929e-03
6.9760836218e-02
-1.0079281344e-02
8.0559774596e-03
2.8106337826e-02
-6.0420467826e-02
7.7231702526e-04
3.7662149141e-02
7.1079365033e-02
4.2083127990e-02
7.0242044658e-02
7.5734721381e-03
5.4490863133e-02
-2.1369242499e-02
3.0372825351e-02
-5.0592962504e-02
2.5872425425e-02
-6.1751370477e-02
-9.8471717576e-03
6.9645333955e-02
3.6267268681e-02
9.9977131909e-02
-4.4016889215e-02
1.0446277560e-01
1.8370243769e-01
1.8109253672e-03
-8.8659813319e-03
-2.2708130013e-02
-4.2872850208e-04
-4.2564854060e-02
-2.0452710149e-02
-1.6696927234e-03
-2.2263977233e-03
1.5529366190e-02
3.4237032664e-02
-2.2651209452e-02
1.1186266920e-02
-3.0527904470e-02
-4.1363972514e-02
-1.0005552318e-02
-1.9979317656e-02
-2.8961419777e-02
-2.3261252033e-02
8.0499957690e-02
-4.3414235431e-02
-2.9376588033e-03
3.3976484993e-02
9.3159151147e-02
-1.2505211250e-02
4.2466230603e-02
-1.3915957144e-02
-3.2678716165e-03
-6.9093567285e-02
3.3777314110e-02
-1.9189492780e-02
3.1911843805e-02
-1.5756902721e-02
-3.3406007348e-02
4.8419360389e-02
-1.5000086963e-02
-6.3149864825e-02
-1.6895050560e-02
1.5906066810e-02
7.5745102942e-03
-3.2639037514e-02
-1.1328025567e-02
-2.1839011079e-02
1.2522556104e-01
-4.6445884383e-02
4.8176530051e-02
3.3610284117e-02
-5.6334132260e-02
-8.0029225460e-03
-6.5078325417e-02
7.6528040400e-02
-5.0962452919e-02
1.7591438079e-02
-4.1546622252e-02
-4.3593143716e-02
1.0498989634e-02
-4.8043635257e-02
3.1315653780e-02
2.9364238970e-02
2.6919770529e-01
1.3032286687e-02
-1.8398538901e-02
-1.4495364199e-02
2.4061772425e-02
-1.7291344506e-03
2.4624049704e-02
-3.8785869779e-04
-2.0487914872e-02
1.1347464781e-01
1.6818802103e-02
-6.4172501566e-02
3.0172196975e-02
-6.5917153722e-02
-4.3930919172e-02
-2.0897515707e-02
-1.2070151307e-02
2.9215276137e-02
-3.1402336231e-02
-2.2749978039e-02
-3.5919395424e-02
-1.7652449262e-03
2.0933548809e-02
9.8685101328e-02
-4.6166525800e-02
-2.8995525034e-03
-2.3533247501e-02
-4.7142385519e-02
-1.3355285639e-02
-3.8785083922e-02
-6.3444276012e-03
-3.7608194219e-02
4.1186560522e-03
-2.8328037728e-02
-5.2307352552e-02
3.0806325147e-02
-4.3971075698e-02
-1.9851323880e-02
3.7464158664e-03
-1.2799479676e-02
-5.8999982838e-02
-2.3030381237e-02
-1.8476140859e-02
2.3771679601e-03
-4.7809618496e-02
-5.3739721533e-02
9.5293236348e-02
8.9355300827e-02
2.3832512698e-02
1.4506215319e-01
5.3188966943e-02
1.2437865073e-02
9.4922699410e-03
9.0729459771e-02
7.4324574839e-02
7.8362415231e-02
-1.6583523818e-02
-6.1869624102e-02
1.6087600446e-01
-3.1910795658e-02
-4.7907294689e-02
-3.5290863664e-02
4.8518676675e-02
-5.1698461178e-02
-3.8871914240e-03
1.2577006959e-01
6.3884792417e-02
1.7083885126e-02
5.2381423814e-02
-1.0140014832e-02
-2.4389070126e-02
3.5064959172e-02
-7.6255911470e-03
-2.8287522113e-02
-5.8025242801e-03
-4.2475497301e-02
-6.6919003325e-02
1.9950850976e-02
2.5856381459e-02
-1.8879464596e-02
2.1171739913e-02
-6.6788774323e-02
-2.6324184635e-02
-4.3003035187e-02
4.7173444432e-03
9.2676301837e-02
1.6007659850e-02
1.7142653188e-02
6.7798998857e-02
-2.2816399199e-02
7.0735681026e-02
-1.1320306507e-02
-5.4736802164e-02
1.2235368589e-01
1.9024542800e-02
-6.2025021735e-02
-1.0335910494e-02
-4.1108599790e-02
-4.4284368606e-02
-1.1618180726e-02
-5.3537671453e-02
-1.2352338743e-02
-3.7410567624e-02
-2.1030148482e-02
3.1754685907e-02
4.7002855096e-02
3.7170405821e-02
-6.0722050305e-02
1.8291536264e-02
-3.5363515888e-03
-4.7164153802e-03
1.7835392924e-02
-2.0078826239e-02
-1.6451937791e-03
-5.3798925827e-02
-6.4355357551e-02
-3.6133577294e-02
2.3968357504e-02
3.9601677493e-03
9.8687608715e-02
-1.5446184417e-02
-2.0868546569e-02
4.3448091526e-02
-9.9304659880e-03
1.4189496082e-03
-2.5077231517e-02
6.0899004647e-03
-1.1480664707e-02
-1.5879144732e-02
-3.4040566767e-03
-4.2300674021e-02
6.4573669620e-03
-3.1102666575e-02
-4.4743695937e-02
-8.3161046456e-03
8.2017134006e-02
-2.4542375463e-02
-3.4786684120e-02
-6.2317473360e-03
1.3773517950e-01
9.4762565553e-03
2.4923952165e-02
2.4338343012e-02
9.2138372549e-02
1.3075272693e-03
7.0293306895e-02
3.8943013382e-03
1.5023837580e-01
2.3645687087e-01
-3.5584230092e-02
2.4206664765e-02
1.6919605568e-01
7.8145838746e-04
-5.8481860302e-03
2.6442045858e-02
-3.6741824321e-02
9.1920737790e-02
-6.0082459594e-02
-2.4342077875e-02
1.0698029966e-01
2.9678129746e-02
9.1549682231e-02
2.4832945285e-02
2.9020651538e-03
6.6532647829e-03
2.6106590557e-02
7.2566899062e-02
-3.4273367901e-02
-2.8853477305e-02
-5.0839370200e-02
1.2217983541e-03
-5.5541143830e-02
-3.1371724356e-02
-5.0883214911e-02
-7.7245736553e-02
5.1023677162e-02
6.6914744327e-02
6.1661853994e-02
-7.3977335492e-02
7.6772774752e-02
-1.3034011139e-03
-4.1662445135e-02
-1.7687515807e-02
-6.2744976183e-02
-5.6502692361e-02
-2.7655156510e-02
-5.3377722521e-02
-1.3657269328e-02
-2.5225024724e-02
6.4839055424e-02
-6.1388703037e-02
-7.1877216998e-02
-3.2462625642e-02
-2.8921376580e-02
-2.8389903331e-02
7.0638511402e-02
-4.8851196540e-03
2.2804263791e-03
4.7359732690e-02
-4.3001979946e-02
-4.3868530865e-02
6.9532150305e-02
-3.4886935115e-02
-9.5542645984e-03
-2.2854541936e-02
-4.7503151914e-03
-5.9299918293e-02
1.5914715694e-02
-3.2748487866e-02
9.4926804268e-03
1.7550457816e-03
-3.9232322322e-02
-5.1256711154e-02
1.8654233831e-01
6.6283106126e-02
-5.7432286074e-02
7.3851296739e-02
-5.6880160855e-02
-3.3361116779e-02
4.5860441309e-02
-6.0977356773e-03
-7.3468413513e-02
-6.0713031974e-02
-3.3830811958e-02
2.1450343993e-01
3.9080865399e-02
3.3448885627e-02
-6.1010206496e-02
-3.0946806506e-02
-7.7422776481e-03
-3.9493221134e-03
-1.6490361522e-02
-3.5493285090e-03
-1.5119549122e-02
-1.8267569975e-02
-2.8641274048e-02
-4.2867867678e-02
-4.0866123208e-02
4.7057901901e-02
-2.9805932346e-02
-4.0837629485e-02
-4.7979984770e-02
-1.6984245328e-02
-2.8281646353e-02
-1.5958188820e-02
-1.4819116413e-02
2.4417055438e-02
6.6339288730e-02
-8.4806838417e-02
8.5786061595e-02
3.0408234737e-02
-2.1159754024e-02
3.6731219874e-02
-4.0329065120e-02
1.2684356620e-01
6.4144800016e-02
7.3971449591e-02
-3.9482824971e-04
3.6180139412e-02
-5.3137563902e-02
4.7399491623e-02
4.2370237932e-02
-5.3498408004e-03
3.5653558920e-02
3.6521966618e-02
-3.4708799862e-02
-8.7496192384e-03
-1.2758894292e-02
-1.2161616104e-02
1.7461273443e-02
-8.3307283233e-03
3.5630350200e-02
-4.4481555076e-02
-2.9949970385e-03
6.2631294158e-02
-3.9354844918e-02
-2.9957709288e-02
-2.9338775107e-02
-5.5103019681e-02
-3.3480312160e-02
1.8744120850e-02
6.0492868261e-02
4.0718743418e-02
3.0361321589e-02
-3.9501199543e-02
2.1805679590e-02
-2.2691644207e-02
-1.9878033076e-02
-3.6963822931e-02
1.0185381856e-01
2.0902033721e-02
-1.4651527825e-02
1.8813861071e-02
-5.2452893361e-03
-1.4813683435e-02
5.0970683946e-02
1.9958821380e-03
-1.3316533725e-03
-7.0752279898e-02
1.0137212400e-01
2.5721819598e-02
2.1281760429e-02
-2.8379367185e-02
-2.0678377123e-02
-3.8479065711e-02
2.9909372693e-02
3.8712983228e-02
2.3093159876e-02
2.9578351901e-02
-5.2138094581e-02
4.3252033979e-02
-1.3193874854e-02
2.6954052769e-02
-3.9526979740e-02
9.7256914874e-03
-1.3233475522e-02
-2.6211932753e-02
5.3179441763e-03
-4.3229142745e-02
-1.8867100732e-02
1.7373192736e-02
-6.3382506986e-02
3.2263774760e-02
-3.9217009163e-02
3.3563922210e-02
1.4773242919e-02
3.9350343593e-03
-1.7807764284e-02
4.0058106817e-02
-4.8057834517e-02
5.2246904349e-02
2.7301181063e-02
3.0887784697e-02
-5.4154465000e-04
-5.4453310503e-02
7.4369155664e-02
-2.3710068526e-02
-4.9335153409e-02
1.1965143594e-01
4.5215884085e-02
-2.5313127806e-02
6.7906201729e-02
-5.4911393390e-02
-5.1824517154e-02
-1.4737107663e-02
-3.2644366189e-02
-2.9494342349e-02
5.6294833367e-02
4.0423963618e-02
-8.7977300156e-02
6.1836120767e-02
-5.9811698384e-02
1.5132455138e-01
2.7301025281e-02
-4.6126923587e-02
8.3215822077e-02
2.8512072540e-02
-7.3761435223e-02
1.0216390790e-01
3.5656870295e-02
-3.8302193558e-02
1.0710993749e-01
-1.9811671060e-02
-2.9760551724e-02
-3.2447767968e-02
-9.3804412452e-03
5.3526252254e-02
1.9954371812e-02
-6.5596978713e-02
-2.7631691054e-02
1.3785921487e-02
8.4940195590e-02
6.9559025887e-03
-3.0165828779e-02
6.5900058398e-02
-4.6391716481e-02
-6.7107875109e-02
8.7094255782e-03
-1.5747912256e-02
1.2743673599e-01
2.0296873354e-02
5.7768074891e-02
-3.6188692475e-03
5.4615604434e-02
-2.7411657388e-02
-8.6450344216e-03
5.1593246932e-02
6.5768153081e-03
2.4993391821e-02
-5.3140895705e-02
-5.4575709107e-02
5.3373676734e-02
-3.1388096260e-02
-5.7732606273e-02
-4.5562296729e-02
5.0220850749e-02
6.2953238639e-03
-1.1232832361e-02
1.7603755837e-02
-2.1048083545e-02
4.0023687984e-02
8.2127866536e-02
7.8017444858e-02
-2.5241851225e-02
-5.0446702446e-02
-4.7417368306e-02
5.6567957240e-02
-3.5137221536e-02
-6.2025082169e-02
2.3461139826e-03
2.6772350333e-02
-3.6615247831e-02
-3.8281188835e-02
6.4120830762e-02
-3.4145945302e-02
-2.9935296130e-02
1.4333187818e-01
1.5787855058e-01
-4.4329815940e-02
8.4681618381e-02
-4.3786072029e-03
-7.1573295084e-02
-5.5259665165e-02
3.6642900213e-02
-7.4551944788e-02
7.5609173738e-02
-1.2226554518e-02
-8.8194590371e-03
1.9038206376e-02
-1.8102455542e-02
1.5915294590e-01
1.4398585059e-01
-1.9198686994e-02
-3.2228709137e-03
2.3510685027e-01
-3.4124392313e-02
7.8280926113e-02
-6.7586086459e-02
-4.8802524983e-02
-1.9922434919e-02
-3.7488034789e-02
-2.0488012941e-02
-3.3523459350e-02
-3.5052345448e-02
-5.4090994212e-02
1.5904275140e-02
-4.4748034815e-02
-2.2403095829e-02
-2.3616625144e-02
-3.2529728624e-02
5.6977439208e-02
-2.2198907844e-02
-7.1836028015e-02
-5.9076155844e-02
-8.9495734514e-03
3.1767655123e-02
9.9547577600e-02
-3.4045214889e-02
-4.0859056308e-02
2.8123194087e-02
1.1681907401e-01
-3.7768969185e-02
-3.4737123248e-02
3.2763214112e-02
8.0027913257e-02
-1.3243893954e-02
3.7970720746e-02
-4.6144505723e-02
7.1534318636e-02
2.9395274429e-02
-5.4754483582e-02
-5.8842345549e-02
-5.3375411641e-02
-9.9704360703e-03
3.3130458581e-02
-3.1118121313e-02
4.0648065723e-03
4.1570079941e-02
6.9789997960e-02
7.5235216435e-02
-6.1773324608e-02
9.3412244547e-02
-6.1255292447e-02
-5.8561008670e-03
-4.5485066910e-02
-2.5087337887e-02
-4.5475496215e-02
1.1673788525e-02
-8.7627363513e-03
2.3624842419e-02
4.0908526315e-02
2.7955142681e-02
-7.1269318810e-02
1.2270402601e-01
6.1126306361e-03
1.1024130890e-01
-1.2773349131e-02
1.5613702186e-02
-3.5758005199e-03
-7.2355065026e-03
9.0968057384e-02
4.5819015524e-02
-4.7758615485e-02
1.4068123880e-02
-1.6698062661e-02
-7.3673208084e-02
3.4881200453e-02
2.0987016463e-02
9.5393505044e-02
-1.1725723848e-02
-3.3350918468e-02
1.0448584707e-02
1.0346959896e-01
6.6469735079e-02
-2.4721533538e-02
2.3086341370e-02
-7.0226221229e-03
1.4118882620e-01
-3.7225609653e-02
-4.6345473633e-02
4.3915015708e-02
2.6297828254e-02
4.0942482379e-02
7.6901582912e-02
-4.5614852373e-02
-2.7791292701e-02
1.1435329112e-02
-3.4532340573e-03
-4.8748698875e-02
-6.5294941688e-02
2.9058188154e-02
-2.4921883903e-02
-2.7669903254e-02
3.4439042986e-02
9.7111827618e-04
-2.7077379982e-02
-2.1397901657e-02
2.9143626070e-02
-1.4031408869e-02
3.1390613670e-02
1.1479849746e-02
2.6435767450e-02
-6.7525723423e-02
-2.5252619496e-03
-3.4418417012e-02
1.2965849903e-02
-2.3185592544e-04
-2.8818680555e-02
-6.9415448181e-02
-3.2813747661e-02
4.1214801642e-02
-3.5293566032e-02
1.1454568505e-01
-2.3890444088e-02
-4.9348035904e-02
-7.1119505452e-02
1.6500593050e-03
2.2918953902e-02
7.0733529223e-02
-7.3293652936e-02
6.3889496672e-02
-4.7853403385e-02
-4.2306097557e-02
-4.2281379217e-02
8.5894684591e-02
-7.1302317071e-02
5.6117190221e-02
3.9233040856e-02
2.1607560389e-02
-3.5690805037e-02
-1.5664638522e-02
3.9651871079e-02
-2.6935283271e-02
5.9114495489e-02
3.1522053250e-02
3.1155011249e-02
4.7726064473e-03
2.6576299760e-02
-1.0936529397e-02
1.8128192589e-02
-1.0286512153e-02
4.9867392992e-02
-1.8028897434e-02
4.8616983201e-02
-1.0434113359e-02
-4.2595085974e-02
-2.2909574281e-02
-3.4665810320e-02
-1.7741096100e-02
-4.5580658797e-02
-8.7672121993e-03
6.6971625146e-02
-4.9548178299e-02
-2.5149351075e-02
4.2363045461e-02
-1.8257612630e-02
-5.0843300789e-03
-1.3639641966e-02
4.0972413469e-02
-8.3316665591e-03
-5.4385384574e-02
-6.5333425724e-02
-1.1801242412e-02
1.9710986979e-02
-6.1077124441e-02
-4.7617927066e-02
1.1522314845e-03
1.2634732812e-02
4.3758427865e-03
3.0845896733e-03
-2.6348816407e-02
-5.6169434262e-02
1.2626255741e-02
2.1778813040e-01
-1.6355264024e-02
-1.2759894681e-02
2.4561603519e-03
-3.7970656922e-02
-8.9487562579e-03
-4.8293087736e-02
1.8766987110e-02
-3.5180325025e-02
1.6186061283e-02
6.2675100845e-02
-5.4594873892e-02
-3.0040494543e-02
-6.9013466266e-02
3.1919887089e-02
7.0608981540e-02
-5.5749194227e-02
1.1959344772e-01
-5.8660537349e-02
2.3953110081e-02
6.6157001002e-02
-3.8836776524e-02
-6.2487722469e-02
-2.1320309378e-02
-4.0251595994e-02
-1.7553087210e-02
3.6059156849e-02
7.4281526962e-02
-1.5615465613e-03
3.2712870150e-02
1.6958317881e-02
1.2041827115e-01
-3.8709517619e-02
3.4297409449e-02
2.6886181824e-02
4.7945157222e-02
-2.5979354393e-02
6.0827110333e-02
-1.9551005094e-02
-2.0869605531e-02
-5.1674529787e-02
-4.5776746559e-04
9.1582117364e-02
1.1764097143e-01
-6.0400416824e-02
-8.1767678037e-03
-9.6016625492e-03
-2.9003453224e-02
4.9585497841e-02
-4.1812802312e-02
5.9641738615e-02
-6.6995866212e-02
-3.8456033061e-02
9.1844199513e-02
-2.6880617750e-02
2.4914313878e-02
-1.9904225287e-03
-2.4478159064e-03
-3.0064592116e-02
4.7482786900e-03
-6.1658708963e-02
9.4639155723e-04
-2.3116032508e-02
-3.7761184751e-03
-3.1941547341e-02
-2.7770202936e-03
8.5819396994e-02
-1.9205317793e-02
2.1234894871e-02
1.4389975887e-02
-4.8909019663e-02
-3.4484686502e-02
8.1893637440e-03
-1.1568595942e-02
-3.5948894119e-02
-2.3549820018e-02
-1.6516587561e-02
-4.5854794535e-02
3.7931562732e-03
5.0980775994e-02
-6.3374702784e-02
1.2490448975e-03
-2.2220103877e-02
-2.3925194316e-02
6.9322970719e-03
-1.1075625106e-02
-2.4499112956e-02
-6.0161108950e-02
-5.6247654834e-02
6.6914670954e-03
-2.2605659353e-02
3.5654203562e-02
1.4062056290e-01
8.3473994339e-02
4.9768990803e-02
-6.1052585570e-02
-2.2284754726e-02
4.7224106991e-02
-1.6771432251e-02
-6.8561716864e-03
7.9207041151e-03
-4.1687555313e-02
1.2710320411e-02
1.1933783258e-01
-3.3251020319e-02
6.3027642888e-03
5.1427641733e-02
-1.0089835968e-02
8.4086644125e-02
6.9729490839e-03
1.7986648740e-02
-3.6414321058e-02
1.8355126307e-02
-1.6716642584e-02
3.5293289507e-02
2.8512272035e-03
-5.6516037829e-03
-1.9336955939e-03
2.8784871630e-02
-1.1725029421e-02
6.2815332857e-02
-2.5471088335e-02
-1.4202897784e-02
4.8531272550e-03
2.2909608082e-03
4.5267263142e-03
-7.0703931518e-02
7.8182806343e-02
-2.4944100172e-02
9.3676431465e-02
-3.2318445218e-02
-4.6970862871e-02
-3.5295441054e-02
3.4488333881e-02
2.8492973017e-02
-3.8859706780e-02
-3.5312008471e-02
-8.1270632978e-02
3.1956200901e-02
7.5398972733e-03
2.4395830818e-02
-1.9739944044e-02
4.1800624245e-02
-7.4655224185e-02
3.3373106083e-02
-2.9902310434e-02
6.9888433893e-02
3.9259740413e-03
-7.3962499480e-02
6.7433662370e-02
-1.1547394922e-02
2.4481209061e-02
-6.0323745219e-02
1.9491011744e-02
-8.8289057924e-03
2.4544604407e-02
3.3117769222e-03
-4.4385812752e-02
-1.7396903934e-03
-4.4872597415e-02
3.0512501247e-02
1.3947017897e-02
-3.3543948664e-02
6.8575715144e-02
1.6592770143e-02
4.4753728484e-02
4.9609939346e-02
8.6566874618e-03
2.5980704712e-02
-3.3635189688e-02
1.8737368494e-02
-2.1235530373e-02
-1.1268434254e-02
3.9662499785e-02
-3.6557268185e-02
1.7767188791e-02
3.1345326909e-02
-1.3606463084e-02
2.7104860748e-02
-7.1225091495e-03
2.5165460192e-02
-5.5581510220e-02
-1.0309712714e-02
-3.5775432248e-02
4.1795284132e-02
-3.3999171573e-02
-9.0191587493e-03
1.0051293826e-01
3.4818523204e-02
-2.2815105880e-02
1.8612743947e-02
-3.0179105120e-02
-1.6838780015e-02
-4.9029673401e-02
-2.8097549386e-02
-6.0887443748e-02
7.8264053500e-02
5.6432909465e-02
-3.5106250563e-02
-1.2055294563e-02
6.5209548227e-02
5.1827231314e-02
-2.9088842947e-02
-4.2859761986e-02
-2.0772157319e-02
-4.7431237422e-02
-7.4280305046e-02
-8.4818186901e-02
-3.2574025016e-02
-4.3659531726e-02
-1.9580946504e-02
-4.2678061546e-02
-2.1638304102e-02
-3.2668465267e-02
-2.4068265255e-03
1.0071535300e-01
5.0095856726e-02
-2.6873766636e-02
5.2922649672e-02
6.8385230459e-02
1.8777318760e-02
8.4839085041e-02
3.2194253902e-03
-5.7655292404e-02
5.4321300842e-02
-8.7084408899e-03
-5.2898002450e-02
-5.5922391964e-02
-7.4574531672e-02
8.0194400021e-02
1.6978553480e-02
-3.7512015401e-02
3.1457736605e-04
1.6563038285e-01
3.2991716790e-02
-5.2834054531e-02
-3.1821711530e-02
1.8045955870e-02
2.3344449153e-02
-1.8549242330e-02
-1.1551790860e-02
-2.8523729365e-02
4.9282144466e-02
5.0733549250e-02
2.5131247571e-02
5.1106849252e-03
-2.9761443734e-02
1.5225139049e-02
1.0218227242e-02
9.3679549758e-02
6.9802825968e-02
-4.0536131334e-02
1.1080981022e-02
-6.6510135386e-02
-4.0301255699e-02
7.1731273640e-02
-1.3117913214e-02
-3.9396927772e-02
-2.3765115434e-02
-9.6052714570e-03
-3.9213422126e-02
-9.7085744486e-03
9.4193431795e-02
1.7357571100e-02
2.7639271935e-02
1.1925949187e-02
1.8130960503e-02
3.1363751851e-02
-8.3213975042e-03
3.0128232213e-02
4.6747704322e-04
1.6396779739e-02
3.4083479660e-02
-3.2139309527e-02
-2.2695760338e-02
6.6220420264e-02
-3.5192173785e-02
-4.2372091418e-03
1.1076692452e-01
-5.0659784607e-02
4.4697225182e-02
-3.5391342883e-02
-5.2312858731e-02
-3.3532003452e-02
6.8542596344e-02
1.7393830807e-03
-1.0623116557e-02
1.6304235993e-01
8.8390333924e-02
-4.6929348117e-02
-2.6242960757e-02
-2.7836398401e-02
1.6948504750e-02
-2.3675901847e-03
1.8293228137e-01
-2.4686611653e-02
7.9955522251e-03
7.4338242936e-02
-1.6175375455e-02
-4.6160858872e-02
2.1787088518e-02
-3.4907887844e-02
-3.8663506177e-02
-2.6950925532e-02
7.3682001567e-02
-1.1357714013e-02
-8.2568431907e-02
-4.6861159076e-02
-4.8515904837e-02
1.2308598776e-01
5.6454364422e-03
-5.1214132435e-02
-4.8368986712e-02
-1.0307376244e-02
-5.3788643731e-02
2.5120429554e-02
-5.1617437798e-02
-5.2256355414e-02
-2.1084910811e-03
1.4179852567e-02
-4.3890928515e-02
2.7545493700e-02
-5.8408637866e-04
-4.4111834771e-03
6.8664123319e-03
1.1460872603e-02
-7.1392101311e-02
-2.6089089161e-02
9.1253718906e-03
-4.8701900933e-02
1.3646968800e-01
3.8106895038e-03
2.6302788872e-03
-5.4698088648e-02
-2.5469859428e-02
-2.4952508407e-02
-1.0177051017e-02
-5.2173090110e-02
8.5702395758e-02
-4.7906576238e-02
-1.0458721933e-02
-3.4247503142e-02
2.1876520724e-02
-3.7001850455e-02
-7.1347042782e-02
-4.9587579897e-02
2.4931279974e-02
5.3287702193e-02
-2.4181178156e-02
-6.0282976409e-02
-2.3119632147e-02
2.3154833782e-02
2.0691439136e-02
3.2560079787e-02
-6.3931648046e-03
1.9235866483e-03
-1.4088374927e-02
-7.3291783660e-03
6.6038166053e-02
-5.3361557705e-02
-2.4619433831e-02
-2.1183496905e-02
8.0021458022e-02
-2.4294513289e-02
-9.3024169145e-03
2.7549526887e-02
-5.7704423485e-02
-4.0085600740e-02
5.2994873305e-02
-6.8020073038e-02
-2.6896155888e-02
-5.8139956906e-02
-2.0106390979e-02
1.3149473036e-01
3.9426419065e-02
9.0044179760e-02
6.1161862036e-02
7.2554932300e-02
-4.1234216739e-02
3.7790244647e-02
-1.2779091101e-02
-4.7724863641e-02
-3.7247519830e-02
2.3355455216e-02
2.5070185092e-03
1.2821635191e-02
-9.7119074513e-05
7.2730877202e-03
4.1623719846e-02
-2.2470846372e-03
1.7571214773e-03
1.2006703452e-01
1.6527185880e-02
-4.0513887411e-02
-6.1833935019e-02
8.0158568321e-02
-5.2525170086e-02
-1.7326091788e-02
3.7799309757e-02
-2.2754403817e-02
-7.1157316632e-02
3.9051892558e-02
-5.0694239100e-02
-4.7050924225e-02
1.2507153184e-03
-9.0090846699e-03
5.0282868250e-02
3.7586883611e-02
7.4055838051e-02
-1.4138174548e-04
-3.8059736894e-02
1.0454903915e-02
-9.3237491404e-04
3.5555346313e-02
9.0245011744e-02
-1.1987830863e-02
-2.2331921695e-02
-5.4583713800e-02
3.8335934655e-02
-3.4311267226e-02
5.0472694700e-02
3.7181258677e-02
-3.3375875583e-02
-5.4371193037e-02
-1.5253903109e-02
-1.8288054535e-02
-3.6576735984e-02
-1.3898165759e-02
-3.1382948667e-02
-4.6591740662e-02
6.2370133536e-02
-2.6757041008e-02
3.4977078446e-02
-2.6707784498e-02
-2.1466124730e-02
5.2763537623e-03
-6.8340100141e-02
-2.4276181058e-02
-3.0094246458e-02
-3.0666185231e-02
6.4707515555e-03
1.8942104551e-02
-2.2869813420e-02
3.0018124625e-02
3.4223422047e-02
6.9083855748e-02
-1.5887747938e-03
2.9009630238e-03
1.6727886986e-02
-3.7251730160e-02
8.1323074730e-02
1.5411671947e-02
-3.9869640899e-03
-1.0172799971e-02
6.5948406477e-02
3.2404493262e-02
-6.4169441403e-02
5.9214036727e-02
4.0449865721e-02
-9.0434112377e-02
-3.1936510823e-02
4.1686847683e-03
6.6593076785e-03
-4.8170401578e-02
5.3468562906e-02
-3.3918838880e-02
-7.8146759432e-03
6.9554647804e-02
7.3735175153e-02
-3.7631461495e-02
-3.4956996026e-02
-2.0564104868e-02
-6.6348285260e-02
1.0512575345e-02
-1.8816814417e-02
-2.9343017814e-02
2.9302430608e-02
1.2115365485e-01
4.1335187221e-02
5.7701554263e-02
-9.8791375268e-03
4.8515008674e-02
-1.5441515392e-02
4.7820957919e-02
7.2182584732e-03
-2.8117059241e-03
1.7759336959e-02
-2.3244506794e-02
2.5184137406e-02
-1.4908174602e-02
7.1714536732e-02
-3.7608337661e-03
1.5458673779e-02
-3.4327727554e-02
-7.2562323440e-03
-2.2544951864e-02
8.9380720891e-02
-2.8037666675e-02
2.3956984415e-02
5.4924204321e-02
-6.1539776324e-02
-7.6910596726e-03
6.7495890039e-03
-1.1188394075e-02
1.5198990306e-02
2.4388234660e-02
-5.1520239499e-02
9.7540836138e-02
-3.8538223049e-02
-4.2314530601e-02
8.1037488283e-03
-2.3602936933e-02
-6.9334080521e-02
-2.0149028352e-02
-6.9027283010e-03
-1.9139501571e-02
3.3857775838e-02
-3.9856195698e-02
1.2685679493e-01
-2.8188149334e-02
2.2714240667e-02
1.9837488393e-02
-1.7094536161e-02
-4.5598534383e-02
-2.3566578455e-02
-3.0035060040e-02
-8.0352831009e-03
-1.1846234750e-02
-6.0614027197e-02
1.2370722385e-02
-4.3807418747e-02
3.7465970067e-03
4.6759066132e-03
4.0163630315e-03
5.6235371448e-02
-2.2957540613e-02
-2.3311256356e-02
-5.4534292408e-02
-1.0869147278e-02
1.1549468925e-01
-1.2862281469e-02
3.1604769708e-03
1.4847629168e-01
-4.4281053228e-02
9.7790999374e-03
-2.0389359097e-02
-2.2386580239e-02
-5.1024544946e-02
-5.4709343310e-02
-3.0612587520e-02
4.6605322500e-02
-8.7058227960e-03
1.7437588781e-02
-1.2436822603e-02
-1.6742578685e-02
3.7146650819e-02
2.5605875340e-02
-2.3218109523e-02
4.4045430803e-02
-4.6303129138e-02
-4.8288984894e-03
-5.3242395978e-02
2.6859662963e-02
-2.4883179729e-02
-9.9340787772e-03
1.6994107894e-03
2.5007444206e-02
9.5910276220e-02
1.2929287674e-02
-2.7836302549e-02
5.4876281963e-02
-4.7446720275e-03
2.3785277878e-02
2.5081947161e-03
7.5465462437e-02
-1.1435506230e-02
-3.2838899317e-02
1.2887096318e-02
5.8300059891e-02
-6.5681884613e-03
-7.6933325360e-02
2.8853163709e-02
-1.6922962612e-03
-6.5800749434e-02
-1.9149157979e-02
-3.1211807596e-02
2.1124767375e-02
-4.8293192340e-02
4.3277548167e-03
1.4275335559e-01
-6.2700230879e-02
-1.1400998562e-02
-3.2010945242e-02
-1.9603319483e-02
4.7252470134e-02
2.8296098338e-03
8.3482055097e-03
-6.3318188186e-02
-4.8409904196e-02
-2.8678438191e-02
8.1257777664e-03
4.0614692437e-03
1.9825233437e-01
7.9245277188e-02
6.4086079809e-02
6.3426615196e-02
-6.4026257978e-02
-1.2798642267e-02
8.6837163383e-03
-3.3728105205e-02
4.1522416232e-02
2.1911639013e-02
-4.3266444145e-03
3.3983915260e-03
1.2781308338e-02
-3.0089291306e-02
-3.0025990032e-02
-1.8682866617e-02
-1.3009808653e-02
-3.2717631316e-02
4.1306917549e-02
8.9017862394e-03
-9.6445666680e-03
1.0368040889e-01
1.0347284970e-01
6.7874700837e-02
-5.9612596627e-02
5.3927826679e-02
-5.4413031322e-02
-9.3940237215e-03
-1.4041149977e-02
-2.1580744883e-02
-7.5907008555e-03
2.9627275004e-02
3.7098007222e-02
2.4716417007e-02
-1.4233142984e-02
1.2892993420e-02
-2.6765843280e-02
-1.4028682616e-02
-4.2290833988e-02
5.7427451675e-02
-1.3873695428e-02
-4.9524034987e-02
5.8294222148e-02
3.0772166969e-02
-2.5856981870e-02
-1.5264590904e-02
-1.7444703831e-02
-4.9256400993e-02
4.4419998007e-02
-2.8132161918e-02
-2.0592454576e-02
-2.7145201609e-02
-1.9238874788e-02
3.1423399653e-02
4.2567085013e-02
-5.9280865653e-02
-6.1859277568e-02
-5.0418085408e-03
-8.0367037579e-02
5.9352659105e-02
-8.5883974035e-02
1.3469313248e-02
2.1004739716e-02
-5.5852433500e-03
-8.1193075114e-02
-3.3573020696e-02
-1.9599745789e-02
5.0607096644e-02
2.2029971853e-02
-1.6548227996e-02
-6.0814405851e-02
-9.6120579793e-03
-1.0078792666e-02
2.2231236096e-02
2.8941766145e-02
-6.7722982724e-03
-1.3188368094e-02
9.6636708377e-02
3.1838382998e-02
-1.5093501674e-02
1.5442233623e-02
4.9796513105e-02
-6.1655080506e-02
1.1255833553e-01
5.3422757247e-02
-4.6178777511e-02
5.0119516252e-02
-5.1026357831e-03
-7.5498015565e-02
2.2371429290e-02
1.1732724304e-03
7.0083454616e-03
-2.2924502964e-02
-6.3032101254e-02
-1.9030113893e-02
7.1956298666e-03
-1.1712320549e-02
-4.3539372497e-02
3.2489618060e-02
2.6073884074e-02
-2.1313775863e-02
-4.7360054245e-03
-7.4640837255e-02
-4.1614136841e-02
-1.1407838555e-03
1.1122677161e-02
1.0075861801e-01
-4.3018050906e-02
-2.5154523910e-02
-1.8375828468e-02
-5.6342661585e-02
-3.6871209922e-02
-1.6397544036e-03
2.5986718544e-02
8.8790019484e-03
-2.6498039723e-02
-5.4358020990e-04
-5.4834837100e-02
3.9269781066e-02
-3.7803328622e-02
1.4447073256e-01
2.7042832846e-02
1.0061588492e-01
-3.0180509381e-02
-2.7896500320e-02
4.1990705386e-02
-9.0198441256e-03
-4.9314447839e-04
2.3844876593e-02
-6.6034550986e-02
-2.7225320107e-02
1.9401368872e-02
-3.9136161836e-02
2.6746025953e-02
-1.8054570895e-03
-4.3764650788e-03
8.2999592649e-02
3.4558423635e-02
-2.5575920344e-02
-2.1187357350e-02
-4.7667207060e-02
5.3507721042e-02
-4.9134440242e-02
3.9407972093e-02
1.0875988696e-02
1.5284229037e-02
3.6265704171e-02
-1.0290439461e-02
-4.9581980795e-02
-1.0875069803e-02
2.5138225912e-02
-4.2033791692e-02
-2.5092842649e-02
4.7589982242e-02
3.2881660321e-02
-5.7151046780e-02
1.4560074126e-01
3.3851157638e-02
6.9260853463e-02
-7.9649383678e-03
4.0338488942e-02
-1.8982069426e-02
9.6762802554e-03
5.8467441433e-03
5.0588171168e-02
9.9501760038e-02
3.8394937437e-02
9.9134923908e-02
-1.1853705128e-03
-1.5441975765e-04
1.0344866422e-01
-6.9666706134e-02
-3.1038042257e-02
-1.2056490417e-02
-5.0250343502e-02
1.9705079633e-03
-4.8908581265e-02
4.4207560568e-02
-4.3966240665e-03
1.1886141659e-01
-4.2507883338e-02
-3.8284081793e-02
5.7082979086e-02
8.2000382487e-02
-3.9614728394e-02
-3.9454766346e-02
-1.4148019332e-02
-3.0411143647e-04
-5.9952300839e-03
6.9823532092e-03
1.0638365858e-01
6.1563673675e-02
4.9314429645e-02
-2.5155013323e-02
-1.1438010080e-02
-1.6349234149e-02
-1.5519723134e-02
-4.4482299148e-02
-2.6270402089e-02
-4.5029731590e-02
-4.6499967029e-02
-3.5795648875e-02
-2.3082822752e-02
3.0463544830e-02
1.0688248693e-01
-1.6877920612e-02
6.5739105856e-02
-1.7887666567e-02
-5.2641391890e-02
-3.7877953791e-02
-2.1168399302e-02
-4.0706045121e-02
5.9696112774e-02
-3.0295645097e-02
1.1660389809e-01
-5.6921242953e-03
3.0336680878e-02
-1.8814144949e-02
-3.3165157473e-02
-5.2014195226e-02
2.0429283138e-02
9.2144718099e-03
-2.0118026274e-02
-1.6589357026e-02
4.3281827230e-02
4.4801542506e-03
7.4232342266e-02
3.8708681623e-02
3.2960694094e-02
-7.7927411886e-02
2.3032877037e-02
4.1931320357e-02
1.4952631720e-01
-2.9131180551e-02
-3.0523279335e-04
1.2188656171e-02
-2.9350384193e-02
8.4523167408e-03
1.1858960757e-01
-6.0235394553e-02
4.0729350919e-02
2.3553520499e-02
-2.5432385142e-02
1.0773889968e-02
-2.1305167385e-03
-5.6568990765e-02
-2.4748258590e-02
4.5811828674e-02
2.9553596371e-02
-3.5107077290e-03
-4.1811392852e-02
3.4106985547e-02
-1.9516501733e-02
-4.9933055935e-02
-2.5761082532e-02
1.3656227805e-02
5.9690995978e-02
2.2540322090e-03
-2.2212977574e-02
-3.1695871427e-02
6.3991016736e-02
-8.2696540368e-03
9.5414424039e-02
-4.5010859913e-02
3.3880445191e-02
1.9755289943e-02
-2.6998905123e-02
8.9958926921e-03
-2.6845943085e-02
-7.2558272277e-04
2.9429077293e-02
-3.0727541677e-02
3.7205805864e-02
5.4358501465e-02
-1.4917871130e-02
3.1248218981e-02
-3.9941365300e-02
5.3341790363e-02
-1.0550071112e-03
4.9977573078e-02
-1.2441503307e-02
-3.6226708197e-02
-6.1484341204e-02
2.3566560863e-02
-2.7545935563e-02
5.1806011656e-02
-1.9438260967e-02
-1.2386482012e-02
-5.6034249267e-02
-3.1543090038e-02
1.7541275718e-02
5.6402787894e-02
4.1534368067e-02
4.7264854900e-02
2.3005659138e-02
8.5388630901e-02
5.2543008463e-02
1.1369728477e-02
-3.1525000833e-02
-3.9085478425e-02
3.7418880246e-02
-5.6201286083e-03
1.0138987109e-02
5.1914256457e-02
-1.8448813559e-02
-4.7364119206e-02
-5.8612649345e-02
-6.5796712750e-02
-2.6852657416e-02
-2.5268810982e-02
-2.4334559461e-02
-9.7029576638e-03
1.9821353008e-02
8.6990540036e-02
-5.8067032808e-02
-4.5140310220e-02
3.2639784825e-02
-1.7580128825e-02
-3.3543890464e-02
-2.0041383299e-02
8.0009516654e-02
-2.4363732803e-03
2.5791138588e-02
-6.7371834076e-02
8.1130186877e-02
-4.0660573089e-02
-3.1747165612e-02
-3.3788185470e-02
-8.8688724561e-03
3.9732616908e-02
-7.8483777963e-02
5.1619535500e-03
-6.2741468449e-03
-3.4432183300e-02
1.4616650201e-01
-2.8560073146e-02
-3.2712688050e-02
-5.0964320158e-02
1.9425753258e-02
-5.7329948898e-02
6.8214509915e-02
1.0785395699e-02
2.0360658978e-02
-1.5673218015e-02
-7.3464715993e-02
1.5653906952e-02
-4.9502927539e-02
8.8814308882e-02
5.2450328171e-02
1.0557610295e-01
-7.7375298272e-03
-5.0372335998e-02
-4.9719488875e-02
-3.8994457579e-02
-3.4724811048e-02
5.8006394208e-03
-4.0275552146e-02
-2.5740817760e-02
-2.6354633108e-02
-2.0850538673e-02
1.3133524596e-03
3.5974311456e-02
-7.8361221594e-02
-5.7774572497e-03
1.1720777046e-01
4.5059810234e-02
7.3472486459e-02
3.8755568663e-02
-2.1368381783e-02
2.8385698215e-02
6.7792616536e-02
-3.8573024976e-02
-1.7726129868e-03
3.5948215380e-03
5.5149969761e-02
-4.4798487919e-02
-3.0980910128e-02
1.2673102827e-01
-3.7566261025e-02
-2.3194274007e-02
-4.4858561601e-02
4.3664897883e-02
2.1107657362e-02
1.3659801309e-02
6.7681089877e-02
-3.3527892382e-02
-5.5587206427e-02
-1.7179732083e-02
-6.5661775844e-03
-3.0088967157e-02
-1.3195313115e-02
6.1689407329e-02
1.9093065464e-01
1.7469676464e-02
-5.0602278489e-02
8.3288916677e-03
2.9299122994e-02
3.3579574870e-02
-9.0565827934e-02
2.7450552641e-02
1.6588418673e-02
-3.4590167045e-02
-3.2842030170e-03
-7.1216838082e-03
1.4545966271e-02
2.5979052765e-02
-5.5456612033e-02
7.7109815389e-02
-6.1520275281e-02
-5.3252445458e-02
1.8727109937e-01
3.9134524910e-02
-1.9635908836e-02
-3.4279514704e-02
6.7649755328e-04
1.6590955036e-02
7.9443841029e-03
-5.7612625168e-02
2.8338899330e-02
2.8985094464e-02
1.7386887834e-02
2.1392539482e-02
-2.4334247125e-02
-1.4331538135e-03
2.4496645375e-02
-3.3193934335e-03
1.2150849769e-01
1.6191525754e-02
-2.2525683967e-02
2.8378696249e-02
-2.3203619559e-02
-6.4264801719e-02
-1.8662072948e-02
-9.3689603503e-03
7.6116871689e-03
2.4318186546e-01
5.0130990923e-02
-2.6511171772e-02
2.0439530065e-02
-5.7690053355e-02
-4.0007281595e-02
3.5245499320e-02
-2.5395971491e-02
8.0889030041e-02
1.6351050448e-02
1.7954530757e-03
-3.0411543581e-02
-3.7279943965e-02
-1.4159548526e-02
3.2929588966e-02
-4.2666405218e-02
3.5914403478e-02
-3.0897196459e-02
3.4429843082e-02
-4.2547497890e-02
3.5700849095e-02
1.9008937994e-02
-4.6682021396e-02
-2.4645489788e-02
-5.0082070551e-02
7.4536557822e-03
5.2046364729e-02
-2.3618133516e-02
-7.7412693748e-03
-7.3085053461e-02
5.3928548308e-02
1.0470125499e-01
-1.6856600528e-03
-2.7870905539e-02
3.7753591544e-02
-2.3641036652e-02
4.4400347228e-02
3.5571921025e-02
-9.1239342538e-03
-4.4223232146e-03
-9.4288109552e-03
1.1149813318e-02
4.3107401182e-03
-3.6402742225e-02
3.6510300329e-02
-5.8867568134e-02
-3.6095015664e-02
5.1589370133e-03
-6.8436434308e-02
-2.3499988291e-02
-1.3372126221e-02
-5.0671844958e-02
-5.7884495918e-03
3.3812040113e-02
8.3234508800e-02
-2.3825254783e-03
4.8336029347e-02
-5.6915232955e-02
6.7686078914e-02
5.6859391091e-02
-3.3799392211e-02
4.4778945492e-02
1.4030603250e-01
-7.6185126395e-03
-2.7468730915e-02
3.3925437609e-02
2.9697374151e-02
-2.5001647072e-03
4.7533846561e-02
7.8297916907e-03
1.0611074703e-02
-2.1972268805e-02
-4.1900066598e-02
-7.0094441029e-02
3.2804283721e-02
7.6560599399e-02
2.0368390649e-02
-4.4903401609e-02
-5.3628912999e-03
-3.6461526417e-02
-9.3846387281e-03
-4.1136043923e-02
1.1699882588e-02
4.7385832569e-02
7.0415720950e-02
-4.2966075253e-02
-2.1838543288e-03
-3.0253113648e-02
3.8852287241e-02
-2.8912382262e-02
-2.9858072037e-02
-3.4202305598e-02
9.4243775903e-02
-1.1685473695e-03
4.6201083004e-02
-4.6838726491e-02
1.2172313441e-02
1.9560056439e-02
3.7555754448e-02
-2.4160518009e-02
4.1382670620e-02
9.2787996428e-04
-2.8090039333e-02
9.7070542035e-02
-6.9579454531e-02
-1.8145322966e-02
-1.4424284851e-02
2.6189967360e-02
-1.5464624863e-02
1.0116117250e-02
-3.3133540736e-02
-2.1783097372e-02
2.4815081932e-05
-1.0057001361e-02
-5.2631431658e-02
1.0135239955e-01
2.7213835063e-02
4.3561789437e-02
-2.2568376988e-02
-2.5036276180e-02
-4.2326308803e-02
4.3105378409e-02
-3.5292464751e-02
-6.5730209458e-02
2.5824859461e-02
1.0639524309e-02
4.3006636266e-02
1.5156626517e-01
-6.0338011653e-02
-2.0041143789e-02
-3.1314722966e-02
-9.7049270264e-03
-2.8819326413e-04
7.7447807176e-02
6.4182849503e-02
-3.5232631690e-02
-3.2798640788e-02
8.9272282938e-02
-4.8679165464e-02
-1.9294275960e-02
1.4568495837e-02
4.2233576948e-02
7.0574147290e-02
7.9279212524e-02
-1.5476957819e-02
-4.2647021397e-02
-7.0100454572e-02
-6.6087553036e-02
9.5075085356e-03
4.3519338310e-02
-5.3230834319e-02
-2.9418842051e-02
-2.4990751400e-02
-2.7755698968e-02
6.3248211538e-02
-2.3985668962e-02
-1.7244772006e-02
5.6976984654e-02
-2.7206363096e-02
8.6679256571e-02
-4.8260046616e-03
9.3423895729e-02
-9.5206721780e-03
9.6022981197e-02
5.4263284666e-02
-1.9811030423e-02
-4.1249539463e-02
4.6888473064e-02
-1.1640021005e-02
-2.2721960521e-02
-2.3677426018e-02
4.5404632867e-02
1.7523352283e-02
-1.9232966612e-02
-5.4201097125e-02
-3.7624983517e-02
4.0702777547e-02
2.6846279503e-02
-3.8910778756e-02
-6.9565385304e-02
-6.3505408193e-02
-4.5066956505e-02
-1.2512704144e-02
-5.8055769474e-02
2.7076738480e-02
2.0658460864e-02
9.7502625852e-02
-1.2646643890e-02
6.2081878330e-02
-7.9575706674e-03
-3.9977091728e-02
-3.2103361233e-02
1.0138537834e-02
2.3298407364e-02
2.4270298762e-02
-4.2795215323e-02
-3.6923865798e-02
-2.3975902839e-02
7.1881274467e-03
3.0895538619e-03
1.3819302937e-02
1.4394116710e-02
-6.2055925601e-02
-2.9174073335e-02
-1.8367895315e-02
-3.1857284747e-02
4.7277060277e-02
-2.7617170703e-02
3.6668652883e-02
1.9002707595e-02
-5.6456682941e-02
-4.1284693821e-02
-1.7784055352e-02
-3.4760236289e-02
-2.0921349226e-02
2.4678265588e-02
-3.3097888019e-02
-2.6938307115e-02
-4.4837730027e-02
3.6132616899e-03
5.7168833271e-03
1.0918811513e-01
-3.3492674742e-02
2.2279379530e-02
-2.2978789214e-02
-1.6566914498e-02
5.6604146796e-03
5.7700861612e-02
-1.0796409385e-02
-5.3334933169e-02
1.3464896624e-01
1.1474652458e-01
8.1508269858e-02
3.2841455333e-02
-3.1783615445e-02
-4.0047535997e-02
3.1685938936e-02
2.3379458645e-01
6.0755789554e-02
6.9087464060e-02
-3.1272418414e-02
4.7353393592e-02
-4.2269432252e-02
1.7938796296e-02
3.5336372990e-02
-4.7499043692e-03
6.4131179064e-02
-1.1263241080e-03
7.3497053333e-02
-9.5162293604e-03
-3.1420257055e-02
-4.6545507476e-02
6.9944100854e-03
-1.5572900363e-02
1.4331398295e-02
-2.3945203663e-02
9.8599005264e-02
5.2160737332e-02
7.7146653995e-02
-2.8889642929e-02
-5.4212280672e-02
1.5247531783e-01
-5.9511224585e-03
5.3510479615e-03
-4.7457892457e-02
-6.5736117191e-03
5.1134406887e-03
3.4432973040e-02
-1.5775880270e-02
-8.5950384651e-03
3.4677608498e-02
3.1717720007e-02
8.0354715414e-02
-5.3522384604e-02
8.0999331262e-02
1.0531054499e-02
6.0996200183e-03
3.1059514695e-02
5.9604879178e-03
5.6551214386e-02
-5.8257101296e-02
-3.9460601525e-02
-3.8016606394e-02
-3.5741416045e-03
-2.9942506275e-02
-1.2744363657e-02
-2.8633257259e-02
-2.1614746762e-02
1.5228318079e-02
1.2575707751e-02
-5.0315624297e-02
-2.8118852026e-02
2.2944734794e-02
4.1573932933e-02
2.3208933233e-02
2.0377243543e-02
1.9088203749e-02
-3.5983681953e-02
-2.2027939229e-02
1.0274088308e-01
-1.9123947558e-03
-3.3176385797e-02
2.0133732923e-02
3.2122416696e-02
1.9598507067e-01
-6.0144002026e-02
1.0250690650e-01
5.8795526528e-02
5.7329032918e-02
-1.8987281172e-03
-1.6032323196e-02
-3.5165743980e-03
3.0520931104e-02
-3.5279731556e-02
-5.2235191447e-02
-2.7038731043e-02
-1.2816403551e-02
-3.2380540595e-02
-9.7704587733e-03
5.7311203962e-04
3.7068135422e-02
6.4289770960e-02
-3.6938744457e-02
-3.6758729860e-02
-2.3468456210e-02
5.8386569452e-02
-3.1694214536e-02
2.0338988211e-01
4.2776843447e-02
2.6332269944e-02
-2.0246656668e-02
-1.5378122750e-02
-1.3374484608e-02
2.7801105962e-02
4.8497562675e-02
-6.1709522920e-02
-2.9832629247e-02
9.9617082299e-02
-1.0956040592e-02
3.9940244934e-02
-2.7092343767e-02
-3.8852601684e-02
6.8803666983e-02
7.8734390155e-02
-4.1159329011e-02
3.4287281634e-02
3.8369641268e-02
1.4491108795e-01
4.5569285962e-02
-6.5884240338e-02
8.5818280726e-03
-7.5408288950e-04
9.9424902429e-03
-3.5039699535e-02
1.0134410018e-02
-6.0704316580e-02
2.3906763937e-03
1.5524645217e-02
2.2451124384e-02
-4.5527947261e-02
-1.0186202056e-02
-2.2559323252e-02
3.2699965465e-02
3.2046259250e-02
-5.5875163505e-03
-1.6597079177e-02
-2.4884430460e-02
-6.3975089485e-03
-1.7698013684e-02
1.2158132907e-01
-3.8571035480e-02
4.4838120495e-02
-4.2625452766e-02
3.0078633587e-02
3.0675696503e-02
3.3167365619e-02
-2.9987510174e-02
-1.5917231385e-02
8.7867684244e-02
7.3335959436e-02
3.0303369157e-03
-6.9927220579e-02
-3.7324693839e-02
-2.2104102213e-02
6.1449422459e-02
-2.1919810856e-02
-5.4749797563e-02
2.2515668160e-02
1.1045229431e-02
-2.0314230915e-02
1.9694856590e-01
1.4693651589e-02
9.6977791595e-02
-1.1772192428e-02
8.1389609728e-02
1.0763548349e-01
9.7005941670e-02
6.9722009372e-03
-2.8623727185e-02
-1.3128585145e-02
-8.6011733422e-03
-5.5426544711e-03
1.3954968924e-02
8.8309090109e-02
1.9666111101e-02
5.3279811060e-02
4.1047450868e-02
-6.2157133706e-02
-4.2717992604e-02
-3.0942932104e-02
-1.1530209764e-02
9.5134065133e-02
1.1429684808e-01
6.7708729780e-02
3.6095142942e-02
3.1598425657e-02
1.1469644438e-01
-3.3205246266e-02
1.9078420690e-02
3.7414296332e-02
-2.8304348082e-02
6.0438496255e-03
-1.0268233002e-03
8.7783285077e-02
1.2143963595e-02
-5.1547656139e-02
1.1331401199e-01
5.5084695913e-02
-2.6602191890e-02
5.0276938559e-02
2.1612081884e-02
2.4341384926e-02
-7.0303268053e-02
3.0655462899e-02
4.2458329028e-03
-6.8066815207e-02
7.8796307852e-03
4.6382154323e-02
9.6220148328e-03
2.9551055925e-02
3.6783160333e-02
3.4456484476e-02
-3.2029003719e-02
5.8177249728e-02
-1.1394268476e-02
-1.7199928036e-03
8.9000519887e-02
-1.1716205707e-02
-4.4462301573e-02
3.8969620126e-02
-2.5221002150e-02
-2.0120166732e-02
5.0786700746e-02
-2.1217531325e-02
1.3412412539e-01
-3.0292051202e-02
2.1870134688e-03
4.0021220222e-02
-1.3905477699e-02
8.7476047230e-03
-2.8215706437e-03
1.9521176185e-02
1.9915146211e-02
4.8601697716e-02
-1.0725790348e-02
-1.7820866879e-02
1.1370733260e-02
1.7409933014e-01
-5.0120019804e-02
-2.8890833365e-02
7.8180698615e-02
-1.7958304112e-02
4.9159999752e-03
-1.0647733889e-02
2.3776298543e-02
5.2062900368e-02
-3.9299060163e-02
1.7425473967e-01
-4.1488361775e-02
5.1369971750e-02
-1.8134739132e-02
-2.6984725942e-02
-3.4934760020e-02
-2.1647267537e-02
1.5980607831e-02
-2.3623165350e-02
1.3339067531e-02
3.2709033098e-02
-2.5370288191e-03
9.2723753750e-03
-5.0376511476e-02
7.9524914913e-02
-6.0228528001e-02
-2.2413354570e-02
-3.8922331674e-02
-1.2514878271e-02
8.3607268449e-03
-3.1059652706e-02
-4.8503918437e-02
9.5780619825e-03
2.7953676686e-02
-5.6863026940e-02
1.5073873445e-02
2.6724860366e-03
-1.6073422814e-02
-3.6595603938e-02
-4.3790882338e-02
-3.8714866562e-03
-1.8790500616e-03
6.6216057376e-02
-3.9586735864e-02
2.4810467236e-02
-6.3697008596e-02
4.5588648217e-02
-5.4244898958e-02
-4.2062473572e-03
-2.7923000550e-02
1.1705195836e-01
3.6081017920e-02
4.2936465997e-02
-4.6139005821e-02
6.1224727456e-02
2.7512929208e-01
2.2199737290e-02
-2.4467230300e-02
3.7516138308e-02
9.9796815792e-03
2.6107216704e-02
-5.9171009344e-03
2.4707280550e-02
2.2472111088e-02
-2.6024808417e-02
-6.4155368236e-03
-3.6115272563e-02
4.1821177840e-02
1.0147790795e-02
-1.6008620881e-02
-5.7066531001e-02
6.1374090347e-04
1.3354977595e-01
3.7731188752e-02
1.5666912640e-02
4.2840415527e-02
1.1126620972e-02
8.8049659272e-02
1.8350916405e-02
-2.9674862961e-02
3.9044292341e-02
-4.9736579433e-02
8.2052657862e-02
2.2323623756e-02
-2.0630031381e-02
-2.9633954901e-02
2.5259180779e-02
5.1249246009e-02
4.0631811291e-03
2.2699499350e-02
8.1886097668e-03
-2.4965427931e-02
-6.5293844231e-02
9.3261707754e-03
-4.0845271032e-02
7.4375375217e-02
1.2469571657e-01
-4.2676564833e-02
1.2866421197e-01
7.2040105161e-02
-5.7392925646e-02
1.2030551069e-02
6.3754033688e-02
5.1638907759e-02
7.7757104030e-02
2.0449139087e-02
-3.0120642884e-02
-7.5027967835e-02
8.3294547356e-03
7.2009938851e-03
3.0472005496e-02
-2.4642347715e-02
5.5178493277e-02
-4.1790141936e-02
-1.1321169621e-02
2.0271575851e-02
6.9352369201e-03
1.5355793747e-02
4.3176074567e-02
-2.6884852395e-02
-6.2726315851e-02
6.9307365224e-02
4.5842960634e-02
-3.0885903105e-02
2.1220465921e-02
-3.0929996225e-02
-4.7912024963e-02
-1.9991574640e-02
-1.7629004587e-03
-8.9248932740e-03
-5.9102277592e-02
1.7277921884e-01
3.4165816565e-02
6.3863864991e-02
1.3465690796e-01
3.8948764207e-02
-5.2193396665e-02
-5.8139677536e-02
-3.5542785568e-02
-2.3917478868e-02
-2.2690669301e-02
-7.5420315310e-02
-1.5896192969e-02
2.5629340383e-02
-3.3733984864e-02
2.6107363409e-02
7.0613277839e-03
-4.4435714109e-02
-2.4140584802e-02
-1.7386463079e-02
3.1064095759e-03
1.8515985149e-01
6.1191795549e-03
9.8864798119e-03
-8.6738864488e-03
1.2158266752e-03
-3.6413038441e-03
-3.1543002709e-02
-7.3578779370e-04
-3.0954630611e-02
-8.4113824339e-03
-2.3454183137e-02
-6.3633116299e-02
-2.1502903140e-02
-3.1894289790e-02
8.3285743205e-02
-1.5388288325e-02
-4.6178687771e-02
3.8620382726e-02
-7.4389774012e-02
-4.5322934838e-02
-3.4834122284e-02
1.0977654831e-01
2.0012249868e-01
-1.0285066409e-02
4.3921638279e-02
-2.1418647625e-02
-2.8447234356e-02
4.2886616655e-02
9.8035023454e-02
-9.9815987447e-03
4.4192941091e-02
-2.0921936088e-02
-2.9453185359e-03
-4.1114435623e-02
-1.4184773030e-02
3.1413849117e-02
-2.7038905415e-02
-4.6879408211e-02
1.9384453286e-02
1.8575868510e-02
5.6281952357e-02
9.1993241711e-02
1.2401519590e-01
-6.1079974345e-02
-4.8873823334e-02
-3.9096526483e-02
1.2032775427e-01
-2.5799864718e-03
1.6648904886e-02
-2.0575981160e-02
-3.3481977862e-02
-2.2621832027e-03
-5.5576317017e-02
1.1101149547e-02
8.9824414817e-02
2.8933096930e-02
1.3153640360e-02
8.7370457056e-02
-3.5480714119e-03
-4.3289235012e-02
-7.2022786820e-03
-2.3919329227e-02
-1.4166993983e-02
9.6952078141e-02
1.0346825974e-02
-6.4848266927e-02
1.3964244497e-02
8.0293795492e-02
-3.9355812665e-02
-5.8714125634e-02
2.4886704607e-02
7.8646562030e-02
1.1929475799e-02
9.5088210883e-02
-2.4517431734e-02
-2.0943983605e-02
-4.0086558639e-02
1.0838381509e-01
1.8603624404e-02
4.1328801684e-02
1.6000358004e-02
-3.5034685916e-02
1.3378703566e-02
8.0025729904e-02
5.3924249614e-02
-1.8394121681e-02
2.3944345600e-03
-7.7233005381e-02
5.9289336337e-02
6.1980029222e-02
-5.9453369729e-02
-3.8452994870e-02
9.0728494701e-02
-5.1605735678e-03
7.8235606915e-03
-3.6800305683e-02
8.7091460868e-02
5.5922132065e-02
8.9098362702e-02
8.8470461757e-03
6.0124822359e-03
-3.3003690923e-02
-2.6729094356e-02
2.1901085710e-02
-5.2131837919e-03
7.6003568139e-02
-1.1507845153e-02
1.3381387932e-02
1.7539829034e-02
-6.5579534034e-02
-5.2012987389e-02
-5.6609401068e-02
-3.5428179695e-02
-7.9164631002e-04
-4.0407973285e-02
9.9205044796e-02
-4.1985764644e-03
-6.3081514601e-02
4.6256934015e-02
-8.1620662534e-02
1.9106517931e-01
-5.6689597584e-02
5.7489609335e-02
-7.6771682251e-02
8.4811945731e-02
-6.8812713713e-02
1.5903524277e-02
9.9476721627e-02
-4.2683568264e-02
2.1811197049e-02
1.8072353233e-01
6.0422078379e-02
3.0731870983e-02
-5.8528708446e-02
-5.4116807142e-02
-1.4650425925e-02
-9.8721495521e-03
-2.3270658406e-02
4.8282309304e-02
4.1948574453e-02
-4.7218379904e-02
-6.9978892728e-02
6.0385765844e-02
3.6338762467e-03
-5.0898759940e-02
-4.3538429586e-02
5.9286671955e-02
-2.4227860325e-02
-2.6004740770e-03
-3.8451436541e-02
1.1543416429e-01
-1.4902301157e-02
3.1891193721e-03
-1.2065622936e-02
-2.5282838229e-02
-4.3565414809e-02
-8.6527217334e-03
1.2619725018e-03
4.6755912290e-02
1.5822954201e-01
-3.1035166934e-02
-1.5201399997e-02
-4.4141112729e-02
1.7663941665e-02
-4.9927074486e-02
1.8140713031e-02
-2.0364779691e-02
-2.0521819484e-02
3.8261167258e-02
-3.3057042791e-02
-7.0561002664e-03
-1.5714764968e-02
1.5440382523e-01
-6.1335147842e-02
1.2925654552e-02
1.9334759685e-01
1.8253704968e-01
-2.0462594737e-02
-7.5992103830e-03
-6.9946409997e-02
5.0781307587e-02
1.0186190771e-01
-2.6502564685e-02
5.7499221046e-02
-3.8526127349e-02
-2.1134095696e-02
-2.0785943118e-02
-3.1015630169e-02
-3.9387001019e-02
-3.1773468329e-02
-6.4399403277e-02
9.3066966396e-03
-3.9841755649e-02
-5.3878202814e-02
6.1927942994e-02
-1.1891940636e-02
-3.9807856719e-03
-4.7020190026e-02
-5.4061458968e-02
-1.3569220633e-02
-6.9668738201e-02
-3.1063980020e-03
-1.3398606970e-02
1.8615766990e-01
-3.1531353475e-02
2.9892504744e-02
1.1714385342e-02
-9.3414809966e-02
5.8922102344e-02
-2.4710168628e-02
-7.0558381433e-03
-2.4834718169e-02
-2.3678787369e-02
-4.4331045592e-02
-5.6756913317e-02
6.2438622240e-02
3.8239958852e-02
-5.1101373851e-02
-1.1521343913e-02
7.2395347577e-03
-2.1289903992e-02
-5.3974360340e-03
-4.1573502957e-02
-2.1499296607e-02
-3.5202330329e-02
-5.6079164765e-03
2.4759274569e-02
-4.6107595981e-02
-5.6599285934e-02
-4.4548291124e-02
-2.4879894463e-04
5.0614594439e-02
-5.0563295232e-03
-3.4380619334e-02
8.4897808710e-02
-2.0538904580e-02
4.3095080212e-02
-1.0565964331e-02
1.2344874993e-01
-1.6537798408e-02
2.1296376515e-02
-4.3868863062e-02
-1.8688891427e-02
-3.7938357899e-04
7.1550857222e-02
5.6868634655e-02
-1.0712055872e-02
-2.6385432237e-02
-5.9413945247e-02
4.8219788843e-02
8.7978066569e-02
4.4397950816e-03
-1.0229886751e-02
6.1319753622e-02
6.4098740782e-02
-3.0731791188e-02
1.2812632937e-02
-2.5036470519e-02
6.4096530601e-02
-4.1075500017e-02
1.1003171592e-01
-3.8669372632e-02
-5.9164818709e-02
4.1025925318e-02
-2.5066059876e-02
3.9290876763e-02
4.9564882162e-02
5.7405659731e-02
5.0980125781e-02
-4.3057003149e-03
-2.4292473553e-02
-2.2347678229e-02
4.4204346135e-02
-1.8856549238e-02
5.3263658248e-02
2.2188415231e-02
9.1418699399e-03
-5.3527699014e-02
2.0695492026e-02
-3.4847293019e-02
4.8544996321e-02
1.2222564542e-06
3.8465022506e-03
-4.0077035297e-02
1.3966480793e-02
-3.1663394804e-02
4.1427101815e-02
2.3951471170e-02
-2.9433137625e-02
4.5252132518e-02
7.7811084912e-02
2.5694924421e-02
5.9470956003e-03
8.7836959788e-02
-2.0051921308e-02
8.1912066252e-02
-1.4474258557e-02
2.5981944218e-02
7.4996775982e-02
5.7678695424e-02
8.2245150649e-02
4.0499483895e-02
1.2601745011e-01
1.4631363208e-01
-4.8581792890e-02
-4.3546540009e-03
4.4259925959e-02
1.2540046647e-01
-7.0417563700e-02
9.5654549543e-02
-3.0272629071e-02
3.7564991918e-03
-1.0941068658e-02
1.0703251813e-01
-4.2027886845e-02
-2.6741645141e-02
5.1311786178e-02
-1.5737120698e-02
6.6197439101e-02
9.8390217973e-03
1.8563661651e-04
-1.0610161846e-02
1.4026490939e-03
-5.8791830647e-02
-5.3640958791e-02
-7.3511581994e-04
7.7390190341e-02
-2.3073174618e-02
-2.7797516003e-04
-1.7663866746e-02
-3.7094356014e-02
-1.4062663322e-02
-1.9727757693e-03
7.7916196808e-03
1.5838724100e-02
-4.9674367692e-03
-6.0125778785e-02
1.4801269817e-01
9.9385662314e-02
1.8689681960e-02
-5.1622514196e-02
-4.3234316915e-02
-2.6480670836e-02
-5.4761038938e-02
-4.9692384776e-02
4.0482378138e-02
-1.3181772133e-02
-4.8488667416e-02
-3.3249406385e-04
1.2717031993e-01
-2.3473510308e-02
-2.7141156031e-02
2.3115314085e-02
-1.5005373205e-03
-7.5214410531e-02
-3.8040490279e-02
1.2074699008e-02
-2.1210167925e-02
-4.8341045569e-02
3.3472959492e-02
1.8411413305e-02
2.7979872198e-02
-7.4813955340e-03
2.3054307870e-02
-2.0565849108e-02
-6.6535300650e-02
-7.4732588069e-02
8.0047523660e-03
1.0373828620e-03
6.6905856401e-03
1.3960908865e-02
-2.4791549901e-02
-5.8824798882e-03
-3.3477893406e-02
-7.6504543964e-02
5.0275289135e-03
2.6858799554e-03
3.7611381017e-02
-1.3752731279e-03
-2.4129543817e-02
-3.1327324061e-02
-5.5312526983e-02
-1.4903595184e-03
1.0537172431e-01
-4.9277808729e-02
4.4632816893e-02
-2.9781661117e-02
-4.3479085938e-02
-5.3014452958e-02
3.3700207155e-02
-2.4343687625e-02
-4.9311368573e-02
-2.6656649023e-02
-6.9143338744e-02
-1.0439846477e-02
1.8036689732e-02
-1.7016769597e-02
-4.2823785098e-02
-3.8261148409e-03
-4.9678701340e-02
1.4294090532e-02
-5.7472305387e-02
-2.6795090430e-03
5.8563536006e-03
-5.2534127096e-04
-2.3603204792e-02
-2.9182781103e-02
-1.8817032654e-02
4.5562521593e-02
3.0697698181e-02
-2.2581966451e-02
-7.9900853474e-03
-6.8667082263e-03
-8.0883267832e-03
1.0377214768e-01
-2.7849519397e-02
-4.6410214282e-02
-3.8506198274e-02
-4.5677728961e-02
-7.2729877190e-02
1.0739881161e-01
1.5268603365e-02
-3.1586073925e-02
-3.4662243874e-02
-4.7810421242e-05
-1.6627856324e-02
7.1191692560e-03
7.7584022993e-02
-1.2033656881e-04
-6.6136083649e-02
-6.5000195636e-02
6.2810432993e-03
1.9029780954e-02
-6.7537902261e-02
1.1889918674e-02
-5.5712446685e-03
-3.6931093689e-02
-6.3931579235e-02
1.2503917868e-01
-2.6071583500e-02
-6.7414221301e-02
-8.1847830488e-02
8.0697333375e-02
3.4454138222e-03
-3.7898865463e-02
9.7706421240e-03
4.7237990364e-02
-1.3422272516e-02
-6.2214608125e-02
-5.1864812749e-02
1.1631585048e-01
-3.2668532308e-03
-5.3411712334e-02
-1.8082541787e-02
-6.9142888814e-02
1.2793550390e-02
5.9077410564e-02
-6.8334211758e-02
-4.7259821587e-02
9.3230358014e-02
1.0985077871e-01
3.3029832827e-02
1.7675790869e-03
-1.9276973276e-02
5.9901695287e-02
-3.8547065707e-02
-2.4802079363e-02
8.4109332138e-03
-2.5849303961e-02
-2.2042281623e-02
7.0215857136e-02
9.3111578010e-02
-3.0262233101e-02
-7.4272095365e-02
-6.1544596594e-02
7.9775604426e-03
2.4658320025e-03
-2.1852217787e-02
1.8062174918e-02
6.7112154243e-02
-2.5150463972e-02
1.9288012359e-02
-1.9235267292e-02
-1.3944496683e-02
6.8902219014e-02
-5.7271856492e-02
-6.8963467634e-02
5.8913377603e-02
3.6103582559e-03
-2.8633975199e-02
3.3527386373e-02
-6.7420288228e-03
-5.9661833430e-02
-2.4859758388e-02
-5.1231209139e-02
-6.1407962607e-02
1.6494647016e-02
8.1289218032e-02
1.6306927061e-01
-2.1691373731e-02
3.7686078494e-03
-1.9963141344e-02
4.3232303375e-02
-5.4552856461e-02
-6.3198280223e-02
-4.5640725260e-02
-1.2124192202e-02
-1.6389632086e-02
-5.8448761787e-03
-4.9212644456e-02
-2.9716811839e-02
-4.1316778604e-02
1.5770798549e-02
2.9811170549e-02
6.8118169706e-03
8.6529464206e-02
-1.8190445221e-02
-2.0631050732e-02
3.7695352713e-02
-9.7503177744e-04
-1.6118832038e-02
7.1275772915e-02
2.2835053121e-02
-2.5809689386e-02
1.8019957282e-01
-2.8302711701e-02
3.4169988494e-02
-2.5610267830e-02
-3.7546555804e-02
8.1587565553e-02
-2.5017510305e-02
9.7931019521e-03
-2.9708087822e-03
4.8605211846e-02
6.7343253997e-03
1.0526402637e-01
-6.7664066607e-03
-9.5271494236e-03
1.0859234429e-01
-1.2202694418e-02
-1.6092670009e-02
-1.8257020815e-02
-8.5592135456e-03
-1.3926064722e-02
-2.7949287352e-02
5.5531856699e-02
6.7616780758e-02
3.2289200878e-02
2.0641502023e-02
-6.0029308614e-02
-3.3854978654e-03
1.7833188168e-02
3.4576727471e-02
4.5304632279e-02
5.1691185188e-02
-2.3655621148e-02
-6.1116742153e-03
-1.3267621363e-02
7.5684869923e-02
-1.5906319930e-02
7.8284733393e-03
2.5395095797e-02
5.1230588506e-02
1.2195987601e-01
8.0208163319e-03
4.2460668977e-02
2.7880690036e-02
2.9291565448e-02
8.9791345044e-03
1.6487890337e-03
3.2299391709e-02
1.1897469858e-02
-3.5556221492e-03
1.2471704487e-03
-4.5431150950e-02
2.6518905941e-02
-2.5078388099e-02
-1.2501592166e-02
-1.0148702522e-02
-6.0768352204e-02
3.0736307407e-02
-8.0720272626e-03
-4.0909086783e-02
6.8460699227e-03
7.9880673382e-03
-1.5472448596e-02
6.1663684449e-02
-5.0101952501e-02
2.6214168497e-02
-2.1674972749e-02
-1.2993343911e-02
-1.1249507830e-02
1.8900137545e-02
7.4093696905e-02
-5.5000506827e-02
-4.3019528961e-02
-6.2715746531e-03
-2.0489165886e-03
-4.7623536140e-02
-2.7392754668e-02
2.7629285810e-02
2.1908910150e-02
-1.3596059021e-02
1.4710447069e-01
-1.9425244221e-02
-2.1665465455e-02
7.7246724376e-02
-6.9535625613e-02
-3.2034294596e-02
-3.5256769423e-02
-4.8577717056e-02
8.5075433139e-03
-3.6706638950e-02
-5.2980018061e-02
-2.7988878168e-02
-4.6609330912e-02
6.7224437507e-03
-2.7662843560e-02
1.5292121063e-02
-4.6835988417e-02
5.6359464421e-03
-2.3672869808e-02
5.0797148706e-02
5.4100854839e-02
-1.5542987762e-02
2.9056942380e-03
-2.4779449538e-02
4.9684983087e-02
-3.2312720983e-02
1.9388105171e-02
1.8451589041e-02
-2.7945751738e-03
-1.3311774308e-02
1.2796895403e-01
1.4987281787e-02
-1.4989808707e-02
-4.7492883791e-02
1.6488280120e-02
-4.6718713968e-02
2.6997385803e-01
1.0408582711e-01
-5.8696304418e-02
1.4540084724e-02
-1.6679851389e-02
1.6289240997e-02
1.0491770521e-01
-2.5089035427e-02
1.7122465726e-01
1.0224008094e-01
-5.6171979708e-02
-2.1248260904e-02
-1.1635504411e-02
-1.5366328508e-02
-1.0821583693e-02
7.1415378736e-02
-3.3286096214e-03
-8.1964522642e-02
1.1595644745e-02
9.1696235189e-03
-3.6432867980e-02
1.6608103275e-02
9.7301629530e-02
-4.0132807940e-02
5.6955472429e-02
-2.0967280481e-02
-3.6257589982e-02
-1.5472347998e-02
2.3754060840e-02
2.8507124409e-01
8.0659894810e-02
-2.5299940364e-02
1.8391702279e-01
-2.4430051757e-02
-2.0257879098e-02
-8.2267661015e-02
2.3955263292e-02
-1.4489734809e-02
1.7113962575e-02
-2.9468733735e-02
1.4301765336e-02
4.3387373531e-02
-3.7588432383e-02
-9.5866903708e-03
-2.3064032348e-02
-2.4360254610e-02
-4.6173307544e-02
4.8653305550e-02
-5.3680241928e-02
-4.3563455494e-02
-1.1646403947e-02
6.2504897197e-02
-2.4463274167e-03
-2.2679123993e-02
-2.6651047471e-02
5.3261413131e-02
1.1669029237e-01
-2.5895466520e-02
8.0824189843e-02
-1.5282473095e-02
-1.7610376898e-02
2.6909382566e-03
4.7285683476e-02
1.7794776074e-03
1.8959394888e-02
-2.2414346219e-03
7.0583477213e-02
-9.6093098010e-03
-3.0121342248e-02
9.5799107148e-02
1.4265600662e-02
-5.6559573325e-02
-4.8668338528e-03
1.6857454126e-02
1.1279659453e-03
-6.2014876211e-03
2.7185086222e-02
-6.4908557499e-03
-8.0463224792e-03
6.7773848971e-02
1.5080273067e-02
-2.7506496027e-02
-9.5709492935e-03
-4.1190482712e-02
1.0848984763e-03
1.8970864952e-02
-3.6434437722e-02
-6.7720902332e-02
-4.2072610196e-02
-5.4107240773e-02
-1.6828520536e-03
-1.9189040053e-02
7.1336664968e-04
2.8721382000e-02
-3.0950131341e-02
-5.7999616280e-02
5.2886596175e-02
-4.1669669918e-02
-2.1135338695e-02
-4.2945034119e-02
1.3701585909e-02
2.2014029423e-02
1.8384278671e-01
3.2873844804e-02
2.7623597503e-02
-5.0196156659e-03
3.0868841430e-01
-3.9096056869e-03
-5.8676087095e-02
1.1749077817e-01
-3.7085433032e-02
3.1455798461e-03
-2.5466264159e-02
3.1704030226e-02
3.7989252071e-02
2.4949263644e-03
-3.5687013247e-02
-1.2964977463e-02
8.6371426503e-02
4.6852247461e-02
-1.3697941705e-02
5.2829489505e-03
6.0366767518e-02
-3.8965998246e-02
-4.3076759292e-02
2.7408722485e-02
-7.8460672131e-03
1.9584894860e-02
3.5765617866e-02
5.4600650721e-02
2.4069889379e-02
-1.0924930592e-02
4.7802421166e-02
1.1986602957e-02
6.0766556636e-02
-2.2903349282e-02
9.6578693608e-03
-1.4553350733e-02
-5.3971017392e-03
9.2258267188e-03
-6.9920257063e-02
5.4769657540e-02
-2.4699410963e-02
1.9021727562e-02
-6.1888227047e-02
3.1197440912e-03
-4.4417640538e-02
1.1973451023e-02
1.6331113879e-02
-1.7071130998e-02
-1.3503831143e-02
-3.7592968342e-02
-4.1651961131e-02
1.2375860376e-01
9.5285619815e-02
-3.5667869459e-02
1.3692686891e-01
-2.3091372135e-02
-4.2852960979e-02
-6.0690177102e-02
2.5823719434e-02
-4.3739409075e-02
-3.2661407679e-02
-5.5263846515e-02
-8.2552179919e-03
-4.5715306849e-02
-8.9591666837e-03
4.8511945606e-02
-2.7703987276e-02
-3.0279994992e-02
1.4229791075e-02
5.1353852536e-02
-4.1248771523e-02
-5.8408847143e-02
2.4332091413e-02
2.7369090564e-02
4.0120507407e-02
-2.5838107239e-02
8.7211805250e-03
-9.0617618523e-03
-3.0001502439e-02
4.7442317117e-02
4.5270542924e-04
-5.4366400651e-02
4.7001716084e-02
-4.1976777515e-02
-1.2669227391e-02
2.4205851372e-02
-3.1621557897e-03
-9.4446207958e-03
4.7607772486e-02
-2.1491197986e-02
-3.2862660618e-02
-5.2285292481e-02
3.3158805721e-03
-1.3315612219e-02
-3.5162634330e-02
-5.0143560680e-02
1.4996426729e-03
3.3454497851e-02
-5.1949117271e-02
-2.2248191102e-02
1.2564114171e-01
4.3186973841e-03
-5.9397617629e-02
-3.2366692693e-02
-2.1097383152e-02
3.8138890284e-03
1.7253963862e-02
-4.4035375972e-02
2.2420320406e-03
1.0532993912e-02
5.5655866235e-02
1.8098384138e-02
1.0625788714e-01
-2.5406082763e-02
1.0676575623e-01
1.8566524526e-02
5.8865789723e-02
-2.6138577266e-02
6.8948471352e-02
-3.1282161794e-02
7.1839389921e-02
-1.9135539709e-02
-3.8647316936e-02
2.1988373835e-01
-4.9730160196e-03
-3.7389383191e-02
3.8006378148e-02
5.2075964489e-02
-3.2419088782e-02
-3.6390033654e-02
-5.3667144203e-02
-5.6260703771e-02
3.3006018999e-03
1.9613276872e-02
1.4510008172e-01
1.0884744523e-01
-1.9946850278e-02
-5.9606202091e-02
-4.2802985147e-02
-2.8108633309e-03
-6.0697767334e-02
-3.4743289231e-02
-5.1050226209e-02
-4.4821349364e-02
9.1119983943e-03
-2.0409175123e-03
1.0511064056e-01
-5.5017431206e-02
-4.8968060235e-02
2.2163633404e-02
1.0831004807e-01
-5.8882508501e-02
-3.9831564355e-02
-4.1363997530e-02
8.0528327494e-02
-3.0945923393e-02
-5.4771316727e-02
2.8193288707e-02
-3.9245646258e-03
-2.1291251858e-02
9.3261640683e-03
-2.2384591931e-02
-5.7315793189e-02
5.2112689021e-02
8.8890480536e-03
-2.7544308354e-02
3.1067002557e-03
-1.2316266667e-02
-2.7782407777e-02
-2.4746445332e-02
-4.2724005061e-02
-4.2834453785e-02
-3.0044187631e-02
-2.6050329329e-02
-1.3115670103e-02
-4.7428662269e-02
1.9323901937e-02
-1.2758605964e-02
1.8510071316e-02
-4.1631104972e-02
-2.5040027374e-02
-6.7043502338e-03
-5.0545483016e-02
-4.6569820918e-02
-3.6660249201e-02
-5.1701535192e-02
-3.4252464224e-02
-3.2261632321e-02
-5.2469714355e-02
1.5490929641e-01
1.2293384914e-02
-6.2475768626e-03
2.1184988796e-02
1.6329828236e-01
-8.3503838315e-03
-1.6811778794e-02
1.7779561683e-02
6.0887029101e-02
-3.5273954815e-03
-1.9235789034e-02
5.2737635650e-03
3.4523764057e-02
1.8801221884e-02
4.7700241952e-02
7.1971386346e-02
1.1669562474e-01
-3.4730761227e-02
1.0291527386e-01
2.8486851026e-02
1.7836163244e-02
4.9645597337e-04
1.1006998769e-02
-7.8093630274e-03
-3.3774598416e-02
-1.6944256797e-02
3.2869582375e-02
-6.0479241701e-02
-3.9268251268e-02
2.3459486423e-02
1.1711020227e-02
-5.4900218043e-02
-4.3040243968e-02
-5.7202163066e-03
-4.4670002253e-02
3.5227916039e-02
3.8396544478e-02
1.3995975140e-02
-3.7131960579e-02
7.3072947528e-03
-3.4537432537e-02
-4.0680385443e-02
-5.4483082564e-02
1.2137190842e-01
4.0306279081e-02
-2.3443234022e-02
9.4269180318e-02
3.1379656587e-02
-1.6132988047e-03
-4.5257961840e-02
-3.3548029046e-02
5.2488504175e-02
9.6679697017e-03
-3.3555458126e-02
8.3057506192e-03
-1.9986515567e-02
-4.3344912539e-02
-4.6363450347e-02
-3.5521509339e-02
1.0265703614e-02
-4.4972495245e-02
-5.2632421533e-02
-1.8015437027e-02
8.2338203906e-02
-5.6391157027e-02
1.9724800949e-02
-1.9281761218e-02
5.6705492288e-03
-1.4190823042e-02
3.2877251707e-02
-1.5412599675e-02
1.1130687199e-01
-1.8743170432e-02
6.1147946257e-03
-7.0050974714e-02
-3.8907447440e-02
-2.0749776763e-02
-1.6810917611e-02
-3.7621144709e-02
-2.5823779377e-02
4.0381616683e-02
3.7838697157e-02
-1.7935478844e-02
2.7523398467e-02
-4.9287268136e-02
-1.5682348354e-03
8.1335126442e-02
3.5995184681e-02
-1.4623108651e-02
-2.3811899241e-02
-4.2267988029e-02
-3.5370123865e-02
-4.8757050450e-02
1.1858619085e-02
9.4749137183e-02
-2.1713646951e-02
-8.6426398368e-03
-4.7546971423e-02
1.6363102440e-01
1.0150574656e-02
2.4301344031e-02
9.8270545776e-03
6.6077898942e-02
-3.2438026260e-02
-3.2999707781e-02
8.4244847709e-02
6.8569917139e-03
-4.5485744123e-02
-5.1451472529e-02
-3.9158794911e-02
1.1066124682e-01
-3.3277410391e-02
-2.3818280894e-02
-2.7089272880e-02
5.2808281554e-02
1.1575985233e-01
5.7178181787e-02
7.6357228695e-02
4.5651382191e-02
-1.0041557440e-02
-5.8757729497e-02
-4.2277849907e-02
-4.1496356256e-02
-6.7196456561e-02
-1.1474090853e-02
2.6680629556e-02
-3.4303281298e-02
3.4517598331e-02
6.6654980838e-02
-2.1125916571e-02
-1.2807911618e-02
4.2213012166e-02
-2.2035803263e-03
-1.8723755061e-02
-4.3149640927e-02
-4.1166863972e-02
1.5429345507e-01
7.4646312382e-03
7.9014823433e-02
3.7304267771e-02
1.1543792777e-03
1.3474224561e-01
6.6499144515e-03
-2.9436051869e-02
1.8692602356e-02
-3.8089343358e-02
-1.8060357117e-02
-6.6497324724e-02
4.0879512616e-02
-7.3567610815e-03
-1.4533382379e-03
-1.5883370030e-02
-1.8497798774e-02
2.1757767936e-02
3.2761741744e-02
-6.2852989705e-03
-5.3563960517e-02
-5.5355295337e-02
3.2502199057e-03
-4.4630069124e-02
-5.1987329150e-02
2.7422120233e-02
4.8660705747e-02
-2.4012371086e-02
2.3556712948e-02
-3.9526620940e-03
-2.8683859817e-02
1.6221608369e-02
1.4017208909e-02
2.9203502371e-02
7.4047464931e-02
1.1413255598e-02
-2.0143840717e-02
4.8758512394e-03
-5.0226097914e-02
7.3014158681e-03
-2.0794834899e-02
-1.3473977699e-03
-1.3190182957e-02
2.9528687840e-02
-4.9226190584e-02
-5.7022534914e-02
-3.2224798692e-02
-2.3870845202e-02
-6.3455234091e-02
9.8436257622e-02
9.7600798422e-02
6.3649690856e-03
-2.8914368129e-03
3.6066659738e-02
-4.7116664636e-02
1.3973630094e-02
-3.5473506933e-02
-6.5173408409e-04
-3.1656879967e-02
-4.6134542895e-02
-1.0936527062e-02
-3.5428262153e-02
1.0555812968e-01
-3.2984691059e-02
5.3591108805e-02
-3.1934467299e-02
-1.8818512250e-02
-3.4588420607e-02
2.8971692097e-02
9.4327030807e-02
-1.5858694314e-02
-3.0658317379e-02
4.8842858774e-03
-5.5991880999e-02
-6.4751753388e-02
7.9221637085e-02
-5.0700061610e-03
-7.9925726974e-02
-3.2027523641e-02
-4.0365943757e-02
1.7988512642e-02
-2.3209116788e-02
-7.9397727191e-03
9.8028947116e-02
-1.7597590940e-02
-3.7757025288e-02
-5.0217481330e-02
5.8891713843e-02
2.0523497490e-03
-3.5690823799e-02
-3.2535772783e-02
3.3642581478e-02
7.7845683121e-03
-5.0636535929e-02
9.0206989273e-03
1.1213430469e-03
1.4876158390e-02
-1.1513689636e-02
1.4624185838e-01
-6.7826339888e-02
-5.4163892954e-02
4.4088897254e-03
3.7703858430e-02
-2.8211179430e-04
-5.8404198327e-02
-1.7286287228e-02
-2.1560515962e-02
3.1211276699e-02
-4.4651964375e-02
1.0140257254e-02
9.6598619211e-02
-2.3062511475e-02
3.3470847265e-02
-6.5082472504e-02
-3.4001099444e-02
-4.8729941807e-02
-5.7590140735e-03
-4.4767786954e-02
3.3251768711e-02
-4.4863982042e-02
-2.1063668714e-02
-4.6839594614e-02
5.2388234257e-03
-6.2951887589e-02
4.0532470450e-02
3.1122205759e-02
-3.5021998796e-02
1.0942957092e-02
-1.3508441827e-02
4.0717086290e-02
-9.9530137046e-03
4.5381287632e-03
-3.1504858795e-02
7.5593060672e-02
-5.4627425456e-02
-1.1404589909e-02
-3.7667833319e-02
-6.6225748552e-02
-5.2698574633e-02
-2.1314739199e-03
-2.1640544468e-02
-4.1243781188e-03
-2.4666206122e-03
1.8471425287e-03
2.9749501530e-02
5.0967538350e-03
-2.0849116711e-02
6.2591170487e-02
8.1542344936e-02
-2.4490552987e-02
2.6147516453e-03
-7.7422115488e-02
2.6508438728e-02
-6.5037105611e-02
7.3339679001e-02
5.5380182730e-02
4.3818365725e-02
7.9306339448e-02
6.4102153726e-02
7.7758843992e-02
-2.5745111947e-02
2.5298159525e-02
2.7978920094e-01
5.0902452252e-02
-5.0986837703e-02
7.8357353321e-02
7.1553732377e-02
-4.8099580958e-02
2.7807791548e-02
-6.0504966273e-02
8.5596073163e-03
7.9233278051e-02
9.2405569202e-02
1.7869361332e-02
9.9037705013e-02
-5.8423167508e-02
-1.6668521846e-02
4.4986368828e-02
-1.4285918429e-02
-4.0350389473e-02
-3.1270908819e-02
8.8547492071e-02
9.7624329337e-03
3.6173239294e-03
1.2437580615e-01
1.9304296504e-02
-3.4746329761e-02
5.6953964572e-03
5.8388590848e-02
-1.1731756027e-02
-3.0341540241e-02
-2.6931746892e-02
5.7077346969e-02
4.7689605576e-02
-2.5964612443e-02
4.7884046197e-03
-2.5438064196e-02
-5.0474216469e-03
7.3780121458e-03
-4.7871449303e-02
1.2241446582e-01
-3.5533695714e-02
-3.9044974938e-02
2.2320620021e-02
-6.8162663309e-02
-5.6716708710e-02
-3.2191930561e-02
2.7662544792e-02
-5.6884313654e-02
-4.6288757968e-02
-4.8867184128e-02
-2.5288778696e-02
2.2478760772e-02
8.4168983445e-02
-2.7139475028e-02
-6.3012398969e-03
7.2820078936e-02
-1.1636654541e-02
-2.8346232010e-02
1.9923798601e-02
-1.6149889282e-02
-1.9096875091e-02
-5.1798993596e-02
-3.8641528897e-02
-7.9672913436e-02
-3.8417232517e-02
3.5816686334e-02
1.4118382045e-02
1.0598312462e-01
-2.8438710083e-02
-2.1326241128e-02
-1.0403165537e-02
-6.2294838513e-02
-2.9549947560e-02
-1.4323281347e-02
-4.4731717954e-02
1.0436443541e-02
5.5974761574e-03
6.5874228271e-02
7.4016103257e-03
-3.3299445971e-02
1.5047458094e-02
-6.2216113807e-02
7.2133755602e-03
1.2075143470e-02
6.0743454663e-02
-1.1221437451e-02
-4.8559392945e-02
5.4084099250e-02
8.3009767083e-02
1.1341237561e-02
-1.9362645479e-03
-5.5851720951e-03
-1.4856733357e-02
-1.4534075047e-02
-3.4928996152e-02
8.4637354863e-02
-2.8343875764e-02
3.8328446896e-02
-5.3718250578e-02
7.4232634351e-02
4.9090972601e-02
-3.1616152412e-02
1.4136907544e-02
1.8521494225e-02
1.0819695433e-01
-2.9839287749e-02
-1.3930080315e-02
-5.3250761951e-02
-1.1435480069e-02
-3.8059435390e-02
-1.5888823714e-02
3.3768822896e-02
-9.1804571127e-03
-5.8855328964e-02
2.1366541348e-01
-1.7188944157e-02
-3.9312381059e-02
2.5155986764e-02
2.2331426698e-01
-1.1090232889e-02
-5.4512893142e-02
-4.9858465276e-02
1.1879700700e-02
8.5466390155e-02
4.8025006530e-02
4.2351087819e-03
1.0955290898e-03
3.1975568503e-02
-1.0034091482e-02
1.6411331208e-02
2.6212481412e-02
-2.4519177593e-02
-2.5039616853e-02
-2.4593332718e-02
5.5556694268e-02
-2.1092455986e-02
1.0900005793e-02
1.2551442845e-02
4.1902863851e-02
4.2061805738e-02
6.0223133058e-02
-1.4803126748e-02
5.5775109183e-03
-1.6203090477e-02
9.3011753022e-04
-5.4468181207e-02
-4.9993360906e-02
1.0835209001e-01
1.2063876057e-01
1.4755245108e-02
-3.2276847285e-04
1.3227697465e-02
-4.7409471542e-03
-2.6699513798e-02
-2.0230784068e-02
-3.9954057227e-02
1.2257945624e-01
3.0489724902e-02
-3.8279429206e-03
-1.1876720747e-02
-3.8684218952e-02
-6.8041897847e-03
-1.1332843467e-02
-3.7325736805e-02
5.8644224655e-02
6.0163939908e-02
6.4441485098e-02
8.0979658151e-02
-3.6313196207e-02
-6.0917645430e-02
-2.9435254928e-02
1.7187552514e-02
-5.8860404565e-02
-1.4104082894e-02
5.9433406225e-02
5.1199318535e-03
-3.1021654662e-02
1.0404093039e-02
-1.2768111856e-02
4.0177881511e-03
2.4386332245e-01
-3.8049047028e-02
-2.0742899291e-02
-3.2093391005e-02
5.2172740103e-02
-7.5066136775e-03
-4.1536420023e-02
3.8865957050e-02
-5.5958725248e-02
-6.5878494266e-02
1.7498767889e-02
2.8580179763e-02
-1.8187792334e-02
-4.1501005132e-02
6.2463785918e-02
-5.8860770018e-02
4.4940992392e-02
-6.0636827421e-02
4.0816321802e-03
7.0074628078e-02
-2.7920782028e-02
-5.6451962835e-05
-3.6233284018e-02
1.8672231079e-02
-2.6017435855e-02
-4.1774757749e-02
-5.7124596870e-02
8.4822498991e-02
-3.2169497658e-02
3.9970211421e-02
1.5857934761e-02
-4.1177009603e-02
-6.2764754590e-02
-1.6187420581e-02
1.6870187499e-02
-6.2127951411e-02
-1.4643042769e-02
-5.8957056149e-02
1.4436278324e-01
-2.0448581032e-02
-2.5516781670e-02
-1.9601685201e-02
-1.6259113281e-02
-7.5747604832e-03
5.1561975372e-03
4.3445665683e-03
2.6652258255e-02
1.7223115659e-01
1.1003930545e-02
-6.2630067650e-02
7.0595803629e-03
3.2544451600e-02
1.0497432885e-02
-6.0103506526e-02
-2.8110549323e-02
-3.2040326031e-02
1.6118735520e-02
-7.0709879951e-03
6.7651414656e-03
-8.5123128623e-03
8.4726026720e-02
2.4512043694e-02
-3.5084862666e-02
-5.7416178457e-02
5.0314241052e-02
4.2038284859e-02
1.5210949966e-02
-3.6709408094e-02
-5.0812188543e-02
-4.4479990254e-02
6.4252799020e-02
-3.5095046684e-02
3.1597273752e-02
-4.9382263917e-02
-5.8116713647e-03
-3.2264713792e-02
-2.8848848478e-02
6.0681938123e-03
1.4572081888e-01
7.8649951234e-02
4.1665002175e-02
-5.4472026722e-02
2.0280280851e-02
-2.4253637380e-02
-1.6375043524e-02
-3.8770969171e-02
-2.2428999287e-03
-1.3683240018e-02
-1.6990523485e-02
3.8802658300e-02
-7.7553696627e-02
7.7751254654e-02
-6.2559471285e-02
4.8717309930e-02
-5.4839871938e-02
-1.4123163739e-02
-3.1994939593e-02
-2.5132499350e-02
3.3803857279e-02
2.5175396032e-02
2.8351000082e-02
-7.6351588060e-02
-3.0816159320e-02
-2.8181052136e-02
-1.8939530375e-03
2.7042043151e-02
-1.0375241334e-02
1.6199647983e-01
1.8025778799e-01
-5.3561536646e-03
-4.5159162553e-02
1.2740162857e-01
-8.5218628376e-03
9.2994467541e-02
6.8732366429e-02
-9.8399145879e-03
3.4790431551e-02
1.6353817789e-01
2.8736731872e-02
1.6088245289e-02
5.5031382454e-02
-5.2685188630e-02
-2.0707906764e-02
-3.2630232812e-02
6.0492194035e-02
-1.5556622820e-02
-9.8527289116e-03
4.3883868751e-02
-1.0253502941e-02
1.1440861649e-01
5.5434181474e-02
6.8715766795e-02
-2.7938974965e-02
-1.0437537220e-02
-4.7239771193e-02
1.8246621596e-02
-4.4000077612e-02
-1.1326487136e-02
4.3953485649e-02
-4.1860592924e-02
1.0616601488e-02
-1.5770582179e-02
6.6001203107e-03
4.4445878630e-02
2.5453917038e-02
-3.2830585457e-02
4.1814131769e-02
1.5282388119e-02
3.0245658750e-02
-2.7638098097e-02
-4.5388017014e-03
2.5859131800e-02
-9.1521328649e-03
-4.9131434041e-02
1.8904002618e-02
-5.3327667092e-02
1.1252055437e-02
-3.0890294544e-02
3.8920527212e-02
-2.4568712270e-02
-4.4758525027e-02
3.0248901599e-02
5.3099462645e-02
-8.4662141420e-02
-7.4312114439e-03
2.9428929204e-03
-4.2698217369e-02
-3.3554592807e-02
-4.0483334654e-02
-5.3390059059e-02
1.3861850956e-01
-2.1470628557e-02
4.0271549219e-02
-5.6672645437e-02
2.3781277007e-02
9.3132564570e-02
2.6195537447e-02
-3.5543707804e-02
-6.8763374295e-02
1.9258249733e-02
1.6268973902e-01
-1.7230392454e-02
1.1027105399e-01
2.3200086525e-02
-1.9968305245e-02
4.8636342693e-02
-3.2019871781e-02
-2.3854735115e-02
2.5073069985e-02
6.1912532556e-02
-5.9647015223e-03
-1.8907000951e-02
-2.0418268651e-03
8.7845402484e-03
-4.5213812078e-02
4.1792956146e-02
-6.2173594090e-02
4.8341516117e-02
6.7611659823e-02
-7.5655200327e-03
-3.4211277752e-02
-6.6240861444e-02
-4.1665264836e-02
-7.8828808135e-02
7.2456685541e-02
2.2949979535e-02
8.6661566531e-03
-5.2488496323e-02
-5.8957237186e-02
-1.4296002682e-02
1.3210162158e-01
4.4667872388e-03
5.1511578296e-02
8.2345167605e-02
-4.9080618388e-02
-4.0316133853e-02
-1.2030952929e-02
5.4278964056e-02
-2.8786327356e-02
6.3007308345e-02
1.7196174128e-01
1.3029077594e-01
4.4609072782e-02
2.6707730354e-02
6.0478797115e-02
-3.9942881510e-02
4.7490356357e-02
-2.6070568511e-02
-5.8127471148e-02
2.3301820898e-02
1.5868036123e-02
-3.2971812075e-02
-3.6718113967e-02
5.8787591183e-02
8.6920265564e-02
2.6483085432e-02
-5.7755433071e-02
-6.6542750082e-02
-1.1562798423e-02
1.8014011836e-03
-1.5522332373e-02
1.1773566995e-01
-2.1476996485e-02
-4.7424786136e-02
-2.2648841594e-02
-2.0382915076e-02
7.1804301690e-03
1.1936659245e-01
-4.1355771263e-02
-2.7604952586e-02
3.7979763070e-02
-2.8549995535e-02
-4.7999105990e-02
8.0089336542e-03
1.0446697640e-01
1.1429095504e-01
2.9672872801e-02
-2.5636176237e-02
-2.9735124991e-03
-7.2183112234e-02
-2.0421090914e-02
7.1029235545e-03
-4.6938464855e-02
-6.7298574882e-02
-3.6213166723e-02
5.7020922385e-03
-1.5334067227e-02
2.5231085260e-03
-4.0305790175e-03
-6.6091884966e-02
-8.4000637084e-03
2.5164986247e-02
-1.7969769921e-02
-2.9807333327e-02
5.6835044432e-02
2.7952773476e-02
-3.4278364627e-02
-8.5987023995e-03
-2.2394875695e-02
-6.5469986608e-02
-1.3627236561e-02
1.7869281941e-01
4.4166959516e-02
1.1531567201e-01
4.2670029024e-02
-3.7930655566e-02
-6.1213887183e-02
3.1277405220e-02
6.3710765865e-03
-7.3504660276e-03
-9.4642079468e-03
-4.7815774656e-02
-3.4584189524e-02
-5.9555554862e-02
-5.7176898634e-02
-2.3206351550e-04
-3.8279195767e-02
-3.8521958958e-02
-2.1914298168e-02
-3.5493344362e-02
-1.8684087630e-02
-6.1265863148e-02
-6.4489535466e-02
6.7705841310e-02
8.5962151923e-02
2.3876658605e-02
1.0438305500e-03
3.6503921779e-02
-2.7187050831e-02
8.3491047408e-02
-1.1313472746e-02
1.7596848862e-02
-3.1298013586e-02
-1.8651095615e-02
1.8787232172e-01
1.4555357294e-01
-6.0632563571e-02
-1.3220174091e-02
5.5354257266e-02
-3.0261452250e-02
6.5093955718e-03
-1.0354675397e-02
-6.6181307113e-03
-1.0086479288e-02
-1.4741480153e-02
-6.6123086883e-03
-5.6655718274e-02
7.0594065094e-04
-6.9880377523e-02
5.4263257688e-02
4.8205256850e-02
-3.8756508061e-02
-3.0472757548e-02
-5.1518404192e-02
-2.1519357039e-02
2.3573901970e-02
-5.8517955490e-02
2.0645787755e-02
1.6916214888e-02
-3.9822303010e-03
9.9728563628e-02
2.9805521637e-02
-5.2600501760e-02
-2.9391804575e-02
-3.5403669705e-02
1.3269571857e-01
7.3723826241e-02
-3.0965505798e-02
1.0226873041e-01
2.8204023636e-02
-5.4516927289e-02
1.6529928601e-02
-2.7374917793e-02
-1.0132041627e-02
-9.3562052378e-03
-7.5126784000e-02
-3.2680746093e-02
-5.7411995565e-02
5.7252673049e-03
4.6806433236e-02
4.3195261264e-02
-9.9094442725e-03
1.2834608244e-01
3.4624629710e-02
1.7446213784e-03
-5.8617326114e-03
-2.9838350210e-02
6.7882552713e-02
-3.1631154076e-02
-8.1407196250e-04
5.9177215404e-02
4.9680647812e-02
4.7662655145e-02
4.3340138461e-02
3.7920833106e-03
-3.7952612310e-03
4.9504634464e-02
2.3723465763e-02
-4.2913890142e-02
-1.2738058531e-02
5.9659203458e-03
-3.6597075099e-02
4.2715242671e-02
-4.6873566219e-02
-4.4757586417e-03
-2.0140263791e-03
-1.4950250513e-02
5.4764734135e-02
4.3368716413e-02
1.1165664660e-02
-1.4510007330e-02
7.2798423341e-02
-6.8940279480e-02
-7.5523015839e-02
-4.7965564146e-02
-3.9315170875e-02
-3.9907712987e-02
-4.0608189089e-02
-5.9735142344e-02
-1.8499643748e-02
-5.2241215901e-02
5.1672459364e-02
-4.0621650696e-02
-1.6687831538e-02
-2.8475445569e-02
8.1515660933e-02
-1.6130174277e-02
-2.1354441376e-02
-1.8494527465e-02
-2.5913229041e-02
7.3627122590e-03
6.8447745577e-03
2.4994932521e-02
-1.3181974206e-02
8.7636226549e-02
-4.0235697476e-02
-2.4954230750e-02
7.9135385579e-02
1.1207623821e-02
9.1854359049e-03
1.8771166798e-02
-6.1172826867e-02
3.2465523476e-02
-1.0499285263e-02
7.9751841802e-02
2.6993941531e-02
2.8039754405e-02
-2.3659269209e-02
-3.2154264167e-02
-2.3990363715e-02
1.8888275679e-03
-7.3344928731e-02
1.1913722566e-02
-2.0123011009e-02
9.6607441498e-03
-4.3221069551e-02
1.0779556120e-02
1.2132076070e-01
-1.4352244091e-03
1.4318254932e-02
-1.5498753600e-02
3.4319276096e-03
8.7475718610e-02
5.8346962740e-02
5.5259429982e-02
-3.3685070427e-02
-2.2842537528e-02
-3.7864850311e-02
-6.0940795659e-02
7.8904448701e-03
5.4337801756e-02
-3.3015273666e-02
6.9753340511e-02
3.5516229079e-02
7.0323675008e-02
-3.3479575297e-02
-4.3975752472e-02
-1.0614069543e-02
-5.3705632327e-02
-7.2836167752e-02
-4.7703650069e-02
1.7030918357e-03
-6.5661606850e-02
-2.4640368912e-02
3.5166245976e-02
1.1402934956e-02
2.0714988088e-02
-3.9329314649e-02
-2.1528874123e-02
-3.0484394180e-02
-3.6116222332e-02
-5.2276907397e-02
-1.7105434276e-02
-2.1690398012e-02
-3.3045351164e-02
5.9792860523e-02
4.8334583371e-02
6.4531073558e-02
2.9021646671e-02
-2.1578406435e-03
-4.6588831370e-02
2.8956225499e-02
1.6192595743e-01
-7.2850829934e-03
1.2499680544e-01
6.3712663401e-02
-6.1192186880e-02
-7.0125899284e-02
6.9587860143e-02
2.0163655427e-02
5.9266671764e-02
-4.0521432978e-02
-2.4288257049e-02
-2.1492082908e-02
-1.3887032212e-02
-3.8916210268e-02
-9.6635740013e-04
-1.8370430272e-03
4.5450645574e-02
-1.8004910944e-02
-1.7333107798e-02
-6.1988744816e-02
-3.8312396579e-02
9.7009197665e-03
-4.5092479358e-02
-2.4148523925e-02
-2.4473876669e-02
-1.4719679202e-02
4.1547426004e-02
7.0269327850e-03
-8.3176235021e-03
-2.0782345630e-02
-3.2445309133e-02
-3.6856262509e-02
1.4995440164e-02
-5.9756857245e-02
8.3678078865e-02
-2.3877939690e-02
-3.8413797585e-02
-4.5158497418e-02
-2.0018371412e-03
5.3769347474e-03
-4.9483500302e-02
-6.0279898502e-02
2.9320645923e-02
-1.6834112034e-02
-1.4997728106e-02
2.1039943508e-02
3.9143240510e-04
7.0055223384e-02
8.4089470820e-02
3.1434839019e-03
1.5674391264e-02
7.0201459615e-03
4.3013092261e-02
-1.1620731530e-02
4.5563858015e-02
-3.2136893643e-03
-1.8330185112e-02
7.1197362608e-02
-1.2727603438e-02
-2.8675487769e-02
-3.1764225630e-02
7.2812231348e-02
-3.5798960812e-02
-5.0253271157e-02
3.3366053520e-02
7.1721881658e-02
1.4759307593e-03
4.4009255431e-03
1.4547220157e-02
9.2966530688e-02
-1.3834303581e-02
-6.8391841654e-03
-1.7385919549e-02
-5.5523817497e-03
-7.0203554967e-02
-1.9020450299e-02
-5.8929813944e-03
-6.1464290481e-02
-6.3948120981e-02
-4.7345306584e-02
2.6492180753e-02
1.0548715992e-02
1.0217256360e-01
-4.9537006782e-02
-1.3535959951e-02
-2.9734947285e-02
-5.9409071939e-02
7.7098562914e-02
-2.0033529855e-02
3.8848959439e-02
-6.7597173970e-02
-5.8269247195e-02
3.8901558244e-02
-4.3217654300e-02
-4.2274251741e-02
3.0490937913e-01
-2.5272955544e-02
-4.3712036946e-02
3.0752862360e-02
-7.0502404939e-02
3.8255219702e-02
5.6314378066e-03
4.0079571291e-02
-9.1669153973e-04
7.8425149387e-02
-8.6233867375e-02
2.9136560100e-02
-4.4019320290e-02
-5.5462129304e-02
2.0982254198e-02
2.1457808546e-02
2.5944675624e-02
6.3647129839e-02
1.1704274620e-01
6.2404964728e-02
1.1382744730e-01
-2.3940377325e-02
-4.2024349265e-02
3.7340984214e-02
-5.7493533815e-02
-1.3947206260e-03
1.1620160127e-02
-5.4671507349e-02
3.3931096348e-02
3.7224109007e-02
-1.8286589138e-02
-1.1107410150e-02
6.0411537808e-02
-2.1624274536e-02
1.1633939311e-01
7.5671844437e-03
-3.1853339662e-03
-4.3097365726e-02
-4.0122251805e-02
2.8297357109e-02
-2.1200947024e-02
6.4028766696e-02
-3.0015223749e-02
6.8316305524e-02
1.3187365239e-02
5.5666519387e-02
7.3869776782e-03
-7.7430510669e-02
-4.2126513619e-02
9.1648570694e-02
5.0979862102e-02
-2.8127356485e-02
2.7159772027e-02
3.3900823760e-02
-3.1942341247e-02
4.5362792689e-02
7.3352182422e-02
-2.5590315987e-02
-6.0275100209e-02
-2.9524384864e-02
-5.7830510466e-02
5.1842027373e-03
9.5930030401e-02
4.1344322603e-02
-4.4926085479e-02
-8.8224626192e-03
-2.7684152987e-02
-2.9769915745e-02
1.7428947563e-01
-9.0442887518e-03
1.4026765415e-01
-4.1251713459e-02
1.6349768306e-02
-3.5678895830e-03
-2.7423767231e-02
-6.6907178719e-03
-1.1328571449e-02
-3.9260525640e-02
-4.6766010408e-02
-3.6743507243e-02
7.4224039339e-02
-2.3640234943e-02
-1.1668461270e-02
-2.9445828367e-02
-3.1426506672e-02
-3.9066315850e-02
2.4525142505e-03
-6.3999157185e-02
-2.6539814463e-02
