147 2
146 1
40 3
39 2
314 2
315 1
23 2
24 3
283 2
286 1
280 4
287 3
468 4
512 2
352 3
353 1
37 1
114 2
68 1
105 2
373 2
374 3
335 2
339 1
431 1
439 2
240 3
246 4
484 2
510 1
387 3
385 4
205 2
204 4
465 4
466 2
199 3
160 2
161 4
375 4
382 1
327 3
344 4
480 4
500 1
216 4
215 2
239 2
247 1
233 3
234 4
219 2
220 3
169 1
168 3
430 3
400 1
399 2
328 1
467 1
26 4
112 3
297 1
298 4
103 1
102 2
250 3
301 4
381 4
310 3
330 2
367 1
366 2
378 4
410 2
132 1
135 2
76 1
79 4
7 2
8 4
363 2
376 1
10 2
172 4
201 4
200 2
154 1
155 3
489 3
450 2
444 1
303 4
296 3
295 2
426 2
519 3
513 3
422 1
447 2
180 2
181 4
494 1
504 3
238 1
392 2
190 3
192 2
212 3
222 3
254 2
253 3
162 3
145 3
144 1
229 4
294 1
290 3
291 1
230 2
293 3
277 4
276 1
21 4
22 1
88 3
96 1
90 3
92 4
522 3
523 2
18 2
19 4
58 3
64 2
36 2
81 1
338 3
356 3
362 1
300 4
50 1
49 3
243 1
390 2
182 1
448 4
449 3
20 1
120 3
308 3
477 1
454 3
457 4
445 2
420 3
441 2
440 4
202 3
203 1
170 4
458 2
463 3
218 3
140 4
142 3
343 1
485 4
221 4
407 1
412 3
483 1
158 1
495 3
359 2
406 3
52 1
55 3
123 1
175 4
397 3
401 1
424 1
433 2
241 1
232 2
521 4
45 2
9 1
325 3
326 2
32 3
34 2
85 4
101 2
307 4
306 1
13 2
16 3
100 1
324 2
333 2
383 3
341 1
118 3
391 4
503 2
213 1
214 3
516 2
408 4
423 3
435 2
434 1
455 1
456 2
394 4
414 1
139 1
27 2
117 1
425 4
95 2
35 3
84 2
432 3
515 4
28 3
264 3
278 2
72 1
71 2
354 3
355 4
33 1
59 2
415 2
183 4
186 2
482 4
499 2
130 3
129 4
443 4
419 2
111 4
436 4
386 2
427 3
261 1
265 2
487 2
493 4
274 3
292 2
252 1
259 4
137 3
171 3
174 2
141 2
47 2
56 4
509 2
41 4
281 2
256 3
316 3
309 4
97 3
368 2
305 4
185 1
106 3
187 3
189 2
122 2
121 4
340 3
370 4
62 3
65 4
206 3
210 2
357 1
360 3
209 1
496 1
127 4
459 3
119 2
225 1
481 1
193 1
518 4
517 2
164 2
490 2
157 4
507 2
508 1
520 1
396 1
402 4
476 1
475 3
2 3
4 2
242 4
244 2
91 2
5 4
43 3
231 1
74 4
98 1
289 4
313 1
317 4
257 4
389 4
104 4
464 2
345 1
348 3
63 1
15 3
474 4
478 3
82 4
156 2
177 1
176 3
473 1
208 4
125 1
398 4
163 1
258 2
227 2
228 1
279 1
498 3
501 2
93 1
331 3
332 1
255 1
109 3
110 2
48 1
11 4
347 2
323 4
75 3
342 2
179 1
80 3
329 4
388 1
17 1
304 1
511 4
453 3
429 1
25 1
395 2
99 2
6 1
269 4
94 3
273 2
46 3
108 2
288 2
322 1
349 2
416 1
128 1
404 3
136 1
89 4
266 3
472 2
372 3
249 2
148 1
358 4
492 3
151 3
149 4
428 4
124 2
442 1
236 1
235 2
268 3
126 3
14 1
223 1
31 2
113 4
336 4
319 1
38 3
384 1
369 3
188 4
411 1
107 1
152 2
491 4
207 1
451 1
133 3
150 1
320 2
403 2
321 4
361 2
377 3
364 3
196 3
471 3
470 4
461 2
502 1
506 3
263 1
418 3
514 1
1 1
44 4
78 2
346 4
73 3
299 1
131 4
115 1
365 4
337 2
413 4
405 2
77 3
270 1
334 3
421 4
184 3
53 4
460 1
488 1
417 3
167 4
262 4
226 3
197 1
260 3
245 1
30 1
311 4
166 3
224 4
3 4
70 1
51 4
393 3
462 1
267 2
497 4
173 1
159 4
12 1
178 4
371 1
409 1
479 1
248 4
237 3
438 3
437 1
272 1
87 4
86 3
29 4
57 1
350 1
351 2
195 1
194 4
505 2
469 2
271 4
83 1
42 1
302 3
198 2
217 1
251 2
153 4
318 3
66 3
446 1
143 2
211 4
486 1
285 4
282 3
452 2
379 3
69 2
134 4
191 1
165 4
54 2
60 4
380 2
312 3
67 2
138 2
275 4
284 3
61 3
116 2
