147 146
40 39
314 315
23 24
283 286
280 287
468 512
352 353
37 114
68 105
373 374
335 339
431 439
240 246
484 510
387 385
205 204
465 466
199 205
160 161
375 382
327 344
480 500
216 215
239 247
233 234
219 220
169 168
430 484
400 399
327 328
467 512
26 112
297 298
103 102
250 301
381 382
310 330
367 366
378 410
132 135
76 79
7 8
363 376
10 172
201 200
154 155
373 375
484 489
450 444
303 387
296 295
426 519
484 513
422 447
180 181
494 504
238 392
190 192
212 216
215 222
254 253
160 162
145 144
229 294
290 291
230 293
277 276
21 22
88 96
90 92
522 523
18 19
58 64
36 81
338 339
356 362
253 300
50 49
243 390
182 181
448 449
20 120
308 477
454 457
445 420
441 440
202 203
170 169
458 463
218 219
140 142
338 343
485 484
222 221
407 412
484 483
158 162
494 495
359 406
52 55
123 175
397 401
424 433
241 385
232 521
20 24
45 76
10 9
325 326
32 34
85 101
307 306
13 16
101 100
324 325
308 333
382 383
341 366
22 118
241 391
338 344
376 378
495 503
213 214
430 516
359 408
423 435
448 450
433 434
410 412
455 456
394 414
139 140
394 400
27 117
425 433
96 95
35 84
432 515
28 117
264 278
72 71
354 355
33 114
59 58
327 415
239 246
183 186
482 499
447 448
130 129
443 419
199 200
147 155
111 112
436 435
449 450
386 387
426 427
504 503
431 515
261 265
487 493
274 292
252 259
137 140
171 174
139 141
47 56
480 509
41 40
281 280
276 290
256 286
314 316
309 308
96 97
310 309
9 8
315 330
247 246
368 305
185 186
68 106
187 189
229 522
122 121
353 354
335 340
366 370
296 298
62 65
206 210
357 360
209 218
308 456
482 496
439 440
468 467
205 127
204 206
459 458
447 449
119 225
481 499
190 193
518 517
375 383
145 164
490 493
154 157
507 508
233 520
396 402
476 475
2 4
242 244
90 91
423 433
192 212
5 43
231 522
45 74
98 97
278 289
313 317
257 281
243 389
72 104
464 476
230 229
345 354
445 449
348 353
63 65
455 457
7 15
474 478
81 82
156 157
231 295
8 58
201 203
177 176
473 478
494 503
208 125
398 397
161 163
397 402
259 258
481 480
227 228
402 401
279 289
35 81
498 501
93 95
289 276
222 225
331 332
91 92
256 255
109 110
48 105
11 13
348 347
88 95
324 323
355 357
75 102
341 342
179 181
227 229
19 109
39 80
347 353
316 329
342 343
182 189
193 199
339 342
385 388
52 58
17 122
304 386
463 464
394 412
456 475
170 123
511 512
443 453
483 482
429 517
162 163
250 234
140 145
420 419
485 487
256 257
26 25
513 481
395 400
99 85
7 6
231 269
94 95
273 277
47 46
2 108
287 288
25 110
322 349
313 314
232 522
327 416
128 205
394 404
340 342
136 147
330 331
82 103
89 91
261 266
48 104
472 473
372 373
249 301
16 122
148 147
354 358
490 492
151 149
428 429
220 124
213 212
124 170
442 458
236 235
439 515
345 415
499 500
501 508
235 401
221 225
268 297
126 141
500 509
288 290
280 279
22 119
89 102
13 14
264 279
214 223
22 23
31 113
336 338
319 323
328 336
38 81
374 384
369 370
391 392
188 190
183 187
410 411
427 428
443 442
111 107
152 154
490 491
449 444
127 207
219 222
169 171
466 467
233 401
249 250
448 451
400 397
133 150
37 38
320 319
98 99
278 279
47 49
99 97
92 94
396 403
321 322
361 377
23 25
40 76
367 369
381 411
412 414
24 110
375 384
320 321
383 391
342 364
229 523
181 196
168 172
361 378
422 448
471 470
163 164
398 399
207 126
461 511
137 146
465 472
502 506
240 391
171 172
160 145
441 451
263 264
418 514
1 108
44 78
75 103
346 347
45 73
358 359
107 113
253 299
131 130
306 478
115 108
193 192
365 364
337 344
413 405
41 77
230 270
332 334
421 445
184 188
7 53
370 386
341 365
440 460
485 488
320 417
168 167
262 264
123 226
247 254
180 197
487 504
398 401
259 260
244 245
75 76
45 46
456 514
27 30
279 288
289 290
311 314
91 93
37 35
73 102
21 20
39 81
495 502
193 201
461 459
442 453
364 375
304 303
445 444
421 420
166 167
170 171
498 500
228 523
155 160
485 489
222 224
309 514
395 397
241 242
99 100
231 230
432 516
47 48
287 291
3 40
25 118
323 322
70 92
369 304
51 55
188 189
344 356
202 201
382 393
462 512
420 444
493 496
460 430
488 493
233 402
431 516
261 267
487 494
472 471
496 497
234 401
236 250
172 173
159 162
253 252
46 48
223 119
263 281
12 11
334 368
520 521
24 25
133 178
305 369
386 303
112 113
30 34
128 137
371 365
254 300
181 197
361 409
377 378
471 479
199 204
232 296
159 160
263 262
462 463
248 237
239 391
167 173
438 437
272 273
75 74
209 220
242 245
423 434
121 225
37 113
87 86
30 29
402 403
278 276
47 57
240 241
317 326
349 350
305 472
321 349
351 352
322 417
361 360
230 294
345 355
40 79
482 513
2 13
362 361
468 481
7 52
360 409
438 439
10 167
185 188
195 194
497 495
464 465
11 177
488 487
428 517
164 168
319 417
505 504
468 469
144 168
268 271
4 41
83 82
289 288
26 117
271 292
256 283
74 76
46 57
122 175
70 105
33 35
108 111
370 371
55 50
363 364
18 20
227 294
87 96
129 205
39 79
329 328
43 42
429 505
243 302
194 198
189 195
131 132
193 202
422 436
17 121
208 209
210 217
381 393
251 298
153 155
108 107
190 195
456 477
438 440
467 469
258 263
26 110
237 400
184 227
520 232
262 265
164 166
31 30
247 253
243 242
86 103
75 79
313 318
4 40
436 437
10 11
51 66
330 332
21 119
496 492
372 386
5 15
63 64
196 195
21 23
409 410
474 475
463 476
8 59
446 449
411 393
1 16
123 171
143 169
372 385
125 220
202 211
429 485
427 518
182 293
296 231
503 502
126 125
258 262
256 258
318 324
44 45
486 505
288 291
285 282
133 148
251 301
422 452
465 475
518 519
341 340
121 120
268 295
3 107
423 422
454 455
12 16
404 414
307 477
309 333
80 103
408 407
344 343
334 366
379 381
470 479
126 208
353 358
155 156
169 172
140 141
220 221
234 251
124 123
251 296
230 522
143 168
26 31
33 113
253 259
70 69
45 57
17 16
136 178
86 98
12 13
133 134
334 341
152 148
307 333
491 492
336 339
148 178
430 461
198 199
141 125
387 388
442 459
461 510
204 210
502 501
441 453
268 269
248 249
183 227
438 515
255 283
272 274
283 285
310 315
282 286
36 37
5 42
87 88
336 335
335 334
240 242
271 270
349 348
357 358
322 415
113 114
192 202
46 104
306 305
133 136
309 332
378 411
190 191
212 217
156 159
438 441
10 173
252 298
419 454
217 218
425 427
211 212
175 174
1 109
262 261
205 207
163 165
192 211
86 82
264 265
35 114
245 246
53 54
91 88
65 66
11 15
306 334
44 54
348 351
69 92
5 14
9 60
63 58
469 481
129 135
363 377
58 51
265 266
135 136
194 193
182 196
385 383
380 381
489 490
441 442
240 239
467 470
250 251
165 166
26 118
184 228
243 244
86 85
71 104
252 301
8 15
6 43
312 313
517 519
316 317
418 419
20 110
50 67
380 379
269 295
80 82
389 390
109 111
321 417
79 103
132 134
456 457
386 385
382 391
49 105
338 342
110 112
266 277
430 510
203 210
1 19
496 495
52 51
180 179
174 176
142 170
477 478
463 466
257 258
88 102
182 292
221 226
140 143
17 18
246 255
310 514
315 329
308 307
465 473
326 416
354 357
268 270
128 138
241 383
322 348
366 371
328 335
150 151
3 38
9 166
203 204
406 405
439 460
423 436
188 191
138 139
197 198
389 302
443 454
248 247
506 501
512 513
221 123
438 452
353 359
155 146
260 261
237 249
435 434
225 226
273 274
54 56
432 434
252 260
83 84
2 115
26 30
259 299
404 403
319 318
263 280
45 77
17 19
350 351
74 102
23 118
138 127
4 42
482 492
362 377
379 378
343 363
346 345
305 304
247 301
195 198
134 135
373 384
388 389
366 365
431 430
11 176
211 210
150 149
209 219
405 414
205 206
502 507
232 231
506 508
1 2
223 224
233 232
3 115
219 221
435 437
267 297
258 299
275 276
131 150
41 42
11 14
234 296
71 90
305 478
122 226
16 19
329 331
336 337
242 390
64 51
267 266
131 133
317 327
365 372
416 415
497 498
321 350
4 14
374 375
267 298
422 421
323 417
345 356
191 192
393 392
424 425
152 153
21 120
237 392
217 216
373 385
303 388
452 451
237 399
131 179
175 176
428 516
206 208
122 123
192 213
244 284
27 29
36 38
212 215
436 452
14 15
311 310
337 338
380 375
28 29
256 300
109 108
41 78
306 368
9 61
33 84
21 24
132 133
129 128
474 477
463 512
49 68
135 137
316 328
483 513
12 175
356 361
194 199
444 443
206 207
380 382
451 453
413 412
489 483
174 177
210 209
161 162
469 470
459 462
463 465
236 399
441 459
510 513
427 517
156 158
267 268
246 284
486 504
284 255
60 61
33 34
28 116
273 276
293 294
3 39
117 116
312 314
110 111
269 270
128 127
51 50
77 76
331 335
359 360
423 424
180 129
364 373
196 198
218 216
347 354
178 147
460 459
437 515
224 119
157 158
138 140
432 433
142 169
172 174
300 299
69 68
323 325
304 472
498 502
70 71
140 144
87 103
16 175
86 99
425 516
52 53
36 35
105 106
409 378
376 375
328 337
67 68
497 502
9 167
442 454
439 430
454 458
410 393
465 471
159 158
238 239
429 430
506 507
511 510
216 222
127 126
269 230
260 267
303 302
466 471
234 232
450 451
282 281
121 226
315 316
61 8
264 280
69 106
254 246
67 49
464 475
41 76
183 182
130 132
462 458
419 455
61 59
216 219
148 153
18 120
384 383
430 485
488 490
168 173
249 236
432 431
54 55
146 160
207 208
236 398
245 284
286 281
83 85
480 479
73 89
255 300
435 515
485 505
275 290
309 330
70 104
367 305
56 49
44 57
87 98
112 107
135 128
43 78
458 457
358 360
335 341
136 137
200 203
317 328
365 373
164 144
357 361
323 415
238 391
510 512
190 194
184 191
469 479
346 354
145 163
440 459
10 177
154 156
271 272
479 509
211 217
277 278
6 5
208 220
8 52
312 311
129 199
356 357
265 277
296 297
62 59
333 306
317 325
311 418
1 13
339 340
89 88
42 78
332 335
472 478
345 344
421 446
137 147
132 129
184 185
469 480
360 408
327 337
342 365
460 461
418 456
437 452
458 476
398 235
444 419
164 165
179 275
210 218
293 292
463 467
125 124
257 263
27 28
521 522
162 165
267 271
426 518
93 88
271 274
330 329
32 33
89 71
284 285
66 50
322 346
376 380
407 406
107 38
493 492
189 190
182 187
408 410
344 362
364 376
379 411
496 498
421 447
60 59
153 147
394 393
382 392
127 139
237 236
224 225
5 4
120 119
399 397
133 149
408 412
287 279
30 32
72 73
31 112
3 4
319 324
59 63
292 270
304 471
328 331
346 415
46 72
70 90
272 266
404 405
80 81
377 376
2 14
304 370
130 180
394 410
186 187
6 15
134 136
388 390
18 121
371 372
446 447
488 489
141 142
203 211
149 148
197 199
143 144
235 250
457 476
499 498
238 237
183 293
84 85
155 159
394 396
70 106
54 57
35 83
32 113
264 277
29 34
228 229
64 65
254 255
240 245
183 294
323 416
406 413
118 117
183 185
482 481
197 196
408 409
424 426
343 364
139 126
239 248
388 302
486 487
53 43
206 209
164 167
251 252
475 473
444 453
448 452
259 261
44 43
274 275
26 27
35 82
92 93
311 315
3 108
396 404
350 348
256 299
332 333
362 363
468 513
56 57
55 56
474 473
44 77
368 367
87 97
483 492
187 188
425 426
384 385
64 66
200 204
193 200
385 390
461 462
413 414
489 491
161 145
344 415
215 223
129 197
434 515
151 154
258 261
29 116
396 397
284 283
2 3
31 32
293 270
45 72
19 20
39 38
313 316
257 286
253 301
10 15
50 56
62 63
333 334
297 295
244 302
260 298
137 138
65 67
78 77
496 499
60 62
456 476
370 372
483 491
151 152
485 486
425 432
428 430
12 176
359 407
308 514
247 249
172 177
427 516
521 523
74 73
267 272
87 102
93 94
318 317
52 54
89 90
213 215
80 79
273 266
326 327
324 317
105 104
355 356
66 67
322 347
241 390
376 379
418 455
407 413
189 196
149 152
307 478
344 363
238 248
153 154
438 451
394 395
466 470
493 495
500 501
450 453
141 170
283 282
395 396
273 275
48 49
120 225
146 145
83 86
214 215
125 170
72 89
366 369
311 514
38 113
20 109
351 353
350 352
183 184
85 100
325 416
334 367
186 188
6 53
223 222
462 511
446 445
493 494
124 221
475 477
54 43
142 143
235 234
130 179
499 480
171 175
352 359
