2.9020448344e-02
1.2071504657e-02
-1.3368401218e-02
-2.3114167319e-02
2.0914435620e-02
7.5389089463e-03
-1.8976022433e-02
1.0245569535e-02
2.2722255636e-02
2.1498127939e-02
-2.4885661126e-02
1.0153472954e-02
-2.3003128306e-04
-2.2063095779e-02
-2.7073497361e-03
-1.2123146745e-02
1.3038761365e-02
1.3772921873e-02
8.5607070471e-03
-1.3630231952e-02
-1.4089462632e-02
2.4124183415e-03
8.6000120488e-03
-1.9215755740e-02
1.1069382766e-01
3.2727476645e-02
6.8546707431e-03
-3.4427433422e-02
-1.4927999413e-02
2.2493644746e-02
-1.3337945462e-02
1.6393701362e-02
1.3159951471e-02
-3.5103208038e-02
2.4400790582e-02
-1.4321361222e-02
-6.0066393295e-04
-2.8889473889e-02
-1.6895859144e-02
-6.9139073461e-03
-1.5932362870e-02
-4.1225188739e-03
3.8777433605e-03
1.5111153612e-02
-1.9360208898e-02
5.7266140201e-02
-1.7097713241e-02
3.6377146081e-03
-1.4684299587e-03
2.2581627064e-03
-1.6634207566e-02
-2.0701708329e-02
1.5673512844e-02
-1.7895404708e-02
-2.2741288168e-02
-1.4251485563e-02
3.6702373666e-02
4.0317909886e-03
-2.7722216365e-03
1.0387333797e-02
-8.1408199883e-03
-9.8967307389e-05
6.0290713499e-05
8.3856046413e-04
-6.6654610971e-03
1.7813603631e-02
3.5154429177e-02
4.6924092108e-03
1.4638981505e-02
-1.8602064191e-02
-1.3786220226e-02
-1.3509605796e-02
-1.6727519321e-02
6.8629053604e-03
3.1257758820e-02
1.8120594162e-02
-1.8894629204e-02
-1.8379464318e-02
-1.4681191204e-02
1.1383571366e-02
-3.1353122047e-02
2.4764788916e-03
1.0644060956e-02
-1.2554045688e-03
-1.0749466015e-02
-5.8622055625e-03
6.4650540467e-03
-1.6950854840e-03
-1.4855728403e-02
-5.6395179691e-03
5.9137257069e-02
2.5744077010e-02
-2.2091143935e-02
3.3838354702e-03
9.0221974914e-03
-6.4541514798e-03
-1.6120499362e-02
8.0360454026e-03
-9.9592579707e-03
-2.5216133499e-02
-1.3360950323e-02
-2.5482693876e-02
2.5752399481e-02
-1.5428718872e-02
-5.6857304727e-04
-6.6599821926e-03
-1.1914477035e-02
-2.7882648144e-03
-2.2097251086e-03
2.7362839671e-02
5.4179976059e-03
-8.9515203471e-03
1.6982934395e-02
4.0658437654e-03
-9.7728432789e-03
3.7538172198e-03
1.8344867293e-02
-4.0619933071e-03
5.7627876680e-02
-1.3505239967e-02
1.4714845561e-02
2.9683914416e-02
2.8760906207e-02
-1.3709091472e-02
4.4483231956e-02
9.4221377376e-03
-1.2830621066e-02
-2.9200232653e-03
4.0727097605e-03
-1.3259848103e-02
4.2590779920e-02
7.9527865195e-03
-1.4448401740e-03
3.3228577929e-02
-2.6747565478e-03
-2.3062856525e-03
-1.9455993263e-02
-2.3651614590e-03
5.2283622856e-03
-1.0960312935e-02
-1.7385188220e-02
8.0455903920e-03
2.8465366914e-02
4.9384726526e-03
1.3424090395e-02
-6.5735412562e-03
-1.2230960919e-02
-1.7875309541e-03
-9.6154180262e-03
-1.9110769715e-02
-2.0137510893e-02
-1.8220345072e-02
-1.4905270081e-02
1.6878208245e-03
2.9745704369e-03
-1.3019846297e-02
-1.7939612114e-02
-6.5170049891e-03
-1.1838580272e-02
7.3277942415e-03
1.6846456856e-03
-1.6524904358e-02
-3.4286215262e-02
2.7936964873e-03
-3.0310003033e-02
-1.7368044880e-02
-3.7929482580e-02
-4.7741212424e-03
4.7322504057e-02
-1.3960975562e-02
6.4433726582e-03
-2.0408664131e-02
3.6259555172e-03
-2.5729170457e-02
-3.1651111371e-02
5.7791539637e-02
-2.5873257123e-02
1.3097227885e-02
-2.7878859768e-02
8.0285458081e-03
-2.4520237497e-03
2.8233539536e-02
1.4148884600e-02
3.2021179707e-02
-1.0664762590e-02
-1.7131071435e-02
-3.7398085875e-02
5.1515793752e-03
-2.0715007266e-02
-3.2064412046e-02
1.3930915170e-02
-3.2603516681e-03
-2.4749158826e-03
-1.2142117960e-02
2.1135857113e-02
-2.6516149673e-02
-2.8405501701e-02
1.4151830599e-03
3.4077905002e-02
-1.0585075058e-02
-2.9751117905e-02
-9.8139224033e-03
-1.6860381659e-02
-6.7152193982e-03
-2.3412045444e-02
3.9002218193e-03
7.2831616310e-02
-1.0601556895e-02
-2.8528902564e-03
3.6209026497e-03
-1.3612085252e-02
1.0674376254e-02
-4.7742222499e-04
2.1566779670e-02
-3.5788823126e-02
-1.3153222638e-02
-7.9977801348e-03
4.1756971881e-03
-2.3032140443e-02
1.1040263908e-02
9.2881844790e-04
-1.6444579789e-02
1.9966611486e-02
1.3531519439e-02
9.0142554715e-03
1.9544847154e-02
-2.5914903946e-02
3.4369613417e-02
-4.3358108092e-03
-2.4809618770e-02
-1.5763588091e-02
4.3637696315e-02
-1.2608538074e-02
1.0777254851e-02
-8.5723339506e-03
-1.1183678803e-03
-2.5810901897e-02
-4.5975584992e-03
1.8843585998e-02
5.7231871311e-03
-1.0642598716e-02
-1.2740582672e-03
-1.8972065895e-02
-8.8146639495e-03
1.8864900416e-03
1.5789637933e-02
-1.1545466842e-02
2.7094695655e-02
-1.9031639535e-02
-1.0054327066e-03
3.5646423731e-03
1.8116017664e-04
-3.0599170414e-03
3.4784230903e-02
1.1740021599e-02
-1.2333887534e-02
-1.0669889486e-02
-1.5386951008e-02
-1.4475168488e-02
-3.1329597900e-02
4.4140646145e-03
-1.9738587960e-02
2.6523346164e-02
-1.5182639770e-02
-2.1670642310e-03
-6.4366294978e-03
1.9679707198e-02
4.0328732816e-04
1.4131873182e-02
-4.6375834922e-04
5.0974546270e-02
8.8503190865e-03
1.9522193092e-03
-3.4208851269e-02
-9.0356878758e-03
3.0554778808e-02
-1.5993691282e-02
-8.5751774493e-03
-1.5713641167e-02
3.2351444414e-02
-6.0310617483e-03
-2.6402961245e-02
-6.1518465696e-03
-2.0616508021e-02
-1.3113612469e-02
-7.4943467468e-04
-1.3616323627e-02
-1.2279770596e-02
1.9345993808e-02
2.0183796240e-02
-2.1276556678e-02
2.4561706145e-02
7.4373640224e-03
-2.2082049340e-02
2.0405139169e-02
-2.7518432041e-02
2.3430688515e-03
-1.0725856170e-02
1.6760129716e-02
4.8954881190e-02
-2.4401958021e-02
8.0671094859e-02
-1.1380002755e-02
2.5516407148e-02
-2.5953095255e-02
2.4036553275e-02
-1.0319520760e-02
-2.8075357844e-02
1.9298959139e-02
1.6868815892e-02
-5.8732883529e-03
7.2770704429e-03
-1.7903888361e-02
-1.5232881993e-02
-1.2746967286e-02
-1.9247526050e-02
4.9996090611e-03
-1.1776273413e-02
2.0158813240e-02
-2.2301652833e-02
-1.5449038778e-02
-1.3669077465e-02
-2.3799462294e-02
1.9465848710e-03
9.9003172069e-03
-3.4756264828e-03
-1.6728221505e-02
-1.6512371795e-02
2.6563497859e-02
3.7051925015e-02
-3.1333334386e-02
-2.4627701440e-02
-1.4488252785e-02
-5.7215661894e-04
1.7214541048e-02
3.6918456906e-02
-1.2231114442e-02
7.7797788926e-04
-1.9199300964e-02
-2.9168204614e-02
3.5795500834e-03
-4.8761294579e-03
-7.2482715111e-03
-1.5399477308e-02
-2.6930439813e-03
5.0269265249e-02
-1.5666224264e-02
-1.4248019692e-02
-2.4688285150e-02
7.5069986964e-02
-1.9953142346e-02
-6.0194825565e-03
5.7721314228e-03
-2.4865322278e-02
4.6776808358e-03
-2.3822123432e-02
-2.5947453797e-02
1.7898943149e-03
2.1236707770e-02
-1.6680577183e-02
-2.8331855460e-02
-8.0343394295e-03
3.7331456542e-02
2.3359850396e-02
3.2121363910e-03
7.5252859168e-03
3.8760053708e-02
-1.1951775904e-02
1.8172601916e-02
-8.6827257372e-03
-3.2285554769e-02
-1.2829561872e-02
-4.2143481512e-03
-2.1740011034e-02
1.1760485700e-02
3.2888350735e-02
2.7088768307e-02
-1.4653470819e-02
6.2484627967e-02
3.7335416501e-03
3.1999029822e-02
-3.4029375154e-03
7.4998637653e-03
3.2598701547e-03
-1.1669451866e-03
5.3235414418e-02
1.7682209351e-03
1.2382491304e-02
1.6841526803e-02
-2.8357711844e-02
3.8626874012e-04
9.9426285573e-03
-8.5785862502e-03
-1.9182192785e-02
1.8063456632e-02
-3.3880170331e-03
-2.3683613932e-02
7.9060000063e-02
-1.7468270049e-02
2.2723301165e-02
-2.3909780436e-03
-1.0538315846e-02
-1.3175109323e-02
-2.3397710833e-02
-1.9052731779e-02
-2.9540743107e-02
3.6161189502e-02
1.7701010546e-02
1.2353087646e-02
-1.4532127369e-02
-9.5363602282e-03
9.4398313677e-04
-8.9732065330e-03
3.0219131355e-02
-1.6341126993e-03
-2.8009365231e-02
-5.3391990788e-04
-3.2425535265e-02
8.2105519967e-03
-1.1605093975e-02
4.6457564589e-03
-2.0474262756e-02
-2.5230698996e-02
-2.4340160096e-03
-9.7146805240e-03
-2.0076602918e-02
3.9778893660e-04
-2.3728863689e-02
2.0277023471e-02
2.3988086978e-02
5.1936776472e-03
5.0444678230e-03
6.2204011008e-02
-1.6833783476e-02
4.5779409814e-02
5.6608226946e-04
-1.1157935402e-02
-3.6077882206e-03
1.7089045216e-02
3.7856716271e-03
-2.0806332479e-02
-5.2961182578e-03
-5.5247868195e-03
-1.2091809932e-02
5.1236614581e-03
-3.6589286609e-02
-1.2374546673e-02
-6.2082393137e-03
-2.5700739772e-03
-2.2799607893e-02
-3.1724909083e-03
4.9361663067e-02
2.5565687441e-02
1.7436721106e-02
-3.1892430391e-04
6.0275186924e-03
-6.0781638933e-03
1.8515723075e-02
-1.2494787992e-02
-1.1760831349e-02
-6.6266363863e-03
2.2762498100e-02
-2.4025218952e-02
-2.2963313472e-02
-1.4480551101e-02
3.7280483477e-02
1.6519355616e-02
-5.9938380179e-03
-1.2671707104e-02
-1.4462493497e-02
8.0447252301e-03
6.8023568284e-03
-1.0851975495e-02
-1.7973307791e-03
1.0547093782e-02
6.1761063167e-04
-1.7309171308e-03
1.4283946323e-03
2.0173632520e-03
-1.2939896896e-02
5.2997345298e-02
-9.5221561374e-03
-6.1806375176e-03
4.2877804883e-03
8.6952255325e-04
-6.9312313109e-03
1.0987449067e-02
4.0204253753e-02
2.3105767678e-03
-1.3929343137e-02
-2.2280682334e-02
2.5636250718e-02
-2.4816327454e-02
1.4162401136e-02
-1.3176078224e-02
-4.3128840119e-04
-2.5276298102e-02
2.9840197985e-02
4.1218621713e-02
-1.5327441882e-02
2.8938546062e-02
6.1658136679e-03
-2.5751737358e-02
-7.5319390679e-03
6.9637160703e-03
3.3219574325e-03
3.1878672937e-05
6.0319121179e-02
-9.1337500096e-03
-9.4783573300e-03
4.2369362774e-03
3.2408747440e-03
-2.3902798122e-02
6.4494409938e-04
1.2609204519e-02
9.3163642020e-03
2.2244894493e-03
-1.2623960746e-02
2.8318476762e-02
2.0879106862e-02
1.4232781537e-02
-3.2796249432e-02
-5.0766113850e-03
-4.7917784973e-03
2.6388101765e-02
-1.4301113316e-02
-2.4542640854e-02
1.1059411439e-02
2.2819063257e-02
-5.0859868286e-03
-4.0565704352e-04
-2.6022568142e-02
-1.8745317948e-02
-2.7548314288e-02
-9.2604447842e-03
-3.5124317211e-03
-3.7834247679e-03
-1.2064840457e-02
6.3510919234e-02
8.9850607777e-03
-6.5947044903e-03
-6.6304149848e-03
8.4476007657e-03
-3.0035609300e-03
3.3728772392e-02
-8.3748438028e-03
3.0434531166e-02
-1.0533070749e-02
2.6331803496e-03
1.3306139543e-02
1.5699987999e-02
7.9172548859e-03
-2.1792436622e-02
-5.9153576052e-03
1.6608888182e-02
-6.0254401233e-03
2.8171058246e-02
2.7379098323e-02
7.9198832952e-03
2.7174149145e-02
-2.0914359534e-02
1.2419570074e-02
-3.9835293990e-03
2.4241585911e-02
3.6305323785e-03
-2.3314352345e-03
-7.3738977747e-04
5.5009825557e-03
-1.6130865695e-03
-3.0769685079e-02
-2.6236597508e-02
4.8549231473e-03
-2.2680791506e-02
8.8608817322e-04
3.0874415342e-02
4.8987740521e-02
-8.7115416980e-03
2.9006037153e-02
-6.1790605447e-03
-1.2178821377e-02
2.9460019986e-02
3.1790172165e-03
-1.7377691073e-02
1.9501182648e-02
-1.0921822422e-02
1.9061123023e-02
-4.5669098808e-03
-1.4871139888e-02
-3.0802211035e-02
-1.7572176950e-02
5.2112857497e-02
-2.6971423553e-03
-8.4629173336e-03
-3.2035237992e-02
-2.2628222127e-02
-1.9737002552e-02
1.0721980029e-02
-2.5642978788e-02
-1.1909303013e-02
2.2362588494e-02
3.7455487715e-03
-6.8129571496e-04
-2.1320487348e-02
2.7775898405e-03
-1.2129324165e-02
-1.6920580004e-02
1.8812839216e-02
-1.3404906977e-02
-1.3239031270e-02
-2.4805035109e-02
-2.7349252414e-03
-1.2407829416e-02
1.3856051621e-04
2.8333864450e-02
3.8474558726e-02
-2.4494359947e-02
-1.5576934140e-02
-9.3512939436e-03
-2.5310828959e-02
-1.7175590494e-03
4.1021860792e-02
-1.0251187000e-02
3.2116868906e-02
-2.1772838368e-02
-2.3069771183e-02
4.5019962589e-03
-1.6969871743e-03
-1.0512033150e-02
1.1196625390e-03
3.3776660616e-02
-9.8335151808e-03
-3.5782135920e-02
2.9275906421e-02
2.8200539738e-02
2.6675343675e-02
-1.2277855659e-02
-1.5240163274e-02
-1.8906731509e-02
3.2934632159e-02
-2.3456507529e-02
-1.1565900319e-02
-1.6625364094e-02
-1.8313549113e-02
-1.4852954568e-02
6.4484543774e-03
1.9884405817e-03
-1.9367468097e-02
2.1558552223e-02
-2.1868756412e-02
3.6164693949e-02
-1.3543819180e-02
-8.0734295695e-03
1.1211091017e-02
-1.2389322812e-02
-5.8614595502e-03
-9.0331785107e-03
1.6052099431e-02
-6.2206308228e-03
1.1949829398e-02
3.3566725722e-02
-6.9360906776e-03
5.1148116199e-02
3.9597648403e-03
-1.6072220619e-02
-8.4829030888e-03
4.2076789974e-02
-6.1720514312e-03
1.0766606999e-02
2.7869881606e-02
-9.5375258290e-04
-3.5459708519e-04
-2.5886560746e-02
-1.0481485295e-02
-1.6752932338e-02
4.7092430642e-03
4.4907137557e-03
-2.2609159427e-02
1.7124374221e-02
-1.8210150927e-02
-2.8756508959e-02
1.7454550821e-02
6.1995053295e-04
2.2175885777e-03
-2.0636399336e-02
3.4628740451e-03
1.0076260235e-03
1.0779720802e-01
-1.2377657270e-02
4.3814018006e-02
-1.5898707839e-02
-7.7777507850e-03
-1.6524876225e-03
2.5630119993e-02
3.6878825885e-02
-1.2381342702e-02
1.7506468953e-02
1.4307979582e-02
1.0502805327e-02
-1.4051976952e-02
-7.5940339044e-03
6.3011955962e-03
-1.0988470252e-02
1.4818429455e-02
-9.3451239067e-03
-2.3544377641e-02
2.4492031969e-02
-9.1311925670e-03
-3.6751266305e-03
3.6594849182e-02
-2.0013423633e-02
2.0049093854e-02
-9.8123726619e-04
-1.4010347362e-02
1.5891246699e-02
-1.7873110455e-02
2.7301031909e-03
3.6587975987e-04
4.2011161252e-02
-2.3531169695e-02
1.5859188474e-02
3.0689130763e-03
3.3994528778e-02
1.1004338632e-02
1.0500204670e-03
-1.1656230700e-02
2.2728873438e-02
-1.5764018923e-02
-2.8821759762e-03
1.3756739571e-02
-1.1497460386e-02
-5.9321678670e-03
1.2513381120e-02
7.7509218544e-03
3.7075629996e-02
-2.1380025898e-02
-2.4083632552e-02
-1.3377487736e-02
-9.9741961615e-03
3.2300308957e-03
-2.8796816135e-02
7.1157525922e-04
-3.5146206070e-02
-1.0640508799e-02
4.1097567185e-03
1.3120152518e-02
1.8332896960e-02
-5.5066192215e-03
-1.9786088986e-02
-1.8077692328e-02
8.9156932647e-03
2.0603692700e-03
-6.4925408946e-03
-2.1504085366e-02
2.2530320873e-02
1.8969835461e-02
6.6745612506e-03
-2.2980513901e-02
4.1806048043e-02
-1.3471249894e-02
-2.6361531397e-03
2.1355016618e-03
5.5825119193e-02
4.5494430158e-02
2.3185980109e-02
-1.0001327263e-02
1.1896949765e-02
-1.7284799296e-02
-4.1744939180e-03
-2.3845173213e-02
-1.4588071405e-02
-7.3761786979e-03
2.3299266989e-02
2.1039413474e-02
-2.6134862215e-03
1.2633918150e-02
-5.7099672536e-03
-4.3031117339e-03
-1.7515247672e-03
2.3309464121e-02
-6.0825156942e-03
7.0868611544e-04
-1.7036807464e-02
-6.0194765115e-03
-4.6970685369e-03
2.7796773943e-04
-1.8474781446e-02
-9.0471334024e-03
-2.1112276148e-03
-2.9823206046e-02
2.0620073044e-02
1.4714245826e-03
-2.8986421723e-02
1.9780853314e-03
-6.3547472113e-03
-8.0099204631e-03
-6.0430844643e-03
7.7136097809e-02
-1.5901752647e-03
-1.8111489450e-02
-1.0218408714e-02
1.5246688514e-02
4.1990623321e-02
4.7313997878e-02
1.1429914259e-02
1.5103056381e-02
-2.2896141152e-02
1.0306785095e-03
1.1800399451e-02
-2.8632997898e-02
4.4212255274e-03
-2.5095601974e-02
-3.1965049687e-02
1.9517537085e-02
1.7583863156e-02
-4.5039959425e-03
3.0889686767e-03
2.7854765275e-02
1.1657951811e-02
-2.1652647465e-02
-3.7467192626e-03
5.9630503239e-03
-2.2458288899e-02
4.1426153739e-02
3.9136069911e-02
6.5293951592e-02
8.0793863728e-03
2.5158930363e-03
-1.2932182016e-02
-1.0073010209e-02
7.5829870734e-03
1.3194914975e-02
3.4287971131e-03
7.8341468823e-03
-1.4156876403e-02
-3.0820380687e-02
3.0269705109e-02
-2.3189209461e-02
4.9051455682e-03
-4.6375845777e-03
-2.1356749353e-02
-1.4628603006e-02
-7.5757747263e-03
-3.3434568957e-03
-3.0278238854e-03
-5.2694404618e-04
-1.0431522998e-02
-1.2803663012e-02
-1.5088986646e-02
7.6607968822e-03
6.3930977146e-03
1.6666576212e-02
1.6416412086e-02
-7.1607722732e-03
2.0317034604e-02
3.1024353451e-02
-1.1748654496e-02
-9.3394854408e-04
-2.0806703488e-02
8.3225504607e-04
1.4873921210e-02
-7.4925908570e-04
-1.2829819990e-02
7.3960467148e-03
-2.0400262641e-02
1.1965099666e-02
1.3504613364e-02
3.7958221252e-02
-2.1283602841e-02
6.2603672752e-04
-1.3126153584e-02
-2.3531175530e-02
-1.9021486210e-02
8.6734150646e-03
-2.3227404660e-02
8.2889280722e-03
1.7160064999e-02
-2.3627662045e-02
8.1709467269e-03
1.2052033306e-02
-1.7001825299e-02
3.1914178795e-03
-1.0310597277e-02
-1.1085708643e-02
-2.9571057711e-03
-6.2774908279e-03
-1.8016139397e-02
5.9669239613e-03
7.7259763919e-03
-1.5762281889e-02
-2.5615393520e-02
8.9095109211e-03
6.0310996588e-02
-3.0657087301e-02
6.4611113239e-03
-2.0126325462e-02
-1.8048925282e-02
2.7917401757e-02
1.5032976039e-02
1.4403176454e-02
-1.4033416085e-02
-1.0895071897e-02
-1.9260738018e-02
-2.3238835552e-02
2.0018361459e-02
-2.4912167729e-02
-1.1440538052e-02
1.9837241655e-02
1.3160813287e-02
3.3107859840e-02
-2.3147678234e-02
4.1309073102e-02
-1.7604881478e-02
-1.0342669820e-03
7.8028226648e-03
-7.1907664747e-04
-2.1352378735e-02
1.1906678275e-02
-1.8265860317e-02
-7.3441110281e-03
-1.9705773516e-03
-1.3317525656e-02
3.0808710319e-03
-4.0691374338e-03
-1.1668868738e-02
5.6532567260e-03
6.2385439334e-03
-1.4414402816e-02
1.3915183951e-02
-1.7846217430e-02
1.8214413468e-02
-7.9888837313e-03
2.5596783645e-03
6.8338607855e-03
-3.3965565193e-03
-1.1868153562e-03
-1.6151981378e-02
2.9088088288e-02
7.4202419092e-03
-5.7400359683e-04
5.7424010710e-02
-2.4472291907e-02
-5.4064699493e-03
-3.8955569938e-03
6.2309536949e-03
2.6982991757e-03
1.8453450134e-02
5.6878073883e-02
-2.5252285160e-02
2.2984936700e-02
1.5404789411e-02
-1.5015430154e-03
5.1889198261e-03
4.0181572106e-02
-9.4340942909e-03
-2.2124657863e-02
-2.3583252104e-02
3.2701041739e-03
-1.5895000269e-02
2.9934298512e-03
1.4073698166e-02
4.8904071440e-02
-1.6444508144e-02
-9.6521907872e-03
-7.6130819055e-03
-8.0614089306e-03
-2.5519511848e-02
6.8394637883e-03
-4.3738303989e-03
-2.1129179401e-03
-3.1085075670e-02
-3.2794877784e-02
-3.2225767655e-03
7.8246014485e-02
-9.8314180500e-03
-4.9631351185e-04
-2.0024787327e-02
-2.2188671818e-02
4.4664553115e-03
-3.6063188301e-04
-1.1384461369e-03
2.0107702047e-03
-7.5410480546e-03
-6.1337925140e-03
9.4595395264e-03
-8.2560503950e-04
1.4060267070e-02
2.9528633180e-02
1.0104396500e-02
-9.3715427484e-03
2.4543392728e-02
1.1003413693e-02
-6.4486266915e-03
-1.5604564104e-02
-2.7958904087e-02
-2.4787104385e-02
-1.1457642815e-02
-1.6764667216e-02
-1.4580792880e-02
2.0144206766e-02
-3.1004017269e-03
-7.4298980914e-03
-2.3141807371e-02
-5.4508730309e-03
5.0245822454e-02
-2.5760610566e-02
-2.0650889829e-02
2.4391886811e-02
-2.5870500670e-02
-2.3748516961e-02
-8.0233718335e-03
5.0005050476e-03
1.6176001259e-03
-8.7172003739e-03
3.7026289568e-02
7.7767904288e-03
-1.6143667070e-02
-1.3360371092e-02
1.3962944671e-02
2.3573611633e-02
-2.5407690962e-03
-4.2301341430e-03
8.1949505159e-03
-2.0950074344e-03
2.9069430438e-02
-1.3242996258e-02
-5.5776831790e-03
-2.7513748041e-02
-2.0925919128e-02
5.3110494405e-03
1.4868876436e-02
4.5957163043e-02
1.9882080011e-03
-1.3616942359e-02
-3.2712406639e-02
-1.0920297322e-02
-1.0149788778e-02
-6.3275589459e-03
-1.8673910926e-02
3.4220100949e-02
1.2396864015e-02
-1.2808383104e-02
-2.7974733646e-02
-6.3967736163e-03
4.8861528472e-03
-1.3223620781e-02
6.0266403888e-03
-1.1390445881e-02
7.1309540426e-03
3.6647581629e-02
3.8809373216e-02
7.9787617289e-03
-9.7072693916e-03
-4.3591993274e-03
1.7706903160e-02
-1.7474755796e-02
1.1393379711e-02
-3.0789774697e-02
8.8978523661e-02
-1.5744354058e-02
-1.2140406653e-02
3.3397001061e-02
1.3654538630e-02
2.6958623224e-02
-3.0143361561e-02
1.1674845673e-02
1.6811791725e-02
-9.4975833554e-03
1.4736791002e-02
2.5106437523e-03
4.1204471547e-03
-2.0140060059e-02
-1.5460824651e-02
-5.2720071383e-04
4.1135641043e-02
-1.1526672760e-02
3.0276783171e-03
-2.9965302567e-03
3.0452773728e-02
2.5781559372e-02
1.5856623063e-02
-3.1903613192e-02
-3.0226469815e-03
2.7087196550e-02
2.7632290340e-02
-2.9541402047e-02
-1.6224967153e-02
1.3803556672e-02
-7.1535774240e-03
4.7639400728e-02
7.8337358882e-03
8.1201109878e-02
9.6615878733e-03
1.2045750644e-02
1.8612795081e-02
7.1401405039e-03
-2.3017906964e-04
4.0300668540e-03
-2.4145558889e-02
7.0290626344e-03
5.5256642015e-03
-2.0751556871e-02
-1.0727915856e-02
-2.6929309082e-02
-3.0055701051e-02
-1.8858165619e-02
6.2089548465e-03
-8.6582336619e-03
-1.8801429590e-02
-9.5974546332e-03
-2.5585639808e-02
3.9861029768e-02
-1.1234108106e-02
-1.9738493471e-02
-1.5699906800e-02
-1.6300824130e-02
-1.5386647780e-02
-1.0040203932e-02
-2.0459780341e-02
1.6972045255e-02
1.4934958065e-02
2.1829291141e-03
4.0888822794e-03
-3.9810113035e-03
4.7797202392e-03
-1.8800587196e-02
-3.1662593599e-03
-1.0465121434e-02
6.9870202377e-03
-8.1974943949e-03
-8.4074512528e-03
-8.8754391863e-03
1.5414005854e-02
-1.7938958301e-02
1.6514263685e-02
-1.3030069434e-02
3.9720498856e-03
-1.3396904506e-02
-2.9167055857e-03
-9.2371214258e-03
-9.7833314508e-03
1.1748660693e-02
5.9614598397e-03
1.3420682525e-02
1.6486364812e-02
9.4902577264e-03
2.4951702293e-02
-3.1878542452e-02
-1.7077845194e-02
-1.8198966855e-02
-2.6279667918e-03
-3.2789161608e-03
6.2299059097e-04
5.7181602309e-03
-6.9639275586e-04
-2.1398973527e-02
3.4773111029e-02
1.6192350675e-02
-1.1789384487e-02
2.2183157744e-02
-1.4129346115e-02
-1.4480051782e-02
1.2629656817e-02
-1.4452864241e-02
-7.9608457136e-03
9.5784607378e-03
1.2521898283e-02
-2.4209221133e-03
1.0811785153e-02
-3.0770575190e-03
-1.9921928135e-03
-3.4622090397e-02
-6.9616812768e-03
-4.8104952396e-03
1.4010887616e-02
-2.2927248529e-02
1.8816658514e-02
-2.2146015125e-02
-4.0017293004e-03
-3.0788303750e-02
3.7167512392e-02
6.3583687471e-03
-2.7181029058e-02
-3.4795642919e-02
9.3692646821e-03
2.6055547214e-02
-1.6762879811e-02
2.7883397919e-02
4.7951576572e-02
-6.1515509692e-03
-1.5299758285e-02
-7.7750236236e-03
-8.7237322141e-03
-4.2883600059e-03
2.6272372047e-03
-1.2043217702e-02
8.7110689683e-03
4.0152391963e-02
-1.2714295011e-02
7.8909115686e-03
9.4471345353e-03
-2.4545507829e-02
-9.7663394038e-03
4.6399125635e-02
-1.4999906214e-02
-1.2703387376e-02
-4.2313252241e-03
-1.6478777218e-02
-6.1876921297e-03
-1.6287951260e-02
1.4492210740e-03
-2.2541404779e-02
8.5046733927e-04
-1.4462044906e-02
3.5038781768e-02
-1.4044793383e-02
-1.6846789536e-02
-1.4122978428e-02
-1.7406451249e-02
-1.8895051615e-02
-9.5346449861e-03
-3.1606660437e-02
-8.1446508594e-03
-2.0548671518e-02
-1.8136609169e-02
-3.5805347117e-02
1.7177804753e-02
-1.4700618125e-02
-8.1651755393e-03
2.8800826437e-04
5.7153650585e-03
2.6155991267e-02
-8.7086074182e-03
2.3819330022e-02
2.5828418530e-02
2.6981851940e-03
6.6023846841e-03
2.7123167404e-02
-1.3102900988e-02
1.3858652034e-04
5.9515985122e-02
-1.5298754537e-03
2.5189470320e-02
2.9377612666e-02
-2.7573665614e-02
-5.2773171316e-03
-1.8744903439e-02
1.1897061479e-02
3.1137392283e-03
-1.0926743610e-02
2.7557319659e-03
-2.0250283793e-02
2.9761949626e-03
-6.3558183766e-03
7.2012988032e-04
-2.3369325954e-02
3.2465812533e-03
-1.9253742671e-02
-1.4116918649e-02
4.5334846991e-02
-9.8604232696e-03
-1.1985698554e-02
1.4840270069e-02
-1.6908763483e-02
3.5059794026e-02
2.2925152938e-02
4.7613642802e-02
-2.1825362358e-02
3.2137825641e-02
-8.6817081135e-03
-1.7315087876e-02
-2.0847897998e-02
-6.2995230173e-03
-8.2634984021e-03
3.0187767786e-02
-2.8703782433e-02
1.6733071746e-02
3.1027244886e-02
1.1381754820e-02
-1.5001171445e-02
-2.2697481950e-03
3.9064253852e-02
1.5294596273e-02
1.7391045540e-02
-5.6467942048e-03
-7.9187404541e-03
-1.0556029643e-02
-6.3176353953e-03
-3.7119498183e-03
-2.0252803343e-02
-5.3093596892e-03
-1.0575822031e-02
-9.1645340252e-03
-2.4636248496e-02
-5.3134817504e-03
5.3918704644e-02
4.8907503645e-03
-1.5732906087e-02
9.2955041809e-02
-2.6214857453e-02
1.3375424752e-03
-3.9745233231e-03
1.2289933151e-02
-8.5877472897e-03
-1.3562106682e-02
5.7613080915e-02
-1.7614175596e-02
3.5665447379e-02
8.8611894402e-03
-1.0465805132e-02
-1.1501519134e-02
-2.8528226731e-02
-1.4672296868e-02
-3.2795474901e-02
-5.6708847154e-03
-4.7303981474e-03
-2.1221628558e-02
-5.8630578341e-03
1.2731466090e-03
-2.1251984985e-02
-1.9753099443e-02
-1.7994431204e-02
-2.2971452081e-03
-9.5244316764e-03
7.7283466473e-03
2.7594322201e-02
-2.1223461724e-02
5.1641212153e-02
4.3872950031e-02
-3.6296023728e-03
1.6100044836e-02
1.4986870087e-02
-1.3325807503e-02
1.8597343459e-03
8.5868138039e-03
-1.5300153853e-02
-9.5744712229e-03
-4.0250609587e-03
-3.4729610821e-03
-1.9901461326e-02
-5.4062180279e-03
6.1268362914e-02
-8.0052035325e-03
2.6656562503e-02
-3.3134772987e-02
-1.1349157155e-02
-4.5529436811e-03
-1.5218273850e-02
-4.8187910973e-03
-1.9768795902e-02
-1.6828099657e-02
-3.2184247619e-03
-1.6585850068e-02
-1.3656218533e-02
-5.3834934343e-03
8.8558822902e-03
-9.8439001098e-03
-6.7185746682e-04
-1.3593959978e-02
-5.9590763984e-03
-2.9486157831e-02
2.8727603606e-02
3.0273619471e-02
1.2987498676e-02
-2.8676699457e-02
-9.0644118777e-03
7.3378694863e-03
3.5918170353e-03
1.3537613039e-02
-3.1166531062e-03
3.5074375703e-02
-2.0093295906e-02
6.3693627256e-03
-5.5448227882e-03
3.4733359949e-02
1.1676817079e-02
2.3966482932e-03
-1.9877265622e-02
-7.9828030955e-03
-2.0073074898e-03
-1.7710030678e-02
4.7699120899e-03
1.2288448916e-02
-2.4532769958e-02
-6.2854333005e-03
-7.5480492641e-03
-2.4147011880e-02
1.1230720253e-02
-9.5218197974e-03
1.3872920711e-02
1.0186255527e-02
8.2764579482e-03
-3.6388691222e-03
-2.2052592983e-03
-2.0867493921e-02
-4.9936088395e-03
3.4515499694e-02
-1.0423607489e-02
-1.3676035275e-02
6.6749527928e-03
-1.8058277367e-02
-4.9351044684e-03
2.7667920625e-02
1.6788480474e-02
3.3876030997e-02
-8.2484978379e-03
3.3985956501e-03
-1.1359809798e-02
-9.5260765809e-03
-1.4284690538e-02
6.5169712162e-03
5.3686834799e-02
-1.1998223207e-02
3.6991766938e-02
1.9842607533e-02
6.3895738414e-02
-2.0288398484e-03
-2.7461372297e-02
-9.1326976829e-03
2.0900091568e-02
2.0759799840e-03
1.1195322242e-02
-2.7806795253e-02
-1.0227405987e-02
-1.6077132524e-02
7.8738224172e-03
2.9642299493e-03
-2.5722522031e-02
8.9862411642e-03
-6.5659947850e-04
2.7294627092e-02
7.3841130791e-02
-1.9762012043e-03
-1.1638081320e-02
2.0266371964e-03
4.4006547432e-02
4.6781374052e-02
-1.2401305808e-02
-1.2180958743e-03
2.4210266145e-04
7.0530943841e-03
-1.1766460862e-02
-1.5404713520e-02
5.6646887604e-03
-7.8353421154e-03
-6.4115387547e-03
-9.1226763003e-03
-2.0457519685e-02
4.1046313062e-02
-2.4484969983e-02
1.8742967317e-02
1.1953088952e-02
1.9775614025e-03
1.4461468793e-02
6.0312276822e-03
-1.8223954735e-02
3.2285359349e-02
-1.2894395271e-02
-1.0419032004e-02
-2.5125705412e-02
3.1383484193e-02
1.3671507223e-02
-4.7607487194e-03
-1.3448839985e-02
4.7094560772e-02
3.4934955564e-02
-2.1910509771e-02
-5.7272976160e-03
9.8734503988e-03
-1.4197364442e-02
-1.7325890064e-02
-1.0410562082e-02
-2.3226450063e-02
-3.9308432007e-03
5.0324388745e-02
4.3507204297e-02
8.7957216572e-03
1.8289517888e-02
7.6048717769e-03
2.2425191624e-02
-1.6529281282e-02
7.2153357149e-03
-2.5919597595e-02
-2.0082571855e-03
-3.5686310417e-02
-1.7814735260e-02
-4.3934816222e-03
-2.0963033745e-02
4.2341198840e-02
-1.3540993989e-02
-8.1296503607e-03
1.7020468370e-02
1.2835592531e-02
-1.2379278054e-02
1.0589202429e-02
-2.7148435904e-02
2.2751081276e-02
-5.5748484584e-03
5.7167148332e-02
-2.8048710614e-02
1.9932816088e-02
1.2742760101e-02
-3.8435746605e-03
-1.3086356108e-02
-5.1420882631e-03
-2.0558475039e-02
-1.9564212734e-02
1.2909023132e-02
-5.5239260671e-03
-1.1817714280e-02
1.8727876587e-02
1.5865885691e-02
2.0284183556e-02
-1.1189802868e-02
2.7002002291e-02
6.5030196574e-02
-2.7419686496e-02
5.1588212474e-03
-7.0232990590e-03
-1.2915243149e-02
-8.2492297740e-04
4.3089175756e-02
1.4784650570e-02
-3.8761951707e-04
1.7565013784e-03
2.5014064117e-02
4.6279727531e-03
3.4017420076e-03
1.2022216249e-02
-2.5651125934e-03
1.1128871761e-03
-2.5410596615e-02
1.3866389562e-02
-7.2488375755e-03
-1.7336901552e-02
3.1078961145e-02
-1.3704141921e-02
-9.5134455207e-03
2.8079754625e-02
6.1999052021e-02
3.9557805306e-03
1.5487028777e-03
1.2196852814e-02
4.0795033131e-03
3.7011968214e-02
-4.9245079380e-04
-3.5549011706e-02
-1.0182559732e-02
-1.5165167798e-03
-2.9430308614e-02
-2.4099196932e-02
-7.7864236733e-05
-1.5604942402e-02
3.4460738346e-02
-1.1969063799e-02
1.6457852537e-03
4.6958386738e-03
-2.3331035265e-03
1.8716842844e-02
7.0170245973e-03
-2.4022232916e-03
-8.5834689232e-03
9.9577110785e-03
-4.6418692243e-03
-2.9323159214e-02
1.0377009183e-02
-1.9008418717e-03
3.0346907480e-02
-9.5858299079e-03
-1.3023164071e-02
5.6441945904e-02
1.2121824033e-02
-3.8571038975e-04
-2.4151528526e-02
-3.1996352036e-04
-2.4193444602e-02
2.0042053658e-03
4.5559595067e-02
9.5162061001e-04
-3.1147642069e-02
-1.7422546554e-02
1.0263025697e-03
6.3446769415e-02
1.1873658681e-02
-1.8336345083e-03
-3.1860858755e-03
1.9036359360e-02
-1.2438334888e-02
-2.8595019148e-02
5.3741153355e-04
2.3770342039e-02
-2.2539010945e-02
7.1545369170e-03
7.6369165161e-02
-6.1313971800e-03
-1.9884562026e-02
9.3003309962e-03
2.2914412834e-02
-9.5522542308e-03
-4.2226352733e-03
-6.9883170490e-03
2.9857663752e-02
-1.2932464654e-02
1.6507570562e-02
1.9617105719e-02
2.2251830541e-02
2.2230286329e-02
3.0659102612e-02
3.5883742736e-02
2.5583100298e-02
1.3513806616e-02
-8.8434071460e-03
-7.0468378142e-03
-1.7777898636e-02
-1.7541128541e-03
-1.7837453487e-02
2.6044477785e-02
1.8293921924e-03
1.0401753733e-02
-2.4956876429e-02
1.3344811754e-02
1.9706262791e-02
1.5752138491e-02
-6.3338686599e-04
8.9402821255e-02
-1.0972786308e-02
4.7392907063e-03
-6.6834219948e-03
3.5761014406e-02
-2.1012104165e-02
1.5679362538e-02
-7.4519916264e-03
-1.1236665634e-02
2.4857397076e-02
-1.9011074178e-02
-2.8947930120e-03
-1.0971379801e-02
-1.5130382448e-02
7.2643435251e-03
-3.4803584290e-02
-9.8727455871e-03
-2.2163436001e-02
2.3262359689e-02
3.2744219486e-02
-9.2391366192e-03
-1.8264772292e-02
2.0561213275e-02
-1.5785641967e-02
-2.6424815671e-04
4.5435614850e-02
-1.7471925227e-02
-2.4526229964e-02
1.4881953252e-02
-2.8612240561e-02
9.5263659473e-03
-2.6398661068e-02
-3.5456257354e-02
2.5429937792e-02
4.3374870471e-03
-1.5569992566e-02
8.3737966152e-03
8.1829632453e-03
-9.5022862387e-03
9.1673471379e-02
-1.4041514410e-02
3.6645500665e-03
-3.3449813075e-02
1.2640170872e-02
-1.9651532233e-02
-1.0354598491e-02
2.1028662486e-02
2.7824427184e-02
7.9690119460e-03
-3.5832320465e-03
-2.8745790569e-02
-8.3505147748e-03
-1.0074000281e-02
4.1587650589e-03
-7.3167621516e-04
-4.6450950682e-03
6.5212058900e-03
9.5080773758e-03
-9.3595421058e-03
-2.5007488093e-02
-1.5675499964e-02
-1.9175903589e-04
-2.6174006334e-02
1.4063939817e-02
6.6075516716e-03
-5.7302253546e-03
-3.2250935649e-02
3.6980735320e-02
-2.0053529338e-02
9.1998274237e-03
-2.1812630751e-02
1.3602645958e-02
-1.9618278537e-02
-1.1471706113e-02
-1.1715133874e-02
1.5469529597e-02
2.5816815790e-02
-1.5476510324e-02
2.1963562076e-02
7.0341542389e-03
1.5833125222e-03
-3.0967742998e-03
1.4410455971e-02
-1.6688506982e-02
1.6689191534e-02
7.3127448511e-03
-1.8142858742e-02
-2.4407794301e-02
-2.9109355250e-02
-1.1609706101e-02
-2.5422120939e-02
-2.4164853675e-03
9.0131633950e-03
-5.7691022325e-03
2.4974653720e-02
1.9532901136e-02
-1.7770689050e-02
5.7726834149e-03
1.6237248941e-02
-9.3637822808e-03
3.8633245725e-02
1.9503395719e-02
1.9602573948e-02
-7.8628476461e-03
-2.8062617961e-02
4.6667885593e-02
-1.4501405551e-02
-1.1604030599e-02
-3.4176777810e-03
9.2072282899e-03
3.4008909229e-03
1.7718665820e-02
-9.0739571354e-03
-7.6440178721e-03
-2.3657844154e-03
1.3801322648e-02
1.9762773559e-02
8.8542482556e-03
3.2500151235e-03
2.5121585751e-03
-1.8684591300e-02
-4.7963512280e-03
-8.0928509698e-03
-2.1228397371e-02
2.6578489018e-02
3.2680703747e-02
-1.5087119475e-02
-1.0382284689e-02
1.7047968023e-03
-1.1856252601e-02
-1.3594251155e-02
-1.5149676911e-02
4.4760652901e-02
1.1800726768e-02
-6.6318363432e-03
-1.8754061231e-02
-2.0999018230e-02
-5.2368055110e-03
-7.2477380145e-03
-9.8591756928e-03
-4.7200446282e-03
1.8861379053e-03
-2.2573937993e-02
3.0846557086e-02
-1.6254523807e-02
1.0148526765e-02
-2.6558199554e-02
1.3203328617e-02
-2.2035679185e-02
5.6807477661e-02
-2.5053640204e-03
8.7446216506e-03
-8.3087843326e-03
-9.4077598966e-03
-2.2924281001e-02
6.0163926432e-03
-1.4508773198e-02
-1.4697789556e-02
-1.6698299851e-02
-2.8979617502e-02
-1.5421241041e-02
6.1331481056e-03
2.3242873363e-03
4.6123281838e-02
1.2949572177e-02
4.6678164772e-03
-3.9289327273e-03
-2.5895180788e-02
-3.0911726554e-03
-2.5673885583e-03
-1.4737897575e-03
1.6639933564e-02
-4.5131319341e-03
1.6992797485e-02
-1.1183222268e-02
4.3937496104e-02
-7.8241219946e-03
7.7774959112e-04
2.5725376689e-02
4.0199987700e-02
1.9093003754e-02
-1.0348175846e-02
3.7306103303e-02
-5.8521337802e-03
-2.2083383776e-02
4.7042085579e-03
-8.3991866397e-03
-2.4938392242e-02
1.2829977098e-02
2.0957702360e-02
-1.0381806861e-02
1.2218758822e-02
6.6009211365e-02
1.0065506444e-03
5.5499057949e-03
-6.1693347029e-03
-2.7139064461e-02
-7.7588942273e-03
2.2848528943e-02
2.5998704817e-02
-7.0838727977e-03
8.1091797866e-03
2.7759328928e-02
-1.1816123994e-02
-8.6494709058e-05
1.6406027613e-02
3.4323701365e-02
-3.4065751568e-03
-1.4679574998e-02
2.4304109322e-02
2.2982471263e-02
-1.9792084453e-02
-5.1496100139e-03
4.6939115828e-02
6.0081825404e-02
3.3610810590e-02
4.4329764709e-03
1.8524174987e-02
2.6338642584e-02
3.0299202825e-02
-6.6627508390e-03
-5.2364856869e-03
-2.6189214749e-02
-1.2800379333e-02
-8.8842014541e-03
-2.0580491273e-02
-2.6353221411e-02
-2.5283487708e-02
-1.9244466361e-02
-1.9688955871e-02
-4.4803338334e-05
2.1899206366e-02
9.7215166097e-03
-2.1817999844e-02
-3.9730588000e-03
3.5828350082e-02
-3.7170182066e-02
5.1855901584e-02
-2.3348632047e-02
-1.7920639549e-02
4.8675661435e-02
6.5030421313e-03
4.0268012362e-04
-2.2286880386e-02
8.4996351303e-03
-6.3246251841e-03
-3.0906217470e-02
-1.1764990920e-02
1.0198468360e-02
4.4286400383e-02
-7.8171134793e-03
-1.3015517871e-02
-3.6670232337e-02
2.8947616178e-02
-7.9202396519e-03
-3.9506489715e-03
-8.2751154736e-03
-7.3219279321e-03
5.0967711535e-02
1.5246036724e-02
-2.7651202390e-02
-8.9817094200e-03
-1.3107155974e-02
-7.8321746508e-03
1.8180697080e-02
-2.6510108831e-02
1.5227323465e-02
1.2875031451e-02
-1.9167512701e-02
2.3330068609e-04
-1.5107718091e-03
-1.1780022455e-02
1.2413090340e-02
1.3206538296e-02
1.4378935627e-02
-1.2354400651e-02
-1.0194074682e-02
1.0831534890e-02
-3.2886572516e-03
-1.9053900730e-02
1.8356532577e-02
-1.6524580880e-02
-7.8497276394e-03
1.4592816326e-02
2.2254829788e-02
-2.5905636688e-02
-1.7517966251e-02
-2.4548476046e-02
-8.7332587718e-03
-1.0801596944e-02
-1.9967178762e-02
9.0404414907e-03
2.4831239590e-02
8.4558011139e-03
5.9561427899e-03
-2.2885808024e-02
1.3963121662e-04
-1.7767276846e-02
-8.7529818312e-04
1.5208713057e-02
-1.9035749213e-02
6.5117979121e-04
-3.1799537811e-02
6.2366234651e-03
5.3889308498e-03
4.9762262147e-03
3.1684621256e-02
7.3115824065e-03
-1.9723218047e-03
7.7082803654e-03
-1.7991756758e-03
-1.0752524135e-02
-2.1668464152e-02
4.9503601492e-03
1.2506504154e-02
1.5545047286e-03
-6.0328793157e-03
3.5140815662e-02
2.7412241804e-02
-3.4637572365e-03
1.6286710797e-02
-1.2546444395e-02
6.2689224883e-03
5.9969442681e-03
5.0052933285e-03
6.2141638896e-03
-4.3230588790e-04
1.0049331671e-02
3.8506942614e-02
-1.1330525865e-02
-2.3355548212e-02
-1.1000772315e-02
-2.1226271972e-02
-1.0233106985e-02
-9.3691969054e-03
7.5454506946e-03
3.9062124548e-02
1.4162447522e-02
-2.1467217959e-02
-1.2035959543e-02
-1.7791713551e-02
-5.7037595937e-03
-9.7613068174e-03
3.1365222176e-03
4.8303189075e-04
-2.4611621272e-03
1.1120211978e-02
-1.2893916909e-02
-7.2936976578e-03
2.1245689548e-02
-1.4002891524e-02
4.6646704044e-02
-3.9023169644e-03
-3.2935050325e-03
1.3558746795e-03
5.0350867966e-02
-2.4337158883e-02
3.6778495422e-03
-8.2251201719e-03
1.9244572401e-03
1.6078490410e-02
-1.6460349922e-02
-1.8960308788e-02
-1.2967924770e-03
1.8117909758e-02
-1.5163628316e-03
-1.2520513961e-02
-8.0121000366e-03
6.4819699084e-03
-2.4355255514e-02
1.3334170517e-03
-6.1354130972e-03
1.7015354425e-02
-1.3967302883e-02
1.9016826262e-02
-8.6093994970e-03
-2.7407258513e-02
4.0638041464e-03
-8.6348449643e-03
-1.6350097129e-03
2.8219464712e-02
-1.6293990214e-02
6.5790046749e-02
1.2834506012e-03
1.9790301358e-02
-2.0966657754e-02
-2.0890534994e-02
7.0373181832e-02
-1.5681665279e-02
1.2921165203e-03
2.7285247570e-02
-1.2831468038e-02
-2.5419216885e-02
4.6833964987e-04
-6.9917064286e-03
-1.7039223544e-02
-2.0967218385e-03
-2.8388672617e-02
-5.5536407308e-03
-2.0802578858e-02
-1.9640566653e-02
-1.3296824680e-02
-3.5187404005e-02
3.5606940226e-03
2.7290393572e-02
4.3448545431e-02
-5.9644000272e-03
-9.2133555526e-03
-2.1646093409e-02
-2.3019818834e-02
-1.8617642199e-02
-1.1839106596e-02
-2.2037455297e-02
3.7160756251e-02
-2.3852198221e-02
-1.5657714078e-02
2.2039942558e-02
-1.5773154912e-02
1.4217498729e-02
7.6786625879e-03
-2.6212075887e-02
-1.8481641879e-02
2.0361000973e-02
-1.0647491108e-02
1.3095713010e-02
3.0633405987e-02
1.1913523515e-02
3.3519969474e-03
-2.6999267966e-03
1.5295489309e-02
-1.0414231737e-02
-2.9130682032e-02
-1.5218126462e-03
-2.3788332351e-02
9.2598982212e-03
1.8864238363e-02
4.0605684954e-02
4.5456622951e-03
1.3976068521e-02
-1.3390810693e-03
1.1798999552e-02
-2.0848396821e-02
-9.0892397525e-03
3.2527812121e-02
-1.3645453186e-03
1.1451672222e-02
-8.8458078058e-03
-2.1289473271e-02
-4.4800568898e-04
-1.7392528209e-02
-2.5984460448e-02
1.2065966826e-02
2.5630596285e-02
-2.4182972013e-02
2.0430257555e-02
2.4811357668e-02
1.7784904161e-02
-6.9632139381e-03
-2.0038394438e-02
-2.2284338820e-02
5.9829627912e-03
-3.2115443926e-03
2.9636823482e-02
9.1523158970e-03
3.3940076883e-02
-4.0491008823e-03
8.3261827084e-03
4.6356760917e-03
-4.6074439830e-04
3.6156760099e-03
5.1446729687e-02
-9.7798219586e-04
1.2606002170e-03
-2.8093271072e-02
-3.2964397520e-03
-3.2391301007e-02
2.9062074873e-02
4.4315592609e-04
4.4586882169e-02
2.0952213375e-02
-1.1738989109e-02
3.8544048588e-02
-2.3483605605e-02
-1.2871163910e-02
5.3021545974e-02
-1.1274076733e-02
-1.3584887747e-02
2.2079472007e-02
-2.5907570066e-02
-2.7250420910e-02
-1.2872491130e-02
2.3825079198e-02
-1.5917120564e-03
-1.0516366842e-02
-4.9940016091e-03
3.0485191794e-02
5.9969830154e-02
-1.6309869500e-02
8.6550062181e-03
-2.8118259254e-02
4.7541085590e-02
-1.9119481181e-02
-2.0007847166e-03
-1.4018064094e-02
1.4610500587e-02
-8.9162411386e-03
4.2492266670e-02
-2.9487251021e-03
-1.3945058148e-02
2.7515342326e-02
-1.0841680991e-02
-3.7537971900e-02
1.2062538311e-02
6.1758323187e-03
6.2618030455e-04
9.5964387452e-03
6.9094243392e-03
-6.3444044193e-05
-6.1234930502e-03
-1.5793415388e-02
-1.1526241598e-04
-1.3545881825e-03
3.5113740698e-02
-1.9951477547e-02
-1.9458132709e-02
-5.1743242036e-03
-2.1942220060e-02
1.8052478046e-02
-2.2492396683e-02
-2.5726191245e-02
5.0888574058e-03
2.5653954544e-02
1.5507279135e-02
-9.3622415706e-03
-6.8439237714e-03
3.1420400815e-02
3.9030198559e-02
-1.7814829183e-02
-2.1264116004e-03
-2.1266279171e-02
-9.1205469350e-03
1.5426062103e-02
5.8169474641e-02
-3.3449565778e-02
-9.0694408623e-03
1.9270388675e-02
-2.3154917644e-03
-5.0277845776e-03
2.9283845231e-02
1.0183800076e-02
7.5327451181e-03
1.9920815007e-02
-1.8055583103e-02
9.2935991006e-03
3.3399436494e-02
2.6235416065e-03
6.8705789657e-03
-3.0682159556e-02
1.2956151864e-02
-8.0490072418e-03
-2.0671286204e-02
1.1103679895e-02
8.2751907365e-03
3.2573484629e-02
-2.8795361979e-02
3.2872497262e-04
-1.9111686249e-02
-2.5287236905e-02
-7.1133968707e-03
-5.6113126848e-04
2.0770277965e-02
-2.6935015744e-02
-2.6247544740e-02
4.4275873964e-02
5.8335585222e-03
-1.5273507464e-02
1.8259134481e-02
2.8056201222e-03
1.6774072834e-02
1.4673963601e-03
-2.1134272957e-02
-2.0522082533e-03
-1.3285524715e-02
-1.1964893085e-02
-5.2298177360e-03
6.0374130905e-03
-4.6849574697e-04
-2.9427106891e-03
-3.4558386028e-03
3.1508112303e-02
-4.4760087906e-04
-2.2268119685e-02
-1.2246675589e-02
-2.0525457735e-02
-1.6451617213e-02
-2.0025580264e-02
-1.7177912964e-02
3.2662270273e-02
1.3479460672e-02
-2.1430373703e-02
-1.6861205095e-03
-1.6861519163e-02
8.8022736754e-03
-3.3941405426e-02
-5.5163189290e-03
4.0139670336e-02
-1.2086194781e-02
-7.7407329785e-03
-2.3424761129e-02
-1.6563893560e-02
1.3724105700e-02
6.9706223977e-02
-2.8819068874e-02
-1.9758324205e-02
-3.5457469354e-04
3.2214921547e-03
7.1437343659e-03
3.9997876481e-02
2.0245284110e-02
4.7437936847e-03
-1.1173941934e-02
-5.0474516322e-03
1.4541645748e-03
4.2893105492e-03
-5.0295829462e-03
-1.4329748066e-02
1.9760362590e-02
-6.2129467255e-03
6.2480545969e-04
-6.9024804394e-03
-1.2327595973e-02
6.7263755781e-02
-1.8704247502e-02
1.0063962728e-02
-1.3328150151e-02
2.7752307155e-02
2.0761697143e-02
-1.7096307614e-02
-1.9194160464e-02
1.6340773734e-02
1.9176596910e-02
3.1354821444e-02
-1.4755061138e-02
-7.7114698017e-03
-2.9709347029e-02
4.4987772927e-03
2.7986094781e-02
-1.4354996468e-02
-2.7835761487e-02
-1.1095803305e-03
2.9403981405e-02
6.4012352673e-03
-1.3253684641e-02
6.0494294431e-03
3.8817566892e-03
-2.4987315444e-02
-1.4945637929e-03
-1.2801309585e-02
4.4585018368e-03
9.7930303611e-03
-1.2343383563e-02
-2.6996143648e-02
-7.8261744638e-03
1.2786500239e-02
2.7297083520e-02
1.1662797991e-02
-3.5285269783e-04
-3.0643587168e-02
-7.7209226226e-03
3.0150662124e-02
-1.1421372177e-02
-1.2858150342e-02
-1.7978524436e-02
-1.3583272203e-02
1.4529732452e-03
-1.3349157856e-05
4.9110549445e-02
-1.4470021647e-02
6.3693161890e-03
-2.9386776641e-03
-6.8201627105e-03
-1.6182343936e-02
-4.9848731604e-03
3.0536594686e-02
-1.1941929480e-02
6.2999532018e-02
-2.9618561726e-02
-2.2464662293e-02
-1.1636583575e-02
4.0459771783e-02
-1.8607048766e-02
-2.0344050613e-02
-4.6302806353e-03
1.4042719395e-02
-2.5648745612e-02
4.2000989186e-03
-1.9770282381e-02
2.9144259376e-02
2.8483133597e-02
6.7210504048e-03
2.9468579368e-02
-1.3066483607e-02
-4.3429354011e-03
-6.1342951547e-03
5.3426979253e-02
-1.4971356494e-02
-9.5126070162e-03
-2.9516190802e-02
-1.0437445052e-02
2.0813277305e-02
2.7677802909e-02
5.4564576787e-03
2.7430494575e-02
7.3751528218e-03
-1.1583143454e-02
-9.7055317266e-04
-1.5097097094e-02
1.1856696255e-02
-1.6505601257e-02
1.1096074902e-02
3.8491846708e-02
-3.3634978689e-03
-1.2918514322e-02
-2.8875677269e-02
-1.1894048606e-02
-1.9999164615e-02
2.4619039398e-02
-3.2463863260e-02
1.0328925209e-02
4.1557571633e-02
1.7166491708e-02
-1.4126373454e-02
2.0005772640e-03
5.6189179036e-02
2.2657371835e-02
-1.2433695435e-02
-1.2593515262e-02
-5.6668302191e-03
5.3007911578e-03
1.7680947218e-02
1.0530594441e-02
4.7132512075e-02
-1.7310933619e-02
-8.3630832551e-03
6.8372619059e-04
2.5874428063e-02
-1.0745236150e-02
5.3537671775e-02
-9.8637677405e-03
2.5574116276e-02
3.0493365676e-02
-4.7532327153e-03
-1.0180257627e-02
-1.5973121412e-02
-1.8098732927e-02
-7.8751771735e-03
-1.0796113339e-02
1.4821344933e-02
-3.8281354756e-03
1.5853534621e-02
8.2844707877e-02
-1.0050776713e-02
6.5429674226e-03
1.8034913860e-02
-4.9870432780e-04
1.7916325996e-02
-1.0799206115e-03
3.0392082768e-02
-7.3884499914e-03
-2.8214929645e-02
3.0171377358e-02
3.1742950129e-02
-3.8350262631e-03
-2.8043479840e-02
-7.6186341005e-03
3.8184226677e-02
-2.5117291152e-02
-9.1749018676e-04
-4.1129107425e-03
-4.7494236529e-03
3.3528598877e-04
5.8743799700e-03
1.1399888502e-02
2.2162306818e-02
7.1610564629e-04
-5.4022460726e-03
4.6047891865e-02
2.7484014130e-02
-2.8755654153e-02
3.3487430526e-02
-1.7905545128e-03
-1.4618730425e-02
-3.0744798322e-03
-1.5090008825e-02
2.5440619371e-02
-2.3054269557e-02
-1.8951696784e-02
9.8286224259e-03
1.2028766466e-02
-8.6750044375e-03
-3.6284098250e-02
-9.0380040915e-03
-1.4819474273e-02
-4.0469238144e-03
6.5322109083e-03
-1.7830633427e-02
-1.2359560989e-02
1.2009542819e-02
1.1060467003e-02
9.4776417328e-03
-9.6996287690e-03
6.9548241564e-03
-4.7926610475e-03
-1.6724693226e-02
-1.9796489017e-02
1.4400028300e-02
5.7929010194e-02
-1.1466819823e-02
4.7213511857e-02
5.3713860359e-02
-7.5760672432e-03
1.8726648525e-02
5.0301384184e-03
-2.6988328656e-02
-1.6316822293e-02
-6.5365949151e-03
-5.3517245695e-03
-4.0167396816e-03
-8.7409071517e-03
-1.6321500538e-02
2.9952908940e-02
-1.3466482966e-02
-2.6286664457e-02
2.0116545192e-02
-8.2866012857e-04
-9.9902637686e-03
3.9466719511e-02
2.6888303062e-02
2.5422565457e-02
4.0185847906e-02
-2.0333144922e-04
2.4555854617e-02
-4.5079752061e-03
1.5340308226e-02
2.8026384848e-02
4.1521330791e-03
6.9966689783e-03
-5.8776686802e-04
2.4285255683e-03
2.9674806881e-03
1.1171879363e-02
-1.5651171447e-02
1.2342741540e-03
-1.4594345472e-02
1.3037113606e-02
9.0788946406e-02
8.0370647304e-02
-9.2996001316e-03
-2.2010592316e-02
-1.7724959825e-02
2.6794533514e-02
-1.3441819362e-02
-9.2951296391e-04
-1.5633208588e-02
1.8324851107e-03
-2.4041196265e-02
-2.5190393403e-02
-5.7192023399e-03
7.3216312199e-03
3.9593381192e-02
-1.9225267162e-02
-1.8761998475e-02
2.7649677889e-02
-9.1780947221e-03
1.7383641624e-02
-2.2047609241e-02
5.7544366658e-02
2.0313391428e-02
-5.5521968246e-03
2.1279621594e-03
4.1579471308e-02
2.7752098386e-02
-1.1227310486e-02
2.0172318140e-02
-5.8700298759e-03
-1.2823649476e-02
-2.1199441077e-02
-7.0110472814e-03
1.8634787482e-02
-1.2387687602e-02
8.0692943850e-05
1.5498700943e-02
2.6265358236e-02
3.1286453649e-03
4.5556944978e-02
-1.2536529680e-02
1.3304074663e-04
2.3315596694e-02
4.1529492294e-03
1.7459932712e-02
-8.1562976259e-03
1.0427613572e-02
-2.1833165618e-02
-7.2560256859e-03
-4.8219137797e-03
-2.7635442342e-02
-3.0339859266e-03
3.2436654239e-02
-1.6416091336e-02
-2.3131075795e-02
6.1416375839e-03
-2.3335936392e-02
-1.6930361155e-02
1.5424924528e-02
-2.9864245281e-02
1.1933036195e-02
9.0911660683e-03
3.0987321404e-02
-3.3038712584e-03
1.5913775981e-02
2.0099348313e-03
2.0163569406e-02
2.5128289438e-02
-3.3154153276e-02
8.2257929012e-03
-1.8425170077e-04
-1.1264143954e-02
2.5209850954e-02
-5.5425125265e-03
-3.3963234383e-02
-1.5734653201e-02
-8.6769252352e-03
-1.9741190909e-02
6.1437201930e-03
-2.1434242833e-03
-7.7106675581e-03
-1.9584833132e-03
8.8080452394e-03
-1.1180819378e-02
1.3742778823e-02
-3.3844319013e-02
-5.4965048397e-03
-1.6538831269e-02
-8.7263970383e-03
-3.3292950415e-03
1.8099550990e-02
-6.6125469953e-03
1.7145351950e-02
2.2416445135e-02
-8.5356553150e-03
3.0704651220e-02
-1.4836885615e-02
3.2047497721e-02
-3.8760903428e-03
1.1393769375e-03
3.9029724965e-02
9.7836361311e-02
-2.5048742094e-02
2.4287945126e-02
-2.9876767644e-02
-2.2077492189e-02
-6.4004344672e-03
1.8492691652e-02
-2.0581642717e-02
-2.5474682901e-02
-1.7266998147e-02
-7.9474767653e-03
4.5171768833e-02
1.4446338962e-02
-6.5248833213e-03
2.9694572942e-02
4.8464687740e-02
-1.3523729448e-02
7.8722680417e-03
1.1300501228e-02
-1.7059766648e-02
-2.1478770388e-02
-3.2847375525e-03
3.0881185009e-02
-9.6108680655e-03
1.0896872973e-02
-2.5386396620e-02
-1.9872635480e-02
-8.2261232610e-03
6.9686701219e-03
1.3125845483e-02
2.7161331054e-02
-1.7698962490e-02
3.4272649443e-02
-6.5110414695e-04
-2.4868639476e-03
1.3148419812e-03
-2.0301252260e-03
5.4874206309e-02
-1.5375919823e-02
-1.0924136017e-02
1.5585623272e-02
-2.1489416194e-03
6.7624804560e-03
-6.5370325294e-04
4.6531469831e-03
-1.7452011364e-02
3.9352414373e-02
2.4330550463e-02
-4.9706254793e-03
-1.8234866925e-02
-6.8688530011e-03
-2.1347239385e-02
1.9296026423e-02
-3.1447763036e-02
1.0874905944e-02
4.5458168986e-03
1.0019889287e-02
-2.6510224539e-02
-1.0363142829e-02
1.6423458784e-02
-3.4368559527e-02
-9.8962720083e-03
3.9085610679e-02
-1.5630027789e-02
-2.3920176346e-02
-5.4979388071e-03
4.9722093296e-03
-1.8749918730e-02
2.0544774772e-02
-2.5459252614e-03
-5.3466554630e-03
-4.0172465095e-03
-2.8715395932e-02
-2.4433590218e-02
-1.0690779578e-02
-2.2241898384e-02
-9.4897904123e-03
-1.8061389902e-03
7.4608877914e-03
3.5970543497e-03
-5.0157114303e-03
4.2351917413e-02
-1.6175484591e-02
2.0495223675e-02
5.5397033172e-02
-1.0103633447e-02
1.5438445139e-02
2.8965701799e-03
2.0915298033e-02
-4.6670709182e-03
1.3676728582e-02
2.7980962337e-03
2.1737776855e-02
-8.7598612289e-03
-5.0403812535e-03
3.4196778192e-02
7.0447504639e-03
5.2459408891e-02
-1.3181088498e-02
-9.4660973573e-03
1.1819964937e-02
4.9991984930e-02
3.1883779766e-02
-4.4302445046e-03
-8.3420124844e-03
3.6134634751e-02
-2.4036889999e-02
-3.0170309954e-02
4.4181295808e-02
3.1313304908e-02
-2.5494090452e-02
-1.7826710100e-02
5.1930251608e-02
2.8206144572e-02
4.0169916716e-02
-3.9651568001e-03
-2.3188016232e-02
1.9652745913e-02
-3.7924990889e-03
-6.7142133385e-03
-3.0243493489e-03
-5.5331117925e-03
1.1696678027e-02
-2.7458164990e-02
3.5792570524e-02
1.0422051747e-02
-2.0750926464e-02
7.9607262008e-03
1.2916302146e-03
-2.3434341195e-02
5.6246073185e-02
1.4071833719e-02
-1.4575184344e-02
-1.5602664461e-02
2.4302122819e-02
2.1895432434e-02
2.9155100357e-02
-2.2854653531e-02
3.0908156918e-02
-7.1433268784e-03
7.2409908348e-02
-4.9859754752e-03
3.8144872893e-03
1.6414571719e-02
-1.8245708500e-02
-1.9443726785e-02
8.1792967157e-02
1.0354231502e-02
1.4690347303e-03
1.5925486582e-02
3.0373631914e-03
4.6773574078e-03
9.7318401657e-03
2.4022917655e-02
4.7608727416e-02
-8.7593910908e-03
-1.3819837602e-02
1.0192320964e-02
5.7591998604e-03
2.3454592328e-02
-4.7286045911e-03
1.5756244979e-02
-2.1175418717e-02
-1.1997419521e-02
-5.7752453671e-03
1.4117470945e-03
5.0583963808e-02
-9.4676818685e-03
-2.0017789971e-03
1.3035497433e-02
1.3281560445e-02
-1.5612460424e-02
-2.2005196115e-02
-8.0588675125e-03
-2.9403829413e-02
-2.8032379180e-04
-7.1690780854e-03
3.5287365655e-03
2.0468261104e-02
-1.6377088152e-02
4.1229488447e-03
-1.3905144660e-02
3.3025816044e-02
-1.6647550550e-02
-2.5163861619e-02
-4.3704688225e-03
1.7524585306e-02
-7.0426911092e-03
-1.7363681892e-03
1.8917074871e-03
-2.8077738464e-02
-2.5799403791e-03
1.6118807694e-02
6.6672509644e-02
3.0377694576e-03
-5.1866840045e-03
2.8126038151e-03
-4.4406173190e-03
-2.0025017456e-02
-2.1160716201e-02
3.0766102223e-02
-1.5468843789e-02
5.3635437433e-02
-1.2438704827e-02
2.5459771299e-02
1.1387867219e-02
-1.8189996234e-04
4.1589844700e-02
-1.8948058652e-02
-4.2807608621e-03
-8.3427021813e-03
-3.4547390723e-02
-1.8923586629e-02
3.8902830180e-02
3.5320767828e-03
-2.0728094796e-02
-1.3583111299e-03
5.9817898919e-03
-9.7163726004e-04
2.6349850665e-02
3.1528975638e-02
3.9744999078e-02
-7.4758824800e-03
-2.1130885180e-03
-1.1534268123e-02
3.7078740516e-03
9.4352048974e-03
-1.1798462327e-02
-8.8202356473e-03
2.3559902662e-02
8.6925012321e-04
-1.3205824663e-03
-1.5072080303e-02
1.0515709989e-02
1.4175497642e-02
-1.5365694229e-02
-1.9346093642e-02
1.4668277141e-04
-6.1181117445e-04
-1.6909284199e-02
-1.1888566774e-02
-2.6041619320e-02
8.2224939008e-04
5.5523149873e-02
1.2245634618e-02
-1.4916774381e-02
4.5669124632e-03
-1.0695573824e-03
5.4128919657e-03
-1.3312509341e-02
1.2485433849e-02
3.6959500301e-02
-1.9525593581e-02
-1.1940823061e-02
2.9039885147e-02
-3.3403625509e-03
-1.8579498876e-02
-3.2886715309e-02
-5.9122326443e-03
-9.5564938488e-03
-1.7689031797e-02
3.7888418577e-02
-1.1910913778e-02
-1.3831018977e-02
2.6380415953e-03
1.7235139320e-02
-9.8814422359e-03
-8.3140348105e-03
2.4446368765e-04
2.1993752250e-02
-1.3070133912e-02
2.0685545356e-02
2.7502518763e-03
8.1827229862e-04
8.3611153577e-02
8.6531732545e-03
-1.2051120333e-02
3.8715674686e-03
8.3678147979e-03
-6.3232829444e-03
1.0239876321e-02
4.2309115096e-02
-8.3573018209e-03
-6.4659944220e-03
5.2933966950e-03
9.0677755591e-04
7.3437713454e-02
-7.8852565316e-03
-2.3200224451e-02
-8.7842439275e-03
6.2128157293e-03
2.7366436926e-02
-2.9126826249e-02
-2.4367688012e-02
-1.6759712985e-02
-1.6174387156e-02
-8.8571819731e-03
-1.2848375412e-02
7.9299645498e-03
1.3174458985e-02
5.1990124897e-02
-8.1417524418e-03
-2.6732914248e-02
-4.5231996170e-03
1.6683788978e-02
-2.3269341610e-03
-2.5229969616e-02
-8.4597854626e-04
5.8579784802e-02
4.6575862940e-03
-7.2402886425e-03
-9.0899304173e-03
1.9449751244e-02
-7.9522433012e-03
6.7874285199e-03
-1.2332971909e-02
-6.0512043562e-03
-1.8081096842e-02
2.7280649013e-02
-1.2513913316e-02
-4.8942863528e-03
-2.4761447929e-02
5.2129559920e-03
3.9197282829e-02
-2.2779405252e-02
1.0261304223e-02
-2.2437636930e-03
1.1113436624e-02
2.3389580471e-02
-2.2737908128e-02
-1.4677425627e-02
-6.5094471586e-03
4.0067069055e-04
-6.9039214746e-03
-3.6251438157e-02
-1.1706278804e-02
1.9500291998e-02
1.6685993356e-02
-8.2288770379e-03
-1.6662285574e-02
-5.4597471536e-03
-2.2553668721e-02
-2.4026728397e-03
1.3164639215e-02
-1.8370042785e-02
-9.7252659648e-03
7.1919181049e-03
-3.1060155306e-02
1.8302947812e-02
7.3179801793e-03
-4.8159039485e-03
1.4429988910e-02
-2.8108608763e-02
1.7461088527e-02
2.8244696222e-02
-1.8544101470e-02
-3.4395827248e-02
1.2697013184e-03
2.7510227371e-02
2.4320971934e-03
-2.9668111195e-02
-8.9122959095e-03
-7.5358800250e-03
7.0998767532e-03
-1.4983560560e-02
-9.1572289742e-03
2.7385620670e-04
-1.2878049822e-02
-2.4202428063e-02
8.5992970288e-03
-1.3487595504e-02
4.7533173590e-02
-1.7171691579e-02
-2.4428306292e-02
-6.3537003985e-03
3.7012640502e-02
6.1995274899e-03
2.0516991115e-02
-4.6574156061e-03
6.7260289605e-03
-2.4792060570e-02
-1.3772841439e-02
-9.2479485834e-03
6.1333198115e-02
-1.8190833539e-02
-2.7301169339e-02
-1.5604843730e-02
-3.2815699613e-02
2.3488024706e-02
-2.8766921628e-02
5.0534480569e-02
-7.1813510028e-03
2.1595470795e-03
-2.7753377848e-02
1.7781674430e-02
-5.1773144815e-03
-2.1382490236e-03
-5.3289569374e-03
-1.4032317018e-02
-2.6071228437e-02
-1.1858075625e-02
-2.8444755514e-02
-4.0943339513e-03
-2.9436872574e-03
6.0829393919e-03
-4.1247484560e-03
-1.6725222357e-02
-1.3125463522e-02
-2.4895881636e-02
3.4616019649e-02
-1.2309015329e-02
-6.5800858980e-04
-1.0587188118e-02
1.0892510406e-04
-1.7804890983e-02
2.5951685344e-03
-1.5146185535e-03
-1.8830942898e-02
3.3154450061e-04
-2.9510694889e-02
-3.0409544654e-02
5.5846623736e-03
-1.3952488396e-02
1.8106155519e-03
-1.5660884707e-02
1.7563804624e-02
2.0926573024e-02
-2.1956894499e-02
-1.4986854686e-02
1.9615562390e-03
3.6694531660e-04
8.5231596456e-03
1.0301618830e-02
-2.6759426912e-02
2.5342871680e-03
-8.9893379660e-03
1.8167018256e-02
1.8759722389e-02
-1.4627664857e-02
1.6476750214e-02
1.6151997530e-02
8.3816507145e-03
1.3390871161e-02
-2.5345348429e-02
2.5406628942e-03
3.6766485356e-03
-8.2419486863e-04
1.0524642657e-02
1.6536284340e-02
1.8033329017e-02
-1.3692047184e-03
1.9226287037e-02
-2.5226585694e-03
5.4525067502e-02
6.3970554844e-03
2.1047699852e-02
9.8878532238e-03
-5.6201129865e-04
-2.6565029177e-02
-1.9994895605e-02
6.2098777784e-03
3.4545461537e-02
2.0763833044e-02
-9.0239656481e-03
-2.4903764400e-02
-9.8914554030e-03
-1.5830441354e-02
-1.7007920465e-02
-1.1526140806e-02
-1.0032948847e-02
-1.6582371674e-02
-4.7294128608e-03
1.7640222528e-02
6.6834397082e-03
-1.6115043407e-02
1.0086248788e-02
-3.1339820535e-02
5.3472489129e-02
4.8982596023e-04
-2.0045337650e-02
1.5323336970e-02
2.3527412260e-05
4.3929101413e-02
-7.6532806788e-03
2.7273698486e-03
-2.1370057765e-02
-1.1434990759e-02
1.3434067327e-02
8.8683932309e-03
2.5418409019e-02
-2.5127737988e-02
-4.9477931325e-03
-6.0949338412e-03
-4.8200602419e-03
-2.9862762132e-02
4.5260870392e-04
1.9170892847e-02
-1.1677962358e-02
-6.8779420794e-03
-1.1619748745e-02
7.2885365325e-03
6.6804992445e-03
3.0987444981e-03
-1.8877917206e-02
2.9783935707e-03
-1.6581544368e-02
1.1444665999e-03
-2.1519042259e-02
2.3552605576e-02
1.9913911218e-02
3.1897709004e-03
2.1200063169e-03
1.1685783936e-02
2.5528149256e-02
2.2583345657e-02
2.2954244785e-03
2.8427207338e-02
6.7663512716e-02
-2.1826654121e-02
5.2703371687e-02
5.6454896256e-02
5.9394513505e-03
-2.1639751100e-02
3.0599016963e-02
-4.2237643193e-03
1.3701963872e-02
2.9533587128e-02
3.7212743782e-02
4.9234690203e-03
1.5486038989e-02
4.9663782660e-02
-4.6410359080e-03
-2.2085813909e-02
-3.5208675727e-02
-1.7582469786e-02
-1.5982743560e-02
-9.1408441533e-03
-2.4926723344e-03
1.0631521718e-02
1.7292429124e-02
8.8947178895e-03
2.0712357369e-02
2.1243577869e-03
-3.0731558091e-02
-5.0953612669e-03
-1.9245773849e-02
-7.7832454964e-03
-2.2376880032e-02
5.0578021809e-02
-2.6991909439e-02
2.1374793588e-03
-8.5312044140e-03
-2.5539980278e-02
1.7793652812e-03
-1.1465182199e-02
5.3554360450e-03
8.8316711875e-03
2.6882092768e-02
3.2323194150e-02
1.1046237742e-02
-1.5045370728e-02
-2.0525424623e-02
-7.5401331308e-03
1.7728045477e-02
1.3327302942e-02
4.7001169622e-02
1.4899535729e-02
-2.2801510441e-02
-2.4767635939e-02
1.7175161416e-02
1.5210610662e-02
2.0694702879e-03
2.4839235098e-02
-1.7959395288e-02
-3.8295935106e-03
-1.0196995507e-02
-1.6141208510e-02
-3.6697868920e-03
2.7506924485e-02
-1.4789903816e-02
6.7887407440e-03
-1.8431971242e-02
8.5945860558e-03
1.0709118931e-02
1.3696862022e-02
7.5185115511e-04
4.0597732834e-02
-1.7507125251e-02
3.4551444596e-03
2.4075297919e-03
-4.6479493386e-03
-3.0018444328e-03
2.4265648183e-02
-4.3111183740e-04
-4.3039563646e-03
-2.6403143867e-02
-9.1237858713e-03
2.1437737636e-02
3.7736855850e-02
-8.7896258162e-03
2.6584684860e-02
-4.7582103100e-03
7.9255657713e-04
3.1939786426e-03
-2.2668965582e-02
-2.9772376936e-03
1.2832665489e-02
8.4496543786e-04
-2.5158479124e-02
-9.8383013161e-03
-5.4787128842e-03
-2.2191830163e-02
1.1076576273e-03
1.5601000032e-02
1.1501466444e-02
-1.2268628696e-02
1.5412009419e-03
-1.7687557403e-02
-1.1609306291e-02
-1.3232927106e-02
4.4691734168e-02
1.4669495589e-02
-5.9392878680e-03
5.2410399484e-02
2.0079445009e-02
-5.3784653268e-03
3.1423619024e-03
6.1413978078e-03
2.4102048659e-02
-3.8555846347e-03
-3.6295804871e-02
-4.0356837620e-03
1.6373910953e-02
-1.2532637903e-02
-3.5258506170e-02
2.1313051339e-02
-9.2101259558e-03
2.9955265572e-03
1.5636551942e-03
5.5394034992e-03
1.1043649822e-02
1.9762963850e-02
-6.2653086837e-03
-2.4803901800e-02
4.5038848938e-02
4.6760548927e-02
1.0895122679e-03
1.7677377357e-02
3.9700456684e-02
-1.3392049444e-02
-2.3266849580e-02
-1.1192735482e-02
-7.7310534847e-03
-8.4214511663e-03
-4.7031852194e-04
-3.0345585083e-02
-8.0992751034e-03
-7.9861989946e-03
4.5431705136e-03
1.3152324057e-02
2.9753251371e-03
2.7940629443e-02
3.3086082586e-02
7.9673582179e-03
1.5928443648e-02
-1.3694437807e-02
1.2251404743e-03
-3.3519344630e-03
-1.2047812695e-02
3.2605576184e-02
-1.4008107065e-02
-6.2510360722e-03
-1.6061272685e-02
4.0627469724e-03
1.6098126025e-02
2.0437854399e-02
-1.3006155489e-02
-1.0081923929e-02
-9.0791532455e-03
4.9368532524e-02
2.6986945821e-03
-9.4646300225e-03
-8.3741074727e-03
-4.9441154001e-03
4.4480830558e-02
1.6892725206e-02
3.6207098207e-02
1.4018996067e-02
5.0722022579e-03
3.0549494202e-02
-2.3767268572e-02
6.0348156834e-02
-2.0725651374e-02
-2.5101482294e-02
-1.2412856023e-03
5.2615122839e-03
-2.3185328243e-02
5.3312619797e-03
-9.0299702829e-03
2.5684161700e-03
1.2040744503e-02
-1.7118890290e-02
5.5904835809e-02
6.4100558246e-04
5.4452600605e-02
-1.0329796296e-02
6.1886101682e-02
4.2402832230e-03
-2.6835271959e-02
-2.4647436850e-02
-4.4363879224e-03
-4.0477565911e-03
2.1595767371e-02
1.5098944415e-02
-1.5776847441e-02
-1.9445283004e-02
4.7593041347e-04
-9.8352354496e-03
-1.2604651049e-03
1.6036466001e-02
5.1907339089e-02
3.1363107094e-02
-1.9129080209e-02
4.5730456239e-02
-5.8952928906e-03
-1.2091757814e-02
-9.8087533280e-04
3.4603555923e-02
-6.7487638594e-03
-2.5737784410e-02
-2.0819680460e-04
-9.3925143941e-03
-1.2844100952e-02
-2.3770678190e-02
-2.5425524037e-02
-7.4078385953e-03
9.2127028035e-02
-1.7947599856e-03
2.2739003372e-03
6.7613193316e-04
-2.2775129523e-02
-2.5906503872e-02
-2.4059693400e-02
-1.7720009553e-02
7.0942395843e-03
-2.4254559737e-02
-2.8764081914e-02
-1.1290967038e-02
-1.0319113496e-02
8.7179169651e-03
-8.1849082120e-03
6.0477816436e-03
-1.1580394565e-02
2.7419012271e-03
8.6717089673e-03
3.8407352153e-02
-7.9270431365e-03
-2.2364091110e-02
-2.6793404713e-02
-1.4540967000e-02
-2.3811334733e-03
1.2863493381e-02
2.0453346339e-02
-3.0870481950e-02
7.4019445477e-03
9.8463115618e-03
1.1989815428e-02
-2.7063615681e-02
-2.7756019150e-02
-2.1541941756e-02
-1.2801170689e-02
-4.4922403308e-03
5.3716029340e-02
5.8300788747e-03
1.6668535584e-02
-1.6696769412e-02
1.2615910044e-03
-1.1606555925e-02
2.3251886675e-02
-4.3397148708e-03
2.0003878651e-02
1.9658474880e-02
3.9196498205e-03
-2.0955769662e-02
-1.5548486526e-02
-2.3089360063e-02
7.7869478494e-03
6.2925417518e-03
1.0428172370e-02
8.4010239054e-02
7.7345743039e-03
-1.7620228174e-03
4.3821727243e-02
-1.3405271207e-02
-6.9186956585e-03
-2.5978538070e-02
2.1939902179e-02
-8.1162455125e-03
6.3885665900e-03
-1.7090991884e-03
-1.6810369814e-02
2.6553834467e-03
-1.0465236209e-03
2.2158031144e-02
4.3815607138e-03
7.8524190833e-03
-8.3788536707e-03
-2.9825596549e-03
1.6222775203e-02
-1.7287006624e-02
-1.1913553292e-02
-7.0047828987e-03
-7.6371800771e-03
-1.6496574270e-02
5.5419387104e-02
-7.7609608389e-03
-2.7432348426e-02
8.8855799721e-04
-6.0728315366e-03
-1.6712415471e-03
-4.4618499589e-03
1.0994341809e-01
-2.4006290398e-02
4.5405021198e-02
1.8585628389e-02
-1.9926346788e-02
2.6032248368e-02
2.8271572694e-02
-8.9720222016e-03
1.4077076707e-02
5.9242795265e-03
-7.2334849057e-03
8.3851877215e-03
2.4762785283e-03
1.1432981744e-02
-1.0912945849e-02
-4.6007887622e-03
-1.1225993625e-02
-1.6150926863e-02
-7.3050279925e-03
-2.6503423488e-02
-8.8970621714e-03
1.1255480772e-02
3.3044709530e-02
1.0278066168e-02
-7.0116841441e-03
1.5861028749e-02
-1.9385342239e-02
-2.9527251748e-04
-1.6182324429e-02
2.6460749858e-02
1.0389942836e-02
-1.6782502179e-02
-1.7983579217e-02
1.1974243628e-02
-3.8929458754e-04
1.0400600001e-02
-1.1377000738e-02
1.2314024539e-02
-2.4139030770e-02
-2.5111466368e-02
7.1148179868e-03
-1.8693155520e-02
-1.2328347628e-02
-1.8134990917e-02
-1.5555652399e-03
-1.2177752552e-02
-1.9880618653e-02
1.5237509048e-02
-3.2269605029e-03
-2.1198334439e-03
4.7384398978e-03
-2.4137053671e-02
1.1831449453e-03
-1.7378572868e-02
-1.0322582757e-02
5.3690500910e-03
3.0646616327e-02
5.6472763721e-02
-4.7056045284e-03
-2.4631426827e-02
3.1542623756e-02
-3.3563439194e-02
-7.3447767071e-03
7.2510149262e-04
-1.9456446124e-02
2.1281078698e-02
-2.6505214805e-02
-2.6605524905e-02
3.8378996362e-02
-2.0651843211e-02
-1.0207878565e-02
-4.0247403817e-03
-2.5929473594e-02
5.5333161062e-02
2.2397714529e-02
2.7564595400e-02
4.1638381510e-02
3.3221570858e-03
-5.6271961803e-03
3.8558723699e-02
-2.4525876197e-02
3.2080096715e-02
7.6341567276e-03
-2.2329759259e-02
-2.5401606057e-02
-1.0893396826e-02
6.4685979584e-03
2.1624547983e-02
1.7528504674e-03
6.5781782622e-03
4.8240682745e-02
3.8862181031e-03
-5.8731619900e-03
-2.0630590621e-02
1.4621221904e-02
-2.6131444883e-02
-7.7350998671e-04
-1.2748591289e-02
-4.7765658830e-03
2.1901240928e-02
-2.5413440424e-03
2.9576985514e-03
-2.3685465603e-02
-2.7751740371e-02
-1.2705173552e-02
1.7520388571e-02
4.7189185601e-02
-2.8866011820e-02
2.3872467253e-03
3.9557617732e-02
4.6004686988e-02
1.9218726593e-03
2.3246653201e-02
1.7030482361e-02
-1.3231772375e-02
-3.7147024192e-03
-3.6358212800e-02
-2.4426316271e-02
3.9327487660e-02
-1.0747607981e-02
2.6571074599e-02
2.7012942001e-02
2.1524887425e-02
-6.7423230506e-03
4.7413021819e-02
-1.6181466182e-02
1.7768543701e-02
3.5563604429e-03
2.3098960827e-02
2.8215313852e-02
2.9575297460e-02
1.1359596096e-02
-2.0065085301e-02
-1.0568594655e-02
-8.1068851209e-03
-2.5879282553e-02
-9.1038507379e-03
-4.7133434236e-03
5.7534468186e-02
-2.3611107083e-02
-1.5976273909e-02
1.4323328600e-02
4.9927142665e-02
-1.0733886890e-02
-1.7868926515e-02
-3.7060394602e-03
-1.5537311549e-02
1.3532586592e-02
-4.2019892518e-03
-9.9162756507e-03
1.5133378945e-03
-7.9476063177e-03
1.5177271267e-02
1.8960768196e-02
-1.4368081067e-02
2.4647026153e-02
3.0222901120e-02
1.5329635058e-02
1.4601625566e-02
2.2837462277e-03
-2.3783890325e-02
-1.7697445824e-02
-6.1172984559e-03
-9.4737281310e-03
-1.7880440494e-02
-5.6794252552e-03
-2.1427017136e-02
3.1962250625e-02
-2.0645239165e-03
6.2671581997e-02
-2.7948767013e-03
-1.7434104425e-02
9.5526148952e-03
-9.6295390967e-03
-4.5755041728e-03
9.7435530903e-04
-1.7702845534e-02
2.8461058082e-02
-3.0932885342e-02
3.4672374701e-03
3.0888215010e-02
-2.6605108360e-02
-2.1874706993e-02
-1.4379526640e-02
1.3666838024e-02
-2.8426282876e-03
-1.0986148463e-02
4.4093553921e-03
6.4987107222e-04
-2.2077757344e-02
-1.4689949955e-02
2.2826096082e-03
2.0458662059e-04
1.1369794820e-02
2.1716177520e-03
1.0381553982e-02
4.0581956965e-02
-5.9798639891e-05
2.2904510593e-02
-2.4063086045e-02
-1.4797489029e-02
-9.8684123132e-03
-1.4040686424e-02
-3.0102637570e-02
-2.4475414726e-02
1.0187628991e-03
4.1393616267e-03
-6.0437494446e-03
2.7626179088e-03
3.7713062614e-02
-2.4227943260e-02
-1.8016987015e-02
-6.4557634121e-03
-4.7395913975e-03
-6.6863375888e-03
-8.8100989793e-03
-2.8365843241e-02
-8.0298024174e-03
7.9057836817e-03
1.6389479916e-02
-4.0032779545e-03
2.4621374809e-02
8.1615272284e-03
2.9415753082e-02
-2.8079645671e-02
-6.1383721450e-03
3.1443012899e-02
3.8031011373e-03
-2.1972860783e-02
-2.1629686282e-02
3.3791218166e-02
4.7410514634e-02
3.5234707193e-02
1.2777136424e-02
6.1405857624e-02
8.4442781524e-03
-1.1500491448e-02
7.2258467578e-03
4.0028000274e-03
-2.7166807752e-02
-7.5796124204e-03
3.9595958207e-03
-1.4161617302e-02
3.5462028286e-02
-5.1341088743e-04
-3.6198716812e-03
-1.5807993783e-02
-1.9987083457e-02
-1.8899434232e-02
-3.7107534839e-04
8.5506789597e-03
-1.3744759895e-02
-6.1242881670e-03
2.2778189000e-02
3.9931008322e-02
1.9386108287e-02
8.7551333620e-03
1.2062563402e-02
-4.0560508619e-05
-1.9946419210e-02
-1.9696592611e-02
-2.2101833110e-02
-4.0130049742e-03
2.5556456823e-02
-4.9912242254e-03
4.5463800620e-03
-7.3559426065e-03
-1.8424675497e-02
2.8451251850e-02
3.1290653668e-03
-2.0000386161e-02
-6.8581735893e-03
2.0844906615e-02
-1.0325433995e-02
-1.8848006819e-02
8.3080272882e-03
-3.6532049335e-05
-1.2797224944e-02
1.3824201010e-02
-9.5285766831e-03
9.1589098187e-03
3.3904452893e-02
-2.0837760647e-02
5.0417889893e-02
2.9965092787e-02
1.1342593710e-02
-9.2353212252e-03
7.0650830761e-02
-2.1509400408e-02
9.6071401946e-03
3.6656432395e-02
-1.7654084141e-02
3.8571160082e-02
4.7961474542e-02
-4.7843805020e-03
-2.2751446540e-02
-2.2650404910e-02
1.5498259830e-03
-1.4783911319e-02
3.9033512727e-02
-2.5772975973e-02
-2.1414681758e-02
3.6286726181e-02
7.4625877076e-03
-1.2968948376e-02
5.0760542079e-03
3.4012594873e-04
-6.5917269554e-03
9.8930050373e-03
-6.7783560612e-03
2.9016639562e-02
1.0787336533e-03
-5.5507207012e-03
4.1266272179e-03
-1.4609922579e-02
7.0274709734e-04
1.7965159903e-02
-4.5017158187e-03
1.9270201809e-02
-2.2670641341e-02
-4.9861296081e-03
3.1411353042e-02
-1.0169588811e-02
-8.8861904051e-03
1.1871562903e-03
-8.0476749490e-03
-1.3113085764e-02
2.0286100334e-02
-2.6772551708e-02
-1.7453886185e-02
1.2065914155e-02
-3.1201142028e-02
2.6565386071e-02
-2.4825018486e-03
1.1182657745e-02
-2.6007807219e-02
-5.5136845987e-03
-9.5709294372e-04
-1.4244050130e-02
6.6587528533e-03
-2.9976165087e-03
-1.6038026123e-02
-1.5172643326e-02
2.9720946185e-03
-6.8714404033e-03
-1.2048833531e-02
2.9736778544e-02
1.6530029981e-02
-7.0422898081e-03
3.9548587550e-02
-2.5352834876e-02
-2.1267648629e-02
-1.7135339055e-02
1.2556649782e-02
2.2770270389e-02
1.3904235528e-02
-1.0345378342e-02
-7.5859868880e-04
-6.0191965133e-04
-2.5818466287e-02
-9.6829453111e-03
-2.8499995453e-02
1.0890232978e-02
-3.3055177571e-02
-1.8448293277e-02
-6.9376160742e-03
3.4428580964e-02
-1.1445896188e-02
-1.9143660815e-02
-2.2087317197e-02
2.6002650787e-02
8.6433264182e-03
1.3790561722e-02
1.1813465476e-02
-2.9839345850e-03
6.8025052527e-03
-8.8865055313e-03
-2.2525213882e-02
-1.2632114998e-02
1.3851702751e-02
4.9915091676e-02
-2.7642465135e-02
-1.6984486478e-02
-2.4407734470e-02
-3.3529934188e-02
1.9653507171e-02
-1.0714459434e-02
-1.7362894377e-02
-1.1722846111e-02
-1.6283088920e-02
1.5701709283e-03
4.9928170098e-03
9.5990500049e-04
6.8000966753e-04
7.0680627755e-03
3.2608193600e-02
-9.7253679401e-03
1.1080349112e-02
-1.8169813505e-02
-1.9888616158e-02
1.1778638657e-02
1.1588601252e-02
-1.2868606386e-02
2.6728977004e-03
-5.2869528846e-03
1.0572862230e-02
-1.9255253467e-02
9.7687127406e-03
1.8066013232e-02
4.3261665554e-03
-2.1905660192e-02
1.3370945136e-02
-1.9463861612e-02
1.5628373462e-02
1.4915811282e-02
-1.0183002822e-02
6.6637906754e-02
3.0839961780e-02
4.2548454176e-02
-2.0858729100e-02
1.1393091725e-02
1.4990427107e-02
-1.9360396848e-02
-1.6778787325e-02
7.0632357859e-02
1.4109031045e-02
1.1963854553e-02
3.9882710083e-02
1.2953274534e-02
-1.4017691042e-03
-3.6254670635e-02
-2.8009162042e-03
-1.8550160440e-03
2.2522001977e-03
3.0737817167e-02
-4.5788105556e-03
-1.7941065738e-02
-1.2488019015e-02
-1.3560506719e-02
-3.4035532968e-03
1.9192681557e-02
-1.4443871649e-02
-2.9892544649e-03
5.8930771612e-03
-3.3287984867e-03
4.0222015079e-03
3.7306057355e-02
4.6606442403e-02
-9.8759213097e-03
-7.2852293353e-03
-8.6260766679e-03
-3.3280808469e-04
-2.1001487747e-03
4.1396390003e-02
-1.8674812152e-02
9.3786146235e-04
1.0365993507e-03
-5.6016461425e-03
-6.6990201141e-03
-1.7901502611e-03
-7.8655166347e-03
1.4724013638e-03
-3.3385387148e-02
1.2556437048e-02
4.4098938842e-02
-9.2442325122e-03
-9.8727448848e-03
1.2590137031e-02
-2.2540669307e-02
-2.0150673657e-02
3.6762862362e-03
-2.9311723579e-02
3.0887415233e-02
-1.1528309962e-02
2.4918522335e-02
-4.1516003889e-04
6.6521669883e-03
-1.8178445194e-02
-2.7427104925e-02
-6.0500387286e-03
-1.6959661590e-03
-1.1219048763e-03
-1.4247098171e-02
9.5952121332e-03
-1.9171532703e-02
-2.0196727904e-02
1.6865195626e-02
2.2939289620e-02
-8.5185480935e-03
9.4886001741e-03
1.1109848368e-02
-1.6077360126e-02
4.6962571841e-02
2.2460519907e-02
5.2822084582e-03
5.7080474392e-02
3.9445210011e-02
4.5616462322e-03
3.9784850854e-02
1.5463854587e-02
-1.2584367623e-02
2.3067303811e-02
-3.0332884558e-02
-6.0525279765e-03
-8.9477343966e-03
-3.8478782866e-03
-1.0608802658e-02
1.3550950781e-02
-2.2265683403e-02
-1.9791417660e-02
1.3306602675e-02
9.0942514107e-03
3.3893680472e-02
1.4854568763e-02
-3.3827716052e-03
3.6536016083e-02
-2.2818053036e-02
-3.4318241413e-02
1.0627293144e-02
-2.8721586917e-02
-1.2001985749e-02
1.4958808704e-02
9.5919650455e-02
1.3565198268e-04
3.2405794713e-03
-3.3561318184e-02
-2.2987121711e-03
-3.3285643739e-02
4.1777153733e-02
1.4191085539e-02
-1.7306911171e-02
-1.1073315742e-02
3.7298878872e-03
2.2559505456e-02
-2.1262641457e-03
4.7661337156e-02
-5.3955936592e-03
-7.2905272155e-03
-1.4009587822e-03
-6.2721736756e-03
-4.8212767085e-03
-4.0459000152e-03
-3.6018155937e-03
-2.1028834083e-02
-7.7741179007e-04
-1.6082532545e-02
-3.4974492670e-03
3.3489797691e-02
3.9281123087e-02
-4.9449038328e-03
-1.8740356318e-03
1.2016844397e-02
4.2806942376e-03
-1.8731050202e-03
-1.3563989210e-03
-1.6359216763e-02
4.3692031634e-02
2.6029957422e-02
-2.5785777928e-03
1.2058074885e-02
1.6277553583e-02
6.9061703207e-03
-8.9893083650e-03
2.0734673954e-02
-1.5509650354e-02
-2.2430087119e-02
-2.4618268062e-03
1.2854722081e-02
1.7464764061e-02
4.1878193186e-03
-1.0128029861e-02
-2.0367852654e-02
4.5773868357e-03
-7.7527367984e-03
9.8615344340e-03
2.3906238802e-02
-2.2011387085e-03
-3.8363068917e-03
-1.6092689183e-02
-2.4676216997e-02
1.3799815793e-02
5.7333526932e-03
-2.6807217639e-02
-1.2844525208e-02
-3.0208061996e-03
-1.8000029636e-02
2.2425007981e-02
6.7864407929e-03
2.0907496349e-03
-5.8294175678e-03
-2.6614164604e-02
2.3320620978e-02
9.0294111076e-03
-1.1111730849e-03
1.5072919279e-02
1.5780544257e-02
-6.6269663791e-03
-2.2351431401e-02
-1.5613030103e-02
-2.8533148250e-02
-1.5542421933e-02
1.1281759651e-02
-2.1862580218e-02
2.2728048910e-02
-5.1641214104e-03
6.2186829231e-03
-1.1979966859e-02
1.0901074625e-02
-2.7545038449e-02
-2.1634372367e-02
-2.7001941117e-02
-2.8985100738e-02
-2.6044950205e-02
2.0217170539e-02
1.9673963727e-02
-1.3779812912e-02
4.8165280170e-02
9.0490227143e-03
1.0077221852e-02
-1.7472097425e-02
-9.2016028709e-03
6.6708560296e-03
1.0997230136e-02
1.3067446173e-02
-5.7412758656e-03
-1.9137881142e-02
4.7335896325e-03
3.9590712392e-02
2.8047776573e-02
-1.8802062344e-02
1.2407011206e-02
-3.1155161563e-02
-8.5275667426e-03
-6.1835281788e-03
6.8695761167e-03
1.6058755715e-02
4.6868814255e-02
-2.8407372405e-03
2.2572171250e-03
6.4810799636e-03
-2.4090083480e-03
3.3291265750e-03
-2.6968134463e-02
1.1712929640e-03
-3.7061885215e-03
-3.0791644602e-02
1.2601451222e-02
1.0588801950e-02
-2.1687863646e-02
7.5283473677e-03
-3.0159766220e-03
-9.2648669043e-03
-2.0164549792e-04
-2.1499226684e-03
-1.0448243711e-03
-2.7336628226e-02
1.8841352095e-02
-8.0046952477e-03
-2.4341102935e-02
5.3679489837e-03
-2.8137808406e-02
-1.3133873109e-02
6.9650780625e-03
2.9254182051e-03
1.0156760365e-02
-9.9563709964e-03
-9.9741854352e-03
3.4365610336e-03
1.0385728298e-02
-3.3326374605e-03
-1.8258286870e-03
9.3275342944e-03
7.5600887620e-03
-2.3668863152e-03
-2.0635059570e-02
6.3354179236e-03
5.1454359312e-03
-1.5081428923e-02
-1.6530958119e-02
5.9174407254e-02
-3.7772858438e-02
2.7289980460e-02
-2.7355309402e-02
-2.4507535461e-02
-1.1217209914e-02
-8.5078907272e-03
-1.4377799220e-02
-9.0953933766e-03
6.3936802566e-03
8.6394117114e-03
-1.0430956856e-02
1.8277016053e-02
3.0279624474e-02
-1.1154528737e-02
5.1239622060e-02
-7.5896317775e-03
-1.2156017791e-02
-7.1037577567e-03
2.2156870452e-03
-1.0449713349e-02
2.4226498647e-03
-1.6873147329e-02
-1.0484043444e-02
-1.2610446802e-02
-1.8136574812e-02
4.5479879749e-02
-2.0629397391e-03
-2.6528310565e-02
-3.7943386027e-03
-5.9185204400e-04
7.7015211991e-03
1.7846939587e-02
7.8148625956e-03
7.5441278384e-03
2.8061491188e-02
-1.3458263740e-02
-2.3869588333e-02
4.1598344341e-02
-1.4770335872e-02
-1.3451631768e-02
-1.6010758675e-02
-2.4624146139e-02
-1.9570643287e-02
-1.4586098468e-02
-2.2107965698e-03
3.4048996773e-02
1.5881176801e-02
-1.9751790554e-03
-1.0202698885e-02
-7.0118043757e-03
1.7057226156e-02
7.0210281331e-03
9.0047644111e-03
2.1839510825e-02
4.2602963438e-03
-2.3663665017e-02
-2.1208733861e-02
9.0254679666e-03
5.5315021410e-02
2.5845672925e-02
-3.8845658615e-03
-2.0548206748e-02
-1.0975774905e-02
-7.3756862959e-03
1.1636590206e-02
-1.1709389429e-02
-1.5320986881e-02
1.6854636808e-03
-2.3022026098e-02
-1.0389782074e-02
1.0619454389e-02
2.7916206738e-03
5.5575662331e-03
-2.0755675386e-02
-8.3192445633e-03
2.1452809173e-03
2.2435838683e-02
-3.8523528375e-02
-1.9968176773e-02
-6.9667480397e-03
-5.4046618530e-03
1.8380769940e-02
-3.0458928892e-02
-1.0596783249e-03
2.8403434805e-02
2.8524453054e-02
9.9181237175e-03
-1.8323197663e-02
7.0629798555e-02
5.7980335788e-03
-2.3173020563e-02
1.4739459504e-03
-1.5008738161e-02
-1.4336595278e-02
-3.4324255606e-03
1.5418021506e-03
7.2159035623e-03
1.0328734446e-03
-3.3828666882e-03
-7.5169191979e-03
9.9878884667e-03
-2.4453250799e-02
-1.0282181485e-02
-2.3884132910e-02
1.0850118704e-02
-1.6544145957e-02
-5.9468700302e-03
6.8047178853e-03
-2.5639939268e-02
6.1833354079e-04
1.6461299732e-02
-1.4249268444e-02
1.3416643528e-02
1.8725680277e-02
5.2162968309e-02
-2.4863008583e-02
-1.0766864952e-02
-2.4546201010e-02
3.2064354894e-02
1.2939287872e-02
-1.1708800104e-02
1.7028238854e-02
2.7432752919e-02
-1.8168079897e-02
-8.8459164698e-03
1.3797427929e-02
-7.0961685004e-03
3.8674807209e-02
-1.4715128316e-02
1.6391951490e-02
-2.9027721168e-02
4.0619836554e-03
-1.6008731048e-02
-2.5500650460e-02
1.1306278808e-04
-1.9209654866e-02
-1.0185237355e-02
1.7590826080e-02
-2.5199366894e-02
-4.0307574254e-03
-2.7572211325e-02
-1.7633378122e-03
-3.1709693250e-02
3.3733154911e-02
-2.2353335689e-02
-2.9803415256e-02
1.7879573630e-02
1.1174835126e-02
-6.7822696701e-03
4.0231018877e-02
-3.0999284104e-03
-8.9230229036e-03
5.7524763354e-03
4.6789269675e-03
3.7887347616e-02
-5.0039872933e-03
3.3379506551e-02
1.3503716859e-02
3.7986029867e-02
-1.9757265186e-02
-6.8018231801e-03
-8.8139252813e-03
7.1913537841e-02
1.1104512064e-02
1.5308733451e-02
-2.0190311508e-02
-2.7191007063e-02
-2.1939498538e-02
-2.1033010159e-02
2.2162979608e-02
-2.7112734423e-02
1.6669773131e-02
-2.2345135979e-02
2.8930312800e-02
-2.9378319077e-02
-6.0171576866e-03
7.0029950636e-04
-1.5023907364e-02
-1.7175365797e-02
-1.4168401721e-04
-2.5733954409e-02
-2.3047088830e-02
1.2735770115e-02
-3.1793050870e-04
-2.2691756881e-02
-1.4365690263e-02
-1.6444834404e-02
4.6887684625e-03
-7.9664879552e-03
-3.0949885076e-02
-1.1332806611e-02
-7.8701231803e-03
1.1323409911e-02
1.1465556599e-02
-1.2505752885e-02
-1.9298512389e-02
-4.3462994236e-03
-2.6208698435e-03
-1.6182845049e-02
6.6580777236e-03
-2.2435921516e-02
2.7004831663e-02
-2.6512050218e-02
-1.4126852459e-02
-2.9877429606e-02
1.6915969900e-02
2.0668573213e-02
3.7097280804e-03
-6.1581436099e-03
1.7210249976e-02
-8.4298221272e-03
3.9988858482e-03
4.3878270726e-04
3.3562362519e-02
-4.4531629617e-03
-2.6709318707e-02
2.5313247504e-03
2.2577528705e-02
-1.8244297041e-02
3.7658002266e-02
1.3007815653e-02
-2.0801471461e-02
-8.1545135108e-03
2.9221415586e-02
2.6888625251e-03
1.2136820714e-02
1.0149886706e-02
-1.4840368954e-02
1.1078612245e-02
-1.5533969440e-02
-1.6181280203e-02
-1.2547762343e-02
1.7481241509e-02
5.1615734724e-03
-2.5184863842e-02
2.5853102314e-02
-9.1167755198e-03
-4.2173748237e-02
4.7107629459e-03
6.0473331426e-03
-1.6939243401e-02
-4.7857841202e-03
-3.4167892213e-02
2.9103769060e-02
-7.4969315030e-03
-2.1298198616e-03
-1.7610233515e-03
-2.1313050914e-02
1.5041248613e-02
-2.6294231070e-02
1.1745506234e-02
1.8824680988e-02
-7.4181664157e-03
1.2420673680e-02
7.4462819827e-03
-2.4437794225e-02
2.2714149819e-02
-9.4071476062e-03
1.1597850570e-03
5.4993677988e-02
-1.7528961270e-02
-1.9742883742e-02
-9.8731278937e-04
7.0984241022e-03
7.5624579933e-03
-2.5327966310e-02
2.1724862799e-02
4.5512933125e-02
-1.1067032302e-02
-4.7324825857e-03
1.0742622683e-02
-1.1136248941e-02
1.2182302755e-02
2.0717864519e-02
-2.3554374543e-03
2.9904739518e-02
-4.6286921820e-03
4.8258618119e-03
2.5165088386e-02
-1.6798771648e-02
-3.2520823989e-02
-2.3764794495e-02
7.8594038398e-02
-2.0045140211e-02
-1.5268018358e-03
-1.7653375279e-02
1.1819654449e-01
-1.0577264197e-02
-1.4059136797e-03
3.5935853238e-02
5.4510034380e-03
7.0017538526e-03
4.9057435385e-03
1.2468616372e-03
-2.1647506760e-02
-8.6812646879e-03
5.2280235929e-03
-2.4545564077e-03
-9.9515798425e-03
-9.5860203221e-03
4.2755289872e-02
-1.0167533233e-02
1.5481231982e-02
-1.4964410743e-02
-1.4432069427e-02
-8.7701679533e-03
2.9495261327e-03
1.4881089073e-02
9.5090212351e-03
3.3363861429e-02
-9.6315211596e-03
1.2776430122e-03
-1.2637790479e-02
7.1407286551e-03
1.3728915841e-02
-2.1112672648e-03
-1.2063951177e-02
-6.8914664703e-03
-2.3996720934e-02
1.3645878465e-02
5.3158008610e-03
-3.9088875211e-03
1.8950391793e-02
-8.9305624208e-04
-2.2147825750e-02
9.9285701238e-03
2.0913307702e-02
-2.1443016956e-02
-1.1546337627e-04
-2.6921377695e-02
-3.6977168472e-02
-1.5105996312e-02
9.0957645291e-02
1.7052396054e-03
2.4133258867e-02
-7.3051165168e-03
3.0170635459e-03
-1.0133628120e-02
1.0082119102e-02
-1.8847609777e-02
2.3761001371e-02
-2.1686555958e-02
2.8566587409e-03
6.6312458518e-04
2.0296568318e-02
5.4580577038e-03
-2.8486240612e-02
7.9664223965e-03
-2.7467228783e-02
-5.9847262746e-03
-1.1944978297e-02
1.8440729999e-02
2.3109444108e-02
-1.9717610982e-02
6.0477368004e-02
-1.3304900742e-05
1.1897401413e-03
-2.1489553537e-02
-6.9642789219e-03
-2.6455484112e-02
-5.9161353006e-03
-3.2144200865e-04
-1.2665449411e-03
-1.6341070244e-02
3.8399726587e-03
2.1903633965e-02
-2.0822082900e-02
-5.8178694791e-04
5.9451919266e-02
-3.5336172301e-03
3.1162463762e-02
-1.6019656755e-03
-1.4227994133e-02
-1.5006446983e-02
-1.5111194091e-02
-3.7352466141e-03
-1.2388991755e-02
-1.9720236657e-02
-2.1744308283e-02
-1.1757975943e-02
-2.9353670907e-05
4.6812066204e-02
-1.9416877499e-02
3.8504986798e-03
-2.5786320120e-03
-1.0877520707e-02
-8.6453361231e-03
2.4261908217e-02
-7.1271007354e-04
6.6856672545e-03
-1.7850454826e-02
-9.0856602475e-03
6.3747890071e-04
1.9971857392e-02
5.4489086797e-02
-1.7599979503e-02
3.8266410686e-03
-2.1125776146e-02
4.6071108979e-03
1.1282726255e-02
-1.8312578433e-02
8.0393962577e-03
-1.5397057593e-02
3.2263680667e-04
-3.1000835580e-04
1.6525771085e-03
-2.4267568512e-02
-1.0018298658e-02
-5.0986592159e-03
-2.8766348471e-02
-5.1342572306e-03
-9.3318702100e-03
-1.3425228953e-02
6.5917571771e-03
2.9418630623e-02
-1.8106312308e-02
-5.5030793973e-03
4.7690852095e-03
-6.4595823236e-03
4.3717624672e-03
3.3636189041e-02
3.7931375842e-02
-5.5164047165e-03
-1.1270280203e-02
1.1247214396e-02
2.5770182086e-02
-1.3907325116e-04
5.5250172642e-02
-1.9202643277e-02
1.1083792476e-02
-4.2696140600e-03
1.5127983981e-04
-1.6980230722e-02
3.4412909060e-02
-2.2167168087e-02
-2.0695889055e-03
-1.9834117255e-02
-6.1262801006e-03
-2.8021095785e-03
1.2376669954e-02
-9.6471123982e-04
-5.8043338398e-03
4.2094558128e-02
-1.3623845684e-03
-1.1173793066e-02
-2.6293188453e-02
1.8238565485e-02
-1.5748778280e-02
-2.7237210091e-02
1.4988482130e-02
-1.3365017277e-02
3.8878883400e-02
-2.3765791838e-02
-2.3141617483e-02
6.9457457682e-02
-1.0406204821e-02
-6.1862055459e-03
-2.2099903835e-02
8.4708888267e-03
-1.1090852480e-03
2.4399955115e-03
-1.2375602120e-02
2.9455265045e-04
4.8217250637e-03
2.0952115467e-02
4.8971109857e-03
7.7498747619e-04
-2.4467065422e-02
2.5379216479e-02
5.4428639602e-02
-1.4157757314e-02
-6.6931337596e-03
6.7717473692e-03
5.9454451267e-03
-1.1196499741e-02
5.6175263342e-03
-1.7820540886e-02
1.2255057655e-02
-1.7525012025e-02
-3.1295555759e-02
3.0136426498e-02
3.9354373831e-02
1.0501738762e-02
-3.2331688589e-03
7.7051386323e-03
-1.9001032198e-02
-3.7953327718e-04
-1.8529554818e-02
5.0319315604e-03
-2.7979106778e-02
1.5554381437e-02
-5.3372588540e-03
-2.4178845992e-02
-6.2856397991e-04
2.0121985253e-02
2.2142258936e-04
2.6840116071e-02
6.4644450498e-03
6.2689946746e-04
-9.2678839812e-03
3.1534979819e-02
2.7746770287e-02
-1.8412081099e-02
5.6853042715e-03
-2.2307770331e-02
2.8508397837e-02
9.3782007575e-03
2.3292975923e-02
3.4742378993e-02
3.6201345184e-03
1.4112070124e-02
5.2065504151e-03
1.6768809149e-02
-1.7406205714e-02
-1.8798348127e-02
-1.6442110375e-02
-9.2113646896e-03
2.2881334299e-02
1.4761959688e-02
1.9255217059e-02
1.1096941317e-02
-8.1420596173e-03
-9.9741944207e-03
1.2100841530e-02
8.0293700672e-03
1.0409117127e-02
4.1198580048e-02
1.0928420199e-02
1.0338945477e-02
1.6668594383e-02
-6.9467443908e-03
1.5576480829e-03
8.6166635441e-03
1.1786127420e-02
-1.2659390723e-02
2.2836828526e-02
2.9816340331e-03
-2.3395951604e-02
-2.9845038326e-02
-2.5028808551e-02
-1.9627005640e-02
1.7226097426e-02
-2.7218794966e-02
-2.1610478711e-02
-2.7689643137e-03
7.0563249077e-03
-2.2021851485e-02
-4.8188042836e-03
2.0062881954e-02
-1.4142176819e-02
1.4088298236e-02
7.0257274094e-03
-1.8239071861e-03
-1.4092697281e-02
-7.5999365361e-03
6.2380329677e-03
-1.6959806963e-02
2.8999901121e-02
-1.7542923352e-02
1.9718117356e-02
8.4003929141e-03
2.1316635758e-02
1.6197313844e-02
-2.2855787681e-02
1.7089207709e-02
-1.3339805633e-04
1.3446612171e-02
2.0411181749e-02
-1.2493053808e-02
5.1712095366e-03
2.5908478604e-02
4.9034599803e-03
-7.1796369586e-03
1.7781190760e-02
2.6345511582e-02
-1.8981208932e-04
1.4676836172e-02
4.3780772777e-02
-2.4382660878e-02
4.3729630025e-04
-3.6718491588e-03
4.9238918584e-03
8.0114801215e-03
-7.8880733794e-03
-1.2497075744e-02
3.4012215578e-03
-2.0531678579e-02
-2.2937968989e-02
7.6394462153e-03
-1.7649804575e-02
9.1781189430e-03
3.1746337794e-02
1.7628163641e-02
3.2745150532e-02
1.2570162498e-02
-2.0269617644e-02
1.1891504901e-02
1.5268073521e-02
-1.9305601946e-03
-6.2129757860e-03
1.7738497825e-02
-7.9865383831e-03
-1.3933550989e-02
-7.7922510191e-04
2.4734041902e-02
-2.0708127918e-02
1.0976474916e-02
-1.4874033439e-02
-4.4411261191e-03
-1.9342318463e-02
-2.7707166735e-02
3.1609723521e-02
-5.6338746529e-03
9.5462068131e-04
1.8512254346e-03
-1.1546828506e-02
4.0310604545e-02
8.2213821442e-03
5.4958234950e-04
-5.9215387266e-03
-1.9805784602e-02
-2.2725428073e-02
2.3644186687e-02
-6.7377041187e-03
8.5166519077e-03
-3.4451611174e-02
-4.5833861554e-03
-4.4870515493e-03
-3.2460775619e-02
2.7633972123e-02
1.7452001301e-02
-6.3768599636e-03
-8.0828892331e-03
-9.4429182862e-03
-1.6492931691e-02
-1.0664858348e-02
1.5155026121e-02
-1.0765522411e-02
2.4428699270e-02
3.1267330914e-02
-4.1582155581e-03
-1.2981083675e-02
4.1974109946e-02
-1.9114890154e-02
3.2151893176e-03
-3.2584708955e-02
-1.7758216445e-02
3.5272814145e-02
1.9197314157e-02
-3.8473573578e-03
-2.4194614063e-02
1.3072900161e-02
1.0633713342e-02
1.0292987737e-02
-2.7705798959e-02
1.8806295129e-02
4.9710638663e-03
-1.1999652850e-03
-1.1619501719e-02
5.5925062881e-03
-1.1657042629e-02
1.4263597729e-03
-2.2814611617e-02
-6.3566379038e-03
-1.5951603921e-02
1.3426939812e-02
2.0991760420e-02
7.8065766322e-03
-2.4475475151e-02
-2.1883419945e-02
3.2350079862e-02
1.5452092598e-02
4.1356092577e-02
-4.2307884834e-03
-9.0421730178e-03
-2.8514359076e-02
-1.4329526087e-02
-9.9427004024e-03
-1.3822391322e-02
5.0821854132e-03
-5.4453596511e-03
1.2491559471e-02
-1.8569352682e-02
-8.9403491163e-03
2.2758866235e-02
-1.9453558885e-02
-9.9899215070e-03
-1.2908549548e-03
1.0964426756e-02
-9.1702037296e-03
-1.7405200612e-02
2.2612853405e-02
-4.2011249414e-03
-1.3968543900e-02
-1.0486089676e-02
9.1460160484e-03
6.4825610812e-02
-1.5672488218e-02
-2.9218423879e-03
-3.2280524750e-03
-1.4711738584e-02
2.0767750773e-03
-4.8110039047e-03
4.6834223964e-02
-3.7126005783e-03
-1.0121913885e-02
-2.0025325937e-02
-1.0511874003e-02
-2.3650985730e-02
-3.7617698652e-04
3.0536782122e-02
2.6152767676e-02
-1.7053360311e-02
2.3970578590e-02
7.0540118729e-04
2.2048357158e-02
2.6403848600e-02
4.6155231297e-03
-6.5060824251e-03
-5.1092387633e-03
1.8255594562e-02
-2.3281977285e-02
-2.4642283965e-02
-8.2059203241e-03
-3.4108166980e-03
-1.8457672308e-02
-1.1255869274e-02
1.7483951141e-02
-2.4230530446e-02
-5.9686581718e-03
-2.4086420758e-02
-1.3843791685e-02
-1.0528363376e-03
-7.3641404632e-03
8.9218067944e-03
-1.4828081974e-02
-1.8052937855e-02
2.3504169047e-02
5.5909652756e-02
-2.6671641433e-03
2.1649415738e-02
1.1476659503e-02
1.9793807733e-02
1.3388658527e-02
-2.4178711711e-02
-3.6141531344e-03
2.3204298856e-02
-4.5459906368e-03
-1.7732944633e-02
4.7283070424e-03
-1.6017802804e-02
6.5046659720e-02
-1.0278813400e-02
-6.2709937884e-03
3.1048721111e-02
-2.1139396997e-02
-2.6617120527e-02
2.2606115453e-02
-9.0265668196e-03
-2.1339937598e-02
8.4616262499e-03
-9.0123348546e-03
-2.1370113375e-02
7.7215589034e-03
-2.9300221684e-03
3.9161095410e-03
-8.7127511786e-03
3.3118826523e-03
1.5177796230e-02
-1.9014248363e-02
-1.1777742442e-02
-1.8879313873e-02
-2.9628621382e-03
-9.8237053944e-03
-1.6303754968e-02
8.2982397195e-03
-2.2094187255e-02
-7.3030749202e-04
-1.3999886831e-02
8.0952523896e-03
9.0394206393e-02
3.3803010522e-02
1.5863803548e-02
-8.6252077040e-04
-1.4397495592e-02
-3.8923196036e-03
1.1534515123e-02
-2.0459834511e-03
-3.4594920883e-03
1.8591114554e-02
5.6394793462e-02
-1.8229068426e-03
1.5762417507e-02
1.0581967837e-02
-3.3839741295e-02
4.6820478818e-03
4.7016190097e-02
7.7089321648e-03
3.7444968986e-02
-8.6022738819e-03
-3.2642983125e-02
-2.6779071906e-02
2.7802868977e-02
3.1434596876e-02
3.5859103126e-02
2.4043765390e-02
1.3429599536e-02
-1.6756616341e-02
-1.9699620908e-02
9.1536373539e-03
-1.4915757771e-03
-1.6825938491e-02
-9.8005696814e-03
5.0363359704e-02
-1.0742403027e-02
5.7803248883e-03
-5.5715759862e-03
2.3951373992e-02
4.2386302465e-02
-2.7228657047e-03
-1.3353695642e-02
1.2609900730e-02
1.2540345748e-02
5.1213559858e-03
6.9609179567e-02
-1.4958846030e-02
-1.1468393664e-02
1.1046698800e-01
-9.4230007194e-03
-3.4072823797e-02
-2.2083849078e-02
4.7614170137e-03
1.0160336011e-02
-2.4932162737e-02
1.2414489220e-02
-2.5323590990e-02
5.4977845667e-03
3.0216377167e-02
-1.4338053178e-02
7.8860297998e-03
-2.4052730092e-02
-1.2956021800e-02
-1.6491010614e-02
-3.2115839354e-02
2.1098775245e-02
-9.6180628669e-03
1.5054310580e-03
4.6208317642e-02
-2.5084283461e-03
-5.9952711682e-03
-2.0544887900e-03
1.2597841272e-03
6.3181895755e-03
2.6398828945e-02
2.4302650337e-02
2.3443557190e-02
4.1817461791e-03
7.0661831030e-03
-1.9485196061e-02
-4.4901416518e-04
7.0526375934e-02
4.9682115038e-03
3.3577304967e-02
2.4930153312e-02
-6.8386951390e-03
-2.3550143030e-02
4.0221296161e-02
-2.3211809547e-02
1.0021002821e-02
1.1477863965e-02
-3.0517040969e-02
1.7617622709e-03
3.4108234577e-03
-3.7415074172e-02
-1.8185967341e-02
4.4913343595e-02
2.5618274743e-03
3.6985466844e-03
1.6143021578e-02
-5.5389512432e-03
-8.4977740907e-03
-1.8800342219e-02
1.6489127264e-02
-1.0004053595e-03
-6.4122922542e-04
1.8525932114e-02
3.1330299036e-02
3.6923350265e-02
3.4583245454e-02
1.2203377455e-02
-3.8886479849e-02
-1.0194124816e-02
1.5446400630e-02
5.6108172340e-03
-5.9686722909e-04
-2.8378485377e-03
-1.7071747918e-02
1.2590354496e-02
-1.4492973119e-02
1.1023479782e-02
-8.8662154200e-03
3.5040193339e-02
2.7596562914e-02
1.8619752710e-02
8.3381469603e-03
-2.2303398849e-02
2.7766440907e-02
-1.3576196340e-02
-2.2031773840e-02
-7.1674057947e-03
-5.0042292189e-03
-2.8187509791e-02
2.8805682631e-03
-5.7857041653e-03
-1.6993035466e-02
7.6913109664e-03
-1.7449542379e-02
-1.5843882737e-02
-2.8646005114e-02
-6.5184227935e-03
