2.5101497141e-02
1.3309675152e-02
1.8100447063e-02
-1.5159230879e-03
-2.8906637004e-02
-2.8956415391e-02
6.5619582528e-02
-2.9028407951e-02
-8.7806662446e-03
-1.1752288494e-02
1.1463539399e-02
-1.3295610552e-02
9.2252490394e-04
-2.6600123239e-02
4.1351098931e-02
-2.0410615578e-02
6.3760514349e-02
3.9351883617e-02
1.4398740194e-02
1.7112489813e-02
-1.7025982650e-03
3.5328163265e-03
4.0983811152e-03
6.6740858769e-03
2.8591742696e-02
-2.2671421397e-02
-1.1130663770e-02
1.4357934337e-02
5.0127991284e-02
-1.0093682805e-02
-4.7184405106e-03
6.9083779044e-03
-2.0901510967e-02
1.5585254077e-03
-2.6698475087e-02
-2.9848657694e-02
-1.3445328323e-02
-2.3719584517e-02
9.2557495815e-03
-2.6644086705e-05
-1.6140757034e-02
-1.5705975624e-02
2.4017645488e-04
-1.3884636578e-02
-8.3898857432e-03
3.0643632191e-02
-3.1661334104e-02
1.5205791701e-02
1.2855186864e-02
5.5302972191e-03
2.4985285143e-02
-2.4234474306e-03
-7.2103727159e-03
1.3045098817e-03
-1.5250096103e-02
-1.3405257314e-02
1.9961999918e-02
-2.6426211381e-02
9.6576625970e-03
4.6500456815e-02
9.0526652843e-03
-1.0553383538e-02
7.8189055762e-04
1.4680923370e-02
9.2374866776e-03
-5.1556218487e-03
-9.5879084291e-03
-1.1474657323e-02
5.7394584422e-03
-1.6015969959e-02
2.8163173059e-02
-2.0304307920e-02
-1.5776130519e-02
-4.1679727218e-03
1.2663454011e-02
-4.6379803199e-03
-6.9604378529e-03
-1.0064765960e-02
7.1448804933e-03
-6.6813867918e-03
-2.3348084031e-03
-3.5896982666e-03
-5.0706853608e-03
-1.5900930619e-02
5.3729508381e-03
4.6936628732e-03
8.8452924440e-03
3.6353452685e-02
-7.3363125738e-03
-5.5134130263e-03
5.5557884493e-02
5.0858385356e-04
-1.1027806791e-02
1.1662015335e-03
1.9254489411e-02
-6.3905622463e-03
1.6063693014e-02
-3.0396521591e-03
-1.1063655617e-02
-1.6526793647e-02
2.3006184692e-02
-6.8508746236e-03
2.2085987392e-02
5.6143872268e-03
-8.9806224587e-03
5.6169818371e-02
-8.4606861647e-03
-1.7060684403e-02
1.5741310094e-02
4.7566034424e-03
-1.3339907806e-02
-1.4143684967e-02
-2.3719922007e-02
3.2494630015e-02
1.9913602616e-03
-1.2858100591e-02
-9.1918026452e-03
-7.4247951617e-03
2.6668610144e-02
-1.4156960024e-02
-7.3660340789e-03
-1.5790566812e-02
-9.2436010066e-04
-4.7416057905e-04
-4.3421037675e-03
1.8164459647e-02
2.7592112968e-02
-7.9821354439e-03
1.1231030533e-02
9.3283975483e-04
-1.2674258558e-02
1.9118077416e-02
-1.3411926327e-02
-1.8789106945e-02
-9.1184480123e-03
-1.2211077358e-02
3.6696496771e-02
1.6890991555e-02
-5.1301832730e-03
-1.7484961716e-02
-2.2169365371e-02
-1.3271432660e-02
-2.8761338077e-03
-1.0222106157e-02
-7.8860752826e-04
2.1593972088e-03
1.3146481967e-02
3.5097227696e-02
-9.2468375392e-03
1.0012885197e-02
-1.1664716390e-02
8.9742910827e-03
-1.5979833843e-02
5.5399647340e-03
1.2614024065e-02
4.6921348093e-02
-3.0925070620e-02
2.6069179270e-02
2.3215145368e-02
-5.1640772606e-03
-1.1433468947e-02
1.2100826096e-02
2.0719842370e-04
-1.8015094065e-02
-9.8845583387e-03
2.7196281515e-02
5.9149839146e-02
-3.1980216421e-03
-2.4485588133e-02
2.4506983403e-03
-2.9637802143e-02
-7.2565568744e-03
-2.4389637847e-02
2.6341376748e-02
-8.5929272883e-03
-4.7908210796e-03
-1.7233641834e-02
1.1057670443e-02
-1.1760881477e-02
2.3152264998e-02
-2.5766633828e-02
-1.7906814099e-02
-1.9264787777e-02
-7.9492111568e-03
2.6693538696e-02
-2.1987053577e-02
-2.1968066351e-02
2.2270474764e-02
3.3896430404e-02
4.2151312896e-04
-2.8433710532e-02
-1.0783306416e-02
-3.6799538606e-03
2.1992234558e-02
-2.1810864099e-03
-1.3738605217e-02
-1.2930345762e-02
-7.2409021730e-03
-1.0775487359e-03
-1.1896941900e-02
6.5786815863e-03
2.4295171088e-02
2.1930131701e-02
4.2527392656e-02
-2.5499498782e-02
2.9302096941e-02
9.1872314148e-03
-5.3957394354e-03
-1.3807815360e-02
5.8788096187e-03
-3.1628362102e-02
2.0482354926e-02
5.6148284975e-04
-1.6118972573e-02
1.7622825300e-02
3.8599838544e-02
2.0381658834e-02
1.1191110674e-02
2.9575992436e-02
-7.8378040561e-03
-1.4199282251e-02
-1.4946106046e-02
3.7578842945e-02
5.9915824684e-02
3.5827381715e-02
-1.1163582159e-02
-7.8400089016e-03
4.2261854893e-03
5.6393402178e-03
-1.2809832856e-02
-2.4469348199e-03
-3.3609201836e-03
-1.6942728895e-02
-1.6205655599e-02
-1.9505184086e-02
2.1207953570e-02
-1.7054969985e-03
-1.6874445546e-02
1.3664049948e-03
6.4341414792e-03
3.9765700631e-02
-3.2082782859e-03
-4.7548515596e-03
7.6787722954e-04
-2.0448656152e-02
8.7891209449e-03
9.0023987737e-03
-1.6860450152e-02
1.4378288658e-02
-9.5289431922e-03
1.8650537631e-02
3.1632006908e-02
-2.3204975284e-02
-7.9013101070e-03
8.0123477519e-03
3.5911646485e-02
4.4561770529e-03
-2.2188699515e-02
1.5993385736e-02
1.6522028665e-02
-1.6136960427e-03
1.4527568204e-03
-9.7309439849e-03
-1.9032373433e-02
6.6946467598e-03
2.5490712325e-02
-1.6473957382e-02
-1.4558290028e-02
-2.2014055629e-02
4.6313458782e-02
9.7113976147e-03
1.5143600005e-02
1.5263617138e-02
-1.1437692967e-02
-1.3339976415e-02
2.2442467638e-02
-5.2967943960e-03
-1.5570654241e-02
3.8562464645e-02
2.6227279157e-02
-1.4012048478e-03
8.9531437810e-03
2.8674108271e-02
-4.5241905280e-03
2.3488450114e-02
-1.5010018423e-02
-2.1274004193e-02
-1.5351312242e-02
2.9671195266e-03
-2.4046292495e-03
9.9175144919e-03
1.3328968910e-02
-5.7553184143e-04
-9.5466930100e-03
-1.6649401056e-02
-2.6811315972e-03
-1.6591502532e-02
8.4415571744e-03
-1.0915010680e-02
1.5879556141e-02
-3.8698589400e-03
-4.8337991700e-03
-3.8850072067e-03
-2.1280023405e-02
-3.7228677993e-02
-9.8259131414e-04
-6.6783168296e-03
-1.9092230240e-02
1.7105207459e-02
-2.2174499554e-03
-6.1409509445e-03
4.0117297709e-02
6.7414146813e-03
1.2331576693e-03
7.6642652984e-03
-3.2488569745e-03
-4.5435275307e-03
3.3896307158e-02
-6.7676823791e-03
-1.1051618513e-02
2.7172148566e-02
2.6260438486e-02
-1.3048354513e-02
-2.0175977596e-02
-1.2484183656e-02
-2.0621241097e-02
6.4653727439e-04
9.1085457266e-03
-2.6051592423e-03
4.5932590316e-03
2.0634058929e-03
-1.2388049707e-02
-1.1479465506e-02
1.3373802642e-02
-5.6738119567e-03
-2.6123406007e-03
9.3459452911e-03
1.1707708392e-02
1.3465691026e-03
-8.8204151511e-03
2.0018074733e-02
3.5217527659e-02
-1.2083247551e-02
1.3152794059e-02
-2.1202764374e-03
-3.0344792861e-02
-1.5750342355e-02
7.6663378033e-03
-1.8173216392e-02
-1.0427183490e-02
-1.2657618603e-02
6.8152057702e-03
-1.6288860972e-02
1.0620155657e-02
-8.9052501857e-04
-1.5978272424e-02
1.9977326435e-03
-1.2212592342e-02
-1.0631993298e-02
2.8754275242e-02
3.4644777745e-03
2.9002995867e-02
-2.5410610518e-02
-8.2067413366e-03
-9.8231459916e-03
-6.1834326452e-03
-6.4774974491e-03
3.6499170975e-03
-1.3534097016e-02
2.6451315888e-02
-5.0094710115e-03
-5.3073638841e-03
-1.0669124619e-02
1.8044005651e-02
2.3274254783e-03
-1.9612216642e-02
-2.5702364181e-02
1.4290411317e-02
-8.8322683475e-03
9.7799649094e-03
1.0558507646e-02
-2.6619558400e-02
-1.8260624430e-02
-1.5734061603e-02
-2.2279446062e-03
-9.2961006171e-03
3.1456093755e-03
-2.9464748191e-02
-9.4561614983e-03
-2.6532034988e-03
-9.3171252483e-03
-2.7368704877e-03
-5.5782564311e-03
3.1724678769e-03
2.9189585540e-02
6.6395319689e-03
-3.5992407136e-03
1.6547456459e-03
1.7294095269e-02
-3.0934887667e-02
-2.6808478323e-02
2.7282290355e-02
4.8606286915e-02
1.0563601826e-02
1.5422667331e-02
-1.9198291784e-03
1.7665985372e-02
4.8796501506e-03
-1.6006619773e-02
-1.5191371644e-03
-7.2807601002e-04
-6.9315074598e-03
-1.8034448995e-02
-5.3629615087e-03
9.9179854671e-04
7.7697849233e-03
-3.3904454984e-02
4.6032137861e-04
-3.2532944673e-03
2.0264105594e-02
-1.7962523199e-02
1.2467886222e-03
-1.2314880135e-02
3.4840884827e-02
5.5670507586e-03
-1.5037559466e-02
-1.4460162051e-02
-2.3137760924e-02
-1.0803731521e-03
-2.7967175090e-02
5.4680854721e-03
1.4495408232e-02
-1.0608996305e-02
1.2353968821e-02
3.9667602943e-02
4.9403620609e-02
2.7800481586e-03
6.2925491935e-03
-1.8548730590e-02
2.8300996287e-03
-1.8995298305e-03
-6.4504943668e-03
3.4550758736e-03
-1.9232300384e-02
-6.5868898914e-03
-1.6784082710e-02
2.2257682712e-02
-1.0281649304e-02
-1.3166684546e-02
-1.3834904496e-03
3.2706692450e-03
-4.6426272896e-03
-1.7309928828e-02
-2.6551345361e-02
-1.3678140942e-02
-2.4026846514e-02
5.0648501324e-02
4.8048928258e-02
-2.2641704949e-02
2.3796288405e-02
6.0280693797e-03
3.9147433546e-02
2.2077686144e-02
-1.1758378151e-02
4.8672390341e-02
-2.1164689273e-02
3.4555304716e-02
4.5092170295e-02
2.4606133708e-02
-4.6086074042e-03
-1.9213679248e-02
4.4609163983e-02
1.7316503034e-02
-1.7955164848e-02
2.5829776290e-02
-3.2249474874e-02
-1.7903897589e-02
5.3207125350e-02
9.5381000276e-03
1.0475587053e-02
1.9132281102e-04
2.1936439398e-02
-4.9492913981e-03
-3.2271035214e-03
4.3944246130e-03
2.0086839218e-02
4.1151809200e-02
2.8250625140e-02
6.4289911260e-03
-3.3616258204e-02
-6.1168754628e-03
-5.0068760607e-03
-1.7187399956e-02
7.4286436945e-02
4.6889970976e-03
-2.0911311995e-02
-9.9603059797e-03
1.1530382493e-02
1.0705002082e-02
-9.9017131669e-03
-1.4362669510e-02
-4.4065436486e-04
-1.0183153530e-02
-1.8767230984e-02
-1.1368974786e-02
1.4637484069e-02
3.4315108985e-02
-5.6163575632e-03
5.6586827710e-02
2.0726959329e-02
-9.9969647500e-03
-1.9137521858e-02
3.3710579274e-02
1.0445968720e-02
-4.2070044311e-03
5.4949106554e-02
-2.0038760055e-02
1.7615193458e-03
3.6663430861e-02
2.2381947806e-02
1.8493382537e-02
8.2049925846e-03
-1.3752625949e-02
-7.3381684054e-03
3.1386895004e-02
-1.6628292193e-03
2.4933234538e-02
-1.4243427105e-02
2.0602092693e-02
1.4351024910e-02
-1.4537067659e-02
-5.7072835742e-03
8.0791950335e-03
4.4604838032e-02
4.6060103366e-02
-1.6745904727e-03
-2.0474511529e-02
4.5447928674e-03
-2.1328745521e-02
6.4198534524e-03
1.0078845581e-02
4.3711584346e-02
-1.2725498148e-02
3.8111886059e-02
2.7562630513e-03
5.8444969054e-03
-7.5320069415e-03
-1.0961239360e-02
3.5262822881e-02
1.4101749068e-02
-1.5204345702e-02
8.7561996959e-02
-1.3318435697e-03
-2.8633465709e-02
3.5690753438e-02
-2.2498051108e-03
-3.3499420349e-02
2.7310126232e-02
-7.5508265753e-03
3.8849169752e-02
-1.5183051744e-02
-1.4281419084e-02
2.2705410916e-02
-1.6376638659e-02
2.3623951630e-03
1.7829659903e-02
-3.8336029896e-03
2.6406518350e-02
-3.0837760904e-02
-6.5594484791e-03
2.2672246892e-02
1.8562819141e-03
-4.0311377743e-04
-2.0315273418e-02
4.7774736686e-03
1.6496320565e-02
4.6729996346e-03
2.4629456833e-02
-6.9191533101e-04
-3.3108259769e-03
-9.5914261643e-03
5.3266291554e-02
2.6928525609e-02
1.2476381571e-02
-1.4080736179e-02
-3.3217091201e-02
-1.1221891236e-02
-1.7621984544e-02
1.1069296053e-02
8.4159343801e-03
-1.1053441508e-02
-2.4895496694e-02
4.3370964445e-03
-1.1006320922e-02
-1.2856686987e-02
-2.2697942872e-02
-1.8224837735e-02
-4.2067750009e-02
-1.1267646815e-03
7.8676725863e-03
8.0982187177e-03
-1.6049085015e-02
-8.9093320464e-03
3.3497890532e-02
6.2210909630e-02
2.7273790810e-03
-2.4828065636e-02
-5.4661817032e-04
-2.3748932237e-03
-1.5776273399e-02
1.2273249784e-02
2.4825236831e-02
4.1647004166e-02
-2.8738005873e-02
1.2071415795e-02
-6.5406339899e-03
7.7107940020e-02
-1.8447903459e-03
1.1811180575e-02
-7.0603636781e-03
-9.7096499712e-03
-3.2649245704e-03
1.7001341539e-03
-6.5807055992e-03
-1.0279517551e-02
-2.3994708122e-03
-1.8513146404e-02
7.2782829678e-03
2.0721457790e-02
-2.1738821455e-02
-1.9654402098e-02
1.8243254720e-02
7.2149798257e-03
3.3579762246e-02
-1.8882962692e-02
1.8510602525e-02
7.2714605149e-03
-8.7911967242e-03
-2.1762401625e-02
-4.2249229904e-03
-4.8775731447e-03
-6.1555106835e-04
-1.8701450871e-02
-1.4503280141e-02
-8.3342577057e-03
-2.2108472437e-02
-5.3802403927e-03
3.0940826973e-02
-7.3973218295e-03
-1.2468964688e-03
1.0386538768e-02
-1.0273408938e-02
-1.5732210205e-02
-2.9261901724e-02
2.2751075199e-02
-3.4085589749e-02
-2.5582613405e-02
-1.1795383090e-02
1.7062739529e-02
-7.7557124206e-03
1.7810288211e-02
-1.4622702232e-03
2.9033981338e-03
-7.3178721427e-03
1.9213353537e-02
2.4337374651e-02
1.6358835936e-02
1.4208604822e-04
1.4260138773e-02
-1.0761800725e-02
-2.0715296576e-02
2.0615338443e-02
3.9309944964e-03
1.2121426474e-02
4.2902692363e-02
3.6967554504e-02
-2.2322536518e-02
-7.8736321417e-03
7.3434614107e-03
3.5178751270e-02
-3.5578008602e-02
-7.5944284147e-04
-1.9497745368e-02
-5.7894122376e-03
1.6901294055e-02
-1.1612423225e-02
-1.2453761483e-02
1.0790047781e-03
-9.7144385128e-03
-2.3892240266e-02
2.7739478012e-02
-1.8925421141e-02
-1.2555429400e-02
-1.5583290849e-02
-1.4113811692e-02
-7.4789370771e-03
9.4525555008e-03
3.0168525274e-03
2.2163501122e-03
-2.2546181557e-02
-1.3460368299e-02
-2.4228289247e-02
1.6106146890e-02
-1.8513643461e-02
-2.8183124883e-02
3.7792963146e-02
-3.8107860169e-03
-2.1145233082e-03
4.4331537084e-03
-2.4518357696e-02
-2.5249551977e-03
1.6104495799e-02
-1.6344133913e-02
3.2055747298e-02
-1.4108527708e-02
5.6262444321e-02
-5.5233510914e-05
1.1302113351e-02
-7.1939061529e-04
1.6257942317e-02
1.9106904833e-02
-2.0554649171e-02
2.2499344124e-02
-3.9816237478e-03
6.7860893028e-03
-1.9532358484e-02
-9.9551403705e-03
-8.1018085465e-03
-2.0808793038e-02
8.7166092047e-03
-1.2946101926e-03
7.0227602278e-02
3.0929720915e-02
4.8130704888e-02
3.6710427208e-02
-1.3077694978e-02
8.2124850331e-03
-8.6806563440e-03
3.4208901026e-02
-1.9338628963e-02
-2.3854842412e-02
1.2640666312e-03
1.2706331155e-02
-1.1146926376e-02
-1.1636009144e-02
-7.4541187053e-03
1.5451986267e-02
-1.6762760689e-02
2.0351729406e-03
-8.5395145362e-04
3.1926136707e-02
-8.5390723248e-03
5.9746585144e-02
3.0794208997e-02
-1.0122482789e-02
-1.0002765577e-02
-6.0373515255e-03
-1.2349696841e-02
-1.9160000989e-02
3.1461467639e-03
-6.0374912135e-03
5.6529530714e-03
1.1557297556e-02
1.6134448190e-02
-2.5306602113e-02
-1.0749239521e-02
-6.8155953767e-03
-2.3185055410e-02
-3.4491867326e-02
4.2869609367e-02
1.3251972120e-02
5.9158602788e-02
-4.7029997498e-03
-1.4582294975e-02
1.6311263637e-03
-1.2032816440e-02
-1.9705776708e-02
-2.0615711102e-02
-1.0751316667e-02
-5.0264481548e-03
-2.4782737225e-02
-1.3773543740e-02
-2.3436942660e-02
-1.7394593416e-02
9.5055764226e-03
-6.1681002679e-03
-1.6292471934e-03
1.6753889413e-02
1.6302587644e-02
-2.1870540454e-02
-7.9358091431e-03
-4.0973312845e-03
5.0175875360e-03
-6.5854287188e-03
8.2746010598e-03
1.3560259058e-02
-4.4569004504e-03
1.3985200059e-03
-1.0105950734e-02
-1.3279187628e-02
5.2599378125e-03
1.0292642661e-02
1.7160141789e-02
9.2893634093e-03
-2.2020492552e-02
2.8587646684e-02
-3.0811925254e-04
-6.9625879975e-03
-1.6156948971e-02
3.6514526497e-03
4.8938230284e-02
-1.9182073337e-02
-1.5565761063e-02
3.3928083811e-02
3.7745025254e-02
6.0951830985e-02
-2.6308038911e-02
-1.1829364217e-02
-1.7336439145e-02
-1.7173630030e-02
4.3222146458e-04
4.1058404042e-02
-2.3556266944e-02
3.7789969251e-02
3.1077446102e-02
6.0228812109e-02
1.1302353627e-02
3.8545683923e-02
3.4229846118e-02
3.7181622895e-02
-4.6748183090e-03
-1.3854042534e-03
-2.4546779799e-03
1.1446742327e-02
-5.3704820575e-03
-8.3790873354e-03
3.1715574112e-02
5.4842617701e-02
1.9537265167e-02
-2.3250681658e-02
-2.4113450547e-02
2.7034427021e-02
2.2172776128e-02
-2.1220162045e-02
-2.1239078260e-02
-1.6507184472e-02
-2.6910424608e-02
-1.9566051879e-02
8.3880619068e-04
-2.1869096150e-04
-1.2273786352e-02
-4.2488473455e-03
2.7336868857e-02
4.3137363278e-03
-5.1806538245e-03
-7.4563095202e-03
-2.6559115100e-03
-2.7130587958e-02
1.4071071591e-02
1.6606642676e-02
3.3841747855e-03
9.6346310111e-03
-2.2587720483e-02
-1.2665184735e-02
1.4408908427e-02
-2.7423662797e-02
-1.3947143880e-02
-2.8971894872e-02
-1.3844897096e-02
-4.4072760152e-03
1.7563006545e-02
3.2394268531e-02
1.5164951980e-03
1.2844731614e-02
6.5929221196e-03
-1.3636135578e-02
2.9507381798e-03
1.9091877737e-02
1.0443230808e-02
-2.0319493411e-04
3.8471754347e-03
-3.7589919046e-03
-9.6126477089e-03
-1.7244440087e-02
-1.7252959037e-02
1.9190910751e-02
4.2340641693e-02
-8.0617568630e-03
3.3837160191e-03
1.2115065241e-02
2.1231475195e-02
1.9317163758e-02
-1.7912243289e-02
-7.5101214787e-03
-3.4278491032e-04
-7.9043658871e-03
-2.1631296265e-02
-2.2045302158e-02
3.3245909736e-02
-1.2125692136e-02
-2.6029499589e-03
-1.7628783880e-02
1.4892110818e-02
2.4570984791e-02
2.1402204300e-03
2.9490664430e-02
-7.0084428972e-04
-7.6314419481e-03
1.9402350434e-02
7.2883125997e-03
3.4586178249e-02
2.3962317007e-02
5.7539834194e-02
1.4968585829e-02
1.3658204151e-02
1.7705754053e-02
1.7289919278e-02
-9.5021550512e-03
1.7600846565e-02
2.1332451776e-02
6.0690010233e-03
8.8515679526e-03
-7.6744440253e-03
-1.8671225175e-02
1.0005346070e-02
3.3153515724e-03
5.4730800190e-03
-2.4302948143e-02
-2.4518992758e-02
-1.7429950980e-02
3.3202761436e-02
2.9091688712e-02
-2.5316874270e-02
9.8107356800e-04
-1.1546248521e-02
1.1099660491e-02
-3.4918316735e-03
1.6510039696e-02
-1.2911154655e-02
3.9028799530e-03
-8.5354347155e-03
-3.7264482233e-03
8.5881009539e-03
1.8157379856e-02
2.5022183387e-03
-3.7791880734e-03
2.8944603267e-02
-1.0043602065e-02
2.6490431282e-03
-1.4173305308e-02
1.5090054155e-02
-1.1107376659e-02
-1.5651984935e-02
3.1240696182e-02
-2.0029471627e-03
3.0972031528e-03
2.5676406637e-02
1.9583074876e-02
2.7951845420e-03
-4.3748644011e-03
5.7869315672e-03
7.0759899762e-03
1.1061718403e-02
1.1507408060e-02
5.4184072070e-02
-1.2953197925e-02
-2.4333273504e-02
8.7982166638e-03
-1.0701430199e-02
1.8138485754e-02
2.8483749988e-04
1.6183391208e-02
-5.9633711974e-03
2.8150012798e-02
-9.7423021428e-03
-4.9938165814e-03
2.4775798970e-02
1.8448014334e-02
-2.4346379837e-02
-1.6621232996e-03
-6.2927432857e-04
1.0401227872e-02
1.4251935634e-02
-7.1276025616e-03
5.8359225352e-03
2.4447178161e-02
-1.2237248273e-02
-3.2027593050e-03
-2.7589205428e-02
-2.1256447261e-04
-3.9195197214e-03
7.5236887349e-03
-6.7631262516e-03
-4.5733334585e-03
-7.9013354773e-04
-2.7214846858e-02
1.8416672896e-04
1.1219130593e-02
4.1096645311e-03
-4.5428150779e-03
-1.8730363099e-03
1.6817233903e-02
1.0803723827e-03
2.3064855267e-03
-1.4353730025e-02
-1.5685037921e-02
-4.9052420275e-03
3.6798325045e-03
1.6999218280e-02
-1.4524905039e-02
-2.7657670597e-02
-8.0738003905e-03
-1.5022615088e-04
1.3342131696e-03
6.6495159344e-04
-9.4737558746e-03
-1.4307549346e-03
-2.0834318481e-02
-5.2277867117e-03
-1.3570841851e-02
-5.1995421607e-03
-1.1531612513e-02
-1.7389822534e-02
-2.0936700090e-02
5.2714774332e-02
-2.0517193172e-02
-1.3795082460e-03
-2.0640485184e-02
5.5316522535e-03
1.7907022097e-02
-2.6721263213e-02
-2.3074343780e-02
2.3099788453e-03
-2.8901530357e-02
6.7275267916e-05
6.0211897747e-03
-2.7934825115e-03
-1.6339810359e-02
-6.2084738204e-03
7.6112424775e-03
2.3346972204e-02
1.5372226517e-04
-1.0195073978e-02
-4.1346175398e-03
2.1404651054e-03
4.7115907635e-02
-9.5239496406e-03
2.6474906864e-03
8.5976437993e-05
1.3498284420e-03
-4.2955607995e-03
1.9641896399e-02
1.7994318356e-02
-2.1951227950e-02
-2.2150504337e-02
8.0663889766e-03
1.3723029373e-02
-2.0881992509e-02
1.0904911800e-02
7.5889482878e-04
1.5153838894e-02
-1.2498870725e-02
-1.7101697084e-02
1.6143881404e-02
-1.0857088859e-02
9.6330462156e-04
-1.3504484185e-02
2.3816894455e-03
2.1376439523e-03
-3.9031631098e-03
-1.0564277617e-02
-1.0734610780e-02
1.0394574919e-02
1.3085654882e-02
-2.6030562974e-02
-3.1699658039e-03
3.0075244957e-02
6.6671210547e-03
7.3402613178e-03
-1.2517673309e-02
3.4095590324e-02
-6.3513781214e-03
-1.6693199955e-02
-2.1472295725e-02
7.8967646476e-03
6.1084394395e-02
3.6695955979e-02
-3.3819304088e-03
1.8432780424e-03
3.6207146468e-03
2.4701177037e-03
2.4411047549e-02
9.2048402377e-03
-1.9082555153e-02
-1.8944124386e-03
-3.1714703282e-03
-7.4748768668e-03
-1.5047287746e-02
-2.8048909009e-02
-1.2182261934e-02
-1.3897597190e-02
-1.2987065029e-02
-1.7141227579e-02
3.3103060427e-03
2.9809260546e-03
-1.2285174682e-02
1.8029331823e-02
3.0573868460e-02
-1.1762840300e-02
2.0805751469e-02
-1.8014949080e-02
-1.0703242941e-02
-2.6898528668e-02
-5.6789932892e-03
4.6608415309e-03
-1.7275574328e-02
4.3265381962e-04
-4.3334334273e-03
-2.4223420211e-02
-2.7617269758e-02
3.7270974462e-02
-2.6384604781e-02
1.8953570879e-02
2.4508081211e-02
2.8913589098e-02
2.7175671835e-02
3.8219854940e-02
9.9007035074e-03
3.8933857848e-02
1.8771102472e-02
-8.1749529941e-03
-1.0381679874e-02
4.3787327543e-03
-2.2484498374e-02
8.5346100811e-03
-9.8065879178e-03
-1.3589521268e-02
-2.4490579162e-02
-2.6201468502e-02
-1.7075481069e-02
-5.3144240374e-03
-1.2850088844e-02
-8.3633784754e-03
8.2274682830e-02
-2.0585200279e-02
-5.0758948670e-03
4.7759679144e-02
2.3945951212e-02
1.4160614814e-02
-1.7716866614e-02
-2.0685575787e-02
1.1878342442e-02
-9.6513851539e-03
-1.0978745323e-02
-1.7801178899e-02
-2.3456580841e-02
8.6162201755e-03
-3.7841518553e-02
6.5923131591e-03
6.2345392759e-03
-1.1211232004e-02
-6.1908846314e-03
-2.5970197242e-02
5.9648038796e-03
-3.7759921849e-03
-2.0332538752e-02
-1.2369476200e-02
1.7135132554e-02
-1.9527726539e-03
1.0117209094e-02
-4.1351523745e-03
-1.7199626386e-02
2.1524734064e-02
2.2894012710e-02
-1.8963889841e-03
-1.5238275258e-02
7.6677270381e-02
1.3107888205e-02
3.4909965720e-03
-1.0973610189e-03
6.5570141226e-02
-5.4258839176e-03
-3.7085000851e-04
2.2685684597e-02
-4.5435797465e-03
1.2370415384e-02
-1.6761285564e-02
1.2613939337e-02
-2.4325843986e-02
5.9208008573e-03
-2.4994243924e-02
-2.7774627837e-03
-2.1253407352e-02
4.3382464450e-02
1.3016113342e-02
-1.7040947246e-02
-1.4486045695e-02
-1.3563885339e-02
-7.4882377360e-03
-2.7887571373e-02
-3.4874543688e-02
9.4210628692e-03
1.0664373613e-02
1.6575040974e-02
2.3967170249e-02
-1.7232014905e-02
-3.3435448599e-02
-2.6272361110e-02
2.4765214898e-02
2.7219165603e-02
1.4846843929e-03
7.8914818734e-03
-2.2115874334e-02
-7.9804985275e-03
6.3815059962e-03
-1.2180151868e-02
2.6659391928e-02
5.3802047393e-02
-3.7791603536e-04
1.3083685696e-02
3.0957064796e-02
-2.3441869836e-02
-4.8356296240e-03
2.7469843248e-02
7.5659460749e-03
-1.2670555022e-02
-1.2460717711e-02
1.3631945542e-02
-1.1260638682e-02
3.2479078594e-02
8.9797289562e-03
7.0316807801e-03
7.3589168746e-02
-6.3597869630e-03
3.1077677431e-03
-1.6767183656e-02
2.0072060265e-02
-2.1135470379e-02
-2.4862252685e-02
6.8508117759e-03
1.2764906575e-03
-1.0471195450e-02
-1.0704174868e-02
2.0909109322e-02
3.8767173877e-02
8.6661101278e-03
1.5286508736e-02
-3.5621719573e-03
3.0867496984e-02
-2.1745092311e-02
-1.2672930514e-02
-6.3008407043e-03
1.0507809038e-02
-2.6609965724e-03
4.6484156378e-02
1.3904220585e-02
3.1412290536e-04
-2.1350867558e-02
1.3646312809e-02
8.1659735463e-03
-1.0589950121e-02
-1.3961631008e-02
3.4970513556e-02
-1.8771344388e-02
1.2168779434e-02
1.8643830758e-02
-8.3770114987e-03
4.1320910555e-02
-7.3263379077e-03
-2.2014993860e-02
3.5546124126e-03
4.8952506786e-04
7.5894220844e-03
-1.2944771879e-02
-2.2055905810e-02
8.4970852848e-03
2.1184373623e-02
-8.2390595825e-03
4.9516423767e-02
2.4816261309e-02
-3.3848214613e-03
1.7617863381e-02
7.0761304499e-03
-1.0792745599e-03
-4.2956484331e-03
3.6401401746e-03
2.3841684690e-02
-5.1517318510e-03
4.5976395692e-02
1.1956360754e-02
1.5062460466e-02
-1.8584506687e-03
-1.2198622058e-02
3.9763249623e-02
-8.1462342885e-03
-4.8235063644e-03
2.1432617650e-02
2.2319558279e-02
2.6729027262e-02
-8.6420953248e-03
3.7230857023e-03
-1.6361698792e-02
3.3708081908e-02
1.7992248340e-03
2.8387330360e-03
2.9146201357e-02
-5.5712183112e-03
2.3086821791e-02
1.5223508923e-03
3.6164241532e-02
2.2060447123e-02
-2.3038298262e-02
-2.3501178057e-02
-1.5927183244e-02
1.5734027463e-02
5.4298161424e-04
-1.6928946157e-02
3.8276968755e-02
-1.8934937699e-02
-4.9705035022e-03
-3.6251940576e-04
-1.4893660570e-02
1.4457900696e-03
-2.6864659693e-03
-4.9365464195e-03
2.3799724112e-02
-1.1646260574e-02
-1.1100949307e-02
-7.9458777242e-03
4.3763208300e-02
-2.3408434967e-02
-6.0394762436e-03
9.1407709317e-03
-1.2468893799e-02
-1.2595307544e-03
-1.6090152834e-02
3.3966973665e-03
2.9734475490e-03
-2.5579427871e-02
1.2636112960e-02
2.7059896457e-02
-1.4612349396e-02
4.1955048204e-02
4.8469500048e-04
3.1390217647e-02
7.4077147986e-03
-1.1183913347e-03
1.5014632565e-03
1.6836197060e-02
-6.6706253359e-03
7.2497821703e-03
-3.4819267230e-03
5.4206238427e-03
-8.8756276485e-03
-1.8038902181e-02
-4.1724749519e-03
6.3536247570e-02
-1.6266272671e-02
-5.3185946156e-03
2.9630690164e-03
-2.2017817694e-03
-1.5969658343e-02
4.1699318099e-03
3.5909263160e-03
4.3107037077e-03
9.3699745616e-03
-1.7428246188e-02
1.7627125870e-02
2.4308926488e-02
5.0042069535e-03
-4.6766412785e-03
3.6855127053e-02
3.8009440378e-02
1.2840446138e-02
-1.5816386250e-03
1.7976504619e-02
-2.0957990139e-02
-7.8557606214e-03
1.2852825393e-03
-1.5725339794e-02
1.1531056463e-02
1.5119957280e-02
-1.8092207888e-02
-9.8349847707e-03
-1.6881336239e-02
1.4794613688e-02
2.4226624096e-03
1.5670256938e-02
7.9822766436e-03
-1.0741785824e-02
-1.1904219309e-02
-2.2737347172e-02
-1.9331951509e-02
-2.2658458885e-02
3.9990417566e-03
-2.0760686537e-02
1.0109393344e-02
-1.4374016166e-02
1.7817024388e-03
-1.3475342258e-02
2.9906572338e-03
3.7193437302e-02
-1.7159712537e-02
-1.2687169931e-02
-1.3279438714e-02
-2.3202763659e-02
-3.3860347380e-02
3.8441300916e-02
-1.9380331439e-02
2.9191926742e-02
2.0207339864e-02
1.2746821750e-02
-2.8034676351e-02
-1.0368371628e-02
-6.7802360609e-04
1.6807685655e-02
3.0231584463e-02
-1.0414159518e-02
-6.4689754741e-03
-1.3312449810e-02
2.0726683640e-02
2.7063895626e-02
9.0102321659e-02
-1.2908398588e-02
-1.2030537800e-02
1.3189221258e-02
-2.0386286680e-02
2.7233931094e-04
-1.1224362752e-02
3.4267796416e-03
-1.7825548197e-02
3.3692862774e-02
6.1043882986e-02
3.4206219818e-03
1.8362155270e-02
-8.3866957437e-03
2.6232397955e-03
-1.2753456007e-02
-2.5556483239e-02
6.0531316879e-02
1.5377858647e-02
-1.3144611654e-02
1.0767716880e-03
-1.7682348758e-02
8.8973047905e-03
1.5858458073e-02
6.5649318553e-03
-2.1902810409e-02
-1.6954931427e-02
-7.2020317654e-03
2.1932159872e-02
-1.0263681857e-02
2.0741810292e-02
-2.0457371772e-02
-5.5101385764e-03
-2.0036481626e-02
-4.0862154689e-03
-1.9171184579e-02
-1.4646331015e-02
-2.1148657580e-02
7.5972209125e-03
-1.3008593611e-02
-2.2421126216e-02
3.5112003088e-02
-8.1739842999e-03
-2.5832674394e-02
-1.5098273870e-02
-1.1510637805e-02
-1.9303299049e-02
3.9479539048e-02
7.1556360348e-03
-8.3310490445e-03
-8.3538501847e-03
4.5054387831e-02
-3.6333925971e-02
2.0791802828e-02
7.9622846091e-02
-6.7751120537e-03
1.3391397532e-02
-5.5549223435e-03
-2.4126338420e-02
1.8373016079e-02
-1.6035626394e-02
-1.5406422480e-02
4.3204634489e-02
-2.6365032985e-02
-3.6240594064e-03
-2.6252805659e-02
-1.8343305323e-02
1.4603408333e-02
-2.0954836983e-02
-2.6496190362e-02
-9.3302774830e-03
-8.5555356171e-03
4.5513362238e-02
-1.3954085542e-02
8.3909048472e-03
-9.0750074912e-03
-2.2707249585e-02
3.0930993565e-02
3.6743432285e-02
2.1835513198e-02
-5.2714587288e-04
-1.6731949264e-02
1.3874157558e-02
-9.5979809252e-03
-1.0600529209e-02
1.4832545359e-02
-2.1384806042e-02
4.3808439382e-02
-1.1377954982e-02
1.0486054509e-02
-1.5569340922e-02
-2.0171267232e-02
-1.0964734176e-02
5.1397165640e-02
1.4481166509e-02
-1.2333554389e-02
-3.2279027877e-02
-9.6531869457e-03
-3.5531949775e-03
2.8891519310e-02
-2.5933893327e-03
1.8249564496e-02
-2.5486406871e-02
-7.3109192688e-03
5.2709060752e-03
-4.0115222028e-03
-1.3304450850e-02
3.7129059269e-02
2.0580811048e-02
4.4067972650e-03
-8.4814666101e-03
-1.6005418529e-03
1.7337369270e-02
-1.8214373575e-03
7.1921033309e-03
1.4648770322e-02
-8.6422525569e-03
5.2181495702e-02
1.1573741553e-02
-3.3927904343e-03
3.4705669958e-02
-2.4936144907e-02
1.0027410546e-02
-2.5049675723e-03
-1.7545348945e-02
-1.3733285201e-02
-1.9663773225e-03
-9.5217804091e-03
1.5997767288e-03
4.9704914183e-02
-1.1370590133e-02
-1.0882902405e-02
-1.8159516212e-02
-1.6871487226e-02
-1.5682616233e-02
3.3739385462e-02
5.5476413003e-03
2.2908165619e-02
-1.4872971384e-02
-1.5337364063e-02
-1.1252005651e-02
2.3004170892e-02
1.9778118893e-02
-4.5477470275e-03
-1.7515833757e-02
6.1001985930e-03
1.1859532206e-03
1.7087978687e-02
-1.0615391853e-02
7.7321455378e-03
1.5905580275e-02
4.5276633326e-02
-1.3514137715e-03
-2.6757432194e-02
-5.7743278610e-03
-1.6897461216e-02
-9.6216667394e-03
1.6958667074e-02
-1.4428588902e-02
-1.4755047211e-02
9.5120035107e-04
-1.4180809966e-02
1.9429560234e-02
1.6064956029e-02
2.3572720576e-02
4.1188808902e-02
2.5245561038e-03
-2.6206642539e-02
1.8459503985e-03
-1.0062475825e-02
-1.5969066904e-02
6.6336968683e-04
-1.3712479311e-02
-1.8110922334e-03
-2.7288307147e-02
-4.2742131584e-03
1.8438078366e-02
1.5626708871e-02
-1.5164602349e-02
-1.2835890168e-02
-1.7852560353e-02
-9.6014589793e-03
-1.5137961759e-02
-6.7439179088e-03
-8.4603021879e-03
-9.0860032470e-03
-8.1933646297e-03
-5.2601182148e-03
5.8654544020e-02
2.4840901969e-02
-7.0554333290e-03
-2.3194957647e-02
-1.9315296677e-02
6.6897301231e-02
-1.5723696546e-02
1.3230211503e-03
-1.5524460005e-03
6.8086314496e-03
-2.3432495247e-02
-1.6828301895e-02
-5.7040149367e-03
4.3859872510e-02
6.4061589816e-02
-9.3240168458e-03
7.0169574127e-03
1.6000619368e-03
1.6214810109e-02
2.8086085660e-02
-1.3307478209e-02
8.4861033369e-03
6.9597825776e-03
-2.7788393020e-02
2.2402268623e-03
1.8435212064e-03
-1.0351656007e-02
-6.8386474042e-03
3.0403863624e-02
5.2179523259e-02
6.1120085963e-03
3.9574540348e-02
4.7349862981e-03
3.7853178011e-03
-3.0395759448e-02
-1.5874348012e-02
-6.7998588656e-03
-1.7922227214e-02
1.6346870548e-02
-7.9850840397e-03
4.1431507008e-02
3.2434905073e-02
-1.5911535150e-02
-3.1724433547e-03
-7.8721590967e-04
1.5876558273e-02
5.2786817005e-03
5.4191366176e-04
1.5717836356e-02
1.6138306030e-02
2.0256273058e-03
-1.8996412985e-02
-3.3579129948e-02
-1.4113249576e-02
2.9884012147e-02
5.6280438115e-02
-1.2859657379e-02
1.1863372441e-02
8.0283392019e-03
-6.6300869435e-03
-2.2698451071e-02
5.4573890391e-03
-1.6933563892e-02
-5.3833566211e-03
-1.3661304714e-02
-6.8874495578e-04
-4.3008196967e-03
3.9892770481e-02
-1.5498872277e-02
-1.2112649374e-02
-1.1022091304e-02
4.4762690394e-03
7.8724066240e-02
-9.8885570118e-03
-5.1266425417e-03
-3.1226347865e-03
2.0991760148e-03
5.4320999717e-03
-1.1492552470e-02
1.4076013008e-02
-2.3963057850e-03
5.3319748938e-02
-2.2984559478e-02
1.2563027322e-05
2.6591217216e-02
-2.1982231881e-04
-1.2652799867e-02
-2.5816935781e-02
-4.8861203217e-03
-9.0875780515e-03
-3.9036992543e-02
3.8774389242e-02
-1.8374548182e-02
2.4852602918e-02
-2.3958751531e-02
-6.7665512777e-04
-8.7152801613e-03
1.7357187664e-02
-1.7428375113e-02
-1.8329494172e-02
-7.1421823718e-03
-1.7345480627e-02
1.2075296936e-02
-1.6803926714e-02
1.7710973855e-03
2.2053450405e-03
1.9386824777e-02
-2.0226340095e-02
-6.8438833270e-03
-2.1995162642e-02
4.3615218209e-03
-2.4041507238e-02
-1.3602228800e-02
-2.3484520351e-03
8.4787747397e-03
-1.8541996351e-02
-1.1307132177e-02
3.2702566545e-03
-5.1902828340e-03
7.3229961105e-03
-1.4938879045e-02
5.1817818252e-02
1.0258819935e-02
8.8867521040e-03
-1.6095251895e-02
-6.3337469719e-03
9.0085451040e-03
4.3879242875e-02
4.0434411144e-02
4.0393105046e-02
-1.4117390379e-02
2.1829238841e-02
-2.2095771565e-02
2.4479341994e-02
2.3293577397e-03
-1.2054222200e-02
-2.7204916950e-02
-1.5699282541e-02
-1.9891679656e-02
-1.5863966402e-02
8.2211285567e-04
-6.8337021255e-03
-1.6309805682e-02
-1.2480213663e-02
-2.4079424511e-02
-6.0918853146e-03
-8.3792379999e-03
-6.6549665631e-03
1.8967743529e-03
2.9971285144e-02
6.8547836492e-03
1.8693560032e-02
-1.5069537135e-02
-1.5270531224e-02
1.7870474421e-02
-6.2572122176e-03
-2.3340781020e-02
2.3684642063e-02
-3.5625241416e-03
-2.4112829551e-02
-1.4916142105e-02
-8.1313464864e-03
-1.9784810426e-04
4.4519222293e-02
2.4763973956e-02
-7.4922209949e-03
-1.1025997553e-02
-1.3218410522e-02
-6.8982707705e-03
7.4081412827e-02
-5.2551749592e-03
-2.1662841302e-02
4.1335302095e-02
-2.2744874403e-02
-1.9050535004e-02
1.9684106183e-02
3.8060068824e-03
-1.9477705302e-02
8.5340541304e-05
-1.6048617128e-02
-5.4200599547e-03
2.1021931384e-02
2.3452326616e-02
-8.9519016902e-03
-1.4707414801e-02
-1.8469298063e-02
9.2192441412e-03
-9.3894386108e-03
-2.0546980417e-02
-1.2934255071e-02
1.0721285922e-02
2.4248198523e-02
9.9186202667e-03
1.7143890709e-02
7.2975798709e-04
1.3567658248e-03
-2.3779301024e-02
1.7546000093e-02
5.7045312160e-02
-3.8593676348e-03
-6.9280840447e-03
-1.4725223959e-02
-2.0577872941e-02
6.1641074578e-02
-2.4399745812e-02
1.9695123605e-02
-2.9166739018e-03
-2.4432213898e-02
-1.3735094058e-03
9.8679279876e-03
1.6898086835e-02
-2.1704008107e-02
-2.3859838050e-02
-8.6698862728e-03
-9.2716787915e-03
-1.4432991654e-02
1.4683489998e-02
1.5491120308e-02
5.4865177027e-03
-1.6499714959e-02
-1.7973284017e-02
6.6997504011e-02
-9.7861451950e-03
9.0967195513e-03
-1.0976658507e-02
-8.5319345985e-03
2.2426178245e-03
3.2188402509e-02
3.7452949543e-02
-2.0010763318e-02
-9.3011566878e-03
-9.9314702578e-03
4.1795752763e-03
-1.3009781543e-02
2.3728024196e-03
-8.0684604714e-03
-9.7786331962e-03
3.6942037886e-02
-1.8800392754e-02
-2.0227233633e-03
-5.2959027675e-03
2.3437119254e-03
-5.0835190315e-03
-1.5880356737e-02
-7.7891958828e-03
2.5927499493e-02
1.2487465767e-02
2.2491063490e-02
-1.8789780844e-03
1.5960121859e-03
4.5156163899e-02
1.9840548827e-02
1.5215952977e-02
6.1811710901e-02
-1.4477286092e-02
-1.1876110043e-02
3.0294503074e-02
-1.5476228016e-02
-9.7690983879e-05
-3.2551045705e-03
-1.4996119423e-02
-6.2652933454e-03
-3.1000314355e-02
1.5721636852e-02
-2.0382569328e-02
-1.9428162797e-02
1.9581923254e-03
-9.6426547783e-03
-1.3276502625e-02
1.2067398058e-02
-1.3972053173e-02
9.9626188634e-03
5.4550593274e-03
-3.2462839175e-03
1.2997280832e-02
3.3949382473e-02
3.0446739030e-03
1.9082416890e-02
-2.1999599571e-02
-1.5759767066e-02
-1.4635410464e-02
2.6711685267e-02
2.9336280883e-02
2.7937956006e-03
-2.2978577994e-03
-8.1076104069e-03
-1.7047291632e-03
-2.3273463525e-02
2.0193247176e-02
1.7341390919e-02
-9.5354846368e-03
-8.0209048097e-03
1.9314281637e-02
-1.3626184088e-02
-2.6054174792e-02
-1.6322937367e-02
-6.8797978695e-03
-1.1900670393e-02
-3.6305463287e-02
-2.7591075141e-02
-7.5803933678e-03
1.0377967791e-02
4.7188517058e-03
2.7488090644e-03
5.1378535795e-03
1.6410828625e-02
3.0357003081e-03
-8.9727507635e-03
9.4345924165e-03
-3.1185286013e-03
3.3516058187e-02
-3.3165882277e-02
2.3751807297e-02
1.4744506933e-02
-1.4975481523e-02
-1.1646634390e-02
4.8490773874e-03
-1.0037839886e-02
2.6552106087e-02
2.2153164722e-02
-7.2028269434e-03
4.7139872658e-03
-3.5204036073e-03
1.7788654017e-02
-3.3271433603e-03
-1.0122962780e-02
-2.4259013093e-02
2.8782818250e-02
-5.2733856338e-03
-1.3664855260e-02
-7.1255013928e-03
-2.5886843005e-03
-8.1450539178e-03
-8.5976360270e-03
2.4621625724e-02
1.9340695503e-02
7.0875643753e-03
3.4149510843e-03
8.5899290280e-03
1.8924073862e-02
-1.2929718390e-03
-8.2539522529e-03
-8.8508726357e-03
-2.7492759526e-03
3.4473155663e-02
-9.3889608536e-03
-2.2936969278e-02
-1.3645612559e-02
-2.9342935938e-03
-1.0506439595e-02
9.5811106033e-04
-8.5611370922e-03
-1.2042642132e-02
4.0401805134e-03
9.0399907475e-03
1.0876106666e-02
1.6365546314e-02
6.1899513610e-03
-7.9147979505e-03
4.6490417454e-02
2.0769727306e-02
-4.7104692585e-03
-2.1975328401e-02
1.0374920113e-02
-1.3149504533e-02
-4.1134313029e-03
-1.6052257460e-02
-9.7388474980e-03
8.2513850238e-04
-1.4069077532e-02
5.7679864664e-03
-4.3923801931e-03
-3.8623374647e-03
-7.9888777724e-03
3.6399552680e-02
1.9669473335e-02
1.6144092683e-02
-3.1249104079e-04
1.5544907139e-02
7.7036283046e-04
-2.6580418786e-03
-1.3520984666e-02
3.6289300554e-02
-1.4925724940e-04
-1.0446169771e-02
8.3882326913e-03
3.0740870659e-02
-1.3566275294e-02
-3.1546539867e-02
-2.0524383230e-03
-9.2459388884e-03
-1.5333681261e-02
2.0925749455e-02
2.2059721721e-02
-5.5869688612e-03
9.4784506587e-02
-1.0336174485e-02
-7.0064917636e-03
1.3937536258e-02
-8.6263576551e-04
-5.8166942190e-03
-7.7918423331e-04
-5.0772991949e-05
-3.3955052535e-03
-2.0492978545e-03
-1.0366269389e-02
-1.5084258381e-02
-1.8311025439e-03
2.4718683641e-02
4.8213614250e-02
-6.6829797588e-03
4.7131143355e-02
3.3294404951e-02
-8.9584977851e-03
-1.1838071958e-02
-5.8413078112e-03
-6.7620092682e-03
-9.8442232784e-03
3.0976566509e-03
4.6109790388e-03
1.0801921413e-02
1.7998391543e-02
-2.7521344941e-03
-7.0723179511e-03
-5.4062332270e-03
1.8367246608e-02
-2.6157707221e-02
-1.7871352237e-02
-2.2126005673e-02
-1.9610918193e-03
-5.9371779618e-03
-3.3955065673e-03
-1.4350067422e-03
1.8999991479e-03
-2.7015020289e-02
-1.3905114167e-02
1.0121536819e-02
1.8574669369e-03
-3.1192249823e-02
2.7011084990e-02
1.1138459618e-02
8.8597294373e-04
-1.1511002802e-02
-1.3290597482e-02
3.2957902446e-02
2.8645148190e-02
2.3561409612e-02
2.2821496457e-02
8.0284738097e-03
-6.3662027263e-03
-2.1039373732e-02
-1.6699131905e-02
1.0648291783e-02
-2.7924904635e-03
1.0863950577e-03
-2.1772821764e-02
1.8362605477e-02
-1.4673289226e-03
-3.3388863286e-02
6.2090888091e-03
7.9760396226e-03
-9.8773543459e-03
2.8557289148e-02
9.6200301322e-03
-1.4364628865e-02
4.2189142954e-02
1.4192698142e-02
-1.5785365741e-02
3.0891463269e-02
1.4860516420e-02
-9.2666231449e-03
4.2658612794e-02
5.0104188950e-03
-5.6728034226e-03
2.4030214273e-02
-1.6141869839e-02
-2.0928877284e-02
1.1038869555e-02
5.7631675938e-03
-1.9825988632e-02
2.3418639267e-03
-2.4193568832e-02
2.0344522193e-02
2.3624251448e-02
-7.8796651757e-03
-1.0741858996e-02
-9.8309114206e-03
-2.4104454898e-02
-5.0922945722e-03
1.9360358158e-02
7.5836720670e-03
7.3044507339e-02
-1.8218566739e-02
-1.9837638844e-03
3.6263185535e-02
8.8235314489e-04
2.2487135266e-02
-1.5488057384e-02
-4.3328809786e-03
-4.4739523425e-03
1.4407140101e-05
-9.2646625096e-03
-7.5091522879e-03
4.1270101839e-03
1.6376053063e-02
4.4004212051e-03
3.7265598125e-03
7.2264319813e-02
-1.3265533271e-02
1.3769895721e-02
-1.1259071200e-02
-2.7689256291e-03
-2.6303071710e-02
1.6292964775e-02
2.7930164599e-03
-9.8215080169e-03
2.4558085007e-02
1.5954237677e-02
-1.9541913544e-03
5.8817469687e-03
-1.1697615116e-02
-1.9445497055e-02
-8.9522198414e-03
-2.4038386862e-02
-2.0059792112e-03
-1.1289460302e-02
-1.8777939443e-02
-9.0103882632e-03
-5.1709429344e-03
2.1770415611e-02
-6.1210370851e-03
-9.5022884652e-03
-1.5489251497e-02
6.0888723358e-03
1.7953403496e-02
-6.6355523883e-03
9.7153978543e-03
6.0870383025e-03
-3.5889720541e-03
3.8694474840e-03
1.8782782478e-02
-1.6206096294e-02
-7.2706999584e-03
3.6061888206e-02
2.3020335059e-02
6.6131599636e-02
-1.8540622262e-02
-1.0955078272e-02
-1.9116521630e-02
-9.7536941074e-03
3.6976507682e-02
-2.1307830011e-02
2.5531834915e-02
1.6045073111e-02
-2.0494914924e-03
-4.2273800588e-03
-1.4693320529e-02
4.2734207859e-03
-1.5468516191e-03
-2.2981793014e-02
-1.4613878088e-02
-2.9184907943e-03
-5.6156194101e-04
9.5877635927e-04
1.5449381007e-02
-6.0116122602e-03
2.7147831225e-03
1.7005547642e-02
7.7794932212e-03
-2.2428975843e-03
2.7149657913e-02
5.1392143130e-03
-2.0124792387e-02
8.6684287473e-03
9.5426952734e-03
3.2139668285e-02
4.0624469458e-03
1.9759299929e-02
-1.6245603591e-02
-2.0371412225e-02
1.9863277776e-02
-2.0557622716e-02
1.7541843123e-02
1.2877425690e-02
1.8647952668e-03
-3.0770734400e-02
-1.4263504572e-02
-3.6290237434e-03
1.1066906963e-02
-1.3912318552e-02
1.6500860851e-02
1.1847442377e-02
-2.5762290133e-02
-2.5669390149e-02
-1.7365897014e-02
3.2805072957e-02
8.9080952510e-03
2.2536383013e-02
9.2849647622e-03
3.8291494295e-02
-5.8715283365e-03
-6.4318970561e-03
-2.1820471102e-02
-2.0383528245e-02
-3.2550839533e-02
-7.6459165292e-03
-1.5304906971e-02
1.2505906844e-02
-1.9229472280e-02
-5.9474826991e-03
-1.6259729766e-02
-1.3799717183e-02
-2.4745522900e-02
-1.2187746410e-02
-2.6806696429e-02
2.6602434668e-03
1.0329602303e-02
2.3518099014e-03
4.1737138852e-02
-1.7624287833e-02
2.5944935839e-02
-1.7317988223e-03
4.5313259594e-03
-2.4449838353e-02
-6.5036291696e-04
-1.5582182984e-02
8.6179587533e-03
1.2551720518e-02
-1.7753643834e-02
-1.6640011734e-02
1.7550039734e-02
3.1700447885e-02
3.0528033556e-03
5.1608138604e-02
8.0578271136e-03
-2.1475698905e-02
1.0975189292e-02
-3.6575207461e-03
4.5142500520e-02
1.4510096893e-02
1.1134641214e-02
2.2754823266e-02
-4.8458196340e-03
1.6245759002e-03
1.4325753397e-02
-1.0534863280e-03
-2.2413356468e-02
-1.5081808066e-02
-7.1257376620e-03
3.1156679339e-03
-3.4471884815e-04
-7.5328044917e-03
2.1229011650e-02
-8.4696890748e-03
4.0224917557e-02
1.1024359323e-02
-5.9217653763e-03
2.0022001621e-02
-2.2807687122e-02
-4.2226703177e-03
7.7991864968e-03
-9.6752981614e-03
-1.9917400670e-02
-3.3074841830e-02
-6.7906955034e-04
-1.4950811331e-02
-1.8695664268e-02
-4.5326529845e-03
-6.0490403537e-03
-1.9172634449e-02
-2.4229339320e-02
1.4215242664e-02
3.2328302056e-03
2.0391581681e-03
1.0244851020e-02
-2.7225371402e-03
-1.3985545801e-03
3.4614327691e-02
-3.0995815328e-02
-2.4571444538e-02
-1.4893265416e-02
-1.3325823170e-03
9.0332133420e-03
-3.1071382713e-02
-2.2039327492e-03
9.7276897663e-03
9.1326486567e-03
1.4185852516e-02
-2.3285801700e-02
-5.3173621466e-03
9.6182807295e-03
-3.1085243984e-02
1.1175335401e-02
5.0987476134e-02
-3.9529293735e-03
-2.2712017454e-02
2.1493340790e-02
-4.1313840114e-04
2.4727581425e-02
-7.1880226073e-03
4.2075341480e-02
-1.9555921174e-02
2.6909520666e-03
-5.9012995144e-03
-9.4103414002e-04
-1.8138675115e-02
9.4043796582e-02
7.3078872504e-03
-6.5022958938e-03
1.3066697465e-02
-1.2778322039e-02
1.0285711853e-02
9.7986551150e-03
1.8558669658e-03
-3.7538284879e-04
6.1894945693e-03
1.0580345290e-02
-1.7477597743e-02
-2.6689501305e-04
-3.4425274332e-03
-9.1091828774e-03
1.5063746993e-02
5.9160352522e-03
-1.1214779931e-02
2.0909893704e-02
-1.2973103559e-02
-2.3639489094e-02
-4.6669311852e-03
-5.2756018002e-03
-2.5173426008e-02
-6.0377771806e-03
-7.6357388706e-03
1.1763006261e-02
-1.9522066241e-02
-9.0362436674e-03
-2.4974393488e-02
-1.2485910633e-02
-1.1496716807e-02
8.4555539940e-03
-6.2349662845e-03
6.4868699678e-03
-3.6747303478e-03
6.3085847496e-03
-1.8727925167e-02
-1.9922367789e-02
-5.6816714612e-03
-2.8606212889e-03
-2.5333663882e-03
-2.6893809304e-02
-1.9778895959e-02
6.6645387633e-02
4.7620024195e-02
5.6372067134e-03
3.7754706239e-02
-5.5409312160e-03
-3.7151863090e-03
-1.2557126033e-02
5.7021670059e-03
-2.5911942817e-03
-7.5189196855e-03
1.1220068620e-02
1.2265259674e-02
-1.3584670450e-02
-3.0316197370e-02
-7.7497629479e-03
-1.3488183213e-02
-6.5353510484e-03
1.0738462632e-02
-6.4920460513e-03
4.2760454632e-03
2.2639429381e-02
-5.6353686306e-03
-1.4504868627e-02
-4.7303616974e-03
-1.1226255152e-02
-9.5589969038e-03
-3.0095121906e-02
-1.2579924574e-02
-1.7991566466e-02
-4.1710065892e-03
5.6222880538e-02
-1.9157441461e-02
-1.4469812884e-02
1.2893012599e-02
6.7438779284e-03
-1.7063375623e-02
-5.8523058957e-04
-7.9245119013e-03
9.8325996953e-03
1.4834643361e-02
-1.7723759592e-03
-1.6850729574e-02
8.1723665148e-03
2.0392134840e-02
1.0486191710e-02
-1.9746235055e-02
3.0285525028e-02
1.0772577144e-02
-2.2143597392e-02
1.8331812409e-02
1.9996797650e-02
3.8934116990e-03
-2.4580002019e-03
-1.4371767109e-02
5.8075698898e-02
-1.4634865584e-02
-1.8392908820e-02
2.3425410262e-02
-5.4348696914e-04
-2.3775671374e-02
-2.2263949802e-02
4.4376235852e-03
1.8522248158e-03
1.6203917999e-02
2.2782624403e-02
2.3977913622e-02
1.1628980869e-03
-1.0240740430e-02
-5.5576241111e-03
-9.9002907339e-03
-2.4514665591e-02
-1.7190012854e-02
-5.4566456015e-03
-2.4214902859e-04
-4.5617342995e-03
-6.6243804717e-03
-1.3800850566e-02
-2.9664401840e-03
1.9612993873e-02
6.0849434611e-03
-1.0299795938e-02
3.2211795773e-02
-1.6467097115e-02
-1.1979642523e-02
-4.0141606103e-03
-1.9919543900e-02
-2.6488421683e-02
-2.5094403698e-03
-8.2585261424e-03
-2.5939450352e-02
-1.2309130901e-02
1.4439153056e-03
-1.7827111365e-03
-1.4104724870e-02
-8.8714227852e-03
9.1133460462e-03
-1.0757152522e-02
-3.5759571656e-03
-5.2513100855e-03
3.2144623075e-02
-8.5157553694e-04
3.9693653741e-03
-2.2238879110e-02
-1.7434238697e-02
-1.3959880728e-02
1.5678786014e-02
-2.7755641750e-02
-1.6486215824e-02
-9.9288912079e-03
-2.8686136135e-02
3.4708342312e-02
6.7135221942e-03
7.1220661861e-03
-1.0855214274e-02
-8.2820997904e-03
2.7496884782e-02
-4.5656103228e-03
1.0641525235e-02
-1.0115786375e-02
4.6842590580e-02
5.5595114218e-02
-1.6642744879e-02
-1.7577304368e-02
-1.3766489803e-02
-1.1328222099e-02
2.1975944752e-02
6.3082192592e-02
-1.4026671741e-02
1.0842919443e-02
-1.1170469228e-02
-2.7338788897e-04
3.1955326212e-03
7.3496379713e-03
3.1900229111e-02
1.5444274031e-03
-1.2510179745e-02
-8.6750968361e-03
-2.2676667577e-02
-2.0363549041e-02
-2.0443399703e-02
-2.5416298312e-02
2.6173192011e-02
5.0101971788e-03
2.5840853469e-03
-4.5019690839e-03
2.2876422997e-02
-8.8970483845e-03
-5.0096908061e-04
-9.3656427593e-03
3.4739671125e-02
4.8750869943e-02
-2.2258404901e-03
-6.8718452120e-04
-1.1238527757e-02
-2.0833513211e-02
2.4547161439e-02
4.4239870801e-02
-1.3373314957e-02
-4.6025507836e-03
2.4223333100e-02
4.7602454379e-03
2.9214315488e-04
-1.3808213153e-02
-2.3578365925e-02
1.2695099172e-03
-5.2506749240e-03
5.3939504868e-03
-3.0178786897e-02
-4.2086649530e-03
-6.3569190362e-03
2.3150951593e-03
-3.0398909737e-02
1.0259435408e-02
1.8347985215e-03
-2.6671930095e-02
1.8372712102e-02
4.4166612788e-04
8.8582605926e-03
2.2949358557e-02
8.0240813369e-03
-1.1049023911e-02
1.6997400859e-02
-1.4875824054e-02
2.0708884698e-02
-1.4237620870e-02
1.3722180021e-02
-2.2685233671e-02
-6.9739025277e-03
3.4929678529e-03
-1.1201141686e-02
-2.0934555988e-03
-1.7396990973e-03
-3.8694574422e-02
1.1980801789e-02
4.5896692849e-03
-8.3315947545e-03
-1.4227727790e-02
1.8034802451e-02
-1.0049881125e-02
2.3734452450e-02
1.7384542790e-02
-5.5614543558e-03
1.9106242356e-02
-1.0563341641e-02
5.8884394048e-02
1.8765444588e-02
-1.5786090863e-02
-6.5130925729e-03
-1.2197435224e-02
4.5261428796e-02
2.6375050536e-03
-2.7203937060e-03
2.7178651113e-02
-9.4071531053e-03
-7.0145883778e-03
-1.0817054425e-02
2.3493298412e-02
2.3183246049e-02
-9.5744869893e-03
-6.6140107832e-03
9.3081632830e-03
1.4163435317e-02
2.6014363814e-02
-4.8783480156e-03
1.2488226728e-02
9.1909190850e-03
-1.7653083882e-02
4.1436939620e-02
2.5652729944e-02
4.1349986221e-03
9.2555817330e-04
-9.7212009677e-04
-3.2347034074e-03
-2.3306796321e-02
2.3184675279e-02
2.7045068364e-02
1.7044326282e-02
-2.3891533556e-02
-2.1320593417e-02
-2.1468423070e-02
5.5933751841e-03
-3.7705313018e-03
-1.2130246625e-02
-8.0791050810e-03
-1.7526019586e-02
1.1978294557e-02
9.2995500462e-03
-1.8672713590e-02
-6.6190610891e-03
8.7430955668e-03
4.4155128203e-02
1.5737743610e-02
-1.6816006370e-02
-2.0950863575e-02
4.4916074784e-04
2.0189248670e-02
-5.6896697836e-04
-4.9364920982e-03
-3.9888788278e-03
-5.3758820370e-04
-2.0260056425e-02
-1.5496335183e-05
-8.1190881770e-03
2.3564384895e-02
2.3625943578e-03
7.3278800148e-03
-5.2156017889e-03
4.2108297420e-02
1.6007028813e-02
1.9141480082e-02
4.7128734363e-03
1.2639333178e-02
-5.2153822946e-03
2.6032868113e-03
9.6164546287e-03
5.8411939596e-02
1.4249973060e-02
2.1928881598e-02
-1.8339767745e-02
-9.8037539856e-03
3.7842199083e-03
-1.0611964858e-02
-1.3757532018e-03
-1.0600431730e-02
6.9689494823e-03
-2.7659862428e-02
-2.3809848048e-02
-3.4316474606e-03
-6.7163719539e-04
-2.0851708103e-02
3.9117317093e-02
3.7527876001e-02
-1.5679285149e-02
-1.0432064950e-02
3.0505481916e-02
2.7760601479e-03
-1.0672947648e-02
3.2742934356e-02
1.9353913079e-03
-2.7274589593e-02
5.4037892836e-02
6.8033533071e-03
3.1455650896e-02
6.8648131483e-02
1.9200412722e-02
1.2266089039e-02
4.2931831796e-03
-1.5350486203e-02
1.5050911197e-02
-2.0205265709e-02
-2.0517240101e-02
2.4631557075e-02
-1.0241759024e-02
5.3713766289e-04
7.4460685322e-03
1.4173422649e-03
-1.3005503705e-02
2.4961294682e-02
-8.8685820789e-03
-1.5599988990e-02
2.5735734954e-03
2.9167082893e-03
-1.2077059244e-02
-1.8305251191e-02
-7.2618422555e-03
1.0214875389e-02
-1.5721949237e-02
-1.4073395888e-02
-1.8247819653e-02
5.4804766197e-03
3.5309335722e-02
-1.0669260766e-02
3.6100501210e-02
-3.1402503362e-02
1.8458220937e-02
8.6137696630e-03
-3.9189958610e-03
1.2348267296e-04
-9.9504724834e-03
-1.2164101534e-02
-1.4140306747e-03
5.3771897604e-02
-2.9615362130e-04
6.7026537429e-03
-1.8836032563e-02
-2.9133540100e-02
-9.8932712546e-03
-1.4318589360e-03
-2.9471133835e-02
1.9134678316e-02
6.5233452313e-03
2.4274682636e-02
-3.6646897745e-03
-3.3047047916e-02
2.6576283868e-02
2.8318856340e-02
-1.7102244771e-03
1.7264774647e-03
-2.1289161481e-02
1.1200845351e-02
5.5598060483e-03
1.6502237229e-02
-7.6260152441e-03
2.5829901841e-03
-1.5009317261e-03
8.1979972427e-03
-1.4808542171e-02
2.5621742518e-02
-6.8016874609e-03
1.0864029255e-02
2.9404478202e-02
1.9470364833e-02
-5.9732384668e-03
-1.8367842164e-02
3.2039726553e-03
-1.6407809229e-02
1.9464949272e-02
-2.5825278674e-02
-2.7323648979e-02
-6.6091432978e-03
-2.3397699408e-02
3.1406780858e-02
9.1056397715e-03
-1.0660808906e-02
-2.1056657673e-03
-5.6520065881e-03
-2.1610423287e-02
-1.9836274093e-02
-1.0600748701e-02
2.1782782389e-02
1.6718789030e-02
3.2060532539e-02
-8.3616102100e-03
-3.2712323136e-02
6.9130929135e-03
-1.9668613213e-02
-3.0405560372e-02
-1.1048731943e-02
5.6938404660e-02
5.2201038154e-03
-8.4025803607e-03
-1.3040164185e-02
-3.2803562912e-03
2.6713487387e-02
-1.6749902641e-02
-1.1577750713e-02
5.4922056389e-03
9.3924189533e-03
1.5381163591e-02
1.3003631737e-02
1.8465307538e-02
-2.0764320087e-03
-2.0574819153e-02
-3.0174923773e-02
1.9967574829e-02
-3.0252273613e-02
-1.6022016500e-02
-7.5198773539e-03
1.9192447336e-02
4.6441906039e-03
-8.7369203549e-03
-1.1474806375e-02
7.0610789136e-02
-1.8797136055e-02
2.7618657142e-02
-1.3720180105e-02
-1.9645622276e-02
1.0725630652e-02
1.4470885901e-02
-1.9190106534e-02
3.1975022877e-03
9.4418112441e-03
1.7841186395e-03
-1.5301231032e-02
4.5761305564e-02
-2.9581576603e-03
7.0917992536e-02
4.0881444094e-02
-1.7554077232e-02
2.2216655291e-02
-4.7951437972e-03
8.4425216104e-03
2.1511231552e-02
2.6618557872e-03
2.9281788070e-02
1.8606518276e-02
4.9305194591e-03
9.1262634828e-03
-5.3000452754e-04
-6.0600976652e-03
2.8703046326e-02
-1.3500101718e-02
-1.4711322416e-02
-2.3771235723e-02
-5.1568597464e-03
-1.8970542417e-02
-1.4319315912e-02
2.2280429925e-02
3.7699059981e-03
3.7631779506e-02
-1.0269119570e-02
2.6084503413e-02
-2.5675392839e-02
-1.0659824619e-02
1.3026397795e-02
-1.9238110123e-02
-3.3203983716e-02
1.7433669051e-02
-2.0344119966e-03
-1.9345917531e-02
2.1381128304e-02
1.1142770342e-02
3.0700093550e-02
2.1579774805e-02
1.0267976999e-02
2.0011121689e-02
-8.9659348648e-03
-1.1557284068e-02
2.3564020609e-02
8.7079481001e-04
-2.0980207504e-02
-4.1490999474e-03
-1.7688823867e-02
2.2204918975e-02
-1.0109783495e-02
3.2510480747e-02
1.2870156123e-02
-9.1904241575e-03
3.8078652397e-03
1.0047663964e-02
2.2294898536e-03
-1.7406502104e-02
-6.6778517926e-03
7.5292234273e-04
4.3417529246e-03
-2.1671101981e-02
4.4033993563e-02
1.0890492813e-02
-1.2688851834e-02
-1.7033537914e-02
1.4532358967e-02
-1.1232409064e-02
5.0116406500e-03
2.6664754103e-02
-1.1030518605e-02
3.5308664208e-03
-5.8986669320e-03
1.2208941866e-02
-2.1775189984e-02
6.9378650022e-02
6.9046754496e-03
-1.6762862144e-02
1.6565801591e-02
4.2503626701e-03
9.1835645959e-03
4.8620845577e-03
2.3822823235e-03
-9.6997915156e-03
-2.1953427264e-02
-4.8942205192e-03
-2.8582732685e-02
1.4336683996e-02
-1.3153666047e-02
4.4744707069e-02
-9.6888107434e-03
-1.1398645568e-02
-1.1710243385e-02
1.2678504763e-02
-2.0468369482e-02
-2.6321238776e-03
-2.3028580269e-03
-1.6605811592e-03
-1.4909671696e-02
-1.7838684407e-02
5.1197974783e-02
1.8004382555e-02
-1.0274844472e-02
-1.1972248290e-02
-2.7466098435e-02
5.1145951528e-02
4.2406199540e-02
7.3225588163e-03
-1.8989191410e-02
8.6311578999e-03
-1.4954492178e-02
2.7156306786e-02
4.0925209357e-02
1.4922044569e-02
-2.1612997540e-02
-1.5029934614e-02
1.2452727667e-02
2.7933526781e-02
-1.9509428935e-02
-9.5728583946e-03
-2.5377066338e-03
-1.1351431497e-02
-5.1012910312e-05
1.7524906177e-02
2.1305089142e-02
1.1019905153e-02
-1.1074783368e-02
-2.2870411909e-03
-1.8832240644e-02
-1.4993510677e-02
-6.5760160435e-03
-7.9763282334e-03
-1.6010454897e-02
-1.5967428051e-02
-1.3151344729e-02
-6.0747023475e-03
-1.1535660710e-02
-2.2694354266e-02
2.2409626742e-03
4.2174790020e-03
2.8986311392e-02
5.1092539519e-02
1.3120629133e-02
-7.7531295610e-03
-2.6285689767e-02
-8.1760608471e-03
-9.4472285312e-03
-2.7452268604e-02
-2.1557840473e-02
-9.4389591578e-03
7.5167728245e-03
1.4317321262e-02
-1.1511138515e-04
-9.5733429316e-03
1.7641379035e-02
-1.7694656208e-02
3.5741357825e-02
2.3409952699e-02
-8.4440910319e-03
-1.6294886902e-02
-2.3285426034e-02
-1.4059849313e-02
6.4715531848e-03
-1.2641631478e-02
-1.8480992723e-02
1.2461896393e-02
6.9043461184e-03
-1.3447794717e-02
2.0158417648e-02
-3.4033853053e-02
-2.2882125132e-02
-1.3602993708e-02
2.1136108918e-05
-9.8099653136e-03
-2.2365871906e-03
2.7148466405e-02
-7.5032525397e-03
2.6032764923e-02
2.3758447444e-02
8.5971697461e-03
-1.4885578356e-02
-2.2074240705e-02
7.3027814704e-03
3.8562072037e-02
-2.4420157042e-02
7.5683614258e-03
-8.9365421926e-03
-1.0709734245e-02
1.0743213586e-03
-3.7963135563e-03
9.7258457437e-03
-5.0351046755e-03
-8.7591215710e-03
3.6741461895e-02
4.1931748011e-02
-1.1233239347e-02
1.4338991307e-02
1.9699509447e-03
8.5320671172e-03
-2.9802688919e-02
-9.8816199271e-03
5.5400511600e-02
-9.5942134580e-03
-1.5159144319e-02
-2.5888809337e-03
2.7633839548e-02
1.1267424814e-02
9.1835870481e-03
2.8667062283e-02
1.0703285605e-02
4.5843677475e-03
-2.6563383071e-02
-5.8517349082e-04
2.3696571484e-02
1.1437359554e-02
-1.0751269631e-02
7.8789625874e-03
-1.4222094052e-02
-2.0179570105e-02
3.2361959000e-02
-1.4501980094e-02
6.9034179263e-02
3.7135882226e-02
-1.7070368722e-02
-9.1211960630e-03
1.4521129218e-04
1.4632730415e-02
1.1057191060e-02
-1.0452917816e-02
-1.1135491080e-02
-4.2875203412e-03
-9.4660223631e-03
-1.7654181246e-02
7.1329682298e-04
2.0475407510e-02
-1.4100470191e-02
-1.2999009927e-02
-3.4278646255e-03
-1.4527899798e-02
1.2530498848e-03
-1.0459583530e-02
5.0928644109e-02
-4.2692577294e-03
-1.0957606757e-02
-2.5131339539e-02
3.7385473913e-02
-2.5956108426e-02
-1.2430039509e-02
1.4362510365e-02
6.8485670194e-02
-2.8098117717e-02
-1.5324356877e-02
-2.4452877546e-02
-1.6468241835e-02
5.0717618224e-03
1.7143996618e-02
-1.4152670328e-02
-2.2486461240e-02
4.0856873339e-02
-4.0706897161e-03
2.1925311455e-03
-8.4466706063e-03
1.3116313007e-03
-1.7465482738e-02
-6.6621614308e-03
-1.2070653283e-02
-1.8938752025e-02
-2.2615514846e-02
5.4270666793e-02
3.4844771434e-02
-1.9573164880e-02
8.7019291666e-03
-1.4172392422e-02
8.3904287437e-03
-6.9179070019e-03
-1.3693245863e-02
-2.5086599354e-02
1.6871730871e-02
-9.5084901096e-03
-3.6951430282e-02
4.0161207498e-03
-1.4070017050e-02
8.1039045424e-03
-1.2444299583e-02
4.5660158394e-02
-8.4539046983e-03
-2.2319887671e-02
-2.4288257563e-02
3.0851066859e-02
-5.8331363671e-03
-4.0884040321e-03
-2.2170926302e-03
-2.7289971949e-02
-2.3920391260e-02
1.1145850284e-02
-2.3111071410e-02
-3.1066939004e-02
3.7412078114e-02
2.4316035080e-02
-1.1730818423e-02
6.0129769919e-04
3.4803552584e-02
-1.6802590429e-02
-7.8094827219e-03
-1.8008588998e-02
9.9802746074e-03
-1.1672234860e-02
6.3839302445e-02
-1.4208107453e-02
9.1315841514e-05
-1.1561738994e-02
4.3006885300e-02
-2.2160190001e-02
-2.6303432534e-02
1.9784185603e-02
-1.4288984788e-02
2.8462169668e-02
-1.2292291540e-02
-3.1850432844e-02
-1.2177098340e-02
-1.9940357231e-02
-1.1813104935e-02
1.3180352685e-02
1.0134349332e-02
1.3922084208e-02
4.0060519747e-03
-6.3670049556e-03
1.3007079384e-02
-2.3086995813e-02
2.2747319873e-03
-3.1781223038e-02
5.3152473897e-04
3.9205814315e-02
1.4141153321e-02
1.0320918716e-02
5.0959087083e-04
4.8667842700e-03
-5.2606276767e-04
-8.4248042701e-05
6.2725915463e-03
-1.1262326220e-02
3.0959107445e-02
-5.4145833579e-03
1.5434919580e-02
-1.5984099767e-02
-2.0980920574e-02
-1.1244910971e-02
-7.0860308596e-03
1.5863201878e-02
-3.2280963996e-03
1.3578560061e-02
2.1998566508e-04
2.3317352642e-02
3.0586530275e-03
5.5612339953e-03
3.9102759355e-02
-1.2297373894e-02
5.5973497018e-03
1.5460728805e-02
1.4774324130e-03
1.1921497000e-02
-1.2616884556e-02
4.2303438292e-02
8.2503352541e-03
-1.0358827270e-02
-2.6252603007e-02
-3.6034090595e-03
1.0723226418e-03
1.3389573669e-02
-3.1313483023e-02
1.2358299191e-02
2.1187624631e-02
8.5110754731e-03
-1.8836613946e-02
9.9323142615e-03
7.0361456411e-03
-2.5383939099e-02
-1.7199926519e-03
6.0951527627e-03
2.0956741623e-02
9.0118875619e-03
-2.2967098276e-02
1.2971554025e-02
3.1486046407e-02
-9.5482297760e-03
7.2502112233e-03
-2.5552545000e-03
-1.2557773527e-02
-1.5369933989e-02
-1.2057799532e-02
-2.4874533046e-02
2.5939500558e-03
2.7357404512e-03
-7.7640335646e-03
3.1886858887e-03
-1.4843067455e-02
-2.6600898834e-02
-1.3631178157e-02
-7.4247386929e-03
-2.3552492620e-02
1.6641017554e-02
4.0536994719e-03
-2.3598111705e-02
-1.7128581732e-02
-2.1206864581e-02
4.9080526465e-04
2.1494286286e-02
-2.1979813347e-03
-2.6264321822e-02
-1.1558719764e-02
2.2969823365e-02
-1.2455245808e-03
4.0417609088e-03
-7.8282129815e-03
1.3540991488e-02
1.8426573689e-02
-9.9679392046e-04
1.2359779110e-02
7.2591984442e-04
-1.5923699963e-02
-5.4795988371e-03
6.4707105887e-04
3.9321377189e-03
2.1654558682e-02
-1.3820972686e-02
-2.6414596354e-02
-4.5602828906e-03
-1.1604633068e-03
1.2234875776e-02
1.6365125158e-02
-6.3965816750e-03
6.9106563828e-02
3.3024882055e-03
-4.4332849991e-03
-3.7894051420e-03
-1.5407804473e-02
2.3247999284e-02
-2.3452807895e-02
-1.0141883462e-02
-2.8455250803e-03
3.4687774520e-03
-2.7750082119e-02
7.4397118164e-02
-1.3768520206e-02
-8.2132412589e-03
2.4874687467e-02
-4.1519759095e-03
-1.2753674296e-02
3.7663788144e-02
-1.8025806763e-02
2.3911009070e-03
3.0978429926e-02
-1.4110114576e-02
4.2623328842e-02
-4.5552437026e-03
2.1461638171e-02
3.2716255540e-02
-2.0274907759e-02
-1.9105653856e-02
1.1693768153e-02
-2.5863481696e-02
2.7033130644e-02
6.1560190354e-02
-1.9909680709e-02
-7.6866148167e-04
-1.3528324301e-02
-2.5113409497e-02
-1.8179149614e-02
3.2300651805e-03
1.6834035478e-02
1.1746902634e-02
-1.4246415391e-03
-8.6371288113e-04
-9.7122221176e-03
5.0520817625e-03
-1.4890659049e-02
1.2578806875e-02
-1.2277430243e-02
6.4974042028e-03
4.2327068152e-03
-9.2680930882e-04
-1.5419120460e-02
-1.3332574168e-02
2.9025256251e-02
3.9465811349e-02
-4.6088207891e-05
7.7022214478e-03
1.8919343037e-02
2.2579048463e-02
1.1843817563e-03
-2.0371376042e-02
-1.1476589649e-02
1.0835635792e-02
-1.5549467460e-02
3.0998128197e-04
-1.8345343101e-02
-1.0316312227e-02
-1.5842242194e-02
1.1619988674e-02
4.3933237445e-03
-3.0881300418e-02
-9.6372963198e-03
-2.0085350400e-02
-1.1531998911e-02
1.5676042118e-02
-2.7648242953e-02
1.7054083852e-02
-1.0835054411e-02
-1.4235216269e-02
-8.6097624488e-03
2.3179912992e-03
9.1496966523e-03
-2.1229504371e-02
-8.6549029986e-03
-3.0542757008e-04
3.1843140438e-02
-2.3102039753e-02
-1.9192613935e-02
-2.9651390520e-02
9.4610741554e-03
6.0306931088e-02
1.1505480191e-01
-1.8785745271e-03
-2.5981300680e-03
6.4653051521e-03
-2.2471715902e-02
-1.5332101023e-02
1.5758494417e-02
1.7622404191e-04
-2.7843159597e-04
8.5887838882e-03
5.3721346494e-02
1.0387748080e-02
-2.5277676020e-02
-1.0109934464e-02
-1.8803834142e-02
-1.1564595134e-02
-1.6087259436e-02
7.8772668970e-03
-1.4374773607e-02
2.2381888550e-02
-2.6393081524e-02
-1.4797523513e-02
1.1871146156e-02
-1.3219701512e-02
6.8411245973e-03
-1.7287709678e-02
1.2688775948e-02
-3.6950100405e-03
3.5491704181e-02
2.8388436981e-03
3.5630955072e-02
1.8501144451e-03
-5.7371905379e-03
1.6024582222e-02
-1.1924784731e-02
1.3937343675e-02
6.9440189110e-04
2.6144365110e-03
-1.1838653966e-03
-1.1849249952e-02
4.5867323287e-02
-2.9669550162e-04
-1.7198504180e-02
-2.5378680194e-03
1.4805547216e-02
-2.7496491993e-03
-2.4124597086e-02
3.5252200044e-02
-2.4230375320e-02
2.8150565319e-04
9.4179509644e-03
5.1244970238e-03
1.0885135973e-02
-1.1856226532e-02
-2.6892707074e-02
-6.7918065840e-04
3.4145690432e-02
-2.9157081634e-02
3.1430343529e-02
2.3990462393e-02
-7.7461509592e-03
2.0113753396e-02
5.8986695260e-02
2.0951530170e-04
6.9698606395e-03
6.5081435450e-03
2.1038771315e-03
-1.0591792924e-02
-1.3380650632e-02
2.5044641761e-02
-3.2743905209e-02
-1.4461248178e-03
-2.0278839238e-02
-1.2509958027e-02
-3.5689407092e-03
-4.3733273116e-04
1.7140716556e-02
2.7695121747e-02
-3.2105228471e-04
7.8183017827e-03
-1.9958774580e-02
-1.7806147515e-02
2.8453920715e-03
-7.0879197744e-03
-9.9534066258e-03
-1.7114104440e-02
-9.3090592657e-03
-1.2606647664e-02
4.3425372793e-03
1.8886071098e-02
-1.7099219558e-02
-1.9053840733e-03
4.1016116810e-02
-6.2896771262e-03
-2.3741333198e-02
-2.1158305456e-02
7.8514595702e-04
-1.4261138078e-02
-1.8727335933e-02
-7.8093176360e-03
-3.8735587325e-03
4.9035828041e-02
-1.7841773921e-02
2.7335549901e-02
2.3589463728e-02
-6.1769017288e-03
1.2013412877e-02
4.2005282506e-02
-8.8134448605e-03
1.9102788271e-02
-2.7327902394e-02
-1.1127000534e-03
1.3623384753e-02
-1.6768158852e-02
2.5712320712e-02
4.7963611324e-02
-2.7296289598e-04
4.3419786292e-02
1.0369332883e-03
-1.8639345331e-03
-8.9564775408e-03
-1.0531891051e-02
-1.9979017700e-02
6.2903822549e-02
1.4597745535e-02
-2.3586954189e-02
-1.4422990953e-02
-1.9730359576e-02
1.2057033175e-02
-1.3035314284e-02
8.9072484397e-03
-7.8091235324e-03
-1.5173923634e-02
1.4132841335e-02
4.8711166695e-02
1.0456645326e-02
-2.0042068252e-03
1.7862455721e-02
1.5949345520e-02
1.9000530161e-02
-6.9747023178e-03
1.8715858565e-02
-2.8577721468e-04
-1.4695777924e-03
-1.2917841974e-03
-2.4019267885e-03
-1.7925557355e-02
-1.0719695493e-02
-3.1559433501e-02
-2.1411189480e-02
1.5948197635e-02
4.1042866118e-04
-1.4817321379e-02
9.0147788721e-03
2.3109764534e-02
-1.4557778950e-02
-3.9788824674e-03
3.4707202338e-02
1.1735092528e-02
5.0115090191e-03
-7.3810597190e-03
-2.5900474188e-02
-9.5019218341e-03
7.9614779325e-02
8.5732016134e-03
-1.2584422267e-02
-1.7903687420e-02
2.3127971621e-02
-2.2989000024e-02
2.4453073561e-02
1.9789870095e-02
-1.0482857194e-02
9.9864008562e-03
2.5756404929e-02
7.2559323482e-03
6.3538364686e-03
-2.0856282349e-02
5.9918012651e-03
-2.1287473487e-02
-2.7181890585e-02
7.4762564906e-03
2.1933081362e-02
2.1984248445e-02
3.7187717658e-02
1.3890966007e-02
-1.9626570594e-02
7.6948374203e-03
9.9915075298e-03
9.5597081967e-03
-2.0607980149e-02
-1.2276496087e-02
1.5406343400e-02
1.1202344724e-02
-1.8926439040e-02
5.4199686313e-03
-1.1243491463e-02
2.1117215759e-02
-9.7418794676e-03
7.1056482236e-03
-1.1095832607e-02
7.3933470258e-03
-1.4103482705e-02
1.6068302766e-02
-2.1059711677e-03
-1.1909720393e-02
1.6843622095e-02
2.5123921994e-02
-5.0294551128e-03
-1.5370202880e-02
1.6007173478e-02
-1.2657110208e-02
1.8268704703e-02
3.9931502961e-02
-3.2827978690e-02
1.5632284953e-04
-3.3838822009e-03
4.4279940201e-03
-1.9700274803e-02
4.5687058256e-03
-1.0243922303e-02
-2.3467990724e-04
2.0524079837e-02
-2.1102096378e-03
-3.4214832862e-02
-8.8872408615e-03
-5.4224174337e-03
7.7430934584e-03
2.6490414499e-02
-2.8243401894e-03
1.6083715318e-02
2.8281634392e-02
-3.6488962321e-03
-2.7774277119e-03
-2.8347100515e-02
2.2339497489e-02
1.4955971560e-03
-9.3119642934e-03
1.3939008828e-02
5.2252368082e-03
5.4924432144e-02
-6.8028375592e-03
3.0766022274e-02
-8.2649918967e-03
-1.3804204691e-02
1.4119874467e-02
4.1168335347e-03
7.9010349962e-03
-1.7478705607e-02
-1.7181683193e-03
-2.5292569194e-02
1.3009719898e-02
-8.5459113308e-03
2.6397828953e-03
4.9591593458e-02
-9.7110588141e-03
-1.6902695017e-02
5.4123738074e-03
-2.0379827953e-02
3.9707272402e-02
3.1980084116e-05
-1.6502409501e-02
3.1765283791e-02
-2.1455772916e-03
1.1200132778e-02
-7.3855996943e-03
-1.3138234868e-02
8.7905098928e-03
9.7723453659e-03
-2.5923756943e-02
5.2416365925e-02
2.2578781828e-02
7.3988672821e-02
-2.0862280764e-02
-1.5844995030e-02
-3.0642538140e-03
-2.2507828567e-02
-1.2737600183e-02
1.1299349801e-02
1.0881303090e-02
2.1771949010e-02
3.9429450749e-02
1.0721104268e-02
-2.4041667023e-02
1.2496393754e-02
-1.5104649712e-02
-1.3794591229e-02
-1.0794555703e-03
-2.1001545686e-02
8.2050614802e-03
-3.3124271841e-03
-1.5800647809e-02
1.6789286774e-02
2.9763907940e-02
-1.0398821204e-02
1.1501222398e-02
-1.2815642361e-03
-7.8383957168e-03
-2.2950466734e-02
-1.1785401493e-02
-9.5245005754e-03
1.5825496272e-02
1.8087067133e-02
-8.2344416625e-03
-9.8830872977e-03
4.9003906696e-03
2.3716781022e-02
3.0922507174e-02
1.7674000653e-02
-2.6464706764e-02
2.4173795716e-02
-1.2449784718e-02
1.0360646117e-02
1.4829013405e-02
-5.6937460318e-04
-7.2520614978e-03
1.3311760525e-02
-1.0592397691e-02
2.3390534516e-02
-2.2004121725e-02
-1.5182762961e-02
-2.5405657127e-02
6.0646175350e-03
-9.2433932433e-03
-7.6090614008e-03
-8.7037930667e-03
-1.9851740794e-02
-6.4531682012e-03
-2.7010962848e-04
4.2011527212e-03
3.8550420583e-02
-1.9319800530e-02
3.9792953421e-02
3.3135267125e-03
-1.6068458257e-02
1.2681210879e-02
-2.1678231063e-02
4.2858541616e-03
-2.4548789285e-02
6.6976678998e-02
2.2412452762e-02
-2.9613902178e-02
2.8420621930e-02
-2.4983578411e-02
-2.7107792078e-02
-6.8990517429e-03
-2.4603457940e-02
3.4063654558e-03
-1.1183351023e-02
-3.5879201129e-02
1.2901383704e-02
-1.5475934345e-02
-4.1572695168e-03
7.3414051018e-03
4.6220599206e-02
-2.5345721438e-02
-1.6165035667e-02
-3.9110480942e-04
-1.0952402408e-02
2.2247230421e-02
1.9140433677e-02
3.3756360165e-02
9.6527662171e-04
-5.7143453020e-03
6.3818364213e-03
-1.0668108222e-02
9.1112994906e-03
4.4521525288e-03
1.9659641179e-02
-1.0431134844e-02
-1.3023697710e-02
3.5939430466e-03
-1.5376062155e-03
1.7240854381e-02
-7.8914013230e-03
1.2865793391e-02
-5.1533744053e-03
2.7598182082e-02
-9.8295607817e-03
-2.6404701433e-02
2.7560020484e-03
1.2583937120e-02
-7.2626797593e-03
-1.6232955166e-02
-1.4236118840e-02
-1.9285545703e-02
2.1077004121e-02
8.7900969401e-03
7.3299179520e-04
8.3275796438e-04
-2.5340064636e-02
1.2403109401e-02
-1.9428136772e-02
7.1384766207e-03
-2.9077717628e-03
-2.1434536869e-02
1.6932577004e-02
-5.3896603204e-03
1.6996167899e-02
5.0564465647e-02
1.3917165513e-02
-2.1724263147e-02
-2.3189684637e-03
9.5867100222e-03
-4.0510627908e-03
-1.9724909180e-02
-1.2888114613e-02
-6.4179190392e-03
7.4354491335e-03
7.5217435622e-03
3.3347139455e-02
-2.1792101725e-02
-1.6521977770e-02
-2.0182249025e-02
-1.6666185770e-02
-1.8499874730e-02
-1.4697570986e-02
-2.4536703422e-02
-1.5774229129e-02
4.2576537320e-02
-1.7873975602e-02
5.8065167436e-03
3.9082441993e-03
-3.0488929252e-02
9.3441913053e-03
8.5663730587e-04
1.6111697057e-02
-1.6686735405e-02
-1.6833638341e-02
9.5667378515e-03
6.5127837479e-02
-2.8013262423e-02
5.8111595407e-04
2.7282258168e-02
-2.0838691239e-02
-1.7370561936e-02
-9.7010034590e-03
-1.6862656304e-02
3.2776518656e-02
-9.2650347520e-03
1.1805518730e-02
-1.7428788904e-02
-2.9144789575e-03
2.7717225159e-02
8.8910414072e-03
2.1835942898e-02
-1.4374539984e-02
-1.4839423501e-02
2.6909795576e-03
-4.3205267784e-03
4.8483079441e-02
2.0009306807e-03
-5.0771158554e-03
6.7824169938e-03
-1.0953940005e-02
1.8908419820e-02
9.6485217475e-03
-1.9361425327e-02
2.9181023828e-03
3.2694264231e-02
-1.9196142756e-02
4.5666965223e-02
-8.5095369263e-03
2.1727999573e-02
1.8680747446e-03
-1.2159993810e-02
-1.1937506634e-02
-1.8798120015e-02
-2.4221827148e-02
-1.6059075524e-02
-2.6215149345e-02
-3.2094641312e-02
7.8208438258e-03
2.6492516623e-03
2.4407868884e-02
1.7894518137e-02
-8.6567603321e-03
-7.9513192280e-03
1.4007440377e-02
-9.1899311699e-03
3.3634832570e-03
-2.1168317318e-02
-2.8158508465e-03
8.9082632029e-04
5.9695346855e-03
1.6622601315e-02
7.6848281301e-03
-1.5764221894e-02
7.2547625231e-02
-2.1776353310e-02
7.9856201472e-03
-1.0209269332e-02
6.6465689276e-02
-1.8267934811e-02
-1.9949348804e-02
-4.0458464951e-03
-1.7911279989e-02
-1.7809362844e-02
2.4128586439e-03
-2.4090736731e-02
-2.4649724102e-02
-3.3863672348e-03
5.5530666313e-03
3.5734076463e-02
-8.5714411342e-03
-1.1516296688e-02
1.4633015748e-02
1.0969055172e-02
-1.4111969744e-02
-5.8199305801e-03
-1.1534964486e-02
-1.0604339920e-02
3.5494158213e-03
3.4381930889e-03
8.0027751782e-02
-1.2386555076e-02
-4.0058640931e-04
-1.1444699710e-02
-2.5241540307e-02
6.2809023993e-03
-4.7698762695e-03
-1.4204697188e-02
3.3193973370e-02
1.4172509236e-02
-4.3926044825e-03
-7.0649563864e-03
2.2116577297e-03
-1.4153292399e-02
5.6428354590e-02
-1.5589257284e-02
-1.6990336230e-02
-1.1691966492e-02
-7.8877657273e-03
1.6472745751e-02
5.2894459021e-03
-2.0683622483e-02
2.2027243999e-02
3.4974741626e-02
-2.0128279450e-02
1.7787254596e-02
-1.3545242759e-02
8.8414110014e-03
-3.9178422229e-04
-1.4515145450e-02
-2.2954779021e-02
-1.4282587905e-02
-6.3295387536e-03
1.8215489751e-03
3.5868766871e-02
-1.0504889721e-02
3.8848337818e-02
-1.1108770038e-02
3.3974466052e-03
1.5921759763e-02
-1.4111799029e-03
-1.6455271284e-03
-4.6129549261e-03
8.9864825818e-02
7.9009979067e-03
-2.8918560746e-02
-2.2520698475e-03
-4.0172848357e-03
-2.7383167540e-03
-6.7116074100e-03
1.1210169322e-02
-7.5435636877e-03
1.3456973179e-02
1.1713747382e-02
4.4972202197e-02
7.9714013289e-03
8.2612514302e-04
2.9903155478e-02
-2.5266052586e-03
-1.8655714502e-02
-2.5215031767e-02
6.3552699486e-02
-5.2677240992e-03
-1.4219979851e-02
-1.8761144124e-02
1.7353559392e-03
4.4186743626e-03
-8.9604512863e-03
3.2563228437e-02
-1.3393118383e-02
8.1207088311e-03
5.7965025532e-04
2.0957843764e-02
-9.9591184699e-03
-1.0957107731e-02
-7.6987168176e-04
-1.0902788983e-02
4.4056566556e-02
5.3416175692e-03
1.8777167370e-02
7.9376086353e-04
6.0148485809e-03
-3.3432896120e-03
1.9660252258e-02
-1.2490885393e-02
-4.2378726294e-03
-1.7728192947e-02
5.4525835636e-02
-2.0983306051e-02
1.5151125324e-03
3.3312177752e-02
1.0774209282e-02
-3.0621786799e-02
1.1092556517e-02
-4.2240263478e-03
9.0733995191e-02
1.0858305820e-02
7.6751972956e-03
4.9592298497e-02
9.0497434675e-02
1.9744562859e-02
6.6912093982e-03
-9.8417673926e-03
-2.6965759548e-02
7.6829810514e-03
2.7202615864e-02
-8.0732641127e-04
-4.1492157346e-03
3.2002094074e-02
-2.0831860993e-03
-2.0286456849e-02
5.2138536692e-03
5.8605068078e-03
2.8003421286e-03
-1.8778978447e-02
-2.1306222979e-02
1.9800494800e-03
-3.6471694381e-03
3.6212860095e-03
1.2240333941e-02
8.4922692093e-03
-9.5337791894e-03
-1.5729447407e-02
5.3711641255e-03
-3.7182108247e-02
-2.3162824376e-02
-6.3152477134e-03
-2.0402830567e-03
-1.6405673776e-03
-8.7240712283e-03
-1.4525722360e-02
-7.5706791738e-03
-6.8753707730e-03
2.4082016992e-02
-8.4553475080e-03
-7.0620333519e-05
7.3974370605e-03
-1.9310035928e-02
-2.5789489680e-02
4.6889900926e-03
2.6549057909e-03
-1.4153822070e-02
-1.8507286560e-02
-8.1673123702e-03
3.1222337689e-02
-2.3270270463e-02
2.1247051677e-02
9.9454031068e-03
-2.0096414484e-02
9.8314569597e-04
-4.1975732373e-03
-9.2854098944e-03
-6.4761104909e-03
2.0020628326e-02
-8.3821167278e-03
1.1175295891e-02
3.3128256211e-02
-6.2696521986e-03
-2.6593966966e-02
-1.1332165924e-03
-1.5471404579e-02
2.6639302090e-02
-1.6894343868e-02
-1.3098839786e-02
-1.3551682828e-02
1.2209427524e-02
-4.9024495442e-03
9.6382337676e-03
-1.0527693085e-02
1.5079574443e-02
-2.8061132281e-02
-1.2449450558e-02
-7.4140487770e-03
3.2581176607e-02
-9.6955280655e-03
1.1437009107e-03
-1.1982571528e-02
5.4971852616e-02
2.9507382226e-02
-4.3903779435e-03
2.9361121721e-03
2.7649834375e-02
8.8617185889e-03
1.1991321585e-02
1.6183886330e-02
-1.4946332820e-02
-1.3821777206e-02
2.5538608938e-03
2.2404061856e-02
-1.4222120219e-02
-1.0422637191e-02
1.0339726652e-03
-2.0264496943e-02
2.6951928574e-05
-1.9819076282e-03
-4.1172532892e-03
7.6953381809e-02
7.0952093893e-03
-4.0700772655e-03
1.6893154341e-02
1.1872055769e-02
-1.3245342712e-02
-1.7193894215e-02
-2.7481320461e-02
-4.7966244539e-03
-5.9453818220e-03
-9.7714788028e-03
6.4770475843e-02
8.2765509553e-03
9.3597806211e-03
-8.6302678962e-03
1.3382586190e-02
6.3334782916e-03
1.2053306503e-02
2.1639245241e-03
-2.2834979446e-02
3.2944510188e-03
6.2068495962e-03
8.3499420042e-03
-1.4819440593e-02
9.7806341311e-03
2.5108128051e-02
4.8292684484e-02
1.1174038801e-02
3.5906488261e-02
-7.7661150897e-03
-8.6093997084e-03
-8.3534846862e-03
-1.7653022500e-02
1.4035240407e-03
5.0277652143e-03
3.4717220649e-03
2.0009024612e-02
2.0867649221e-03
1.2434080976e-02
-6.6083858867e-03
1.5946059843e-02
2.5624609884e-02
1.2465804316e-02
3.8237851387e-02
4.7898440342e-03
-2.3784530495e-02
2.7108097253e-02
2.7645853950e-02
-3.1266036268e-02
3.2922166307e-03
-1.5910732549e-02
2.0208169861e-02
-2.3883479703e-02
-1.2965448592e-02
6.2284691256e-03
3.8748663977e-02
-6.7096970961e-04
-1.9684786288e-03
-3.0928466286e-02
-2.2068153411e-02
-1.1748829092e-02
-7.7069095252e-03
3.8583495285e-04
2.2904545349e-03
3.4888517986e-03
-2.9705033818e-03
7.7986887142e-03
6.5641972045e-03
-8.5730300337e-03
2.2403814100e-03
-1.2207929850e-02
-1.6365577765e-02
1.8288138855e-02
-9.4625818065e-03
-6.1487874600e-03
7.1572454712e-02
1.0605858938e-02
-1.7631819702e-02
-1.9450266991e-03
9.2594377837e-05
-1.5884486104e-02
-1.9662210417e-02
8.6720649242e-04
3.7211004901e-02
9.1443226159e-03
-1.4397035552e-02
-9.8616822100e-03
9.6919835184e-04
9.5232478819e-04
-1.7232406824e-03
-5.3413567488e-03
1.0860460783e-02
-1.0805144412e-02
-9.5117381881e-03
5.0056958734e-02
8.5010748915e-03
-1.3295099743e-02
-1.6626890630e-02
-7.1437796058e-03
7.4274612509e-02
-1.0719023027e-03
1.0712611247e-02
1.6212931114e-02
-1.8280928889e-02
4.9282862105e-03
4.1478322431e-03
9.6548905694e-03
-1.4817324827e-02
3.0854107992e-03
2.0911363439e-02
-2.3140608916e-03
1.9914618870e-02
1.1037653347e-02
3.1768427897e-02
-2.1950079539e-02
3.2861501576e-02
5.7825500125e-02
-2.0627835044e-02
-1.3944520900e-02
2.9239933909e-03
3.8931609203e-02
-1.1455409357e-03
5.2175704540e-03
1.0248405840e-03
1.5920989713e-02
-1.9347638034e-02
1.8446950127e-02
2.7633838074e-02
-1.0828327349e-03
-3.0168613448e-03
-7.9484260912e-03
1.7662533628e-02
-2.6335991234e-02
2.9775268447e-02
2.8974957686e-03
-1.5784746396e-02
-1.0956330148e-02
-3.3537921053e-02
4.5893303360e-02
5.5851996153e-04
-1.0564596863e-02
5.6734857296e-03
-1.4756828750e-02
3.8854466997e-02
-1.5415378084e-02
6.5369360178e-03
3.4703311803e-03
-2.3582102618e-02
-1.4027249434e-02
5.0468976037e-03
2.5831059075e-02
7.5905474435e-03
8.2663532822e-03
1.7993107666e-02
2.9333556642e-02
-1.7878736006e-02
-1.5298427894e-02
1.3350004832e-02
3.1502133968e-02
-1.8813393216e-04
-2.4651202506e-02
2.4646425512e-02
1.5487758967e-02
-3.9660099923e-03
1.1047885850e-02
-1.3696142204e-02
1.8230187247e-02
5.8186251635e-02
-1.5494332469e-02
-1.8179175792e-02
1.3081395645e-02
-3.8651126153e-03
1.4812559041e-02
2.9539092546e-03
-1.4497119914e-02
-2.7616145549e-02
1.1517458748e-02
7.7512674784e-02
-8.2753954718e-04
1.1112653607e-02
-1.4227893474e-03
1.0550913005e-03
-4.3648713652e-03
1.5976644234e-02
-1.8559981356e-02
-2.9546110512e-03
4.8320392576e-02
-5.9133781896e-03
-1.6296485140e-02
4.2476024638e-03
8.1527028863e-03
-1.7677854616e-02
5.1317253855e-02
-4.9270402389e-03
-1.6793833119e-02
2.4711646039e-02
-6.8738057072e-03
2.7901970722e-02
2.2835354730e-02
5.6446509551e-03
1.4150341502e-02
3.6994139721e-03
1.5249398947e-02
1.8365997904e-02
7.2974459331e-03
-2.2103262146e-02
2.7015455836e-02
2.6056985164e-02
1.6734048924e-02
4.5392919178e-03
-9.6072433325e-03
-8.0373973476e-03
1.2685795750e-02
-1.6261446268e-02
-1.1559954177e-02
-2.1282853110e-02
-5.4475817354e-03
4.5795593329e-02
5.1260298222e-02
1.1093564233e-02
2.8532739026e-02
5.5435636963e-03
-3.1812840129e-02
2.3058942748e-02
-3.8554000154e-04
-1.2368213865e-02
-4.1201454275e-03
-3.0031172378e-03
1.3965021720e-03
3.0692470105e-02
-9.8422252994e-04
-2.4674401482e-02
1.6868186972e-02
3.0378076875e-02
1.9561468531e-02
-2.4784501210e-02
-1.1067053002e-02
-1.8950198527e-03
-5.9549768985e-03
-8.1947589119e-03
6.2396851699e-03
-2.0539693783e-03
1.8551670035e-02
4.2015861101e-02
7.9713751497e-03
-1.2974667998e-04
1.4785066671e-03
-1.7752688543e-03
4.0686004156e-02
1.1320714549e-02
-6.0009590841e-03
2.1024808479e-02
1.1332641418e-02
-8.2492662397e-03
2.1407485748e-02
-1.4126011089e-02
1.0103244645e-02
5.0097027616e-03
-2.2392897831e-02
-2.2550850348e-02
7.2370288973e-03
-6.9363137104e-03
-1.3561726777e-02
4.9928231605e-03
3.4804112426e-02
-4.9084582926e-03
-2.2307787819e-02
2.5985767788e-02
5.6886139111e-03
-1.3786761981e-02
-3.5525732440e-03
-1.2266000832e-02
-1.1216058702e-02
9.1122107969e-03
-1.0279812183e-02
1.9772088787e-02
-2.9315386220e-02
1.3674820698e-02
1.2560292180e-02
3.3134615647e-02
1.3787690830e-02
7.0374314709e-02
-9.6318333577e-03
6.3259905104e-02
3.4516370932e-02
-2.3248175889e-02
4.0108719205e-03
1.3099910014e-02
-4.8023889753e-03
-1.1690375336e-02
3.4579602249e-02
-2.4173082610e-02
1.1544276210e-03
-2.3508020692e-03
-9.0170645773e-04
-4.3744441960e-03
3.6428588450e-02
-2.6337215859e-03
5.7482897153e-03
9.5733322659e-03
4.8150687574e-03
-1.1805697183e-03
-8.1259111901e-03
-2.2850289680e-02
-7.6569371169e-03
-3.0591517138e-03
1.1908300949e-02
1.3591854198e-03
-1.5236851314e-02
-1.3420448321e-03
-1.5281006646e-02
-2.1268665870e-03
6.9290640596e-03
1.8206970198e-02
-7.2390385995e-03
1.1543525441e-04
-1.5350444744e-02
7.7825584829e-03
1.4311144774e-02
3.3484736746e-03
2.2459638138e-02
2.5365179839e-03
-6.2109833051e-03
-1.6722479427e-02
-1.4700386991e-02
1.3800367708e-03
-4.2165979942e-03
8.5646689014e-03
-1.2749665915e-02
1.6154176663e-02
-8.7694524728e-03
3.2588936583e-02
3.2389909326e-02
1.6913553224e-02
-1.8598722509e-02
-1.4492435479e-02
-1.0355352878e-02
1.6110901618e-03
3.1443560784e-02
1.3599007872e-03
9.4204845578e-03
2.4048429108e-02
-5.2770327173e-03
3.9196202541e-03
-1.4860084380e-02
5.3687273696e-02
4.4816644368e-02
7.5877878382e-03
1.0302423276e-02
-6.5480875183e-03
6.0565049585e-03
5.2073987645e-02
1.2796898530e-02
5.0695640132e-02
2.5661181327e-03
-1.5019772210e-02
-1.1678220723e-02
-2.2924053297e-02
-8.8217578708e-03
2.8514581679e-02
-1.9294522085e-02
1.8943569415e-03
-1.5229128615e-03
-2.7928609947e-03
-1.4407676113e-02
1.7082011074e-02
-1.5873481476e-02
-1.4483190253e-02
-1.1870359497e-02
-2.6845408998e-02
-2.8189367123e-02
-1.5433853509e-02
-4.4049280545e-03
2.2894584235e-02
-8.6051737906e-03
4.8322480112e-02
2.1091511264e-02
1.0728391186e-02
7.2488977356e-03
1.2187240646e-02
-7.8450360946e-03
-1.0119800473e-02
-1.3441339379e-02
2.2024276363e-02
-3.5191578687e-02
-8.7389114733e-03
6.3603213944e-02
-2.2005528210e-02
2.2135734930e-02
1.9463404591e-02
-2.6920512981e-02
1.4460026765e-02
1.1735435289e-02
-1.3785078779e-03
4.6496703495e-04
6.4836611735e-02
6.0683744716e-03
-1.7736237205e-02
2.9974214580e-02
2.9314193257e-02
1.7271356244e-02
-7.6866091608e-03
1.9026793283e-02
-2.5470432009e-02
2.8474283782e-02
-2.4805689562e-02
-7.3926679961e-03
-1.6025645221e-03
-9.6693906751e-03
3.6277869372e-02
-7.0878779738e-03
-2.9553945201e-02
-3.9250210853e-03
4.7314779698e-03
-1.0685387271e-02
-2.5500490342e-03
-1.3180023237e-03
4.4973419179e-03
3.5366573156e-02
2.0309224477e-02
-7.7793952953e-03
-3.1990406846e-03
-3.0359116698e-02
2.3085879072e-02
3.5649561674e-02
1.8128975814e-03
2.0697102097e-02
3.8420246436e-02
1.4409519203e-02
2.5557818582e-03
2.8873405690e-02
-2.3620886346e-02
1.9925725227e-02
1.0441052008e-03
-3.5743534216e-03
3.3380413638e-02
-7.1098975059e-03
2.7782538206e-03
-1.0864263601e-02
-5.9994115103e-03
1.4614121249e-02
-1.7831921286e-02
2.1157080672e-03
-2.1295571588e-02
-2.5185480789e-02
-5.0371485328e-03
-5.2390581612e-03
-2.9206527879e-02
7.6031841232e-03
4.2729361230e-03
-1.5218583372e-02
4.2940588264e-04
-2.1669119328e-02
9.2906595171e-03
1.7065049500e-02
2.1623691629e-02
-2.5129215274e-02
2.0689904557e-02
1.5516882991e-02
-1.1875609477e-02
-1.5373519172e-02
-1.5618763037e-02
3.3550328143e-02
9.5743470171e-03
-1.5227278223e-03
3.4718532142e-02
-1.7424742061e-02
-1.4972271519e-02
9.5836491642e-03
-1.2489754585e-02
4.9892747200e-02
-1.8350598817e-03
2.1254231217e-02
4.2782542528e-02
4.6970872149e-02
2.4064672645e-02
1.3462023329e-02
-1.6082073399e-02
-3.4771950958e-03
-6.9812173844e-03
-1.8943068857e-03
3.8680652443e-02
-1.0426426327e-02
-1.7401501326e-02
-3.2561699049e-03
-1.8118682040e-03
3.1850714382e-02
-2.6948566319e-03
-4.3057005804e-03
-2.4892923586e-02
6.9177545429e-03
-1.7809168381e-02
5.1287058249e-03
1.2749229665e-02
-1.1058509139e-02
1.4158332729e-02
-1.0618423124e-02
4.9880116377e-02
6.2956316814e-02
-1.0074930570e-02
-3.5413198888e-03
5.2748628556e-02
-4.8401280012e-03
1.9991718696e-02
-1.6641939926e-02
2.1440392151e-03
2.2574887780e-02
-2.7247904826e-02
8.6347254329e-03
4.3375932405e-03
2.3914257745e-02
2.0098052593e-02
-2.2694870421e-02
-2.2625456387e-03
-6.6820126397e-04
6.0467903914e-03
3.6036304881e-02
1.7899821995e-02
2.8714715643e-02
5.0336044994e-03
-7.3418815291e-03
3.2330168883e-03
3.6795229458e-02
3.3057540642e-02
7.7384228565e-03
-1.0236908843e-02
-1.2061030222e-02
-7.7960605001e-03
-4.7991979103e-03
-1.0263009837e-02
-1.0654425312e-02
-4.7530373475e-03
-1.8478726447e-02
-7.6222180746e-03
2.1502164757e-03
-1.0954135819e-02
3.1979491283e-02
-3.1813239198e-03
-4.7889017525e-03
5.3901186556e-02
-8.4235768389e-03
-8.0692983822e-03
-1.3728337585e-02
-3.0862642121e-03
2.2970163261e-02
-1.9552373349e-02
-2.2089485061e-02
2.7315732152e-02
2.4321752673e-02
-1.8924974105e-02
-3.5419691984e-04
7.1832042434e-03
-8.9777942278e-04
3.2198313770e-02
-1.7091230772e-02
4.1939973109e-02
1.2477560644e-02
9.9717486788e-03
-1.8628413212e-02
-1.1696642188e-02
2.7672996245e-02
2.0977932770e-02
-3.7692876181e-03
-1.5712215007e-02
-2.1905916478e-03
3.7523163173e-02
-1.4503482972e-02
-2.1054618318e-02
7.9032727131e-02
-1.9008073956e-03
-4.7632229701e-03
2.6348854630e-02
-6.5204566359e-03
1.8826067926e-02
-7.2295370940e-03
1.1673300305e-02
1.7454233264e-02
-1.6730261288e-02
-1.7613331229e-02
8.9966641272e-04
2.1314598071e-02
-2.4511247086e-02
-1.4376729244e-02
1.8788215811e-02
3.8118789288e-03
3.9553127066e-02
8.1253639620e-02
-1.3728680662e-02
1.1452666142e-02
-1.3546600967e-02
1.5820578276e-02
3.9633787422e-03
-7.6294577370e-03
-1.7295841561e-02
-3.4930770830e-02
-3.8698490641e-03
4.7190644929e-03
-1.9840049833e-03
7.0368539526e-03
1.6391494882e-02
1.5213961278e-02
-1.5205971743e-02
4.0386891846e-02
2.2272237434e-02
3.0743162546e-02
-1.4721311558e-02
-2.0787180745e-02
1.1566668761e-02
-7.5883665122e-03
2.3191700810e-02
1.3365083996e-02
1.4367849769e-02
-1.8030497513e-03
1.7389092867e-02
1.9253031077e-02
4.1381998177e-02
4.6579591013e-04
-4.5020793443e-03
2.3177872566e-03
-1.4654566580e-02
-1.5929658163e-02
-2.7177588583e-02
6.1869096819e-03
5.2743932298e-03
3.3130928640e-02
-4.2451834177e-03
-4.1720002465e-03
-1.9344579943e-02
-5.9788934316e-03
-1.2177531527e-02
1.5098810559e-02
-1.8867148319e-02
-1.0464485245e-03
1.0678016905e-02
-8.6970405444e-03
-7.5744700756e-03
6.2316066870e-04
-6.5188601882e-04
-2.0052703124e-02
3.3119058538e-02
-1.5253165057e-02
-1.0437735799e-02
4.3267299329e-02
-3.9685243663e-03
2.1646280129e-02
-4.8670107829e-03
8.7352925959e-02
1.9038736885e-02
-1.2556198673e-02
4.8714551670e-02
3.9856679083e-02
1.5408172727e-02
-1.5331071635e-04
-8.4537968720e-03
7.7766748200e-03
2.1455940214e-02
7.5844469570e-03
-1.5672147967e-02
1.0081371605e-02
2.3414282670e-02
-1.3087650926e-02
-7.7811125264e-03
-1.8835859369e-02
-1.3136959876e-02
-7.9943112048e-03
1.8643896488e-04
-1.9502384286e-02
-1.3151382160e-02
1.0675211657e-02
-7.8173056021e-03
-5.7522483940e-04
2.0155207494e-02
-9.9151104961e-03
-1.3211346128e-03
3.7306906974e-02
-1.9914924827e-02
-1.8734970000e-02
-7.3193684018e-04
-8.4303084153e-03
-1.3342666293e-02
-1.7957414088e-02
-1.0517843121e-02
1.0022422707e-02
3.2875536229e-02
1.3006911949e-02
-2.1690196142e-03
7.1510835144e-04
-4.2060441912e-03
6.7918753346e-03
-1.0515431388e-02
4.3277076297e-02
-6.7190469502e-03
-5.5589343104e-03
6.3039543968e-02
-2.1511898195e-02
2.9247474236e-02
-1.5885390992e-03
-1.3162449042e-03
1.3295754042e-03
-3.3711843805e-05
3.4104528870e-02
-1.1175422941e-02
1.6485931462e-03
-5.4232299696e-03
-8.7023129029e-03
-1.4086496482e-02
1.2962855430e-02
-1.7472999708e-03
-1.2321349908e-02
-1.7354446861e-02
-5.3211655846e-03
2.1090283495e-02
-8.2990453608e-03
1.9796540463e-02
-1.4655347114e-02
7.0127855209e-02
-2.2228471526e-02
8.9930765226e-03
5.6054363334e-03
-1.6946777652e-02
3.3278006012e-03
1.3791647637e-02
3.6897618596e-02
4.2442106350e-02
6.9028795424e-03
-2.7210482366e-02
-4.7488538268e-03
5.8344793722e-03
1.1217263288e-02
-3.3884049303e-04
4.5323823801e-03
4.8016579204e-03
-4.6784829847e-03
-8.0269911111e-03
7.7887070137e-03
-3.3102144494e-02
-1.7370937898e-02
4.6018783708e-03
-2.9959852303e-04
-2.8742559738e-02
4.4941832749e-02
2.5466959773e-02
-2.5221755919e-02
2.7680675958e-02
9.9906682893e-04
-1.7845252017e-02
2.3833859767e-02
1.6266700570e-02
-2.0044213996e-02
4.1717275137e-02
7.5994152762e-03
-5.2332254017e-03
5.8751453942e-03
-1.7291991274e-02
-2.0182824271e-02
5.5645373170e-02
-1.6624248854e-02
-1.6508996993e-02
4.4428532072e-02
-3.3270397356e-03
-5.1027751965e-03
-3.6147101909e-04
-2.9229006846e-03
4.9494788548e-02
-1.4083233116e-02
2.1344325993e-03
-1.3838771232e-02
-1.2578605371e-02
-1.0839408247e-02
1.6142768345e-02
-3.4615485555e-03
-6.0520677711e-03
-1.5087467346e-02
-4.8429721194e-03
1.9233010379e-02
2.1341512211e-02
-1.3666102840e-02
3.9581531171e-03
-4.9316507593e-03
-1.7218256669e-02
4.6892025955e-03
2.8544694735e-02
1.8856823752e-02
5.7001335768e-03
4.2836318292e-02
-2.1051277900e-02
2.2354003213e-02
3.4206685517e-02
-4.5524594916e-03
-8.5307449146e-03
-7.3156552909e-03
-2.3966990017e-02
-9.4995240281e-03
6.1840246189e-03
-4.5693921300e-03
-3.1324828747e-03
-2.6801655399e-02
1.3096092250e-02
-9.7128379055e-03
3.2101334553e-02
-1.9569039225e-02
6.7448472751e-03
-3.6631185410e-03
3.8791734847e-03
3.4700332271e-02
-1.7064853436e-02
1.9836439062e-02
-2.2455691113e-02
4.3724750440e-03
-1.0273222900e-03
4.3487239329e-02
-2.2600398968e-02
-8.7324876270e-03
4.6177343633e-02
-9.7199777825e-03
-3.0174118520e-02
-2.1661257776e-03
1.7791565842e-02
3.5754483753e-02
-2.3769580141e-02
-2.2181844770e-03
1.3563000443e-02
-1.9074035578e-03
3.7829161493e-02
-6.4781247595e-03
-1.3920704608e-02
1.2697675479e-02
3.6730035534e-02
2.6397817041e-02
-1.0051751068e-02
3.1386806852e-03
-1.5799712249e-02
-1.8484970846e-02
9.8342075605e-03
1.9776600645e-02
-7.6785519333e-03
1.0225525274e-02
-2.6242967022e-02
-2.0862811013e-02
-1.5302264862e-02
9.8948965462e-03
4.3730100423e-03
6.1184256965e-02
-4.8982825718e-03
-1.1952906561e-02
-9.5558308557e-03
-1.2825897210e-02
2.0595703280e-02
3.5815280414e-02
-1.4277842785e-02
9.6007920052e-03
-1.0494252830e-02
-2.1767898776e-03
-9.0437170108e-03
1.9930363215e-02
-1.4993777828e-02
2.6034345127e-02
4.9068564514e-02
-2.9844014325e-02
-1.8017262241e-02
-1.0794473900e-02
3.5242172280e-02
-5.4966378815e-03
1.7370192305e-02
-1.5568934394e-02
7.3500101694e-02
-3.8262826698e-03
1.7362081179e-02
1.9723404611e-02
-7.7953083540e-03
5.3094089450e-02
-1.9292438812e-02
-1.3348686616e-02
-2.1137524587e-02
-6.3563890266e-03
-2.5482054837e-02
-1.5442703502e-02
3.3810196525e-02
8.8530079495e-03
-1.6932440370e-03
5.8031798971e-03
2.8260373264e-02
-1.1359361224e-03
-1.8828453889e-03
-4.4848706873e-03
1.0457235761e-02
5.4739734430e-03
9.0863601305e-03
-4.9978392103e-03
-2.1775744157e-02
1.2592494032e-02
-9.6747375408e-03
-1.6633323130e-02
-1.5353984102e-04
-2.1523418977e-02
-2.7222738377e-04
6.5981365496e-03
6.0615412610e-03
2.6942495100e-02
-1.4404396309e-02
-3.1731140328e-03
2.6525206611e-02
-1.8085396194e-02
2.3270920570e-02
-1.3429034820e-02
1.9369860402e-02
-2.2687878625e-02
-1.4923175302e-02
-1.6971783392e-02
-2.5947041385e-02
1.5777380113e-02
2.0353674387e-02
-5.5336354129e-03
-5.4893144934e-04
-4.3607970023e-03
-1.8800030387e-02
4.0582143142e-03
-3.1299560069e-02
8.1236591315e-03
5.3077479664e-02
-1.3200673782e-02
-3.3350196467e-02
-1.8747751347e-02
1.1993932370e-02
-1.3163444249e-02
4.5036288288e-02
-1.2782868804e-02
-5.8886116432e-03
-5.5949655907e-03
3.5392107199e-03
-1.1667354136e-03
-1.1471878770e-02
4.7023012318e-03
1.1051750169e-02
1.9178259116e-02
-9.6987286979e-04
-9.1641679197e-03
-1.7438377018e-02
3.5355161220e-03
-6.7488231136e-03
3.1611605746e-03
4.8332297322e-03
-1.0662717741e-02
-1.3333107727e-02
-2.0595703974e-02
-1.3636577442e-02
6.3328938226e-03
2.4942640047e-02
1.1359739313e-02
-2.3667724673e-02
-9.0379544494e-03
8.0120112360e-03
-2.3775048848e-03
-6.6999838994e-03
3.9114789117e-03
-1.3019275144e-02
-1.5124501739e-02
-1.7830946908e-02
1.6089438051e-02
-2.8600239357e-02
1.7598383939e-02
1.2669976827e-02
2.4222804452e-02
4.6432420191e-03
-1.4892165032e-02
1.4977559355e-03
3.2775217885e-03
1.3922620541e-02
-4.5329420504e-04
-1.8336207544e-02
4.5826599190e-03
2.5549022756e-02
-1.1879318118e-02
2.3265575789e-03
7.4878243975e-03
8.9821642670e-03
