-2.3383603406e-02
-1.5627988002e-02
2.2303933761e-02
-2.0440374250e-02
3.9714724982e-02
1.3520185379e-02
1.3354411661e-02
1.5798648383e-02
-1.4052118298e-02
-1.6489206647e-02
-6.8049311184e-03
9.4787185903e-03
-8.4602225098e-03
1.3310031357e-02
7.4235876986e-03
-2.5991700398e-02
-2.6115395409e-02
8.2122044514e-02
-1.7544619804e-02
-2.5345571414e-02
-5.6669417635e-03
-2.4121076617e-02
-8.8919421432e-03
1.5297637619e-02
2.6356528527e-02
8.2204344845e-03
-1.5927357060e-02
4.1297634871e-03
9.1514427259e-04
9.3921783319e-04
7.1014424390e-02
9.3568553537e-03
5.6238353545e-03
9.1425596114e-03
-3.9339404877e-03
-1.2264696695e-02
1.0488907292e-02
-6.1849336188e-03
-2.5645449098e-02
3.2589475195e-02
3.0249345684e-02
-1.2908309126e-02
2.8953946792e-02
-1.3932478840e-02
-2.2504058106e-02
1.4750889922e-03
-2.2721814968e-03
-5.2815324270e-03
2.3716339533e-04
1.4761798241e-02
-2.9596754103e-02
-1.5907772741e-03
8.5684025029e-03
-1.6522025411e-03
-1.1905379686e-02
1.9179202876e-02
5.4856321541e-03
3.5293105308e-02
-7.0067559196e-03
-1.0620353836e-02
-1.2570790596e-02
-4.8450204055e-03
-6.9137803813e-03
-2.2481586561e-02
1.7106348740e-02
-6.9779968504e-03
-2.2428645209e-02
-1.1918279900e-02
-7.1122640874e-03
-1.4525912782e-02
-8.8119150777e-03
-2.6516305103e-03
-2.5717425713e-02
1.1967884479e-02
-1.7916935707e-03
8.3330610348e-03
-1.2535040965e-02
-1.2931262513e-02
-1.4704866058e-02
1.5036579452e-02
-8.4816828866e-03
2.7241433048e-02
1.5639077888e-02
-1.2183254534e-02
-2.1486404907e-02
-1.1398854511e-02
-8.3435331488e-03
-2.1710229809e-03
2.3799535891e-02
-9.6692138693e-03
4.0587645330e-02
-1.6747761255e-03
-1.8542359281e-02
-1.0917463128e-02
-1.4272949197e-02
2.4282297872e-03
2.0778074946e-02
3.8989269651e-02
3.3143419449e-02
-1.4479123263e-02
-9.2371434024e-03
-1.8502166180e-02
1.0410970973e-02
2.4102755680e-02
1.9437868061e-02
-1.7896238984e-02
3.5655407032e-02
-1.2557096580e-02
9.7282099128e-03
-3.8118207597e-04
-1.3042400795e-03
-5.8850590282e-03
-5.9835632651e-03
4.8081382235e-02
-3.7856552295e-03
2.0707068358e-02
3.8360342626e-02
3.2435680867e-02
-6.3485202216e-03
4.4349683228e-03
-4.9612338915e-03
2.2360363745e-02
1.0145038133e-02
-8.0572692237e-03
1.1105115868e-02
-9.3400234807e-03
-6.2430744852e-03
-5.5955677589e-03
-2.3024956005e-02
-6.8665515417e-03
-1.0250801843e-02
1.2882850715e-02
1.5960705584e-02
4.9893028810e-03
6.2943418036e-03
2.3076197700e-02
-1.3207523640e-02
8.7823035988e-03
5.0180507207e-02
2.9956499377e-02
-2.3055852851e-02
-1.3591591162e-02
-1.2780872914e-02
2.0364596310e-02
2.9875938147e-02
4.3542449141e-02
2.3483908150e-03
9.6127025041e-03
-1.0710413866e-02
-1.3739460455e-03
-1.6219042567e-02
-1.4244305675e-02
-4.9968414074e-03
-8.4517840703e-03
-1.0999352461e-02
2.2361401994e-02
8.7015212606e-03
4.9503462155e-03
-1.5496460034e-02
1.7039138020e-02
-1.2611155229e-02
-1.3119467056e-02
1.2275449002e-02
-4.9126347644e-03
4.9169379706e-03
-1.1233420912e-02
2.3232223829e-03
1.8696105817e-02
1.3385748176e-02
-1.0291726106e-02
7.1668809094e-03
-1.5130323022e-02
2.0131014203e-02
-1.9018073957e-02
-5.5287257271e-03
1.7425349628e-03
-2.0716659977e-03
-4.1600026100e-03
-1.0753289625e-02
-1.9418891006e-02
-1.9264704040e-03
4.6848630035e-02
-1.7141730097e-02
2.4703673897e-02
1.6522910761e-02
1.0884976965e-02
3.6614216747e-03
-9.6950492963e-03
-6.0071227402e-03
5.6445091445e-02
-9.4144786643e-03
5.6372267803e-02
-5.3127765207e-04
-8.8626468622e-03
5.9660529932e-03
-1.8477594129e-03
-5.8208183807e-03
1.6391447483e-02
2.4811408150e-02
-2.0148234676e-02
1.9526044226e-02
3.2551126753e-02
-2.1410981642e-03
9.3059688698e-03
-1.0727749982e-02
-7.1109765255e-03
-1.3653853684e-02
-1.4466662592e-02
9.8617864953e-03
-1.8815095505e-02
-1.4559366258e-02
-2.0766606419e-02
-5.5603466776e-03
2.0343356508e-02
-1.2367654026e-02
5.0097325756e-02
3.7178084744e-02
-1.9100988221e-02
-1.4837043117e-02
1.6398053399e-02
1.5878037104e-02
3.4972178108e-02
-1.1904325354e-03
-1.0823631332e-02
-4.1717071254e-03
-1.5032685605e-02
7.1331352277e-03
-1.8425611246e-03
2.4080252969e-03
4.5536654352e-03
2.0253005228e-02
4.7118457352e-02
2.0174855274e-02
2.3541781943e-02
-9.4940111764e-03
1.3864961073e-02
1.5374223617e-03
-9.6746009173e-03
2.3914789681e-02
4.7219472125e-03
7.4976021784e-03
4.0917486816e-02
-3.5203170177e-03
1.2374693283e-02
-2.1516904298e-02
-9.6230810795e-03
-1.3396651790e-02
7.4870943878e-04
1.6036225620e-03
-1.0455612362e-03
-1.2435607945e-02
-2.4099095381e-02
8.4300823546e-03
-2.5377183512e-02
1.1774570906e-03
-2.6836306078e-04
-2.5259808344e-02
1.0023114099e-02
3.2190488232e-03
-1.1078375149e-02
1.8031295928e-02
6.8556901290e-03
-7.1656409469e-03
-1.2412112722e-02
-1.3557403663e-02
-1.0009182511e-02
-1.0217034507e-02
1.4747355921e-03
2.4099567415e-02
-1.4998324577e-02
-7.3320326583e-03
-2.2948922905e-02
2.0467425714e-02
3.2348789976e-02
-2.5563809307e-03
-3.1037679027e-02
-1.2964517267e-02
-7.5237236184e-03
-2.5650230964e-02
1.0129007614e-02
1.3397895877e-02
2.3050481752e-02
4.4804091475e-02
2.5279538602e-02
2.8831478890e-02
1.6404290665e-02
-1.1473961756e-02
7.4758687059e-04
2.0946633741e-02
4.0740665655e-03
-9.9481521236e-03
-2.4791519509e-03
1.5431681144e-02
-2.3971462147e-02
6.3977173942e-03
-2.1609556893e-02
5.4086945138e-03
-1.3583933947e-03
4.9452341986e-03
-8.2446696333e-03
2.3595351807e-02
-2.2506619616e-02
9.1513766362e-03
-1.1364311700e-02
-2.2098931285e-02
-3.7861800480e-03
5.5192342145e-03
1.6110976011e-03
4.1321305657e-03
-6.7379885435e-03
4.6459264597e-02
-1.7274633188e-02
-9.9384658345e-03
2.0828381098e-02
8.9707692486e-04
-3.1985571460e-02
-2.4111619127e-02
-7.2707942599e-03
1.6033685709e-02
2.9791352099e-02
4.6286940783e-04
-9.0854785673e-03
2.3188433535e-03
-3.2433329318e-03
1.4309101727e-02
-2.8552552638e-02
1.7245590007e-03
-7.8567422405e-03
6.8030496616e-03
3.4072476347e-02
1.7024013696e-02
-7.5702941230e-03
-1.7545618924e-02
2.5656526869e-02
3.2269629119e-03
1.3077816726e-02
-1.1894530915e-02
8.6621206258e-03
8.9363968200e-03
-7.1255681649e-03
-1.8923122466e-02
6.2133019910e-03
5.5034368549e-03
-1.3109826378e-02
2.9153049898e-03
3.5683428644e-02
-1.5871450371e-02
-1.7653648984e-02
3.1995238836e-02
-1.6282440021e-02
-9.5363343795e-03
-2.2489199862e-02
-5.7469498603e-03
4.8786505305e-03
-1.9930462319e-02
-1.6565061477e-02
-8.6023091690e-03
5.1695951215e-03
1.9104751484e-02
-2.0538997382e-02
3.3951265568e-02
-1.9246761206e-02
7.8674180504e-03
-8.7865785307e-03
6.8667768733e-03
2.1954559100e-02
3.2464656895e-02
2.8248455537e-02
-1.3849960576e-02
5.1224832064e-02
2.5219123487e-02
-8.9940728826e-03
2.0546698410e-02
-1.8621748960e-02
2.6928599118e-02
4.7884984131e-02
-4.6405033573e-03
-1.4039717379e-03
5.5057661540e-03
5.5542694973e-02
1.8396720739e-03
7.3496890004e-04
-9.7197823878e-03
6.2711769436e-03
-3.7849056720e-03
9.1989152815e-03
7.4255296038e-03
8.2905834660e-03
1.9707891198e-02
2.3961187247e-02
1.7087778605e-02
3.7399642975e-02
-2.9105610412e-02
-1.4916998157e-02
1.5639180607e-02
-2.5899109913e-03
-1.9483517337e-02
2.0438168688e-02
4.5964851444e-02
3.4398676329e-05
3.1563351946e-02
-3.0923781079e-02
-7.7722272215e-03
2.6773636548e-02
8.2464773847e-03
-1.6881508996e-02
-2.2862947938e-02
-1.5734133112e-02
-7.0152619794e-03
2.2394219595e-03
-5.2021449552e-03
9.8236931816e-03
8.1247369048e-03
-2.3386117211e-02
2.6698098853e-02
3.5059254374e-02
-2.2936295706e-02
-2.2498375592e-02
-1.3055604665e-03
-2.3692882268e-02
1.2784094349e-02
-9.6036038428e-03
1.4425524695e-02
-1.0868844455e-02
-1.4801349868e-02
1.7715315815e-03
-6.0547520057e-04
-9.5894578608e-03
2.4859133760e-02
-2.1741605056e-02
2.7233769561e-02
-7.2707801837e-03
-9.4479390076e-03
-2.4678211929e-03
8.9342547599e-02
1.5325477482e-02
-1.1672174059e-03
1.7294029203e-02
-1.1597910092e-02
-3.6048455711e-03
-2.2993302278e-02
-3.7227010224e-03
-2.8030946960e-02
3.7896747669e-03
-7.1080125797e-03
-6.8262544465e-03
1.9572441341e-03
3.0504196393e-04
1.5794652863e-02
-2.0613297035e-02
-1.0954865418e-02
8.4467070014e-03
-6.2610763682e-03
-6.4159222228e-03
2.0105934886e-02
1.5406294255e-02
-1.2209843154e-02
1.1635147790e-02
2.2787505200e-02
-3.2601065404e-03
-6.9538729448e-03
-1.0685178132e-02
-5.0107618344e-03
-1.8343891579e-02
3.9066792000e-02
1.4819688394e-03
-2.2093779477e-03
8.9866686658e-04
-1.4243976418e-02
-2.4352568645e-03
-1.1206077625e-02
-1.7568844068e-02
-1.7565116111e-02
-3.9572171124e-03
2.2630045627e-02
1.3962212155e-02
1.0807491921e-02
2.5838798500e-02
-1.0712635732e-02
2.1410707687e-03
3.0173546865e-04
1.0290748605e-02
2.2214504128e-02
-8.6506579564e-03
3.0693003809e-03
-1.4737981024e-02
9.0226413194e-03
-2.1509949556e-02
-2.7943374453e-02
-1.6053070840e-02
1.2201130639e-02
-2.5080260556e-02
-1.0265441580e-03
-8.0900524941e-03
1.0523961747e-03
-6.1028825609e-03
-1.5345282299e-02
1.6058230958e-02
1.5501351426e-02
-7.6595615051e-03
-6.3941108327e-03
7.0853804551e-03
-6.2102753356e-03
2.0462981256e-02
2.0197870553e-02
-4.0634731911e-03
2.9022792652e-03
5.4725725345e-03
-1.3989564099e-02
-8.8453990843e-03
-3.8223867653e-03
-7.9295848160e-03
-2.0241129676e-03
-1.3415188329e-02
-1.6264350425e-02
-2.4982869203e-02
2.5759101142e-02
-2.1628899012e-02
7.0606070727e-03
-5.0371510650e-03
-5.2079954304e-03
5.4327376763e-03
9.4451189618e-03
2.9080085394e-02
3.3008622696e-02
-1.7909951600e-02
5.1794869321e-02
-2.5400052367e-02
-9.4062685944e-03
2.4263549348e-03
2.0637908069e-02
1.9623821588e-02
9.0504333927e-03
4.7726214428e-02
2.0583577559e-02
-2.2917405307e-02
-9.7853707077e-03
-9.7155864260e-03
3.4896875896e-03
-7.3492750141e-03
-2.1767933032e-02
-2.2644428063e-02
-2.1079184821e-02
-1.9078720787e-02
3.3592442773e-03
-4.2928715066e-03
-6.4320147753e-03
1.4952435567e-02
1.4145138989e-02
1.2869526216e-03
-1.2665141660e-02
2.4521747337e-03
6.2633466176e-03
-7.5110170033e-03
1.1053978596e-02
-2.5068251937e-04
4.5148945194e-03
1.9548609474e-02
-2.2781181636e-02
-2.3906849358e-03
7.2051339190e-02
-1.1793663503e-02
-1.5092270307e-02
2.7922395732e-02
-2.6323099502e-02
-2.7709626478e-03
2.6076921877e-02
-6.9472952789e-04
-2.9354081775e-02
-4.8358388748e-03
-2.0716187734e-02
6.5784935590e-03
-1.0717786517e-02
-8.0563482200e-03
4.3181812060e-02
-8.6721603486e-03
-2.0680435405e-03
-1.8515032412e-02
-1.8633599699e-02
8.5639431675e-03
1.8199782052e-02
-9.1191506290e-03
1.1708652757e-02
2.3595153431e-02
2.6692029205e-02
1.2834971932e-02
-3.7602029141e-03
3.5184446737e-02
3.5639091056e-02
8.3509048320e-04
2.1431772816e-02
-9.9740062781e-03
-1.5910803617e-02
-6.6020764132e-03
3.9320122411e-03
9.2405981142e-03
9.4961267417e-03
-4.4077988774e-04
1.3902501101e-02
1.4361934520e-02
4.9276468349e-02
-1.9927637990e-02
-1.3522571971e-02
-9.6136497294e-03
1.9452205882e-02
9.3535228363e-03
2.3281424746e-02
8.8702911830e-03
-2.6793841245e-05
1.9165522515e-02
-4.6897756218e-03
9.9945811125e-03
-1.4170802967e-02
3.7498697364e-02
-1.5339489733e-02
-1.3945353541e-02
1.2818077160e-02
-4.9833766792e-03
3.5080884097e-02
1.0172628711e-02
-1.7908053760e-03
-1.9475333177e-02
2.7084665683e-02
1.7929550777e-02
-2.3820173568e-02
8.9090034591e-03
2.0913753839e-02
1.4165771840e-02
-2.2627221565e-02
-1.4075255740e-02
8.9061446341e-03
-1.3590202666e-02
-1.5680216788e-02
-1.0508622063e-02
3.4063479054e-02
7.5789698919e-02
2.3490034414e-03
6.7891487484e-02
-3.2173105412e-02
-6.2826632131e-03
6.9927732675e-03
-7.8730558568e-03
2.1176011391e-02
-2.1111755158e-02
-2.2751555594e-03
-6.8696551269e-04
-5.7075781776e-03
-2.9256321098e-03
-1.6270616934e-02
-1.6471058112e-02
-3.0296498848e-02
-2.8608622533e-02
4.5253277856e-02
2.2726628350e-02
-1.3884945797e-02
-1.4577904277e-02
3.4345127360e-02
-6.1870547466e-03
-1.0948156025e-02
6.7491712849e-02
-8.3215512902e-03
-2.0852162361e-02
-1.7448007390e-02
1.2145553003e-03
1.5978597931e-02
-1.5499245827e-02
-1.0178878820e-02
-1.0188747411e-03
5.8730966780e-02
-8.0186860694e-03
4.2655074626e-04
-6.8913572707e-03
-1.1445517475e-02
2.6334255921e-02
2.7096402607e-02
7.7538975794e-04
1.6390088757e-02
-3.6218810624e-02
6.1775955394e-03
-1.8502152640e-03
4.0769307763e-03
-7.9791940582e-03
-1.9955007279e-02
-1.8322846338e-02
-4.0467567257e-03
2.2880302961e-03
4.5594441179e-02
1.2750851999e-02
-5.2003645535e-04
-8.7707139530e-03
-2.6421930848e-02
-8.5676543202e-03
-1.4658919518e-02
-2.4454243513e-02
-3.1301130600e-02
4.2198788457e-02
-7.7790924841e-03
-8.1758002898e-03
-5.8705390982e-03
-6.1063808499e-03
-5.8421840489e-03
-1.0836393478e-03
-5.7678115235e-03
-1.4205364540e-02
8.7109648000e-03
-1.4649992087e-02
-8.9130457453e-03
3.4617409682e-02
-9.0195739227e-03
-2.6629551380e-02
-1.2803287470e-02
-1.3381199127e-02
5.0804036409e-03
-2.5482020566e-02
-2.3125442578e-02
-2.3800456536e-02
-1.3249466063e-02
-5.4441595153e-03
1.6135801814e-02
-2.1137501039e-02
-2.5529979193e-02
2.4856442248e-03
-6.2649219441e-04
-2.2720295297e-02
3.7962141142e-02
-1.8400893490e-02
-2.6716415473e-03
-2.3106482833e-03
-2.5059282541e-03
-2.3124918958e-02
-1.7463554371e-02
-2.9779470173e-03
1.7841903041e-03
8.1862391624e-03
-1.3627956563e-02
6.0036161519e-03
1.7810537695e-03
-1.7497936616e-02
-3.2178264867e-02
8.3936450281e-02
-8.7891281312e-03
5.0113882555e-03
-1.3513203634e-02
-6.6359064810e-03
-8.9437764703e-03
-1.5795907747e-02
1.1608278220e-02
4.8885844925e-03
-5.3496247054e-03
-1.8966091875e-02
-1.6540435209e-02
-6.4068278580e-04
1.3729318801e-02
-2.7103510962e-03
1.7242917201e-02
4.7007409599e-03
1.9696677756e-02
5.7693273092e-03
-1.6739049535e-02
-6.5348278976e-03
2.9523208631e-04
-1.3702690517e-02
-2.1021329313e-02
-1.6707207969e-02
-2.1752665389e-02
6.0390813101e-03
-9.3598862014e-05
-1.8914512257e-03
1.2254417648e-02
1.2786354727e-02
-1.5413443195e-03
1.2690245562e-03
-2.2635514148e-02
8.3957158203e-03
-1.2795603327e-02
-3.1643286256e-03
-3.1721437748e-04
-1.6663623169e-02
-1.6709949581e-02
-2.7465322161e-03
1.7488298018e-02
-2.2544816204e-02
-4.7108476843e-03
-1.1152994265e-02
-5.9080578936e-03
-1.1621945438e-02
2.5214940209e-02
-1.0044978786e-04
-6.5590390584e-03
-4.4673886564e-03
1.8492813607e-02
-8.8269677498e-03
-2.9236064304e-02
3.3155357551e-02
-1.8256875042e-02
3.4210087338e-02
-8.3130167291e-03
2.5393301600e-03
-1.6966468620e-02
-7.6264763065e-04
-1.6183655907e-02
2.2790597956e-03
1.3350639859e-02
-4.1068471748e-03
1.8243108631e-02
-1.9814026955e-02
-3.7941392880e-04
-6.9241664316e-03
6.3962179018e-03
-2.2474592836e-02
1.6429155798e-03
-1.2494861240e-02
-1.6665633833e-02
-8.2827353346e-03
-7.6391721205e-03
-7.1352599521e-03
-1.7126923499e-02
1.6316531240e-03
-2.1347480388e-02
7.8264696975e-03
8.3780254244e-03
3.6316439304e-03
-5.0206146184e-03
2.8109998423e-02
7.0103566332e-03
-1.1246873042e-02
-3.4344598023e-03
7.8901596680e-03
-1.2452711345e-02
-7.7532303041e-03
1.0255831835e-03
-1.3573336015e-02
-6.8199826305e-03
9.5954105828e-03
-1.5385059457e-02
-3.7192275993e-03
3.9082073644e-03
3.3322830111e-02
2.5160859205e-02
4.1335906545e-03
-8.8543322842e-03
-1.0722340753e-02
8.1973025765e-03
1.2642036870e-02
2.0444101812e-02
-5.4378821273e-03
7.5067588801e-03
-1.9931863878e-02
2.5204853069e-02
-1.8515808665e-02
3.1213324634e-02
8.5705731560e-03
-3.0612396443e-03
-5.3942692983e-03
-2.6583651280e-02
4.9747820733e-03
1.7200300403e-02
-1.5355525052e-03
-2.9401137902e-03
2.3093643631e-02
1.3439978418e-02
1.0786182186e-02
-4.7803240220e-03
7.7104416398e-03
6.2241794531e-03
-1.5257589879e-02
-1.9392081257e-02
1.2469933285e-02
4.7601335470e-03
-1.6928854621e-02
3.0954087999e-02
3.6238438442e-02
4.4075879828e-03
-2.3679393002e-02
9.5309481359e-04
1.5160976863e-02
1.1822545220e-02
2.8497912627e-02
-1.3307715636e-02
1.1241029633e-03
2.9665679599e-03
2.2377041777e-02
-1.6102976942e-02
-1.0255194775e-02
-2.3509617335e-02
-1.8147157604e-02
1.0419115834e-02
-2.6350501537e-02
-1.5479307590e-02
4.7839214643e-03
4.0221631083e-02
-1.4014645921e-02
-1.5477042558e-02
1.5893371568e-02
-1.4361359809e-02
2.2249329973e-02
1.5680422095e-02
3.1589058000e-03
-1.3136600492e-03
2.8601832029e-03
-2.0118717694e-02
1.8615437455e-02
-7.2500783238e-03
-7.6258566093e-03
-1.1047088578e-02
-3.9442918596e-03
-2.9452057843e-02
-2.5770517561e-02
-2.5372685761e-03
-1.9002568982e-03
2.6456299701e-02
-1.0503123318e-02
2.1324138314e-02
-1.6078351828e-02
-3.0258170487e-03
-2.5515127115e-02
-1.6607451539e-02
-6.7517908904e-04
5.2572207511e-03
-7.4703409607e-03
4.8575985984e-03
3.4594556611e-02
-2.6815466967e-02
-1.0412603089e-02
1.5317478504e-02
-1.7268945393e-02
-2.0599407253e-02
9.6837481893e-03
-7.3924077533e-03
-1.8631017111e-02
3.7153743855e-02
-1.1363887836e-02
-1.6962277514e-02
8.3398899314e-03
-2.0782391726e-02
4.8769261915e-02
-3.4706204979e-03
6.8055400502e-03
2.9983572681e-02
-6.8293794613e-03
5.3943589476e-03
-1.1224053166e-02
1.9647886554e-02
-1.2983609131e-02
-8.0440917364e-03
1.4514657789e-02
-6.0994434045e-03
-1.2869173428e-02
-1.3408081492e-02
1.8845901275e-02
8.3249309002e-03
-1.1613324942e-02
-1.3123683143e-02
-1.8216405104e-02
-1.7639684177e-02
-3.6409236243e-03
-6.5443379504e-03
-1.0629639997e-02
-1.8586525747e-02
-2.7888431497e-02
1.3797119416e-02
-2.2647291449e-02
2.7054962862e-03
3.2138135548e-02
-1.0178232502e-02
1.3333440945e-02
-2.6745394071e-02
-2.1848321334e-02
-1.1516583317e-02
-2.0620808850e-02
-6.1282193215e-03
-3.1976738590e-03
-4.4801887835e-03
-8.9056466085e-03
-1.1375389239e-02
3.6056212198e-02
-5.1180937737e-03
1.3271419206e-02
3.0538607248e-02
-1.8052640290e-02
8.3506021299e-03
-1.4685143433e-02
-8.2739657432e-03
-4.9593086881e-03
-7.9826594633e-03
-1.6455604890e-02
7.7037441159e-02
-1.8641583897e-02
1.3314921968e-02
2.0842999239e-02
1.8212855349e-02
-2.3232761655e-02
1.3739523132e-02
-9.8845863527e-03
-4.1060055031e-04
-1.7595542259e-02
-1.2968801148e-02
1.1052256791e-02
-1.1315600949e-03
7.7088800003e-03
1.7587349931e-02
-1.8977822593e-02
-2.3425489716e-02
1.7152939956e-02
1.0452694289e-02
-6.8291602672e-03
1.2410184473e-02
3.2094873643e-02
1.8604101084e-03
3.9274143609e-02
-4.3549463634e-03
-1.8558476417e-02
-2.0974818983e-03
1.2704326386e-02
-1.6966210497e-02
-1.7211687553e-02
1.2326686156e-02
5.7367096907e-03
1.0369277574e-01
3.6582334919e-03
-1.5960491344e-02
3.7641613466e-02
-1.5675398485e-02
-6.9565933484e-03
-2.5763147433e-02
4.8998534359e-02
-2.2024718774e-02
-2.3781412979e-03
5.0604719775e-03
3.6066074789e-02
1.1167976808e-02
1.9280650892e-02
5.8681675109e-03
2.1155369718e-02
6.1050775689e-03
-3.1232376435e-03
-9.0943677850e-03
-1.1223547744e-02
-1.3060333322e-02
1.4424218259e-02
-2.0173060082e-02
-3.9826819423e-03
-2.5169474527e-02
1.0951259789e-02
-2.0278981877e-02
-8.6203279974e-04
-2.1232786938e-02
1.4609651440e-02
1.9441131344e-02
-1.2238361035e-02
-3.1929288121e-03
2.6893160327e-02
-5.7469185606e-03
-1.3357746795e-02
5.1772327414e-03
2.4429947393e-02
2.3109403339e-02
5.6979573501e-02
-1.3539939578e-03
-1.5088175920e-03
2.7277466217e-02
2.7946731702e-03
3.5537115761e-03
-8.0766466052e-03
1.1729261581e-02
6.7519354410e-03
-4.7862932288e-03
2.9223687601e-03
3.5846176282e-02
-2.8658358321e-02
1.7220644140e-02
-2.0473121269e-03
-2.0195110125e-02
4.1543606319e-02
3.6938353415e-03
-2.3478293174e-02
-1.9371239601e-02
3.7182664280e-02
1.2467003428e-02
-2.3263218302e-02
-1.8525893985e-02
5.7780251768e-03
6.1486710497e-02
-6.2510200653e-03
-1.2291451270e-02
1.8467096436e-02
-6.0232976214e-04
4.8017771791e-02
3.7253704622e-04
-1.5676706928e-02
2.3859634734e-02
6.0011038753e-03
4.0135015692e-02
-1.4839035931e-02
-9.1902876158e-04
1.3087366281e-02
1.9771102920e-02
-1.7696643733e-02
9.7475329940e-03
-1.8894396725e-02
2.0594558387e-02
-1.8020493215e-02
-1.5412027526e-03
3.3481155970e-03
-7.8891926547e-03
-1.6214034105e-02
1.1183474011e-03
1.1327064584e-02
-1.6949029755e-02
-9.3051228368e-03
-9.8784037823e-03
2.3504269974e-02
-2.7906628509e-02
-2.0590546879e-03
1.4827620313e-02
-9.7122339352e-03
-1.3754214263e-02
-3.2490699458e-03
-1.1392198593e-02
-1.8892464168e-03
1.5542329272e-02
1.4691273202e-02
-1.9089170375e-02
-3.6987536375e-03
-5.9656324157e-03
1.0942900158e-02
-4.8142618536e-03
3.7360459812e-04
3.4830055486e-03
1.7871342777e-02
-2.3488282607e-02
8.7255914315e-03
2.7109152141e-02
-1.0909708767e-02
-1.3431833751e-03
2.9315857159e-02
-9.2767208049e-03
-1.3023129342e-02
3.3417506917e-02
1.8273401770e-02
-1.9178268491e-02
-1.8434644452e-02
2.6863719130e-03
5.2065966094e-03
-1.4992080946e-02
1.1668422010e-02
-8.3681191250e-03
1.9575622854e-02
-1.9450210871e-02
1.5501871870e-02
-3.4597930040e-03
3.2821594909e-02
-3.0350510310e-04
2.0649181945e-02
7.1028195551e-03
2.2509866418e-02
-8.9726048926e-03
-5.7094628341e-03
4.0215496923e-02
3.8551410732e-03
1.3054817792e-02
1.0141727928e-02
-2.7629101952e-02
-1.0851014038e-02
-8.6570191403e-03
-5.2680274759e-03
-7.1786153683e-03
-1.2069029465e-02
-2.3595012781e-02
2.6000152991e-02
-6.4423507976e-03
-9.4410642182e-03
-2.0194126605e-02
-2.3550758998e-02
-1.8983314680e-02
-2.2702898336e-02
-1.4688017700e-02
-8.9960135111e-03
-3.7009841926e-03
3.9651142532e-03
-1.1534752693e-02
-8.9948210347e-03
-2.3515740428e-02
-2.7093614155e-02
-1.5136918224e-02
1.4877315762e-02
-5.5878589809e-03
-9.6953548081e-03
-7.4162832951e-03
1.1230281064e-02
4.3851022910e-02
-2.6766867154e-02
-1.1703987379e-02
1.6780741836e-02
-1.6936933304e-02
1.6938680889e-02
-1.9436830294e-02
1.9552217334e-02
1.4126196180e-02
-1.0165514833e-02
-6.1401809012e-03
3.3323612078e-03
1.6626398441e-02
-3.0767105158e-02
5.9066029924e-03
-1.2873682269e-02
-5.9440617144e-05
1.6857924716e-02
-1.0605162743e-02
-9.2104456948e-04
-2.5638612119e-02
-1.3308395055e-02
7.7637420354e-03
-1.1180217408e-02
2.4020951178e-04
1.4264637069e-02
-1.0954000658e-02
1.9748127954e-02
1.9930527895e-03
-1.8724090803e-02
1.9961778473e-02
-2.3208983839e-02
-1.2951052778e-02
2.2445112792e-03
-1.1708132338e-02
6.6062978696e-02
3.7903423040e-03
-1.6983222338e-02
-1.2385536785e-02
-3.4937781306e-03
-2.2026004946e-03
1.5784440575e-02
-5.9219015938e-03
5.0170984138e-03
-2.9980145390e-02
5.6855913497e-03
-2.6287076192e-02
7.6673743250e-03
-1.6602950742e-02
-7.6627636328e-03
1.3489009115e-02
-9.8019754225e-03
1.2460139312e-03
6.2651559888e-03
-6.4677663776e-03
1.5717779757e-02
1.7853153194e-02
-1.4430865312e-02
-8.6626488609e-03
2.4589201118e-02
2.6915665548e-03
-1.9551875056e-02
-1.4976674927e-02
1.9413208342e-02
3.1539074019e-03
4.2605313596e-02
1.4669950055e-03
1.6957399040e-02
-1.0540577748e-02
-2.0597350006e-02
2.3227575300e-02
-7.2995112492e-03
1.1276664969e-04
-1.4035287309e-02
-1.3393147307e-02
-1.5841163230e-02
-2.4125614782e-02
2.1944562101e-03
-2.5607798663e-02
-6.7259017030e-03
-2.5302234999e-02
-1.6344563562e-02
-1.2986397627e-02
-1.5333518036e-04
-8.6665174071e-03
1.1139431172e-02
-8.0553715373e-03
1.3498837742e-02
2.7316665073e-02
-2.4052153657e-02
-1.6277814999e-03
7.4872274559e-03
-1.5283356973e-02
1.7717928623e-02
2.3434149975e-02
-5.2566676322e-03
5.5848352565e-04
1.1659086206e-02
-8.7043491344e-03
-2.3661297788e-02
1.2246876228e-02
-2.1211317806e-02
8.9279420021e-03
-2.2375130030e-02
-2.1134371772e-02
3.6304357423e-02
-1.4716553307e-02
-5.7793098671e-03
-1.4730650768e-02
2.6193927150e-02
-6.9055328344e-03
2.5045373313e-02
-2.3929624136e-02
5.5177954088e-02
-2.3539260879e-03
1.7105849294e-02
-2.5253635200e-02
-5.0677290481e-03
9.9140695746e-03
4.4712647308e-02
-1.9336464153e-02
-1.3339318160e-02
5.0169788202e-03
6.5725364530e-04
1.0619938863e-02
3.2716459401e-03
-1.9862759384e-02
-2.7458794403e-03
-1.8381863770e-02
-1.7802575361e-02
1.1001459573e-02
9.7759189767e-05
3.5022096559e-02
2.9504163955e-02
-1.6785611174e-02
-5.5872125232e-03
-8.6396665485e-03
2.4435405478e-02
5.5590105928e-03
-1.4439912207e-02
-5.7953872402e-03
2.4251376316e-03
-1.1854313411e-02
-1.3562787622e-02
3.7658191344e-03
-1.1809813168e-03
7.3561089354e-03
4.0838265092e-03
-1.5125441819e-02
9.1246045654e-04
1.7612809970e-02
3.0546790294e-02
-2.3245580432e-02
-6.6758752177e-03
-7.8206345130e-03
-7.2969687782e-03
4.8290757389e-03
-1.4375660445e-02
-1.7642547070e-02
-1.3805448747e-03
-4.0652378415e-03
-1.7014395260e-02
-1.1066056272e-02
-2.7033059079e-02
-1.8754950619e-02
-2.5440751777e-02
3.0707217712e-02
-1.4376576066e-02
3.8887516047e-03
-2.1374152835e-02
-3.7727518874e-03
-1.8755938362e-02
-1.0826656921e-02
-6.8292234282e-03
-6.4238234157e-03
1.7456549464e-03
-6.2099118476e-03
-5.0044359824e-04
1.3550261233e-02
1.1570848243e-02
3.0067485778e-03
1.8862887805e-02
2.8903975849e-02
6.2034304556e-05
-9.8877004794e-03
-1.2745803284e-02
1.5239816471e-03
3.1407973362e-02
9.5073119800e-03
-8.8390558745e-03
-5.7767839271e-03
-1.4513360069e-02
2.4009643830e-02
3.2797581406e-02
2.1963215423e-02
3.8389408724e-02
6.2924106820e-03
-1.1528868719e-02
2.3056158161e-02
-1.7277383176e-02
7.1811579230e-03
1.4547886560e-03
-8.1180239838e-04
4.2955760759e-03
5.5488226359e-02
3.2616055936e-02
-1.2624023279e-02
5.2960256210e-03
1.3718412330e-02
1.1410554045e-02
8.8932939077e-03
-7.3038482854e-03
1.7541224245e-02
-1.1344600073e-02
-1.3647883031e-02
1.1237074742e-02
-1.7223790638e-03
7.2726402905e-03
1.5815896560e-02
4.7070618039e-03
2.2581448818e-04
-1.3485517407e-02
3.4085665718e-02
1.0065125903e-02
-2.1635757101e-02
-7.3148561887e-03
5.4697263099e-03
5.5106889625e-02
-3.3406304958e-03
-3.9628773244e-03
4.7125639273e-02
3.0004061773e-02
2.4545211224e-02
2.8693836634e-02
-1.8995155445e-02
-4.9894861722e-03
1.1607542183e-02
1.6909596252e-02
-6.2591203489e-03
-2.0090900972e-02
-1.6039219288e-02
-3.9264352025e-03
-6.7807031813e-04
-1.2728131494e-02
-2.3465578711e-04
1.3563301878e-02
3.2411506290e-03
-1.9444378990e-02
-1.0857248822e-04
3.0016790002e-02
-3.9740904670e-03
-4.2546491135e-03
-7.1817024904e-03
8.4027717589e-04
-7.8546264864e-03
1.0315457745e-02
-2.9077936226e-02
-2.4641853207e-03
-1.7052541494e-03
3.6893083198e-03
2.4957209617e-02
-1.8084007257e-02
1.0816973595e-02
3.8615260519e-02
-2.0088331536e-02
-1.0639814293e-03
3.5665994819e-02
-2.3814575222e-02
-4.5102332352e-03
-2.0893390413e-02
1.9921793425e-02
1.4797490944e-02
4.5941659018e-02
9.1823884359e-03
1.2964472478e-02
2.5299654968e-02
2.2352740205e-03
-1.3122190639e-02
-3.0649399829e-03
-2.7631229217e-02
1.4117808128e-02
3.9874952439e-02
6.5086678074e-04
4.8357131151e-02
3.4596128500e-02
-1.3334246988e-02
3.2711627506e-02
-1.2569578755e-02
-7.6781125183e-03
1.5124144562e-02
2.1081180349e-03
-1.7560624459e-04
-2.2128287428e-02
1.0481009347e-02
2.1592461750e-03
4.3681712631e-02
2.1256791351e-02
-9.9173331747e-03
-1.2706187001e-02
-1.1806237510e-02
1.1313264234e-02
2.2928432130e-02
8.9642893543e-03
1.8883802635e-02
-6.2684141782e-03
-6.3184237902e-03
-2.2246168676e-02
-9.5139277208e-03
-2.3937066314e-02
9.3926655769e-03
3.3140660961e-02
2.7276122982e-03
-2.3237774221e-02
5.2514861865e-03
1.4513507030e-02
-1.1938086122e-02
2.2894685523e-02
-5.6539438304e-03
-2.3173725484e-02
2.2769545822e-02
-1.5014523627e-02
-2.2218747690e-02
-1.9810710257e-02
-1.0667115119e-02
1.6428471531e-02
-1.4961468687e-02
-3.2847998684e-02
-9.6227189403e-03
-1.6962146612e-02
-6.6740266420e-03
1.1374620381e-02
1.4995121550e-02
4.3541529662e-03
-3.6349604396e-04
-2.2853545821e-02
-3.8289606504e-03
-9.3164061376e-03
9.4750437051e-04
-1.7682887034e-02
4.3131332580e-03
-1.3753169921e-02
-1.2431876899e-02
-1.2835362650e-02
-1.2035444769e-02
-5.4429172410e-03
-8.9145395226e-03
5.6618877162e-03
-2.0753785428e-02
1.1423972557e-02
1.2721132424e-02
1.1661146143e-02
1.7502964057e-02
-1.1964976511e-03
-1.3357051316e-02
-1.5070531053e-02
-3.8319102758e-03
-2.0483504212e-02
4.0246941227e-02
-2.1500471860e-02
-6.0633298417e-04
1.3419799769e-02
1.9658827964e-03
2.0943379103e-02
7.2260309933e-05
-2.9760360982e-03
5.4908508808e-03
2.7547318218e-02
9.8537038860e-03
8.9664413246e-04
1.8721383991e-02
-6.0486090945e-03
-2.0430427887e-02
4.0101801287e-03
-2.8266495485e-02
2.2121924999e-02
5.1026357680e-03
1.9363041900e-03
-1.4363157004e-02
-9.4577175880e-03
-4.0575619624e-03
-1.5134105924e-02
-1.8971003883e-03
-1.5686790250e-02
-5.3956118094e-03
5.9768225099e-03
3.8313186528e-03
8.8846277931e-03
2.7834056140e-02
3.3512676910e-02
-1.5565005653e-02
2.6464668546e-02
-6.8955425665e-03
-1.9684332573e-02
3.3955736286e-02
-3.7059012035e-04
4.2178575412e-02
-6.7185070510e-03
1.4688551191e-02
1.5367582095e-02
2.5495060333e-02
-7.2296996363e-03
8.5078478937e-03
1.9783224968e-02
-1.3479390390e-02
6.2520466360e-03
3.5294162447e-03
2.4130788830e-02
-6.7671358551e-03
4.1553717242e-02
3.1182343424e-03
2.7293396639e-02
-1.6730702527e-02
1.0149123676e-02
6.7647822959e-04
4.0237630023e-03
-1.7833844756e-02
5.1337291291e-02
1.6835447124e-02
2.2824931725e-02
4.3078762644e-03
-2.9858066405e-03
-1.9069257358e-02
-6.6561170681e-04
-2.5173139677e-03
2.5097764577e-02
-2.3389833591e-03
1.8530541968e-02
7.8217236334e-03
1.5971800488e-02
-1.7852841544e-02
7.4149239084e-03
2.9951317192e-02
1.9733564619e-03
8.9287942081e-03
-1.6009188300e-02
2.0756825742e-02
1.7563250107e-02
-5.8948045476e-03
2.1477049499e-02
9.1840490594e-03
-1.2230540297e-02
-1.3977185539e-02
-1.7396451798e-02
-1.7486165626e-02
-2.0320494080e-02
-2.7928495313e-02
-9.0138083530e-03
2.3842522744e-03
-2.5993921294e-03
-2.0702826825e-02
-1.1001120138e-02
2.6247188447e-02
2.6204933441e-02
1.1807774331e-02
-5.3449728510e-03
5.0130708083e-03
-4.1452680190e-03
2.7012292158e-02
-1.1167167400e-02
-1.7666079892e-03
-1.6712437712e-02
-1.1149798925e-02
-2.3646301746e-02
-3.0826342198e-02
1.5742431366e-02
-1.4587200263e-03
-1.0291164613e-02
1.1035664642e-02
-6.1311921359e-03
-1.6706707854e-02
-2.4360025159e-02
-9.4665680878e-03
-4.1259233769e-03
-1.8632032320e-02
-2.2199119174e-03
-8.7712153867e-03
4.6474041370e-03
6.9844523709e-03
-1.7988003550e-03
5.7234115624e-02
-2.1099783724e-02
-1.7657927272e-02
-7.1740685656e-03
1.7073941450e-02
-1.0168032954e-02
2.0407178847e-02
4.0583959579e-03
-1.3900024321e-02
2.4809730632e-02
-1.9564458388e-02
1.1640713501e-03
2.6320496742e-02
-1.3962487890e-02
-2.3549495342e-02
8.4871589262e-03
1.5190586484e-02
-4.7643410347e-03
2.0958563380e-02
1.6314130683e-03
2.3089790386e-02
-1.0878373244e-02
2.4584746691e-03
1.5858874167e-02
-1.9983646295e-03
3.6872415960e-02
-2.2015133348e-02
5.8923124183e-02
-2.7745224111e-03
3.7188367572e-02
1.8691081660e-02
9.3293777905e-03
-1.0040701161e-03
-2.2317677792e-02
-3.0510100575e-03
-1.1014736907e-02
-9.1191123830e-03
1.9827391670e-02
-7.8397636513e-03
2.7643212853e-02
-1.3291894725e-03
-8.5858171466e-04
8.0954909981e-03
-1.2899777736e-03
3.9680899947e-02
1.5896031184e-02
-6.2525780515e-03
-1.0612843342e-02
-1.3310863388e-02
-1.7080139635e-02
-2.3248059684e-03
-3.1776182184e-02
-1.0287054395e-02
-4.9715438687e-03
-1.0306630679e-02
-1.0709317445e-02
-2.6007437638e-02
2.6593350390e-04
-2.8141940030e-02
-5.8042734305e-03
3.0935598904e-02
6.7598016253e-03
4.5437187725e-03
-1.0289085582e-02
5.6850870996e-03
-1.9071724813e-02
-1.2280918552e-02
2.5234108091e-02
2.7206642433e-02
-1.7774040554e-02
-1.1437988858e-02
4.6567561345e-03
-1.3805214462e-02
2.8852373059e-02
9.1879155836e-04
-2.7744088352e-03
-1.0893296233e-02
4.6729179898e-02
-3.4629982975e-03
-7.2608759096e-03
1.2824531445e-02
-1.8790867619e-02
-5.0788809391e-03
-1.2217518847e-02
-9.0632821584e-03
3.9378327215e-02
-8.1073499805e-03
6.4835600190e-03
-1.3782014502e-02
-1.6337339042e-02
-1.5156572513e-02
-2.9106423086e-03
-1.4861656518e-02
-8.0554968450e-03
-5.2150593718e-03
-1.3479854420e-02
-1.3398694363e-02
3.5117144942e-02
-1.0932858325e-02
9.4045607264e-02
-4.7600620358e-03
-1.2171295477e-02
5.5180265546e-03
3.0198546048e-02
-4.8044088913e-03
-9.6746391114e-03
1.8004087158e-02
-1.7890908408e-02
-2.4343440975e-03
6.3155444590e-03
4.2831464942e-02
-4.9940572813e-03
-9.2888270089e-03
7.1498917178e-03
-1.0933954976e-02
2.2194413127e-02
-2.2404983559e-02
-2.9736217362e-03
-1.0518968803e-02
-9.8114612358e-03
-9.6482918051e-03
3.0221865828e-02
1.9897423208e-02
1.5430689021e-02
9.7647286557e-03
-1.3172662485e-02
-5.2581428711e-03
1.2954090801e-03
-4.0980495853e-04
2.7006008478e-02
-6.9483381860e-03
3.9239272225e-03
4.1872147720e-02
-8.3688956562e-03
6.2315800093e-03
1.3258100588e-02
-8.7359432189e-03
-9.9362681183e-03
-5.0400672733e-04
3.7793027242e-03
-7.8792245451e-03
3.3106279178e-03
-3.4149073928e-03
2.7518503089e-03
-1.8757819042e-02
1.9620844228e-02
-1.3337558631e-02
1.4671992712e-02
-1.8446853703e-02
-5.9604197641e-03
3.2259761053e-02
-1.5779963994e-02
-2.0475400302e-02
-1.2630543646e-02
1.1691325012e-02
-3.1012630000e-03
-1.4416085708e-02
1.7560824767e-02
-3.0156834912e-02
-2.3258393361e-02
-6.8237432714e-03
-1.1096674344e-02
-2.6862856741e-02
-3.2418275417e-03
-1.5037609803e-02
3.7079888763e-02
-9.0312265097e-03
1.6385891208e-03
9.9818153825e-04
3.0620012879e-03
-3.3964048480e-03
1.2201677763e-02
4.0984305067e-02
-5.0915397245e-03
3.2536427501e-02
1.8822909286e-02
6.8776083434e-02
-1.1393769845e-02
8.8486657192e-02
3.3012418245e-02
-2.2314233398e-02
-1.9813230085e-02
8.7598468205e-03
-1.3254161691e-02
5.1745566006e-03
1.2579364505e-02
4.2468455430e-03
9.8508146057e-03
3.4463273145e-03
-1.5709972308e-02
3.8365001066e-02
-9.4531432079e-03
-1.8684945167e-02
-2.5927254911e-02
5.8439774962e-03
-2.2021978629e-02
6.1152947911e-03
1.1890814601e-02
2.7601509476e-02
4.1547411979e-02
-1.3137097383e-02
-1.2254474707e-02
8.5910171371e-03
-1.8049818151e-03
-1.2620969149e-03
1.2298089645e-02
-1.4705391479e-02
1.2986221097e-02
3.2421112739e-02
-1.1996119826e-03
-7.9018303605e-03
2.2480102022e-02
-1.5014441551e-02
7.4125908216e-02
7.5447507905e-02
-1.6085944256e-02
-5.3563636107e-03
-1.2324046875e-02
5.6487616626e-02
-2.2123985425e-03
-4.5936907600e-03
1.1579741698e-02
-1.9616053667e-02
-2.6264668008e-02
-1.3807436255e-03
1.2326714531e-03
-3.0002877793e-03
-5.1623756115e-03
-2.1675184777e-02
-2.0489187261e-02
-6.2233472712e-03
4.1382398962e-02
-2.3198479803e-02
-1.7851961262e-02
-6.1224312692e-03
-2.8327939419e-02
-2.0105811823e-02
2.9391194192e-02
-5.5703224921e-03
2.3990526860e-02
-9.8851403496e-03
3.6326477382e-02
-1.4844416648e-02
-6.1843633602e-03
1.0511709100e-02
-1.9576774527e-02
-8.7569172464e-03
-1.4676070377e-02
-1.3427726477e-02
2.5681597805e-03
6.1882127444e-03
6.8657972673e-03
2.7179818143e-03
2.2953066393e-03
1.3157262440e-02
5.2403590453e-02
4.5962495611e-02
-1.4255190237e-02
1.0316634516e-02
4.5192541766e-02
2.6960323262e-02
-1.3417418208e-02
-2.3403329164e-02
1.7681469513e-02
1.0615939142e-02
1.8797039203e-02
2.4064425353e-02
7.6069908396e-02
9.0765267305e-05
-2.0545466649e-02
7.0567537010e-03
-1.4052553829e-02
-1.5304459528e-02
2.5034031195e-02
2.3319965006e-03
-1.4913892859e-02
1.7517364420e-02
7.2881133387e-03
5.7734022200e-03
1.6326614680e-02
-5.4492413714e-03
-1.4473889585e-02
7.5252433395e-03
-5.9633237455e-03
-1.4831945287e-02
7.7825098924e-03
1.4029970293e-02
-2.9180867745e-03
7.7115985750e-04
1.1025442632e-01
3.1461890177e-03
1.3079006120e-02
-3.4879235808e-03
1.8381404122e-02
-1.4311706428e-02
4.0886164174e-02
-7.5388106041e-03
-6.6205163853e-03
2.6124119324e-02
-1.3876053850e-02
-1.9442486261e-03
1.0257801762e-02
-1.6023224919e-02
4.1487534710e-02
1.5215513919e-02
-7.5239769331e-03
2.6929716937e-03
-8.2560441706e-03
2.2240817870e-04
-2.1559521551e-02
-2.5303066416e-02
-3.0838940681e-03
-1.0096174043e-02
1.1590789217e-02
4.8355334575e-04
-9.1622460951e-03
1.9513964055e-02
-1.4793790534e-02
-2.0143925332e-02
3.7692771634e-02
-7.2043644686e-04
-1.1036162474e-02
-2.3283017551e-02
-4.4091902444e-03
8.1875304563e-03
-2.5278685795e-02
3.7759796853e-02
-1.4602470226e-02
-1.9093649627e-04
-8.2617946506e-03
7.9993456217e-03
2.1025898626e-02
-3.3876548474e-03
2.2218623007e-03
-1.2101471331e-02
-2.8709330719e-02
-1.0274179821e-02
2.1225033982e-02
1.7886986475e-02
1.9673855026e-03
6.8472144909e-03
6.3294551002e-02
1.1183240484e-02
1.1289920069e-02
4.5296987495e-04
4.5445122690e-03
-2.0216246295e-03
-4.4166082818e-03
1.7730033591e-02
2.1969315670e-02
4.0874411808e-02
5.0625638443e-02
-2.2324420802e-03
6.4667185045e-03
4.9409248192e-02
-9.7996734454e-03
-2.0387467493e-02
5.3324704569e-02
-3.4510978347e-02
-3.1357405594e-03
-1.2812948270e-02
-5.1876007560e-03
9.1030917245e-03
3.2776228939e-02
-2.6808957591e-03
-2.4193663438e-03
-1.5528330096e-02
1.1880419344e-02
-1.8620556337e-02
2.4203935099e-02
5.1442051803e-03
3.1799223010e-02
-4.1125793657e-03
-8.2672780023e-03
1.2587086455e-02
-1.6398432981e-03
2.9465171288e-02
-9.0879499770e-03
8.2009238187e-03
-1.9840164056e-02
2.1329176632e-02
-3.2220017359e-02
-2.0552169041e-02
7.5170728866e-03
2.7697133139e-02
1.1785464557e-02
-2.0360793947e-03
-5.9414908648e-03
-1.6005954185e-02
1.2462190912e-02
-9.4016458058e-03
-1.4085208268e-02
-2.2834239565e-03
-1.3470382497e-02
3.5540532525e-03
3.4704916161e-02
-1.0020813215e-02
-3.8858287991e-03
5.5339679313e-03
-1.6366010694e-02
-4.4274113759e-03
1.3260902430e-02
-2.7751955799e-02
-9.7616417060e-03
-5.9877801213e-03
-1.0795206988e-02
1.2208572164e-02
-1.9831311827e-02
-3.3481523843e-03
1.4150826005e-02
-2.9501706303e-03
-2.1950254179e-03
-1.0282630007e-02
1.4371054301e-02
-1.3223225318e-02
1.3167210965e-02
-1.0431239748e-02
-1.1447838020e-02
-1.0749738346e-02
-1.0796933826e-02
-1.5567086414e-02
1.7909062438e-02
-1.0535601470e-02
-1.0170812592e-02
-4.5801907181e-03
8.8538795633e-04
-1.0607325716e-02
1.1453145223e-02
-6.4079657876e-03
-3.8184370043e-03
-1.2503586153e-02
1.2181112641e-02
7.5730371509e-02
-4.1354479814e-03
1.8524946585e-02
-1.5264780272e-02
-4.6781712962e-03
-2.7335404274e-02
4.7986175659e-02
-7.3862814162e-03
-1.0602047756e-02
-2.9876458403e-03
-1.9558680972e-02
-1.4077456020e-02
-1.1759593008e-02
-5.2585842229e-03
1.4994787149e-03
-1.8970442656e-02
-2.5959515186e-02
4.5794075513e-04
-1.7546996592e-02
-1.7676644756e-03
3.0461793060e-02
-1.4987134483e-02
1.5259424396e-03
2.1876316916e-02
-1.4623113597e-02
-5.5733547099e-03
2.9257199510e-02
1.7048985646e-02
5.3842387198e-03
-2.5427080811e-02
3.8366997392e-02
-7.5373970950e-04
-1.0951430772e-02
-1.0951475367e-02
1.3335477035e-02
2.1339420484e-03
-1.9993011220e-02
-4.7793127332e-03
3.0751796167e-02
9.0447277318e-05
1.0726970966e-03
5.8747321937e-03
-2.6887492505e-02
2.8217286242e-02
-2.9864968338e-02
1.0517132615e-02
1.5797343336e-02
1.9301698404e-03
4.7598487995e-02
8.5969724303e-02
-5.4269559128e-04
-2.0484495175e-02
1.0768913123e-02
-1.1924356361e-02
-1.5629873465e-04
-1.2251007907e-02
5.6392300648e-03
-1.9963068251e-02
-6.2849469935e-03
-1.4630244883e-02
9.8825307991e-03
-3.6714889772e-02
-1.8076215915e-02
2.7806357690e-02
-7.1580739681e-03
-1.7634436467e-02
-1.0476625190e-02
4.0285122590e-02
3.8140541287e-02
4.5264528685e-02
-1.3998591084e-03
-2.1288670092e-03
-3.1583828405e-02
-1.1258947622e-02
-1.8065358236e-02
2.8586351453e-02
4.6913617647e-03
3.7761056380e-02
1.9957113761e-02
5.9486889740e-02
3.7960887876e-03
-7.6879801143e-03
1.9021681136e-03
8.1784959272e-03
-2.0702965253e-02
-4.8480779438e-03
1.9899299088e-02
1.7842523758e-02
-2.7266938125e-02
1.6217051954e-02
-7.0539755911e-03
-3.2541922852e-03
3.8757256885e-03
8.0204638748e-03
-2.5692145278e-03
-8.4879951803e-03
-4.2537331656e-03
-1.3837607369e-02
-2.5115015609e-02
1.0809178329e-02
5.7199607711e-03
1.9598208280e-02
-3.9658042786e-04
-5.5979143376e-04
2.2566078405e-02
3.9873040015e-03
-1.4782291164e-02
1.5017229333e-03
-1.0805609664e-02
-1.0724495597e-02
3.0140624035e-02
-9.1027137633e-03
-1.1010788065e-02
-9.2063485520e-04
-5.7087292748e-03
-1.8617500082e-02
-2.0968341848e-02
1.1423004744e-02
-2.7860973358e-02
-1.6442147803e-02
-6.2874675079e-03
7.3978944446e-03
-1.2403415027e-02
9.2836309318e-03
-1.4999084254e-02
-3.0664244790e-02
-1.5099073006e-02
-3.2796198569e-02
-1.8603615936e-02
1.3205977349e-02
1.6020435946e-02
-9.5292806192e-03
-4.3419787578e-03
5.2472808438e-03
2.1172683841e-03
6.9693445577e-04
-2.2070258764e-02
6.9185921549e-04
3.0662581214e-03
5.1484225186e-02
3.9108201351e-02
1.2431101189e-02
2.1315394125e-02
-9.0644296341e-03
3.4159841679e-02
-9.5980692265e-03
5.3536001462e-02
2.5059657769e-02
3.3577465309e-03
-2.5673860013e-02
4.0593183883e-03
-3.4496498539e-03
-3.9864748400e-03
3.2164875238e-02
-1.2840995409e-02
-2.3655745102e-02
-7.8880498803e-03
8.8856466745e-03
-6.1440948141e-03
1.3596073690e-03
-2.5568598211e-02
-1.6560540061e-02
-2.8327025509e-02
4.8818523649e-02
-9.0257177830e-03
-2.7614947372e-02
1.7534683673e-02
4.3267175567e-03
-6.1078867154e-03
3.3661337999e-02
-2.5416608872e-02
1.2109752805e-02
5.4105041022e-02
-2.9146065096e-02
8.2397531621e-04
-2.1161517370e-02
-6.3397160477e-03
8.0822021323e-02
1.8845784429e-02
1.2645443986e-02
-1.0790121148e-02
7.5407023654e-03
-1.7465047924e-02
9.0306967303e-03
-2.0658644130e-02
-7.3431076802e-03
3.9673060773e-02
1.3118880314e-02
1.1307512786e-03
-5.6584924835e-03
-6.1363747211e-03
1.9492125848e-02
1.0871044627e-02
2.4518374222e-02
-1.6647071030e-02
8.1487611623e-03
-2.2253622338e-02
3.7153822562e-03
-1.7464108110e-02
1.3542127818e-02
1.3765524206e-02
2.4956520149e-02
6.3767837841e-03
2.2672604472e-02
-2.3805420074e-02
3.7374744491e-03
-2.1552375294e-03
2.9631369298e-04
-1.6074106107e-02
6.1388141335e-03
-2.5991939479e-02
-3.0801584840e-02
4.9672980412e-03
-3.3814317529e-03
1.6869130145e-02
-6.4379639317e-03
-2.3385344585e-02
-2.1896548487e-02
-7.8422126839e-03
1.8919859081e-02
-2.1314509522e-02
-5.0723319203e-03
2.7481952034e-02
5.7872834820e-02
4.6778681481e-02
-1.8540793606e-02
-3.2839074469e-02
5.8934625740e-03
-1.8088840484e-02
6.1060864796e-02
-4.6847365656e-03
-7.3000121692e-03
-6.0805427166e-03
1.9935397825e-02
-3.3303203722e-03
-9.7088320427e-03
-1.3198490140e-02
-7.7449686714e-03
-8.0945319071e-03
3.3720268919e-03
-5.4889008558e-03
-2.0388426085e-02
-1.9257270974e-02
-1.7294539820e-02
2.4689939323e-02
-1.5339133534e-02
6.5786296112e-03
1.0520548003e-03
1.3754926114e-02
-2.4661730644e-02
-1.5197888423e-02
-2.0863432966e-02
-8.9033876401e-03
6.5217467359e-03
1.2170315596e-02
2.0196823330e-03
-1.1110962465e-02
-4.9108049362e-03
-1.5318851540e-02
-2.9582047798e-02
-2.6105214233e-03
1.9185407252e-03
-1.8900162061e-03
2.1535625611e-02
4.5277372888e-03
-1.3255836479e-03
-1.5058267710e-02
-1.1523165938e-02
-2.2899499150e-03
3.3889268654e-03
-1.5635804750e-02
-6.7764419699e-04
-2.0254000473e-02
-1.1809155618e-03
-1.3919302942e-02
-2.1961828474e-02
8.8728543190e-03
3.8787312713e-03
-2.6377406636e-02
-2.9882065039e-03
-9.6330721053e-03
-1.2494856012e-02
1.8064725483e-02
1.0725179830e-02
3.5171543154e-03
-1.9669237099e-02
-1.2895346936e-02
3.5205839461e-03
-1.7969051486e-03
7.0589445042e-03
1.2229346161e-02
-2.5001030534e-03
-1.6060758816e-02
2.1838184265e-03
1.0978707339e-02
-1.3708225743e-02
1.7978354506e-02
-1.1995961866e-02
-1.2526669882e-02
-1.8712504151e-02
4.4822621374e-02
-1.6169689814e-02
-1.1527021856e-02
-2.1559020100e-02
-1.5723677669e-02
9.4596533586e-03
7.8702604226e-03
-9.7096525171e-03
-2.6034226616e-02
-2.2315109066e-02
1.1792216830e-02
-1.2726157658e-03
9.4265437021e-03
1.1491777278e-02
4.5511871937e-03
-2.0383943445e-02
-7.9872239734e-03
1.4608750289e-02
-1.5166315756e-02
-1.6630376896e-02
-2.1424175415e-02
-2.0339234421e-02
5.8419225986e-03
-1.1536939092e-03
-1.8469309285e-02
7.6423059316e-03
2.2743045307e-03
-1.0328504933e-02
4.0427562062e-03
3.2077555130e-02
-2.7687342750e-02
-9.8705646101e-03
2.3705406146e-02
-5.0329359374e-03
4.2794727968e-02
6.6610150009e-04
-2.3481850598e-02
-1.8255266515e-02
3.7399185946e-02
7.7668664107e-03
-7.2964502879e-03
1.7976519792e-03
-1.1933248664e-02
-4.6655091059e-03
7.7448803364e-03
-1.1869386074e-02
-6.0857198350e-03
-8.6904191890e-03
1.2035802675e-03
8.7573427126e-03
-1.7083873799e-02
6.2164981011e-03
-4.5137822231e-03
6.0190729199e-03
-1.1943950070e-02
-1.8514285796e-02
1.2558879685e-03
4.0384685452e-03
-1.2782369757e-02
1.9636720196e-02
-2.0960844082e-02
5.7379096503e-03
-2.2635666316e-03
-7.8371789703e-03
7.4930785890e-03
5.6452176157e-03
-2.3332502367e-02
-2.6568924450e-02
4.4766135780e-03
-6.6539335527e-03
1.6299642995e-02
7.8502444957e-03
1.6306288199e-02
3.2430074248e-02
1.6854107634e-02
4.6905027079e-02
4.3242027992e-02
-4.5774189582e-03
1.5856942369e-02
5.0129357844e-03
3.5653883272e-03
-1.3946855201e-02
-1.1657030221e-02
-1.3925272432e-02
-1.8530202106e-02
-1.3763392871e-02
-7.6023324416e-03
-1.6944454931e-02
-2.5032730661e-02
-1.8660578532e-02
2.8838940907e-02
-3.1393705698e-03
1.6323144495e-02
-9.1319537626e-03
-1.8422918494e-02
4.5791115215e-03
-2.6595919194e-03
-2.9374536691e-03
-3.4645762392e-03
-8.7268305558e-03
3.5454353996e-02
6.2075812969e-03
2.2280517154e-02
6.9045081011e-03
3.0154102829e-04
-8.7162670167e-03
-1.7806919734e-02
-9.0729622663e-04
-2.2022998296e-02
-1.8024045013e-02
-6.9962051513e-03
-4.7863001560e-03
3.5485822118e-03
1.2887112562e-02
-4.3220911826e-03
-1.5342793147e-02
-4.5471171202e-03
9.1868033063e-03
2.1818265536e-02
-6.7172528018e-03
-2.5711116424e-04
8.4903658565e-02
7.8816313437e-03
7.0455784627e-03
-1.8393653001e-02
-2.1412418963e-02
1.8857935282e-03
-2.0527371590e-02
-2.7884209144e-02
-1.2036628780e-02
-9.1813421918e-03
-3.9242376102e-03
8.4683989215e-03
2.8006389152e-02
5.9832051852e-02
2.2450001083e-02
-1.8213816779e-02
5.8385529666e-02
2.9609885114e-02
1.1007932184e-02
-2.1616843532e-02
2.7709893185e-02
8.3632734941e-03
1.3212216742e-02
1.2466341658e-02
6.0461846767e-02
-4.1587288239e-03
-2.8161189574e-02
-1.3302519922e-02
7.5108323171e-04
1.1486727830e-02
-1.1021984537e-02
1.8826736173e-02
-8.9128204116e-03
7.0703764772e-03
-2.2777972522e-02
-6.2602563185e-03
-2.0184878534e-02
1.5517714149e-02
-1.0090345661e-02
-1.8908199016e-02
1.2692227299e-02
6.6429891771e-03
1.3898709792e-02
1.1386111716e-02
1.9773150616e-02
2.9390846619e-02
8.0210089696e-03
-2.7804882838e-03
-2.6906140466e-02
4.4911533896e-03
2.2384954207e-02
-1.9643187029e-02
-1.1457223231e-02
2.6004188225e-02
1.5263239997e-02
-1.2130952109e-02
-1.5475233788e-02
1.5056805046e-02
-4.9644414947e-03
2.2955796647e-03
-5.7498533606e-03
-9.4467124537e-03
-1.7131251740e-02
2.6903046929e-02
-2.4136936258e-02
-5.5494770877e-03
-7.8831341945e-03
9.9852663887e-03
1.3646914730e-02
-1.1973734210e-04
-5.9366650720e-03
-2.5003639951e-02
-2.4382663993e-02
-8.5425923866e-03
4.6630396529e-02
4.3752323804e-02
3.6126540901e-03
3.0276289015e-02
2.6026499150e-03
8.7364282571e-03
-7.1592337073e-04
-2.3149951591e-02
-2.1428456646e-02
1.1550978057e-02
-1.2372546108e-02
5.2229574073e-03
3.2835663836e-02
-2.0837543141e-02
-1.8316574456e-02
-9.3722761583e-03
5.6042425853e-03
-1.3851444157e-02
-2.1594042098e-02
3.3197708014e-02
8.5390172739e-02
6.0603842828e-03
-1.7027716436e-03
2.4688277762e-02
5.3968936548e-02
3.0107650610e-03
5.0045850339e-03
2.4978728467e-02
1.5059817564e-03
-2.4064855978e-02
-1.2632158622e-02
4.9502160502e-03
-2.7972990624e-03
-1.1894263980e-02
8.1019691421e-03
1.8103022194e-02
2.4821923669e-02
2.2282366904e-02
-1.7029521116e-03
-2.3765395650e-02
-3.8703377727e-03
-8.1848032564e-04
2.2611152324e-04
2.6754731454e-03
2.3472646201e-02
1.7821840198e-02
-1.1838465950e-02
-9.7699885079e-03
2.8371922685e-03
1.3925520902e-02
-5.6366394785e-03
-1.6034860328e-02
-2.7306373942e-02
-1.1886988756e-02
1.2796042097e-02
-1.0279048399e-02
-1.6133829711e-02
1.5887804278e-02
-1.5870900884e-02
-3.9591605443e-03
-2.1866341724e-02
2.1080041576e-02
3.3459903636e-03
-1.4567698164e-02
8.9024363543e-03
-2.3438439170e-02
-1.2655166110e-02
-7.6700317298e-03
-3.0271667126e-03
-2.5179781068e-02
-1.4973382183e-02
-2.6395677338e-02
6.2317236141e-02
-8.4722787754e-03
1.9686064518e-02
-3.7183253373e-03
5.0053586310e-02
5.8547897702e-03
-1.2771073280e-03
3.3649409169e-02
-1.2584311641e-02
-2.1463344699e-02
-2.3340783216e-02
7.3358740720e-03
5.2125077111e-03
4.0584830857e-02
-1.1656510223e-02
-1.7808951529e-02
-3.0859252051e-03
2.8122176866e-03
-2.1328606781e-03
-3.0255125102e-02
-4.8841338814e-03
-1.5904164089e-03
2.2992857346e-02
-6.8567926001e-03
-1.9916840763e-02
1.7728306308e-02
1.2071553246e-02
-1.8905770546e-02
-1.6181237711e-03
8.4005651592e-03
1.2635019172e-02
-5.8790432609e-03
-2.6458217174e-02
3.4886682918e-02
-1.9720688505e-02
5.7188892465e-02
1.5210904739e-03
-1.7082376685e-02
-3.0476849389e-02
1.4528496843e-02
1.2158265412e-02
-5.3590555495e-03
3.2411891218e-02
1.8981578375e-02
3.8981482350e-02
-4.4693744621e-03
-1.4685860564e-02
1.6285526001e-02
-1.6751483866e-02
1.3701872101e-03
1.0904200032e-02
-1.0836922305e-02
-1.7290147375e-02
-3.0183047354e-02
-1.6531870336e-02
-1.5323579908e-02
6.6915537316e-03
1.4988344873e-02
-1.5412437656e-02
6.1255511060e-02
-3.5649098476e-03
1.1105354758e-02
4.4044363897e-03
-2.3364892693e-02
2.9601537140e-02
-5.5035115682e-03
-2.0327243939e-02
1.4452783193e-02
2.6744788058e-03
1.8110707070e-03
-4.6058253075e-03
1.8392761073e-02
1.1918747103e-03
2.1301693850e-02
1.7185288443e-02
2.0066356823e-02
-1.6945138219e-02
-2.8102005561e-02
5.6675685462e-03
2.7460817486e-03
4.0798524161e-02
-6.6704588757e-03
3.4758055113e-03
-4.3647814473e-03
1.9853486338e-03
1.6632093943e-02
-7.0466874173e-03
-1.8128591172e-02
-1.6635581589e-02
-2.2662603152e-02
1.7768151109e-03
-1.4844285908e-02
-9.4870883066e-03
-8.3697644632e-03
-2.8389419069e-02
-4.7018575141e-03
-6.7622061689e-03
-1.9683451851e-02
-2.0535531210e-02
-6.7580423466e-03
-3.0180542527e-02
-4.5574036495e-03
-1.0668211156e-02
9.0429825509e-03
4.6618948832e-02
-6.9296390019e-03
-2.3528500682e-02
1.1151550625e-02
-4.1462545710e-03
1.5231987132e-02
1.5561499552e-02
1.6682639085e-02
3.5622685196e-02
3.6608328483e-02
5.6027609162e-02
2.3868334589e-02
-1.1005274017e-02
1.0220679950e-03
-2.3000810943e-03
9.4300699867e-03
-7.4431446095e-03
-1.0741178663e-02
2.8799362948e-02
1.2777862772e-02
-2.1774637099e-02
1.9896901086e-02
3.3657854825e-03
-3.9522626743e-03
2.1757144936e-02
2.4205513448e-02
4.8961268118e-03
8.2929650899e-03
2.2993609794e-02
-1.0313660150e-02
1.3911686716e-02
1.1717725710e-02
-4.8181451878e-03
6.2535134892e-03
1.9211396169e-02
-2.8522588094e-02
-4.1982874861e-03
8.2870960619e-03
-2.1500898300e-02
-3.5891108185e-03
-1.3918481178e-02
-1.0601546101e-02
6.1868252751e-02
-2.3705774233e-02
1.0005414232e-02
-2.1134593080e-02
-1.9611753650e-02
5.4916353645e-03
-4.2893007669e-03
-6.4848205177e-04
-9.5438736051e-03
-1.6536431161e-03
-5.2088869265e-03
-3.3301403997e-03
4.0680456303e-03
-6.3954579453e-03
6.9698578350e-02
-4.3168867119e-03
8.0758565706e-03
-6.1639068804e-03
-7.5990868878e-03
-2.5217503920e-02
1.5542024227e-02
5.9224645024e-03
-5.0988282720e-03
-1.5062018902e-03
-2.8677035367e-03
-7.2940557239e-04
-7.4342047035e-03
4.9868052937e-03
4.2097494788e-02
-1.5069166427e-03
-7.7533296683e-04
-1.0699680611e-02
-1.4847476215e-02
-2.4543442317e-02
-8.8490300680e-03
-1.7741310451e-02
1.2349132103e-02
-1.5079162892e-02
-1.1249954068e-02
6.6301552401e-02
-6.6303747480e-03
-1.1138607007e-02
-1.3729677833e-02
-1.6171503120e-02
1.4257765297e-03
-5.3746740264e-03
-2.3296695096e-02
-3.3194869398e-02
-1.9336352282e-02
-2.5254914847e-02
-4.9559626523e-03
5.3559806235e-02
4.0971470029e-03
-7.6175485069e-04
1.8663893308e-04
9.5160077042e-03
5.6433779041e-02
5.4195511390e-02
4.0881839092e-02
3.2231496369e-02
-1.1589524479e-02
-3.3794066461e-03
-1.3505993449e-02
2.2605625082e-02
-2.4300228867e-02
-2.0576566825e-02
7.0263500122e-03
-1.7951126407e-02
-2.4416865919e-02
3.9507765843e-03
-2.1494826146e-02
1.5037568763e-02
2.0279251710e-02
1.5221856975e-03
-1.5350911698e-02
4.0570376462e-04
-6.5563489386e-03
-1.3560093629e-02
5.9887857563e-03
-1.2078781066e-02
2.6902724340e-04
-4.9212863501e-03
2.0482403652e-02
2.6913661871e-02
2.8334070185e-02
-1.6786800856e-02
-1.0205947196e-02
-6.4677076460e-03
-5.7589589981e-03
8.2948416352e-03
6.5577931343e-02
1.5775529016e-02
-1.2557480465e-02
-7.0973966664e-03
4.7903065500e-02
3.0915615036e-02
2.3792644018e-02
6.3300631838e-03
-1.9535988853e-03
4.6381976680e-02
-1.4094588266e-02
-2.3830809742e-02
-3.0977846453e-02
7.6813146913e-03
2.8566041800e-02
2.6181117207e-02
1.6501171416e-03
-2.0826997807e-02
1.4837796376e-02
-1.3466297228e-02
-1.6259443177e-02
8.2441020465e-03
-5.6667053468e-03
-2.9069851376e-03
-2.2774545393e-02
-2.0213812578e-02
4.5491483458e-03
1.3869608440e-02
-4.8425352858e-03
-2.1799172098e-02
2.0079119728e-02
2.6211855237e-02
4.4239211405e-02
-8.3512447721e-03
-3.0277827954e-02
2.5844513611e-02
-1.0869863226e-02
-1.7019024352e-02
-2.6247442382e-02
4.0886982261e-02
8.8216699706e-03
-1.0673859757e-02
-2.3578950751e-02
-2.6708894988e-03
3.1192662512e-02
6.1893235165e-03
-3.3743897629e-02
4.5861949898e-02
1.0510797098e-02
-1.2537580584e-02
-9.9210077570e-03
2.4193062240e-02
-1.3001762288e-02
-8.9026508738e-03
4.1443234989e-02
-2.9492759260e-02
3.4547561547e-02
-1.8387868282e-02
-5.7281421576e-03
-1.0289135554e-03
4.6717224918e-02
-1.4426918715e-02
4.3609854017e-03
-1.6830244836e-02
-2.6587755477e-02
5.5494306847e-02
2.0282155674e-03
-2.7899212571e-03
2.3038780216e-03
-4.7765435207e-03
-2.3000481112e-02
2.8642312714e-03
-3.4013107595e-03
-8.6023943158e-03
-2.3886377749e-02
-5.1237843399e-03
-2.5516303410e-02
4.1217082044e-02
-5.6373076735e-03
-1.4232020295e-02
4.9862674528e-03
1.6067772834e-02
-1.6188801534e-02
2.2911941723e-02
9.9995178158e-03
-1.3341807688e-02
-6.1255545880e-03
4.9702974015e-03
-4.2049866970e-03
-5.5293615290e-03
4.5199477894e-02
7.8083509014e-03
6.8725584215e-03
-1.8061874310e-02
1.0212578890e-02
1.7696295985e-02
-2.8845081339e-03
6.7994771091e-03
1.2701986750e-02
1.2226580446e-02
-5.7839321051e-03
5.5096063775e-02
3.0258065628e-03
6.6449799794e-03
-7.5851059514e-03
4.3746941472e-02
-2.0558356601e-02
8.2599248012e-03
-4.6784170276e-04
2.1688634343e-02
3.9183992652e-02
4.1578917388e-02
-8.5342915988e-03
-7.7111298315e-03
1.0043377100e-01
1.0376055252e-02
3.3288175600e-02
1.9325209560e-02
-3.7263773855e-03
-1.1639854197e-02
1.3545101029e-02
-6.6496958371e-03
-4.5909204418e-03
9.1438882566e-02
-2.0746799212e-02
4.4068948400e-03
-1.8917087058e-02
-2.4660058149e-02
1.0223432372e-02
-2.4497807998e-02
3.3187094540e-02
3.4586193849e-02
-2.4468313615e-02
1.6574290784e-02
-1.4263872249e-02
-1.7399732334e-02
1.2577640168e-03
-1.8038105874e-02
-1.0593068165e-02
3.6896297544e-02
-1.5339637399e-03
-1.7117196106e-02
2.3896788645e-02
3.5473740590e-02
-2.2334621646e-02
2.9276355896e-02
-1.3878499314e-02
3.4551448482e-03
-9.8761076784e-03
3.2038102436e-02
3.3840158746e-02
-1.8040836588e-02
4.5518869078e-03
4.7313751270e-02
-3.9399032483e-03
-1.0351203294e-02
-1.4953218208e-02
-1.4172035853e-03
-1.3105890951e-02
1.2426335418e-02
1.8514340593e-02
-1.1353123960e-02
-2.0790364729e-02
3.6915161421e-02
-2.2292420079e-02
-1.2486363105e-02
-1.6124957413e-02
-1.4977547557e-02
-1.6805761438e-02
-1.3626105950e-03
2.5845591461e-02
-7.3594298724e-03
-1.4742541206e-02
-1.3095623873e-02
-1.9002804275e-02
-1.3975131479e-02
1.0108329621e-02
-3.1037549312e-04
5.1368053611e-03
1.3485302788e-02
2.7261470727e-02
-1.0435112900e-02
8.5703796484e-03
-2.5266299462e-02
-2.4630125019e-02
3.3066421131e-02
3.4068361350e-03
5.6714920209e-02
7.8642914048e-03
6.0360348562e-03
3.4772960364e-02
-7.9048842292e-03
-1.0645453421e-02
2.2291104337e-03
-8.8054864728e-03
2.1524089348e-02
-1.1478674779e-02
1.5100397155e-02
4.9614979971e-03
2.3227163697e-02
4.9656096219e-03
3.4301808158e-03
4.3336272307e-03
-3.6466638411e-03
-1.6819414642e-02
-1.7513305049e-02
9.4652393846e-03
-6.0147741265e-03
-1.7457638244e-02
-8.1708803505e-03
8.6112179936e-03
-5.3352294471e-03
-2.5396626662e-02
-1.7342137658e-02
-1.0194330436e-02
-8.6053321205e-03
6.3420288146e-03
8.4505213900e-03
1.9976368271e-02
3.3261758106e-03
-1.1624202387e-02
4.7143369441e-04
1.1927855747e-02
-2.5527040339e-02
2.2991330012e-03
4.0105192833e-02
-7.0244919585e-03
-2.4137856182e-02
-1.9170162843e-02
-1.1533787479e-02
-2.0219713365e-02
-1.0863020717e-02
7.9138730984e-03
-1.8849277540e-02
-2.3489328050e-02
1.5999219444e-02
-1.8667332117e-02
-1.9275624487e-02
6.0540822233e-02
2.9446441049e-02
1.8610978179e-02
1.1963518391e-02
1.4454273188e-03
-5.6184037382e-03
3.2634655527e-03
9.6171080306e-03
1.1826343810e-02
8.5720702354e-03
3.1562322806e-02
1.0691548606e-03
2.1093260492e-02
5.8940337599e-02
-1.3574417914e-02
-1.6557098415e-02
1.0868660533e-02
6.9651481661e-02
-1.6998437443e-02
2.6645464199e-02
-5.0955672623e-04
3.6601636278e-03
-2.7837628868e-02
-1.8793404018e-02
-9.1265303282e-03
-1.2453521894e-02
-4.7286226588e-03
-1.7941160463e-02
1.1321421894e-02
2.2710661793e-02
4.9206221705e-02
2.0758249608e-02
1.1808389561e-03
7.0027141244e-03
-1.1434449966e-02
-2.2902989185e-02
1.6266321202e-02
-8.3779929768e-03
-1.7162731638e-02
-1.0044589165e-02
-2.9224616319e-02
-1.5730567426e-02
2.4697728814e-02
2.4896083325e-02
3.2480825683e-03
-9.6535691367e-03
8.5237950812e-03
-1.2592498159e-02
5.5817757326e-03
1.1033653763e-02
3.0654309651e-02
5.4748770702e-03
8.3515136284e-03
2.1818072701e-02
-9.6819265902e-03
-1.0352690369e-03
-2.4377502002e-02
-1.6622577602e-02
2.3288314374e-02
-5.0113889111e-03
-2.1284331269e-02
-1.8257491989e-02
2.2002717744e-02
-1.3953485978e-02
-7.7171337942e-04
3.1979995726e-02
-2.2572406884e-02
1.5915225128e-02
-3.1840731547e-03
9.0066449482e-03
2.6306059935e-02
4.1323097856e-02
-3.6782203571e-03
-7.0547083275e-03
-4.4217691785e-03
-1.9990673427e-02
2.4139280074e-02
-6.0585453266e-03
-2.9008880881e-03
7.9564254236e-03
-1.0112463044e-02
-1.0909145097e-02
-1.5177750862e-02
-9.3577252833e-03
3.0959623988e-03
-6.4304237943e-03
2.0075884705e-02
2.1271823428e-03
-6.9704286163e-03
2.4276759792e-04
-1.9790199781e-03
2.2591304337e-02
-1.1865255389e-02
8.5335142292e-03
-2.5389755570e-02
-3.7757750103e-03
-1.4715234601e-03
-1.7818762056e-02
-2.2083469204e-02
3.1730608064e-02
-1.1640521589e-02
-2.4130421797e-02
2.7658557064e-03
-1.4493954026e-02
-6.4389102837e-03
-7.0895064164e-03
-1.8927548239e-02
8.7938060177e-02
1.4671126495e-03
-1.2395617757e-02
-5.4203342753e-03
1.8358290437e-03
-7.5300485583e-03
6.5804535776e-03
-1.2451167126e-02
-1.6294147978e-02
-7.5820243135e-03
-1.8003804951e-02
-9.7424348893e-03
6.5946551821e-03
-1.6078411415e-02
-4.2021421909e-03
-2.4493894076e-02
-1.2996875750e-02
2.2540029078e-02
1.9125109869e-02
-1.2383402122e-02
9.0378749356e-03
8.2568194061e-03
-2.0555309725e-02
8.9902889840e-03
2.4333918263e-02
-1.1175259350e-02
-9.1475602133e-03
1.7665247925e-02
-8.7671622875e-03
3.0490491696e-02
-7.5734937390e-03
8.5269436733e-03
8.7833070088e-04
9.3747967805e-03
-2.7663451755e-02
1.4745443253e-02
-1.1581639265e-02
-1.0535269399e-02
4.2121982966e-03
4.9059751652e-02
-9.1675416302e-03
-7.0614988649e-03
6.3642105040e-03
1.1170819700e-02
2.6292149247e-02
2.7838505813e-02
-1.5281011491e-02
2.8394082526e-02
-1.4841394724e-02
-1.3040043118e-02
-1.2314995735e-02
1.4991206805e-02
-4.9932275991e-03
-5.9458730421e-03
-1.7680039519e-02
4.7785547670e-03
2.7397945037e-02
8.3526899024e-02
5.4636356634e-03
1.9194237517e-02
-4.6112681869e-03
1.0231838265e-02
5.0148134411e-02
-2.2412252019e-02
-1.8718751369e-02
-9.0144855106e-04
-3.9275091681e-03
-1.8039949753e-02
-4.0582794803e-03
1.9990338375e-02
1.5533826324e-02
-4.1168993702e-03
1.1632137377e-02
-1.9591917548e-02
5.3997948486e-02
2.7732327113e-02
3.0648429348e-02
-8.3156611402e-03
-2.3287833948e-02
1.4645931690e-02
-1.8169881414e-02
8.6913165060e-03
-7.9476573280e-03
-2.5412695455e-02
-1.6645705999e-02
4.9295423897e-03
2.6002043574e-02
-2.5695688699e-02
2.6292654790e-02
4.0129289082e-03
-1.7590791718e-02
2.1902456614e-02
-1.0414175846e-02
-1.3558066978e-02
6.9178960984e-02
1.5361561972e-02
-4.6685363047e-03
1.9169402830e-02
-2.5278206059e-03
-1.9565221590e-02
-1.3959381369e-03
1.4197332194e-03
2.9026411957e-02
1.8165824585e-03
2.4337393270e-02
-5.6853092916e-03
1.8141592663e-03
6.9059062968e-03
6.6921138010e-03
-8.8123782326e-03
-1.8813926217e-03
-1.3287396801e-02
7.0045846664e-03
1.2615544757e-02
2.9523607014e-03
-1.8920158090e-02
-2.1528191777e-02
-2.3065479762e-02
1.4132791057e-02
-1.7551512710e-02
-2.3616601907e-02
-1.8004588006e-02
-1.1282921700e-03
-1.1944336466e-02
-3.1664400278e-03
-1.5814053062e-02
7.2492253391e-03
-2.0922810227e-02
4.2385302067e-03
-7.7531181158e-04
6.2248697482e-02
-3.2363488395e-03
-1.7529087948e-02
-3.1493203887e-03
2.2062231885e-02
3.5644422146e-02
1.9567858617e-02
-2.6643925254e-02
-1.1368547841e-02
-1.7011840531e-02
3.3337826337e-02
2.0819745699e-02
-1.8856327429e-02
1.4112202374e-02
1.7055073219e-02
6.0539021536e-02
4.7088600321e-03
5.8048835823e-02
-2.6692969480e-02
-9.5032656837e-03
-6.4301919814e-04
1.0505129556e-02
1.6918150478e-03
-4.1000175251e-03
-1.3225706668e-03
4.7061698668e-03
5.3809986078e-03
1.3806489480e-02
-2.5183759818e-02
-2.4117536870e-02
4.4808540180e-03
-1.2463150250e-04
3.0486344420e-03
3.7514749382e-03
-1.8100625038e-02
-1.4195844874e-02
-1.6462973848e-02
-7.2427469557e-03
1.2582028857e-03
1.9717513348e-02
-1.6417822134e-02
-5.0178552710e-04
1.3904411558e-02
-1.2215107887e-02
8.8781424570e-03
4.3492987062e-02
1.9810847433e-02
4.4650126407e-02
-3.7557383630e-03
-1.7274866523e-02
-2.2669330701e-02
-2.2337072366e-02
-1.9866589172e-02
-1.3433032569e-02
-4.9403784772e-03
-4.3122066367e-03
-9.8240111512e-04
-6.1151347196e-03
1.5991510105e-02
3.2333394261e-02
1.6501425897e-02
1.3964514498e-02
2.3299024996e-03
1.0956326703e-03
-1.2181364273e-03
-1.1751394133e-02
1.7235996379e-02
1.9851700235e-02
2.4019988726e-03
-1.2208761200e-02
1.6817068917e-02
2.9478495930e-02
-9.4737225550e-03
-7.8735503803e-04
-2.9193325279e-02
-5.8970256803e-03
-1.7442713598e-02
1.1504180786e-02
-1.4299039709e-03
-1.6351159086e-03
3.6768009963e-03
3.8386689574e-02
-2.3696515777e-02
3.9599265603e-04
1.8244574700e-02
1.7078142604e-02
-1.2138166191e-02
5.7484500291e-03
-1.5122869614e-02
-3.0740578878e-02
3.0987187523e-02
-7.5020820129e-03
-2.8245721498e-03
-4.7850519472e-03
-4.6359380850e-03
5.0394905971e-02
-2.2058237563e-02
5.4150723448e-02
6.9093438988e-02
1.2492828673e-02
-1.2325695708e-02
-2.1483105858e-03
-9.0908572041e-03
1.8177097840e-02
1.6453646146e-02
-1.7462092646e-02
9.0612425939e-03
3.4407054490e-05
-1.7654808486e-02
-1.4364688188e-02
1.7230844772e-02
2.6038879000e-02
-5.0888321723e-03
-1.9663990220e-02
6.3036198963e-03
2.3088697319e-02
-9.9789797761e-03
3.3285761670e-02
-1.3868065757e-02
3.7301435593e-02
2.2441947517e-03
-1.2540087918e-03
1.2473863094e-02
-5.3156032207e-03
-1.8301478457e-02
-1.5957156461e-02
-2.3127410529e-02
1.0324133885e-02
-1.3869136787e-02
-1.3283700214e-02
3.6761537659e-02
-8.5581596482e-03
1.0709498278e-03
-1.4970878040e-02
8.9673219588e-03
2.4668335214e-02
-7.9940256150e-03
-1.3593797489e-02
-1.1794486775e-02
-1.0058362919e-02
8.2566965977e-03
1.1082695827e-03
8.0303963730e-03
-7.4451844098e-03
-1.2134460238e-02
2.2838957621e-02
8.1839776314e-03
2.6491364745e-02
1.5572743475e-02
1.4826992709e-02
-1.3607078699e-03
-1.5091582415e-02
-2.6306552693e-03
-3.5883722603e-04
-2.1352774186e-02
3.3444732922e-02
-2.2144568466e-02
2.2512260142e-02
8.4742781046e-03
-1.2066153983e-02
1.7942131161e-02
-6.9880204209e-03
7.2548152743e-03
5.5657569264e-02
-2.9877077087e-03
7.4800922124e-03
-7.9897417966e-03
-1.7522865356e-02
1.4161119065e-02
1.1254460198e-04
-1.2421748485e-02
-1.1497385743e-02
5.9121714356e-03
-1.4482453490e-02
-6.3170815278e-03
-1.1272619569e-02
-1.6415771417e-02
3.1520908388e-04
-1.9241809828e-02
-6.5518590663e-03
-1.4235267168e-02
1.3123156461e-02
2.7761534673e-02
1.6664378259e-02
-2.3191265625e-02
-5.7006327136e-03
7.2143775756e-04
6.6968531902e-03
3.5193809859e-02
5.6080923289e-02
1.6020777200e-02
-2.4246833650e-02
1.9593098742e-02
3.8358949641e-02
1.2737764077e-02
-8.7854926761e-03
-1.0202919172e-02
1.4614439993e-03
1.6967887282e-03
-3.8024450485e-03
-2.7707033420e-02
-7.1301212938e-04
1.3943805790e-02
2.6546862140e-03
-9.4612482775e-03
-1.7390470959e-02
-7.7029954817e-03
1.4194933629e-03
3.2383424121e-02
9.4986718071e-04
6.2185798055e-03
-9.8010519677e-03
7.1315807593e-03
-4.0477255670e-05
1.3460454886e-02
2.5752526795e-02
3.4656172741e-02
1.5655663046e-03
-1.4241438207e-02
6.3227846780e-02
-4.0811728481e-03
-1.7889877412e-03
-2.4284448968e-03
-1.3216845809e-02
-1.7638405564e-02
-3.3837752476e-02
9.2222656549e-03
-1.2428517993e-02
-8.8314953669e-03
-3.3321302197e-02
-1.8842277230e-02
2.3447483168e-02
1.2872182999e-02
2.0403631248e-03
5.2346998452e-02
2.0175933488e-02
-2.8909601257e-02
1.0427239568e-02
-3.5749615578e-03
-1.2231380974e-02
-2.3382342489e-03
3.3581752215e-03
-1.9419320754e-02
2.2606720191e-02
-2.1875016845e-02
-1.1884510557e-02
1.2694115547e-02
-8.7280046271e-03
-2.2031859273e-03
-8.0317691524e-03
-1.0062810248e-02
3.7152543200e-03
-4.5037281763e-03
-4.7962492822e-03
-5.9895285754e-03
-1.8815458486e-02
-1.2599387790e-02
-1.9817339593e-02
6.1299531185e-03
3.5071128087e-02
7.4749720318e-04
1.1104240747e-03
1.9233733304e-02
3.2964516466e-02
1.2588632116e-02
-2.2578922622e-02
-1.8049032466e-03
-1.6580492538e-02
5.3204713492e-02
7.7904333613e-03
-2.3680535221e-02
-3.0862473014e-03
-2.3451531098e-02
9.9943681819e-03
-1.2460552490e-02
-9.6850080262e-03
-1.9171915907e-02
-8.0685868184e-03
-7.3101796446e-03
1.1260649084e-02
3.3673710029e-02
3.1330484071e-03
1.0022505290e-02
-2.0464192331e-02
-3.6719899466e-03
-3.9138195793e-03
-2.4265600894e-02
1.2489442546e-02
1.1435268253e-02
1.2357199965e-03
-2.1048027563e-02
4.8618427352e-03
-5.8267182587e-03
-3.4736621944e-03
-2.0743013953e-03
-1.3374500907e-02
2.5546561793e-02
2.4220151355e-03
-6.5501916134e-03
2.0428512974e-03
1.6297846643e-02
-1.5441629337e-02
-9.5434229783e-04
1.6850543538e-02
-2.6194249463e-02
-1.4187943130e-02
-3.1217222007e-03
-5.4004792774e-03
3.3414505573e-03
3.1952148684e-02
-1.7973205584e-02
-3.1681240394e-02
-5.5732185364e-03
-1.5018665650e-02
-5.3105977300e-03
1.0609359270e-02
-1.0094574158e-03
1.5937268784e-02
3.2641809258e-03
1.7891833022e-02
-2.0322090400e-02
1.1954033768e-02
-6.4342363822e-03
-4.7480578943e-03
-1.6948827826e-02
1.1357640942e-02
9.7924601547e-04
1.0964188185e-02
-8.0550516030e-03
-1.6929159811e-02
-9.1519775968e-03
-8.0973308211e-03
-1.2077042475e-02
4.8678013552e-03
-8.8024195878e-03
2.8819109290e-03
-2.4935400272e-02
5.2347905074e-03
-1.2659787482e-02
-1.0658049699e-02
2.3601784183e-02
3.7017836212e-02
8.1897319484e-03
-6.4688905730e-03
3.9190914607e-03
2.2476226698e-02
-1.3230297531e-03
-1.4019268985e-02
-8.0248199287e-03
5.1157379974e-02
1.5438720084e-03
-1.9203490253e-02
1.8617274289e-02
-5.6862826552e-03
8.3642637723e-03
-1.6271384745e-02
-1.9483746593e-02
-1.6493340819e-03
-5.9753432767e-03
5.0273329775e-02
5.3470600798e-03
6.4940356077e-03
2.1951867886e-02
-9.5308976526e-03
-1.0474399890e-02
-2.3063058814e-02
-1.8348829884e-02
-1.2094746958e-02
-8.5885341939e-03
-1.5985087214e-02
4.2305140584e-02
-8.2424859616e-03
-2.4216073848e-03
2.3577662548e-02
-2.8796031321e-02
-1.9117094934e-02
1.9964175929e-02
3.5881869065e-02
6.9129939674e-03
-1.0705334486e-02
-7.8213144209e-03
-1.3546542999e-02
3.2807200165e-02
-1.5755459767e-02
-1.8963224209e-02
2.4872950981e-02
-6.4130072761e-03
-1.4052892977e-02
4.6679826757e-04
5.7276585485e-03
2.8941285330e-02
4.3949364949e-02
1.7491314245e-02
6.0980167574e-02
7.1107784679e-03
-1.6235206625e-02
2.0645941709e-02
-9.0573130131e-03
1.1956941453e-02
-7.8771764401e-03
-1.8525074736e-02
3.6885807143e-02
-1.7402982312e-02
-1.9259575957e-02
-1.4301584836e-02
2.4518791271e-02
1.3046228442e-02
-4.3866201053e-03
-2.4900030819e-03
1.3751073880e-03
1.1681657727e-02
2.6184158282e-02
7.9938947146e-02
3.7688066372e-03
1.4556709226e-02
-2.1028258149e-02
1.5658053483e-02
1.9332585900e-02
2.2354325928e-02
7.8693334403e-03
2.6206320465e-02
-1.9394956887e-02
1.5340521879e-02
-2.6602142969e-02
-6.7083033905e-03
6.9144780851e-03
-2.0901449555e-02
-8.6354830191e-03
7.2731666736e-03
-7.4909632365e-03
-5.3593120612e-03
-1.0754744142e-02
1.6241623962e-02
7.7461534674e-03
5.2762203572e-02
8.4699823773e-03
-6.8245879680e-03
-5.4920551911e-03
-1.8660572201e-02
-1.9503910896e-02
1.8822047996e-02
3.7764177970e-04
-8.7819631583e-03
-1.5629152893e-02
1.4668664055e-02
-1.6029094909e-02
2.7809524371e-02
1.5294676928e-02
-1.2442322796e-02
3.5302563551e-02
-1.7137798908e-02
1.6041605987e-02
1.4300814738e-02
-5.0693103265e-03
-3.3602691916e-03
3.8410819506e-02
-5.3665314628e-03
2.4472012130e-02
-1.5104034543e-02
-2.2341693926e-02
-1.5096079729e-03
-6.8026946168e-03
-3.5502039942e-03
3.5232998033e-04
-9.4391590417e-03
5.1754996708e-02
-2.3929683648e-02
1.4271783536e-02
-3.2127734174e-03
-4.7949604980e-03
-7.3557313060e-03
2.4454417234e-02
-1.1869248866e-02
-1.6713701837e-02
4.7124618256e-03
1.5302318736e-03
-3.1660513777e-03
6.1554825981e-02
-1.7986482887e-02
-2.8079329869e-02
-4.5020872787e-03
-3.3362109664e-02
1.5931824128e-02
1.2826796903e-02
2.2139167094e-02
2.9408893977e-02
-2.1152849522e-02
9.8379826313e-03
-8.8910884857e-03
-1.3516820356e-02
-2.0858562129e-03
-2.6147147905e-02
-2.2863865412e-02
-9.2727243271e-03
5.1907909015e-03
-1.6090551509e-02
2.8637137772e-02
-1.5691713081e-02
-3.5667577633e-03
2.1951135431e-02
7.7290452673e-03
1.4529034358e-02
1.1703794407e-02
-1.8767037346e-02
-1.3500855698e-02
-1.8559934400e-02
-6.6839914636e-03
-2.0114597045e-04
-8.5581561553e-03
2.4035919363e-02
-2.8035970442e-04
2.2438992259e-02
1.0278652334e-02
-3.0694261248e-02
2.6281674519e-02
5.5487409932e-03
1.7155476595e-02
-8.8014168227e-03
-1.0312621200e-02
3.4435410287e-02
3.5384121903e-02
-9.5766847843e-03
-1.1662881889e-02
-2.0179218281e-03
-1.1916484842e-02
-1.0411608202e-02
-5.5072612335e-05
-4.1257298497e-03
1.6626723882e-02
-7.3344683872e-03
-1.9429833004e-02
-3.7371353913e-03
9.7716328371e-04
3.4375302013e-02
-1.9255039886e-02
2.5444650634e-03
-1.6173920131e-02
-1.7093695132e-02
4.3199525691e-02
9.1947103108e-04
-2.7563441144e-03
3.1015205984e-03
-1.4913992516e-02
-3.1723033241e-03
-1.7865015309e-03
-2.1586334499e-02
1.0851741678e-02
1.0379463252e-02
3.9844145832e-03
6.9979919110e-03
-1.5879630916e-02
8.9999671260e-03
6.0909890802e-03
-2.7303129800e-02
1.0617855427e-03
1.3019177959e-03
5.5542495948e-04
3.0532538175e-02
-7.2460248111e-03
-1.1108354656e-03
5.2663521222e-02
3.8688050221e-03
-2.2230415237e-02
3.0483267217e-02
2.9534099273e-02
-2.4141037428e-02
-7.8475229413e-03
1.3408152017e-02
-8.6065604600e-03
2.3301284031e-02
-1.3770893195e-02
7.5239019961e-04
-3.3629024621e-02
-2.1653887928e-02
-2.0812260377e-02
9.6625652152e-04
8.3865596272e-04
-5.8825935344e-03
-1.3293763094e-02
9.5332441947e-04
2.9228674785e-02
-2.2674285720e-02
5.1637111673e-02
-2.3035474191e-02
1.5445625296e-02
-1.8063944449e-02
-5.0091779394e-03
2.9373488455e-02
-1.8018291077e-02
-1.4606305978e-02
1.3882743840e-02
-4.9381419490e-03
3.3521441516e-02
3.1374343094e-02
-7.9305147185e-03
1.8383644945e-02
-9.8894711328e-03
-2.7608663164e-02
1.5132040794e-02
3.0504825324e-02
1.9631661540e-02
2.0301925192e-02
-2.6183418833e-03
-1.0490156650e-02
-3.8754588270e-04
-1.7436709780e-02
-7.5450352199e-03
-2.5212907463e-02
-2.9430674736e-02
3.7741374626e-02
1.8825648059e-02
7.2226453710e-03
1.0796897437e-02
-3.6305197229e-02
9.4839635455e-05
-2.3263176789e-02
2.5950102090e-02
3.7275863670e-02
-1.9458526689e-02
1.1493934097e-02
2.9822596016e-02
-2.3173758802e-02
2.2655468129e-02
-1.0384747805e-02
-1.1694784175e-02
-6.8729808504e-03
-1.2102839702e-02
-2.7736236203e-03
4.7203051631e-02
9.1501501104e-03
-1.7166403114e-02
2.9277800996e-02
-1.4915326019e-02
2.7600411634e-02
-1.4155366489e-02
7.0954284477e-03
1.1366795948e-01
-8.6716385834e-03
1.0209262771e-02
6.1251381098e-04
2.8221407533e-02
6.1889825840e-03
-1.2262726705e-02
-7.2334202493e-03
-1.7871707028e-02
-2.1962699513e-02
-1.9128357372e-02
3.8928804527e-03
-3.0112064287e-03
2.8510632220e-03
1.5856521541e-02
3.6976123907e-02
4.5818114094e-03
-2.2290984402e-03
2.5258232924e-02
-1.3813565880e-02
-1.8603967770e-02
-2.2873925961e-02
1.3398585643e-02
1.5360563201e-02
-1.9766135632e-02
2.0602073784e-02
2.4291910482e-02
-4.9786348511e-03
-2.2799409304e-02
-4.2245179409e-03
1.2605754266e-02
9.5469178953e-04
-4.2601480666e-03
-3.0538705069e-03
-1.3397886307e-02
5.1847578632e-02
-2.8727465968e-02
-7.2601820291e-03
-2.6115114176e-02
2.2545338260e-03
-8.1718513842e-03
-1.4797495697e-02
3.5351687784e-02
-6.0357205967e-03
-5.8684268107e-03
6.2448735537e-03
-4.1046345809e-03
1.8699378263e-02
1.1195939119e-02
1.1995324080e-02
-9.7148119336e-03
1.9827324643e-02
3.9159005435e-02
3.1380262357e-02
-1.0938397441e-02
2.6735957244e-02
-2.0397522704e-02
-9.9507409394e-03
4.0781154194e-02
-1.1771914427e-02
1.6012583387e-03
1.3859230939e-02
-3.4524405055e-03
-1.1036150698e-02
-7.0008058040e-03
2.0295904942e-02
4.0282486131e-02
-2.6772256480e-02
-2.1779672573e-03
2.9544221379e-03
4.4750434749e-03
-2.6613640347e-03
-2.9633600141e-02
-2.4816495419e-03
-1.4676251989e-02
6.9009724276e-03
-2.0981189378e-02
1.1286391279e-02
-1.0890885468e-02
-1.9017325082e-02
4.3715009057e-03
-8.8436610579e-03
-1.5594655858e-02
-6.6400326910e-03
3.5026642217e-02
2.7206366064e-02
9.8034291311e-03
3.7838808746e-02
-2.5449157645e-03
-1.6888018761e-02
-3.0640816794e-02
-1.1925925765e-03
-9.0899345819e-03
-2.4211097011e-02
-8.1234169497e-04
4.8102480668e-03
8.0120959801e-03
2.0391659486e-02
-1.4630942033e-02
6.3464779590e-02
2.2483014459e-02
1.9458337771e-02
-8.3197074332e-03
5.4822251600e-03
-1.8054756621e-02
6.2960004288e-03
-2.0259272150e-02
-6.7540726878e-04
2.4955695400e-02
-1.2298271262e-02
1.9092053851e-02
8.0481073405e-03
7.2595314972e-02
2.6736170464e-02
6.8407638682e-03
4.7871825544e-02
-8.9629482862e-04
1.3882186905e-02
-1.7267071245e-02
-8.8201473696e-03
-2.1608326722e-02
4.1845818646e-03
2.0926468874e-03
-1.3259181928e-02
6.1586684040e-03
-1.9077459695e-02
5.9302016852e-03
1.8285694067e-02
5.6202824275e-03
-2.8623502552e-03
7.8719481066e-05
-2.1207151659e-02
3.6012018873e-02
2.6097680853e-02
-1.1927086405e-02
-3.0243668381e-02
-1.2838464506e-02
1.9894485715e-02
2.4010685058e-02
-2.6728467090e-03
-2.3225609798e-02
2.4014852057e-02
-1.4109003591e-02
5.7560736467e-03
3.2234783190e-02
-4.1562389709e-03
-6.0067626094e-03
-1.4180290172e-02
-1.6207318929e-02
-1.0841099402e-02
-4.0124517929e-03
-5.6858404301e-04
-7.1549162388e-04
-1.1655038134e-03
-5.8818747620e-03
4.1510800291e-02
1.6972668231e-02
-9.6526429406e-03
-1.5503902532e-02
-8.0369878330e-03
-1.9134610941e-02
1.3560927822e-03
3.0456650679e-04
-2.7218427571e-02
-1.3533775552e-02
-2.9241924473e-02
-3.4371528461e-03
-8.6832389236e-03
1.9387594965e-02
-3.9208324715e-03
-1.0178398197e-02
-6.8964571543e-04
3.0111458354e-02
-1.4927660153e-02
-1.8971371642e-03
7.7990930593e-04
-1.9087569600e-02
-1.9881110243e-03
1.6278881538e-02
2.3487342249e-02
2.6817299820e-02
-2.4485424601e-02
1.1492453630e-02
-2.1188183542e-02
-5.6255034333e-03
-1.6343776448e-02
1.5026908930e-02
-1.6065593310e-02
-1.2709493220e-02
2.1033898817e-02
-1.3308836890e-02
-1.3091352744e-02
-3.4533710305e-03
5.3125909147e-02
2.3502409090e-04
-3.1460478283e-03
3.9685249363e-03
1.9879179340e-02
1.8765344629e-02
-6.1553117389e-03
1.2205693107e-02
-5.8862897331e-03
2.2731461682e-02
1.3686131654e-03
7.0226817113e-03
-7.9641249573e-03
-6.7446505077e-03
1.6837670784e-02
1.3147145154e-02
1.4499339989e-03
-2.7207080615e-03
1.6802413148e-02
1.3450840861e-02
-7.8980537195e-03
-1.9334087295e-03
5.6890412894e-03
-1.8954743929e-02
-3.2579201505e-02
-1.6899155989e-02
-1.9497480787e-02
1.7028096193e-03
2.7518307868e-02
2.7386770085e-02
-1.5511319667e-02
2.8588605709e-03
-2.3397618623e-02
-3.3189319699e-02
-4.0455303239e-03
-5.5205825993e-03
-2.3134179159e-03
-4.2062703895e-03
-2.0826861857e-02
-1.2745017696e-02
1.1262090808e-02
1.2233222092e-02
-1.0068522531e-02
5.6375085845e-02
-1.5608216696e-02
-9.8972525445e-03
-1.3947903798e-02
-3.1348833990e-02
1.4287387997e-02
2.7303458992e-02
1.2193346053e-02
8.1182600459e-03
-1.4698570849e-02
-1.9067034556e-02
5.6675396251e-03
-2.8500122278e-02
8.9300005485e-03
1.1228754376e-02
-1.9674738311e-03
1.7328459441e-02
-2.8770544226e-03
7.8550499874e-03
1.5457707308e-02
4.2700070045e-02
-2.7176832617e-03
3.3226803793e-02
-2.0883541041e-02
8.3099041663e-03
-1.4587469529e-02
-1.5138061263e-02
-8.6179212715e-03
-2.2271505696e-02
8.1458252872e-03
-2.1780657434e-02
-9.9980661421e-03
-3.3850254723e-03
-5.3134601203e-03
-1.2116075465e-02
-1.1201877427e-02
-3.0987080562e-02
-3.2399110181e-03
-4.4604729047e-04
-1.0350525235e-02
4.0408363452e-03
7.9425033094e-03
-2.0466685784e-02
1.0097613599e-02
-1.5565236781e-02
-1.0505700256e-02
-1.2455381540e-02
4.8073478874e-02
1.2483227391e-03
5.1660524124e-02
9.8466365271e-03
6.1144763070e-03
-1.2494905594e-02
-8.8188122437e-03
-7.5631502737e-03
-1.1076520966e-02
-2.7201736203e-02
-2.2769366401e-02
-1.6906423097e-02
-6.9343185782e-04
-2.5421412257e-02
-1.5242395115e-02
-4.1961278969e-03
3.9278980863e-03
5.2854868199e-03
4.8581445499e-02
-1.6003511602e-02
1.8017313370e-02
-2.0869486206e-02
-2.2203409378e-03
6.2664189582e-02
7.1239043307e-03
-9.7975122841e-03
1.4568096447e-02
-6.9221562235e-03
3.3429301612e-02
5.0310893384e-03
-2.9668662578e-02
5.4370589305e-02
-4.1185063167e-03
-1.5834168982e-02
-2.0232331126e-02
-2.8634085421e-02
8.1260499470e-03
-2.9559171275e-02
-1.6729942287e-02
-3.9762143450e-03
3.1384149175e-02
-1.0739850062e-02
-2.6062183308e-02
8.4923907833e-03
1.0391160716e-03
8.7221338906e-03
4.8670496584e-03
-1.6662740309e-02
1.8899339693e-02
-1.5018343300e-02
1.9152660168e-02
-7.7467434397e-03
-2.5943655809e-03
-1.2330044918e-02
-9.5788342811e-03
3.1912313757e-02
-1.5462152687e-03
2.4000760581e-02
-6.4467428534e-03
1.5364111088e-02
3.4484071774e-02
-3.5531191217e-04
-8.9281392464e-04
-8.8127656013e-03
1.5302779612e-02
-2.4467555000e-02
7.2400342167e-03
-1.6422951569e-02
3.6955623430e-02
3.5457922710e-03
5.1996606775e-02
-1.5790723028e-02
-1.1160690403e-02
1.0994071607e-02
-2.4101588727e-02
-4.2501094382e-03
4.3039858811e-02
-3.4057014771e-03
7.6341300947e-03
1.1690552313e-02
8.6034083824e-04
-1.2293819399e-02
1.1405752292e-02
1.9441376806e-02
4.5925808108e-02
-3.2654861407e-04
-7.5456106473e-03
-1.1708223474e-02
5.0415222263e-02
9.0061001623e-03
3.9658691794e-02
2.1731454279e-02
8.4899145258e-03
2.1875016268e-02
-2.1715370223e-02
-2.9807936983e-02
2.1492037782e-02
2.2508170796e-02
2.9931299726e-02
-1.8200022918e-03
-6.9122779371e-03
-1.8782842916e-02
-1.0659823547e-02
-6.6386802188e-03
-8.7253119233e-03
1.2415362314e-02
-4.2338713653e-03
-7.9519367432e-03
3.6372816174e-03
9.6180323501e-03
-8.5554667886e-04
-7.9908757629e-03
1.2491120634e-02
-1.5030599276e-02
4.6295688932e-02
7.3012730335e-03
3.0688361087e-02
-5.7075570678e-03
-2.6210615558e-02
-5.3887056434e-03
-1.7705323408e-02
1.6583344810e-02
-5.7282001148e-03
-1.4152447310e-02
7.9725811158e-03
-1.6429486278e-02
1.5647889459e-02
5.3131211548e-03
2.9790120158e-03
-1.8838222297e-02
-2.6121504087e-02
-1.7682485173e-02
4.9022969823e-03
8.5052570858e-03
3.4110799681e-02
2.9823653568e-02
-2.7750302639e-04
-1.7875495876e-02
-7.1946585130e-03
-1.9633757393e-02
6.2932210986e-03
-1.7272599763e-02
-2.0108627893e-02
1.3939795268e-02
-7.1315099685e-03
-1.3545689593e-02
1.1752764033e-02
-2.7071266918e-02
4.6559205809e-02
7.2110277471e-03
8.7841916408e-03
-1.4076843390e-02
-8.0444362914e-03
-2.0905997301e-02
1.1870243690e-02
-9.4370634734e-03
3.2919028856e-02
-1.8647104632e-02
2.0172562686e-03
-2.3179890856e-02
-1.2586634779e-02
3.9614848144e-02
1.5354181967e-02
-2.6460517524e-02
1.3954563093e-02
-9.5988076360e-03
2.2742380512e-02
-2.7448742484e-02
1.4368649932e-02
1.7405559157e-02
4.2576882094e-04
-2.2251179605e-02
-1.6223443075e-02
-1.6067178146e-02
-2.1372689615e-02
4.1636473214e-02
7.9160369929e-04
5.3562538503e-02
-1.0017959577e-02
1.3341242288e-02
-1.0720208105e-02
-1.6596148941e-02
7.8001934128e-02
1.5797495239e-02
-5.4667566753e-03
6.8406369434e-03
3.9674586366e-02
1.0556957224e-02
4.0339650601e-02
1.6637786245e-02
-2.7106651386e-02
4.0457851412e-03
-9.2849533836e-03
1.6438451392e-02
-1.8476992031e-02
-1.8662815327e-02
5.7289313397e-03
-2.0918917171e-02
2.0304991787e-02
-2.0323581404e-02
-6.7220479956e-04
-1.7243111893e-02
-2.9513301148e-03
-4.2818651912e-03
-2.7114340279e-02
6.9715487044e-02
-9.2610125864e-03
1.4813534822e-03
-2.7301143804e-02
-1.9093067523e-02
-2.6592701198e-02
3.8359452251e-02
2.6300209141e-03
-1.6772906361e-02
1.6529240128e-02
-3.7537446442e-03
-1.5191818908e-02
-3.3415195350e-03
-6.6815300812e-03
-6.2317137626e-03
-1.6609049259e-02
8.3382223704e-03
1.8731249054e-02
2.6302115188e-02
-8.3269842180e-04
-3.4219530870e-04
-8.4794292861e-03
6.1682814554e-03
2.0717615790e-02
-1.9120762456e-02
-4.3600317533e-03
-3.3279943142e-03
4.6038275817e-02
-5.7361499192e-03
3.2941715005e-03
-1.3174269380e-02
7.6554672171e-03
-1.8323856898e-02
1.9184259076e-02
-3.4364583806e-04
-3.2953163360e-02
9.5525160279e-03
-1.2184347739e-02
-1.0379351474e-02
1.7929132182e-02
3.8921367994e-03
-4.5123017710e-03
-1.8562156770e-02
1.4178170919e-02
8.5794518926e-03
-8.5863144021e-03
-3.0803120547e-03
-2.5517168524e-02
-1.2805362120e-02
-1.1597372155e-02
-5.8388325985e-04
2.7931193731e-03
-2.1962560957e-02
7.7974134697e-03
1.0538981526e-02
1.1412848861e-02
2.1128999951e-02
-1.2312885843e-02
4.2647512532e-02
3.5723915817e-03
-2.0089634224e-02
-1.5975929043e-02
-2.9061195681e-03
4.8891663219e-02
-1.4246003838e-02
1.5743902812e-02
-1.5835593107e-02
-1.2296148828e-02
6.8265820203e-03
-1.4255384657e-02
5.0599153166e-03
6.1057475600e-02
2.3478478865e-02
1.9573701804e-03
-1.0328805522e-02
-4.3073632797e-03
-1.4176841267e-02
-9.0090864828e-03
-2.2253218673e-02
-4.3694054946e-03
-9.0910167071e-03
-3.2135629773e-02
1.5370211346e-02
-3.1823337971e-03
2.7632433968e-02
2.3821452119e-02
-2.1519972627e-02
-1.4141425565e-02
2.2236973074e-02
-2.1074983225e-02
5.8257715430e-03
-1.6326635970e-02
1.0547920342e-02
9.9094860284e-03
2.5497021455e-02
-1.0734247474e-02
-2.6038042796e-02
2.1766272457e-02
2.7086254312e-02
1.6163428640e-02
2.7481595660e-02
-1.7688402934e-02
2.0463587106e-02
8.4170081013e-03
-1.4086502607e-02
-1.3950712025e-02
-1.5549852673e-02
6.9591560282e-03
-1.8189167452e-03
4.3994264126e-03
1.2870056712e-02
8.4709655568e-03
2.1701511556e-02
-2.8491359071e-03
-1.1531502010e-02
-2.5940150479e-02
-3.0651006314e-03
-1.2298959536e-02
5.1455942875e-03
-1.8289293128e-02
-1.3672089731e-03
-3.2132189460e-02
-1.9232598287e-02
2.4822443005e-02
6.7116881884e-02
-1.9114117581e-02
-1.6820921537e-02
4.2644722257e-02
-2.1341454935e-02
-3.7918359608e-03
-7.2541782245e-03
2.5740585055e-02
-1.3447758444e-02
4.3337220609e-02
3.3873086678e-03
-2.9462164022e-02
4.3370385438e-03
2.4254895127e-02
-3.6882455491e-03
-1.7584087680e-02
-3.9709337840e-03
1.0988243856e-02
-1.6610593317e-03
-2.4018524423e-02
-6.8024343542e-03
-2.7428175991e-02
4.4531888708e-02
2.9530926805e-02
-1.8810477683e-02
-2.9189969014e-02
-3.8142983637e-03
-1.0617038857e-02
-2.6892139123e-02
2.1794270390e-02
1.0103923091e-02
1.9195178152e-02
2.0668806655e-02
-5.8976411288e-03
1.6175786185e-02
5.7208568570e-03
-2.8668493124e-02
2.0187266806e-03
-2.5157071254e-03
-1.8896427387e-02
-2.2625875129e-02
-9.9678832886e-03
-1.3919493268e-02
-2.5119622935e-02
6.0139772367e-03
7.1644135676e-03
5.8691094350e-03
9.1108130913e-03
3.7649074518e-02
2.5342653852e-02
-1.1971778281e-02
-2.3746913702e-03
-3.4683646689e-02
-2.4659162723e-02
8.8279786159e-03
8.5902866851e-04
-2.0471464462e-02
2.9652861995e-02
7.5512062144e-03
-2.0280013377e-02
-2.7115225747e-03
-1.1022469533e-02
-5.5673862689e-03
1.3763845054e-02
8.1170138622e-03
3.2846563731e-02
3.1335149194e-03
2.4588665577e-02
-1.3489267589e-02
-2.0095016559e-02
9.8624368763e-03
1.8262554901e-02
7.0538718679e-03
-2.5014878992e-03
-7.3784035053e-03
3.6303094491e-02
-1.5037507604e-02
1.8704911846e-02
8.6176599207e-03
-2.6534171477e-02
2.0973594167e-02
-5.6837632401e-03
4.0779646717e-02
1.2784385417e-02
1.0608254976e-03
-5.1167558189e-03
-3.6990325514e-03
1.1931323233e-02
1.4625623228e-02
-1.3104156357e-02
-2.4721473642e-03
-2.0190504422e-02
1.1493592297e-02
-6.2310162587e-03
1.9775191387e-02
-3.6739852355e-03
1.8095874470e-02
-2.9331567936e-03
-7.0725488662e-04
-1.1543250688e-03
-8.2252483853e-03
2.2091981304e-02
-1.4344596089e-04
1.0405823191e-02
-1.6264098683e-02
-1.6156533197e-02
4.7199191326e-03
-9.9746699527e-03
8.9263486581e-03
-1.3836458432e-02
3.2940687062e-02
8.5989622485e-03
-8.4344341421e-03
-2.9689073017e-03
-2.0012182988e-02
-1.8489485613e-02
8.9292677133e-03
-2.0246409274e-02
-1.6635851639e-02
-8.6021856705e-03
-1.8457729638e-02
-2.1504247353e-03
5.8399286309e-02
-5.4126430846e-03
4.7660131370e-02
-2.4626231820e-03
-3.6202777345e-03
1.9498128948e-02
2.2202197433e-02
-2.2583021978e-02
1.7436255095e-02
-5.2235969072e-03
-6.0371115967e-03
3.6226893321e-02
1.4995538800e-02
1.2542614477e-03
-5.6684747569e-03
-2.8953080835e-03
-2.5930447097e-02
3.8038739378e-03
7.1437076375e-03
-3.7110639244e-03
1.2429334634e-02
-1.4339365977e-02
-8.8483449878e-03
-1.8728658128e-02
9.2865126332e-03
-1.6692170134e-03
-1.8559772761e-02
5.1323926587e-03
-1.3293038774e-02
-1.2435812762e-02
-2.4751027748e-03
-1.7912968500e-02
-1.2372297545e-02
-2.2694377875e-02
-4.8552980471e-03
1.0612990110e-02
-9.0199350724e-03
2.5689018977e-02
8.2737863881e-03
1.1039599592e-03
3.8993687009e-04
2.2227382487e-03
4.7419044628e-03
4.5702056798e-04
3.4668533073e-02
-2.0341533793e-03
-2.9004881600e-02
1.6919384939e-02
1.4182736487e-02
6.4169260960e-03
-4.1055213358e-03
8.5713390724e-05
-9.0376458199e-03
1.5441794383e-03
1.8043972342e-02
-2.4349760256e-02
6.0360715055e-04
7.4376488248e-03
2.0890526874e-02
-2.9534578285e-02
-1.7804203383e-02
4.4890922099e-02
2.8772938479e-02
-1.8155693562e-02
-3.2942486965e-02
-4.3585127910e-03
-9.2338219621e-03
-3.0516661032e-02
1.7130694908e-03
-1.5647498958e-02
1.8405663584e-03
-8.2392043914e-03
3.5501688448e-02
-2.6359732862e-02
-1.0234191581e-02
-3.0407607390e-02
-1.0769109274e-02
-2.8439544828e-03
8.3542913031e-03
7.4582715566e-03
1.0186261614e-02
2.4087553155e-02
-1.7192236258e-02
-1.2800364618e-02
-4.6515309073e-03
-3.7664469148e-04
-9.8642307723e-03
1.6413716320e-03
-1.7856757305e-02
-2.3896855272e-02
-9.7801865541e-04
6.1091892800e-02
1.9987139399e-02
-4.5497311475e-03
1.5984670964e-02
-1.4224795186e-02
-2.1362458924e-02
1.2367087701e-02
5.5817246859e-02
5.5371266995e-03
-1.7837909792e-02
1.2242959202e-02
-5.4971812522e-03
2.6941483732e-02
2.9682966164e-02
2.3304209238e-02
-1.1569667919e-02
-4.9868617207e-03
1.1461468858e-02
3.4931087260e-03
3.6790361822e-02
-2.2750337862e-02
-1.5817427656e-03
-8.1597346156e-03
-7.8876720688e-03
-1.3647432074e-02
2.2857207568e-02
-2.3309072615e-02
-1.2835719071e-02
1.7986474921e-02
-4.7099693931e-03
1.7915738241e-02
-1.8107370742e-02
-5.5989139065e-03
-1.9638482546e-02
1.6481009545e-02
1.3428885129e-02
-2.3536852010e-02
-3.4123291302e-03
-1.3251512870e-02
-5.6688024765e-03
1.8127870873e-02
-2.0084688232e-02
5.5654383901e-03
-5.9307832950e-03
-2.0849790410e-02
4.4825952852e-02
-1.1866698593e-02
4.4218478342e-02
-4.4990424857e-03
-1.3798272023e-02
4.9594823954e-03
2.0818713101e-02
-4.5517128088e-03
-3.9380838225e-03
3.1678612038e-03
-2.0103535001e-02
-2.2079904605e-03
7.8875300904e-03
4.2799077220e-02
-8.2605249297e-03
2.0498672989e-02
-1.7247776583e-02
1.9186232845e-02
2.3480583249e-02
4.4164109517e-03
1.7787824413e-02
1.1800011246e-02
-7.8053039655e-03
-3.1421841255e-02
1.1278268906e-04
3.6873128563e-02
-1.6268622426e-02
-2.1519595117e-02
1.6134900388e-02
-5.8163144255e-03
3.2879580894e-02
1.1738964680e-02
-8.0322928252e-04
-2.8776598763e-02
-2.3250185383e-02
-1.9774353934e-02
2.2025208852e-02
-8.5860194459e-04
-1.0692319440e-02
-3.0301273724e-02
2.2276036027e-02
-2.4398112090e-02
-1.6579772085e-02
-1.0560118144e-02
2.0909124748e-02
1.9819007254e-02
-5.1720148552e-03
-7.5359700486e-03
1.4063685354e-02
-1.2296002475e-02
3.9886589767e-03
-2.1440396606e-03
-1.7168154656e-02
1.7722062777e-02
-9.8341063719e-03
-7.6874673140e-03
3.1837644175e-02
1.6619966316e-02
-2.5291677429e-02
-4.5560418821e-03
-1.3844465655e-02
-2.0334004849e-02
9.1105285188e-03
-8.2353379282e-03
-4.8464516444e-03
-1.0682197640e-02
-2.4165216474e-03
1.6799021582e-02
2.8683841103e-02
2.3889228769e-03
1.6789643315e-03
-1.5968218165e-02
1.7713093239e-02
3.6345121700e-02
-1.5314527924e-02
8.0770518373e-02
-1.6381969127e-02
-1.0711920979e-02
3.1600949929e-02
-6.4646709061e-03
8.3326943840e-03
-1.7954487619e-02
5.7343293281e-02
3.0766576915e-02
-1.7487408842e-02
1.0737837971e-02
-3.0206715696e-02
-6.1251700181e-03
-1.6082069295e-02
1.9969612868e-02
-2.6554204071e-03
9.7131096050e-03
-1.7036335923e-02
-4.3611889100e-03
-1.0669556551e-02
2.1598119234e-02
2.1395968925e-02
-7.8596724877e-03
4.3613943532e-02
-6.8526450450e-03
1.8571030242e-02
6.2615713928e-03
4.2491618409e-02
-1.0955470380e-02
-3.0747042754e-02
-2.9274775126e-02
-6.2509940930e-03
-9.1862191651e-03
1.0876554587e-02
-1.3454590564e-03
-1.7217869381e-02
-1.3227354608e-02
-6.0378978635e-03
-2.4451080106e-02
6.9790293797e-03
