-2.0968466846e-02
-1.2241301461e-02
3.0928657592e-02
3.6618521134e-02
-2.1180436780e-02
-8.1233937019e-04
-1.5120977553e-02
2.5094857568e-02
1.3655842342e-02
-7.8742375082e-03
-1.1094049862e-02
1.6964141842e-02
-1.6297201927e-02
-1.7965921719e-02
5.1022881231e-02
-7.7482483133e-03
5.0599332262e-03
-1.4891068784e-02
-8.5151729932e-03
2.3765081282e-03
-5.6273618089e-03
2.5025130032e-02
-1.7827780033e-02
-1.3376918291e-02
1.5049995427e-03
-1.3888366151e-02
-7.2698083164e-03
-3.3167388845e-03
-1.6281966461e-02
-1.9053127983e-02
-1.2427488433e-02
-1.2835779450e-02
-1.2846093897e-02
-3.5313239470e-02
2.0219868724e-02
-2.6970085569e-03
-1.8568237545e-02
2.9334071093e-02
1.3781562141e-02
-2.0303006966e-03
1.2391482999e-02
-5.6824688174e-03
-6.2193673299e-03
-9.5256129258e-03
-1.0917046153e-02
-1.3431335515e-02
-1.3246963795e-02
-2.8481180988e-03
-5.6215559387e-03
3.8008214309e-02
2.3781132262e-03
-6.0554912832e-03
1.0826896894e-02
-1.4690277977e-02
-1.6048889385e-02
1.3703611561e-02
2.8713967577e-02
-9.4301217532e-03
2.9243676540e-02
1.4909653899e-02
-1.5791464989e-02
-1.5121946779e-02
-7.8627389346e-03
-1.2623506301e-03
-2.7290421478e-02
-2.3361111253e-02
-1.2860879357e-02
-1.2129028991e-02
-5.8131563346e-03
-8.4999608531e-03
-1.5653085451e-02
-1.9683291932e-02
-1.4627124222e-02
2.7344026165e-02
1.7646004894e-02
2.2406195960e-02
-1.0558676912e-02
-1.1072862957e-03
1.1674579268e-02
-1.1354695154e-02
7.7915067172e-03
3.7851012772e-03
-1.4407086903e-02
-1.4025964309e-02
2.1421685872e-03
-1.0319609969e-02
-6.6285040071e-03
1.1564329659e-03
6.3692934666e-03
-7.0237606203e-03
4.4130321715e-03
-1.4855539922e-02
1.0961061575e-02
-8.7006493107e-03
2.0869275591e-02
-1.8581479227e-02
5.7741618143e-03
1.7913608794e-02
2.6937742540e-02
-2.0270379610e-02
1.0954907849e-02
1.5805032146e-02
3.8407000805e-03
1.3518561823e-02
1.5060167313e-02
-2.6943743476e-03
-2.5933747057e-03
-3.3910054416e-03
9.2082343285e-03
-1.0501689385e-03
-1.8226126314e-02
1.9988526509e-02
-2.5029038445e-02
-2.0366852316e-02
-1.8313309871e-02
7.9770862307e-03
5.4537007053e-03
-7.8646016861e-03
2.3779715787e-02
7.0335320580e-02
-1.8431816187e-02
-2.6897877653e-02
-1.1763196312e-03
-6.7707431124e-03
-9.0188526360e-04
1.6188257994e-02
2.8820165480e-02
6.6358965765e-03
1.8823169724e-03
1.4072696602e-02
-1.6445292368e-02
7.5587946010e-03
1.0600591823e-04
2.1343713217e-02
8.3516382087e-03
1.2446045659e-02
-1.0107356264e-02
3.6720801833e-02
-1.0167313754e-02
1.5102692457e-02
-7.7233782353e-03
-2.0327781495e-02
2.0782441412e-02
-1.6714988632e-02
1.8013183741e-02
3.7033043035e-02
4.0158938232e-02
-2.2720991946e-02
4.0989634158e-03
1.9869804309e-02
-1.1987408192e-02
4.2610767154e-03
1.2209708041e-02
-5.1456887936e-03
1.6120836386e-02
2.4296741278e-02
1.1810818849e-02
2.7578677875e-02
2.2503266539e-03
1.8602897268e-02
9.1876857636e-03
1.6218766629e-03
-1.0409310393e-02
1.3510740807e-02
3.7200042016e-02
-2.1028744494e-02
-1.9019328363e-02
-1.7387380266e-02
4.5148226579e-03
-1.6317874139e-03
1.5312888939e-02
-2.5315259985e-02
-1.0746285380e-02
-6.7153820378e-03
2.4918473078e-02
1.2935617977e-02
1.0276671617e-03
1.2686718850e-02
-1.3994460137e-02
6.9966139670e-03
-1.4476185044e-03
-5.5024094152e-03
1.8679264330e-02
-1.0521501564e-02
3.6394671241e-03
-2.1024055011e-02
-1.3680227840e-02
-1.0458225702e-02
-2.3917546677e-02
1.1054914776e-02
-3.4863645042e-02
7.3261092476e-03
-1.0190015371e-02
2.2951523933e-02
4.0121093695e-02
-8.0998801705e-03
-1.2310100546e-02
-3.1319626711e-04
-1.6030499155e-02
-1.5145576788e-02
3.1537035895e-02
2.5309113892e-02
-5.0911743276e-03
-2.0822424658e-02
1.0988403229e-02
-1.0043451220e-02
-1.5917593176e-02
1.4966906794e-03
2.5040896084e-02
-2.1354259657e-02
2.8105043713e-02
-8.3426707009e-03
3.5462030735e-02
-4.8159841390e-03
1.8837999685e-02
-2.0531582144e-03
-5.9492802788e-03
-1.1724612385e-02
1.8909207226e-03
-1.5176812850e-03
1.0132168396e-02
-1.4054410261e-02
1.8381386313e-02
1.9608025055e-02
1.1839941866e-02
-1.1522536790e-03
3.8083507176e-02
6.8469351034e-03
-1.9713365021e-02
3.3430760654e-03
3.6712676248e-02
-1.1770440327e-04
3.1099034634e-02
-1.7856853243e-02
-1.9875180376e-02
-1.6202905998e-02
-1.2743034897e-02
-3.5057918046e-04
2.2912401363e-02
-1.6682822222e-02
-2.4764761541e-02
2.9623637380e-02
-1.5669451602e-02
1.4114669918e-02
7.2006537163e-03
5.4804085304e-03
-3.8515775402e-03
5.8053970134e-02
-2.0604983762e-02
-1.3864216001e-02
2.7585091804e-02
-8.3202841852e-03
2.3242281095e-02
-5.1892125361e-03
5.2208654235e-02
-2.8649865291e-02
-1.0552370541e-02
-2.2911880141e-02
-3.0534367282e-03
-1.0935706077e-02
1.9277638103e-02
2.9887099413e-05
-7.8398326343e-04
-2.0839517286e-02
1.5981270632e-02
1.2084967904e-02
-3.4269709770e-03
-9.2612636748e-03
1.5237869617e-03
1.9728951893e-02
1.5654750332e-02
6.9408629617e-03
-5.8691623736e-03
-6.9560197396e-03
-1.6451403253e-02
-1.4552059447e-02
4.1431579001e-02
1.6026881706e-02
8.9235838451e-03
5.1970858985e-03
-1.5779677328e-02
-1.6597833299e-02
-1.7119306017e-02
9.9433343875e-04
-2.4930324503e-02
1.0887005558e-03
-9.2485147102e-03
3.6748597418e-03
2.7225819576e-02
2.8509265982e-02
-3.0367648346e-03
7.4816000963e-03
2.4205979249e-02
2.7752357950e-04
-6.4892686387e-03
9.4895033597e-03
-7.6805723295e-05
-1.8346308517e-02
-1.5287529991e-02
3.2690743793e-02
-2.3369994442e-02
-1.8415716887e-02
3.0253963030e-02
1.1598632772e-04
-3.5137724159e-03
-3.1218582364e-02
-2.3646571681e-02
1.1063979586e-02
-2.6676624936e-03
-5.9447481936e-03
2.3107900857e-03
-1.6275531314e-02
5.0151292095e-02
1.1347165474e-02
-1.9690154830e-02
-9.9205897473e-03
-1.5334832822e-02
2.3963797208e-03
9.6649398264e-03
-6.5973685798e-03
-1.7492051310e-02
3.3916785233e-03
1.5821412585e-02
-1.8502216295e-02
-1.1033048205e-02
-1.5070796141e-02
1.7362546931e-03
1.0583078480e-02
1.1271533935e-02
1.2847077435e-02
2.3709314798e-02
9.7453342106e-03
6.4736565037e-02
3.4715396615e-02
1.8825747244e-03
1.5140640439e-02
1.8254497815e-03
9.7944681007e-03
-1.1297473600e-02
-1.1630065809e-02
2.4932129529e-02
-5.5758563159e-03
-5.6121926875e-03
-5.7609924934e-03
-2.5400876277e-02
-4.5296829539e-03
-1.7942832651e-03
1.9938609830e-03
1.7472041562e-02
1.2896836043e-02
-1.8129202430e-02
-2.4391390569e-02
6.3191751741e-03
-6.2397891489e-03
-3.6204664273e-03
-1.2714041923e-02
-2.0765851340e-02
-1.4638104573e-02
-2.1861738973e-02
-2.2648993221e-02
1.3825823282e-02
9.7895425933e-03
2.9686709044e-02
1.7797292228e-03
2.4533370733e-03
-2.2080310861e-03
5.0034648910e-03
-1.4183596475e-02
2.1063006906e-04
-1.1240862480e-02
-5.0357483942e-03
-2.2004701453e-03
-3.0148377224e-02
1.5328334989e-02
6.3695406485e-03
1.2234680103e-02
1.2021184078e-02
-2.0763978127e-03
-2.9770114837e-02
3.2488533192e-02
9.6075817832e-03
3.2777623134e-02
6.3316028468e-03
6.5816386180e-04
4.8657119094e-05
1.4973146222e-02
-1.1217214558e-02
8.5287611441e-03
-8.7483804420e-03
-2.4312141203e-02
5.6506438728e-03
2.4189351857e-02
3.3797890605e-02
-1.5430394223e-02
-1.1932569416e-03
9.8363881416e-03
-7.8143013525e-03
2.0521005036e-02
-2.6744784489e-03
-7.7739030743e-03
1.9117489863e-03
-2.0406380639e-02
-9.8575183369e-03
8.9478842348e-03
-1.1556646728e-02
1.1171976800e-02
8.1958751307e-05
-4.1155766424e-03
-1.4656450476e-02
4.1386389229e-02
7.5631299948e-04
4.2544243912e-03
-1.7761549502e-02
-9.8641875156e-03
1.3268353230e-02
3.9647360836e-02
1.1683768517e-03
-1.5281646949e-02
3.6884468144e-03
-1.1297523285e-02
1.1452782882e-02
1.7444813711e-03
-1.2319848881e-02
1.6552762322e-02
-8.3810290698e-03
-2.2349218887e-02
1.6716663981e-02
1.3491683540e-02
-1.1944586186e-03
-1.9015240788e-02
-2.0359644031e-02
-1.5606993158e-03
-2.2652294892e-02
6.2938374502e-03
-1.6871396712e-03
-2.0457060411e-02
-1.5006034413e-02
-1.8728098029e-04
3.1397337866e-02
-3.0881510086e-03
-1.5454124148e-02
2.9705008722e-02
-2.4652861504e-02
-2.0679995808e-02
9.4665458787e-04
-5.7389357589e-03
1.8174292867e-02
5.2517535916e-02
-5.9025400408e-03
1.2037002580e-02
-9.5949830038e-03
3.7527303101e-02
2.1489292273e-02
3.1756058113e-02
-1.1210128981e-02
2.5304141388e-02
1.2106909393e-03
2.5080656445e-02
-5.9854566143e-03
-1.5088276130e-02
-6.8862824998e-03
2.4654935874e-03
-1.3806613944e-02
-5.4422204911e-03
-2.0386011599e-02
1.7451956054e-02
-7.1802913639e-03
-9.8339631858e-03
1.1242834921e-04
2.3934820362e-02
4.4032991948e-03
-1.2197978851e-02
9.4073336715e-03
4.1462075556e-02
5.7334073058e-03
1.6144403008e-03
2.4963597194e-03
1.0166553684e-02
-2.3876577406e-02
-1.9299440862e-02
1.0388143879e-02
-1.2423695228e-02
-2.1469072320e-02
-4.2713882174e-03
-1.2544637588e-02
2.6045030907e-02
-1.5403254458e-02
2.9008096096e-02
-1.3401542241e-02
2.7751555024e-02
-1.3293595919e-02
2.0365301819e-03
-1.2783128828e-02
3.5087436781e-02
-1.1584727550e-03
5.7885177213e-03
3.4790149629e-04
-1.9970794360e-02
-1.3048079107e-02
2.5747448850e-02
-1.6433545813e-02
-1.9211936502e-02
-2.3647623133e-02
3.6430735143e-02
-9.4005582798e-03
1.5680276986e-02
2.8794713861e-02
-7.2559347265e-03
-6.9475052278e-03
-8.1563186309e-04
-2.1232205765e-02
7.4129057411e-03
-2.3942567158e-02
-1.4583486192e-02
-1.6095904806e-02
-9.1590379487e-03
-1.8161912651e-02
-1.7428941577e-02
-1.1738709871e-02
3.2685139774e-02
-1.0146227252e-02
-1.1415278159e-02
-1.3897525306e-02
-5.6740595588e-03
2.5548444803e-04
3.9264869427e-03
8.5227101888e-03
6.6351338751e-03
-4.4843236225e-03
9.5305023523e-03
-1.4261028049e-02
1.2950025344e-02
-2.4096157504e-03
-1.1074405361e-02
-6.1080452189e-04
-2.4553911981e-03
7.5813510215e-03
-6.5840915226e-03
5.2966832701e-02
-1.9868770249e-02
3.0304526847e-02
-1.0579724860e-02
-1.0952094851e-02
4.8481684850e-02
2.9179970990e-02
9.6390735045e-03
-2.2327390387e-03
-9.0693932084e-03
-2.2977011830e-03
-1.9379579331e-02
-1.1705093877e-02
-2.2945566025e-03
1.4059772001e-02
-2.2948635509e-02
3.3249848829e-02
-1.6226195664e-02
-1.1784235046e-02
-2.6553991207e-02
-1.8576878361e-02
8.4108536457e-03
-6.4532319708e-03
8.7252292187e-03
-8.9744312863e-03
-1.7280574181e-02
4.3243907115e-03
3.9307263404e-03
-4.0839541320e-03
1.1838335115e-02
5.3498765157e-02
1.9851107979e-04
1.7554182798e-02
2.0148186705e-04
6.4593803973e-03
-1.4198104157e-02
2.6046804843e-02
-1.4512219148e-02
1.4388055089e-02
-1.2485148754e-04
-1.3861520917e-02
1.5466592684e-02
6.0417232665e-04
-1.0570879967e-02
4.5885242006e-03
1.3385608284e-04
-4.7537084179e-03
-1.4132623694e-02
-9.5831840766e-03
3.1508932483e-02
1.6516257507e-02
1.2291302453e-02
-8.8026747045e-03
4.1000452369e-03
2.4112375696e-02
-3.3471117702e-03
4.3044387682e-03
9.7803904710e-03
-4.3491457852e-03
8.6139961464e-03
5.5258487951e-03
-2.5231877575e-03
-9.6649510711e-04
-2.1103432406e-02
-2.1963022475e-03
3.6233851669e-02
-1.9228349851e-02
-4.5448643077e-03
-1.5631979986e-02
1.4099785728e-02
1.1172684640e-02
-6.8247915810e-03
-4.5824705987e-03
3.9384704912e-02
-2.4918768958e-03
3.4267868889e-02
4.6313315039e-02
-4.4556035948e-04
-8.4272156452e-03
3.7971784270e-02
-2.4763689279e-03
2.2048866301e-03
3.8192334679e-03
-9.2252547513e-03
-5.6676996845e-04
-1.6403442428e-02
6.3431522811e-03
-1.2702475488e-03
-6.5844714710e-03
1.9166521983e-02
1.5397360820e-02
-4.5782343332e-03
2.5673688358e-02
-1.9099120208e-02
-8.1347593059e-03
3.5091802984e-02
2.9505229623e-02
-7.2076393830e-03
3.2058064841e-02
-2.0492766149e-02
-1.7190589053e-02
-4.6130310948e-03
5.5506366161e-03
-1.8017280081e-02
-1.3760942430e-02
-1.2416796809e-02
6.0064839808e-03
1.9610953727e-03
-1.1827472060e-02
-1.8626625195e-02
9.7172707609e-03
-1.1570952161e-02
2.4826791434e-02
-1.1453303502e-02
1.3253379198e-02
-5.6748350170e-03
2.7765668430e-04
1.7625641295e-02
7.1097370828e-03
-8.5865423925e-03
-1.4018822399e-02
1.0460216725e-02
-1.1459463414e-02
6.3838976024e-04
-1.2512275150e-03
-1.2793632104e-02
-2.9900882275e-02
-2.4191173280e-03
-5.7413553111e-03
1.4262711857e-02
-2.2072694426e-02
2.0341944203e-02
-2.2224765199e-02
2.0223024311e-02
1.9115026333e-02
-1.1621906551e-02
2.0803315580e-02
9.8357740203e-03
-4.8290719263e-04
5.0461388773e-03
1.8414603267e-03
2.5623472784e-02
1.3444796931e-02
2.3299921808e-04
-4.4835112540e-04
-1.7043361771e-02
-1.3265752871e-02
5.6200864196e-03
1.0031519757e-02
7.8115505364e-03
1.3012447296e-02
-2.0123667541e-02
1.1470900989e-02
-1.0811200769e-02
-1.1171752972e-02
-1.4090938399e-02
8.6632727168e-03
-3.6943169128e-03
8.8423490243e-03
3.5251388097e-02
1.0731364009e-02
-1.7443466106e-02
1.3288917716e-03
-3.2669543475e-02
-1.3254316381e-03
3.0878253120e-02
2.2866575729e-02
1.9349542248e-02
-9.1915874288e-03
3.9385847879e-02
5.0665860866e-02
-1.5293043852e-02
-8.9970036652e-03
1.2765556918e-02
-4.8030249807e-03
1.0518846692e-02
4.4227740931e-02
9.9720141485e-03
-1.4080439783e-02
-2.4248468531e-02
2.2818641195e-02
4.4404751260e-02
-1.2206014401e-02
4.1130250766e-04
1.6073413834e-02
2.7117256632e-03
-1.8139292605e-02
-1.9738325717e-02
1.9094260884e-02
-1.2727870788e-02
3.3820126845e-03
-1.5933969374e-02
2.0122268798e-03
1.0461259683e-02
1.7496019314e-02
4.7506930613e-02
-2.3612850256e-02
-1.8884755072e-03
5.1163506179e-03
-2.3957356587e-02
-3.0250697062e-03
1.3094751790e-02
-2.3712238340e-02
-1.7799779358e-02
1.9214321432e-02
-1.5404892595e-02
-1.6204745459e-02
1.8287802850e-02
2.0002726720e-02
-1.2596695696e-02
4.9685809524e-02
6.9077660263e-03
-1.8826147164e-03
-1.4307153544e-02
9.7507203849e-03
-2.0034315254e-02
-8.0812058931e-03
-2.6129020290e-03
-1.4359830855e-02
-3.1393116224e-03
5.0840520084e-03
-2.1089040302e-03
-1.4985558995e-02
1.5850961964e-02
-1.4452922950e-02
-2.8153783255e-02
-2.9573301001e-02
1.1822280927e-02
3.0722309269e-03
-2.4216025621e-02
7.1664593086e-03
1.7927020440e-02
-5.5382091623e-03
-1.8438354238e-02
2.6371401548e-02
-2.5088954367e-02
6.5086629601e-03
1.2524152024e-02
-1.6453737778e-02
-1.0673162785e-02
4.6852834550e-03
2.4723304224e-02
-2.4077523012e-02
-1.7582023706e-03
-3.6411634742e-03
1.3286092993e-02
-1.5174126535e-02
-2.9446064194e-02
-2.0216082699e-02
-3.2443246620e-03
1.8879083829e-02
-1.0711525580e-03
1.8049855147e-02
1.7301151547e-02
-2.2610901242e-02
-7.9067966466e-03
-1.6462360648e-02
9.0965293935e-05
2.8404057580e-02
1.6058088112e-02
1.3468383079e-02
2.9768038780e-02
2.8892466827e-02
1.4441588687e-02
1.1197853554e-02
1.4052294306e-02
3.9630511986e-04
-2.2006792717e-02
-4.9595242709e-04
-3.6093019220e-03
-1.7347319764e-03
2.1722547603e-03
5.3501323719e-03
-1.0139959646e-03
5.9049851140e-03
-1.2328721297e-02
-7.0414289897e-03
-7.4978187587e-03
1.7899296342e-02
2.1757343856e-04
4.4599072962e-02
3.4849478158e-02
-3.5967081876e-03
-9.3340388713e-03
3.6230500220e-02
-2.8600525308e-03
3.3229861960e-04
-1.1425101259e-02
1.3066728287e-02
-1.3211149967e-02
-1.9418391439e-02
-9.0044731871e-03
2.5375977321e-03
-2.6309804163e-03
-7.9702833260e-03
-6.0448068024e-03
-4.9369008966e-03
4.8141052828e-03
-2.0156991394e-02
1.8080194582e-02
2.8915042424e-03
1.3231162507e-03
1.1431644865e-02
-8.5287976165e-03
1.7608067337e-03
1.2277833175e-02
-2.2531006818e-03
1.4514515831e-02
4.0226017761e-03
-2.2182629040e-02
6.3579173108e-03
-6.9843900304e-03
-3.1368013882e-03
3.3858524886e-03
-1.4801237481e-02
1.1177479084e-02
1.7807185339e-02
3.1851746986e-02
-4.9382916202e-05
5.6477047124e-03
-2.6876451914e-02
-5.1881461728e-03
7.9193393389e-03
5.2517947079e-02
3.7291521888e-03
-1.1292387776e-02
-2.6555479887e-03
1.9178079688e-02
-4.7358067230e-03
-1.5415501957e-02
-5.4568987239e-03
-4.4763113165e-05
1.5159025237e-02
5.1917476266e-03
2.3254467337e-02
-1.9941040110e-02
4.3565916802e-02
-8.9396705868e-03
-6.4600387141e-03
-1.6731601754e-02
-6.3330195816e-03
-1.3357896596e-02
-1.2385228851e-02
-2.1401374078e-02
-1.9224370482e-02
1.5686662085e-02
7.3270134677e-02
2.9013515177e-02
-1.5570368013e-02
-7.8435005696e-03
-3.1050207661e-03
-5.8584335434e-03
9.8014061150e-03
2.0045954831e-02
-3.4120801279e-02
-5.3266671226e-03
1.0583319720e-02
-1.2582921514e-02
-8.7310903165e-03
-1.6330378519e-02
-7.9200582851e-03
-1.2962495027e-03
2.6431931241e-02
-1.4828971518e-03
-4.9475046494e-03
-9.7695939422e-03
1.2654061704e-02
-1.9983631552e-02
-4.1474422831e-04
-1.3339799099e-02
5.1782979385e-03
1.3514631813e-02
-3.1619305927e-03
-1.4136390434e-02
-5.0220045318e-03
-2.6741783273e-02
6.8500856349e-04
1.7629236535e-03
3.1681917054e-02
-2.3628939329e-02
2.7861959648e-02
3.8268819650e-03
2.7041079279e-04
-2.0285924770e-02
2.7963806861e-03
3.4339208996e-03
-3.0774497368e-02
-1.9858634972e-03
5.3309947443e-02
-1.8271126425e-02
-8.6763306322e-03
6.9706232133e-02
1.3175579618e-02
-3.5792999139e-03
2.7175067489e-02
-6.4937483008e-03
3.1404877613e-03
-1.7403070431e-03
-1.6729898004e-02
1.2064242146e-02
3.0621142854e-02
-8.4792654744e-03
1.3232667008e-02
1.6784396409e-02
-3.1426601949e-03
-1.5010253017e-02
7.7012649718e-03
-6.1416626708e-03
2.3074529637e-02
-1.6190986191e-02
2.8632757339e-03
2.0425556099e-02
1.2992815556e-02
-6.9246843664e-03
-1.1324946211e-02
-6.6673613350e-04
-7.7041156998e-05
2.6800058499e-02
-9.2492912514e-03
7.2486319382e-03
9.0563838243e-03
-5.2702351114e-03
-1.9447467263e-02
2.2405580690e-02
-2.4221912709e-02
-1.2835489483e-02
-1.4451522741e-02
-1.5986102671e-02
2.7172010068e-02
1.0065257484e-02
9.3390656992e-03
2.2423313798e-02
-6.5402891308e-03
-1.6040749596e-02
-7.0128239289e-03
-1.2193984951e-03
-1.5380789132e-02
-1.5813814505e-02
1.1824746858e-02
-1.2938567772e-02
-2.2760602132e-03
-2.1122288902e-03
-1.5916729129e-02
-2.1948169437e-02
-7.6852329800e-03
-6.7392903278e-03
-6.6745777625e-03
6.5244402491e-03
-1.3865165427e-03
-1.0725668464e-02
2.0499663656e-02
9.1576689549e-02
8.0877060218e-03
-5.9934198399e-03
-2.5750366568e-02
7.5323380525e-03
-1.6817760211e-02
-3.1501839803e-03
3.3107006308e-02
-1.6630638437e-02
7.9879732342e-03
-2.6081047761e-02
1.9142291834e-02
-1.1027536554e-02
2.2365821004e-03
-3.1800874162e-03
-2.2904745903e-02
-9.6387872082e-03
1.2303066158e-02
-5.0892656793e-03
3.7905084928e-02
3.0067759719e-02
6.4973838617e-02
-2.7122218886e-02
1.0273041063e-02
-4.0294653126e-03
-7.3701481362e-03
-2.4642573119e-02
-1.8466831658e-02
-1.1009234496e-02
-9.7518147506e-03
-6.0483411645e-03
-5.7393447027e-03
3.8527736544e-02
-8.8623933876e-03
4.2649934920e-04
-1.6095696132e-02
-1.9036136031e-02
-7.5295802562e-03
2.0167501348e-02
-1.3024443090e-02
-1.3303652092e-02
-5.3267765874e-03
-1.5637102241e-02
9.8279820401e-03
6.4221848161e-03
-5.5599051504e-03
-3.4326673540e-03
-7.8086175082e-03
1.1342448247e-02
-3.1752900333e-03
5.9387134156e-02
1.5614523102e-02
-4.7312685403e-03
-2.7391824598e-03
-1.5050750202e-02
-1.4906529661e-02
3.6746822545e-02
-1.7360964443e-02
-1.5448424328e-02
-4.9542768776e-04
-9.7178110304e-03
2.8036280992e-02
2.7248496483e-03
1.4044695753e-02
-3.0244190893e-03
-2.4680520366e-03
-3.4581341523e-04
-6.1669678031e-03
5.9727014432e-04
-2.1249460164e-02
2.8464573324e-02
3.2980456669e-03
2.6707318294e-02
-2.2976675821e-02
-1.4915464504e-03
-1.2982267934e-03
-1.2176471440e-02
1.3122813592e-02
-1.8482035795e-02
-1.2011991198e-02
2.5172459314e-03
-1.6369075345e-02
-2.0484748471e-02
2.4671449051e-02
2.7395207890e-02
-1.3734869965e-03
-5.3615742198e-03
-4.8174683133e-03
1.2602171257e-02
-1.6184396551e-03
2.4667885585e-02
-1.9917994348e-02
-3.8910473725e-04
-4.1555123544e-03
1.4066779766e-02
-1.3708338332e-02
4.4276873501e-02
1.0938245407e-02
-1.4806080782e-02
-4.2829147008e-03
-6.5951283730e-03
5.1006880800e-03
2.0815589860e-02
5.0999016093e-03
-1.1634504856e-02
1.0998292837e-02
-2.5169753363e-03
-2.5756783847e-02
-2.9511715153e-03
-7.2898236117e-03
-1.5528603506e-02
-1.2539923060e-02
-7.3890457696e-03
-1.3990332553e-02
-2.3945133656e-03
2.3574901759e-02
-6.5259030084e-04
6.2793909885e-03
-1.6294931557e-02
2.6065429352e-03
-2.4877633048e-03
1.3230711694e-02
7.4067893366e-03
-1.4552921293e-02
1.5136474473e-02
7.6271437842e-04
-1.4554288486e-02
5.4410499490e-03
-5.1055057634e-04
2.3699330176e-02
3.7040199706e-03
-1.2368653513e-03
-8.2970965194e-03
4.6119655535e-03
-2.4271853630e-02
-1.5323762834e-02
-1.9985136146e-02
-1.0640609800e-02
-7.7425576631e-03
-2.3588154414e-02
1.4324554411e-02
1.3969502813e-02
-2.8370344577e-02
-5.7042446181e-03
1.2930811029e-02
1.9388889522e-02
-8.3565830045e-03
-8.3382393086e-03
2.3628216768e-03
1.7580536007e-02
-1.7849490650e-03
1.4923849781e-04
2.4468265672e-02
-3.2375510271e-03
9.4846385728e-03
1.3205839041e-02
1.0960571306e-02
-3.3097431677e-03
2.1522781534e-02
-5.8966545547e-03
-1.1393161850e-03
3.2342508252e-02
-1.1911828390e-02
-2.5947478982e-02
-7.6709478049e-03
1.5206415613e-02
1.2878113234e-02
2.9510536867e-02
4.6242150512e-03
4.9157178274e-03
1.2469889333e-02
1.3847215810e-02
2.9883611020e-02
-1.0907797506e-02
4.3489367193e-03
1.7798869894e-02
-6.4650874737e-03
7.5977671101e-03
-2.7263401195e-03
-1.1268354789e-02
-4.7797486365e-03
-1.4364638875e-02
1.7818963120e-02
-4.2927368854e-03
-4.2629562018e-03
2.3267597274e-02
7.4356806633e-03
-9.5651500611e-04
3.7033751300e-03
1.8647469270e-03
3.8015749743e-02
-1.6419896224e-02
-3.9531521040e-03
-1.2593287673e-02
1.7678853270e-02
-7.8624009299e-03
-1.0082372308e-02
6.8401538228e-03
6.7222424580e-03
-1.3468293190e-02
1.7560090333e-02
-5.0803897068e-03
-1.9983528388e-02
1.3589513059e-02
2.2614748322e-03
-1.9223021758e-02
3.0421439500e-03
-1.7921200265e-02
5.0548235858e-03
3.6797793200e-02
5.3517823976e-05
1.8731602506e-02
-1.5261896461e-02
-1.1460841496e-02
-4.6092579517e-03
-1.2503626832e-03
5.2609756519e-03
-4.6252572867e-03
1.2207442160e-02
-1.1973922301e-02
-1.6827423992e-02
2.9981654178e-02
4.8223663189e-02
3.3467027012e-02
3.2751050629e-02
2.2512851440e-02
-1.0495709237e-02
-1.4374201723e-02
-1.6270545123e-02
2.2250643861e-02
-4.9197482752e-03
-1.2046607320e-02
-1.6152349430e-02
9.9430875599e-03
-1.9834965270e-02
-1.2175707574e-02
-1.5593051485e-02
-1.4360147729e-02
-1.0974677567e-02
1.0871054703e-02
2.2941685802e-03
4.1962596530e-03
1.0367811788e-02
7.2537033898e-04
-1.5021466507e-02
-1.4209385196e-02
1.1177639587e-02
-1.4579970210e-02
-1.4649724241e-03
7.5906793302e-03
1.2829040619e-02
1.3017799116e-03
4.6076052993e-03
-2.0931494038e-02
-1.4038221208e-03
-8.7119794698e-03
-6.1349402986e-03
-2.0461564530e-03
1.2738926706e-02
-3.8521231094e-03
-1.0042187767e-02
-3.4607844272e-03
4.1029844567e-03
-2.0778901186e-02
3.3199583002e-02
-8.7408203033e-03
-1.9933371182e-02
-4.0556087015e-03
-1.4249822532e-03
-1.8404280081e-02
1.8428632275e-02
-8.8439012643e-03
6.5258534582e-03
-9.8073483620e-03
-1.2103807972e-02
-1.4366111061e-02
3.9899894052e-02
-5.8713031707e-03
-7.5702727721e-03
-2.4807052851e-02
3.6860469286e-03
-2.9685367397e-02
6.2208398630e-03
2.6780181651e-02
-4.8079976298e-03
-8.1284198900e-03
-8.1510671474e-03
-1.0375034954e-03
1.4072843998e-02
-9.8376817691e-04
4.6222398064e-02
-2.3808096842e-02
7.1385684040e-03
-1.3166966258e-02
4.2321573662e-02
9.9380394842e-03
9.6137945279e-03
1.4784856246e-02
-1.7655530406e-02
1.0971948334e-02
4.2651354654e-03
7.3943873070e-03
-9.5052285451e-03
-2.7160213882e-02
1.7355437738e-02
9.4108368767e-03
1.4216318573e-02
-2.0737777412e-02
-1.9096454113e-03
2.3889416151e-02
8.2515468872e-03
-8.4233646840e-03
-7.7752291523e-03
8.9671236446e-03
6.1616144839e-03
-2.9625492237e-02
9.5427542333e-03
-4.2699179387e-03
7.3743001630e-03
-3.7904992067e-03
5.2678077217e-03
7.4035354459e-02
2.5907364168e-02
-2.6114610511e-02
1.1486757299e-02
3.2751576563e-02
-1.1298785001e-02
-2.4250098837e-03
1.7669593886e-02
3.3345580813e-02
-1.1302829037e-02
3.0345596868e-02
-9.3129726746e-03
-6.6554645857e-03
2.4249250500e-02
1.9748557985e-02
7.5515578011e-03
6.6520428189e-03
1.7115220361e-02
-8.5988287363e-03
1.8408526564e-02
-1.8931211684e-02
-2.5968289614e-02
1.8324922494e-02
1.3323464826e-02
4.7939275445e-03
-1.1671815010e-02
4.2558947833e-03
5.1252734996e-03
5.2362089509e-03
-2.8325236111e-04
-2.5827997691e-02
-1.1935865407e-02
1.0730988569e-03
4.2691634385e-02
7.5732459761e-03
6.4528560924e-03
3.9261038932e-03
5.6956539156e-02
-1.5755323761e-02
-2.6437460891e-03
1.5745196341e-02
-2.5428995338e-02
-1.6021103361e-04
3.1489913368e-02
6.7662000475e-03
-2.2245774354e-02
7.6563084410e-02
-2.6687070676e-03
-9.1388797381e-03
-2.0475561281e-03
-6.8076626832e-03
2.8291080419e-02
-1.7577649671e-02
-2.3131044474e-03
2.4831703090e-02
-3.3022595219e-03
-2.0955297032e-03
-8.2572854193e-04
1.0528809407e-04
7.0382108394e-03
1.5637534704e-02
2.3327947020e-02
2.4891380422e-02
-1.2971225676e-02
3.9137399820e-03
-1.3654094575e-02
-1.1993445004e-03
1.3963027377e-04
9.5419923583e-03
2.5797090890e-02
-1.3663915693e-02
2.4060343519e-02
-1.5466135108e-02
2.5449036250e-04
-4.1521932146e-03
-1.3983681412e-03
-9.7723768689e-03
-2.2284178973e-03
-1.2824040529e-03
-3.9511369833e-03
-8.1858237088e-03
-6.0362400713e-03
-1.2216960767e-02
-4.3374464851e-03
-4.0751139722e-03
-1.1106509813e-02
-4.4204931828e-03
-5.8302642729e-03
-9.9479649601e-03
-7.8400988587e-03
2.0679649626e-02
-9.9647086735e-03
-7.9048985056e-03
2.2236516352e-02
3.2000009593e-02
9.6182496840e-03
-1.0896506963e-02
-1.2524151301e-02
4.8431626991e-03
-5.1867959472e-04
3.2157089848e-03
2.7083209058e-02
-1.2347764741e-02
-6.1594597581e-03
5.3280961914e-03
-1.4040105777e-02
-4.1365283058e-03
-2.2206373420e-02
-2.8748006779e-03
1.6464921499e-02
4.9559623539e-03
-1.8456475874e-02
1.1265894448e-03
6.5211335218e-03
-5.6785928161e-03
-6.9470322389e-03
4.0756139657e-03
1.0474761779e-02
-5.1988931516e-03
-2.0494625502e-02
-1.8794911894e-02
4.2057092812e-03
-5.4925196528e-03
-1.3693789790e-02
3.6256744532e-03
9.9695193642e-03
-1.5447472365e-02
9.5033260877e-03
-1.2592853341e-02
1.4620752889e-02
-1.9662929336e-02
-6.5376735303e-03
-1.6271117295e-03
4.9053517084e-03
6.2100423259e-02
-8.1887864435e-03
-5.4769872869e-03
-1.9732290587e-03
-5.0866655151e-04
2.2265963349e-02
5.5113338508e-05
1.6652033179e-02
1.0894458362e-02
1.1763060936e-02
-1.7790166738e-02
-4.2028718110e-03
-2.6353886309e-03
-1.0377339696e-02
-1.8314561938e-02
-1.5790349418e-02
-1.6875778283e-03
-1.2683570186e-02
5.8336737209e-03
1.0946286559e-02
-5.2914929490e-04
-4.9797344986e-03
9.4020174778e-03
-1.2586275117e-02
9.9034145365e-03
2.7014412763e-03
4.7060717784e-02
-5.0608218459e-03
-1.2714033606e-02
-1.1858390027e-02
1.1856776112e-02
-5.4705590818e-03
2.1348162374e-02
-8.6693284230e-03
-9.0475865021e-03
-1.8239403227e-02
1.7892271195e-02
1.7257830370e-02
-1.7771500538e-02
2.0200490706e-02
8.1501966683e-04
-1.8846599252e-03
1.8301299688e-02
-2.3960825155e-02
-9.1311000083e-03
2.2691274642e-02
-1.6316401155e-02
-8.5125584722e-04
-1.8738278820e-02
-7.8499170098e-03
1.0561042307e-02
-9.4474411476e-03
-9.1063017801e-03
1.1122477095e-03
-2.4878678617e-03
-2.1517787039e-02
-1.3910925382e-02
1.1658245430e-02
-7.6329962568e-03
-2.0162317597e-02
5.8466603618e-03
-2.0526679983e-03
-1.0179906108e-02
1.8576352910e-02
-2.0299135888e-03
2.9511792963e-02
1.3971192019e-03
-1.7033231240e-02
-1.2268892835e-03
1.4175824543e-02
-2.9673082136e-03
-1.4233552040e-02
2.1732491367e-03
4.2512612912e-02
-1.5157142042e-02
-2.8634766714e-02
1.3564989971e-02
-4.0186487013e-03
3.1859788080e-02
2.0672115549e-02
-2.4376384567e-04
-8.8464689717e-05
5.2243487516e-02
-4.2889223268e-03
4.7696945342e-03
3.4105786496e-03
-2.3412215874e-02
2.1505974689e-02
2.8825906603e-02
-8.1714462325e-03
6.2480633537e-02
-9.1515689918e-03
4.2742472410e-04
-1.5979436912e-02
-1.5680297617e-03
-8.1838731604e-03
-1.7117660892e-03
-6.9090920374e-03
1.2804053414e-03
-2.3111312468e-02
5.1546772880e-03
-2.2298703752e-02
5.1764448673e-02
3.4690272487e-02
-5.6815191027e-03
-7.2726412975e-03
4.0224738932e-02
5.4893160423e-02
-3.2217773830e-03
1.0043053294e-02
5.0086264097e-03
-4.1682456608e-03
1.1666080298e-02
3.9563691235e-04
-9.3545058062e-03
1.7960205935e-02
3.6079272616e-03
-1.9081157208e-02
-1.3531413460e-02
-1.6967011175e-02
1.8205154568e-03
2.3879330565e-02
-9.6719552207e-03
4.2047880694e-02
-4.0497956084e-03
2.0417059961e-02
7.4329328678e-03
-6.1099017258e-03
5.4356770904e-03
1.3839748449e-02
-1.6212497111e-02
-9.2654568937e-05
6.2030369851e-03
-1.0242972262e-02
1.3811996354e-02
-8.8764994799e-03
1.1149636154e-02
3.3887279066e-02
-1.7320622833e-02
-2.1669552631e-02
1.0395280560e-02
-1.5767589269e-02
1.1755892366e-02
1.4650225558e-02
-1.5953739381e-02
-1.2630807015e-02
-6.5698370194e-03
-1.5930846770e-02
3.9742569414e-04
1.8290182544e-03
3.1961814412e-02
-2.6032291725e-03
-1.0750506916e-02
-2.4412422023e-02
-4.4945897136e-03
-3.6215165167e-04
5.3771738389e-02
3.4802577699e-02
3.7523727293e-02
1.0138546884e-04
-1.1070373891e-02
-4.5072897017e-04
-1.3309269494e-02
-2.0825796365e-02
-4.1563597413e-03
-2.9008577940e-02
-4.6618143901e-03
-2.3944687688e-02
-2.0222429502e-02
1.3541700579e-02
1.2906570678e-03
-1.3585134823e-02
-1.1572164893e-02
-7.4859097362e-03
-2.0682554374e-02
1.3045161663e-02
3.6003599195e-02
-5.7664395110e-03
5.1245576045e-03
2.7405953153e-04
2.2307347920e-02
-1.0267185624e-02
-1.2968478359e-02
-1.0991791566e-02
-9.0445997819e-03
8.4602746003e-02
5.3235135195e-02
-1.5351478416e-02
8.5910574805e-03
5.6328252776e-03
-2.2433942500e-02
2.3346441885e-03
-4.5870650579e-03
3.3657995974e-03
2.3862103491e-02
-3.7802641583e-03
1.9148649809e-02
-8.3370695834e-03
-3.9132219890e-03
-2.1973699727e-02
-2.0117607773e-03
7.8863796699e-03
8.9016683174e-04
-5.6143177287e-03
-1.0633323588e-03
1.4605629660e-02
9.9799650025e-03
-6.0869228294e-03
-3.2299864809e-03
4.3487913697e-02
-1.3307585186e-03
8.0157447811e-03
2.3058224948e-03
6.3664480682e-04
6.3938861049e-03
-7.7996542592e-03
1.7311421199e-02
3.2917212773e-02
1.2521162646e-02
1.4062349934e-02
8.3878198477e-03
1.4718865892e-03
-1.8287948566e-02
1.9929502614e-03
-5.8331208966e-03
-1.2370900322e-02
-6.3899558780e-03
-8.4789133575e-03
2.0263276252e-02
1.3491831228e-02
4.6265799925e-02
6.7336750809e-05
-1.3067744462e-02
2.0332688126e-02
-3.3510372772e-03
-1.2208184786e-02
-1.0766567254e-02
1.6080148294e-02
-3.7954264037e-03
3.7772961594e-02
4.3150974002e-03
-3.4720207902e-03
2.9121595655e-02
3.7305926959e-03
2.8781483430e-02
7.0776039300e-03
2.0703665332e-02
2.4454223672e-02
-1.1146999593e-02
4.2056034582e-03
-1.9003897318e-02
-2.7838358922e-02
-4.7569690258e-03
9.4541117597e-03
2.8273845433e-02
7.9944070915e-03
-5.6809882514e-03
-1.5528163529e-02
5.0957966275e-03
-5.2084646939e-03
-1.6812021543e-02
-2.5412308294e-02
-1.4413505720e-02
-4.0201587802e-03
-9.6248529284e-03
1.8412499659e-02
7.4944922708e-03
3.2742315285e-02
-1.8765932917e-02
8.9205507685e-04
2.6048436757e-02
-6.5699657024e-03
6.9259510162e-03
5.7630460584e-03
4.0583381847e-03
-2.1295044627e-02
-1.6818236256e-02
-6.8714212017e-03
6.6467586822e-03
-2.1721693336e-02
2.6251588820e-02
-8.5722971415e-03
1.6917591821e-02
2.7121237478e-02
-1.7445310373e-02
4.4860345548e-02
-1.4264130743e-02
-1.1726503856e-03
-5.5305454502e-03
-8.3696886648e-03
3.9298248467e-03
3.9695318027e-03
2.3370776793e-02
1.2855433136e-04
1.7015318231e-02
9.5299385001e-03
1.1069170036e-02
-1.3220833979e-02
-2.2582124116e-02
-6.8248240489e-03
-2.6619056299e-03
-5.4163034856e-03
-4.3690557852e-03
-3.4245737538e-03
2.1230677698e-02
-2.5310225568e-03
-1.1763119364e-02
1.5686335996e-02
-1.2389291920e-02
-9.3334734914e-03
-2.7558159281e-02
-1.9582456975e-02
1.5496881449e-02
-1.5315922992e-02
-4.8049941652e-03
-3.0977962480e-03
2.0376763934e-02
-1.3075368936e-02
-1.9042562523e-02
2.3722642301e-02
4.0426094115e-02
2.5383197591e-02
2.2274054046e-02
5.2693433975e-03
-9.3084410060e-03
2.3941388217e-02
-2.4756493138e-02
4.8266744134e-03
-1.6035617397e-02
-4.1591616323e-03
-1.5494044125e-02
-1.2095751020e-02
-1.3699330491e-02
-1.9905968353e-02
-6.6113666195e-03
-3.4588426601e-03
-2.3422094574e-02
-3.0756958857e-02
4.2102065379e-02
2.4826006420e-02
1.0642188495e-02
8.1280610088e-03
5.5523898444e-02
1.0450529202e-02
-2.6454030254e-02
-4.0820412666e-03
-8.2505239543e-05
2.8888129144e-03
1.7058357933e-03
-1.7946779853e-02
-7.0080224497e-03
2.7008054300e-02
8.2247367796e-03
8.9390713257e-03
3.4810596349e-03
-1.7201651611e-02
4.7138287516e-03
3.2763353233e-02
3.8009745131e-02
3.5852840936e-02
-9.1394307400e-03
4.1301457749e-02
1.6840595005e-02
9.8010029288e-04
-9.7054427296e-03
-1.1078547016e-02
2.5119638778e-02
-8.3993339408e-03
-1.9709937919e-02
-2.1912458613e-02
-7.8539005755e-04
-3.3781686053e-03
9.6513543187e-03
-2.0188216412e-02
-1.3918137051e-02
-1.1634562426e-02
1.7320623892e-02
2.1233976036e-02
5.6004151779e-03
1.5486954578e-02
-8.8302995345e-03
1.1329305444e-03
1.6822876458e-02
1.1788623439e-02
-1.3151607665e-02
-2.0741726809e-03
-2.2251555601e-02
-5.5192443172e-04
-1.4908858007e-02
-8.6458327736e-03
1.7197516193e-02
-2.5998392135e-02
5.1675787034e-03
-1.1154014774e-02
-6.8905621421e-03
-2.2569696659e-02
6.5060919658e-02
-1.0486378451e-02
1.1082560156e-02
3.8414382736e-03
2.4224622450e-03
-1.0082250469e-02
-8.7914963435e-03
-5.6297918360e-03
-7.5878366075e-03
-1.6487943116e-02
2.1619660385e-02
-1.2071894600e-02
-7.5729535764e-03
-6.5736331781e-03
-6.6270521371e-03
1.8143060857e-02
-2.1311622475e-02
2.4215649782e-02
2.2923455545e-03
-8.9921959271e-03
2.7048944681e-02
5.1582521697e-02
-4.7345119584e-03
3.5813556915e-02
-1.8638169510e-02
2.4321335375e-02
-1.7169101095e-03
-1.7667429186e-03
1.0879286139e-03
1.9146474742e-02
-1.0983348421e-02
4.5105541022e-02
4.7481229625e-03
-2.0079397592e-02
-5.5089109310e-03
-6.1154227874e-03
-8.0481408814e-03
-9.2219475654e-03
-1.6876087115e-02
2.7195359078e-02
-4.1424153654e-03
2.7146739451e-02
-1.2565788935e-02
2.0865860663e-02
1.8317133550e-02
-1.9895067511e-02
1.9023991850e-02
-1.6237933052e-02
6.2752101222e-03
3.8862835288e-03
-5.2232899157e-03
-6.3993988076e-03
5.2772096481e-04
-1.6780723683e-02
-1.1098105006e-02
-3.7781722606e-03
-1.5582312644e-02
-6.9345352858e-03
1.3974106511e-03
6.5688707659e-03
1.0735395264e-02
-2.5378264561e-02
3.3696540901e-04
1.5205651823e-02
-6.3368737369e-03
1.8654328261e-03
1.7783822583e-03
1.3190016375e-02
1.6136529075e-02
9.1607028991e-03
-9.8947755324e-03
1.2264927986e-02
-6.6064160788e-03
4.3191445842e-03
-1.3982708642e-02
-2.2427456860e-02
2.5717778809e-02
6.0337713837e-03
-1.8878366274e-03
1.1756882821e-02
-3.3220359579e-03
-1.7015281611e-02
4.5196106050e-03
-1.0732889793e-02
-1.1623295789e-02
1.5045030904e-02
1.8984330938e-02
2.7825571051e-03
-5.3018697305e-03
3.3471119816e-02
-1.5296013330e-02
1.8513028782e-02
1.3721336534e-02
-1.5724954130e-02
3.6083631440e-03
-1.3197366287e-02
9.1096630963e-03
4.6532657186e-03
-1.4150232469e-02
1.8509148679e-02
2.0472142379e-02
-2.7357994067e-03
-8.3847675983e-03
8.7913098980e-03
-1.8524771779e-02
-1.0514873837e-02
1.4729708886e-02
-5.6403219064e-03
-1.1188764922e-02
1.6899213977e-02
-1.2779177134e-02
2.2415570351e-02
2.0395853825e-02
-1.9160848343e-02
7.2495506907e-03
1.8610313114e-02
2.5873763574e-02
2.9180821892e-02
-1.1116178665e-02
-1.3004118584e-02
7.8295007380e-02
-1.0807173691e-02
1.5514969400e-02
2.9903413045e-02
-7.0290720430e-03
6.6196529882e-03
-5.9358306886e-03
7.3320781327e-02
-1.7408412147e-02
3.1293263852e-03
-4.1785381249e-03
-9.6775691204e-03
1.0425565749e-02
4.4066890727e-03
-3.7665835035e-03
-2.2842927774e-02
-9.2532852590e-03
2.7631090917e-02
8.6409378931e-04
4.7961320225e-03
-1.2683250174e-02
1.8182753609e-02
7.8334510867e-04
1.1969895873e-03
3.2518898477e-03
-7.7020898097e-03
3.2034078296e-03
-1.3121766424e-02
-7.8424226138e-03
-2.5532449865e-03
-1.4599107855e-02
-9.6017599431e-03
-1.5732185936e-02
4.9818090499e-03
-7.1019931996e-03
-5.0358805480e-03
2.8563519137e-02
2.7035271875e-02
1.4023280756e-02
-1.4854499279e-02
1.4409044054e-02
-6.6351520592e-04
-1.8323159875e-02
2.8343476215e-02
-1.0974111901e-02
2.3936117225e-02
-2.0296691904e-03
-3.7866116200e-04
8.8215970098e-03
-7.3842968971e-05
3.4420675862e-02
-1.3321778823e-02
1.6024804706e-02
-1.8305165284e-02
2.3402824874e-02
-7.4366419212e-03
-1.5501039186e-02
-1.5295208188e-02
-2.8748986715e-04
1.5231823971e-02
1.0668668133e-02
-1.0224616849e-02
-2.1036421046e-02
-1.9594180678e-02
-1.2567441935e-02
-1.4576474043e-02
2.7499430343e-02
-1.2182569583e-02
-8.1614838692e-04
-1.2435972696e-03
5.9683062678e-04
-1.2272435212e-02
2.3790075588e-02
-6.5180067303e-03
6.6606893162e-02
6.1063092815e-03
-8.2584005470e-03
-1.1696759258e-02
3.2795156703e-03
1.8603522731e-02
-3.4093953511e-03
3.1994612310e-02
-9.5858966866e-03
-2.0002888041e-02
-1.1595427197e-02
-3.3884727908e-03
2.1239873823e-02
-1.1067598500e-03
2.7756782892e-03
-2.0475454980e-02
1.5642029215e-02
-2.7701286614e-03
1.1504927314e-02
7.1115058787e-03
-1.6924202428e-02
1.3775979853e-03
3.7747166405e-03
2.0721765899e-02
-1.1976084240e-02
1.9067980363e-02
-6.7535354177e-03
1.3401202746e-02
-1.4512697961e-02
1.3678418938e-02
-1.9702770151e-02
-1.1422583171e-03
4.8177414840e-02
1.0407184204e-02
-1.5945673924e-02
1.4797928075e-02
-2.0145945778e-02
-5.4250361755e-03
-4.0785431560e-03
2.4898846202e-02
1.6398353035e-02
-1.6023043733e-02
-5.8667102286e-03
-9.4625972732e-04
-6.7614964115e-03
1.0875324206e-02
-9.2199600108e-03
1.5093558770e-02
2.7816794380e-03
5.3597705304e-03
7.2698160467e-03
-5.9411918737e-03
-6.4670342850e-03
-1.0393889819e-02
-1.3297280444e-02
-2.1122312138e-03
-5.3237065739e-03
-2.8434333705e-03
-5.1165213740e-03
-9.7881504840e-03
-2.0585993652e-02
-1.1651257025e-02
-6.4094806619e-03
4.8497175316e-03
5.9814254197e-03
3.9195050245e-02
-1.3406641486e-02
-1.6992263125e-03
-2.0322127733e-02
2.5801820451e-02
-1.1029997787e-02
5.7847922948e-03
1.6881362990e-02
-1.9875386313e-02
-1.7130589765e-02
1.6325885545e-02
-6.4898393116e-03
2.0405463691e-02
-1.0659012361e-02
3.3205398323e-04
-1.7630346791e-02
-4.4718712682e-03
4.2502292770e-05
1.6171224372e-02
3.3239398965e-02
-2.6701808775e-02
2.2773113527e-02
2.0922851194e-02
-2.4924755371e-03
1.2520632937e-03
-1.1594298800e-02
-8.2313512457e-03
-1.9598548490e-02
-1.1075980054e-02
-3.9909662986e-03
7.1889162236e-03
-7.4976710350e-03
1.4512346792e-02
1.6636479089e-02
-1.0350933617e-02
-1.5500085197e-02
-7.9514144828e-03
1.2977591977e-02
-1.9363364843e-02
-2.6354926883e-02
8.0606680062e-03
-1.6719826535e-02
2.1727778680e-02
-9.7084864550e-03
8.3513815955e-03
-2.4164582359e-03
-2.6746994821e-04
-2.5085580515e-02
6.0085556173e-03
2.4285166791e-02
3.7644386528e-02
1.0462682742e-02
-1.7055390869e-02
7.7609271571e-03
1.3371188068e-02
5.7688595643e-02
-4.1285933973e-03
-5.7678393880e-03
-1.8893992098e-02
2.1984838794e-02
-1.1405869916e-03
5.5754813222e-03
-1.1573559761e-02
-1.8075123209e-02
-1.6780923171e-02
1.4379519772e-02
-1.5426591804e-02
3.2040363666e-03
7.6831382685e-03
-1.3878401341e-02
7.5753489681e-03
-6.8712944142e-03
-1.3523933216e-02
4.6234572180e-02
-1.3527082782e-02
1.4547893649e-02
-9.5287310152e-03
4.6954109823e-03
6.0413054303e-03
-8.5403704216e-03
-8.0133397783e-03
5.4165974984e-03
-2.1044842691e-02
-6.1368268961e-03
2.0289420471e-02
4.5203331777e-03
-1.7530653860e-02
-1.4635027479e-03
2.3425548381e-02
-1.7287576175e-02
-4.9106444620e-03
1.5935935803e-02
1.9972981416e-02
-1.0359832697e-02
-2.8674063016e-02
7.8758881284e-03
-1.7777073354e-03
-7.3292148185e-03
1.8649999013e-02
-3.1479099329e-03
-3.8195850542e-03
-5.8457266297e-03
-1.3266445300e-02
-9.8002866929e-03
1.3449993227e-02
-9.6040607125e-03
-7.6787011252e-03
5.9126333320e-02
1.1776115194e-02
3.5140876274e-02
-3.8402962433e-03
9.1777291049e-03
-1.9770764668e-02
1.6564745952e-02
4.4985575595e-03
4.5973413206e-04
-2.2064162236e-02
1.2768813447e-02
-9.6451585983e-03
-1.3288288559e-02
6.7310085142e-03
6.2560955480e-03
2.9481498903e-02
1.3390936747e-02
3.2144119507e-02
6.0606633374e-03
-5.7933048819e-03
1.3722258233e-02
-9.0953070601e-03
-1.4498209534e-02
1.4720103046e-03
1.4564652689e-02
-1.1870503982e-02
-1.4199538115e-02
-8.3130786791e-03
-2.1272248471e-02
2.6457068982e-02
-3.0822589567e-03
3.8515874841e-03
-6.3147409855e-03
-1.6616417083e-02
-1.5724459350e-02
-1.6630164787e-02
1.1114720484e-02
1.6946382940e-03
-1.4466482666e-02
4.1569150874e-02
4.8601295854e-02
1.5381775863e-02
1.7789919138e-02
-1.4466529714e-02
-8.2722738532e-03
-3.3974815237e-02
1.8127867710e-02
7.0824920775e-03
-6.4707233279e-03
-1.0628476341e-02
2.6185098285e-02
3.7807235419e-02
1.6730751229e-02
-1.4139853133e-03
1.5883053975e-02
-1.0704949624e-02
9.2406995296e-03
9.2522862640e-03
-3.4031385750e-03
-1.3325757648e-02
4.8897080742e-03
2.3359825938e-03
1.2818265488e-02
3.4772378406e-02
4.1129135310e-02
6.1243762346e-03
-3.2778693236e-03
2.2708573645e-03
-1.9704023136e-02
3.3020771998e-03
3.4471457389e-02
-1.2978499134e-02
-1.3403706952e-02
-7.7632285665e-03
8.7819166121e-03
-1.0174146528e-02
2.0506287615e-02
6.9795938749e-03
1.5615224928e-02
-1.7459462582e-02
-2.0124308935e-02
3.2757992712e-02
-9.7062212424e-03
-1.7194383841e-02
2.5155462406e-04
-1.7617596472e-02
-8.5500602238e-03
2.4150765104e-02
-1.6361177479e-02
-9.9701827217e-03
-1.2974432575e-02
-1.9727626949e-02
-1.0076452324e-02
4.9852561039e-03
8.7637230647e-03
-2.0849087976e-02
3.8412430251e-05
-1.1589523484e-02
-8.5645341384e-03
-4.4112328095e-03
1.6761380304e-02
-2.0660595731e-02
6.8701002617e-03
7.4169372732e-03
1.1866775074e-02
5.7770146668e-03
-2.5814796969e-02
-2.3205595304e-02
-7.7294055326e-03
1.3522148279e-02
-7.9129153292e-03
-1.9698742798e-02
-2.3579191320e-02
2.2980531578e-02
-5.5016333169e-03
-4.5369111577e-03
3.7692032878e-03
-8.3655573175e-04
2.2261042983e-02
-1.0955186795e-02
-8.1195255378e-03
1.6322911944e-02
2.7708300714e-03
-2.2014224512e-02
-1.1599943140e-02
-6.1515766432e-03
1.3664006717e-02
-1.5435474559e-02
6.5486536325e-03
-5.1264565240e-05
1.1926429353e-02
-7.2459158136e-04
1.3242923865e-02
2.6190567390e-02
9.8900631086e-02
-2.6997297596e-02
-5.7982806345e-03
3.4949023430e-04
-9.3780141177e-03
1.4077684273e-02
-1.1973232496e-02
-1.6733783192e-02
-1.9591333435e-03
-1.1694526415e-02
-6.2715359790e-03
6.5200610201e-03
-2.6668777956e-02
-5.5229892813e-03
3.8208756490e-03
-3.9047206885e-04
-3.8828359793e-03
5.5903851711e-02
-1.9607984064e-02
1.8678470686e-03
4.8733127498e-02
-8.2862398509e-03
3.5696530343e-02
-3.8495956801e-03
6.0622586301e-04
-1.4109566814e-03
2.5417374364e-02
9.5731325109e-03
-6.0923298360e-03
-3.9198281471e-03
3.0835641405e-02
-1.0739776783e-02
-1.1636980701e-02
1.5638566889e-02
1.4924043640e-02
5.1424594204e-03
-5.9658549472e-03
7.5408288882e-03
-4.9970786060e-03
-9.4284003590e-03
4.3400562769e-02
1.3347039846e-02
-1.5244207827e-02
-1.3282746935e-02
1.6279367526e-03
-1.7078974277e-02
-2.4361376951e-02
-1.0603517051e-02
1.7851104519e-04
7.9718779408e-03
8.2542312548e-03
-7.9874694041e-03
8.7691851983e-03
-4.8738005228e-03
-1.4524388211e-02
2.0586860978e-02
-6.4750548543e-03
1.0823354526e-02
7.5967908334e-03
-3.4925113459e-03
-1.9807936423e-02
5.9370712547e-03
2.2021830698e-02
3.0014669427e-02
-7.4772269808e-03
4.9465892601e-03
1.3095226561e-02
-1.9945801302e-02
-2.5280566684e-02
-1.5628345165e-02
-9.6966119428e-03
-1.6817790914e-03
1.9132450615e-02
6.8997108743e-03
4.3058678882e-02
-2.3615720678e-02
-1.5652156757e-03
-2.3993668602e-02
-1.3116632646e-02
-9.5904279209e-03
5.9239145102e-03
-7.6660183523e-03
-7.4475779579e-03
-1.0776490484e-02
-1.3025638883e-02
5.4657544838e-03
7.7793371408e-02
-6.2072560527e-03
-6.4504917538e-03
-9.2488204368e-03
-2.1215935070e-03
-1.5550949217e-02
-5.3390326081e-03
1.4603417218e-02
-2.2570705651e-02
1.1603777331e-04
-1.3606415616e-03
-2.5559467658e-02
1.6245855440e-02
2.9220712862e-02
-1.0767043714e-02
-1.3889497461e-02
-1.6875565407e-02
-2.3835818665e-02
8.9860384037e-05
3.0419101353e-02
-1.7607120721e-02
-1.0036754404e-02
-9.1373528633e-03
-9.4679585797e-03
8.8458686255e-03
-1.2429675714e-02
4.3023489209e-03
-7.8807454090e-04
-4.6924232516e-03
9.5144611146e-03
-7.0254289006e-03
-5.8245506256e-03
-2.5314699759e-02
-1.1262027407e-02
-7.1616846492e-03
-3.2408925308e-02
1.5851005832e-03
2.5479193671e-02
2.4363503277e-03
-1.6099377923e-02
1.4638602490e-02
7.5215025873e-03
-6.7010055212e-03
5.4610616494e-02
-1.1203120099e-02
-8.7625724123e-04
6.8911130171e-03
-1.3833197685e-02
-4.4936461633e-03
2.2326135544e-03
9.1349100313e-03
-1.0421049890e-02
-1.1274773177e-02
1.7760703613e-02
-1.7415272895e-02
-1.3345235643e-02
-1.3051584028e-02
-7.2594406263e-03
-8.2252889196e-03
-1.0474199102e-02
-4.8840622054e-03
-2.7215231316e-02
-1.3401502364e-03
3.5866455628e-03
-1.0748245364e-02
-8.9063620865e-03
1.6805022268e-02
-2.6072421177e-02
-5.3205158251e-03
3.7084285628e-03
1.9422895620e-02
-1.7705967951e-02
1.7979006664e-03
3.7702299874e-02
-9.8708464299e-03
-1.3470816052e-02
4.4652377897e-03
1.6385362295e-02
1.8654521799e-02
5.2291068043e-03
-5.7332107507e-03
1.8465888071e-02
6.5489798458e-02
-1.0318585161e-02
-1.3340193372e-02
-1.2108064215e-02
-1.3644476044e-03
-6.5707308375e-03
-9.2208666447e-03
-1.9580744466e-02
6.7887974838e-03
-2.0826690798e-02
-8.1304547791e-03
-1.7834932790e-03
-2.3028756051e-02
-2.6159437933e-03
8.6225550485e-04
-1.0544182508e-02
9.5873398247e-03
-1.5584938143e-02
-5.8184889231e-03
-3.7530018014e-03
-2.5525398949e-02
-2.2930651077e-03
-1.7058729216e-02
7.3922462978e-03
-1.7253137088e-02
5.2937562510e-03
7.0036120487e-04
5.2973441871e-03
-1.0212015368e-02
-1.4009048047e-02
-1.2489567637e-02
4.8070223907e-02
2.8125782231e-02
-1.1155158601e-02
-2.9581637591e-03
-1.5737573812e-02
-5.0000774576e-03
1.1326583657e-03
-1.1658007608e-02
-8.5926652103e-04
-1.5666417613e-02
-5.2862170205e-03
-1.2913255559e-03
8.9996737553e-03
-7.1260951619e-03
1.0009875836e-02
-9.0684325610e-03
-2.3787013314e-03
1.6607783695e-02
1.4876905882e-02
-4.1866152734e-03
8.2601961701e-03
-8.7577547323e-04
9.3343128974e-03
-7.2511485945e-03
5.3411083004e-03
-1.6734434451e-02
-1.1527192517e-02
1.7003600534e-02
2.6612264357e-02
8.4680691591e-03
8.2134239587e-03
1.8704213022e-02
-3.3463347711e-03
8.8943199031e-03
2.3609452039e-02
-1.7308094735e-02
-1.4724563245e-02
1.3318066955e-02
-1.1658844022e-02
-1.8600362944e-02
2.5421712629e-02
8.1083971423e-03
-2.9073233829e-02
1.7263387713e-02
-1.4216743550e-02
-1.8213613461e-02
2.2988266462e-02
1.3921664923e-02
-1.7840117647e-03
-5.6300236774e-03
4.4273299492e-03
-1.1840950799e-02
2.0133633478e-02
4.0544884245e-03
1.1053790346e-02
5.8571980056e-03
-1.2113527164e-02
8.3213779233e-03
2.0022940346e-03
-1.0550667430e-02
9.0777654987e-03
-1.6696733709e-02
3.7337555785e-02
1.9797940839e-03
1.3049456691e-03
2.4255463045e-02
4.0450123947e-03
1.3379782958e-02
3.6835142805e-03
-2.0362769220e-02
-1.3875208368e-02
-1.8219751977e-02
1.4941846102e-02
-5.4448679535e-03
-4.2769019238e-03
-2.0150758918e-02
1.7164808904e-02
1.7297115275e-02
-3.5302698133e-03
1.3098148504e-02
2.4485803672e-02
2.7242372033e-02
1.8941684146e-02
-1.9057024109e-02
-2.0757744398e-02
2.1693274142e-02
-7.1846761474e-03
-3.6062372369e-03
1.4204918364e-02
-2.1193051268e-02
-5.3149090431e-03
-1.7418081609e-02
-1.6559311242e-02
-4.4388238586e-03
2.1643640515e-02
8.4600375731e-03
1.2695819420e-02
-5.8775067703e-03
-1.1560600098e-02
-1.3807847003e-02
-3.3174012273e-03
-1.2289908784e-02
2.0544463125e-04
2.3616458688e-02
4.2406826576e-02
4.0803631189e-02
-4.7543466552e-03
-1.4888620164e-02
-1.5107344852e-03
3.3748206430e-02
-2.0320923609e-03
1.9752872420e-02
-9.5482728991e-03
-1.1821818895e-02
2.3973163939e-02
4.4216197323e-03
2.7051754812e-02
1.8973486163e-02
-6.2741654766e-03
-1.2287663292e-02
2.8009916924e-03
3.1372283078e-02
-2.0049704986e-02
1.9523964336e-02
-1.7773020656e-02
-1.3372170936e-02
2.6949460478e-02
-9.0733484756e-03
6.3620375969e-03
-1.9209107486e-02
-1.3842169364e-02
-3.7501073830e-03
-2.0041467899e-02
-2.4200341580e-03
-9.0198574625e-03
-1.2562770069e-02
1.4855009385e-02
1.6360168683e-03
-1.2607982646e-02
-1.1184678420e-02
2.3067561805e-02
1.4850797369e-03
-1.5867152096e-02
6.8584173479e-03
5.4165872365e-03
-7.7428705970e-03
2.3298423966e-02
3.4418872751e-02
-1.6533846576e-02
-1.4069212174e-02
-1.1267427697e-02
-6.5005123436e-03
-2.0761502689e-02
-7.9224986452e-03
3.0801851977e-02
-1.1291116459e-02
-2.5480827037e-02
-1.3707613150e-02
8.9347061553e-03
-7.0970363015e-03
4.9050326706e-03
-1.2565504399e-02
-3.2706626464e-03
-2.4721029850e-02
-2.9173121467e-02
1.9402968100e-02
1.4013861820e-02
4.3567811270e-03
-5.9289155422e-03
1.0937450549e-02
2.0569216569e-03
-2.0193620339e-02
2.9925438737e-03
-1.4333465034e-02
-1.0573081053e-02
1.6374370888e-02
2.1099750506e-02
-1.1946986152e-02
8.9467247172e-03
1.7925321789e-03
1.4539932205e-02
3.7308331197e-04
1.3228367330e-02
2.7178331118e-02
-4.5332429239e-05
4.1426096087e-04
2.3347684295e-02
-1.5145140239e-02
1.8556634328e-02
1.3925345567e-03
-1.8520952074e-02
5.6934955535e-02
-1.0430250171e-02
-6.5985832034e-03
-1.8896389095e-02
2.2134164289e-02
7.6619008599e-03
-5.5987839902e-03
1.6451981602e-02
1.9972624932e-02
2.1579158034e-04
-7.5352357119e-03
1.2485758283e-02
2.4578973435e-02
1.4368131901e-03
-4.7020649778e-04
5.2574936741e-02
4.8384662277e-03
3.4488046810e-03
2.4102081075e-02
1.1268794942e-02
1.4813814883e-02
2.4784947915e-02
2.4373489797e-02
3.5188670970e-03
-1.2983748914e-02
-8.5735331054e-03
1.3504975216e-03
-9.4012853453e-03
-1.4791754485e-02
-1.2533619340e-02
6.2877960468e-03
-1.4167301927e-02
8.7927815863e-03
-8.5927686243e-03
-4.2951230174e-03
3.9829593873e-02
-1.1447449628e-02
1.9131681674e-02
-3.0647343997e-04
-2.0303858441e-02
-1.4283797373e-02
-1.4875910249e-02
-1.1828308027e-02
-7.4895618344e-03
-1.9368621702e-02
1.6098396533e-02
1.0342675552e-02
3.7082320496e-02
-7.0043280126e-03
7.5547589791e-04
-2.0146034040e-02
-3.7938042646e-03
8.5996598770e-03
-2.1399586621e-02
-8.3316348950e-03
-7.4608538814e-03
-6.4040864508e-03
9.8124416986e-03
-6.4189746408e-03
-4.3255497614e-03
-6.9618120690e-03
7.6235924886e-03
1.8185933227e-02
-2.1037463374e-02
6.4802007212e-03
-6.9952137495e-03
4.9015008316e-03
-1.4706827332e-02
-8.4315718921e-03
-1.1438962094e-02
-1.5842119062e-02
2.2911411783e-03
-4.5850586335e-03
3.2642915397e-02
3.1588903289e-02
5.7058412592e-03
1.5936166347e-02
-4.7929879977e-03
-1.7801363040e-03
-1.8134737969e-03
-1.1530809723e-03
2.5555355242e-02
3.2676961406e-02
-3.0670663096e-03
-2.1298056841e-03
-4.1553936856e-03
-1.7185860612e-02
-3.0333384784e-04
-8.9173220987e-03
-3.5581122249e-02
-8.6879346989e-03
6.3276935002e-03
-3.9208334866e-03
-1.6756491585e-02
9.9759030797e-05
2.4269263162e-02
-1.4835373443e-02
-1.1112516491e-02
-1.9863997825e-02
-8.9874827066e-04
-1.2910959652e-03
2.2744025848e-02
-1.5342219861e-02
4.6231057450e-03
4.7243289234e-02
5.0905845439e-03
-4.5525716770e-05
-4.0470661433e-03
-2.6074391472e-02
-2.0735052217e-02
2.9391260347e-02
-2.6609981838e-02
-2.0075337753e-02
-2.0356259785e-02
-1.2538603969e-02
-1.1501086121e-02
9.2281588194e-03
-1.2752576008e-02
-1.4148616162e-02
-1.5570159003e-02
1.0138440348e-03
-2.2849437142e-02
-3.5348132052e-03
1.0321941137e-02
3.5441792365e-02
1.0925687258e-02
6.5546770269e-03
4.4716908020e-02
3.3412379764e-02
5.3559477203e-02
4.7024449163e-02
3.0319283212e-02
-1.2915723564e-02
2.0755553684e-02
-1.5456392172e-02
1.1718674336e-02
1.2700765460e-02
-1.0105111828e-02
-6.5798714790e-03
-1.5435717466e-02
5.0661183455e-03
-1.6605511036e-03
-1.1289402146e-02
1.0532184600e-02
-1.4629042878e-02
-1.4801854357e-02
3.4799471864e-03
1.7109629289e-02
-1.6781609779e-02
-1.1476586823e-02
-7.1853220696e-03
7.2816675176e-03
1.5363274270e-02
-1.8342470637e-02
2.0480267968e-03
2.1716534908e-02
-1.9575958134e-02
-1.7665308049e-02
1.1732352794e-02
-1.6165252564e-02
3.5680878069e-04
-1.7244804975e-02
-5.5418634880e-03
-2.8618581623e-03
-5.5746423706e-03
-1.3681031582e-02
-1.2337837051e-02
1.4443554493e-02
-7.8516648385e-03
-2.0280153798e-03
9.1987555479e-03
-1.1697096664e-02
-7.6200163254e-03
-3.8260252138e-03
-1.4005415004e-02
9.0412567982e-03
-1.5865616226e-02
-1.5332298710e-02
-8.6633456466e-03
-1.1514698413e-02
-1.4542747309e-02
-1.0140730860e-02
2.9492508233e-02
-2.7674492743e-03
-4.9660224191e-03
-2.9914653299e-03
7.3138851361e-03
-6.7245379997e-03
9.3025144485e-03
2.7274885149e-02
-1.0317472581e-02
1.3614859442e-02
1.7261751743e-02
-2.5457340422e-02
-4.5251065241e-03
1.2967496857e-03
1.7324211710e-02
-7.4173161771e-04
1.7841640993e-02
-2.0102040453e-02
-4.9594803450e-03
-8.9728248889e-03
-2.2593067250e-02
8.0132852223e-03
1.2603165256e-02
-6.5540264696e-03
8.5205413633e-03
-1.1924192167e-02
-1.0050608268e-02
-2.6157068920e-02
-6.3011681159e-03
-6.7426039127e-03
2.1818983809e-02
-8.0075407022e-03
-1.1739939675e-02
5.0785742079e-03
4.8777244025e-03
6.9975520140e-03
2.0435507694e-03
1.0688324988e-02
2.5036138755e-02
-1.2831590476e-02
-1.8146297765e-02
8.0901796803e-03
4.0037307035e-03
-1.6641164894e-02
1.9688233226e-02
1.2122265180e-01
1.5360337689e-02
4.5201644166e-03
-5.8901922088e-03
-6.1958862538e-03
3.0149327580e-02
-8.2962022025e-03
6.4169431664e-02
5.8646804224e-02
3.8237824315e-02
-1.3658650750e-02
-2.6955616325e-02
-2.2106501015e-02
-1.2830250828e-02
6.0649928351e-04
-5.5658859584e-03
-1.0355218951e-02
5.9164995967e-02
9.5939149503e-03
-2.1226006518e-02
-1.6393873805e-02
5.1353187077e-02
2.0421560295e-03
3.5408604768e-03
-5.0993622600e-03
-1.1313185728e-02
-1.4263159633e-02
4.3550369497e-02
-2.0498457358e-02
-1.1664416299e-02
-6.9124452623e-03
1.1787109580e-03
8.2555793599e-03
-4.1361301266e-03
3.2612780964e-02
-8.6819235756e-03
2.4752028680e-02
4.0302831210e-03
-3.6280244695e-03
-3.5918221803e-03
5.1384635277e-04
2.8915804351e-02
4.0166985241e-03
4.7798159576e-02
-1.7427888147e-02
1.1501019577e-02
1.2750975707e-03
1.5003181031e-03
-3.5307118322e-03
-2.2846722782e-02
-2.4034594684e-03
1.2415629296e-02
-1.1620716472e-02
-1.0523628707e-02
-3.4772696472e-03
-5.6876517692e-03
-8.7111709202e-03
2.6452163166e-02
-7.8135371056e-03
-9.3851285724e-03
-1.8204921964e-02
7.4640871588e-03
2.3988034755e-02
-8.2223310495e-03
-3.7362103519e-03
-5.7250960720e-03
5.8673144452e-02
-1.1448555457e-02
3.4708825255e-02
-3.1885163527e-03
5.6930048798e-03
-1.9665131354e-02
2.3363380112e-02
-7.8864722040e-03
-4.7350853021e-05
-3.5737882030e-03
1.5250302307e-02
5.6232149997e-03
-2.5352101698e-03
1.4362327089e-02
-9.8956715157e-04
-1.3938862276e-02
1.7265710337e-02
1.2591566121e-02
1.2247704748e-02
4.9591009009e-02
-1.1265524712e-02
2.2164561762e-02
1.3730810211e-02
-2.1883960886e-02
-4.0522305999e-03
-2.6296994038e-02
6.5997967791e-03
-1.8007248753e-02
3.5861585990e-02
-2.3909041064e-02
-5.4878573833e-03
-3.4392996469e-03
-2.3417193845e-02
2.1537325826e-02
2.3135387820e-02
-6.9030083945e-03
3.9218207569e-03
8.0004913773e-03
3.1674296009e-02
1.2862974645e-02
1.8537103251e-03
-1.1256125942e-02
1.2319911441e-02
5.3893893414e-02
1.6351214392e-02
-6.7879404418e-03
-9.6794878634e-03
1.2301507652e-02
-1.4833851744e-02
3.3767353479e-02
7.4497071499e-03
-1.2682547450e-02
1.2803075420e-02
-2.2409848783e-02
-4.7787238361e-03
-1.0323500054e-02
-1.4107344507e-02
-1.3041149924e-02
-8.1049449161e-03
-1.1151742831e-02
2.9378629510e-02
-3.2547720689e-02
-8.2909404462e-03
1.8084143174e-02
-1.1452856295e-02
1.2140405334e-02
8.8104788851e-03
-1.7186526293e-02
6.3227539942e-03
3.4208400687e-02
3.0517825208e-02
-1.8614833780e-02
5.5048375681e-03
4.4521143581e-02
-1.8204184903e-02
9.4167344385e-03
1.9619755776e-02
-5.1507335067e-03
5.8261188229e-03
3.9432512795e-02
1.0756922969e-03
4.3117022241e-02
4.5889547847e-03
-1.1726921436e-02
8.9892967158e-04
6.9760602480e-03
-1.2712790333e-02
-1.6555729522e-02
7.9466128815e-03
-5.1069883042e-03
5.1421374499e-03
-2.7151365226e-03
1.8241203370e-02
2.0823731632e-02
6.3191604437e-03
-3.9877135296e-03
-1.1544734248e-02
1.6439873092e-02
-9.2978995961e-03
3.0748215486e-02
-1.9283285781e-02
1.7895385996e-02
-1.2144239139e-02
-2.4960626570e-02
3.2989801719e-02
-3.3023245881e-03
1.7089566273e-02
5.7671929480e-03
1.0383972156e-03
-1.5071971891e-02
8.0729195777e-03
-6.3521456539e-03
-1.6927695372e-03
1.2206203417e-02
1.7265268230e-02
-1.7878139278e-02
7.3243422330e-03
-6.8143563218e-03
-1.4724945260e-02
-2.0342323278e-02
-7.9217632572e-03
1.0048599849e-04
-1.4518285395e-02
-8.6448282894e-03
-8.9941176689e-04
-7.9691991897e-03
-1.0756095016e-02
3.3129326460e-03
1.7165009940e-02
-1.8143784449e-02
2.3598245319e-02
-1.6394141686e-02
-3.3677233051e-03
-5.6142212021e-03
2.9665003074e-02
1.0111720215e-02
5.3846631112e-03
-2.8870492606e-02
-1.6148436588e-03
-6.6464988948e-03
-6.6159983414e-03
-2.0589722780e-02
1.5247132648e-04
-1.0834722572e-02
-1.7240595699e-02
6.9537445495e-02
3.1240368845e-03
-2.0963998177e-02
8.6674805694e-04
3.4605966894e-05
5.1972161616e-02
-7.6975545507e-03
1.6484926773e-02
-6.9685385183e-03
-1.7812478875e-02
1.5313255972e-02
-1.2949379474e-02
1.3907600619e-02
-1.4744170539e-02
-9.6243966008e-03
-1.4341214040e-02
2.1484737239e-02
-1.5040592222e-05
5.0296681203e-02
1.2892719177e-02
5.3898550272e-03
1.2678039470e-02
4.9948088690e-03
1.6034955097e-02
2.5688781078e-03
-1.1830422110e-02
4.4711497163e-02
3.1140082097e-02
-1.2703378367e-03
9.3484807711e-03
2.9280705522e-02
-9.7646953340e-03
-7.1541787121e-03
1.6071878501e-02
-9.2863220842e-04
4.5468908107e-02
-4.6857145925e-03
-2.6817230134e-02
2.3927556786e-02
8.2422495163e-03
-2.1128849554e-02
1.7436996928e-02
2.8781947860e-02
-9.6300833212e-03
6.7255584334e-03
-7.9379373278e-03
3.9095945862e-02
-1.8518174615e-02
-1.4604199265e-02
2.1039004950e-02
-1.2809195626e-02
1.6809978719e-02
4.6209593959e-03
-6.9144632272e-03
2.1854651040e-02
-1.6297140185e-02
-1.0321627980e-02
-1.4258922978e-02
3.4396912773e-02
-1.2623422034e-02
-1.8646191936e-02
2.7673485930e-02
-2.6440347395e-02
-6.4273963805e-03
-1.7575375530e-03
2.6726402565e-02
-1.6120558434e-02
1.1590824040e-02
-2.3034928966e-02
-9.1144254685e-03
5.3802172908e-02
-2.0495742066e-02
-7.7197872335e-03
-4.7585123632e-03
-2.4755495827e-02
2.6612821465e-02
-5.5931590219e-03
1.9458088589e-02
1.6997100823e-02
-4.0739982700e-03
4.8874938616e-02
-1.3235970960e-02
-3.8270388027e-03
-1.6253498217e-02
2.4949452128e-02
-1.6922414379e-02
-1.1248532233e-02
-1.2386756162e-02
-3.4033823013e-03
-4.5414722399e-03
1.3681004211e-03
-4.9525486123e-03
-4.0359152796e-03
-2.0518734721e-02
5.6633311805e-02
7.6103417087e-03
6.5792161747e-04
2.5081706674e-02
-1.3005930669e-02
-1.9013849753e-02
5.4719866964e-03
3.1980689183e-02
4.8402243365e-02
-4.4766822648e-03
-5.2163406032e-03
-2.0920275233e-02
2.4703104503e-03
-8.3158426138e-03
-1.5070878250e-02
-2.2122081573e-02
-1.8605557836e-02
1.4885981433e-02
1.8502668176e-02
-1.3114291786e-02
-2.5222613076e-02
7.7617650023e-03
-1.6556066830e-02
-9.4558630275e-03
-6.6234973855e-04
-2.1585862312e-03
-1.3208024858e-02
5.2015116856e-02
2.3895277351e-02
5.2315258378e-03
-1.8492362345e-03
-7.4684662958e-03
1.4742015982e-02
1.2578843818e-02
-2.3551411177e-02
-6.5350899852e-03
6.6047329173e-03
1.2983335009e-02
3.7579164342e-02
-2.0131543662e-02
1.0447129491e-02
3.0278059315e-02
3.2053646966e-02
-1.4287667820e-02
-1.2464239860e-02
1.3511380892e-02
1.2926624390e-02
-2.0898633627e-02
8.2432837562e-05
-1.5969420986e-02
8.9447651681e-03
-1.8601446718e-04
-3.0125621201e-03
1.3098383826e-02
4.8745727083e-02
-1.0896520785e-03
7.3564118198e-03
-2.8099414729e-03
-1.7577103854e-02
-1.9145611276e-02
5.8878445065e-05
-1.6339772403e-02
2.8211184757e-02
7.4466554311e-03
-2.6792762925e-03
-2.0839033299e-02
3.6730334985e-02
3.8727300838e-02
-7.6021887949e-04
7.7023659483e-03
5.0275781535e-03
-2.3138875976e-03
2.2399701555e-02
5.8315240119e-03
-1.2972800183e-02
2.5353980428e-03
-1.6491353011e-02
-1.5855634401e-02
-8.3293988608e-03
-1.3784434806e-02
-4.7918413088e-03
-4.7886107986e-03
8.7457609594e-03
-5.5048069895e-03
2.3944203165e-02
2.4973402618e-02
-3.0061411798e-02
1.3242651954e-02
2.7053274800e-03
-1.9456776476e-02
2.8107166382e-02
-4.4106063161e-03
2.5854957157e-02
-1.2995701579e-02
-2.0766632845e-02
-2.7985486541e-03
2.4716529185e-02
-2.6800114647e-02
1.1336812743e-02
-1.7110013515e-02
-5.2357458692e-03
-1.3980840664e-02
-5.2992082010e-03
-1.7348252406e-02
-1.6500642662e-02
-1.8464695750e-03
-1.1459279037e-02
-8.9629393913e-03
-1.2881573590e-02
1.9562851118e-03
1.4029144566e-03
-1.0388006879e-02
1.2937042630e-02
-5.8095599976e-03
-2.2494419499e-02
2.7493008858e-02
1.0147270480e-02
-2.3018273198e-02
9.0693812532e-03
-1.7760053495e-02
1.2371717275e-02
4.7466541376e-02
-6.3083660395e-03
-1.3171734816e-02
-6.2249635431e-03
4.3797211445e-04
6.5705615425e-03
-9.7983592408e-03
3.8334114657e-02
-7.3875626193e-03
-2.8184133842e-02
1.8318388911e-02
-7.6275880087e-04
-5.5829002410e-03
2.0241423672e-02
-2.1265599486e-03
-9.8290168057e-03
-1.7572148327e-02
-1.3228714364e-02
3.5639256875e-02
-2.8717942524e-02
6.9269011291e-03
-6.5291843782e-03
3.8579214417e-02
-5.6785048129e-03
-2.2530740709e-02
-1.9331037324e-02
5.5382403705e-03
2.6676801669e-03
-1.2822629464e-02
-6.9199964692e-03
3.0806454743e-02
-3.8318846714e-03
-5.1279332178e-03
-2.1219280221e-02
-1.1673123667e-02
2.7964447682e-02
-8.5021736194e-04
-1.0299188749e-02
2.1205525855e-02
1.0385453267e-02
-4.1936716262e-03
-4.8615100464e-03
-1.4928834078e-02
3.8041510157e-03
9.8495394413e-03
-4.9609488493e-03
-8.9754297609e-03
9.8289286221e-03
7.4657786768e-03
-2.6723576352e-03
1.3861232227e-02
-4.3763513070e-03
-1.2916881968e-02
8.3985212961e-03
-2.7493748108e-03
-8.8747011506e-03
1.8403189002e-02
-1.7352772207e-02
-2.0122427089e-03
3.3344082530e-02
1.0580774326e-03
8.3535989143e-04
1.1120724877e-02
3.0022841578e-02
-5.8979144098e-03
5.0228044914e-03
-1.6535536884e-02
-3.2546692728e-03
-4.6387901554e-03
2.7997082007e-03
4.6144410470e-03
9.0781565577e-04
-1.8437727698e-02
9.4750049906e-03
4.4007060180e-03
-1.7315431500e-02
1.2114180710e-02
4.8928538951e-02
-5.8607831370e-03
2.1287221997e-03
1.8740305269e-02
-1.1903818526e-02
-1.2505408385e-02
-1.2739658433e-02
-3.4295225534e-03
4.6580643405e-02
1.1812770714e-03
-8.7685467751e-04
3.1730087499e-02
9.5013327499e-03
3.3735898385e-04
2.2436275195e-02
-1.2190177533e-03
-6.2740619368e-03
-1.3506875559e-02
-1.3337538692e-02
2.1830124120e-02
1.9608381946e-02
-2.3950506236e-02
3.1685994994e-03
-1.6100269588e-02
1.2910237668e-02
2.8956418114e-02
-2.2993092299e-02
-6.3498914048e-03
-8.5590316664e-03
-1.3037385473e-03
-1.6485615243e-02
-1.9820676099e-02
-1.7523840457e-02
-1.2279538710e-02
-4.5872471708e-03
2.1611841234e-02
-3.8532414765e-03
2.8670091301e-02
6.4760229746e-03
-1.5097196758e-02
-1.1160941144e-03
-1.2705056176e-02
2.9961644379e-02
-5.3188238105e-03
-2.8252373528e-04
-1.1937928324e-02
-1.5298897643e-02
1.0111808187e-02
-4.3706955798e-03
-1.8892831498e-02
-1.2869673494e-02
-1.0979597788e-02
-1.3862509659e-02
4.9641489197e-03
-2.4532550973e-02
8.2768858920e-04
-3.5957795316e-03
-1.9814799231e-02
8.4856171962e-03
-1.0837111679e-02
-3.0107659646e-02
3.2054149216e-03
-2.1747703150e-02
-6.6473697487e-03
-1.8508890766e-02
1.1469931618e-03
7.4290424844e-03
1.2512817990e-03
5.2239369577e-03
-6.6592683773e-04
-8.3581371483e-03
-2.9591516658e-03
5.2452388695e-03
-2.3857946224e-02
9.8588270423e-03
4.5995501977e-02
3.4444105561e-03
6.7299805138e-02
-1.5832866299e-02
-2.0967819730e-02
1.0041299977e-02
-4.4214847976e-03
-8.0260330499e-03
-1.2791883955e-02
1.7430750380e-02
-1.4873507099e-02
1.1119649048e-03
2.1116537894e-02
2.2277867941e-02
5.1480202598e-02
-8.2835858642e-03
2.2339694846e-04
-1.3830827801e-02
-2.0744731344e-02
-1.9910937826e-02
-2.9627925769e-03
1.4685125237e-02
-1.0141813693e-02
7.8043096403e-02
-1.0544590404e-02
-1.8818616947e-02
2.6518806309e-02
-7.7849051198e-03
3.7653700370e-02
-1.5392599743e-02
2.3438569660e-03
8.9078572572e-03
1.2738034536e-02
-1.0298439024e-02
5.1435382371e-02
-2.3461994220e-04
-1.8326123718e-02
-2.1020348102e-02
3.2447390797e-02
-1.1192001923e-02
-1.7260946459e-02
-7.8813934895e-03
-3.4558687541e-03
2.3768028068e-02
4.1033082219e-02
-1.7632555528e-02
5.8349405262e-02
1.0848719489e-02
-9.3325866811e-03
1.5627315696e-02
-2.4107129417e-03
2.3058645027e-02
-5.3956740482e-03
-6.3541199702e-03
-1.3656364003e-02
2.4273253492e-02
-1.4237628739e-02
2.7107468554e-02
-1.9765403075e-02
3.2395334815e-02
-8.4076053968e-03
1.3163002089e-02
1.0438009815e-02
7.3790199228e-03
-9.3167416895e-03
5.3692891001e-02
-2.2144143286e-03
-5.0096088391e-03
1.8952825410e-03
3.5008919872e-02
-6.7244975536e-03
1.4873698212e-02
3.1698419940e-02
1.7010693610e-02
-1.4932274761e-02
1.8235772862e-02
-1.3669687353e-02
-1.3260773099e-02
-1.8839263323e-02
-2.8504415765e-02
8.3242523787e-03
-1.5447987618e-02
7.3340958206e-03
2.5357540762e-03
-9.2779676585e-03
3.0940527013e-02
5.7482687103e-02
2.0003004339e-02
-1.3833148676e-02
-7.3038114598e-03
-2.5329163466e-02
4.8157156943e-03
1.0767422113e-02
1.5666928968e-02
-6.5722018997e-03
-1.7156861628e-02
8.0400466475e-03
1.8886022430e-02
-5.4049730228e-03
-2.9654459978e-02
-1.4475250660e-02
-4.8134021975e-03
-1.7007625111e-02
-1.8601476685e-03
-1.3919735758e-02
4.7654440825e-03
3.6816908429e-02
-9.4594060752e-03
2.8060545026e-02
3.0617059515e-02
1.9573919870e-03
-8.4107867706e-03
9.5999465545e-03
7.6760419322e-03
-8.5756760010e-04
1.0327957167e-02
-1.1186941075e-02
8.8623069007e-02
3.3100969499e-03
-1.7390737132e-02
2.2679152904e-02
-2.6812969585e-02
7.8815026532e-03
-5.1998114440e-03
4.0028777000e-03
-1.0396794609e-02
-2.2263787534e-02
1.6646725747e-02
9.2436450246e-04
-1.6582372324e-02
2.8887149274e-02
2.2567746476e-02
-1.1454312008e-02
6.0651915051e-03
-2.5282455847e-02
-2.7138170595e-03
7.8198899720e-03
7.4140675386e-02
1.3296343442e-03
2.1026292083e-03
5.6129106911e-03
-1.5514655979e-02
-1.0417474251e-02
-5.4840304035e-03
-1.6158347267e-02
1.2431396618e-02
9.3709223520e-03
-2.2756958307e-02
2.8190515410e-02
-1.7494416564e-02
1.0560280953e-03
-1.5462493406e-02
-2.1411552527e-02
1.1769922513e-02
1.6686253808e-02
-1.1844744126e-02
-5.8621682273e-04
-1.5168017313e-02
3.7184445094e-02
-3.5342273166e-03
1.8803361872e-03
1.1158150910e-03
3.8501960683e-03
2.8019702713e-03
1.1421390944e-02
1.2161945741e-02
5.7384784613e-03
8.8181458886e-03
-5.5079634918e-03
-1.1825631801e-02
5.7037870562e-04
4.7649766104e-03
-1.2474490534e-02
4.7525921092e-02
-4.5499042478e-03
2.5853330380e-02
1.5168899801e-02
-1.4119931289e-02
-2.5081508683e-03
3.7257224388e-02
-4.1633982779e-03
6.7205434424e-03
1.7141004428e-02
5.4615497357e-03
1.2711499876e-04
9.6387026819e-03
3.2538589277e-02
-2.6674280947e-02
-1.8211811527e-02
4.0573937278e-03
-3.3764351728e-04
-1.7955121700e-03
1.7490371143e-02
3.4148531853e-03
5.8864092772e-02
6.4698481680e-03
-2.6731271693e-02
9.7697930892e-03
6.6718060089e-02
-1.3209914562e-02
1.4201936726e-02
-5.3077301734e-03
-1.8873578796e-02
-1.8450046795e-03
-2.5006366118e-03
-2.0781109699e-03
4.2989121372e-02
-1.7352171269e-02
-6.5316987736e-03
1.7474900324e-02
8.3947888134e-03
2.7325395055e-02
9.9428630497e-03
3.6295176599e-03
4.7804684246e-02
1.8738324386e-03
-1.5881558696e-02
8.6294243915e-04
-8.9452878230e-03
3.1978068116e-03
-3.5827902369e-03
6.5245707417e-02
-2.6389041738e-03
-1.1729636280e-02
5.7872499100e-04
3.9914833073e-03
-1.0623787818e-03
-8.2753981283e-03
-1.4738116038e-03
5.9964326509e-02
-6.1698594860e-03
-1.8118223821e-02
-5.7334040893e-03
-1.2644011523e-02
-2.0459985496e-02
-1.2088615599e-02
5.1477760094e-03
-2.7071745942e-03
1.9648782107e-02
-1.3413608613e-02
7.5228310922e-02
2.0868038661e-06
2.5404516536e-02
-3.3700338440e-04
-1.0736212603e-02
-1.8624455434e-03
8.7608533057e-03
1.9452645572e-02
-7.1896440815e-03
-7.9335982207e-03
-1.7990622687e-02
2.6459699942e-03
-6.0435479004e-03
-1.6012306581e-02
-8.4288184399e-03
2.1805005957e-02
-4.9421812369e-03
2.4457752339e-02
-1.3838304173e-02
-8.3929376765e-03
-2.0993340567e-03
-1.0315358926e-02
7.8628436900e-03
-2.1075744149e-02
1.6755971672e-02
-5.2488773140e-03
-3.6649732362e-03
-2.0842557156e-02
-2.5486284393e-02
-1.0172397417e-02
9.5817120068e-03
3.1790674523e-03
1.0606529147e-02
-1.5046381115e-03
-6.0137090220e-04
1.0429728073e-02
1.2071656411e-02
-4.8595462614e-03
-5.9333000757e-04
4.5477496819e-03
-8.7531492433e-03
-1.2442945481e-02
-7.5033127993e-03
1.2724273910e-02
-1.7763454483e-03
-1.0080784754e-02
-2.3398478656e-03
-1.7385757392e-02
-8.0096502889e-03
6.4742198376e-03
3.6937199429e-02
5.5861029855e-02
2.2765860311e-02
-1.6568839941e-03
-1.3689708072e-02
-8.8056440167e-03
-2.8445500768e-03
-1.0326346064e-02
4.6272129739e-03
6.3358929981e-03
9.8728939056e-03
-7.7272416859e-03
-1.2378087827e-03
-3.0736709650e-03
-2.0071464408e-02
-2.1338483152e-02
-6.8765708135e-03
-1.6019810042e-03
-2.4057454159e-02
4.5674904409e-02
2.4484228119e-02
1.6300673859e-02
-3.8049775398e-03
-9.6214903826e-03
7.8621822970e-03
-4.9794851092e-03
6.5044245748e-04
1.1261477758e-02
1.0137625114e-02
7.6774733032e-03
-1.7702719473e-03
-1.2286346191e-02
2.2008972874e-03
2.3426914236e-02
-2.2307863147e-02
-1.8631381470e-02
-1.2057451288e-02
-1.2944209735e-02
2.7029798592e-02
1.2896539434e-02
2.5905463839e-02
7.1321732876e-03
2.5372324510e-03
1.2887179705e-02
3.4117243495e-02
2.0298949551e-02
-5.4501813721e-04
-1.4754858292e-02
-7.7806160629e-03
-8.6198053425e-03
4.1206781522e-03
-2.2718416453e-02
2.8505584594e-02
2.6560648672e-03
-8.3637833777e-03
1.3630357343e-02
1.6184227585e-02
1.8174400667e-02
-1.3603032662e-04
3.4027538078e-03
3.2476548563e-02
1.8919824718e-02
-7.6265036615e-03
7.1610572769e-03
1.5956657235e-02
-1.8118921753e-02
9.2380380436e-03
2.4510089902e-02
4.3036505464e-02
8.4194365619e-03
7.9303491601e-03
-3.5796143824e-03
2.7931168108e-02
-1.1415404291e-04
-1.7888789343e-03
1.5407364237e-02
-2.6278390434e-02
5.7614376908e-03
2.8868719423e-02
-2.8183278031e-03
-2.7549480322e-03
-1.8923963235e-02
-1.0205021879e-02
1.7406742460e-02
-1.0039562583e-02
-7.8041163189e-03
-5.5018027501e-03
-1.8044316010e-02
-2.1797886689e-02
8.3260222760e-04
5.2774206142e-03
1.3420394316e-02
-1.1844527119e-02
-2.0428579321e-02
-1.1652195946e-02
-2.0582510299e-02
-3.4054196472e-03
-1.8491763931e-03
2.3404851339e-02
-6.0486175027e-03
-2.1112236576e-02
2.6646758517e-02
-7.6478649747e-03
-1.9494848931e-03
-5.6567546629e-03
-2.5642457487e-02
-6.8993825542e-04
8.5463519889e-03
-1.9235392684e-02
8.7236076567e-03
8.5807843831e-03
-2.1405034234e-02
1.4705440772e-02
-2.0878921646e-02
7.4560596471e-03
5.2742746959e-02
-2.3244715613e-02
8.2946800031e-03
-1.9101515870e-02
6.5905980620e-03
-5.7116302532e-03
-1.9135425648e-02
-1.2662461887e-02
-1.8599639075e-03
-6.1410544696e-03
-1.2378210518e-02
1.6592682708e-02
6.2004547269e-02
2.1852196702e-02
1.7257704778e-02
2.8961202048e-04
-1.4762752120e-02
6.6776915854e-05
1.3788041403e-02
-6.1533613874e-03
8.9066024176e-04
1.2349698789e-02
-5.9736113913e-03
2.1012099118e-02
-1.5769550340e-02
-5.0586706164e-03
-1.5822215105e-02
-1.6056985626e-02
1.0208518873e-02
7.6996986010e-03
3.0658206507e-02
1.0660402887e-02
1.4953815124e-02
-4.0103475287e-03
9.4553070319e-03
-1.3935637455e-02
1.0586487041e-02
1.3103100280e-02
-1.5486105291e-02
-1.1811866709e-02
-5.1238915220e-03
-1.0710616100e-02
2.0728153505e-02
2.7364915000e-02
-1.4561786640e-02
-1.7094202790e-02
2.1644526249e-02
4.1904742588e-02
1.1487797781e-02
-1.7694029546e-02
-1.3043531599e-02
-1.7141802465e-02
3.7541573137e-02
2.5475448333e-02
2.8184637159e-02
-2.0041465208e-02
-1.3210827652e-02
-1.3273730321e-02
2.0206963041e-02
7.9067551704e-03
-1.3103572351e-02
-1.6753589821e-02
5.1771699273e-03
5.9987002592e-02
3.0864854032e-03
-2.1209620887e-02
1.5904417113e-02
1.2349328438e-02
-1.8075929196e-02
-3.9037792348e-03
6.1638879014e-03
-1.1863633341e-02
-8.4265388858e-03
-3.1538693538e-02
-5.9927638813e-03
-1.6816084367e-02
2.0470078438e-03
-1.3485136754e-03
1.6009638117e-02
1.1837301273e-02
-1.1155762288e-02
7.1264606206e-04
-3.2811331550e-03
1.2951035185e-02
-1.4507463440e-02
-1.2833983215e-03
3.6606747820e-03
2.9377272247e-04
-1.6451914857e-02
4.8746558676e-03
1.3908575527e-02
4.5394304175e-02
-2.2567687361e-03
-4.0746381966e-03
1.2691903502e-02
4.7519856332e-03
-1.0865857558e-02
1.0354739351e-02
-6.0178507747e-03
-1.7201162947e-03
7.4996858642e-03
-2.4153452118e-02
7.6182216959e-03
6.2198200661e-02
-6.5305909956e-03
-1.4406769140e-02
4.6106330612e-04
8.5381358417e-02
-8.7821918600e-03
-1.5006848043e-02
-9.7719672396e-03
1.1640970662e-02
-6.0396245875e-04
2.1898089114e-03
1.5579755964e-02
-4.0153411154e-03
-2.1853382058e-02
-2.9038809843e-02
-2.2489026675e-02
-8.6023813546e-03
-1.9243652417e-02
2.3356079165e-02
3.4026052139e-02
2.9270651314e-02
7.7408835077e-03
2.3963443083e-02
-3.5953298602e-04
-1.0027854416e-02
-7.9045586104e-03
-2.7483547278e-02
1.5691805914e-02
1.4163692225e-04
-2.1018828998e-03
-1.3779067158e-02
-8.6385580828e-03
3.7714596487e-02
-1.3128086601e-02
-1.5957228136e-02
-9.9432417851e-03
-4.7965482535e-03
-1.6263918918e-02
1.4816983520e-02
2.3515431111e-03
2.3419290469e-02
-6.7305864305e-03
4.4007889066e-04
5.3059692503e-03
1.3979944557e-02
-2.6169536573e-03
-9.2752502363e-04
1.4786710449e-02
4.4902923294e-02
1.3731286158e-02
1.6912668130e-02
-2.0854440169e-02
-1.7295034734e-02
-2.3596080833e-02
4.7355049315e-02
4.8035234229e-03
1.1817964521e-02
-1.7173584978e-02
5.2014228534e-03
2.3622406281e-02
2.2468054382e-02
1.1720496579e-02
1.0655196705e-02
-2.7380773523e-02
-6.7696636264e-03
5.0568967879e-03
5.0837673780e-03
-1.2357600949e-02
3.5818168942e-02
5.2940169441e-02
-1.2119355382e-02
-2.6185833917e-02
3.7723674268e-02
-3.5953485579e-03
2.4399346777e-02
-1.5431506657e-02
-1.0177178688e-02
-1.0341075271e-02
2.6138775426e-03
2.7386722065e-02
3.5580913003e-02
3.1804710221e-02
1.8556693787e-03
4.5672745562e-02
1.7300942533e-02
-1.6639325760e-02
9.0048675536e-03
-1.0285739478e-03
8.6129431085e-03
2.0641148681e-03
4.2724862624e-03
-3.9199189832e-04
-1.3285138171e-04
-1.0634178070e-02
1.6064528439e-02
2.0684479265e-02
7.4938193590e-03
1.8536585525e-03
-8.6263096656e-03
-1.7786903037e-02
-2.9984575574e-02
1.2856906448e-02
3.3397235894e-02
6.4672577820e-03
-1.8195913720e-02
-1.4494061235e-02
4.3834219904e-03
-1.9024039591e-02
-1.6971016904e-02
5.8829395348e-03
-1.5721902079e-02
1.5989794119e-03
4.7431446000e-03
-1.1737238499e-02
2.2862214609e-02
5.6653296467e-03
2.2769413292e-02
-9.4340214214e-03
-3.3468115461e-02
-1.3488392471e-02
-1.3199845136e-02
-1.1853984892e-02
-2.2904527349e-02
-3.7863585200e-03
-7.3040206019e-04
7.4994335167e-03
-1.1166859437e-02
-1.4652930686e-02
7.4284247739e-03
-4.7774140011e-03
-2.1873624718e-03
-1.5508698404e-02
2.1562577653e-03
1.6928453414e-03
-8.1146074855e-03
3.0966552759e-05
1.1193736878e-02
-1.2891585998e-02
3.5241748967e-03
7.1070396109e-03
-8.9496864712e-03
-1.9507205829e-02
9.7030849751e-03
1.3692966049e-02
-1.0030742279e-02
-6.2295948106e-03
-1.7417625292e-02
-1.3010354359e-02
-1.9549892911e-02
-4.2506795612e-03
7.5098444208e-03
-1.3217047065e-02
4.0672641510e-03
8.0423134193e-04
-2.4903958494e-03
-1.3548867609e-02
1.0060234483e-02
-8.0232516144e-03
-1.5247499880e-02
3.0863532181e-02
1.8116577169e-02
-2.1447546801e-02
3.5153073705e-03
-1.4917127374e-02
3.2139106591e-02
-1.2987511037e-02
1.6894245630e-02
2.5066259963e-03
1.8279682638e-02
-1.4402943420e-02
-1.9056133042e-02
2.4664371534e-02
5.3217321361e-03
3.3477066410e-02
1.1128065841e-02
-5.9905599702e-03
-2.0667282075e-02
-1.4572597379e-02
-4.3440577718e-03
-1.6986584491e-02
2.5739439563e-02
-1.3713138449e-02
-9.3597392730e-03
-1.4812343092e-03
-2.0661424551e-02
-6.7302351741e-03
-1.1258976226e-02
-1.2509162520e-02
-1.6403357501e-02
4.9422733856e-02
4.1997879860e-03
2.1849651319e-02
-1.1692931845e-02
-7.9594339251e-03
-9.5395035248e-03
-1.0300869585e-02
-1.6142268213e-02
4.0931145994e-03
-2.3063092405e-02
1.2500485394e-02
3.3366996089e-02
3.8591792154e-02
1.5423957214e-03
1.1621024266e-02
-1.6272263494e-02
2.4363993498e-02
3.4606610127e-02
3.0495372311e-02
8.4690112705e-02
-6.0855763937e-03
8.5720934231e-03
6.7135016839e-02
-1.6264872816e-02
-1.5598637764e-02
-6.0169945533e-03
-3.1635953625e-02
2.1063416448e-02
-1.5211362105e-02
-1.0597674760e-02
4.0129711908e-02
9.6887914367e-04
-6.2271878097e-03
8.3697198554e-03
-1.4945989757e-02
-4.5903974434e-03
-2.7668002764e-03
-1.3873801066e-02
-4.2951092729e-03
-1.6632964350e-02
-1.9203087782e-02
1.7952028346e-02
-7.0020536081e-03
2.9918137687e-02
2.1086140372e-03
-2.5718769945e-03
-5.2368700156e-03
-2.0568677592e-02
2.5843880822e-03
1.2222191000e-02
-1.5654279141e-02
-1.8668158546e-02
1.9922485066e-02
-8.5633540328e-03
2.8309572859e-02
1.3986106648e-02
2.2531853057e-02
-2.2703347222e-02
-1.4909488039e-02
1.5089406611e-02
-1.3536678678e-03
3.1281951795e-02
7.2779020017e-02
3.6571445336e-02
-3.3205718255e-04
-7.3500027916e-03
-6.2627112027e-03
4.9214275338e-03
-6.7860425368e-04
9.9091381245e-03
1.5277408203e-02
4.3404907112e-02
2.6489551398e-02
1.1564438434e-02
-1.4953798294e-02
2.2202443286e-02
-1.3294528192e-02
-8.4617166870e-03
-1.5848984399e-02
-1.0347477220e-02
4.0008151463e-03
-1.1271760899e-02
-1.7710506955e-02
9.5571923730e-03
6.0427236469e-03
-2.7653952407e-03
2.5871175942e-02
-2.2485669399e-02
3.2097143283e-03
-4.9995297748e-03
-1.7308047545e-02
-2.9539005077e-02
1.0539112868e-02
9.7791006065e-03
-3.8242470267e-03
1.8039726610e-02
4.4923749783e-03
-9.8790511680e-03
-8.9377148012e-03
-8.8838254275e-04
-4.2215602031e-03
1.1328869846e-03
2.2126517093e-02
-2.3451426978e-02
-1.5172856413e-02
-1.4120602741e-03
-1.5728398023e-02
1.8745362124e-02
-1.3075319653e-02
-8.9314718299e-03
-1.4320850803e-02
3.7077281195e-02
-1.3903258561e-02
1.6689509759e-02
4.2710262569e-02
-7.4343350433e-04
3.8286514225e-03
2.0437069231e-02
-4.9460948084e-03
5.4817580170e-03
6.2254103822e-03
-8.8859292406e-03
7.4395118784e-03
-1.3384984150e-02
3.1575365901e-03
1.8082573315e-02
1.0386396102e-02
-1.2890828788e-02
1.1782918017e-03
-1.3572472235e-02
-5.0863114456e-03
1.2532930837e-02
-3.2227068900e-03
-1.2263140738e-02
-9.5015144947e-03
8.7492287417e-03
-4.6533448591e-03
1.1240897693e-02
-1.1259026234e-02
-1.6815186491e-02
-2.1485644448e-02
7.9433806302e-03
1.4725248146e-02
-4.7358542622e-03
-1.2890016645e-02
-4.2813535587e-04
9.9808688857e-03
4.1502767617e-02
-1.3245741233e-02
1.4675491981e-02
7.5944582393e-03
2.8254633576e-03
-1.6971904222e-02
-1.4721099005e-04
3.1961435451e-02
-6.8425863495e-03
-7.0134249009e-03
5.4769947125e-02
-2.5146655890e-02
3.9837711952e-02
1.4664647761e-02
-1.7907269565e-02
-7.2005073537e-03
1.3326381343e-02
3.3461697720e-03
8.6996723164e-03
-1.4257137875e-02
5.7887403606e-02
-1.5657714258e-02
-2.9171063750e-03
-2.1114864017e-03
-4.3024497433e-03
9.4483886810e-04
-2.6466095466e-02
-1.8102756372e-03
2.2837191185e-02
-1.4871997950e-02
-1.1663194525e-02
-1.8105138340e-02
1.8075555986e-02
-1.3206820543e-02
-1.6483291937e-02
-2.6845290674e-03
-2.7259686526e-02
-1.4910796427e-02
-6.7952651002e-03
6.6169717613e-03
2.1650514554e-03
-2.1596585126e-02
1.7149172173e-02
-1.5310134250e-02
1.9719150175e-02
1.2175849372e-03
1.5942666146e-02
-2.4948091535e-02
-8.2567784703e-03
-5.3382019890e-03
-8.0353239117e-03
9.1412711456e-04
-1.7906035644e-02
-1.1462478973e-02
1.4947344910e-02
-2.2051954754e-02
4.9520193224e-03
-2.0501446257e-02
-4.6973676198e-03
7.3446816660e-03
-1.7407300205e-02
-1.0390812217e-02
-1.6640338798e-02
8.8413581834e-03
-1.8172187086e-02
1.6754572824e-02
-1.5974231016e-02
-1.1105146177e-02
-8.1941855402e-03
3.5613666764e-02
-2.5138990298e-02
-2.1041804866e-02
3.1232622843e-03
-2.0800418955e-02
2.5368898441e-02
-2.3140025749e-02
4.2109868211e-02
-2.0785193945e-03
7.7643491342e-04
4.0989304460e-03
5.6221383532e-03
-1.0883146140e-03
-1.0220960836e-02
-1.2597299489e-02
-3.1123583360e-03
-8.7378030907e-03
-5.3458338328e-03
-8.1741831864e-03
5.1579182662e-03
-1.4049049507e-02
-7.5923952521e-03
1.9250975041e-02
1.6661702321e-03
-9.1583043185e-04
-9.3488161708e-03
1.4623735750e-03
1.0574382763e-02
-1.2499814686e-02
2.7505389654e-02
-1.0928185905e-02
-3.9260291948e-03
-1.9225455440e-02
7.9893407969e-02
-8.0812631708e-03
-4.9288707804e-03
-4.5234126819e-04
8.1062812654e-03
1.8501589224e-02
-1.3268657096e-02
-1.6793050686e-02
1.3066795359e-02
8.2408320385e-03
-1.6637461470e-02
1.2534714780e-02
-8.5159929531e-03
-1.9416910738e-02
-1.2035885989e-02
-1.7280296426e-02
1.8621204678e-02
1.7793020829e-02
4.7621543968e-03
-1.8610892412e-02
-1.1144000548e-03
1.0967758687e-02
3.6579418100e-03
-1.9602949338e-02
-1.8866885797e-02
-1.3599460164e-02
1.3475114608e-02
-8.4970210923e-03
-4.5675686861e-03
1.3829638556e-02
-1.1869659232e-02
2.4268949471e-02
-1.9616590675e-02
1.9995509027e-02
1.0512411061e-02
4.3749321551e-02
2.9102468236e-03
3.0026313957e-02
3.6531945541e-03
-1.0566381126e-02
2.8060990264e-02
-8.4053250066e-03
-6.1484888339e-04
-1.0894130391e-02
-1.8134945908e-02
7.2490465071e-03
-9.4829945476e-03
-2.1771351252e-02
2.6514497775e-02
-2.4881305029e-02
3.8135564928e-04
1.6592028803e-02
2.4644622773e-02
2.9159661284e-03
-2.4757329484e-02
7.6890144359e-03
5.6715032642e-04
-2.1476550934e-02
1.0494452551e-02
-1.8518257864e-02
-6.0962147215e-03
2.1903914585e-02
-3.0020573586e-02
1.4588881500e-02
4.9639359801e-02
2.4678515375e-05
8.5307001089e-03
1.0408858858e-02
-1.5214501338e-02
-1.1869875034e-02
1.8871300928e-02
7.6814956973e-03
-1.3381980215e-02
1.5595207330e-02
-2.0303113041e-02
-6.0540797147e-03
-1.4168860368e-02
1.8203779263e-02
1.9630510340e-02
-1.4295136715e-02
8.6390939470e-03
-4.6269270589e-03
-2.0563626012e-02
-5.3789215863e-03
-1.4296456722e-03
-1.5542367172e-02
3.3631945060e-02
2.3935693367e-03
-2.4012208662e-02
-1.0685937265e-02
4.5538328717e-02
5.5922005598e-02
-7.9725810700e-03
-1.0014425711e-02
-6.6724316866e-03
1.0084492849e-02
-7.6722444139e-03
1.8550801303e-02
3.5391814985e-02
-2.7126824993e-04
-2.7513095247e-02
-2.5933765909e-03
-1.5741980036e-02
1.0914649085e-02
-2.9314239914e-03
7.4801020729e-03
4.1413274865e-02
8.8420199280e-03
-9.3676349492e-03
6.3546160853e-03
-6.6656312838e-03
-5.8099089621e-03
1.9626608390e-02
-2.1191502918e-02
3.0412525045e-04
8.4449808227e-03
-9.9788968251e-03
3.6530175359e-02
2.1489172786e-02
1.5635322679e-02
-1.1494219922e-02
6.0084165665e-03
-1.1143453959e-02
1.5945009383e-03
-2.5817289993e-02
3.9746701878e-02
-9.2725475471e-03
-2.2734668710e-02
1.7227691802e-03
1.7940253242e-03
-1.1256836112e-02
1.2795611389e-03
-1.0967266703e-02
-2.1256444740e-02
2.0045380168e-02
-1.7198181335e-02
-2.0568961977e-02
1.3809398568e-02
1.5713518240e-02
-1.9572930561e-02
1.0226697812e-02
8.5499958539e-03
-9.1107133150e-03
5.4906115800e-03
6.2246243877e-03
1.1611149814e-03
-1.6946793135e-02
9.8313741848e-03
2.0173468836e-02
-2.1209620817e-02
-6.6209054015e-04
7.3029824696e-03
-2.5136954210e-02
-9.6502189143e-03
3.1574274586e-03
-1.3215173350e-02
1.3505923451e-03
-7.0343929236e-03
-8.8144431324e-03
-3.6572575478e-03
-1.6715814935e-02
9.8023133766e-04
1.4624307451e-02
-1.1912618040e-02
1.5642970903e-02
2.9608301935e-03
-2.3611974720e-02
-2.4160085158e-02
-9.7024887096e-03
1.3122508911e-02
-1.3723854030e-02
7.7684144038e-03
-4.1204653600e-03
3.8620827655e-02
-2.6119624429e-02
-1.9694320109e-02
-7.6010186498e-03
-4.1878150651e-03
4.3691175606e-03
-1.2135609873e-02
1.2524527118e-02
-2.3080680657e-02
4.6090083733e-02
-4.8924118994e-03
-2.4167263905e-02
1.2121631283e-02
5.7116426488e-03
2.7016945197e-02
-1.6364661455e-02
7.5093394927e-03
6.1346930054e-03
-1.5347476787e-02
-7.3063761966e-03
1.3616284394e-02
2.3546414952e-03
2.3758300352e-03
1.6723647906e-02
3.3329802510e-03
3.9459988823e-02
3.6458004089e-02
9.0476948548e-03
1.8487398098e-02
1.0238046650e-02
-1.5897790542e-02
-1.5972222703e-02
-5.5478916748e-03
-1.6993067717e-02
7.5282366046e-03
-4.3325069135e-03
9.5558625106e-03
-1.9892473511e-02
2.1518312414e-02
-3.1692472312e-04
-1.4477514328e-02
-1.7165055554e-02
1.0216689080e-03
1.8776592605e-02
-1.1767225900e-02
-1.1380070378e-02
-1.2211343618e-02
2.6459087369e-02
1.0505613615e-02
-1.8537310630e-02
2.4658369793e-02
-1.7374677896e-02
-1.3285740018e-02
-1.1942395920e-02
2.1168950261e-03
-3.1196145689e-03
-2.2141104763e-02
-6.3007198025e-03
4.3915300711e-02
2.4857734336e-03
-1.6327938524e-02
2.2594859594e-02
-2.3792165652e-02
-6.5618871329e-03
-1.3982971449e-02
-1.7978638191e-02
2.1428338489e-02
1.1400516809e-04
3.1528194775e-02
-2.6194100442e-02
-1.4095988698e-02
1.4293580718e-02
-2.5575251659e-03
2.8027404779e-02
-1.7264934733e-02
-9.4945244223e-03
1.7378715990e-02
2.6361234159e-02
-5.3266097608e-03
3.5200553638e-02
-2.5929962474e-02
-1.1360452871e-03
1.8708589169e-02
3.0906503182e-04
1.6826813037e-03
-1.9837912379e-03
-1.6371029558e-02
-8.2863458320e-03
4.2121295225e-02
-2.3842567462e-03
3.0987338042e-02
1.5333931021e-02
-1.6809653128e-02
1.8987632812e-04
7.5012876476e-03
-7.2516592818e-03
2.6525787970e-02
-6.3393904935e-03
-1.1775085115e-02
-3.2750953195e-03
-5.0210429784e-03
1.9918014498e-02
-1.8211927963e-02
-1.9779583288e-02
2.1821834395e-02
3.4030459495e-02
-8.5553483550e-03
-1.3384749915e-02
2.5388531786e-02
-1.6917904276e-02
-4.3049059285e-03
8.2943350072e-03
-4.8204530944e-03
-8.4179747440e-03
-6.9997342559e-03
2.7636730312e-02
2.3210135771e-02
7.5514845591e-03
-1.2107351908e-02
-1.0692756533e-02
-2.0828706119e-03
-5.9929806018e-03
3.3546256378e-02
-1.8448049819e-02
-8.6027977083e-03
9.0989647788e-03
-1.6693775817e-02
2.0124797668e-02
-5.6262074980e-03
-1.9590451368e-03
-1.0114139234e-02
1.1600911688e-02
-2.4982427175e-02
1.4516653156e-02
1.3901814068e-02
2.3039989091e-02
-3.0017669266e-03
-1.1140339714e-02
-2.9305247288e-03
-1.3055814607e-02
-2.6827213300e-02
4.6862724563e-02
3.1170600965e-02
2.7128320844e-03
4.9793726696e-03
-6.9205180051e-03
-1.2096094126e-02
-1.2106150563e-02
-1.6673277457e-02
3.0135955355e-02
-1.4998782677e-02
-2.2959609644e-02
1.8747547773e-02
-1.5023266646e-02
3.2683449761e-02
-8.0712624002e-03
1.5736751524e-02
5.0546941903e-03
5.1316659593e-02
-1.7664110366e-02
2.7425321743e-03
-1.5613491008e-02
2.0930595396e-02
-4.3054560807e-03
7.6173122021e-03
2.5431470059e-03
1.0690392456e-02
4.7056139144e-02
2.8211045368e-03
1.8401630878e-02
3.1798708755e-02
-1.3523553456e-02
-3.4114783031e-03
6.9996670409e-03
3.9945108059e-03
2.3395464058e-02
-1.1682886803e-02
2.6599568327e-02
5.1901533364e-02
-1.4490102401e-02
1.2251044378e-02
-1.1402407618e-02
6.6292096061e-04
-4.5302806525e-03
4.4019399953e-03
-2.5837702914e-02
-4.1505623224e-03
-1.3320013463e-02
-9.0420109861e-03
3.2303067544e-04
-1.0203953722e-02
3.7196463633e-03
-1.7852856563e-02
-1.5731172980e-03
7.7852223597e-03
-2.6916504001e-02
1.3183719305e-02
1.6168156718e-03
2.0758423933e-02
-1.4299437027e-02
-1.0884282839e-02
2.0802568641e-02
-5.6829706814e-03
7.8945266269e-03
-5.0954621937e-04
5.7799130662e-02
1.3309935641e-03
2.3285715312e-03
1.7965230806e-02
1.1953324713e-02
-2.0867116169e-02
3.3007467856e-03
-2.5215316824e-02
-2.0168988330e-02
1.1961011464e-02
6.0750017410e-02
2.5668714738e-02
-2.1345403809e-02
1.0869637854e-02
5.9487969543e-03
-1.5297021234e-02
1.7043340241e-02
-4.3761326476e-03
1.6529443365e-03
-1.9790113381e-02
1.3721889148e-02
-8.0247154706e-03
-1.7907728404e-02
1.5286741450e-02
1.4319063828e-02
-1.9726900408e-02
9.2245027018e-03
2.3779379280e-02
4.3879334314e-02
2.1590349897e-02
9.2827029209e-03
-7.8348501368e-03
-5.8532855383e-03
1.6390789806e-02
-1.1327834783e-02
1.7154021918e-02
-6.9672595303e-03
-2.8558141061e-02
5.9344240158e-03
1.5826638334e-02
2.5177159952e-04
7.3076377878e-03
1.0079359369e-02
-8.3327244970e-03
-1.7902555416e-02
-2.2164244921e-03
1.1843733184e-02
-1.9934276111e-02
-5.4947270176e-03
2.6846007799e-02
-1.2136364698e-02
-1.4198202695e-02
-7.8556536105e-03
2.7271999937e-02
3.6897535820e-04
2.9530394880e-02
1.0918137479e-02
2.4256235717e-02
-3.1730004469e-03
1.1142207158e-02
-2.5529047265e-02
-2.5744041464e-02
9.2950914265e-03
3.3664830613e-02
-1.0652132148e-02
3.6502472383e-02
3.5766792873e-02
-1.6631609479e-02
-4.7427389292e-04
1.8718351243e-02
5.7222494418e-02
-1.2814888708e-02
2.2530972954e-02
2.9194761246e-02
3.3474114296e-02
-4.9848585480e-03
1.6922368253e-02
-1.7440775208e-02
-1.7856014715e-02
-1.8700404651e-02
1.1721959937e-02
-8.8060261200e-04
4.4865794391e-04
-1.7462597617e-02
1.1034435316e-02
1.2281665925e-02
-1.7776595513e-02
9.9157157699e-03
-1.0541109014e-02
-9.3905786380e-03
2.1618096323e-02
-5.0965267918e-03
3.6100937120e-02
-5.1471286841e-03
-2.0749464082e-02
-5.2886657908e-03
-1.4608493602e-02
-5.0315394826e-03
1.3806851726e-02
1.7522076907e-02
4.4838916783e-03
1.8380119862e-02
2.5423385863e-02
-2.0512641741e-02
-7.2268530633e-03
1.3291255297e-02
1.0467028476e-02
6.5322323891e-04
3.3358317634e-02
-1.1321643731e-02
2.4884483222e-02
-8.7638803404e-03
9.0848564527e-04
-2.6927756680e-02
-9.0958437214e-03
-1.2506540233e-03
-7.0950571672e-03
1.6687223628e-03
2.1183230006e-02
-5.2480111257e-03
-2.4482212961e-02
4.2353546205e-02
-2.6692963443e-02
8.8807819108e-03
3.3647584745e-02
-1.3000944425e-02
-4.8952903781e-03
-3.0943973016e-02
-7.7718703394e-03
-3.5535695031e-03
-8.8874693355e-03
-1.7920582109e-02
2.2455177285e-02
3.0247709406e-02
-1.7538615410e-02
-3.0687118198e-03
-3.6954399553e-03
8.6307149000e-03
1.2649309956e-02
-5.8411724300e-03
-1.4927536870e-02
