-9.9563304465e-03
-5.3975074395e-03
-1.6570892327e-03
-1.9604084619e-02
-1.8654609063e-02
2.2383607366e-02
-2.5458772010e-02
6.2289974994e-03
1.2647073973e-02
-8.1189579224e-03
3.3049644395e-03
1.4331350576e-02
-1.5094137086e-02
-2.9774028775e-03
-1.7616280580e-02
1.1056900524e-02
-1.4510362784e-02
5.9734307724e-03
1.7631710703e-02
-1.6392655938e-02
1.1606670048e-02
7.0613838258e-03
1.1110794353e-02
-6.2880527186e-03
-1.2395348741e-02
-8.3888194508e-03
-1.2208039924e-02
-1.4930562417e-02
-7.2426439502e-04
-6.5492611469e-03
-2.1108471086e-03
1.4908580671e-02
1.2404743625e-02
-1.4064710089e-02
9.9786102926e-03
1.7918922068e-02
-2.3282165529e-02
6.4761712743e-03
-9.1173236228e-03
2.8719996183e-02
-9.4945222177e-03
7.8409797365e-03
2.8595232482e-02
8.1915104605e-03
-1.6051363697e-02
6.3684093013e-02
-4.4679597100e-03
-8.4567313850e-03
1.7450442415e-02
-1.2807621086e-02
-6.8661575157e-04
1.8390681297e-02
-1.8339579191e-02
1.5730549554e-02
-8.0813788304e-04
-9.7823588069e-03
1.2746916491e-03
-6.5119672066e-03
-1.0044600144e-02
-1.4125990456e-03
-8.9946621441e-03
4.7343625385e-03
-1.7451273840e-02
3.7810503836e-03
1.0014866332e-02
-1.8326024375e-02
-1.4056079588e-02
6.3075380920e-02
5.2330807550e-03
-5.1422347090e-03
1.5364219119e-02
-1.7119844534e-02
3.5218397880e-02
-1.1922395162e-02
4.7563477287e-03
-7.5340422742e-04
2.3855369791e-02
-8.6167926188e-03
-1.3823821790e-02
-7.0884383315e-03
4.9514448610e-02
-1.1513871590e-02
-1.7362924568e-03
-9.8432968169e-03
1.7638377786e-02
-1.3226062016e-02
5.0257004692e-03
3.4000394666e-02
1.7808996158e-02
-5.8053235802e-03
-2.7805650587e-04
1.5157542117e-02
2.8994250212e-02
1.3484297675e-02
7.5458067745e-03
-2.4571365250e-02
-2.0486938022e-04
3.6146985584e-02
-2.1665424286e-02
-1.0677324727e-02
1.8424775591e-02
3.5983704830e-02
-1.7865792239e-02
-9.3018874660e-03
-1.4736813204e-02
3.5242096805e-02
2.1669716410e-02
1.6187006695e-02
-1.7922125227e-02
-4.8534264623e-03
7.9752921267e-03
4.4732264026e-03
2.9562155590e-02
-1.0266694335e-02
-2.2821886270e-03
-1.6989205348e-02
-1.1400577340e-03
4.2877645482e-02
-1.3088329522e-02
6.8674640459e-03
6.6170179193e-03
-7.4249790032e-03
-6.5812824917e-03
8.4757365464e-03
4.4636318230e-03
-9.9865334852e-03
9.9889208007e-03
-1.2103795891e-02
1.6668094749e-02
-9.8701692197e-03
1.9142872232e-02
2.0406850713e-04
6.0789971982e-02
3.7310371673e-02
-1.2098092958e-02
-2.0915934127e-02
-9.1972724408e-03
2.8883486904e-02
3.7668743416e-02
-1.7013015902e-02
1.8410168291e-03
-4.2954875412e-03
-9.1794624912e-03
1.9718373170e-03
-2.1598759967e-02
-1.1587927934e-02
1.8506936022e-02
-6.2251212456e-03
-5.3310607644e-03
2.7608204315e-02
7.7461090806e-03
-6.0919409277e-03
1.1063877279e-02
-1.2894169982e-02
-8.8681217659e-03
-8.2737767687e-03
5.6735126249e-03
-9.7348870330e-03
-6.9668517479e-03
4.3076882026e-03
8.3145683049e-03
-5.3439706365e-03
9.6068316820e-03
-1.7439823844e-02
-1.9557725282e-02
7.1452605551e-03
-1.4998765477e-02
-3.3488308074e-03
-6.2217379434e-03
6.8925662893e-03
-3.0232504824e-03
1.0822079013e-02
2.6183483438e-02
-1.3732818967e-02
1.1779516220e-02
-1.2844471196e-03
3.8988940023e-03
8.4101414137e-03
-6.3350286417e-03
1.0919088950e-02
2.3394718312e-02
-1.8527966647e-02
-9.5449994520e-03
1.3420344211e-02
-1.5614206289e-02
5.5297275028e-02
9.1136896260e-03
1.3148823438e-02
8.5911882575e-03
-5.1299715660e-04
2.0315254788e-04
-6.3436738381e-03
-3.4881356038e-03
3.9031744404e-02
1.6900878043e-02
-2.2569514087e-03
-8.9228275062e-03
1.5605961276e-02
8.9910920356e-03
-1.0955304475e-02
4.0303362194e-02
2.5914767551e-02
2.3271178800e-02
-2.1127335425e-02
-1.1007478769e-02
1.9364919434e-02
-3.4718751869e-03
-4.4438828158e-03
-6.1387013461e-03
-1.0408393522e-02
-1.3554812009e-02
1.8606242374e-02
-1.0552987030e-02
6.7951561120e-03
-1.4994437660e-02
4.7240481763e-02
-1.0314452410e-02
6.6133934773e-03
2.2543322635e-02
-6.9205815999e-03
-8.0063896851e-03
-3.5244747639e-03
6.1722326549e-03
2.8242524859e-02
1.2207194945e-02
-9.7219426541e-03
5.4733373558e-04
-2.4659481411e-02
-3.9263109780e-03
-7.4487115317e-03
-1.8654046691e-02
7.1039958876e-03
1.5081960158e-02
-5.8330430437e-03
-3.5904457178e-04
8.8942609886e-03
-1.6009345984e-02
3.7753353943e-03
4.4162202562e-02
-1.0061937411e-02
1.4131100081e-02
-1.6816686963e-02
-1.3810984278e-02
5.8585918829e-03
2.1733067332e-02
2.5420114803e-02
-1.1199184663e-02
-1.2078361114e-02
-1.3892451103e-02
-1.6111885011e-02
1.7317815666e-02
-1.0225780542e-03
1.7363650625e-02
-2.2121574943e-02
-7.5196841332e-03
-1.1975768979e-02
-1.4538065901e-02
6.5718048185e-03
1.7382792954e-03
2.5758259344e-04
-2.1141297835e-02
1.7034543145e-02
3.0051571697e-03
-9.6415887720e-03
-1.5338452387e-02
-2.5527606382e-02
-2.8012246293e-03
9.2752840324e-03
-9.2193622220e-03
2.4315608519e-03
2.6266885082e-02
4.1496261671e-03
-1.0873634272e-02
1.6108855091e-02
-1.0103975716e-02
-4.3727289453e-03
-3.7585338629e-03
6.3637252528e-03
-1.2391958229e-02
-1.9750847997e-02
3.8760477163e-04
1.7347061392e-02
2.0201023155e-03
1.7493695166e-02
-1.9392350751e-02
3.4885431195e-03
4.6320558188e-02
-1.3218992874e-02
2.5927236912e-02
4.4127674547e-03
1.2983944832e-02
1.4991082756e-02
-1.6113427841e-02
2.0198363915e-02
-3.9605805299e-03
1.8045844302e-03
4.1524954693e-03
-1.4257888739e-02
-2.0078031623e-02
-1.0663649545e-03
-1.2688878585e-02
1.0214824317e-02
1.6088918010e-02
-7.7957693713e-03
-1.5656352785e-03
-7.0864743317e-03
2.4230978978e-02
-2.2097232172e-02
1.1533523331e-02
-1.2456697453e-02
1.3966123068e-02
-1.2886054809e-02
-4.4637094990e-03
3.5556546057e-02
2.5446114172e-03
-1.3629411300e-02
4.6129535013e-02
1.9971638868e-02
-6.9224340964e-03
-6.0572945596e-03
1.3655711724e-02
5.1835313849e-03
3.0211766425e-02
1.4961546171e-02
4.5348597710e-03
7.1192399304e-04
-2.5381561358e-02
1.5369037487e-02
1.9501624419e-02
-1.5639096045e-02
1.2595134813e-02
-1.5117885390e-02
-1.9860911949e-03
-8.1544805580e-03
4.1127594958e-03
-4.0885141159e-03
9.5094633592e-03
-2.7237011075e-02
-1.8468138538e-02
-1.7814683221e-03
-1.4143607851e-02
2.1844064701e-02
-4.5212835996e-03
2.8025449541e-04
-6.3024850397e-03
-1.3427076377e-02
-1.5154176629e-02
-1.2866668338e-02
5.0946821579e-04
-1.1902082668e-02
-2.1024045976e-02
4.6223270727e-03
-1.0105696869e-02
2.2956144346e-02
4.7356007963e-03
1.5905256651e-02
-1.2776395731e-02
-1.7259444916e-02
1.1196123782e-02
-9.9141423321e-04
1.8163700058e-02
-1.5220745918e-02
-7.3519014911e-03
7.1036750672e-03
-1.2292637781e-02
1.2526713161e-02
3.4910851634e-02
6.0180242593e-03
-8.5269748271e-03
6.7803609465e-03
-5.3393706513e-03
-1.4417170083e-05
1.4723972211e-02
3.7805418214e-02
3.6950443823e-02
-6.1209435470e-03
-6.5336879127e-03
1.8829460805e-02
2.8150527408e-03
-7.8053887133e-03
7.2670154036e-03
-1.1585141679e-02
-1.7219701247e-02
2.5620435978e-03
8.1061953256e-03
1.1593536647e-02
-1.0456937709e-02
-1.0884776312e-02
8.6734344849e-03
-7.8405038276e-03
2.1358917034e-03
-9.6049410260e-03
-1.7923047707e-02
-3.7715792132e-03
-5.3928995546e-03
6.2512353316e-04
6.8374880234e-03
6.9773983620e-03
4.5204117784e-03
1.2485493942e-02
8.3602285882e-03
-2.3024230821e-03
1.1027363663e-02
-9.0423197196e-03
1.7621146046e-02
-6.7575901139e-03
-2.7015628803e-02
9.6160188349e-04
-1.0469828663e-02
2.9944789630e-03
-1.2219675484e-02
-6.0931801104e-03
2.8932485311e-02
-3.1823995124e-03
-1.5027573183e-02
3.6446440120e-02
2.7407894509e-02
-2.0752484305e-02
-8.6042733188e-03
-1.1274539750e-02
9.1086789505e-03
2.7394493372e-02
1.2317059916e-02
-1.3652523003e-02
4.1067515911e-02
3.6708284089e-02
4.9053942864e-03
2.9354009884e-03
2.9428063250e-03
-1.4401037339e-02
-2.0799337699e-02
1.9344025198e-02
-3.3584768506e-03
-7.9742888287e-03
2.1218178219e-02
-5.3534628306e-03
7.1026710052e-04
1.8825575784e-03
3.6641209562e-02
1.2955471975e-02
1.9356721424e-02
-1.0213808488e-04
-7.5145158763e-03
1.4952836208e-02
1.8895729029e-02
-1.5215899346e-02
-1.3133209300e-02
7.0922389679e-03
-2.6328662191e-02
-8.3490636776e-04
-1.1977643270e-02
-1.1608449256e-02
-1.9559751391e-02
-1.2995428039e-02
1.7444802393e-02
3.4516158623e-03
5.8901425045e-03
-1.7657639435e-02
-1.4733721092e-02
-1.1126776917e-02
1.1774705809e-03
1.0076000441e-02
-2.6387374005e-03
9.3166716615e-03
1.0164726965e-02
-1.0545291825e-02
-8.8151345443e-03
-3.4530349809e-03
-4.1375390616e-03
3.3291505288e-02
1.0035125040e-02
-6.1591415351e-03
-1.6153347038e-02
-4.9561369240e-03
-1.1899997163e-02
1.5470311101e-02
-1.4423872048e-02
-1.9060837788e-02
2.0000711481e-02
-6.8439798720e-04
1.3576352091e-02
-1.5487872930e-02
7.0513993317e-03
-8.0150322394e-03
-2.8423783557e-02
6.9541357850e-03
3.4510775732e-02
8.6522091972e-03
-2.1371142980e-03
-1.1719130279e-02
-1.3446682557e-02
-1.0228326364e-02
-2.4697320387e-03
1.2283396689e-02
-2.5691368532e-03
2.9405146335e-02
-7.2279649186e-03
-1.4614247913e-02
-8.9335780478e-03
3.2583088379e-03
-5.4941284774e-03
-1.8530045264e-02
-1.7382802965e-02
9.9830593894e-03
2.0807628278e-03
1.5977497973e-02
-2.0036217303e-02
-6.4885813673e-03
-6.6941113027e-03
1.5238102573e-02
-1.7246496218e-02
-3.4054821727e-03
-1.2441349258e-02
-8.8209531677e-03
-1.2352701125e-03
6.1345889559e-03
4.3431992071e-03
-1.6102695298e-02
4.1995097862e-02
1.4981094215e-02
3.0744800515e-02
-1.5174500750e-02
4.0741861091e-02
-6.9686177313e-03
-1.9960215880e-02
-1.0320016622e-02
1.9781615454e-02
-3.2177506158e-03
3.3374176917e-05
-4.9622596041e-03
-1.6134619643e-02
-1.1981396576e-02
8.9272250592e-03
-9.7802358714e-03
-1.7416382244e-02
1.7635284296e-02
-1.4472525050e-02
-1.6379124897e-02
-2.8787474388e-03
4.2175880570e-03
3.2501783829e-03
-5.2346991872e-03
-1.3109368594e-02
1.2994326540e-02
-1.2283867174e-02
-6.4361820825e-03
-1.3205754030e-02
1.7531220820e-02
1.0607837599e-02
-1.3968365393e-02
-7.6489894333e-04
5.7129926762e-03
-1.5088723999e-02
-9.9885009205e-03
-1.2428990624e-02
2.2256039310e-03
-2.1188873195e-02
1.6423429817e-02
4.1273092766e-03
3.9819309664e-03
-3.2370486037e-03
-2.8894696045e-03
1.6622672818e-02
9.0512182438e-03
-1.7906721866e-02
-6.2597495506e-03
-7.5057830413e-03
-7.5926473292e-03
-1.0301154066e-02
-1.1351699226e-04
2.0468648810e-02
-7.1147149182e-04
1.0558683918e-02
1.7565786870e-02
1.2083386454e-03
6.7148880586e-03
-7.4152677863e-03
-1.5323996573e-04
-8.1665125040e-04
-5.4778647159e-03
-3.0712602053e-03
4.2229144184e-03
2.4308611630e-03
2.6099791815e-03
1.3134115328e-02
-8.5409817192e-03
4.0771968644e-02
3.1302149334e-02
2.9240990343e-03
-1.8705045243e-02
1.0218007022e-02
-6.0761534542e-03
8.9925421888e-03
-2.1086576999e-03
-2.6891340279e-02
2.5624668482e-03
1.4228292762e-02
-3.5843802467e-03
-7.3152832637e-03
-1.8195921962e-04
1.1512173570e-02
-7.1250994950e-03
-9.3343638140e-03
-1.6104791681e-02
-7.4379735402e-03
-1.1473003129e-02
2.5461849148e-02
-8.8519571600e-03
-7.8105368482e-03
-7.6863635801e-03
-1.5201324935e-02
4.9820067132e-03
9.6014169578e-03
4.2313896210e-02
2.0289015464e-02
8.4413140286e-03
2.0265471364e-02
-3.4179924129e-03
1.4184332415e-02
-4.9317420088e-03
1.0650830615e-02
8.0986081670e-03
-6.9630876444e-03
-2.1469584567e-02
-1.9389947072e-02
-1.0504089229e-03
8.7473431482e-03
4.6385819868e-03
-1.4206994819e-02
3.3857252100e-02
3.1498520918e-02
-3.8614134140e-03
-9.9951896393e-03
-1.3786910732e-02
3.4856843636e-03
-1.9417891670e-02
-5.4884173587e-03
-9.1073912547e-03
2.6700463985e-02
1.4937797549e-02
7.5274187915e-03
-1.4118955772e-02
-2.0411496883e-03
1.9626631509e-02
1.7676650583e-02
6.8643344646e-03
-1.1248642147e-02
1.0974765937e-02
2.0068602189e-02
-1.1291777218e-02
-1.5736475269e-02
-1.2656025362e-02
-1.5605280622e-02
4.6760710199e-03
-1.4527372029e-02
-6.7464565141e-03
-5.7845731869e-03
5.0409469596e-03
-3.3529007703e-03
-1.6635039872e-02
-1.5678795877e-02
-1.2859797963e-02
2.2525810522e-02
-1.9860884424e-03
-8.7382572345e-03
-1.6914492376e-02
5.5517044122e-03
2.8052434838e-03
-1.5107102072e-02
-1.1730725853e-02
3.5583134535e-03
4.5623841598e-03
1.7677777426e-02
-1.4816511797e-02
-1.5676232135e-02
9.2277487192e-03
3.0262524533e-04
-1.1564243966e-02
-8.7184595581e-03
-1.3884837997e-02
-5.6254967648e-04
1.8254795422e-02
1.2001158610e-02
-1.2189303734e-02
9.4486031217e-03
1.9916520999e-02
-3.6244843818e-03
-3.5189535877e-03
-1.2132506793e-02
2.5098477863e-02
9.9341221425e-03
-1.9655719255e-02
2.3415070242e-02
1.6712140788e-02
-6.3780713976e-04
-1.5710314407e-02
1.4808322018e-02
-1.9273919971e-02
-2.4719604012e-03
-6.5509834829e-03
-9.1927290673e-03
-4.4189434364e-03
-1.4615753207e-02
4.5482959510e-02
2.0501673319e-02
-1.6521557011e-02
9.5294689071e-03
-1.0957658414e-02
-4.9729724667e-03
-2.2835881257e-02
1.8017693225e-02
-9.5045897119e-04
5.5654645699e-03
-1.8148593173e-02
4.7871191089e-02
-5.1431341537e-03
-1.0767161730e-02
-1.0693550104e-02
5.1598261749e-04
2.6578227147e-02
-9.1458835715e-03
3.3931080886e-03
-3.2582711791e-03
-1.5087258098e-02
-9.7092243002e-03
-1.3752149310e-02
-2.4280793105e-02
-1.8949707709e-02
1.2676032921e-02
4.7831266232e-02
2.1620095053e-02
-5.5866305817e-03
7.1598691295e-03
-3.8686862336e-03
4.5299805097e-03
9.3465357448e-03
1.3773934351e-02
-1.2193104359e-02
-1.2058714034e-02
2.4484785171e-02
3.7914858605e-03
1.4903684626e-03
-3.7210882740e-03
3.3313063512e-03
6.8655013802e-03
-6.6832741765e-03
-2.2906472229e-02
-7.4235715464e-03
-2.6368783600e-02
-1.4821844267e-02
7.5015286737e-04
2.0606945382e-02
1.5809006116e-04
-4.4742429484e-03
1.4311682496e-02
5.8739236415e-03
6.7739220738e-03
-1.4111733210e-02
-1.1393519210e-02
-1.7176680008e-04
-1.6881979453e-02
-1.4000949053e-02
1.3542250931e-03
-1.4398496028e-02
-4.1934663722e-03
1.1444937605e-02
2.0598228453e-02
-4.7815295880e-03
-1.7067859582e-02
-1.2808024907e-02
2.6551008924e-02
6.3223006700e-03
1.1718540880e-02
9.3365400898e-03
-8.9196131895e-03
1.4194164425e-02
-5.5929697680e-03
-4.5903862663e-04
-6.4456709439e-04
-1.4567547110e-02
4.0195477845e-03
1.0836394048e-02
9.0650585519e-04
3.2946384411e-02
3.8775458716e-03
-1.8008493547e-02
-1.8321456916e-02
1.5215112345e-02
1.5298934872e-02
6.6265808431e-03
1.2204547614e-02
-7.4392646802e-03
-1.2458317196e-02
3.8374281973e-04
-1.1022259115e-03
3.5849787560e-02
-6.8785929904e-03
6.4907444610e-03
-2.2353710410e-02
-1.6820472200e-02
3.0927832395e-02
7.2083161995e-03
-5.0829779336e-03
5.9186191988e-03
3.1683992359e-03
-1.0882720335e-02
3.7307436989e-02
-1.0768871730e-02
1.4962513896e-02
4.1489374038e-03
-1.0634532619e-02
6.5001621366e-03
-5.2721014012e-03
-8.5853016754e-03
1.0430039926e-02
-2.4959458117e-02
-6.8831459405e-03
-8.2838641085e-03
1.7341861503e-02
-3.3718940443e-03
-6.1764844138e-03
1.4206768637e-03
-5.9007466150e-03
-7.3378212818e-03
4.5300466956e-03
9.6503512799e-03
-2.4758863655e-02
-2.2769292922e-04
-4.0009754512e-03
1.8213311081e-02
1.0829269646e-03
-1.0410657559e-02
-1.8217187042e-02
-7.8918063229e-03
-3.0428187310e-02
-2.3698114253e-03
-1.4366461080e-02
4.3466943906e-03
2.7056655874e-02
7.6424785708e-03
-3.8181704401e-03
1.2474756120e-02
-6.1852974927e-03
-6.1795762632e-03
5.5634009217e-02
-1.0221789001e-02
9.5350486210e-04
-6.7597910429e-03
1.4436896136e-03
-1.0356205648e-03
4.5464680756e-03
1.1471253735e-03
-1.5428438848e-03
1.6633045956e-02
1.6057947903e-02
-8.0935337299e-03
-1.3749353527e-02
-9.3961077343e-03
3.8324828607e-03
-1.1340509949e-02
-1.6206671176e-02
-1.3424398171e-02
-7.9589867720e-03
2.2068724896e-02
-1.7544160225e-02
1.9327512803e-02
-1.4804552292e-02
-1.4230402270e-02
3.8987400016e-03
3.1116328813e-02
4.7477195261e-03
-1.0383468318e-02
1.0614670948e-02
-1.2685844466e-02
-1.3693846001e-02
-2.8222042896e-04
1.5159750572e-02
3.0823812674e-02
2.7965869948e-02
5.2426101800e-04
1.8204105504e-02
3.8594000595e-03
-7.3640831717e-03
-1.7485787660e-02
-2.2907955985e-03
-9.5800743943e-03
-1.9185946164e-02
7.5128810899e-04
3.5141712222e-03
2.8286560897e-02
3.9914516881e-02
-1.5321186021e-03
7.5598226030e-03
3.5360123234e-03
-8.7812031050e-03
1.9427692669e-02
1.8986558726e-03
-3.8657894396e-03
-4.4820862292e-04
3.5804190987e-03
3.1761242879e-02
5.4213888483e-03
-9.5791245041e-03
2.0702597326e-02
-5.7582394163e-03
-1.5401400329e-03
2.2785681681e-02
7.1102234508e-03
1.2101937263e-02
-1.5230469344e-02
-4.9794796971e-03
-3.6256203455e-03
-1.1106104664e-02
6.2223172370e-03
1.2505374959e-02
-4.7751569006e-03
-1.3974795037e-02
8.5427990087e-03
-1.8665031696e-02
1.3636957339e-03
-1.7164334667e-03
-8.4148026244e-03
7.4107410692e-03
-2.0939229766e-02
-2.2125977483e-02
-4.3213686957e-03
1.4541349687e-02
-1.2014702784e-02
1.9557574559e-03
-1.0818206001e-02
-1.7598702558e-04
-1.1282126759e-03
2.0985106095e-02
-7.3182493488e-03
-3.8049857694e-03
3.3468543482e-03
4.5562083598e-03
-2.1412103430e-02
-1.9132878474e-02
2.8519116119e-03
-1.3357795063e-02
1.4569189591e-02
-2.3023813792e-03
1.0378436860e-02
1.8113375417e-02
4.9218735621e-03
-6.9971136562e-03
1.1992815952e-02
-1.6662164424e-02
-2.8816362336e-03
-2.2829488018e-02
-9.5837391852e-03
-1.4291966577e-02
-4.5185675772e-03
-2.4570846192e-03
5.4461518608e-03
-3.6492801453e-03
-4.1143813495e-03
4.1724249854e-02
-4.5570363702e-03
3.0935843116e-04
-2.8720281048e-03
5.4275712790e-03
-1.2104464649e-02
-1.7839600091e-02
-1.6566166354e-02
4.0277817320e-02
-8.9516729000e-03
-9.8187410154e-03
-2.0801653617e-02
2.0902901789e-02
-1.7708958422e-02
-1.7229007021e-02
3.3518041309e-02
1.2433447979e-03
-6.8244115934e-03
-1.0958050501e-02
1.3087567039e-03
-1.6032372319e-02
-1.1495380568e-02
5.4525417780e-03
-1.1182069272e-02
2.6306245092e-02
1.1651721668e-02
2.4198639940e-03
6.9913961905e-04
-2.7885815710e-03
4.5123152865e-02
4.4883515576e-02
1.1294838934e-02
-8.6993110640e-03
-2.0699377301e-03
1.8123366950e-03
-6.1003009833e-04
3.7477757773e-03
-2.6105431467e-03
3.4609169888e-03
-7.0466874655e-03
-1.3729445933e-02
-1.0177817843e-03
-8.4080462901e-03
-1.0865810912e-02
-1.9830603620e-02
1.2247466933e-02
-1.3110566712e-02
1.1473884317e-02
-3.5091593760e-04
2.2130844268e-02
-2.2537559889e-02
-4.3773441100e-03
-1.4171917755e-03
-1.2280195740e-02
-1.1049153145e-02
-1.6054982553e-02
-1.1017452834e-02
-1.5799127238e-02
-1.3346693666e-02
-5.9164562705e-03
-1.4791477798e-02
1.1097756193e-02
-5.8599267591e-03
4.0646813572e-02
3.9840076613e-03
1.6485775077e-02
-1.1885908386e-03
-1.6112889002e-02
5.4917114713e-03
1.2873469145e-02
2.0738475593e-02
2.7077449870e-02
-6.0780127802e-03
6.8432023276e-03
-3.1222976640e-03
-6.4381084656e-03
-1.8599981426e-02
1.0372776083e-02
-5.9485507020e-03
2.1937207393e-03
-1.0244465942e-02
-2.4703903690e-03
7.2708889039e-03
-8.8514564466e-03
4.1731543554e-03
-2.1226422180e-02
-1.1814455714e-02
-2.9189606371e-02
1.4684870344e-02
1.6266994337e-02
1.9647612914e-02
-2.5978593712e-02
3.7177729404e-03
6.2574094059e-03
-1.1333218436e-02
-1.1374391409e-02
-1.8704760365e-02
2.7667494482e-02
2.2049917475e-02
-4.4199230974e-03
6.5436730384e-02
1.4834135855e-03
-4.4161159588e-03
-2.2604879623e-03
2.0012476069e-02
4.6677774551e-04
2.1319994222e-02
-9.2891120850e-03
-1.5861594009e-02
-1.0936961931e-02
4.5058482520e-03
-1.2904221569e-03
3.1291534481e-02
3.4203911279e-02
-2.3083112718e-02
1.4252960494e-03
-4.0238401722e-03
-1.2909427686e-03
-1.7155350754e-03
1.7345242682e-02
8.2095028485e-04
-1.7652779075e-02
-1.0867489573e-02
-2.2511747900e-03
2.5291392710e-02
2.5035930060e-02
-2.1331610206e-03
-1.2260628881e-02
-2.2618951438e-02
5.7024914199e-03
3.9342156615e-02
1.4882286102e-02
-7.2003086436e-03
-3.1588320455e-03
1.5640208592e-02
2.2493607962e-02
1.0058976512e-02
5.5126950851e-02
-6.0794785934e-03
2.7564995242e-03
-2.0361096328e-02
-1.2349104612e-02
-5.7043217473e-03
7.0733983591e-03
-4.6817766108e-03
1.8556209797e-02
-3.8212144064e-04
-9.9183223911e-03
2.9415154862e-02
-1.4140019754e-02
1.3867619389e-02
5.6263973293e-03
6.4260865578e-04
4.0080767998e-02
-1.2762128309e-02
8.3008432214e-03
-8.2438795458e-03
-1.0069615008e-02
7.7890801690e-03
7.0509550051e-03
-1.6401875869e-02
-1.6173999623e-02
2.0672574039e-02
2.7150844108e-02
2.0812654149e-02
-1.8834661353e-02
3.9594925256e-03
-5.4593423701e-03
-4.9856389749e-03
6.8878022292e-03
-7.9919554462e-03
-2.2310600136e-03
9.4281354843e-03
-1.8883281450e-02
-1.5355671675e-02
1.3624534464e-02
4.9831935058e-02
1.6261937314e-02
4.6093531367e-02
-1.4288046404e-02
-1.7347127664e-03
8.0862845806e-03
-7.3386087887e-03
2.2595418699e-02
5.0330873574e-04
-7.6749284862e-03
-1.9545415231e-03
1.3629653809e-02
4.7866287154e-03
-1.2389366834e-03
5.0318066310e-03
2.6045286902e-02
5.5811201713e-03
-2.4637309363e-04
8.5194175721e-04
-2.6600664306e-04
2.0829000544e-03
-2.4318419424e-02
7.7919718251e-03
-6.3489722349e-03
9.9301810577e-03
-8.0602748099e-04
-1.6617185572e-02
-1.2896830638e-02
-1.4566875666e-03
-7.1805656892e-03
-1.6433433942e-02
-7.0193073854e-03
8.6798488276e-03
5.0094312896e-03
-1.0720810154e-02
3.3627615568e-02
-2.3078803994e-04
-2.5559144714e-03
3.3886626098e-02
-1.8192027447e-02
-6.3472164914e-04
4.4977892573e-03
1.0072485636e-02
2.5027236507e-02
1.3385977527e-02
-1.0327260660e-02
1.8851542417e-02
-1.8081477903e-03
1.3727522430e-02
-1.1141165553e-02
3.1961497243e-02
1.0663580791e-02
1.0267585670e-02
1.5475110211e-02
-2.0175982491e-02
-3.6750687708e-03
-7.5359995994e-03
-4.9250584418e-03
-2.0202386888e-02
-3.0556438726e-03
-3.8904005180e-03
-1.2511855530e-02
4.2228361113e-02
-1.7307727628e-02
6.5678852168e-03
2.9584395497e-03
-2.3856734643e-03
8.3641881169e-03
2.5699133352e-02
-8.8863695211e-03
2.2269480787e-02
-1.9602148348e-02
-2.6776989693e-02
-1.6194916056e-02
-2.8622438311e-03
1.1580964585e-02
-3.1049869674e-03
-4.4183306001e-04
-2.3174637981e-02
2.7282473426e-03
2.5794549336e-02
-2.3152263736e-03
-6.7710894259e-03
-1.6118273601e-02
-2.1298402367e-03
-1.1833686547e-02
-1.1110714086e-02
-3.0397291812e-03
-3.4026275318e-03
4.4261809145e-03
6.6844696514e-03
-5.2572627970e-03
7.8818801253e-03
-1.6738234927e-02
5.7885049127e-03
-1.2211003216e-02
1.1004161385e-02
-8.3090492941e-03
1.3264666894e-02
6.7876755830e-03
3.6617985393e-02
-1.9997714650e-03
-1.6500851490e-02
3.6251672131e-02
-8.2207693899e-03
1.7060914000e-02
-2.3346050159e-02
8.1489924308e-03
-1.4298105695e-02
-7.4879865405e-03
9.5182125056e-03
-1.0661375412e-02
7.3350223692e-03
-1.0418656168e-02
4.5594003979e-02
4.8360680045e-02
9.6488382057e-03
2.2299057298e-02
-3.3695840798e-03
2.7689922315e-02
1.7932995967e-02
2.6415997877e-02
-1.6651391716e-02
-1.5147894976e-02
1.6411623729e-02
3.4522552846e-03
9.6827023516e-03
3.2382171001e-03
9.3424204924e-03
4.3513493453e-02
1.3028473776e-02
9.9063046145e-03
2.3958779769e-02
-1.5608261797e-03
5.9621710713e-03
5.5124755614e-03
-2.3094844905e-02
-1.5245316804e-02
-1.2217026404e-03
2.2047877571e-03
-2.5270394194e-02
-1.3596112382e-02
6.6303050293e-03
1.3537000251e-02
-1.0456255816e-02
-7.0144233275e-03
-1.6552665976e-02
-7.6374760345e-03
9.7778340325e-03
2.2799988812e-03
1.7138013325e-02
-8.5486091841e-03
-1.3465490634e-02
2.9417548816e-02
-2.0091847529e-02
-4.4820782265e-03
-5.5709135449e-03
-1.3682776709e-02
-4.5017185990e-03
-1.5460927736e-02
-7.3731692355e-03
-5.6463352635e-03
2.0478707489e-03
-6.2521164807e-04
-3.4344336578e-03
-4.4329139724e-03
-8.6886180931e-03
1.7969801741e-02
1.1130437829e-02
2.6225954499e-03
1.6516477163e-02
-1.4283358018e-02
-8.9996117978e-03
3.2211335941e-02
-8.3014515393e-03
1.3140729508e-02
-2.8037753603e-03
-9.3543470150e-03
-9.3340951376e-04
-1.8991667811e-02
3.1225431863e-02
9.2596452596e-03
1.6136782122e-03
-1.1939966447e-02
2.7942388094e-03
1.9092527651e-02
2.5109605562e-03
3.0704287444e-02
-1.7099526009e-02
-6.2095500689e-03
-1.5322802299e-02
7.2874162736e-03
1.2112775408e-02
1.3538989542e-03
-1.3886749737e-04
1.2511386823e-02
1.3670298285e-02
-1.0059827645e-02
-7.6879232938e-03
3.4870431550e-03
-7.3289115673e-03
2.8906635127e-02
-1.7021309245e-02
-4.0678197410e-03
-9.7385730658e-03
-3.0527104476e-03
4.2596231281e-03
1.2805883120e-02
1.1852361954e-02
1.2965933409e-02
-6.6038130242e-03
-4.9924037222e-03
1.6596887512e-02
-3.3031088358e-03
-2.0670835363e-02
5.3931365436e-02
3.4196473765e-03
-4.8935279717e-03
-1.0627350556e-02
1.9597083039e-02
-1.1152380794e-02
8.7733068578e-04
-2.7483660350e-03
-1.0287008536e-02
8.6324159164e-03
1.3197240970e-02
-3.6483538258e-03
-7.5840911247e-03
-8.3915772959e-03
-1.9331888122e-02
-1.6564071089e-02
1.9018195349e-02
2.3191266958e-02
-2.7058539835e-02
1.3142914716e-02
6.7540671375e-03
5.1418621648e-04
-6.6245818591e-03
-9.9244290196e-03
2.0194635365e-02
7.8535276087e-03
3.8084031614e-03
-1.5209922229e-02
1.8950980087e-02
-2.2108268338e-03
7.2360991814e-05
6.7520758461e-03
-9.4055829718e-03
-6.1046554688e-03
2.7911293229e-02
1.2505250002e-02
2.4292732246e-02
-2.3918088331e-02
-4.9267428301e-03
-6.1440573147e-03
-3.7188994746e-03
8.2797305654e-03
-7.6779977101e-03
1.6483778053e-02
-1.8119728039e-02
1.8072288023e-03
-7.4389529943e-03
-1.9957412556e-02
3.2533676591e-03
1.9536243772e-02
1.5822439898e-02
2.6588670500e-03
2.2950571830e-02
-6.4827555256e-03
-1.5677383853e-02
1.0916058975e-02
-1.3234284141e-03
-4.9730467988e-04
5.5132341961e-03
1.9590471017e-02
1.2201041622e-02
-5.8221592277e-03
7.1190352927e-03
-2.0802603977e-02
-1.6600593515e-02
-1.9714233366e-02
3.5487990289e-03
1.1269699384e-02
-1.5933962382e-02
-1.0838591288e-02
-1.8083316405e-03
-1.1451291189e-03
-8.5674944094e-04
5.3456056102e-05
1.3974385027e-02
-1.1392767199e-02
-1.9752289358e-02
6.6664853588e-03
9.3912884170e-03
-2.0634982175e-02
-3.4490257629e-03
-1.0889333722e-02
1.6114059489e-02
-1.3520332368e-03
-1.9044739187e-02
-1.0092694732e-02
-1.6319360968e-02
5.0015893123e-03
-2.1140117476e-02
2.1450497608e-02
-7.8319096033e-03
-2.2373667836e-02
5.7213327461e-03
2.1607028745e-03
-3.9677089403e-03
3.1915164944e-02
-7.6061820077e-03
-1.2920700171e-02
5.7832075024e-02
-9.0312715992e-03
-1.2495903951e-02
-6.0173330735e-03
1.5325352568e-02
-1.6031337820e-03
2.2108456394e-02
1.0698975067e-02
-2.0198576756e-02
4.2578006437e-03
1.0232833539e-02
9.9450037661e-03
-1.2763423834e-02
3.2273155161e-03
-8.9113480517e-03
1.2994296704e-02
-6.2464533992e-03
1.2034261357e-02
4.5155615875e-03
1.7396634902e-02
-1.8389437725e-02
-1.0330113203e-02
-1.3144018331e-02
-4.8336355321e-03
4.2173376516e-02
6.3516815480e-04
-7.5121938851e-03
1.3332360046e-02
-1.2848668749e-02
-9.3887058182e-03
-2.5150242285e-02
1.3100024628e-02
-2.6075011308e-04
-2.3871319342e-02
-1.4080687041e-02
-1.1283437911e-02
1.2328296342e-02
5.1720015772e-03
9.4789780769e-03
-4.3506003490e-03
-8.9639800267e-03
-4.2210464697e-03
-1.9947848687e-02
7.2390087839e-03
1.9213570005e-03
1.3461390286e-04
1.1716590638e-02
-6.3207166998e-03
3.0466458666e-03
3.7979849849e-02
9.1705258178e-02
-1.3695955699e-02
3.0664163574e-02
-1.2851294833e-03
-2.6658925997e-02
-9.6032600964e-03
9.4456975110e-03
-6.7733481542e-03
-7.9426293822e-03
1.7891542345e-02
1.0234580478e-02
2.4626748342e-02
-9.4491063144e-03
1.0584397023e-02
3.5451614552e-02
9.2300178047e-03
4.5960430505e-04
1.2866819827e-02
1.4687080745e-03
2.5038432568e-02
2.2137650639e-02
3.1390410816e-02
-1.8012143236e-02
8.8793305180e-03
7.8233929214e-02
1.2455402833e-02
1.9323680082e-02
-1.7972561975e-02
6.2550265999e-03
-2.2300555421e-02
-1.7914427122e-02
-2.0113869657e-02
-1.5660390726e-02
-1.0999300319e-02
1.5338413484e-03
6.1459533360e-03
1.3075591959e-02
-1.4216951195e-02
-1.0089112671e-02
-8.8897096401e-03
-1.6697667727e-04
6.3786331583e-03
1.0105715835e-02
-1.9950898847e-02
4.2406495797e-03
-1.5416771895e-02
-2.3148581767e-02
1.5780366907e-02
-4.3688405710e-03
-5.5021624454e-03
-6.0362015232e-04
1.8610800642e-03
-1.2225633074e-02
7.3746175768e-03
-9.9694853628e-03
-2.2030741197e-02
-1.1371956533e-02
-1.4770286255e-02
-2.1233676229e-02
4.8931074953e-03
-2.2473756859e-02
2.3685789732e-02
-1.9420569836e-02
-1.0299959417e-02
1.3623935204e-03
-1.1231955974e-03
-6.8165673567e-03
3.7007875148e-03
1.7922206133e-02
2.4370488809e-03
-7.5577287142e-03
4.3015208581e-03
-1.0674309366e-02
-1.5420648980e-02
-1.4076580395e-02
1.6912836357e-03
-2.2873273699e-02
-3.3070542173e-03
1.1531682235e-03
-2.1776762960e-02
9.2797447668e-03
-3.5894844734e-03
-3.9622512866e-03
-1.5402542699e-02
-1.5440486599e-02
-1.7625103728e-02
4.2492056093e-02
-1.2551460769e-02
1.1063096588e-02
2.0781705908e-02
-6.8244330138e-03
8.0555695004e-03
1.2345967464e-02
-4.3463645322e-03
-1.1695288090e-02
1.0892387052e-02
9.4637045116e-03
-1.1188931410e-02
-1.0642720859e-02
9.6348898487e-03
-3.1122397704e-03
5.8534168722e-03
-1.4255026936e-02
3.3067731719e-02
1.0204265993e-02
4.8345050648e-03
1.6030641060e-02
-1.6445453178e-02
1.9385736706e-03
-4.6323002286e-03
-1.0839214700e-02
-6.4539239197e-03
-1.9593052781e-02
1.4002047427e-02
3.7987746527e-02
-7.6276408195e-03
5.2351832797e-02
-5.8720372105e-03
-4.5895361608e-03
-2.1226832257e-02
-4.1370534089e-03
1.9406155681e-02
-1.5714659504e-02
1.2101151457e-02
-5.7262193210e-03
-1.0447998276e-02
-1.5545585477e-03
3.1284214263e-03
2.2114257896e-02
1.6509906045e-02
1.8157292613e-02
1.4967576887e-02
2.7538900587e-02
9.5034048453e-03
6.1852296979e-03
7.2625131736e-03
1.8247603951e-02
-1.4953232698e-02
-3.6831600061e-03
-3.1274644085e-03
-1.1320418355e-02
-1.7642724167e-02
4.3254919298e-03
6.5104272931e-03
-2.7027143815e-02
-8.2736320660e-03
-2.1479886189e-02
2.4849421362e-02
-1.1668740568e-02
-6.7575332694e-03
-4.1181902142e-03
4.8353250949e-03
5.3900267147e-03
2.5522370954e-02
-8.6174988885e-03
-3.2376833937e-03
7.6151331769e-03
-4.3510352645e-05
6.1769095519e-03
-1.1536816444e-02
8.0512723498e-02
5.5930503818e-04
-1.7671042012e-02
-1.0710258074e-02
4.7398767899e-03
1.3261702985e-03
7.2646483739e-03
-9.5474422866e-03
1.4850346818e-02
8.7395711225e-03
2.6811536034e-02
6.1179208654e-02
6.9319590104e-03
2.8119200744e-02
-7.7975708527e-03
3.1678478724e-02
1.1661017813e-02
-2.2849989354e-02
6.9017331289e-03
-1.1949851166e-02
6.7009808136e-03
8.3644270377e-04
5.1463334686e-03
1.6229895071e-02
-1.6442464610e-02
-5.7095772649e-03
2.7145211474e-03
5.0890739497e-02
-1.3476318510e-02
-2.2759996577e-02
2.3095235305e-02
-4.9692332980e-03
1.6641789061e-03
-9.8743832486e-04
-4.6786568490e-03
2.3208126717e-02
1.1366008615e-03
-9.8537977909e-03
-3.2672313864e-03
2.3528999228e-02
-8.5274101812e-03
1.9478087608e-03
-2.3125940259e-03
-8.4278821178e-03
-1.4654554253e-02
-8.0828253237e-03
4.7182747123e-03
3.9598287584e-02
2.3050418253e-02
-1.1795301863e-03
-1.0767672190e-02
3.3713812452e-02
-7.9113408397e-03
3.9087277280e-02
-3.1138037682e-03
-1.8526047175e-02
-1.1130600007e-02
1.6574593296e-02
5.4400143537e-03
5.3801954934e-03
2.5680025914e-02
-8.4152229097e-03
1.6028629601e-02
1.2608334571e-02
-2.3971057599e-02
4.0712647942e-02
-4.4653058766e-03
-4.2668686370e-03
1.6069987144e-03
9.9133606486e-03
1.0145576458e-02
-6.1353608568e-03
-2.4089873927e-03
3.2415594354e-02
8.6291329538e-04
-5.3522112823e-03
1.3923552020e-02
6.6176732218e-03
-2.0385881308e-03
-2.3642779003e-02
3.8946263238e-03
-1.0650909747e-02
1.5992197844e-02
1.6573497492e-02
3.6062152529e-03
-1.9472277993e-03
2.3983668464e-02
1.6670641175e-03
-2.0644512265e-02
1.9146360715e-02
1.9737221866e-02
-2.2095550754e-02
1.7597452201e-04
-1.6019060501e-02
-1.3838900441e-02
-6.6719703494e-03
-3.1977098614e-03
3.7430296621e-02
3.0431090531e-04
-1.2122913097e-02
-8.0965219361e-03
-1.2062435521e-02
8.3213734271e-04
8.0977381034e-03
3.0586522260e-03
-5.7437080692e-03
-1.9864504951e-02
1.3598203894e-03
4.9035468618e-03
-1.1854536217e-02
1.3827224969e-02
-1.1817416335e-03
2.3347461566e-03
-5.8554804650e-03
-1.1910076925e-02
5.9075466704e-02
1.3659192191e-02
4.7113570722e-02
-2.1641129046e-02
-1.1384079979e-02
3.6259629671e-02
-9.9835284721e-03
2.6625846187e-03
3.0640843067e-02
6.6927627329e-03
-3.5306236912e-03
2.3508006351e-03
1.7879302291e-04
2.8809095525e-02
1.3933390815e-02
4.3209977926e-02
-3.0249737259e-03
-4.3955452315e-03
-4.5593573172e-03
-6.5118057790e-03
-1.6762192681e-02
-1.0637996153e-02
-1.5480215566e-02
-1.2051836910e-02
7.6050752819e-03
1.7016715166e-03
-3.0547395134e-03
4.9348453173e-03
4.6695463877e-02
1.9633987457e-02
2.9965264743e-02
4.4747088569e-02
2.9723401738e-03
1.8761837936e-02
1.7838747210e-02
1.7619574631e-02
2.0803342806e-02
-9.5721021252e-03
4.6970593534e-02
-1.2480218487e-02
-7.2373385836e-03
-2.6564193525e-03
-1.0770744252e-02
-2.3673395879e-02
-1.1695051607e-02
8.3316015011e-03
-1.8630808858e-02
-1.4566363268e-02
-2.9118462894e-04
8.6251159700e-03
7.9158764064e-04
3.4494533101e-02
1.3517297907e-02
5.7233078591e-03
-1.1511854128e-02
-1.9088666846e-02
2.8615429179e-02
2.5541130839e-02
-1.2212930467e-02
-1.1097726985e-02
-1.8578719347e-03
1.4658107120e-03
-1.1289714745e-02
-1.3087328729e-02
-6.1169301591e-03
-1.0483563050e-02
5.9563302376e-03
-1.6998432517e-02
1.3467888357e-03
-1.5527149827e-03
-4.2322098567e-05
-7.6552948462e-03
-2.6391852678e-03
-1.4528713180e-02
2.4232702285e-02
-1.4997691108e-03
-6.6869941911e-03
-6.1185024088e-06
-3.8148162891e-03
1.3741246297e-02
2.0510978210e-02
-6.3174423244e-03
1.8342666535e-02
9.1081013254e-03
-1.4232796460e-03
8.1527647024e-03
5.5444195429e-02
1.0644365298e-02
2.6375789600e-02
-2.4711328305e-03
-9.2723826117e-03
-1.6300861274e-02
-1.0025393447e-02
1.3512744689e-02
1.4949480506e-02
1.7175487091e-02
-6.1188725459e-03
1.3607539017e-02
-2.1560646923e-02
-2.2278224919e-02
-2.3200699136e-02
2.2405278279e-03
-1.1251381795e-02
-4.1201801658e-03
3.1975930778e-02
-2.9106270710e-03
-4.0995675952e-03
-1.5004067136e-02
-1.6363566133e-02
-1.3920094868e-02
1.4334943361e-02
-6.5854784215e-04
1.8647178782e-02
2.0701405743e-02
-6.0759458808e-03
9.2200509169e-03
-3.6174941796e-03
-4.2567535474e-03
-1.9022532296e-02
7.3665259517e-03
1.0425465394e-02
-1.9072204090e-02
-1.7463215259e-02
-2.3061404653e-02
2.2802435792e-02
5.4788861935e-03
-4.2218223099e-03
3.2935255465e-02
1.3514715211e-02
5.8290264385e-03
-2.6234176450e-03
4.3204217233e-03
-8.8039534504e-03
-3.2106519120e-03
-1.5421543204e-02
2.4505589867e-02
2.1126975031e-03
-9.8865742118e-03
-1.0848844559e-02
8.3523418978e-03
3.4856781811e-02
4.1420852702e-03
-1.1182760735e-02
2.0792507634e-02
1.6046741704e-02
4.6652093599e-03
2.5992924699e-02
-5.3705299710e-03
-1.1280038412e-02
-8.1651867505e-03
-1.1144780861e-02
-3.5058256535e-03
-8.8077805323e-03
-1.0780024443e-02
-2.1866866800e-02
2.7730442993e-02
-7.0608203333e-04
2.5758358161e-02
3.6584570123e-02
-1.1299720678e-03
5.3544213135e-03
8.9540547963e-03
-1.0692089713e-03
-1.9948218950e-02
1.8630822630e-02
-5.1181872215e-03
-1.0958120445e-02
1.5133703443e-03
5.0955739000e-02
-1.5744494670e-02
3.6948559509e-02
-3.7213706416e-03
5.7254502274e-03
5.4779351251e-02
1.1059216419e-03
-1.4732468942e-02
-1.2967899791e-02
-1.3059847902e-02
-1.6060188054e-02
-3.2303453515e-04
-8.5040538409e-03
1.8444036653e-04
-1.9253529709e-02
3.1942924966e-02
-4.6645052321e-03
7.6551885043e-03
-2.1026150980e-02
-5.8731480004e-03
-6.6583010450e-04
-1.7104272229e-02
-2.5037764253e-02
3.1776017713e-02
-1.7173404997e-03
1.0492609935e-02
-1.5243511775e-02
6.9696077715e-03
-2.4925627122e-02
1.4807556284e-02
-2.4051009940e-03
-2.5189205533e-03
-6.8560630191e-03
2.6598458933e-02
-1.4087296099e-02
-4.9643433068e-04
-1.4531024098e-02
1.8346688425e-02
-1.0777496491e-02
-2.5797287251e-02
3.2323558509e-02
1.2528611721e-02
1.0350056726e-02
1.6970589356e-03
-1.2698745601e-02
-8.4226353807e-03
8.2238654890e-03
-2.2927756318e-02
2.4833821323e-02
-1.7552251311e-02
-1.4050743305e-02
-9.6322645719e-03
-1.1330428758e-02
-1.8517697547e-02
-1.8195865120e-02
1.1527194666e-02
2.4147737081e-02
-1.8188996835e-02
5.8049775953e-03
-1.0140442627e-03
-5.8446230406e-03
1.9004751501e-03
1.4980592847e-02
-1.3959519890e-02
2.8834514888e-03
3.3855589417e-04
-6.2522304454e-03
-1.6687042484e-02
2.1393067265e-02
1.5443872823e-02
-1.0121730791e-02
-1.9376041191e-02
-1.5637056196e-02
-1.6771755428e-02
-2.6770285047e-03
2.1186909378e-02
5.3319941907e-04
9.9214300498e-03
-9.0976996741e-03
4.3563106784e-03
-6.4761715588e-04
-1.3579199725e-02
1.9104135079e-02
-1.9879921952e-02
-2.8168077178e-02
1.3048850576e-03
3.7232239675e-03
2.6533412783e-02
-2.1446926810e-02
-1.2832009266e-02
1.4266251520e-02
-1.5325961702e-02
-1.2434673497e-02
-7.1233307831e-03
3.1986564785e-02
-1.6296246326e-02
-8.1075680809e-03
-1.2084884214e-02
-2.8177864384e-03
2.3319323290e-02
-2.7909591002e-03
9.2064741581e-03
-3.4397662539e-03
-1.7359646025e-02
-7.7865617364e-03
2.1158191969e-02
-1.3398510725e-02
-4.8337441869e-03
-6.0924353355e-03
2.5632310226e-02
1.0391758050e-02
4.2993430728e-03
-1.4770807397e-02
-8.6300954556e-03
-1.7169282989e-02
-1.5257850423e-02
-1.3730400569e-02
-1.2938712817e-02
6.8153773612e-02
-1.9908268093e-02
-1.1024914540e-03
3.5886902435e-03
3.9678860657e-03
2.1932665772e-02
8.5711013244e-04
-5.1545228596e-03
-3.1175980531e-03
-1.2455414302e-02
-2.3415373242e-03
-2.2639406082e-02
4.3965500790e-03
2.0663468519e-02
-2.2878538660e-02
-2.2950226326e-02
-6.9528350377e-03
3.1962484162e-03
-4.1334000571e-03
3.7608179640e-03
-1.2009179140e-02
3.0544812017e-02
-3.4613104327e-03
1.3252310317e-02
1.7688373961e-02
5.6559677970e-03
1.5761980678e-02
9.5389905146e-04
-1.1610503209e-02
1.0399810324e-02
-5.1156562350e-03
9.6443991505e-03
-9.1318624796e-03
4.8640950616e-03
-1.1035038703e-02
1.8353671611e-02
-1.8005211225e-02
-2.3009791867e-02
-6.0037358283e-03
-1.1348430404e-02
9.9114796526e-03
-6.2568658913e-03
-1.3614684508e-02
-5.5242508083e-03
1.8992569534e-02
-3.3986828055e-04
2.0334013109e-02
9.3252954143e-05
7.7439484135e-04
-1.3407887040e-02
-1.0860933238e-02
1.6378267283e-02
7.0199439457e-03
-7.9376042589e-03
-2.5592947092e-02
-8.4707796545e-03
3.8670776044e-02
2.2583200480e-02
1.1457414620e-03
1.3794458671e-02
2.7850843928e-03
5.2736342557e-03
-2.0101122189e-03
-1.7598466963e-02
-1.5228325489e-02
1.2276027434e-02
-5.6834144127e-03
-1.1143826745e-02
2.7761212766e-02
3.6356425738e-03
-2.0548055674e-02
2.8999308118e-02
-1.5337571885e-02
1.9667771897e-02
-1.2755950829e-02
-1.2327688188e-02
-1.1525519207e-02
-5.9701095613e-03
-7.1377105385e-03
9.4676012556e-03
-9.9233693436e-03
-4.7926112608e-03
8.4531055082e-04
1.3922001506e-02
6.1170184482e-03
-2.1233659571e-02
-1.9619136821e-03
-9.7805095884e-04
4.4447591422e-03
-1.0593764109e-02
-5.7454077702e-03
5.2567171838e-02
-6.6240005401e-03
1.2034254812e-02
3.9650026279e-03
-8.6100997383e-03
2.7075381617e-03
-2.0569664616e-02
-1.0811843691e-02
-1.4141995273e-02
6.6595684799e-03
-1.2485425915e-02
-2.7449446612e-02
1.5432699461e-02
5.1391557946e-03
-9.5629375440e-03
-2.6038303339e-04
8.7396267112e-03
-8.3602898407e-03
2.0742513724e-02
-1.7629638680e-02
-1.3981467400e-03
-8.7099590360e-03
3.4754126445e-02
-1.8567141502e-03
-5.0194897386e-03
5.6443239784e-02
2.4617694450e-02
-2.0500202667e-02
-4.2960688183e-03
-1.1801463890e-02
6.6526876868e-03
-1.6598668618e-03
1.6751445476e-02
-7.2228950922e-03
1.7112129594e-03
6.0899247013e-03
-1.7696222626e-02
-1.0463306580e-02
2.4836097819e-02
2.1892922241e-02
1.5962907426e-02
2.2133429117e-02
6.2480719214e-04
-7.1439214910e-03
-8.5131445731e-03
1.3633771104e-02
3.6916755150e-02
3.3851847568e-03
-2.0469137849e-02
3.3133285366e-03
-2.3579181123e-03
-1.4155015686e-02
2.7359383606e-03
2.5426032907e-02
-9.0530608381e-04
1.2257827823e-02
-1.9771986387e-02
2.1352715454e-02
2.4476654291e-02
9.3899766139e-03
3.0766911188e-03
-1.3425677496e-02
1.0555209686e-02
3.2432052094e-02
-2.2231284794e-02
-2.1218373533e-02
9.4707979754e-03
9.7490804152e-03
3.0813279927e-02
1.0047339757e-02
-4.6826959078e-03
1.2146302388e-02
-1.5499991135e-02
-8.0874376027e-03
5.8722613230e-02
-1.0863181656e-02
9.2176193312e-03
2.1649558160e-02
-1.1466587277e-02
1.3706773544e-02
-1.0224782523e-02
9.7348241561e-03
-1.2519021644e-03
-1.2202167383e-02
9.5191846749e-03
-2.6263337541e-03
1.7133196884e-02
-1.5429013760e-02
2.0163838369e-02
6.5967849270e-03
-6.1995131511e-03
1.8149101886e-02
3.6078781304e-03
1.4216559485e-02
4.2651892536e-02
2.6553317646e-03
-4.2634798146e-03
-1.9177685410e-02
3.4923769026e-03
-1.1365246595e-02
5.7371566969e-03
2.9349312563e-02
-6.7409291263e-03
-4.1183082721e-04
1.4004694799e-02
-8.9593162605e-03
-1.2522014625e-03
2.4140718506e-04
-1.1406669959e-02
7.2700768717e-03
-9.0046561275e-03
5.9225700320e-03
-2.9952191039e-03
-1.0347569077e-03
-1.2245239914e-02
2.8821417456e-03
-1.6760994906e-03
-1.7984466662e-02
-1.9580484872e-02
-1.5345235571e-02
-1.4619684507e-02
-1.5449998094e-02
5.7826857838e-03
8.5833274072e-03
-1.2814643818e-02
-2.0497330631e-04
-1.7839995294e-02
1.3122212648e-02
1.6830268363e-02
-2.4172416252e-03
2.0739500888e-02
1.4067044030e-04
-1.2887213282e-02
-5.5158166911e-03
-1.7462366659e-02
6.4798902249e-04
-2.4569291614e-02
1.4473074563e-02
6.4517653001e-03
2.7506632785e-03
9.3454496824e-03
-8.0733975630e-03
-1.2693337555e-02
-1.4187450399e-02
-1.2900893615e-02
-1.2296283291e-03
9.7263219531e-03
3.7800178429e-03
-1.7432253929e-02
-5.4384885958e-03
6.8448099641e-03
-7.5702802047e-03
1.0014298852e-02
7.0102577752e-03
-1.0703542764e-02
5.1715945876e-03
2.1330915729e-02
-1.1937621385e-02
1.3273758647e-02
7.1389798295e-03
1.1172485753e-02
5.8756855778e-03
2.1049221041e-03
5.0066719404e-03
-8.2327941317e-04
-2.0483914897e-02
-1.0536595593e-02
2.4465026216e-03
-1.4214184115e-02
1.4927407067e-02
-2.1647875661e-02
-1.1337153547e-02
5.9528916449e-03
1.0703222757e-02
6.2896740641e-03
-1.8022155039e-02
-1.0803002047e-02
6.3449497262e-03
-1.4596088660e-02
-1.4169499135e-02
4.6771478997e-03
4.3595953155e-03
1.2328778726e-02
-2.8057394454e-02
-7.5264311794e-03
-4.4715902833e-03
2.2080029427e-02
-1.6367271253e-02
-3.7957584823e-04
-1.1945098827e-02
9.3827248807e-03
-1.7289174056e-02
-2.0646381215e-03
1.3969559841e-02
2.6047568799e-02
6.2169710691e-03
4.7071635852e-03
7.0758147622e-03
-8.5170765249e-03
2.8677719716e-03
-2.4588183271e-02
4.9549309587e-03
2.4209797588e-02
-1.1150556645e-02
3.4551300862e-02
3.0514283302e-03
-2.5522157044e-03
-4.6663266864e-03
1.7059711840e-03
3.0859403814e-02
-2.9949499329e-03
-1.6564453827e-03
-2.2053384007e-02
-8.8256801292e-03
-1.8415657031e-02
-1.2860123889e-02
-2.2667618565e-04
1.1552387676e-02
2.7899076152e-02
-1.6112426506e-02
5.9110737561e-03
-2.3561296839e-03
-2.0266250140e-03
-1.8211354386e-02
2.8408492525e-03
-2.4803987315e-03
1.6756119882e-02
-8.6059481205e-03
-5.2499922487e-03
-1.5720059595e-02
1.4449126714e-02
1.6265210502e-02
-6.0839717735e-03
-6.5550234816e-03
-8.4048892000e-03
3.6153976058e-02
2.4752967224e-02
-4.0506854119e-03
-4.9776942461e-03
-6.5962629166e-03
-1.3047368385e-02
-5.4092394248e-03
-2.3526224956e-02
-6.6785290111e-03
1.4900991826e-02
1.1273552255e-02
1.8494202374e-02
-1.5349539239e-02
-2.1214463962e-02
6.3051842124e-04
7.8877702538e-03
1.1884167870e-03
-1.0348795407e-03
1.2583190955e-02
-1.7788990933e-02
-1.3154801554e-02
-2.1951174091e-02
1.2093822622e-03
-1.8679121666e-02
-1.2692692340e-02
5.7215163240e-03
-1.1281783070e-02
2.5200532933e-03
-1.5432765294e-02
-5.0544004618e-03
-1.0662189708e-03
1.2713553724e-02
-1.7537649323e-02
-7.8284834052e-03
-1.2638096562e-02
-6.1222278983e-03
-6.7063202120e-03
2.7600292133e-03
2.2010613330e-02
3.5556962284e-02
2.1130171966e-02
-4.5912601337e-03
-1.0055047639e-02
-2.5069798120e-02
9.5113175538e-04
-1.2911795985e-02
-1.0073427512e-02
3.2895644159e-02
-1.4881956395e-02
-1.5195392223e-02
-6.6091637849e-03
-1.2775915187e-02
-6.9044978730e-03
1.8459592527e-02
-6.2381704518e-03
4.8298528899e-03
9.2088273232e-03
1.1658833936e-02
-5.7938224647e-03
-2.2916047798e-02
-1.3133106815e-02
-3.0725752889e-02
-4.8019028624e-03
-8.3420881134e-03
2.5256788132e-03
6.9022559103e-03
-1.8887260779e-03
-4.2525224718e-03
-3.0511056922e-03
-1.5397441783e-02
4.6778375395e-03
-6.2096255487e-03
-1.6192125323e-02
6.5721145900e-05
-1.7722212801e-02
-1.2966486494e-02
-6.0492526291e-03
2.6996733971e-02
-7.9378675796e-03
1.2682049326e-02
-1.1518489680e-02
1.3696347315e-03
-2.1931643367e-02
-8.6515805550e-03
-1.0039186280e-02
-8.7932620466e-03
1.2157175683e-02
1.4296468318e-02
-1.0767460392e-02
5.1318863170e-03
-7.2978294163e-03
2.8140277786e-02
1.7579790970e-02
4.0242703593e-03
-9.6116917121e-04
1.8502201562e-02
1.2008609382e-02
-1.7869702309e-02
4.8931947263e-03
-9.4772485419e-03
-3.9687459751e-03
-1.3566140538e-02
3.9270050089e-02
4.5875391828e-02
8.2675642193e-03
-1.6648009019e-02
-7.4436317809e-03
-1.7991336202e-02
-1.0099772841e-02
3.1339189356e-02
3.9575434971e-03
-1.1598888326e-02
-2.1575848420e-03
-3.1867126243e-03
-4.6414581283e-03
3.0212418730e-02
-4.3712005522e-03
6.9616436358e-03
5.2448677991e-03
2.1545145462e-02
1.8830346961e-03
-9.3354837895e-03
-1.8989370209e-02
-2.2106470333e-02
2.5026159883e-02
3.8499894473e-02
9.5477438338e-03
-2.7397707877e-03
2.0343098465e-02
-1.5630359044e-02
-1.7196746720e-02
-1.0833044384e-02
1.4337222386e-02
-1.0106604551e-02
-6.4222023330e-03
4.1715210962e-02
-2.9440966471e-02
-1.6055905847e-02
-1.1167287909e-02
-4.7782726960e-03
2.8931935093e-02
2.6221938689e-02
-5.1437602379e-04
2.3414375218e-02
-2.5531093595e-03
3.3795758904e-03
-4.6130318041e-03
-8.1631795562e-03
6.1941614853e-04
-2.4407002318e-02
8.3326214726e-03
3.5340623624e-02
9.3315052004e-05
3.6638176906e-03
-1.5771849309e-02
-3.5713282499e-03
-7.7776819735e-03
-2.0633259383e-02
7.3540299494e-02
7.7955721874e-03
-6.1837215972e-03
-1.1091052917e-02
6.9118228345e-03
-4.8001423601e-03
-8.5340785694e-03
6.1998574600e-03
-5.4053373619e-03
2.1771577388e-03
-2.3615141013e-02
9.6556513897e-03
2.1745536291e-02
7.2212509089e-03
-1.8886904260e-02
-6.1123604741e-03
-1.7281756053e-03
2.5895749900e-02
-1.0942138265e-02
-2.1713491657e-02
-5.4348084874e-03
-2.2224585677e-02
4.1221327524e-05
-6.2671858288e-03
2.4586322783e-02
1.6225404776e-02
-1.0416538741e-02
-9.3960908682e-03
-1.5224387182e-02
-2.4014461941e-04
-6.5388544936e-03
-1.1042569249e-02
1.2244521940e-02
1.6198669007e-02
3.9374171858e-03
-3.5289332518e-03
2.9926705640e-04
-1.4668051087e-02
-1.1226194245e-02
1.8450694259e-03
8.5788207444e-03
-2.2929708618e-02
1.1863902249e-02
-1.2842850871e-02
-2.4422116408e-02
4.4652005848e-03
-1.0760388906e-03
1.5112348344e-03
1.5039106426e-02
-3.3721581933e-03
-7.5084717872e-03
5.3889292673e-03
1.4160857727e-02
-1.7147279660e-02
1.9389476015e-02
8.4360562885e-03
1.9276426553e-02
-2.3134353761e-02
3.2449330260e-03
-1.7142379159e-02
1.0710947478e-02
-4.7500502989e-04
3.9533292786e-02
3.4618698906e-02
-1.3310284229e-03
1.0578411027e-03
1.9063777328e-02
4.4798154260e-02
-8.0791961766e-03
1.0398920231e-03
-5.4491582209e-03
-1.7043556635e-02
2.5076560583e-02
6.7040888997e-03
-4.5409939453e-03
-9.2981343099e-03
1.3289892506e-03
5.7859936037e-03
2.3753633603e-02
-2.7649841654e-03
5.0288357592e-03
-1.7004554910e-02
4.6337284249e-03
-1.2685665273e-02
-1.4972897154e-02
-1.3202796294e-02
2.9918403780e-04
6.9860590530e-02
1.5346165895e-02
2.2710533534e-02
7.2476230595e-03
-8.5316359987e-03
2.3252848281e-02
-2.7909321839e-02
2.0302815845e-02
-3.3440921877e-03
-1.5553037368e-02
1.3990675852e-02
6.3658545090e-03
5.3561214011e-02
-5.2368473503e-03
3.3175662390e-03
1.9800892678e-03
-1.5209754290e-02
3.0503976773e-02
8.4117476072e-03
-1.5607719907e-02
1.2208748178e-02
3.7444353351e-03
3.9488200398e-03
8.2629116395e-03
-7.3157798086e-03
-2.6919551631e-02
-1.6570161218e-02
-8.3734644368e-03
1.6823771134e-02
1.0111334211e-02
-9.2351945273e-03
1.6354112417e-02
1.1914177098e-02
1.5818239300e-02
3.8131020276e-02
-2.5586969882e-03
3.7666157078e-02
-3.5537221958e-03
1.5746362726e-02
2.0268234786e-02
4.2702450784e-02
-9.4128486198e-03
1.6827907041e-02
2.4268774245e-03
1.2612577055e-02
-9.8807525791e-03
-2.4266453342e-03
-2.3111714988e-02
-1.7057685272e-02
-4.2734148445e-03
-1.6623652442e-02
-1.0383175269e-02
-4.8390971975e-04
2.9134713647e-03
3.9373308310e-02
-1.1574527795e-02
2.6968022639e-02
1.5096873110e-02
6.6191312589e-04
-2.3154866719e-02
-1.4445736131e-02
2.2859867254e-02
-4.3326457664e-03
-2.4449623231e-02
1.4484304726e-02
-5.6655818610e-03
1.5180889040e-02
-1.7183080350e-02
-2.9467017153e-03
-2.3757266299e-02
2.1424912061e-03
1.3310041403e-02
-1.1049136740e-02
1.5652631035e-02
1.3513928416e-02
1.1794591094e-02
-1.0981762860e-03
-4.8544640888e-03
5.7127587380e-03
-3.5781550114e-03
-1.7937463595e-02
-4.3655571514e-04
8.3868331991e-03
-9.6484352633e-03
-8.1771073862e-03
7.7868385999e-03
-1.9436348653e-02
3.0548813378e-02
-1.8981360867e-03
-9.1381648152e-03
-5.9457912696e-03
2.6405006965e-02
2.7579163015e-02
-7.3008264582e-03
-4.1346559691e-03
-1.5012840350e-02
1.8032704600e-02
1.4821638267e-02
8.1020582633e-03
-1.6747369694e-02
-2.1080504311e-03
-3.0653427339e-05
2.7354729432e-02
3.2445609887e-02
-1.5350689414e-02
-6.5069804390e-03
7.7988385434e-03
-1.2256327881e-02
7.8099637774e-03
-7.4755651437e-04
-5.8751007691e-03
6.6863322414e-03
4.2548782647e-03
2.2708622910e-03
1.6422499528e-03
1.7287270907e-03
5.7653753089e-03
-4.3963601459e-03
1.7986096139e-03
2.3341208949e-02
-1.2914896237e-02
-1.0641480869e-02
-7.6079734618e-03
-1.3696240056e-02
-6.7316618781e-03
-4.3095402159e-04
4.0718716211e-02
-1.8892473035e-03
1.0686451518e-02
1.6624222831e-02
-1.0816758024e-02
-4.5418583355e-03
5.4840477122e-02
6.0778291356e-03
-3.6420198661e-03
4.7369187162e-03
-1.2045306728e-02
3.3456265229e-02
2.5506606230e-02
-1.1121776475e-02
-3.0006302333e-04
-1.1679502012e-02
-9.3968055847e-03
7.8067081612e-03
1.8218745817e-02
1.1807750547e-02
1.9569613616e-03
3.7622171258e-03
3.0531016518e-02
-8.0609256047e-03
-9.8986251586e-03
2.9737345192e-02
-1.0897718057e-02
-4.1655961684e-03
-7.9338371034e-03
-6.5974487975e-03
-6.9731880972e-03
2.3314727020e-02
1.3923949595e-02
-6.4871224207e-03
1.9295520447e-02
1.2973613101e-03
-2.5795398338e-02
-5.1859955432e-03
-1.3973557011e-02
-1.0063753548e-02
6.2177779056e-03
-1.0217742243e-02
3.8906481112e-03
-1.1758455456e-02
-7.7173449025e-03
3.4144343661e-02
1.4411205214e-02
-1.8124242791e-03
3.7695802891e-03
-7.2109744419e-04
9.9106321945e-03
-1.2884614643e-02
-1.2973366973e-02
-8.8417992351e-03
-3.8428670917e-03
-2.3020502740e-02
-1.4584690326e-02
-2.0027179552e-02
-9.7489041959e-03
-2.8304235821e-04
-1.8975064600e-02
-1.4516890590e-02
2.3995913339e-03
-2.0903841367e-02
1.4611112607e-02
4.7001567743e-02
-8.5707369812e-03
-1.3709945333e-02
-1.2078536753e-02
4.2503780185e-03
-1.3006846591e-03
3.1243587491e-02
3.6067329174e-02
1.2963609990e-02
-3.0921251161e-03
-1.4194401987e-02
2.9228132855e-02
1.9595424347e-02
-1.7417721408e-03
-2.3811345442e-02
-4.9615220899e-03
-6.0779746499e-03
-5.5853067447e-04
-3.9530148775e-03
-2.3477152148e-03
1.2642662696e-02
1.6537839297e-02
-4.6360661146e-03
-4.2168749485e-03
5.8755976777e-03
-1.2796605644e-02
1.9402910487e-02
9.1953933464e-03
-2.3309302285e-03
4.7451798506e-02
-1.4538394666e-02
5.8635763832e-03
-1.9539913256e-03
-8.5841201088e-03
-1.6216681529e-02
-2.3357514181e-02
1.7878075928e-02
5.3071844414e-05
-1.1493875254e-02
-3.3258637950e-03
-9.2483555188e-03
-2.1301232140e-02
-9.4771840038e-03
-1.2073857485e-02
1.0187644976e-02
1.8080815979e-02
-1.6471414903e-02
3.4435227184e-03
3.1873145210e-02
-1.0768020394e-02
3.8221048970e-04
6.1119690388e-03
-4.5510856709e-03
7.8966197316e-03
-1.1721503684e-02
1.1508026470e-02
5.6746661705e-03
3.2045512230e-03
7.5102104755e-03
-1.0989748014e-03
-1.1669738975e-02
1.5860046604e-02
-2.2618309054e-02
3.0938971348e-02
-5.1065322340e-03
-2.8107001804e-03
-2.0427148655e-02
2.8356046531e-02
-4.2947869704e-03
-9.0805141693e-03
6.8917575482e-03
-7.5839234628e-03
-2.1398579335e-03
2.9483982368e-02
5.7492123552e-02
-1.0287916350e-02
1.5910241130e-02
-5.2078947327e-03
-1.9077595578e-02
-1.2169321293e-02
2.8295570063e-02
-3.2638376231e-03
3.1597245583e-02
1.2553825624e-02
-3.9974740389e-03
-5.1207054068e-03
1.6063709135e-03
-1.4479842262e-02
3.1019192383e-03
-8.9212613449e-03
1.4663126324e-02
-7.1600137657e-03
-1.3966471393e-02
3.5476172112e-03
2.1633747679e-04
-1.8762678238e-02
-3.8750757136e-03
-1.3307826435e-02
-1.4805952934e-02
-1.9058797241e-02
5.3831053345e-03
1.1182033131e-02
2.8860567857e-02
3.7063056264e-03
4.8908588822e-03
-2.2968690119e-02
-4.0396092576e-03
-1.3860919823e-05
-1.0018280321e-02
-4.1885849693e-03
-1.8562969024e-02
-4.2860386242e-03
6.8126162586e-03
5.6412513418e-03
-1.8686478351e-02
-2.9994539412e-03
7.6420442354e-03
2.4950896503e-02
-8.5271616992e-03
8.9564504407e-03
-1.0729649482e-02
-1.0488651312e-02
2.8302049698e-03
1.0612398346e-02
-7.8055233173e-03
4.9359507958e-03
-1.2242017690e-02
-1.1433903475e-03
9.5514048839e-04
-1.3142492047e-02
1.2053599317e-03
4.1723777878e-02
-1.5302117088e-02
-1.1671033206e-02
3.7873004605e-02
-6.1542239200e-03
6.5404262912e-03
-1.7311283857e-02
-1.6465742647e-02
-4.8042854556e-03
2.1431671675e-02
-1.6637404481e-02
-4.3038040803e-03
4.6040958348e-03
-1.1980625127e-03
-2.0791930967e-02
1.6341906796e-02
3.0675127978e-02
1.7824381086e-03
9.1227946786e-03
-1.1665528827e-02
1.5726528937e-02
2.0524457544e-02
-3.4456871997e-03
-1.4514712769e-03
-7.1895318845e-03
-7.7970632457e-03
1.1074437516e-02
3.1337749059e-02
6.8252009950e-03
-1.9540582789e-02
-1.1620482510e-02
-3.4355198712e-03
3.8477072948e-02
1.3668425806e-02
4.0810936427e-02
1.8842090776e-02
1.2703620985e-02
-2.5753452208e-03
1.3832375838e-02
-1.8208590689e-02
8.6690862146e-04
-1.0496873022e-02
3.6639522640e-02
-3.5239222994e-03
-2.4037551710e-02
2.1442751758e-02
1.5753680758e-02
2.0567924099e-04
-1.2434814897e-02
-6.3416897196e-03
-4.5485588957e-04
5.6407417777e-02
1.4878250056e-02
3.7482360009e-02
1.0201774671e-03
4.7080477845e-02
5.5525721579e-03
1.0125621324e-02
1.4294612443e-02
-2.1963766049e-02
-2.2030632913e-03
7.6198508055e-04
1.2956875073e-02
-2.8715070197e-04
1.3946298115e-02
-1.5716920962e-05
3.3434590279e-03
9.8885211841e-03
-2.2030051364e-02
-1.2815146232e-02
7.2804514867e-03
-7.6735695938e-03
-2.4995719699e-02
9.2584340386e-04
-2.2976774986e-02
-9.6668939510e-03
2.8771710027e-03
1.5028446619e-02
-3.1519909873e-02
-1.4155637518e-02
2.6010383942e-03
-1.2318843390e-02
-3.6272681473e-03
-1.0869896761e-02
-4.2584628366e-03
4.4312856504e-03
-1.8324370592e-05
-1.3189264235e-03
3.9412954715e-02
2.9096314568e-03
-8.7581971709e-03
-1.5086915378e-02
-9.6424592234e-03
-1.4595207513e-02
-9.0462891056e-03
-5.5794428415e-03
3.7845808453e-02
-9.6939456098e-03
-1.7667609457e-02
3.9155778423e-03
-7.9903240202e-03
1.9837850132e-03
-2.0246967347e-03
-3.7623564104e-03
-1.3232487028e-03
6.3442392953e-03
1.1233619300e-02
1.1162500175e-02
-1.2846410085e-02
-6.7960434733e-03
-6.4822981922e-03
-1.3390637719e-02
-1.6869320819e-02
2.8549583090e-02
2.0869548699e-02
4.5529538973e-03
-2.3343935943e-02
-1.8645898160e-02
-1.6408667522e-02
1.3057152451e-02
3.8508467861e-02
1.6316414564e-02
-3.3171910124e-03
-1.2629594912e-02
-1.6699335330e-02
2.3080108110e-02
-2.0968572830e-03
-2.4801104472e-03
-1.0137396973e-02
-9.8274237702e-03
3.5385968573e-03
1.0777368905e-03
-2.3583273205e-02
7.8835255079e-03
2.3393698941e-02
1.6836222513e-03
2.1501854473e-02
-1.9863183160e-03
-2.0751860698e-03
8.3586891299e-03
-1.0114999965e-02
3.9775230313e-03
2.4448104454e-03
2.6118429864e-02
4.4643224816e-04
-2.1964560255e-03
1.4779767877e-02
-1.3320417444e-02
-4.8362264341e-03
-1.9639607032e-03
-8.2135033960e-03
-8.3376082152e-03
8.3150845572e-03
1.1825198823e-04
2.9643736191e-02
-1.5717485359e-02
-2.9073207372e-02
-8.1699603303e-03
1.4781366658e-03
9.4557377343e-03
2.4110714446e-02
-2.0649013571e-02
-2.9040305485e-03
-1.0150546137e-02
5.4230392344e-03
1.1766731053e-03
-6.1604331411e-03
-6.5895473205e-03
-1.1254990923e-02
1.4867191911e-02
-1.6821915744e-02
-4.8832448024e-03
2.1502100352e-03
1.8687330772e-02
8.3657689707e-03
-3.6369081299e-03
-4.5975912087e-03
1.5960477327e-02
1.7865329062e-02
-1.0213880061e-02
1.8087266451e-02
-2.9970697533e-03
-6.1977141315e-03
-9.3192943849e-03
5.1969396476e-03
1.3591570026e-03
-1.1226753506e-02
-9.9893337254e-03
2.6440752789e-02
-4.1533395654e-03
-2.4163435534e-02
-4.7316111441e-03
1.3419970041e-02
-1.7299649614e-03
-6.3820253629e-04
-1.5120092510e-02
2.1882842755e-02
-1.9304147177e-02
-1.3324768698e-02
-7.6024595255e-03
7.0397629502e-03
1.5309346862e-02
-1.6488776765e-02
-9.5669928326e-03
8.5161317290e-03
-6.4824613328e-03
-3.2510649285e-03
-6.1219993268e-03
-8.6763513400e-03
5.1240007687e-03
-9.1888971884e-03
1.1322391307e-02
3.9078998909e-04
-9.8041930741e-03
1.3006130581e-02
-8.6857667573e-04
-2.4146405643e-03
1.8413404865e-03
-1.4655517291e-03
1.7557736506e-02
9.2338324928e-03
-2.2994169957e-02
1.1655345305e-02
-1.3039996992e-02
3.4775555944e-03
6.0655143727e-03
1.0668453978e-02
3.6786453512e-02
-2.1958816421e-03
9.5018237164e-04
3.4754914003e-02
-7.9083240648e-03
-3.4291186986e-03
-1.0139449623e-02
-7.5475136688e-03
-1.8969236090e-02
-4.6534760115e-03
-1.3507164885e-02
-1.5111715694e-02
2.2623424168e-02
2.9765771217e-04
-1.6928294911e-02
7.5125115880e-03
-1.4561747469e-03
-1.0721815414e-02
-4.2415836895e-03
-1.3941660433e-03
1.2633362868e-02
-7.9958036861e-03
-1.3618594639e-02
7.0276756291e-03
-8.1733843042e-03
-7.9723962575e-04
-8.2206232371e-03
1.1472419233e-02
6.6655753733e-03
-5.9347217618e-03
2.0429459049e-02
-1.7818726319e-02
-1.5694246956e-03
3.2768992591e-02
-2.2554921280e-02
-5.1777886523e-03
-1.5421252991e-02
4.2176919879e-02
2.0533681381e-02
5.8487606657e-03
-1.4868103414e-02
-1.5668586533e-02
-2.1840830285e-02
9.9709559085e-04
-2.0670486977e-02
-1.7362737562e-02
3.6570916513e-02
-1.6173637488e-02
-6.9487302683e-03
4.3939417886e-03
-1.6469926042e-02
-1.5217814752e-02
1.5956910669e-03
1.6644506565e-02
2.3926082902e-03
-1.3042129908e-02
-9.9697148816e-03
8.1471648597e-03
-8.0282054951e-03
1.8543008881e-02
-2.3242221116e-02
-2.0694914401e-02
1.9427733564e-02
-6.0319244390e-03
-1.1635865358e-02
-7.5431199786e-03
5.4649359700e-03
4.1946417819e-02
2.3730658025e-02
-2.8568887665e-03
-5.2070034396e-04
-7.0255596662e-03
3.2005175131e-02
1.2820931597e-03
3.9689833691e-03
-2.0253429692e-02
-1.9548983847e-02
-5.5260535694e-03
-1.3580805914e-02
7.2393567143e-03
-9.1768123112e-03
8.2766427215e-03
-2.2665464142e-02
7.9482400305e-03
-2.6407254818e-02
1.2890131349e-02
-9.8960161910e-04
-4.7344939608e-03
-2.0331638102e-02
2.2860342949e-02
8.9312211532e-03
-3.9226695870e-03
2.0452860922e-03
-8.8464831865e-03
-3.3534438836e-03
-1.2806589535e-02
6.1989027021e-02
3.2777054799e-02
-2.1376996005e-02
-3.8578079042e-03
-1.7128502616e-02
-4.7575082543e-03
-1.8631634127e-02
-3.4006098550e-03
1.5548995943e-03
6.7272936688e-03
1.5310523765e-02
1.0567359714e-02
1.0604389056e-02
-1.4055054591e-02
3.9822839665e-03
-6.3579607690e-04
-4.1921022242e-03
1.6680116437e-02
-3.1079890616e-03
-2.1398860917e-03
-2.2166450045e-03
3.1413531817e-02
-1.9656133572e-02
2.4001217920e-02
-9.0309997321e-03
1.0625585018e-02
2.6974769557e-02
9.4291555137e-04
8.0380321518e-03
1.0685263796e-02
2.8002610034e-02
1.9056443265e-02
-1.2614666659e-02
1.1980947188e-02
-1.3505219259e-02
1.1915575441e-02
-1.0038968177e-02
-1.9402240442e-02
2.5855154320e-02
1.5199087840e-02
-1.6166882492e-02
-2.6351174572e-03
-1.5034952721e-02
9.0373116724e-04
1.5330075442e-04
-9.2062959432e-03
-2.9777962283e-03
5.1890478100e-04
-1.1345511075e-02
1.9113971704e-02
-1.8170118896e-03
-1.9395160355e-02
-4.9919864457e-04
-7.0872659403e-03
2.5972382053e-02
-1.7617306833e-02
2.8658812638e-02
1.5305251509e-02
7.6395854313e-03
1.0597695720e-02
-1.7016917750e-02
-1.0901749159e-02
-6.6989054984e-04
1.0040890007e-02
1.5404414657e-03
1.5517615268e-02
2.5159168882e-02
-2.9296719672e-03
-8.2192236585e-03
3.0231427698e-03
-4.5923579614e-03
1.6260434798e-03
6.5997763685e-03
2.0259071695e-02
-1.1513572279e-02
-1.6374046526e-03
-1.6090222422e-03
3.5473261783e-03
-2.3307766215e-02
-1.7502914541e-03
7.0774357586e-03
-2.9671829936e-03
3.9551506260e-03
-1.2771393853e-02
7.6170995535e-03
1.3489966079e-02
-5.2761634706e-03
-1.1146319293e-02
5.3478616451e-02
4.9188865791e-03
1.7601419091e-02
3.7994941896e-03
-2.0615397059e-02
-2.3244212282e-03
7.8734827233e-03
-1.8376264473e-03
2.7645531099e-02
-2.2476774794e-02
-2.8281704066e-03
-1.9218959669e-02
1.2967665704e-02
1.0931999082e-04
1.1248939443e-02
-9.9468174955e-04
2.7329958044e-02
-6.1142700316e-03
1.2942995876e-02
-1.4356592106e-02
9.0348209762e-03
-1.2456732909e-04
1.3091072026e-02
-1.1051685593e-02
6.4871273291e-03
4.1054274004e-03
-9.3550347366e-03
1.2782159176e-02
2.6680675948e-02
-1.6850990383e-02
3.8830615197e-03
1.6837089380e-02
-2.2128872822e-02
-2.7806906013e-02
1.3138825838e-02
-1.8220918758e-03
-2.4364678939e-02
-9.3264072110e-04
1.2844137451e-02
1.5382939150e-02
-6.4117474023e-03
3.5462638307e-02
3.6762462599e-03
5.2715618533e-03
4.5210742314e-02
-1.2380815701e-02
-8.7353558755e-03
-5.0338902505e-03
-1.3598480226e-02
-7.4276278384e-03
4.7870455243e-02
-1.6968185046e-03
-8.2046437097e-03
-8.5522112624e-03
-2.4974720491e-02
-1.1986321618e-02
-6.7071114682e-03
-1.2470555801e-02
1.8294623632e-03
1.3826470967e-02
-1.7344328598e-02
2.9952044284e-03
3.4636444621e-03
3.8018055174e-02
-5.0860904803e-04
-1.0577572791e-02
-3.4804442549e-03
-4.0943867282e-03
1.0518840979e-02
-4.2766383485e-03
3.8981015704e-04
3.7828066848e-04
4.0634660116e-03
-3.2614323002e-03
1.1767969508e-03
-6.8675438684e-03
2.7836095562e-02
3.4490094653e-03
-5.7809466183e-03
2.4092028966e-02
-1.0009041017e-02
-8.7263464638e-03
3.2168602799e-03
1.0682276700e-02
4.0409347881e-03
-4.7715198495e-03
-1.2255915247e-02
-8.9495923280e-03
-1.0117028642e-02
8.6301585164e-03
-7.7225316398e-03
-1.2222237167e-02
-1.4861076806e-02
-7.6621989913e-03
-1.5531682584e-02
7.9332411405e-02
2.2881989272e-02
7.5933812525e-03
-1.0128533585e-02
-1.5905364795e-02
1.4605995372e-02
-2.0929116915e-02
-1.1818231314e-02
-1.2338397008e-04
1.7316329033e-02
9.3445833634e-03
6.3172685355e-03
-2.2040772433e-02
-9.7328008759e-03
-1.0666492685e-02
7.6869973897e-03
-6.9152554427e-03
2.4948874879e-02
6.2179597981e-02
6.6276183432e-03
-1.4175083932e-03
6.2064393769e-03
-4.0640519105e-03
1.8854793829e-02
4.6270572282e-02
-9.1652959570e-03
1.8918443810e-02
6.4471012144e-03
3.9013684383e-03
1.3472283170e-02
-8.5075182653e-03
-2.9682784779e-02
2.8155975652e-02
-4.2867552283e-03
-1.7933127570e-02
4.5475009881e-03
3.0528990323e-02
-4.9236135254e-03
-5.2199238107e-03
3.3198867419e-02
-1.2148051128e-02
3.0329703062e-03
2.2331771226e-02
1.4512523446e-02
1.0726294142e-02
-1.0814259800e-02
2.9926226020e-02
7.3356097435e-03
8.0615270563e-03
1.6414342040e-02
1.3114296135e-02
-5.1538438313e-03
-1.2438645088e-02
-4.4227330761e-03
2.1707895812e-02
2.5849496599e-02
-6.5748750229e-03
-3.7548309840e-03
-1.4384314559e-02
1.2547763354e-02
-1.0512454185e-02
1.5333917943e-04
1.8400871938e-03
-8.4764747587e-03
1.2210591534e-02
1.7584043705e-02
1.1583492452e-03
-1.5408250019e-02
-4.3201669793e-03
-5.7151112298e-03
1.5851070625e-02
-7.2615237850e-04
1.1545321691e-03
-4.9887724861e-03
-1.9378188616e-03
-1.4208642294e-02
-9.0039646849e-04
-2.0531049056e-02
-9.6398337755e-03
-1.0821489079e-02
-1.4050566371e-02
-1.5337408133e-02
-9.4718471173e-03
-1.2104718839e-02
1.0893530082e-02
-5.6703603585e-03
-4.0593774066e-03
-1.9893842883e-02
2.9607897059e-03
-1.0774273922e-02
1.4306455643e-02
1.2263425168e-02
-9.6172430735e-03
3.5890314436e-02
2.2605751220e-02
-1.2693738454e-02
3.6030771478e-03
1.3505507043e-02
6.4040845450e-03
5.0052236452e-03
-2.7514936369e-02
1.3881678435e-02
-1.4511597562e-02
-6.7064490173e-03
-1.7573915818e-02
1.8255585436e-02
8.5152882027e-03
8.6148632434e-03
-1.4167436450e-02
-1.2174550976e-02
-5.9347136549e-03
4.2327050738e-02
3.0531025883e-02
8.6595382952e-03
-1.0375960945e-02
1.9425713878e-02
1.7161911830e-02
2.9060809557e-02
1.9895249314e-02
1.2733019868e-02
-7.3207752279e-03
-1.6715265374e-02
9.5419224262e-03
-6.7648214990e-03
-2.4375707805e-03
-6.3343830628e-03
-2.9820014117e-03
-2.0610605920e-02
6.4064425586e-03
-1.1522217464e-02
-1.3107614347e-02
3.6203426677e-03
3.7526489968e-03
1.2074582592e-02
-2.4343986131e-02
-7.2773787211e-04
-1.9496042624e-02
3.2719648106e-02
-1.2640645613e-02
-1.9461592767e-02
1.2457482537e-02
-1.0750551801e-02
3.4378557569e-02
1.5525774662e-02
4.3224387096e-03
7.0646672565e-02
6.0711352361e-03
1.6491407167e-03
2.6920973227e-02
-2.2799740736e-02
-7.2832065399e-03
-2.5554687630e-02
-1.6798652313e-02
2.0265082368e-02
3.8804618822e-02
2.5915781795e-02
6.4022995479e-03
-1.9398927256e-02
-1.4361588022e-02
6.4909875152e-03
2.4336074002e-05
1.0741912253e-02
1.4642973591e-02
1.5109940289e-04
1.0640626095e-02
-1.7467334123e-02
5.7342391327e-03
-1.4279945691e-02
2.0472917749e-02
-2.0512242617e-02
-4.7156082344e-03
-6.7165065566e-03
-2.0257863986e-03
2.1312525440e-02
-1.5096686974e-02
-1.2489663437e-02
-1.5328899878e-02
-9.6819546691e-03
-4.5550878890e-03
3.6383471754e-02
4.0069617221e-02
-2.5653997554e-02
-2.2097789925e-02
-2.1758703234e-02
2.2971572021e-02
1.6145487981e-03
-7.2305809908e-03
1.0229010166e-02
-2.3677882350e-03
4.3289103698e-03
-1.3619964703e-02
9.8316692421e-03
2.6406199732e-02
-1.3007517610e-02
9.5251011854e-03
-4.4353381424e-03
-1.0680572226e-03
6.3936172122e-03
1.2920453766e-03
1.3203345871e-02
-1.7011360237e-02
-1.1722261468e-02
-2.7006867993e-03
-1.6311639561e-02
-3.5834542553e-03
-2.1974948248e-02
-5.0663420926e-03
1.5531037618e-03
2.0184801941e-02
-1.8941090325e-03
-1.8919292763e-02
-5.8162777183e-03
5.5040598852e-03
2.1596257715e-03
-1.4624813226e-02
-3.4492841238e-03
-4.8011717967e-03
-8.4601444804e-03
-8.8400767188e-03
-1.2912481476e-02
-1.3505990505e-02
1.9441253573e-02
-1.1194002330e-02
4.9136006468e-03
-4.5643297376e-03
4.1278517260e-03
3.0498056767e-03
7.1939861218e-03
1.6453698759e-02
-1.4792393535e-02
-1.1679166123e-02
-2.3880305446e-02
-1.8262818168e-02
-1.5191898746e-03
-7.7633906111e-03
5.8304588427e-04
3.0486674572e-02
-2.1576626469e-02
1.6271291541e-02
4.6306166295e-03
2.9721935688e-02
1.5001534089e-02
-6.3383570176e-03
-2.7860754528e-03
2.7568579840e-03
4.3268285429e-03
9.0254862200e-03
-1.2636852765e-03
-5.2738176919e-03
1.9136294074e-02
-9.5654211775e-03
8.2701714947e-03
-7.7711003510e-03
4.3330360900e-02
3.0420214292e-02
-7.9594458339e-03
7.3234448094e-03
1.5619125357e-02
1.7035456198e-02
-2.0309933613e-02
2.6462862110e-02
-2.2142311664e-02
6.5376603599e-03
1.5928124174e-02
-3.0281411579e-03
1.3563907933e-02
-1.1136909686e-02
2.2819123372e-02
-1.9890907628e-02
-1.0049504315e-02
1.3260665559e-02
1.4383409364e-02
3.8453906251e-03
-5.3016295943e-03
3.7649921827e-03
4.1575289206e-03
4.5206767554e-02
-1.4080952494e-02
-2.6022194625e-02
1.2785930129e-03
-2.1688952284e-02
1.3223815426e-02
-2.7102360199e-02
-2.7124629112e-02
8.3304158665e-03
-2.8726934448e-02
1.7967244960e-02
-1.4886459854e-02
-1.4391789364e-02
5.1915992545e-02
-1.0122741315e-02
-4.8091698452e-03
-6.4510064151e-03
1.2598787408e-02
9.0034519089e-03
-1.2199747941e-02
2.2397320844e-02
-6.0236636031e-03
4.8741185550e-04
-5.4393656434e-03
-1.3086965518e-03
-1.7870439745e-02
-1.0315498880e-02
1.4539715351e-02
1.0080454151e-02
-2.9812813185e-03
1.6320845735e-02
-5.7295246372e-03
2.9523501682e-03
8.3430712296e-03
1.0353949064e-02
-1.8736938500e-03
2.1657264088e-02
3.4220811541e-02
-2.5627739136e-02
2.2782635593e-02
-9.3815225283e-03
-1.4526515917e-02
-1.2342983972e-02
6.1527288135e-03
-6.4320464192e-03
-1.3450924223e-02
-8.3384920715e-03
-9.0401220829e-03
-6.5912094069e-03
9.8761281286e-03
-1.4220497567e-02
2.0266269609e-02
-7.0456181390e-03
-1.2965280404e-02
-5.1775398225e-03
1.0730542076e-02
3.2758524550e-03
-9.8173963952e-03
1.7306463189e-02
3.4022911898e-03
-5.9559170364e-03
9.0177542521e-03
4.4464362208e-03
1.1513497901e-02
2.0980038193e-02
-1.2240242423e-02
-1.4555085380e-03
-1.0776709810e-02
6.7407367685e-03
5.8807643888e-02
-1.8684001918e-02
4.6793097149e-03
-7.6011809217e-03
-4.4192912000e-03
-4.4699818737e-03
4.5090715154e-03
-1.9741095830e-02
1.4059432050e-02
2.7578771340e-02
-7.6099531536e-03
-1.0741335147e-02
-1.9000045551e-02
3.7573047163e-03
9.2468593743e-03
8.3921312046e-03
2.0201415149e-02
1.1197196794e-02
-4.0127096230e-03
-6.7916908192e-03
-1.1496931518e-02
3.9366708460e-02
-1.0334475387e-02
1.6090717446e-02
2.9261626526e-03
-5.5458789297e-03
-9.7493678582e-03
9.6292900280e-03
-3.2748179256e-03
9.2348122340e-03
-5.0549450417e-04
1.7144725408e-02
-1.5829583740e-02
2.1795206932e-02
-3.5220813506e-03
5.4001006124e-03
-9.6009862198e-03
2.2167987935e-02
4.7264311832e-02
-2.3125198482e-02
-8.7590385065e-04
-1.0687673703e-02
-3.9734613541e-03
-2.4461800630e-03
1.0623809412e-02
-1.7678895318e-02
-1.6006325407e-02
5.3559245278e-03
4.8860477703e-03
-1.1268056688e-02
1.7590151338e-02
-4.7972821542e-03
-1.1625872723e-02
8.0637350735e-03
-1.0648837374e-02
-8.4984578833e-03
-5.8374490483e-03
1.4681898053e-02
-8.2468233500e-03
-1.5048060016e-02
-1.3105997006e-02
5.0666191792e-03
-3.6756394785e-03
3.4243599288e-03
2.4929213711e-02
-1.5960119631e-02
-1.6457418388e-02
-8.7964302092e-03
-4.2802825237e-03
-1.0566558591e-02
1.2025216917e-02
-1.6769312447e-02
-5.4606134792e-03
-9.9980021588e-03
-1.6900419610e-02
4.7708221653e-02
-1.1090988466e-03
5.0743668970e-03
-4.5614788874e-03
-1.3271085243e-02
8.8231718914e-04
-1.3253326194e-02
2.1122501219e-03
4.4750041128e-03
-2.1905034048e-03
1.0419208636e-02
-7.9597854581e-03
-1.4480183279e-04
-1.5090460014e-02
8.2890227164e-03
2.0768744164e-03
-2.2202218003e-02
6.3386550672e-03
-1.4882273531e-02
-1.1910359118e-02
-2.2752329082e-02
-1.0162682624e-02
-2.9789814332e-03
2.9568034247e-02
-1.5000146346e-02
2.3388341207e-02
5.5561524270e-05
-1.1525322083e-02
-1.2490024587e-02
1.6859846058e-02
-9.2750473054e-04
-1.6185915131e-02
-1.1627169258e-02
-6.1315271922e-03
-1.0413274303e-02
9.5852917207e-03
-1.6206849595e-02
1.4396129042e-02
2.2480400553e-02
3.5068624154e-02
3.6604128167e-02
1.9141520557e-02
-1.4283966484e-02
-1.2580340584e-02
-1.1241525028e-02
-1.9781921728e-02
-1.1922136490e-02
1.8045492838e-02
-7.7530612049e-03
-1.0692592588e-02
-1.1055503504e-02
6.6452643751e-03
-1.1232674639e-02
-1.6243821413e-02
4.4321423191e-02
-1.9651824050e-02
-4.4759441306e-03
5.7889193987e-03
4.6135790569e-04
8.2939483023e-03
-1.1291702573e-02
-1.0400363890e-02
-1.1526245055e-02
1.0127770182e-02
-2.7255455870e-03
-7.1482507941e-03
2.6794239183e-02
2.5590820383e-02
1.9274506255e-02
-9.4273971104e-03
-6.3146951094e-03
4.6183323662e-02
-1.3729445072e-03
-1.3419725553e-03
-9.0185625908e-03
-1.1028750286e-02
1.9227852944e-03
-2.1773292509e-03
-1.5753568150e-03
-1.1159209208e-02
-1.4282499994e-02
-1.6219819230e-02
2.7415604409e-02
8.9278054677e-04
-8.8262467567e-03
-1.9636888340e-02
2.0310328729e-02
7.6118336185e-03
-1.5393275438e-02
-6.3847220776e-03
-2.0020907375e-02
-1.4175871179e-02
5.2239684558e-04
-8.9883220000e-03
-2.7959098364e-03
-6.5669835783e-03
-1.4013270397e-02
1.5867336708e-02
-2.3352007948e-04
-1.4677993389e-02
5.2615403351e-03
-2.0219903744e-03
1.1050874176e-02
-3.9734657841e-03
-2.4135875245e-02
3.8306269117e-02
-1.8572865064e-02
9.0212969627e-03
-9.0634676328e-03
-6.4094142189e-03
-2.0954945850e-03
1.1675886105e-02
-1.3272756918e-02
-2.6856685143e-02
-1.4647083654e-02
-2.2627009115e-03
-2.4859872603e-02
-2.1945887652e-02
6.8568044533e-03
2.8502417976e-02
3.6374837421e-03
1.1170101767e-03
-2.4003793102e-02
-5.2675128217e-04
-9.3093091891e-04
9.5997205289e-03
-1.2513069434e-02
-3.8271392699e-03
7.6696899657e-03
-2.4550451157e-03
3.5584391217e-03
7.1918693020e-03
5.5940425560e-02
-1.9100281234e-02
8.0629937387e-03
4.4269276262e-03
2.4835709514e-02
9.5565363371e-03
5.3585271296e-02
-2.6789465320e-02
-2.5140919630e-03
7.8392599502e-03
-9.2287747338e-04
-1.9364967197e-02
6.7622584241e-03
-1.9767483202e-02
-1.1809557112e-02
3.6681753419e-03
-3.7119911565e-03
-4.6189643184e-03
-1.0421343582e-02
-8.5789166623e-03
-1.0941936856e-02
-1.5562590601e-02
4.6937715229e-03
-1.5798159109e-03
9.1121414669e-02
4.6048771821e-02
2.0579507930e-02
-5.4818700364e-03
1.8050261210e-03
-1.6770242749e-02
-1.1794321599e-02
-1.3045051862e-02
-1.2010351990e-02
3.5952106859e-05
3.6623453398e-02
8.9319533386e-03
6.9788083024e-03
1.0215627404e-02
-5.3069339317e-03
4.8749877397e-03
-6.3621652690e-03
-8.3570993947e-03
-5.8016071162e-03
1.8331175938e-02
-1.2478260932e-02
6.4316181890e-03
3.6145641034e-04
8.1969718390e-03
4.6937303733e-03
2.5675218654e-02
8.4903775461e-03
2.0737443014e-03
-2.0736155301e-03
-2.8738196548e-03
2.1844415782e-02
1.1749702935e-02
3.3610154554e-03
2.8498297829e-02
-1.9544834960e-02
-1.5767245774e-02
2.0427344750e-02
-1.5695889982e-02
-1.9163808240e-02
-1.7673028845e-02
-1.5112841175e-02
-2.0428017679e-02
-1.4447020329e-02
-1.3760618894e-02
-1.5567877863e-02
-2.0952564690e-05
-2.2929387281e-02
-1.3815748613e-03
-8.4482766451e-03
-1.1355815258e-02
7.7359921676e-02
-1.9181277168e-02
-1.7517881016e-02
-7.1803089905e-03
1.6882373626e-03
6.2490067787e-03
-1.2777542015e-02
3.3930385060e-02
1.2573969737e-02
1.8863146410e-02
1.8641241449e-02
1.9462131531e-02
-9.7397952356e-03
1.5563612392e-02
3.4281040710e-02
1.6710451147e-02
-4.3167400775e-03
-1.7410865987e-02
8.8095625630e-03
-7.9996512738e-03
2.2641565932e-02
1.8869351698e-02
1.9869990246e-03
2.3805935219e-02
-1.6815072468e-02
1.9362575108e-02
4.8005152956e-04
-1.5704833667e-02
-1.3521563055e-02
-1.1062121164e-02
-8.2619189430e-03
-2.0119636939e-02
-2.1957670110e-02
-1.6697020035e-02
-7.7378036781e-03
-6.5604826059e-03
-6.7466873730e-03
-1.0777841630e-02
1.0883393358e-02
-1.1966217686e-02
6.3006789589e-03
2.3581433768e-02
2.6744302542e-02
-4.5803566161e-04
-6.8710837182e-04
-1.8621401845e-02
5.3817165207e-02
9.5200123732e-03
-1.7321775132e-02
4.2518538916e-03
-7.3878688947e-03
7.7355503862e-03
-6.3906989747e-03
2.9032839390e-02
-1.3816491402e-02
4.1061282025e-03
-4.7361371596e-03
5.7549216093e-03
-1.7308862602e-02
-2.1862712920e-02
8.9512118505e-03
8.3435637012e-03
-1.1231051737e-02
-1.1049124540e-02
1.6140037982e-02
-7.0853581351e-03
-2.4537226006e-02
-2.4358691789e-03
2.3020578408e-02
5.0278948065e-03
-3.1049555927e-03
-1.3429541232e-02
3.0899839635e-03
-6.8345170139e-03
-9.8496975709e-03
3.7785244861e-03
-2.0005055553e-02
-6.4335002597e-03
-1.1133589331e-02
-1.5565435572e-02
8.0916203417e-02
-3.8759310866e-03
8.0386690739e-03
-9.3743119313e-03
4.7874174792e-02
-3.4340579614e-03
6.5330983504e-03
1.3517447343e-03
-1.5356200191e-02
4.3751251812e-03
-9.4872034917e-03
1.4812240102e-02
1.2936414877e-02
-4.7982598081e-03
6.7073679524e-03
3.5389030951e-02
1.0593984791e-02
-2.0883494401e-02
6.9894752483e-03
6.0120211653e-03
6.2204305054e-03
-1.6305468137e-02
1.0741871515e-01
2.0272907343e-02
-1.4014234897e-02
-3.3847754773e-02
-7.1067679346e-04
-2.5187856623e-02
-1.6923132519e-02
-1.9911026530e-02
8.2575358765e-02
-1.7879198470e-02
-3.2668604498e-03
4.3750844506e-02
5.6934734885e-02
-1.2221808524e-02
-1.9576938172e-02
-1.0721332093e-04
2.2583543553e-04
1.7622115107e-02
6.4784786283e-03
3.7730904428e-03
1.4989105019e-02
-1.3419419358e-02
2.0061900340e-02
1.5396683259e-02
3.8946716973e-02
-5.2763602626e-03
-4.7391331026e-03
-1.9113029487e-03
-1.3073333204e-02
1.3865543658e-02
-6.5110981799e-03
2.3852905277e-02
-1.0128050432e-02
-2.2557719261e-02
-2.7983698461e-02
1.2983414116e-02
7.5662632713e-03
-2.2300997992e-02
1.4728507430e-03
8.9345583582e-03
-5.9341753392e-03
8.2079493824e-03
2.0160724237e-03
2.7397973196e-02
6.8432105441e-03
1.5870113398e-02
-2.0354428865e-02
7.2604152001e-03
-1.5783664891e-02
1.0882472614e-03
-1.2945479804e-04
2.0754324186e-02
9.3949413405e-03
1.3036882900e-02
-2.4314848917e-03
3.3094745334e-03
-1.1371077361e-02
2.0607817678e-03
-1.2621134868e-02
1.2169691017e-02
-7.4731445080e-03
-6.6754470312e-03
-1.4864214637e-02
7.9015983682e-03
4.2394477550e-03
8.2601281166e-03
-7.1290340664e-03
1.3064686716e-02
-5.3042295412e-03
3.3760714096e-03
1.8277369231e-02
9.2098866787e-03
-3.8584202898e-03
2.4757370554e-02
3.0409359810e-03
8.3176257515e-03
3.2034746325e-03
7.9255477195e-03
-2.8208953192e-02
-1.0094776139e-02
-2.1515998102e-02
1.1853484410e-02
6.3959773661e-03
2.2453841992e-02
8.0434057286e-03
-1.0265589082e-02
-6.3615178297e-03
2.0459015080e-02
-1.1310821458e-02
-1.3925697135e-02
4.2931259268e-03
4.9952956051e-03
8.8761930620e-03
-4.4630284648e-03
-8.3842083258e-03
-1.5430841354e-02
-6.7924415282e-04
2.1869833147e-02
4.6519475635e-03
7.5038651923e-03
-7.9185469721e-04
-7.5599269578e-03
-4.4929942929e-03
-1.0885855276e-02
-2.4615741513e-02
7.5184571141e-03
7.2211122890e-03
1.6378994851e-02
-1.5197488569e-02
2.3709694413e-02
-1.9814418495e-02
9.7885248484e-03
2.1865323351e-03
2.2898302088e-02
2.2248790318e-03
-1.6268389657e-02
5.3509288193e-03
-6.6173785026e-03
-2.2436283254e-02
-6.0313471522e-03
-1.6250413833e-02
6.3239240507e-03
1.5701021139e-03
7.0924116198e-03
1.3598248664e-02
-9.9835984505e-03
1.5984692162e-03
1.0959072242e-02
-8.5223142596e-03
-5.4087273653e-03
2.4548035726e-03
1.0811124565e-03
1.6811677781e-02
1.0151378516e-02
4.5806117176e-02
5.1297435010e-03
6.8704860577e-03
1.2371895078e-02
4.6880314693e-03
6.5956721974e-03
7.5046771233e-03
-1.9700824182e-02
1.7659384167e-02
9.1082155438e-03
-4.1269902137e-04
1.4786672700e-02
-2.2298164836e-02
1.6552562297e-02
3.8245557579e-03
-2.1507337009e-03
-1.4555902235e-02
-1.7042382854e-03
-4.9477937249e-03
-1.1240609539e-02
3.4030588941e-02
-5.8093974798e-03
1.4094516018e-02
-6.7813695339e-03
-1.2752288402e-02
1.4875897111e-02
-1.3475401105e-02
1.4841676702e-02
-1.2429151455e-02
1.1003306751e-02
-2.2535684241e-03
3.8512799553e-02
3.3976043152e-02
-1.3194257777e-02
-3.0100239900e-03
1.0791987277e-02
-3.9507575575e-03
1.8393479408e-02
-1.9849048128e-03
-1.6542695104e-02
-1.0484452521e-02
2.6137216968e-02
2.0383499709e-02
-8.1020558107e-03
9.0779741688e-03
-9.0558585079e-03
1.2054675680e-02
2.1147493456e-02
-1.2742977089e-03
-1.5326182703e-02
-9.8022883607e-03
-7.9947819607e-03
-3.5201903576e-03
-1.0631688218e-03
5.5048723995e-03
-7.3119199777e-03
-3.4834541455e-03
-1.5304510181e-02
2.1729296714e-02
-1.5689408706e-02
-2.6973384136e-03
-1.7025188274e-02
1.2480151724e-02
8.7413252668e-03
9.8296674629e-03
-7.5053264993e-03
2.8713238328e-02
2.3952823092e-03
7.3966644391e-03
1.7009933978e-02
-2.2604647803e-02
6.6737716674e-03
7.2284616588e-03
-5.5565964527e-03
1.1829013137e-02
-3.2294472947e-03
-7.5652148978e-03
-1.0373525865e-02
-5.3421737418e-03
3.6478799046e-03
-5.0469665976e-03
2.9168659493e-03
3.0845172335e-02
7.0403904408e-04
-2.7995548455e-02
-2.3152722058e-02
1.8544021585e-02
1.9553072648e-02
-3.4031294747e-03
-1.8771531777e-02
3.0914246765e-03
-1.5283229027e-02
4.3067738971e-04
5.3776035605e-03
-1.5475502422e-02
-7.6630080727e-03
-5.6057049341e-04
-1.9127857803e-02
8.8273850113e-03
-1.1071567454e-03
-1.5426378951e-03
2.1585368282e-02
-4.2605627897e-04
-5.5910602364e-03
-1.8565280048e-02
-7.0929790513e-03
3.2630502737e-02
-1.1371349081e-02
7.6922335732e-03
-1.4000089073e-02
1.7035382339e-02
5.8366326238e-03
-1.2186112637e-02
-5.4958894892e-03
1.1417266459e-02
-5.1075458043e-03
-2.7405794681e-02
-1.3561160156e-02
4.0064695605e-02
1.6348720774e-02
3.3120708070e-02
-1.4104879665e-02
-1.0598295439e-02
2.4531097949e-02
1.0093302834e-02
3.7951528376e-02
-9.1662345606e-03
1.5673521503e-03
1.4645874581e-03
-1.0905595722e-03
1.6552325093e-02
6.5759778839e-03
1.9279983541e-02
-8.9791578152e-03
-1.1545871789e-02
-9.3519216972e-03
7.2310816809e-04
9.0441928027e-03
4.7237197735e-03
3.3836694697e-03
1.7525491406e-03
-7.4133191755e-04
-1.5033189750e-02
-3.1788171658e-03
1.4939744179e-02
1.8555720918e-02
-4.9895751932e-03
-2.5235184968e-02
1.3286616380e-03
-2.6408412177e-02
-1.8766664494e-02
-1.1838702285e-02
4.8706491240e-03
-4.3167023115e-03
7.4597641019e-03
-4.0498649794e-03
5.1410295944e-02
-2.3184523162e-02
7.5721358388e-03
1.7642831434e-02
-1.9852398956e-02
2.0446873929e-03
9.6313574186e-05
2.0588139771e-02
-1.0481937504e-02
-1.9791775710e-02
4.5035002570e-03
1.9160454588e-02
3.9058131460e-02
-3.7847306853e-03
1.0571950503e-02
2.0818126229e-02
1.4018031238e-02
9.2223655472e-03
2.4799301788e-02
-1.6948698200e-02
1.1392841656e-02
4.4958478854e-03
-4.5778973814e-03
1.6681608818e-02
2.0826012929e-02
-7.8153596463e-03
-9.3801166322e-03
1.4388934933e-02
9.1394719036e-03
-1.0423857748e-02
-2.5433593139e-03
1.6478987315e-02
1.3543137186e-02
1.1873841432e-02
-5.1715176710e-03
-1.1673882312e-06
-1.7461467564e-03
-8.0110017622e-03
-7.8151162388e-03
-7.8727196659e-03
3.0703546317e-02
5.6638082564e-02
-3.2532401799e-05
9.9431807855e-03
-1.7872766000e-02
-1.3335578843e-02
-1.2390208207e-02
-2.4089563846e-02
5.4082656350e-03
-1.8236947989e-02
1.6996657031e-02
2.1334803085e-02
-1.0103132069e-02
4.8749437779e-03
-1.6240548615e-02
1.9295057728e-02
-1.0837780168e-02
5.3888535180e-03
-1.3079883619e-02
7.2744319711e-04
1.3017832896e-03
-1.1496964557e-04
1.9431014532e-03
-2.9432712090e-02
-1.6781946101e-03
8.3583931168e-03
-6.6335525964e-03
-1.0246885152e-02
-2.2969094483e-02
3.4611391154e-02
2.0606805996e-02
3.5750816987e-02
2.0634769561e-02
-9.4042284616e-03
6.1930112801e-03
-8.7725880042e-03
1.4568896053e-02
-1.4481373297e-02
-1.9984876481e-02
9.3384091617e-04
-1.7285610699e-02
2.4934800016e-02
-1.1342027957e-02
-1.5319843494e-02
-1.4736920021e-02
-1.5314019456e-02
-2.2073050971e-02
-3.6638002820e-03
-1.0539071475e-02
-1.0626596339e-02
5.4598964162e-02
6.6150238111e-03
-1.6627677114e-02
1.0880135104e-02
2.1154988562e-02
-1.1115879950e-02
5.8697553291e-02
1.3243063615e-02
-9.3204944161e-03
-1.2298264872e-02
-1.1143081244e-02
-1.4197756219e-02
-1.2890643810e-02
1.1165655729e-02
2.5545813971e-02
-2.4604034570e-02
-1.9720350881e-03
-3.0181470570e-03
-6.3315598972e-06
-1.2949117125e-02
9.5946488904e-03
1.2684981961e-02
2.4658632482e-02
-1.4269417291e-02
8.9939154983e-04
-1.7106921226e-02
-2.4675552385e-03
-1.5199720842e-02
-9.2030977839e-03
3.5692205204e-03
2.2376405687e-02
-6.6410233105e-03
1.0944934985e-04
-4.5766753718e-03
2.6177590933e-02
1.5008815508e-02
-4.5740219543e-03
-7.8000198188e-03
4.7849782560e-03
2.4731372119e-03
4.8399669419e-03
-5.5254744079e-03
-1.4313505455e-02
3.1780698366e-04
4.4834606695e-02
2.2624529185e-02
4.3627391848e-03
2.9844930998e-02
-1.0927980221e-02
8.6030212808e-03
-1.6968425411e-02
-5.6072963728e-04
-1.2224531391e-02
-1.6446019366e-02
-1.7057688954e-02
-9.8323263805e-03
-1.2521489916e-02
-2.0248670442e-02
-3.6940988326e-03
-2.3578614839e-02
-1.9065299095e-02
-6.8020402974e-03
-5.9913307489e-03
9.5769657764e-04
-4.2117299293e-03
1.6338387202e-02
2.1241842809e-04
-2.2437870337e-02
6.8586227127e-03
1.6199826213e-02
2.0469700878e-02
-1.0539682189e-02
8.9656514306e-04
1.6903748312e-02
-2.8448803463e-03
7.6442852283e-03
5.3101405536e-03
1.4945059858e-02
3.5016572195e-02
3.1877537577e-02
3.4064912759e-02
7.3007808426e-03
-2.0303630302e-03
-1.9588804289e-02
5.8544332645e-03
-9.6020652403e-03
-1.4549601906e-02
5.3024943357e-02
2.9734297821e-02
2.6864666335e-02
-5.3771292792e-03
-1.5985218290e-02
2.3929080706e-02
-3.6563942854e-03
-3.8563349346e-03
-7.8868392274e-03
4.7976656225e-03
-1.4269330150e-02
-1.9404465783e-02
2.3109516354e-02
1.0301406033e-02
-1.0577177187e-03
-9.3343257272e-03
4.6545547075e-03
1.5471186367e-02
1.8456688182e-02
-1.5133400449e-02
-1.7539686854e-02
2.8689577025e-02
-1.5264127187e-02
1.9929347606e-02
9.3748386780e-03
4.4970887555e-02
-1.6582341734e-02
-1.0368152103e-02
-1.2470129578e-02
-2.1065741543e-02
5.6890827440e-03
-3.5005509008e-04
-1.0911454264e-02
-1.6401944594e-02
-6.1381068932e-04
-1.3205985986e-02
2.6906282242e-04
-1.6632032521e-03
-1.5330164118e-03
1.6255342662e-02
-1.0567196101e-02
1.1884842043e-02
1.3248023852e-02
3.5706433296e-03
-1.6463096640e-02
2.7319572467e-03
-1.4814002222e-02
-1.1738783018e-02
-2.0903020702e-02
1.8694474344e-02
-5.3089451768e-03
1.6428382616e-02
-1.6182013761e-02
5.8906748974e-02
6.4816035599e-03
8.2768023537e-04
-1.6671035565e-02
-2.1301217135e-02
-3.6073460009e-03
-1.8919188157e-02
3.0058203987e-02
-9.2641691606e-03
1.9426319285e-02
6.9951449673e-03
1.0094234897e-02
-8.0043433867e-03
2.3611448840e-02
-2.1233717892e-02
-4.6737565044e-03
-1.8318911609e-02
-1.6636963929e-02
8.0386663035e-03
-1.4337077933e-02
2.2355515957e-02
-6.9865708345e-03
-1.1008382579e-02
2.3130616308e-03
1.0542698614e-02
7.5905945727e-04
-2.1554143786e-02
-9.8479769415e-03
1.6043188327e-02
9.8418186280e-03
-1.3418787462e-03
2.7938466771e-02
-1.8024929664e-02
6.5326455920e-03
1.0458392051e-02
2.7410364832e-03
8.1161675597e-03
-6.9763597608e-03
2.3939372636e-02
-1.2602624536e-02
-1.3377546497e-02
8.6896896000e-03
-3.0692503545e-03
2.9424000732e-02
1.1925608350e-02
1.8030202735e-02
-7.2687431248e-03
1.5103979898e-03
-3.9103461644e-03
-5.3557228606e-03
1.5974952411e-02
-1.7817638370e-02
9.0718630434e-03
-8.5169663457e-03
-9.3959337880e-03
7.0786759963e-03
2.2338048691e-03
3.0553544946e-02
-7.4798172907e-03
1.0703860693e-02
1.8352420664e-02
-1.0057317843e-02
3.2677157441e-02
1.5858500585e-02
-1.3526080062e-02
-3.4501117475e-03
-2.4133590110e-02
1.0222545839e-02
1.7347171345e-02
1.1789420066e-02
-5.0016057806e-03
-3.4993136791e-03
-1.0860516184e-02
-8.4662873228e-03
-1.1231596435e-02
1.8828295418e-02
3.2323334262e-03
-4.9372845649e-03
6.0555857055e-03
-1.7018336239e-02
9.7542473079e-03
3.5054765438e-02
2.5045156602e-02
1.8456209746e-02
-2.2830531036e-02
-7.9354052802e-03
-7.0378361728e-03
2.2369034934e-02
-6.1170856126e-03
-8.4350635475e-03
-7.6594566050e-03
-2.5763314873e-04
-8.1363939184e-03
-9.3106764728e-03
-2.1187249324e-02
-6.1868731854e-03
-5.7463688550e-03
-1.9766592660e-02
1.5870620964e-02
1.9649348362e-02
-2.5840673844e-03
5.0320461820e-03
-2.0529220336e-03
-1.3520103107e-02
-4.3411047133e-03
1.1186701129e-02
-5.4572451607e-03
-1.4460706408e-02
-1.6602302682e-02
-1.1043379079e-02
-1.2352598117e-02
4.6726421537e-04
-3.1539514425e-03
1.0445482649e-02
4.4136681625e-02
2.6709750975e-03
-2.4633828643e-02
-7.7893655458e-03
1.0833488196e-02
-5.6954851161e-03
-5.6081481991e-03
-1.4561363817e-02
3.1448935832e-03
1.0517592852e-02
-1.1557667222e-02
-5.3663392231e-03
1.4089195708e-02
-1.3710570778e-02
-5.0752164118e-04
-1.1949014034e-02
-2.2840000005e-02
-2.2293501493e-02
-1.0240177415e-02
3.9977901641e-02
-9.2784613263e-03
-8.5110326987e-03
-3.3276335415e-03
-8.4678907015e-03
6.9415802375e-03
1.4659355973e-03
1.0174682377e-02
-7.5955595849e-03
-1.5667869201e-02
-1.0662847732e-02
7.7371143310e-05
3.5359113180e-02
-1.0292256852e-02
1.4684269982e-02
-2.0546762527e-02
-3.7735210489e-03
1.4912048886e-02
-1.7320136457e-02
1.9439098496e-02
-1.1032472122e-02
-1.8518335690e-02
1.5164322266e-02
-1.6281554632e-02
-2.2552819595e-02
-6.1799461515e-03
1.6732382381e-02
4.3187508771e-03
4.4785527903e-02
-6.7254076820e-03
-1.2721667650e-02
-7.6755580044e-03
-8.2531932880e-03
2.1284665388e-02
6.0960023639e-02
3.8383466119e-03
-1.3213960170e-02
-3.4371086919e-04
-8.7189732368e-03
-2.6586324161e-03
-1.4786667436e-02
-1.4760906877e-02
-2.2468231432e-03
3.8569001868e-03
-1.4515786642e-02
7.0638812827e-03
5.9570079845e-03
1.9402347973e-03
2.9137769633e-02
2.6098612687e-02
7.8535919532e-03
-5.6533592627e-03
1.3186874286e-02
-8.0866089477e-03
-1.5940184751e-02
-1.2255488364e-02
-1.1982557966e-02
5.4720102395e-03
3.6930493349e-02
3.3011107623e-02
2.1480353825e-02
-1.0665874654e-02
6.0266072021e-03
-1.3565504375e-02
-4.5959814571e-03
-5.0066906989e-04
1.7181939171e-02
-1.9031123179e-02
-4.4940062163e-03
-1.3876579331e-02
3.7562105304e-03
1.1272354140e-02
1.4701480215e-03
4.1207575882e-03
1.2237345041e-02
4.2896464970e-03
-1.3158852315e-02
-9.6541103527e-03
1.6498079738e-02
-4.7441675948e-03
-2.1263993637e-02
-2.4490506476e-03
-5.2223740645e-03
3.0227427441e-03
-1.4945883466e-02
-3.0193414433e-03
-2.1158750997e-02
-5.3000732622e-03
-1.6592148014e-02
-1.3370161405e-02
-9.0808944828e-04
-4.7307188596e-03
-9.5669211063e-03
4.6713467501e-03
7.1031509600e-04
-1.0001589147e-03
-9.7292049527e-03
7.9472838233e-03
-2.2128376081e-02
-1.9695461291e-02
2.3843842390e-02
2.0034341644e-03
2.7462297420e-02
2.6588122871e-02
1.5209535020e-02
-1.1447023885e-02
-1.7932230619e-03
-4.2819005747e-03
1.1416207953e-02
8.1319767430e-03
1.4403577039e-02
2.7211061182e-02
-1.6135027796e-02
-1.4664061759e-02
-5.0922639089e-03
4.8018841250e-02
8.8382041721e-03
1.6802336849e-02
6.7498390347e-03
3.1690968210e-02
2.5067007788e-03
-8.4584594481e-03
-1.9310856735e-02
-1.8895012045e-03
1.1508509647e-02
-3.1091587864e-03
2.5086921719e-02
-1.1552910729e-02
6.1460396958e-03
-1.2635025614e-02
-1.8191396585e-02
-1.3384913075e-04
-8.0165181015e-03
-1.2513746844e-02
-4.7984626515e-03
1.1752577946e-03
1.0549483755e-02
1.2585084379e-03
1.3716591316e-02
-7.4246422789e-03
-1.1992355583e-02
-1.1974770970e-02
2.0903288740e-04
6.1755484518e-03
-2.3940064327e-03
-8.5731856807e-03
-3.4956900569e-03
-1.7026089650e-02
3.0328108559e-02
-8.9232395628e-03
2.2670361123e-02
-2.3057422414e-02
-9.2886099190e-03
1.0369918548e-02
3.0938193041e-03
-4.9900245566e-03
7.6103481242e-03
-8.0923063144e-03
1.3367374244e-03
1.0389197360e-02
-1.3052629634e-02
-1.7841912369e-02
