-1.3950538987e-02
3.8755984952e-02
-2.1077658935e-02
9.0947896494e-03
-4.8868879284e-03
-2.4263630092e-02
-1.0318142447e-03
-1.2265466868e-02
-3.2672783877e-03
2.8120337094e-02
3.1577813772e-05
-1.4859816088e-02
3.9285299695e-03
-1.1188839177e-02
3.8941850433e-03
1.5609340572e-02
1.2376488795e-02
-1.3869237972e-02
-1.0151435499e-02
-9.0783904530e-03
2.0597679873e-03
3.4353307925e-02
1.0301686674e-02
2.8976060434e-02
-1.2664040573e-02
-6.5095795217e-03
1.7737664128e-02
-1.1189715536e-02
2.8159946530e-02
-1.3971272901e-03
3.8762322594e-02
2.5480453134e-03
-1.3326677715e-03
5.6018941999e-05
1.4918688970e-02
-8.1668713123e-03
1.4303143311e-03
-1.3193160459e-02
6.2022834824e-03
1.3175019786e-02
8.3069105335e-03
-7.3268670284e-03
-5.9858961984e-03
7.6015113315e-03
-6.6374591769e-03
-8.8616869496e-03
-8.7541109299e-03
1.0971359634e-02
3.3253179202e-02
1.8095465184e-02
2.8506332729e-03
-1.8056469464e-02
2.3600967177e-02
-1.8883028273e-02
3.2921864455e-02
-2.5544394650e-02
1.1466641654e-02
1.4157185018e-03
-1.6059972687e-02
-1.7707215110e-02
5.3394316520e-03
-5.0053437433e-03
-9.6075599591e-03
4.7100271377e-03
-8.2814202379e-03
-1.4819476154e-02
-1.1871402402e-02
2.7525106086e-02
4.0904142110e-03
-2.1715762500e-02
5.2065699004e-03
9.4742669135e-03
6.9475730404e-03
-6.2822102521e-04
-1.2662477550e-02
-1.2534593458e-03
-2.1250070489e-03
1.9020151306e-02
3.7147806857e-02
-1.8724963562e-02
-3.5749830803e-03
-1.2417068489e-02
-9.3468858337e-04
-5.3598602104e-03
-7.5295482367e-04
9.8016644135e-04
2.0459711335e-04
-1.2804555732e-02
1.2319205643e-02
-1.5433619983e-03
-9.3685114051e-03
-1.2014123191e-02
-5.1582430440e-03
3.0478100326e-02
-1.2407730464e-02
-4.7836889001e-03
2.0776358643e-03
-1.7031365829e-02
-1.4128201181e-03
3.8919417385e-03
2.4064346931e-03
5.1688031755e-02
-1.0975475272e-02
4.1452624312e-03
4.2224680909e-03
-1.3664877085e-02
-1.3643608870e-02
1.3868606217e-02
-1.4894000483e-02
-1.3484622419e-03
-2.4025662164e-02
2.1647650889e-03
1.9631521141e-02
9.7666000742e-04
-6.5694450126e-03
1.5298784733e-03
-9.2446313414e-03
8.1048874510e-03
-1.4301601604e-02
-1.5682196724e-02
-1.9720094203e-02
-3.3884715889e-03
-2.1366114895e-06
2.8500517636e-03
-6.0714252089e-03
-1.7793480899e-02
4.5655218175e-04
2.5103418330e-03
2.9356061721e-03
-1.4712363456e-03
-1.6381661270e-02
1.0988960429e-02
-1.6044434054e-02
9.1612194020e-03
-4.4636372350e-03
3.3106465675e-03
1.3837306893e-02
-2.0231597570e-02
-1.5734902667e-02
6.8141819596e-03
-1.5964564436e-02
4.2777425172e-02
-8.9811787468e-03
3.1839957749e-02
-1.4309853764e-02
-9.4678493852e-04
1.1915288776e-03
-1.2334411202e-02
-2.0497313271e-03
-8.9290309365e-03
-4.4298382779e-04
1.9733480646e-02
5.0039765681e-03
4.8136573485e-02
3.9551032837e-04
-1.5049160853e-03
1.3436404843e-03
-1.1394903380e-02
-3.6233360604e-03
7.0459661968e-03
4.3751383669e-02
3.4374925363e-02
-1.5271241758e-02
1.3017835996e-02
4.7651917996e-02
9.9384775570e-03
-1.4364011008e-02
3.3644267639e-02
-6.7456235473e-03
-1.3876048941e-03
-8.4083709848e-03
-1.6208500322e-02
2.2963916707e-03
-4.8024553666e-03
-7.9010042184e-03
-1.4124639212e-02
-1.8141778542e-02
1.3264006390e-03
-6.7199500443e-03
4.0687939248e-03
-1.4069340202e-03
3.5765346021e-02
-1.9617736361e-02
2.6653210650e-02
1.4542369995e-02
1.5415279085e-02
1.1433517863e-02
1.3207178420e-03
-1.9221217882e-02
-1.5518872433e-02
5.0146504288e-03
-1.4788302123e-02
-1.2635503214e-02
-2.4049689279e-02
1.2132374099e-02
8.1399665169e-03
5.2788407551e-03
-2.9950084694e-03
2.9851449365e-02
-1.4074769277e-02
-1.4925131110e-03
2.4437237519e-03
1.4349086653e-02
1.3212139908e-03
1.5579542052e-02
6.8392617558e-04
-1.3951385974e-02
-3.5319528295e-03
-1.1213089185e-02
-1.7693486686e-02
4.0281185746e-02
1.3951708788e-03
-1.6518901400e-03
-3.8211863425e-03
1.2483588967e-02
1.1797814480e-02
-2.7183336616e-02
6.8949618851e-03
1.8164742877e-02
3.5412560899e-03
-2.2524764389e-02
3.5653517967e-03
-1.8960116383e-02
1.8569096355e-03
-7.4746163822e-03
-4.5708742019e-03
2.1181998272e-02
2.1074375469e-02
8.6394009356e-03
-1.0698375174e-02
-6.7705222779e-03
-1.9024505228e-02
3.4376721283e-02
-1.0484172440e-03
2.0202106498e-02
-1.1537136935e-02
8.9758552972e-03
-1.8188530380e-02
-1.8635323830e-02
-1.1954098564e-02
4.5548203429e-03
-2.0730430586e-02
-2.0870084032e-02
6.2218596160e-03
1.7801707200e-02
4.4184388802e-02
-4.4258807639e-03
2.6819779950e-02
-1.9014321228e-02
-1.3836451762e-03
3.3473746040e-03
7.6852157238e-03
-1.0078159644e-02
5.1334667268e-03
-5.2123691375e-03
2.1099963646e-02
-3.7808005760e-03
-1.5603907696e-02
3.0722284457e-02
-1.0621168255e-02
9.1235443767e-03
1.0493244469e-02
-4.9358033237e-03
3.8207676539e-03
-1.3934787445e-02
2.4125001791e-02
-8.9223737615e-03
-2.4217580078e-02
-1.1113882232e-02
-1.1736170806e-02
-1.7785749674e-02
-1.5313875629e-02
5.1639130965e-03
-4.1685764923e-03
6.1364229654e-03
1.5709596774e-02
-8.8422415071e-03
-1.8192478066e-02
2.5034050771e-02
-1.3004171624e-02
-3.9084594512e-03
-2.0633952320e-02
-2.0152302725e-02
5.3984498538e-03
-1.4223348640e-02
-1.1924420637e-02
-1.0088121065e-02
-2.1834079816e-03
-1.7591142698e-02
7.2931761294e-03
1.9728692061e-03
3.2062046254e-02
1.4352187715e-03
-1.8990400755e-02
-1.0642636851e-02
3.0912394469e-02
-5.1290663358e-03
-1.6656170928e-02
9.1489601619e-03
4.2342307009e-02
-1.1436020588e-02
7.8842455895e-03
1.4015437275e-02
-2.0102693128e-02
3.1597153528e-03
-1.3478655589e-02
-1.7714190349e-02
-1.6451603781e-02
-1.5730414920e-02
-1.4711753534e-02
-2.4244875731e-02
1.1990648014e-02
7.6711772107e-03
5.7970350263e-03
4.6354705863e-03
-1.5549912121e-02
-5.6201501315e-03
-7.7459178445e-03
-4.7330435279e-03
-1.4820693848e-02
-1.1646131860e-02
-6.4024033057e-03
2.6333234590e-03
-3.7824644467e-04
2.0103966969e-03
1.5962493053e-02
-3.8021184823e-03
1.0941285171e-02
-1.2717157106e-02
2.7255932189e-02
-2.4867302666e-02
1.5264155790e-02
4.6067363779e-03
8.1447772971e-04
-1.9606032737e-02
4.0467777034e-03
1.3970274572e-03
3.4372371413e-04
7.7166863172e-03
-3.9344619737e-03
-1.8428060761e-02
4.2037417580e-04
7.7099756913e-03
2.0614210923e-03
9.6694483275e-04
9.7249692832e-03
8.5057917240e-03
2.3465204232e-02
-1.7489725896e-02
5.7257934714e-05
5.4590791188e-03
3.3912829523e-02
-3.3200268477e-03
1.9770561937e-02
-1.4561850058e-02
8.5334419967e-05
-9.7479649788e-03
6.1971932512e-03
-1.9261778366e-02
3.1921633182e-03
1.4179997629e-02
3.5651406875e-02
-1.1918356259e-02
5.0178519408e-04
-1.8003286380e-03
3.5536290906e-02
2.2548623000e-02
-8.8959401348e-03
8.3498647012e-03
1.0391210686e-02
-7.2045455339e-03
4.6382270873e-03
-1.0883010203e-02
-7.1536694500e-03
-1.5626877469e-02
-4.4770083578e-03
-1.8784830908e-03
1.4653901916e-02
-3.2162415714e-03
6.5157051504e-03
5.8666730554e-03
-1.5873447232e-02
1.4150471875e-02
6.2818667797e-03
-9.9891872161e-04
1.1551568408e-02
-6.3039090642e-03
3.6801928951e-03
-4.7776668902e-03
1.6265230500e-02
-7.4553856010e-04
6.9394916125e-03
2.1128220515e-02
-7.4345911756e-03
1.5534100723e-02
4.8118197861e-02
4.8657789702e-03
-1.6602017156e-02
-7.0220217627e-03
2.1942297623e-02
9.2376389660e-03
-8.5502951465e-03
8.3932115180e-03
9.5468813170e-03
-1.7023539853e-02
1.3663088107e-02
4.5714817341e-02
-1.0296243758e-02
4.2149465695e-03
2.5543300339e-03
-2.1694240932e-02
3.8038302845e-03
-3.2784756002e-03
3.9438264623e-02
4.8864874376e-03
1.3804560010e-04
3.9668399228e-03
-2.7412952301e-03
-1.4679347883e-03
-1.0325791413e-02
1.9534918619e-02
-3.6685395004e-03
-2.5247240529e-04
9.5979521259e-03
4.9871024124e-03
-9.6444593215e-03
9.9324670605e-03
4.8579829902e-03
-3.5793013429e-03
-1.3088172890e-02
1.9434316154e-02
-5.8942993177e-03
7.8665305854e-03
1.8657849754e-02
-8.3403724884e-04
-1.8084380171e-02
-1.6287562328e-02
8.4148466081e-04
-1.2048763092e-02
-4.9967972578e-03
-2.4736118809e-02
2.8598143060e-04
-1.7979369783e-02
-1.1817891179e-02
1.5584000495e-03
1.3580756727e-02
-2.0681456783e-02
-2.2320145138e-02
-8.7083664149e-03
-2.7042241252e-03
3.7248615237e-03
-1.1493147036e-02
-1.6744706441e-02
-2.0849869059e-03
-2.2290908358e-02
-1.7617194410e-02
-5.5867140013e-03
1.6549438481e-02
1.2531918392e-02
-1.5773800469e-02
-1.3442062323e-02
-2.2636800753e-03
-4.7711425530e-04
1.4059738058e-03
-1.2488632252e-02
-1.6374809777e-02
2.2466966719e-02
1.1368965479e-03
4.8762249640e-03
2.5172192078e-03
-1.8477062624e-02
-1.4264199314e-02
-5.5140799873e-03
3.8386692101e-02
2.4939338695e-02
6.7373618055e-04
-2.4092982088e-02
-7.4470383570e-03
1.8265569031e-02
1.6288272984e-03
4.4777909823e-04
-1.6081878091e-02
-4.9345951936e-04
8.4549262150e-03
4.0527007105e-02
-1.6921277932e-02
-3.2628057215e-03
-4.9172911669e-03
-7.1699993425e-03
6.8998611399e-03
-1.3090704282e-02
4.4085326587e-03
2.2045395441e-02
-7.4004187282e-03
-1.2118969194e-02
1.1391048213e-02
2.4201335741e-02
1.9809644130e-02
1.4615884745e-02
1.1673236244e-02
5.7051283255e-03
-2.4075631236e-02
-1.3048877033e-02
-1.1851713165e-02
-1.2514937088e-02
-7.2921844219e-03
-4.8504345445e-03
-1.9239314856e-02
9.6576441985e-04
-5.3317068794e-03
-1.1560161056e-02
-2.3026323597e-02
-2.5889350979e-02
1.3863898352e-02
-3.0146228724e-03
-5.2843331916e-03
2.7184883163e-02
1.1245527461e-04
-1.2273185836e-02
7.3375374367e-03
4.7595077840e-02
3.7693842281e-03
-7.4155527724e-03
-1.1220277383e-02
-1.2943398427e-02
7.4221071873e-03
1.1246005758e-02
2.7388917724e-02
-1.0803292314e-02
-1.2270738130e-02
-7.0330493633e-03
-2.1289342987e-02
-1.6576119268e-02
-1.1164807413e-02
-1.6288940225e-02
4.7611897400e-03
-1.2920348074e-03
8.8873778695e-03
1.0367881437e-02
4.1369902393e-02
-1.8132276307e-02
2.9429334707e-03
6.9525866209e-03
1.4222455100e-02
-6.5669092093e-03
5.3945422990e-03
3.1589430310e-03
3.8199557081e-02
3.9510771693e-02
4.1681261377e-02
3.2476153760e-02
-1.0175513676e-02
-9.2575429794e-03
1.0747530547e-02
-1.5812103566e-02
2.3184329573e-03
-2.0014119805e-02
2.3711548640e-02
5.2064705279e-02
-1.7424228280e-03
-1.5142228152e-02
-6.5944761564e-03
1.4970741310e-03
7.2874177086e-03
-1.5506631056e-02
-4.7252584965e-03
2.9877430468e-03
-4.3680724767e-03
-1.1915942370e-02
-8.1437622987e-03
-4.0629561469e-03
-1.1116401161e-03
-8.2313426952e-03
3.5487652561e-04
1.2788827394e-03
1.4469677382e-02
1.5418479127e-02
-6.6871802040e-03
-1.3777883736e-02
4.4616363351e-03
-9.0292944987e-03
-9.2792746358e-04
-1.2507020851e-02
-9.9092866442e-04
4.1460121711e-02
1.5082068909e-02
1.0233409854e-02
-1.1092446516e-02
1.5640213474e-02
1.3904942213e-02
-3.3702116787e-03
-1.3765789448e-02
4.0380524942e-04
-7.4978690366e-03
2.1395697408e-02
-7.0827165475e-03
1.1972263612e-03
-4.2316987871e-03
6.9449130267e-03
2.7203109075e-04
-1.1753005594e-02
-1.5380872795e-02
1.0046200205e-02
1.2538100081e-02
-1.3079618557e-02
2.9734386935e-02
5.2968048838e-02
-8.6222133548e-03
2.3035187305e-03
1.2731028128e-02
-1.1188590953e-02
-1.0052492638e-02
-2.4116265142e-03
3.3772522359e-02
1.1559564611e-02
9.5545382275e-03
3.0935151278e-02
-9.7675730217e-03
5.9035143533e-02
2.7446119859e-02
7.5408314561e-03
9.9953633634e-03
-8.6218605337e-03
1.2928838556e-02
6.0628979698e-02
3.8570436686e-03
-1.1870323109e-03
9.5237901175e-03
-7.4124421375e-03
-2.3642441688e-02
3.8771935597e-03
-1.6603931840e-02
1.9752361792e-02
-1.6006708344e-04
-2.1882287519e-02
-7.6626938505e-03
1.3480204937e-02
7.3102875675e-03
-6.5726895236e-03
-1.3657391698e-02
1.4313871800e-02
1.0694875378e-02
-1.4258537392e-03
9.2315827840e-03
-9.5062688032e-03
1.0092869127e-02
-1.2066976343e-02
-1.0207514133e-02
7.2127107851e-03
-1.6407330940e-02
1.0490425306e-02
3.8973316099e-03
1.3149970474e-02
-1.5624461801e-02
-1.4617228574e-03
5.5819046610e-02
1.3847504310e-03
-1.2119976822e-02
8.7396951366e-03
-5.0658792349e-04
-1.2761372541e-02
-6.0685848464e-03
2.1482244032e-02
1.8913530501e-03
-2.0494781333e-02
1.9314170815e-02
9.2723037146e-03
-1.8816087425e-02
-8.1638120869e-03
-2.4892511665e-03
-1.3494645486e-02
2.1442817242e-02
-1.9199249517e-02
-1.9225756274e-02
1.7250142772e-02
-1.1187339567e-02
-1.8300498171e-03
2.3938058918e-02
9.3527064481e-03
-1.6241829746e-02
-1.1202781442e-02
2.1941533796e-02
-4.6351484075e-03
-7.7264478403e-03
1.4919687106e-02
1.3312181027e-02
-1.9036877433e-02
1.2793458785e-02
-6.5690860627e-03
6.2146703136e-03
1.6037012281e-02
-2.6694625722e-02
-1.5070513432e-02
2.5286285873e-03
8.5385820473e-03
-2.0850735429e-02
1.8128943406e-02
1.2664469647e-03
-3.2071448724e-03
-9.1308508741e-03
4.3280616228e-04
-1.2500980848e-02
1.9708985527e-02
9.2237770011e-03
-4.1292895232e-03
-9.6259095827e-03
5.5561828847e-03
1.5111846162e-02
-5.1943884646e-03
-1.0303942708e-02
3.9513692214e-03
2.7954445162e-03
-1.2362456347e-02
3.8762456363e-03
-1.9085823502e-03
-1.8541609979e-03
-5.5698894440e-04
-1.7825207164e-02
1.5505157167e-02
-7.4277641271e-03
-2.4283086988e-03
-5.4274321929e-03
5.9784811022e-03
-8.2099248134e-03
-6.9833781618e-03
-5.6909228861e-03
1.7992896112e-02
8.2459866497e-03
-1.3840466856e-02
1.2809917249e-02
2.9763648380e-03
-3.7195641434e-03
4.9637335021e-02
2.4221427985e-02
-1.3646964819e-02
-1.8460483277e-03
-3.5411284140e-03
7.9462179533e-03
-4.7855373466e-05
-1.1267722254e-03
9.3494719159e-03
1.7926398551e-02
-1.5057873002e-02
2.2045934595e-03
-5.3294410146e-03
3.1316341998e-03
3.6387535866e-03
-5.8542662041e-03
7.4463779018e-03
4.1407124268e-02
-1.0004344011e-02
-2.1618191994e-03
6.4380345699e-03
-1.5574752359e-02
1.1986272626e-02
-1.6005775280e-02
6.1509472302e-03
4.2873903987e-03
-7.8090912730e-04
1.1172652742e-03
9.4232212902e-05
1.1659647449e-02
-1.0618923402e-02
-2.3140662597e-02
-4.2950804079e-04
3.3531365964e-03
4.3932583219e-03
6.1051094025e-03
7.7520066514e-03
2.9012934091e-02
1.4947738473e-02
-6.8776062320e-03
-1.0590776493e-02
-3.3235536674e-03
-1.6159138686e-02
-1.7995865209e-02
-1.6574878995e-02
2.0112018114e-03
-9.1682530149e-03
1.3372820804e-02
-1.6493993411e-02
2.6809861882e-02
1.1024008252e-04
2.7482359203e-04
-1.3245658179e-02
-6.2399414107e-04
-2.4594153919e-02
-2.0700513401e-02
8.2901090887e-03
4.5763319024e-03
1.0798434313e-02
1.6027985145e-02
-8.8447259324e-03
-1.6163530780e-02
-1.0211761699e-02
1.8082334486e-02
1.1884016392e-02
-1.6951313056e-02
-6.9788841106e-03
-8.0652426815e-04
4.1919694051e-03
2.4737627489e-02
-2.0637307273e-02
-2.4154865456e-02
-6.1634975787e-03
-1.3270371169e-02
-1.3875840083e-02
-4.0786812933e-03
1.8574955124e-02
-8.4533256668e-03
-1.3739424198e-02
-1.4747809517e-02
6.1303416792e-04
-4.7269453909e-03
-2.1316555759e-03
2.6776453363e-02
4.0986547620e-03
8.9936355026e-03
-2.3588888704e-02
-9.7105196370e-03
-2.2078893630e-02
4.7931825691e-03
-5.6709491255e-03
-5.9760975360e-03
-1.3523543729e-02
2.7192353947e-02
-1.8680465177e-02
-1.3484272679e-03
8.6287547142e-03
3.9239744810e-03
-1.3768856611e-02
-2.3273556075e-03
1.1203988821e-02
3.1102541230e-03
-1.0259385416e-02
3.8474513000e-03
1.0676754529e-02
8.4141864215e-03
-1.0247354929e-02
2.1140594741e-02
-1.5751538579e-02
-2.8886073683e-03
-1.2845105693e-02
2.0550630655e-02
1.0019757129e-02
-2.4462111101e-03
-8.0116230905e-03
-9.7714289510e-03
-1.4504458713e-03
-1.3866430151e-02
-1.8165842314e-02
-1.6073594676e-02
-1.1459988765e-02
-7.6386540322e-03
4.1458415005e-03
-4.8964853281e-04
4.8996429484e-03
1.6498890029e-03
-7.9967986156e-03
-3.3197887448e-03
-3.1906876170e-03
-1.3282846663e-02
-9.4495867995e-03
2.1369224092e-03
-3.1074668828e-03
4.6144230820e-03
3.0158006819e-02
1.5969144287e-02
-9.4383016464e-03
-1.1260970495e-02
-1.5745755274e-02
6.4048119648e-03
-1.6726818193e-02
-2.6955263517e-03
2.9585439355e-03
1.3815149653e-02
-4.7625177099e-03
-2.0100265834e-02
-4.4567510446e-06
-1.5466590686e-02
1.1878027977e-02
-5.6990090615e-03
4.4131224671e-03
1.0210606994e-02
-5.4260538938e-03
-9.0171193402e-03
1.7169293623e-02
-5.3442261461e-03
3.5610150832e-03
-4.0557869274e-03
-5.3451077306e-03
-8.3055316860e-03
2.1653943733e-02
-6.2640691395e-03
1.1771569882e-03
1.6863987788e-02
3.0250877981e-03
-1.6425457604e-02
-9.9408768314e-03
2.9487155058e-03
-3.9319273037e-03
2.5800890220e-02
2.0502267912e-02
-2.7948355936e-03
4.3368185946e-02
-9.2051975283e-03
-8.6219503380e-03
1.4648689494e-02
1.4352831217e-02
-7.9688884961e-03
2.0629748848e-02
2.6128315147e-02
-5.6626435595e-03
-1.5649890886e-02
5.5440708796e-03
-6.4963716548e-03
-2.3051557774e-02
6.8130726582e-03
1.1440576681e-03
-1.8181249293e-02
2.1831282323e-03
1.8436155227e-02
1.1232980800e-02
1.8731744922e-02
-1.9403827441e-02
-2.2636145591e-03
-1.1677041298e-02
-1.9641838772e-03
1.3281425011e-02
2.0698420687e-02
3.3181521753e-03
-1.2309401241e-03
-7.2682054446e-03
6.7497332379e-03
-9.6618437700e-03
4.2262742297e-02
1.6848498223e-02
-1.3106553833e-02
-1.7079698605e-02
1.0847154541e-02
3.8001686863e-02
-7.5628091343e-03
-5.8514528705e-03
-5.1151126916e-03
-1.4453648021e-02
-1.5719378193e-02
-1.0520828969e-02
-9.8848634002e-03
6.0179142976e-03
-4.8153099394e-03
-6.8637919614e-03
-1.9998662011e-03
-1.7422533535e-02
5.8909627900e-03
2.2113903333e-03
-4.0882575020e-03
-1.2793078501e-03
-1.7809874916e-02
8.9768813386e-03
-1.9953393807e-02
1.3033620004e-03
1.3942360307e-02
-1.9558750591e-02
5.1054747664e-02
-2.1925636000e-03
-8.2731641498e-03
-7.4002755402e-03
2.5381374936e-02
7.7952292861e-03
5.3073908938e-03
-2.6667452689e-03
8.8997933786e-03
-1.7936354182e-02
8.3208259536e-03
3.3317143399e-02
2.2262888784e-02
-1.0189638218e-02
-2.1692458261e-03
-3.6877016603e-03
1.5158162998e-03
1.5264424798e-02
-3.3556340182e-03
-7.5311786789e-03
-6.6028015007e-03
5.9554926418e-03
-1.5577994293e-02
-2.1649715540e-03
1.7991434577e-03
4.7300045274e-03
3.9625759415e-04
-1.1300767255e-03
1.2644649925e-02
7.5539498707e-03
-1.7862550582e-02
-6.3643534772e-03
-9.8056787018e-03
4.6508919300e-02
-2.0341540415e-02
-1.2487360728e-02
-1.5795976346e-02
3.8830769614e-03
1.3787560095e-02
4.8389406257e-02
2.5739211246e-02
2.1457000349e-02
-7.7035386414e-03
4.1788605221e-02
1.5681932124e-03
-1.0433541359e-02
1.1139290091e-02
1.5495099698e-02
3.7664020007e-02
3.2753430644e-03
3.8209194726e-03
-1.0787326973e-02
6.0930969538e-03
-8.4314670185e-03
-1.4317943946e-02
1.4664423740e-02
5.7127420458e-03
1.8547492480e-02
-2.1799693730e-02
2.9142672194e-03
1.0035545618e-02
-1.3118819679e-02
9.2256128330e-03
-1.2758033570e-02
4.4113818830e-03
4.7467020853e-03
-1.8143377207e-03
-1.2716455831e-02
3.2906114017e-02
2.5381848544e-02
-1.1956293952e-02
2.5231293979e-02
-3.0003837665e-03
-1.1572983997e-02
2.5407702295e-03
1.9890955825e-02
2.3765281761e-03
-8.6610793197e-03
1.0753308820e-02
5.7052681984e-03
2.0781557735e-03
1.2327877039e-02
1.3003016956e-02
4.7840930309e-04
-4.8305326765e-03
-5.5818163882e-03
4.9395841863e-03
8.2994723784e-03
-1.8447398316e-02
6.0684622395e-03
-3.7952433461e-05
6.3994676955e-03
-1.5003201078e-02
-1.0360019790e-02
-1.9711227518e-03
1.3259146114e-02
-3.4350344846e-03
-2.4240576845e-02
2.9402081188e-03
-1.3609946941e-02
2.0637420232e-02
1.2621654193e-02
-9.1104735546e-03
8.6986115635e-03
-9.5851661002e-03
3.5869676952e-02
-2.2733050145e-02
1.0209843694e-02
5.6355622948e-03
-6.3971226912e-03
-3.2082914412e-03
1.3509763119e-03
-5.7694290952e-03
-1.4482976305e-02
1.9605280843e-02
-1.2536248707e-02
-7.6136830496e-03
-5.4445775976e-03
-1.4150929332e-02
9.8966384774e-03
-1.2207039745e-02
6.5641203236e-03
1.1192472371e-02
-8.0247985515e-03
6.4238901307e-03
2.8408588924e-02
3.4969128931e-03
-7.8083674284e-03
-1.1592259290e-02
1.1425404553e-02
-1.1678937905e-02
1.4375501050e-02
5.8547912412e-02
4.9570797734e-03
-1.0967235310e-02
-3.1652448798e-03
1.9192965247e-02
-9.6776674551e-03
1.4243986722e-02
2.3825982085e-02
2.1323960098e-03
-9.0281746819e-03
-1.6919571952e-02
-4.6158219990e-03
1.1687204642e-02
3.9199843103e-03
-3.2229283076e-03
4.7061204909e-04
-7.1280370047e-03
3.1612842427e-03
-8.4884493713e-03
-1.4469272831e-02
-1.7017668214e-02
7.7142949268e-03
8.9904814453e-04
-2.3965842618e-02
2.7044824982e-02
-1.7887268499e-02
-1.9111090735e-02
1.6326566364e-02
-7.0018992517e-04
2.4225471849e-02
-9.2513064988e-03
4.0711991759e-03
-8.2819245431e-03
-1.3861104521e-02
-6.0478846625e-03
-1.2758556731e-02
2.1439223979e-02
-1.7441933452e-02
-2.0636444415e-02
-3.1575542777e-03
-1.2605336164e-02
7.3042921507e-03
-1.2774079430e-02
1.0375627819e-02
-1.2488644157e-02
-2.6830344523e-02
-1.1491128407e-02
-7.7990449308e-03
1.6561335015e-02
-6.7019091130e-03
-2.0232714370e-02
2.7693726880e-04
-1.0683461238e-02
2.4315719046e-03
3.2501174299e-02
1.1544857387e-02
-1.5334954661e-02
1.1943654789e-02
4.4941471696e-03
2.3522309811e-02
4.3197157223e-03
5.3675614577e-03
8.8313181513e-03
-5.5133883362e-03
1.6771861431e-02
-2.1703538929e-02
1.8977648011e-02
1.5474248886e-03
-2.7567881936e-03
-8.3579411549e-03
-1.2479448165e-02
-1.0186075417e-02
-2.3868961982e-03
-1.6340915585e-02
-2.4598645415e-02
-9.1307170335e-03
-3.5739841817e-03
-2.7426813324e-02
9.8030299749e-03
4.4628848489e-03
-5.0545795377e-03
-8.1904461484e-03
3.9935216282e-03
-2.2883849470e-02
-6.9043162359e-03
1.7702373970e-02
-9.8512983757e-03
1.0533272084e-02
-7.2381184072e-03
-2.2142873657e-02
-1.1410627963e-02
-1.6274587142e-02
-6.5734356626e-03
-1.3430482020e-02
3.0116180685e-02
-2.1753389853e-03
-1.0971750456e-02
4.0984941406e-03
-3.7056276806e-03
-5.0113306769e-03
-1.6834111852e-02
-1.4108511407e-02
3.5204642741e-02
2.7982720030e-02
1.7758105016e-02
-1.7605383169e-02
-6.6486057913e-03
3.6475041608e-02
4.2228216218e-03
-4.1311470536e-03
2.4772088535e-03
2.9787748068e-03
-7.2297525787e-03
-1.4611197733e-02
4.0584501782e-02
-2.0114595598e-02
4.9544529990e-03
-1.4167174837e-02
-3.0985896700e-03
1.6284291741e-02
-1.6608982422e-02
9.6413430344e-03
-1.4676308597e-03
-1.8760279239e-03
8.2018953668e-03
7.4019641156e-03
2.7905495867e-03
-1.5957882276e-03
5.0434598688e-02
5.2444812285e-03
-1.0196838806e-02
2.3904183616e-02
6.6087599362e-03
2.7826723977e-02
2.8772311666e-03
-7.1879159480e-03
-1.0558149563e-02
-9.1444076113e-03
-3.9298498340e-03
-1.5576248069e-03
-7.9759355854e-03
1.6802009921e-03
1.0788980069e-02
-3.7630459134e-03
-2.4203709390e-03
1.4149815134e-02
4.2451370811e-02
5.4283951717e-03
3.3591093287e-02
-3.4687360321e-03
-1.6639184936e-02
1.9850344014e-02
1.2429174435e-02
8.9433091727e-03
-1.5263284904e-02
-4.5927739326e-03
-9.9861918456e-03
-8.9901298999e-03
9.6425449115e-03
1.0114121583e-02
1.6382003075e-02
-9.2128858170e-03
-1.9925710685e-02
4.3827173500e-03
-1.7182096889e-02
-1.0374044294e-02
-1.3568378558e-02
2.6651816180e-02
5.5507513469e-03
1.5408120879e-02
-1.8453490453e-03
-7.5767386188e-03
-8.6637454430e-03
-1.3654953066e-02
-7.9803358633e-03
1.6550621220e-02
3.4673769177e-02
1.3021674556e-02
-7.5732457871e-03
4.6714839775e-02
-7.6657515241e-03
1.5945699167e-02
-1.4416593880e-02
1.7618667466e-02
-4.1591313924e-03
1.4976842762e-02
1.0597314513e-03
1.8923367369e-03
2.5596987773e-04
2.7373234406e-02
9.7877527767e-03
-1.6700957982e-03
-9.6766160056e-03
-1.3033982797e-02
-2.1518257587e-02
-1.0024601128e-02
1.2287274168e-02
9.8499870617e-03
-1.4853340542e-02
-1.2808574648e-02
-8.5396907388e-04
6.6384313696e-02
9.7726898124e-03
-5.7694191857e-03
2.8463113255e-02
4.5714979153e-02
-1.1976190693e-02
4.0505168966e-03
1.0535729271e-03
-2.4049728453e-05
8.1589535079e-03
-1.3333813212e-02
-1.6219979041e-02
-1.7124792917e-02
5.8326805854e-03
-1.6655324628e-02
-6.7693065808e-03
-1.7423102846e-02
-4.7613754062e-03
-1.9543051369e-02
-1.0832808366e-02
-3.5850504708e-03
-1.4079978297e-02
4.9175116191e-04
-2.0630519688e-02
-9.0596015327e-03
-9.6377627569e-03
2.3014257072e-02
-7.0930810117e-04
2.4810993203e-02
-3.3235849767e-03
-1.3494991599e-02
1.1524366257e-02
1.6517481452e-02
-2.4729886077e-03
-1.4720135878e-02
6.6864813010e-03
-1.0194022776e-02
4.8291284026e-02
4.7940707008e-03
-9.1769742513e-03
1.7463330449e-02
-1.2367399009e-03
-1.6502315549e-03
-7.5644407535e-03
2.3508983288e-02
1.3575648014e-02
4.7281443023e-03
-1.1354137846e-02
-1.1198056025e-02
1.1732757973e-02
1.8898709427e-02
-1.5379814465e-02
-2.1748504347e-04
-1.3952995637e-03
1.9425553473e-02
3.2751664458e-02
2.7188445444e-02
3.4303737978e-02
-1.9603796748e-02
-6.6703092994e-03
-1.6568431402e-02
-3.9009325725e-04
4.5700938134e-03
9.6053766883e-03
3.5104585842e-02
6.9150121793e-03
-1.1242317563e-02
-1.6201341494e-02
-4.4070911305e-03
-1.7088540248e-02
-2.5921287292e-03
-1.5314482097e-02
-1.6907771032e-02
-1.0935384265e-02
-2.2140140237e-02
4.4531146125e-03
-1.7250331609e-02
3.4027503946e-03
5.9214146094e-03
-2.7551335687e-02
-3.2637395183e-03
-1.7447125550e-03
-1.6305023257e-02
-5.6346474598e-03
-1.4850013560e-02
-2.3228468872e-03
5.3312672206e-04
1.6616562903e-02
-2.5822762965e-03
5.0170664595e-02
-3.5477052824e-03
1.2957566299e-02
-3.9318996915e-03
7.8773158624e-03
-5.5263936892e-03
9.0500694599e-04
-9.8610416054e-03
-1.6110223886e-03
-1.4810662972e-02
-1.8664014608e-02
6.6087310941e-03
3.2195593835e-02
-9.1346614966e-03
1.4199339145e-02
3.1096772260e-02
7.6440866438e-04
-2.8236548794e-03
-2.4383947198e-03
-1.8223016669e-02
-1.8234156512e-02
2.6574879732e-03
3.8863010879e-02
9.2446095299e-03
-7.6019695395e-03
-3.1788032525e-03
-2.9206759704e-03
1.2361500606e-02
1.9999369407e-03
4.2714766177e-03
4.8758757364e-03
-3.9016131047e-03
-4.1839227139e-03
-6.8399034233e-03
-1.6367865370e-03
6.7773219486e-03
-8.8743168158e-03
-5.0838563118e-03
4.4393870315e-03
3.6217932654e-04
8.2998245045e-03
-8.5635676925e-03
1.5574836830e-02
-7.8358692986e-03
-4.6552767056e-03
5.0954594184e-03
3.2213136949e-02
-7.5670136832e-03
-2.7386154791e-02
1.8500021341e-02
-2.6585519893e-03
6.3791542409e-03
-1.9013401646e-03
2.9706909709e-02
-1.2665941994e-02
5.0041873370e-03
2.7842869809e-03
1.2214615853e-02
8.8116714267e-03
1.1105099653e-02
-1.0929537012e-02
-8.5264889723e-03
-1.8515712207e-02
9.9548678677e-03
2.0211127282e-02
1.4358781468e-02
2.6393836192e-03
1.8602562127e-02
-1.9229739946e-02
-9.5654058878e-03
-3.7731069458e-03
-7.5277487195e-03
1.4477872704e-03
-3.3167025915e-03
1.6602499295e-02
2.2606501938e-02
7.7767155947e-03
-1.2591773123e-03
-1.1704784657e-02
1.5368286354e-03
-7.6350656076e-03
-1.3015228950e-02
-2.2729574395e-02
-5.5109561962e-03
-3.2525999978e-03
1.2003804812e-02
1.2744622643e-02
1.6311919139e-03
-4.7638705372e-03
-3.9896617952e-03
5.5695102562e-03
-1.9899921111e-03
-1.3204564401e-02
1.6439593428e-02
-1.6573878942e-03
-1.3870551457e-02
1.8313896556e-03
-4.7315626153e-03
-1.1503093389e-02
-1.8511781753e-02
-7.4981133944e-03
1.3170675229e-02
-1.1239631038e-02
-6.3824629009e-03
-4.7669975012e-03
-3.9233997290e-03
-7.6655651931e-03
1.6266886164e-02
1.6755862971e-03
2.1437403469e-02
-7.7621734050e-03
-7.1568423985e-03
6.3789924467e-03
3.1705414522e-02
-1.6834720169e-02
-1.2591665505e-02
-2.0918165926e-02
-1.1265768706e-02
-2.9615233602e-03
-4.0423764989e-03
-8.7338401985e-03
-2.0377268069e-02
6.1149651553e-02
-9.7899406817e-03
-1.1239816078e-02
-5.2270988695e-03
-5.8418942367e-03
6.8774709301e-03
-8.9205071092e-03
-7.1996101690e-03
-4.9657364153e-03
2.9796177694e-03
-1.6074539293e-02
-2.2428328876e-02
1.0403282877e-02
5.4171773711e-03
-9.7706338508e-03
3.3426591341e-03
1.7344372472e-02
4.5218766682e-02
-2.2181763163e-02
-3.7938802866e-03
-1.0775654579e-02
1.1635920832e-02
-1.1284535262e-03
-1.4468462164e-02
-2.2938958582e-03
3.2746579820e-03
-1.1753203409e-02
-4.7407609851e-03
1.5692021948e-02
2.8748856075e-03
1.0269085014e-02
3.0761790005e-03
-1.7733554492e-02
-1.4463682310e-02
2.0436468729e-02
2.0348321721e-02
7.3793897770e-04
1.1419172187e-02
-9.0741985014e-03
2.5462232100e-02
1.3421835175e-02
-7.8634250361e-04
-1.2405107225e-02
-1.4717081807e-02
-1.7661791178e-02
7.8669577901e-03
6.5765980024e-04
1.1227883913e-03
-4.5413291067e-03
-9.5889516361e-04
-6.7314208760e-03
1.9435755867e-03
4.4066159856e-03
-6.1789118514e-03
-2.7516475704e-03
-4.3234825404e-04
6.8758290058e-03
2.3234115315e-02
2.6868453989e-02
1.1352612122e-02
4.8780593239e-03
1.2254463320e-02
-1.4917362853e-03
-7.5617289505e-04
-4.8675358085e-04
-8.4609839083e-03
-1.6711191458e-02
-1.5657438930e-02
-1.3148764260e-03
-1.1020455887e-02
1.7986760437e-02
-4.3145853078e-03
-1.0630731997e-02
-1.1573723314e-02
5.3179812460e-02
7.8389546580e-03
4.5282595074e-02
3.0170786946e-03
-6.3791499175e-03
2.4144922506e-02
9.1402432637e-03
-2.2257692374e-02
5.0213585155e-03
2.7294287919e-03
4.1612980306e-02
2.1552211673e-02
-1.0327453702e-02
-1.7436602784e-02
1.1045948758e-02
-1.8600937361e-02
-5.6728698995e-03
-5.5923555876e-03
-1.1338656701e-03
-6.4762001018e-03
1.9279577636e-04
-4.4158569964e-03
6.9932829277e-02
-2.0117708979e-02
-1.7017040695e-02
3.1524228908e-03
7.8930231076e-04
-1.6082138488e-02
-7.1918417820e-03
1.4504297660e-02
3.9239753874e-03
1.1320687684e-02
-1.0711504316e-02
-1.5265940458e-02
-4.6898184976e-03
9.0349663288e-04
2.2459416874e-02
-2.2860001591e-03
-1.7044866879e-02
-1.5676577573e-02
-1.2210221871e-02
-1.0643288585e-02
4.2721235033e-03
-6.8611468069e-03
1.2015995183e-02
2.4840962290e-02
2.4774678744e-02
-1.2142176527e-02
-4.7552475483e-03
-1.3035990745e-03
-2.0292199938e-02
1.1963832407e-03
1.9628431057e-02
-9.5532530462e-03
-7.5170133517e-04
8.0255004328e-03
-1.5453815270e-02
-2.1183925163e-02
-1.2312812449e-02
4.9495824259e-03
-1.3515145872e-03
-1.6390958296e-02
-1.7474900128e-02
-1.5695989411e-03
4.7363738094e-03
-4.8249866456e-03
-7.8224787095e-03
-1.9466844297e-02
2.1578831354e-03
-6.4451762311e-03
1.0452662137e-02
1.7444705635e-02
-5.4191800996e-03
-1.4907907815e-02
-7.4217698312e-03
3.5167894974e-03
-1.0593923518e-02
1.1866932407e-02
-2.0903546008e-02
-7.4329120727e-03
-1.0354900072e-02
1.6833161211e-02
-4.3671071207e-04
2.6732692143e-02
-1.9101768024e-02
-2.4112323876e-02
2.4779105109e-04
-8.0176237337e-04
-1.3318157240e-02
-2.1129279107e-02
5.6414552544e-04
9.3839911976e-03
7.5514918566e-04
-4.4028491605e-03
2.9124407610e-02
1.1641769689e-02
2.1251646031e-02
-8.6629955747e-03
4.4735809683e-03
1.2081052453e-02
9.5925735536e-03
-7.7495113146e-03
-1.0232415722e-02
5.7187986549e-03
4.4289677945e-02
-1.2545659815e-03
2.0390303314e-02
-3.3290301216e-03
4.3257452567e-03
2.1330126464e-02
-7.7496851250e-03
-6.0267250284e-03
-2.5695650170e-02
2.4430162136e-02
2.3978084170e-02
-1.0542927357e-02
5.9188053714e-06
-8.7257974677e-03
2.2068003599e-05
-9.7046858260e-03
-3.0211635286e-03
9.3458632888e-03
-6.1866171804e-03
-4.6444422041e-03
-7.6709076022e-03
4.8956861489e-03
-2.3223820486e-04
3.4280003146e-02
-2.7153363101e-03
-3.6824580871e-03
1.9277232134e-02
-1.0727702618e-02
2.0816360003e-03
-3.6843708418e-03
-1.9473086326e-02
1.3596044948e-02
3.4367591183e-02
-6.7285434834e-03
2.6412456010e-02
1.3649862725e-02
-5.9508492164e-04
6.7712362994e-03
3.9790791593e-03
-6.5390056128e-03
-1.6303666985e-02
5.7181421244e-03
-1.3341617618e-02
-2.1020256228e-02
-3.7841158408e-03
3.8030667093e-02
2.0968938192e-02
-8.9111416725e-03
-7.4386324214e-03
-5.3786683377e-03
-5.5460543362e-03
-1.5635837647e-02
-6.2966482596e-04
3.8930125201e-02
3.2226266541e-03
-1.0053584579e-02
-8.2296705425e-03
-1.7165768004e-02
2.4625431341e-03
9.9657037740e-04
8.4744936513e-03
1.9383924154e-02
1.2234149591e-02
3.5422921839e-02
1.8219456029e-03
3.9714870831e-02
-2.7015091573e-03
9.7358752041e-06
1.5925869012e-02
-5.1764492032e-03
-9.8356153078e-03
8.2471144839e-03
3.7305514661e-02
-1.1562946893e-02
-1.6528139734e-02
9.5412225882e-03
1.5037148550e-02
2.8347709442e-03
-3.9585989689e-03
-1.4216188420e-04
-1.2207579488e-02
6.2562392736e-03
-2.2592142254e-02
-2.1048861071e-02
-2.2155560013e-02
-1.5878677409e-02
-8.2051691595e-04
-2.7289343022e-03
8.0639370988e-03
2.1295859210e-03
-1.6131761856e-02
-1.2484450797e-02
-9.8061977898e-03
-1.4284669934e-02
-4.4054174119e-03
1.5476303036e-02
5.0840811465e-03
9.1326016136e-04
2.7435978956e-03
4.8554054248e-02
2.2568525601e-02
-7.4388725706e-03
1.2033456070e-02
9.8007437012e-03
-2.4495442218e-03
-9.5725933496e-03
3.1648917296e-02
-1.3977204028e-03
-5.2137228054e-03
1.7880503712e-02
1.1306507303e-03
-1.2346757856e-02
3.1343185464e-03
1.3097518582e-02
-6.5467734444e-03
6.8719864941e-03
-3.9821478428e-03
-1.0626095998e-02
-7.7216597605e-03
1.1302514040e-02
1.5932737458e-02
3.1793126743e-02
3.3437756198e-03
9.3522873109e-03
-3.0947177738e-03
3.3107343859e-02
1.3756076342e-02
-4.1461827497e-03
-1.2557291843e-02
-8.7393471361e-04
-1.6795222065e-02
-1.4511239745e-02
-9.6743039204e-03
6.2461162822e-04
1.1747620481e-02
-2.7516043206e-02
-5.1679601890e-03
-1.6619286780e-02
6.9660967505e-03
1.9158476675e-03
3.5335343747e-02
2.0341397442e-02
-3.6390878814e-03
-5.1781145873e-03
2.7240860881e-03
-2.1580441527e-02
4.1522638282e-03
-9.8675504529e-03
1.7961362722e-02
-2.5958051513e-02
-4.8691431991e-03
-2.2776642605e-02
2.2573608330e-03
-4.8380694159e-03
1.3956795485e-02
-4.7613357406e-03
7.5977250489e-03
-1.4893273348e-02
5.3855361377e-04
-8.0155367050e-03
7.7735052871e-03
7.2697458761e-03
1.3381054755e-02
-2.0314243454e-02
-9.0206070471e-03
-8.1594631489e-03
7.7257310649e-03
2.2217830211e-03
1.2644029850e-02
2.1653463175e-02
-3.4934265593e-03
9.7147063734e-03
-1.9126269944e-03
6.8987876855e-04
-8.9192018312e-03
7.5288112499e-03
1.2327632314e-02
8.0468129944e-02
7.9282802506e-03
-3.2833067734e-03
-8.4964797902e-03
1.1115771821e-02
1.2357175707e-02
-6.1122150407e-03
5.7383969063e-03
-1.1324756777e-02
-1.8942824558e-02
-1.5496766882e-02
-8.1760049365e-03
2.0048720733e-02
-3.0825295178e-03
-3.7907460775e-03
-1.1743793639e-03
-2.0878336598e-02
-7.5306802494e-03
1.2986153525e-02
-1.1738877688e-02
1.8091494955e-03
-9.7807410402e-03
8.3441913042e-03
1.6309589409e-02
1.9694187450e-02
9.4869214262e-03
-1.9259898871e-02
2.6538387143e-03
1.1059405893e-02
1.0896024705e-02
-1.7518335820e-02
-1.5068258746e-02
-1.6765056018e-02
1.2862326201e-02
-2.4866546499e-03
1.3335151672e-02
-9.6747660589e-03
1.6748696126e-02
-1.0801706540e-02
-2.1237872434e-03
3.3364277553e-02
1.1015726153e-02
-1.8390422576e-02
-1.9462376450e-02
-3.2124407683e-03
2.6594608573e-03
-2.1131836435e-03
-1.2398938002e-02
-3.1078853992e-03
2.2159636812e-03
-1.1346452667e-02
-2.0910000474e-03
-1.0988404081e-02
-1.1590314997e-02
6.6639733525e-03
-1.1872037110e-03
2.1206672388e-02
-4.9448635413e-03
1.3894164360e-02
-1.8603505848e-02
-1.7690920835e-02
-3.1802848877e-03
2.4743514461e-02
1.9962213633e-02
-2.5609099858e-03
1.6071142201e-03
2.5032567970e-02
-1.1544332617e-02
4.0276333886e-03
2.0032799151e-02
-8.1352373450e-03
-4.3341073985e-03
-2.3483548877e-02
2.7825497154e-02
-1.2449645054e-03
1.2058581635e-02
-1.5856737237e-02
-2.9837411194e-03
-5.3384375559e-03
3.1136698702e-02
1.2725423537e-02
2.5891308138e-02
2.3219421045e-03
-1.0476838759e-02
-4.7903910469e-03
-1.1481030443e-03
2.3206177127e-04
-1.2966399655e-02
-1.3551340988e-02
7.1323134885e-03
-2.9829268261e-03
-7.2716639155e-04
2.2648840829e-02
1.4322727232e-02
4.4752834062e-03
4.2544712196e-02
-5.3689515517e-03
-1.0221035381e-02
-9.2458948055e-03
-4.2612117666e-03
-2.3625083501e-02
-7.9297720158e-03
-7.9563372553e-03
-3.7229053006e-03
6.6480062304e-03
2.8015302861e-02
-6.9012382984e-03
1.5779545900e-02
-1.1734125703e-02
-1.2456071176e-02
3.8799474287e-03
9.9919497868e-03
1.0180988479e-02
-2.0302529604e-02
1.5778328013e-03
-1.1583038697e-02
2.1219594742e-03
8.6277194779e-03
-1.3195037405e-02
-1.5816718520e-02
-1.3897308198e-02
9.5522049982e-03
-4.2820312908e-03
-1.9462925247e-02
2.8725999433e-03
-1.5962226837e-02
-1.2102859425e-02
9.5995086422e-03
-2.8401278802e-04
-1.6906635734e-02
-5.0692411032e-04
-2.9356834963e-03
1.8320106506e-02
6.5638863761e-04
1.8204139202e-02
-9.6657787554e-03
-2.2794443815e-02
8.4156909983e-03
-1.7172689216e-02
1.0047593265e-02
-1.2071406102e-02
7.2543955190e-03
-1.3978012450e-02
-6.4651286899e-03
-1.0865881163e-02
-1.2915685459e-03
6.0342658563e-03
-7.2848319927e-03
-9.2977950429e-03
1.2093589342e-03
-2.1988778689e-02
1.5635545285e-03
4.5924218878e-03
-1.5958445184e-02
5.2243890561e-03
9.2855660906e-03
-7.6473122190e-04
-1.0225612585e-02
6.1299863623e-03
-2.4621411758e-03
1.0217759708e-02
-1.3746055845e-03
-8.3409041879e-04
8.6194700704e-03
1.4059701144e-04
1.6946706583e-02
-1.2746429662e-02
-7.5093974432e-03
2.1821481015e-03
-1.0805211417e-02
1.9242204552e-02
-3.7260505244e-03
-1.3125452093e-02
1.1428060213e-02
-4.9392482286e-03
-1.8813859500e-02
-3.9100856357e-03
1.9266522982e-02
1.3675231449e-02
4.2156431564e-03
-1.7315132732e-02
-1.3995041987e-02
-8.2984464132e-03
-5.4933637267e-03
-1.8579670523e-02
-5.5067529881e-04
2.5980868604e-02
-1.4201588347e-02
-1.5824196464e-02
5.0387229122e-04
2.7588527543e-02
-1.4960585755e-02
1.5392795531e-03
-1.7214928910e-02
1.1551531764e-02
1.6087632813e-02
-1.9269028326e-03
2.5259164500e-02
4.8629253786e-03
-1.4420689864e-03
-1.6522960669e-02
-7.7021750257e-03
1.4009150289e-02
-7.6473091952e-03
3.5589314365e-02
-5.1265210692e-03
-8.1382047045e-03
1.0967127355e-02
3.8559703847e-02
-6.3806046645e-03
-9.8890684559e-03
-3.1906829261e-03
-1.8962059470e-02
1.7318803164e-02
-3.4649027943e-03
-7.8320847680e-04
3.1153371069e-03
3.7990401055e-02
1.8362780642e-02
3.6108882220e-03
-6.7553907013e-03
-1.2902762351e-02
-2.0305915948e-02
2.3060392754e-02
5.9694869262e-03
4.0925525281e-03
5.7330661754e-02
-1.2986223494e-02
-1.4692632393e-02
-1.5962214776e-02
-1.2708447593e-02
5.6582115652e-03
-1.9982425851e-02
-1.3743309941e-04
-1.0576957599e-02
1.7171644166e-02
2.9477154831e-02
-2.3087245354e-02
1.3513170341e-02
-2.0852148973e-03
4.8433433099e-02
2.0791093062e-02
1.1701298901e-02
1.8556223582e-02
1.2688815721e-02
-2.1984282837e-02
-1.3608787999e-02
1.2990134527e-02
-5.1998469351e-03
1.1605875146e-03
1.1766319073e-02
1.5789385246e-02
2.0129368784e-02
1.0784599849e-02
-1.2886526393e-02
-2.3734870415e-02
5.4416335221e-02
2.6699177333e-02
-1.0807451526e-02
3.2667717976e-03
5.5633448569e-03
-1.1678679107e-02
-9.0977034819e-03
2.8043395344e-03
8.6403031749e-03
1.4496779605e-02
-1.4803891224e-02
-1.2892126369e-02
-9.7801969708e-03
4.9110132636e-03
-2.2269787060e-04
-7.1268874037e-03
-7.9403988726e-03
2.7516134230e-02
-4.9909847568e-04
-2.5166663181e-03
5.6839859824e-03
-5.6807428596e-03
-1.3239142653e-02
1.0007108028e-02
9.8580620992e-03
1.7576968344e-02
9.7553488526e-03
-1.5033333087e-02
2.1329392713e-02
-1.5599671408e-02
-4.4439545517e-03
-2.2299032899e-02
2.4645155209e-02
4.0854772386e-03
2.9586895749e-02
2.7635149552e-02
1.7023563789e-02
1.9313448570e-03
-1.0233063838e-02
-8.3332323693e-03
3.5480510536e-02
5.5904378835e-03
-9.0242495032e-03
-7.2970631531e-03
-1.7969808852e-02
-1.1010563722e-02
-1.5291874696e-02
2.9201898944e-02
1.4807010437e-02
-2.8057460550e-03
-1.3271581538e-02
-8.8591838959e-03
-1.2931513581e-02
-4.1459887726e-04
6.4564678263e-02
4.3208209549e-03
-6.2900846125e-03
-6.7165257287e-03
6.1513207033e-04
9.0309929393e-03
2.4504449117e-02
-1.7525530322e-02
-3.9911094044e-03
1.6319394496e-02
-3.6540086044e-03
-1.8748610436e-03
3.1265759611e-03
-7.8914782928e-03
2.5739169223e-03
-4.9871298202e-04
-1.5071443621e-02
4.6541186715e-03
6.8040313873e-03
3.4725191180e-03
3.2629858746e-02
-3.4092228291e-03
4.4268629209e-02
-9.4230758854e-03
-2.3244424092e-03
-1.3063946247e-02
5.3116926852e-03
-8.1220225036e-03
5.3153626580e-02
-8.8508174534e-03
-2.0552314524e-02
-4.6631826349e-03
-4.2050958475e-03
-2.6253293125e-03
-1.0858401227e-02
-6.1372619774e-04
-2.0572672176e-02
1.1885444629e-02
1.4288524322e-03
-6.9547284560e-03
-1.2800993849e-02
-1.8473420483e-02
7.5067954884e-03
-3.4733958679e-03
1.3561314075e-03
2.9452970045e-03
8.1067342602e-03
1.1557254473e-03
-7.5533361428e-03
-6.8132152096e-03
5.6471459646e-03
-1.4081777588e-02
1.5681279663e-02
4.4679015486e-02
1.9404767956e-02
4.3619467275e-03
-2.3505009573e-02
1.4029771762e-02
-6.3487252539e-03
2.4713801591e-02
2.6966721425e-04
2.9338270187e-03
6.5484952547e-03
-2.8733284459e-04
-9.0991413485e-03
9.8476141921e-03
-2.0390048569e-02
-2.0144423053e-02
7.3553224222e-03
6.4262132813e-02
-3.6466430352e-03
1.0925601062e-02
-2.4041008399e-02
1.6512707827e-02
1.5977694321e-02
-4.6876385845e-03
-2.1357447814e-02
2.1546967488e-03
-9.8107597864e-03
-1.0705478822e-02
8.4046968767e-03
-4.0736310021e-03
-9.3570270468e-03
7.2602991507e-04
8.2197436867e-03
-1.4234042047e-02
-2.7367144453e-03
-7.7140515239e-03
-3.9785986752e-03
5.3770072727e-03
-1.1845589251e-02
-1.3593570652e-02
1.5381011115e-02
1.9478280160e-02
6.3150684531e-03
7.7592443488e-03
-3.0348551558e-03
-6.9301288647e-03
5.2319567193e-03
5.9695482695e-03
-6.9945507736e-03
1.0763139640e-02
-3.3288051534e-03
5.5534785581e-05
-1.4047568755e-02
-7.5599368070e-03
2.7423224253e-02
1.8240162308e-02
1.2660814325e-04
2.4061938230e-02
1.1201794003e-02
-8.1132945322e-03
-2.1648658315e-04
2.0008892724e-02
-7.3246113823e-03
3.3521047616e-03
-2.0382715438e-02
-1.7992762756e-02
1.5625171886e-03
-2.1949244039e-03
-1.3385847160e-02
-3.9514056480e-03
3.8690922560e-03
-8.7914047112e-03
-2.1955614553e-02
3.5706303138e-02
-1.3226895231e-02
3.4603797018e-02
6.5668338231e-03
-1.7979345058e-02
-7.7792008225e-03
-6.3955108402e-03
-1.5270552669e-02
-3.1879690998e-03
-1.4131221557e-04
-9.1348364547e-03
-9.4513467358e-03
-9.5395468651e-03
4.1579704399e-02
1.0867144909e-02
-8.8072481236e-03
-7.3719676420e-03
-9.9056156502e-03
1.8620445794e-02
-1.2098461676e-02
-7.4858949297e-03
1.2052321594e-02
-1.1351831651e-02
1.7091781419e-02
1.8192063434e-02
1.5433282356e-02
5.8259124280e-04
-2.1488006510e-02
-1.1112458868e-02
-2.0696305245e-02
4.2062277749e-03
1.3517566281e-02
-6.5367335295e-04
-9.7329213416e-03
1.9300962878e-02
-1.1983445461e-02
-1.2113639436e-02
9.8414909716e-03
-6.0150498214e-03
-5.4054593280e-04
-4.9567596008e-03
1.0885212504e-02
1.8385055942e-02
1.2334857174e-03
-5.3254243676e-03
-6.6793332812e-03
1.3902880714e-02
-1.8619034567e-02
2.9223030757e-02
-8.3683873131e-03
-8.4509040469e-03
1.3332124763e-02
-2.7622445230e-03
6.5761670939e-03
-1.2133807252e-02
1.6675495680e-02
-1.2291333434e-02
1.4458434748e-02
-2.1022763238e-02
-8.5051675900e-03
-5.8352219848e-03
-1.4714651080e-03
5.2056197579e-03
-6.6138123423e-03
-1.2921160870e-02
4.2633021734e-02
-8.2182315791e-03
3.4139606577e-02
-1.7728573290e-02
8.7848760411e-03
2.7510771589e-02
1.7841646894e-02
-1.0870798879e-02
6.9852432734e-04
1.1952972667e-02
1.0439535320e-02
1.6319956196e-02
1.4348477823e-02
-9.1565147758e-03
-7.6978977273e-03
-7.7132092247e-04
-1.5829487799e-03
3.0093119619e-03
2.6265183302e-02
-1.2005145310e-02
3.7855345200e-02
-1.8201002984e-02
-1.1160765739e-04
-2.2862190913e-03
3.6698448234e-02
-2.3293522537e-02
4.8128841297e-02
9.6261579673e-03
-1.9225615094e-02
-2.8279296236e-03
-2.2093680937e-02
3.0431451703e-02
2.6926109626e-03
1.0204986169e-03
-1.1534003000e-02
-1.1079807458e-02
3.8512956104e-03
4.2259229361e-03
9.4605671522e-03
-1.1469200083e-03
-1.5795704623e-02
-3.3058886950e-03
1.0886716094e-02
-1.1139543955e-02
-1.4067118123e-02
1.1127600164e-02
-6.7114375942e-03
-6.2221047587e-03
3.6437681968e-03
1.5851412685e-02
-1.6797022672e-02
-1.5642066659e-02
-1.7937283458e-02
1.5004528310e-03
-2.3994770235e-02
-1.1788391555e-02
-7.1507511540e-03
-2.8425208038e-03
-1.8460860144e-02
-3.1466739594e-03
-6.0326537858e-03
-8.8284874737e-03
2.2703396400e-02
5.2858125130e-04
-1.0484469086e-02
-1.7797803246e-02
4.3827883135e-02
1.8078910495e-02
3.8613711911e-04
-1.6579483671e-02
1.8783357623e-02
-1.8062997058e-03
-5.8568880873e-03
-9.5051882837e-03
-1.9391647598e-03
-6.3122666699e-03
2.6884355539e-02
5.6820969483e-03
5.6300601962e-03
-7.4827541481e-03
-7.0993630245e-04
-2.0039694693e-02
-6.6775603982e-04
3.1807611414e-03
-1.0955512573e-02
-1.1681168084e-02
-2.5189977954e-03
1.2877671055e-04
-7.5817494413e-03
7.9601249691e-03
-6.9845996864e-03
1.0203982269e-02
-1.4803560309e-02
-1.9740894544e-02
-9.5866454458e-03
3.6683027695e-02
9.8923968156e-03
1.7522918871e-02
-1.6441423164e-02
-5.1969860941e-03
-8.1734256673e-03
-8.3564125196e-03
-1.3758796108e-02
-2.2393849258e-02
1.0370898124e-02
5.3762649835e-02
-1.5102692349e-02
-1.2875627823e-02
-2.0077086990e-03
-4.2671765436e-03
1.6832190591e-02
-2.1484253284e-02
-1.0606693374e-02
6.5234521459e-03
5.1150157758e-03
-1.1206518209e-02
-3.9010727483e-03
-1.0823465153e-02
-5.6813977867e-03
-1.2856495062e-02
1.6652882908e-02
-1.1168582623e-02
-1.7316248430e-03
-2.1975417788e-02
1.4060904297e-02
3.9380749730e-02
3.4653896061e-03
-3.0132704998e-03
-5.9236456314e-03
-1.9442839978e-02
-1.5351527032e-02
3.3213358394e-02
-2.1211796391e-04
8.6871938408e-04
-1.4138161403e-02
-5.9048598544e-03
7.8136076280e-03
1.9607808747e-02
1.3559486333e-02
1.1602093826e-02
-2.6755780669e-03
3.2057158858e-03
3.5203524262e-03
-1.4230251196e-02
4.5736170954e-02
-1.4106503034e-02
2.4033835995e-02
-1.6398462672e-02
-2.0579868448e-02
4.1247323838e-03
-1.7628354836e-02
-1.4011299864e-05
-1.4165087790e-04
-1.3117051490e-02
7.0279930169e-03
-6.9796071255e-03
1.6606578506e-02
-1.3525328022e-04
5.0916646317e-03
5.9880068197e-03
-4.6163255949e-03
-7.6755466721e-03
-1.4913294120e-02
-3.4561188721e-03
-1.9844481679e-02
8.0413688283e-04
-1.6000106795e-02
7.2600445438e-03
-1.6783312654e-02
2.7414871741e-02
-7.0918760171e-03
1.9466927546e-03
-8.0010955839e-03
3.6019882700e-02
-9.0474369333e-03
-2.4169231098e-03
6.1170732792e-03
-7.8584707029e-03
1.5740652594e-02
-9.1318362048e-03
-1.4582673070e-02
-2.9487423855e-03
-1.6961245582e-02
6.6470860886e-03
1.7876933372e-02
9.5028872341e-04
-6.4016965346e-03
-2.1376530752e-02
-1.0651575878e-02
-1.7591672412e-02
-1.3467484866e-02
-5.0583211089e-03
-2.4900816038e-02
-6.7041726724e-03
5.1693419622e-03
-3.8106536170e-03
9.1166817912e-03
3.3082579005e-02
1.0385510108e-02
-2.0246431506e-03
1.4876865449e-03
1.7739120342e-02
-8.4400331848e-03
4.5806748063e-03
5.9273328856e-03
-9.7090991960e-03
3.1921395554e-03
3.6736056353e-03
2.9130076224e-02
2.5648160286e-03
2.5553178015e-03
-1.0466807820e-02
2.8151487891e-02
-1.6504166831e-03
1.6508375859e-02
-9.1337464607e-04
-1.1041690618e-02
-1.3822602448e-02
5.5004411056e-03
-1.1990219562e-02
2.4619664290e-03
-1.8231051604e-02
1.2212098475e-02
-1.2743388987e-03
-1.5303655391e-02
3.1253128595e-02
4.6338679274e-02
2.2746368323e-03
1.5178249957e-03
4.5928641156e-04
-3.6755151566e-03
-1.9995494160e-02
-2.0774094955e-02
2.9375768310e-02
3.9577497441e-02
9.9350684606e-03
-1.5236273038e-02
2.0219416282e-02
-2.3162532264e-02
-7.7946478924e-03
-1.6469836042e-03
-2.3848974351e-03
7.6804943224e-04
1.4252254735e-03
-2.8776589653e-04
-1.9368011440e-02
3.3768214209e-02
7.9203647849e-03
-5.8149675004e-03
5.6987324834e-03
1.9320451681e-02
-1.1263267295e-02
9.3590105491e-03
2.7120650464e-02
1.8369356101e-03
3.9841850896e-03
3.4444153530e-03
8.6817029513e-03
-3.6536772187e-03
2.1455867917e-03
3.8603650276e-03
1.5285051096e-02
-2.6714469417e-03
1.0804410936e-02
1.9753353042e-02
2.3017392943e-02
-1.2513322956e-02
-1.0785352300e-02
-4.3542483365e-03
7.4311151645e-05
-1.2124139110e-03
-1.2923503548e-02
-9.3313582795e-03
-1.4447935538e-02
1.1866569741e-02
-2.7782992044e-03
1.0236911885e-02
-6.7231719711e-03
2.0628994661e-02
-1.1483710633e-02
-1.2335444655e-03
3.1235791025e-04
-1.3427025949e-02
1.3559454565e-02
1.7313295892e-02
1.1747661931e-02
5.6198807913e-03
-1.9625220232e-02
-9.4382592881e-03
1.5537765667e-02
1.4832194991e-02
-7.7278917417e-03
1.4218682984e-02
1.6267839441e-02
1.0900703029e-02
-5.7467888887e-03
-1.5266417372e-02
8.7309574991e-03
1.1210301782e-03
4.6068978990e-03
4.4704874964e-03
-1.3913542058e-02
-1.2833866059e-02
-1.1549321887e-02
-1.0096280319e-02
-1.1311438142e-02
9.3792055311e-04
-1.2773474562e-02
2.2082253269e-02
1.5118842875e-02
3.4600883365e-02
-1.3028483725e-02
1.9706666740e-03
-1.1852820006e-02
4.2724651810e-03
1.0544344263e-03
1.8310476693e-03
-9.9742563456e-03
5.4567595214e-04
-9.6024549914e-03
2.2899384440e-02
7.4574371455e-03
-6.3505092046e-03
-1.6187681575e-02
9.2593074509e-02
-7.7091715007e-03
8.7109215950e-03
-6.4502166399e-03
-5.7832862524e-03
-1.2718581448e-02
-1.2283164157e-02
-5.6138248159e-03
3.9225298655e-03
1.5998750759e-02
4.1427249354e-02
2.6181177865e-02
-1.3946273296e-02
-1.3231056503e-03
-1.8347505740e-02
4.4871146402e-02
2.6484247951e-02
3.4039700593e-02
-7.8683847050e-03
1.6975604672e-02
-6.6890797314e-03
-1.0512088526e-02
2.0390226787e-03
1.0113470140e-02
2.1690429897e-03
5.4576785870e-03
1.7154006297e-02
9.6548725936e-03
2.2518125897e-02
7.1085552413e-03
1.1116472466e-02
-7.3156801964e-03
-9.5904869656e-03
6.5662541858e-03
3.3944861097e-02
-1.4896023062e-02
6.9022307758e-03
-1.9312453895e-02
-1.6347117889e-02
6.9775530940e-03
-1.6898065206e-02
-1.6371749318e-02
-6.8087545245e-03
-1.1612497370e-02
5.0912490660e-04
3.0140753778e-02
-9.6265706913e-03
3.5696544372e-02
-8.4799163051e-04
3.1499029771e-02
1.6777676918e-03
3.9427567305e-02
-1.6983521245e-02
4.4948086879e-03
-1.8978347501e-02
2.3842387810e-02
9.2702694885e-04
5.5115514085e-03
-9.4611087185e-03
-1.9616414550e-02
-7.2773502626e-03
-1.4929040615e-02
-3.6740673692e-03
7.4176490572e-03
1.3116101782e-02
-8.5665144636e-03
-1.7592902050e-02
-8.3290235058e-03
-4.8377083313e-03
2.2136839232e-03
2.9959801488e-02
-6.6768131007e-03
-2.1390826219e-03
-1.8097255666e-02
1.2017817075e-02
1.2749617718e-02
2.9038195929e-02
-4.6975112952e-03
-1.3556395872e-02
7.1440897234e-03
-1.1115893936e-02
-5.2897041191e-03
-1.3661789451e-02
2.9474137907e-02
3.0818161090e-02
2.6594445416e-03
4.8667016121e-03
5.2037915662e-02
-2.9803068223e-03
4.4115345448e-02
2.8724032037e-03
-1.8264566262e-02
-3.4444469328e-03
-9.8242691583e-03
1.0656825256e-02
2.7633468729e-02
-1.6266211552e-02
2.8100946143e-02
-3.5114506832e-03
-1.5276553660e-02
1.0651726862e-02
9.6685388600e-03
-1.3402293675e-02
9.1834493881e-03
2.0458337289e-03
-4.7529142642e-03
-5.4224222649e-03
1.8200074199e-02
-1.5288526573e-02
-1.3613657851e-03
-1.7411679150e-02
2.7773011950e-03
-1.3118400312e-02
-5.3206703283e-03
1.0485337326e-02
1.2565868764e-02
-1.2506481149e-02
-1.6482402758e-02
5.0077136268e-03
-1.5600064488e-02
-9.5062405018e-03
-1.6855006159e-02
-1.1645755532e-02
-1.5587409163e-03
-8.3032689386e-04
-5.9854061472e-05
-8.9018478656e-03
1.6744952772e-02
-6.3294319448e-03
7.1490119691e-03
9.1780977157e-03
-1.5144234334e-02
3.4623472379e-03
-9.1363985932e-03
2.5796891215e-02
2.6995147181e-02
1.2733421559e-02
4.7764815202e-03
-8.7042315987e-03
-1.2733611518e-02
-4.1081583457e-03
1.4196112457e-02
-1.1025247151e-02
-1.1882650027e-02
-9.4376523357e-05
-1.7080721353e-02
-7.4441808129e-03
-2.5052234396e-02
-1.2109876489e-02
-3.8672015720e-03
1.8782535618e-03
1.1979884294e-02
-3.5969334287e-03
2.6905117029e-02
3.0802010494e-03
-6.7321652742e-03
-2.5897834749e-02
1.2152002257e-02
-1.2271442575e-03
-6.7657090891e-04
-1.0963171592e-02
-2.2543248891e-03
1.9714028043e-02
2.9175375026e-02
-1.5122423577e-02
2.0463023299e-02
1.0523062553e-03
3.5747490260e-02
-6.8263714908e-03
-7.5509731292e-03
-1.1038610824e-02
1.0213128502e-02
1.1582951179e-02
5.0187952628e-03
-1.6260159639e-02
-1.8878189819e-02
1.0631683468e-02
2.8078623835e-02
-1.0167667531e-02
3.0267852599e-02
1.4954358767e-03
-1.6167605967e-02
-3.1497471543e-03
4.8876372589e-03
1.1562261790e-02
-2.5679202430e-03
1.8347314443e-03
-2.2411681751e-02
1.5929089637e-03
8.2421244221e-03
-1.6698812372e-02
-8.6849396704e-03
1.5638437844e-02
-2.7563235131e-03
-1.3842023607e-02
-1.5780721947e-02
1.3302427269e-02
2.2677381018e-04
1.8055847436e-02
2.6270593411e-02
5.5306673453e-03
-8.6610510940e-03
1.9279561295e-02
2.3302807308e-02
1.3284282139e-02
-1.8389468055e-02
6.7248749966e-03
1.1715626890e-02
-6.3142446845e-03
1.3983031862e-02
6.3521320059e-03
-6.8507192612e-04
5.5638727571e-03
1.0299553198e-02
3.3276739026e-03
7.2361425940e-03
2.5893726978e-02
1.7856951377e-03
-1.2964962487e-03
-1.3196522865e-03
3.8859513874e-04
7.4229891806e-03
3.5888664215e-04
1.2965096120e-02
-5.1326209350e-03
8.0086766040e-03
-3.6905528503e-03
-2.4984268784e-02
1.5530215199e-02
-1.9490864381e-02
3.5558614915e-02
4.1837700689e-03
3.5917433231e-03
-1.5245143806e-02
5.7530362273e-03
-7.0031674838e-03
-3.1745642388e-03
-2.2204272694e-02
3.5897691747e-03
-5.6638732642e-03
1.2961691478e-03
-4.2765856989e-03
9.9322815080e-03
2.0896049195e-02
-6.1511040093e-03
-1.2746859764e-02
-8.3262620406e-04
1.9864803232e-02
7.5457208528e-03
4.6410807737e-02
2.8453699353e-02
-1.2167608860e-02
1.1315272234e-02
1.2295276689e-02
-2.1313041098e-02
9.1182898515e-03
-6.6065582443e-03
-2.9452886016e-03
-3.4283183789e-03
-1.0694604321e-02
-1.0893866917e-03
3.5358557549e-02
4.2672241510e-03
2.6737807969e-02
3.3274348249e-02
6.3693983520e-03
8.3461076669e-03
-5.6767357042e-04
2.5465928751e-02
-4.0479165609e-03
8.3899914328e-03
-1.4406806102e-02
1.0458974914e-02
4.1921275718e-03
-7.8015540777e-03
-1.5710073665e-02
-1.5791163077e-02
-3.6151739568e-03
4.7625049371e-03
9.1276723764e-03
-4.3082680413e-03
-7.7911785099e-03
6.8341400841e-03
9.9554557673e-03
-5.8391247003e-03
-1.4474717332e-02
4.2095043223e-03
1.1449091230e-02
3.1361012468e-02
-7.8714862784e-03
-1.3597910341e-02
-1.8119019280e-02
2.1432486294e-02
1.5557246992e-02
-2.4484582911e-02
-2.3269809344e-02
-2.2043559274e-04
7.6861209753e-03
-4.4725051059e-03
-1.0431244477e-02
-6.7778711970e-03
1.2607856801e-02
-3.6575576023e-03
-1.9338354874e-02
1.8818719536e-03
-8.3604715525e-03
1.3660265773e-03
8.6027207867e-03
4.2256057093e-02
2.1331225306e-02
1.6474606869e-02
6.4725967903e-04
1.2808020177e-02
-2.1614701137e-03
5.4869079829e-03
-1.2095619115e-02
-8.9330572621e-03
-1.9226119041e-02
-1.5476088862e-02
-2.2172323377e-02
-1.4283704123e-02
4.8309489070e-03
-7.9008671466e-03
-3.7857515698e-03
4.9300576117e-03
-1.0524366113e-02
3.1665840467e-02
1.8387867975e-02
-4.7448136167e-03
-1.0089902392e-02
-4.0401857993e-03
-1.9146614660e-02
-1.1690025036e-02
-2.3112634308e-02
-5.0571383975e-03
-1.2335545516e-02
-6.6597898236e-03
-1.3907817567e-02
-1.3402651422e-02
1.0683644734e-03
-1.6413032972e-02
6.7311633829e-03
-1.5983867231e-02
1.5726189197e-02
-9.1507418299e-03
-7.1828750886e-03
-1.3958323856e-03
-3.7177458113e-03
-1.7732615496e-02
-1.1486295127e-02
-1.3100151287e-03
-6.3033581940e-03
-2.3757237434e-02
-2.1181285409e-02
2.3142044493e-03
-1.3138309780e-02
1.1583558633e-02
-9.5328674152e-03
-1.3186974007e-02
-1.8028153664e-02
9.5520488045e-03
-2.2903381239e-03
-1.3109138891e-02
-1.6561236102e-02
2.3154667077e-03
-2.1082630013e-02
-1.1510523802e-02
3.8415229498e-03
-9.0556570064e-03
1.0670947716e-02
1.6299423367e-02
-1.0447204611e-03
1.0832873976e-02
-1.2262398796e-02
-3.8569874557e-03
8.9863879037e-03
1.4322285562e-02
5.0700498907e-02
-1.7250806703e-02
-1.4349787888e-02
-2.1195487541e-02
-2.4244606727e-02
-1.8668718104e-02
-1.4556754218e-03
-1.7190954795e-02
-4.0523984124e-04
-9.2572662120e-03
2.0293767365e-03
2.5796119837e-02
1.0106191458e-02
9.0705127605e-03
-5.7673643351e-03
-8.5086081338e-03
2.2304941302e-02
-9.9191839616e-03
-2.7751764113e-04
3.0597651064e-03
-1.5870103362e-02
2.9943762660e-03
1.5213209213e-02
2.1425824910e-03
-3.0982267428e-03
-2.1691452116e-02
2.6336172211e-03
-1.0534389422e-02
-1.2798351983e-02
1.8500188849e-02
1.6074170353e-03
3.7187259844e-03
-6.7063817561e-03
1.3916985683e-02
3.6549758032e-03
-4.3428635954e-03
-1.2845776473e-03
3.5372690143e-02
-1.4857282180e-02
1.7163904228e-03
2.5767046942e-02
1.3491800730e-02
-9.0674403114e-03
-4.7722198047e-03
-1.5075604596e-03
-1.2362392560e-02
6.9194204219e-03
5.7775551602e-03
-4.7066762103e-03
-2.0856085590e-02
5.0279797958e-02
-1.1019736922e-02
-6.0817199956e-03
1.1099132319e-02
-2.5992392692e-02
-7.0446558176e-03
-1.3669346497e-02
-2.4408158997e-02
-1.9926535422e-02
-1.5242586774e-02
7.1618091638e-03
3.7666101558e-04
-1.1042044558e-02
-5.9217715883e-04
1.3725394486e-02
-3.3468646776e-03
-2.0945355961e-02
-1.2263447042e-02
1.3221656849e-02
4.6349995084e-04
-9.2252774709e-04
-4.9766633697e-03
-5.4788184515e-03
-6.4194737569e-03
-1.3880246448e-02
7.4909423812e-04
2.2009260829e-02
-1.0012304764e-02
1.6318351420e-02
7.0177421035e-03
-1.0550441723e-02
-1.6414301133e-02
-1.1620751304e-02
-1.5760937742e-02
5.0477128603e-03
3.1299269178e-03
1.7118878102e-02
1.8473449800e-03
-1.0884484718e-02
1.8194051869e-02
-1.5377273849e-02
-1.2375711372e-02
-1.2623500551e-02
1.2335870270e-02
-1.3567918331e-02
9.7936876782e-03
-1.4365944628e-02
1.0255471506e-02
-1.7428390669e-02
3.7952514964e-03
-1.8412393122e-02
1.4684610820e-02
-5.3871204085e-03
-5.2891641036e-03
-5.8459192207e-03
8.6143106783e-03
-2.3906488108e-03
-1.9085720958e-02
2.0154675351e-03
-1.1125195602e-02
1.2560983417e-02
-6.9672551300e-03
-4.7314446493e-03
-7.2453896699e-03
1.2565714744e-02
-8.1472133815e-03
1.5147550812e-04
-1.4460901734e-02
-2.1234250348e-02
8.3053012526e-03
-1.4842903403e-02
2.1274361756e-03
-1.1168232743e-02
3.0412711400e-03
-4.1137654664e-03
3.7479806539e-04
8.8221042166e-03
1.4893321581e-02
-1.1910186816e-02
8.9048259178e-03
7.8075437558e-03
-1.2838430519e-02
2.7444464017e-02
1.4370224362e-03
-2.5319623120e-03
-8.7375010249e-03
-2.2873277568e-03
-8.9402961663e-03
1.6990282018e-02
-7.9235019289e-03
3.4506338517e-03
-5.1460628209e-03
-1.0059532423e-02
9.6684024860e-05
4.8145826964e-02
8.2987230815e-03
-1.3402468432e-02
-1.7913289624e-02
6.2416060254e-04
9.8280904991e-03
-5.9472050772e-03
-7.4278105358e-03
-1.4427465229e-02
2.7509857094e-02
-5.6486377090e-04
1.0164899676e-02
1.4517925378e-02
-3.1507947833e-03
1.3895004671e-05
-3.1857620538e-03
-2.2840148902e-03
-2.3588886742e-02
1.9003240074e-02
-2.0929654692e-02
5.5537852939e-03
5.6997214771e-03
-1.5607208044e-03
-1.6943110577e-03
4.0774740245e-02
-1.1740143701e-02
1.6863065798e-02
-1.2178935988e-02
2.6132332173e-02
-6.9828126038e-03
-2.1426398110e-02
4.7197493313e-03
-5.2360883705e-03
-8.7952068900e-03
6.0216468716e-04
2.3785983446e-03
-1.4039785849e-02
-1.9857907825e-03
7.1863338043e-03
1.7467788043e-02
-7.0624326661e-03
1.8006024471e-02
9.2918508724e-02
-9.7458959831e-03
-9.6811889125e-03
-5.3483703506e-03
-3.8713240925e-03
-5.7488118837e-03
-1.2499760923e-03
4.0290269429e-02
-1.2277589116e-02
-3.3517124530e-03
-8.8710041930e-03
-1.0816665306e-02
-1.4532059699e-02
6.6643408399e-03
3.1030162541e-03
8.5295879310e-03
3.0730745297e-02
-2.7792748907e-03
-4.5979022810e-03
-1.7139687530e-02
-1.9018556406e-03
-1.9667205197e-02
1.1515385393e-02
-1.6782464783e-02
8.4232436403e-03
-5.4243897298e-03
6.9021281261e-03
-1.3071944622e-02
-1.4625147431e-02
-1.8943442413e-02
3.2070163878e-02
1.4717221521e-02
-1.7484179831e-02
8.7495783129e-03
-1.7026650808e-02
-3.5341442688e-03
-3.8820740777e-04
4.5737537327e-02
1.5513770560e-02
-7.7927621290e-03
-7.4720267341e-03
1.6015031260e-02
1.6787253871e-02
-1.2596829578e-02
-9.0472452784e-03
1.9712774696e-02
-1.1681516261e-02
2.0018613021e-02
6.7873578873e-03
4.2971295351e-04
1.0288061023e-02
2.1994829057e-03
-4.2843394493e-03
-8.6921902004e-03
-1.6573694301e-02
4.9209036339e-03
4.4692778613e-03
-2.2754299403e-02
-6.8017635610e-03
-9.0058554663e-03
5.3981325037e-03
-1.5436556013e-02
-6.1339807948e-04
-3.0630252238e-03
-1.6725497538e-02
3.1263361038e-02
2.0969296177e-03
2.9572665182e-02
1.4795173912e-02
-1.6737645898e-02
-1.6303465682e-02
2.1849268067e-02
2.0397219272e-02
-8.4224353462e-05
-3.1611379626e-03
-6.0695459171e-03
-8.6788667358e-03
2.3690773720e-04
1.6518398252e-03
-1.3445081444e-02
-4.9460182735e-03
2.5234734721e-02
-1.8062100457e-03
-1.6934349904e-03
1.6674082555e-02
-8.8036293912e-04
-1.0472134784e-02
1.5770456588e-02
-1.1440069704e-02
-3.0969675071e-05
-2.3462741518e-03
-1.0766734911e-02
1.3902451575e-02
8.7326677856e-03
3.9180808681e-05
4.6066225856e-02
-8.5532182844e-03
-4.3486696168e-03
2.2353550077e-03
8.1505338191e-03
-1.1988962616e-02
-1.4436059580e-02
-6.8818226565e-03
3.6358594027e-02
9.8431542900e-03
2.0760374493e-02
-8.4980352917e-03
-8.4451355178e-04
-1.6320307327e-02
1.3551478333e-02
2.3258019936e-02
-1.5494528892e-02
-1.8527078938e-02
2.0580066050e-02
-2.5708458881e-03
-1.1207486578e-02
-1.6487221726e-02
1.7942125577e-02
-4.0480290021e-03
-1.0704489638e-02
3.9795100592e-02
6.5989337793e-03
-1.3720660057e-02
3.9230424539e-03
-1.3823414186e-03
3.7724402797e-04
1.9718160502e-02
1.1683101860e-03
1.5794724117e-02
-4.4924598375e-03
1.8888946954e-02
1.0398244123e-02
7.7262954432e-03
1.8393864251e-02
-1.0768570685e-02
-2.1630471099e-02
2.6997601025e-03
8.6905935895e-03
-4.7119076472e-03
2.8163269116e-02
8.9930741447e-03
-1.0813092369e-02
1.7812566740e-02
-1.2272823750e-02
-1.4813011141e-03
-9.6212159640e-03
7.7068660704e-03
-1.3159219243e-02
-8.6485818726e-03
-9.3460407980e-03
-2.1208480341e-03
5.0975132874e-02
-1.9837635594e-04
1.2562972187e-02
1.5606051022e-03
-1.4269383945e-02
6.9778263421e-03
1.3712453403e-02
1.7513901129e-03
-9.6569545442e-03
1.0223942618e-02
-2.8411411761e-04
7.3522254399e-03
-7.9536343421e-03
6.5219751856e-04
-5.1760128927e-03
1.2039813955e-03
1.5547069222e-03
4.7910564281e-03
-4.8843389486e-04
-1.7825810065e-02
3.3783495349e-03
-9.3734891688e-03
-1.5478176547e-02
3.3109096676e-02
2.2769217534e-03
-5.9596983072e-03
-1.1873181205e-02
-6.8469893415e-03
-1.6956223159e-02
5.0317670632e-02
9.3852295549e-03
-7.9212081048e-03
-8.5023907307e-03
-4.0905823830e-03
-1.9456718283e-02
3.5989765558e-02
-1.0754029573e-02
-6.6810396633e-03
-8.3216883342e-03
1.0665402168e-02
4.0180056154e-03
-1.2488202762e-02
3.0307698119e-03
-9.0933669756e-03
-9.8822765703e-03
1.3778036840e-02
-4.0228526552e-03
-8.7126708926e-03
6.8122713205e-03
4.5639595265e-03
-1.0336030076e-02
5.9723142287e-03
-6.7889898765e-03
-5.9423219486e-03
3.4231317899e-04
7.3538087491e-03
7.7113435949e-03
1.8711219948e-02
-1.4481065184e-02
-1.6592136670e-02
-1.1513086841e-02
1.3201330308e-02
1.4218140270e-02
3.7760034066e-02
1.5687822027e-02
7.9713105304e-03
5.9520941558e-03
-1.0483684994e-02
1.2425097602e-02
-9.4663275209e-03
5.8474813088e-03
-1.5718189470e-03
8.4076088360e-03
-7.1487297148e-03
4.8064176287e-02
-9.6206997390e-03
-5.8492339296e-04
-3.9335812399e-03
-6.4576335798e-03
-1.7970161764e-02
-1.4597585732e-02
-9.2966634717e-03
1.9442484376e-02
-6.1933355831e-03
-1.5878919066e-02
4.5184791687e-03
2.1692993625e-02
3.1527980903e-02
1.3044593465e-02
-8.7096843564e-03
-1.3159007385e-02
1.1251059044e-02
2.0179781042e-02
6.5338175352e-02
-1.7229526386e-03
-1.9595110601e-02
-7.4363573692e-03
-8.6969291596e-03
2.4833676249e-02
1.5782187830e-02
-1.1025268365e-02
5.2532957322e-03
-4.3792392408e-04
4.1931159548e-03
1.5898584518e-02
-1.6070797082e-02
-1.9666919867e-02
2.6040803865e-02
-7.7787081721e-03
4.7817142557e-03
-2.9045770043e-02
-8.6011990774e-03
-9.4269409394e-03
-7.7676641417e-03
-5.6834269396e-03
-8.3655094616e-03
-9.1196928592e-03
-1.9573814958e-03
1.1252627465e-03
-1.8589644037e-02
5.2300158570e-02
-2.1837854084e-02
1.8750189165e-04
-2.8453849876e-02
-5.4078773557e-03
-7.6465756889e-03
-1.3610450930e-02
-4.7613100520e-03
1.1262363580e-02
-2.3940183065e-03
-1.5731432318e-03
-1.9092900206e-02
1.7417388191e-02
-1.4133030723e-02
2.1152417674e-02
4.1232461997e-03
-1.6124087218e-03
-1.0659966518e-03
2.8501679237e-02
1.5921924584e-02
3.3593491947e-02
-2.2457687064e-03
5.7139709635e-03
-6.4537470696e-03
-1.6757226499e-02
-1.2739833276e-02
-1.3602788355e-02
-9.0615276320e-03
1.1484254396e-03
1.2163069990e-02
3.2433888861e-04
-1.3775519504e-02
5.9181943782e-04
-5.1939760206e-03
5.6063707141e-03
-5.1840101985e-03
1.6731526224e-02
7.3417581956e-03
1.6494415960e-02
-1.3265500272e-02
-1.7361062386e-02
-1.2003325594e-02
-6.6630260676e-04
1.2616516076e-02
3.0201797892e-03
-2.2935167224e-03
-2.3193146707e-02
3.8722510340e-02
6.2240130508e-03
-1.0564402587e-02
-1.7567436407e-03
9.1518238279e-03
-7.6667700434e-04
1.6291777466e-02
-3.0843188190e-03
9.7513649900e-03
1.0760520228e-02
-1.3570371733e-03
1.8925893785e-02
5.6494776768e-03
-1.3677228261e-02
-1.2988403862e-02
1.4280798458e-02
-1.0281213248e-02
-3.8363015161e-03
-4.2783797687e-03
1.4923579488e-02
-5.8462330090e-03
2.3223198101e-02
8.5788011603e-03
-5.4681838683e-03
2.8862726709e-04
-2.1905987692e-02
7.7114023866e-03
-4.3548336432e-03
-5.7998210093e-03
8.0232321768e-02
-1.4353413514e-03
1.9228272794e-03
-9.9232110064e-06
2.4190951721e-02
-9.2374225849e-03
-8.4500966408e-03
-2.3606529345e-03
-1.5196512822e-02
2.3107321529e-04
-8.1898207319e-03
1.8665896314e-02
-5.4314047869e-04
9.1919410381e-03
-3.1109249507e-03
4.3354653692e-03
8.8329412260e-03
2.2533318030e-02
5.4133251646e-05
-1.2760158848e-02
-2.6094258099e-03
1.6788353762e-02
1.4034111571e-02
2.9038538493e-03
-8.0581040215e-03
1.0579001771e-02
-3.5975395647e-03
8.2627641071e-03
8.4624233658e-05
9.5602301837e-03
-2.4242879692e-03
-3.2195185581e-03
1.0695013871e-02
-1.6701939343e-02
-1.2656625787e-02
1.0903761692e-02
-2.8839097977e-03
1.9101907700e-03
1.2543531523e-02
-1.3660119395e-02
2.5062102976e-02
5.7749372934e-03
-3.8087828159e-03
4.4890409408e-02
-9.0644774760e-03
7.7632749681e-04
-1.1187504438e-03
-2.1613686940e-02
5.6929374546e-04
2.1058865246e-03
3.1192804153e-03
-1.5417845263e-02
5.0532903692e-03
-7.2233278395e-03
-1.8357487421e-02
4.5179265890e-03
7.8596165057e-03
1.9072418169e-02
1.5726844326e-02
-9.7533511189e-03
3.9687037587e-03
2.4813554378e-02
5.5683045196e-02
3.8857092784e-02
-1.7406785982e-03
-4.9005560608e-03
-1.4851644069e-02
3.2717477931e-03
3.5817608184e-02
-1.1945661354e-03
4.8606316475e-03
-5.0267951664e-03
-1.0703927121e-02
-6.4973161769e-03
9.4558394614e-03
-4.8360745856e-03
3.0360202328e-03
3.7897394548e-02
4.7984876693e-03
2.2622441974e-02
-2.2508180135e-02
2.9229452793e-02
-9.8803478255e-04
-1.1924077198e-02
-1.5684685515e-02
2.4177744723e-02
6.8881835944e-04
1.0650631002e-02
-1.4868231921e-03
-8.5518576919e-04
-1.6903141690e-02
-1.2320566808e-02
9.4674141257e-03
5.9389164977e-02
3.5850223570e-02
-8.7937711781e-03
-8.4780793229e-03
-1.0346523907e-02
1.8188286441e-02
-1.2948018767e-02
-4.3931631466e-03
2.6548196594e-03
3.5355199449e-02
7.6983765246e-03
-2.5921327083e-03
4.2489816265e-03
-1.4109831954e-02
1.7927245221e-02
-5.1504280447e-03
2.4474781397e-02
4.2117249163e-03
1.4516641392e-02
2.4043284720e-02
7.5428131851e-03
-9.0011330169e-03
-6.7015525986e-04
-1.0574757008e-03
-8.0623352968e-03
-2.0883865972e-02
4.1263356644e-02
2.1120407919e-02
-1.1934967440e-02
1.8089386971e-02
-1.0367389396e-02
1.0674807000e-02
4.6764331491e-02
4.8038905529e-02
-3.1948209820e-03
-3.7541835502e-03
-1.6943060942e-02
-6.2108348462e-03
1.4490714257e-02
9.8509343319e-03
-9.4970651995e-03
1.8580358011e-03
2.6488860537e-02
1.4346166318e-02
1.6836352472e-03
-1.3709360218e-02
-7.4234166081e-03
2.3427598833e-02
-1.6328656893e-02
5.7845254504e-03
-2.1560000937e-04
-3.6665515588e-04
-1.3180226741e-02
-1.8727970776e-02
1.0226772171e-03
-4.7280181021e-03
-1.1460993328e-02
9.3191165703e-03
-1.2102017166e-02
1.0601151028e-03
-5.6629467207e-03
8.0288792348e-03
-1.3792132380e-03
3.7152452132e-03
1.7627529826e-02
3.6257514215e-02
1.3219482172e-03
-1.4712667489e-02
1.6467967798e-02
4.3927014605e-02
-1.9008975083e-02
-8.1337215426e-03
1.9063998670e-02
-5.0537857508e-03
4.2794277110e-04
-1.5307842483e-02
-2.4741354916e-02
-5.5923549510e-03
-5.6193895334e-03
-1.2439396629e-02
1.0023458978e-04
-1.2297384406e-02
-5.2369026945e-03
-4.6229321855e-03
2.4020412602e-02
-1.3203978409e-02
9.1369969614e-03
2.1194293098e-03
1.4381956195e-02
2.6416632572e-02
-1.2092016453e-04
-3.9750955909e-03
-1.6914758856e-02
-1.7859045563e-02
4.2148937348e-04
-2.4693266866e-03
-1.4318981827e-02
1.2664890581e-02
1.9801481928e-02
3.9324817769e-03
-4.2502753227e-03
-3.1310253108e-03
-1.0746717765e-03
2.3146738525e-02
1.8215341749e-02
-1.2438679402e-02
-1.4024132004e-02
-1.4361280172e-02
-8.4423351900e-03
7.7916178402e-03
1.4428050828e-02
-1.4537025318e-02
-1.5739211601e-02
-1.6941455799e-03
4.6421038441e-04
1.3678890822e-02
3.6273762349e-03
8.3072144310e-03
-8.7293476258e-03
9.1064786050e-03
2.2292509793e-02
1.2856279707e-02
7.4037011086e-03
3.6935606312e-03
2.7119219782e-03
-8.8884604266e-03
-9.5868493554e-03
2.0185125558e-02
7.0960288777e-04
4.7765682456e-02
-1.6637556238e-02
-8.4166709135e-03
3.0589537985e-03
-9.8412521689e-03
-1.1079999921e-02
-1.1568903202e-02
2.3781586061e-03
-7.1471499802e-03
-2.0684937849e-02
-1.7952680337e-02
-4.5599965583e-03
2.2458122996e-02
-3.9233092639e-03
-4.2703396700e-03
-5.0485924573e-03
-2.2351684230e-02
-7.8948247718e-04
-7.6135781241e-03
1.2757789122e-02
-1.1526865180e-02
1.2113961291e-02
1.8360725240e-02
-1.5312836421e-02
-1.4275851546e-02
5.6587382839e-02
-1.9286737875e-03
1.8891096551e-03
1.2962665788e-02
-3.3370748026e-03
5.1271221296e-03
-3.5573882541e-03
4.3829686705e-02
1.3788275178e-02
1.1689598913e-02
-6.9083903490e-03
-1.4353167790e-02
-3.8313992066e-03
-1.3127623128e-02
-8.6021202147e-03
-9.8742627859e-03
-1.3247448471e-02
-7.5715750345e-03
2.8113736794e-02
3.6274752929e-02
-2.6941639497e-05
-4.1479850011e-03
-1.6702920580e-02
1.0536851506e-02
-6.7186401924e-04
8.5671181856e-03
-1.4853167921e-02
-8.6178744844e-03
-1.2710002648e-03
2.0700468681e-02
6.6949989410e-04
-1.1933592705e-03
-1.4531225878e-02
3.3235272534e-02
2.6994940541e-02
-1.0483562124e-02
-4.7126987738e-03
6.2364120213e-03
-2.4606058640e-02
2.2961342316e-02
7.2448075811e-03
-1.3761891779e-02
8.6719879632e-03
4.7808688598e-03
-1.5855900909e-02
-9.1958841331e-03
-1.2004320192e-02
1.0708036297e-02
3.1614950499e-03
9.7937184763e-04
-7.8462301491e-03
7.8867559419e-03
-1.9453925116e-02
-2.8262842204e-02
-1.7966198528e-02
-1.1380660436e-02
-9.4320278885e-03
4.6692042514e-02
2.4768493096e-02
1.2467710499e-02
-8.9699209303e-03
-7.2800845822e-03
-4.8815772610e-03
-1.7660481562e-02
-2.3749941161e-03
4.4431402372e-02
-1.8936235011e-02
-1.1916243528e-02
-1.0289167553e-02
-1.8253869231e-02
-1.5810382085e-02
-1.9515434031e-02
-1.7150640339e-02
3.2797884927e-04
1.9801472578e-02
-1.0273909993e-02
-1.2516004220e-02
5.0601587751e-03
-1.5718801562e-02
-1.6698279703e-02
-2.7426593902e-03
5.1835474588e-03
-1.9308591436e-02
-4.1932845151e-03
-3.2185239031e-03
7.4450858241e-04
-1.7723856354e-02
2.1642032136e-02
2.4222401493e-02
3.1051675305e-02
2.1605728004e-03
-6.2585367759e-03
-8.8919526244e-03
-6.8510363453e-03
-2.2194849673e-02
-1.2475909048e-02
-7.6345878702e-03
-2.9795709873e-03
1.4722049162e-02
-2.0794642376e-03
4.0908388206e-03
-6.2598692306e-03
6.3847842941e-03
4.5866090790e-03
-2.8270171247e-03
1.0844695287e-02
-9.8585830612e-03
-2.0883839014e-02
5.0159306170e-03
-1.1755683322e-02
-5.4411127976e-03
1.7822869547e-02
1.7940794327e-02
-3.6747089398e-03
1.6973361092e-03
-2.1725795407e-02
1.0802590762e-02
-2.0351103086e-02
2.7077312740e-02
2.4540558215e-03
-1.6071308363e-02
-6.8525093647e-03
1.5414664933e-03
1.3710166017e-02
-1.3566019679e-02
-5.3686500475e-03
2.4730843941e-03
-2.2733898675e-02
6.4778977421e-03
-2.4071449871e-02
-1.7863485565e-02
-6.8595915464e-03
-2.0780611465e-03
1.2442870677e-02
-4.2822123008e-03
-4.6058020624e-03
1.9929213738e-02
-9.7315546033e-03
-9.0165578291e-03
4.0064164985e-02
8.3109976204e-03
-1.0444183632e-02
-1.8091353817e-02
1.5182909268e-02
-1.5031090931e-02
-6.6650679686e-03
5.8143291342e-03
9.3476536605e-03
-9.6274558963e-03
-5.1993091851e-03
-8.8019090690e-03
-1.2154395409e-02
6.9902075802e-04
2.4117572567e-02
5.2973910906e-03
-3.9048568873e-03
-3.0245784833e-03
1.2242581899e-03
1.1520285395e-02
6.9056269223e-03
2.1143744982e-02
-1.6946103274e-02
7.6322179783e-03
1.2565543577e-02
-1.2456618790e-04
-3.6467248808e-03
-9.8716392428e-05
-1.3422406601e-02
-1.7435683227e-02
2.7901647222e-02
-1.6078705745e-02
1.8146724258e-02
4.0663514247e-03
1.5870042156e-02
5.3350609006e-03
-5.9802723459e-03
-1.1286294429e-02
-3.7138299962e-03
-6.7114643333e-03
3.4033311987e-02
-2.9948729730e-03
-1.5275656621e-02
-6.8126822253e-04
-1.6884420137e-02
9.3408029330e-03
-1.6179629513e-02
-6.3359482981e-03
6.9647714279e-03
7.6376187507e-03
2.4506680004e-03
4.0181001553e-03
1.9533862084e-03
-6.1921340676e-03
4.9292367462e-03
-2.3767950521e-03
1.8753723624e-02
1.5789910034e-02
5.6237746574e-02
-1.5323903750e-03
3.1977690262e-03
2.7067546851e-03
1.5273065260e-03
7.3683518795e-03
-6.8574733592e-03
1.2804969469e-02
-8.3842818194e-03
1.6224976346e-02
3.0092108174e-02
5.2430498052e-03
1.5317382243e-03
-1.0007220788e-02
-4.7887671653e-03
-2.3459299972e-02
-2.4418644138e-03
1.5980611602e-03
8.1989104758e-03
1.5018329888e-02
7.8627423480e-03
1.9285524851e-02
2.0265107163e-02
3.9411869283e-02
1.9262902867e-02
-5.6632540077e-03
1.2787451126e-03
3.9583579067e-03
6.5560832390e-03
-1.6390101694e-02
-1.4340795547e-02
-5.9784515720e-03
-4.8269438236e-03
2.3375992854e-03
1.5580703575e-02
-1.5498657953e-03
2.8728880560e-02
2.0129089187e-03
-5.1046314008e-03
-8.0148751018e-03
2.6152806184e-02
-1.7540744578e-02
2.9679870962e-02
8.6209397814e-03
2.2419396750e-02
-9.8008298091e-03
1.6213394724e-02
6.5649968048e-03
2.5935683700e-02
1.6569870463e-02
-2.7751090968e-03
4.7138737961e-03
1.0433575912e-02
2.5836935044e-02
2.4356648820e-06
-2.1212079143e-02
-1.7045564225e-02
-1.0491986093e-02
-2.4394959025e-03
7.5512236150e-03
4.3003371830e-03
7.7732982011e-03
3.8300253352e-02
1.3858386115e-02
-3.3995233514e-03
-1.7587430755e-03
3.7386417756e-03
-7.8110585076e-03
-1.4590244807e-02
1.3638918944e-02
-1.7420409849e-02
-3.4650408385e-03
-9.7490432781e-03
-1.3787085643e-03
1.4239104227e-02
4.9862698454e-03
5.2764733117e-05
3.7329906860e-02
-2.0233972222e-03
3.1506904199e-02
1.0586494105e-02
1.1212873651e-02
1.1053774630e-03
-1.7789062153e-02
-1.9921462426e-03
-1.5920758865e-02
2.0624447729e-02
-1.8764453166e-02
-4.1004424539e-03
3.4505990251e-04
5.6141161817e-04
-9.2578615557e-03
2.3853921216e-04
-5.5786633998e-03
4.4440780322e-03
-9.4864084671e-03
3.2818435255e-03
6.8390618056e-02
1.8185737460e-02
-1.2269797148e-02
-4.8548485910e-03
-2.5770462370e-02
-1.9118887040e-03
1.1300206663e-02
7.8211478820e-03
-1.2154914683e-02
1.2640233396e-02
-2.0141371465e-02
3.4808877061e-03
-1.9332421189e-02
9.7195009271e-04
1.3520768748e-03
-1.8512185415e-03
6.5809177159e-03
5.9261252117e-03
3.8336279420e-02
-1.6087015587e-03
-3.6265731121e-03
1.5563783274e-02
-9.9153811249e-03
1.8276900060e-03
-7.0390964297e-03
-4.7475010752e-03
-1.0103916544e-02
2.2737405941e-03
3.0299466997e-02
9.9144055308e-03
-4.2340707758e-04
-6.6362667867e-03
6.3197031208e-03
-3.0773043831e-03
1.2632947319e-02
-1.4398044490e-02
3.6565089553e-03
-1.9391473879e-03
-6.9385085118e-04
-9.3715824666e-03
-6.9156541626e-03
1.4024974461e-02
7.5305584201e-03
1.6775120546e-02
1.3140770087e-02
1.6831111079e-02
-7.0296403615e-03
-2.0919370172e-02
2.8932164604e-02
8.5243881005e-04
1.7406102944e-02
-7.4668409421e-04
4.6111999346e-03
6.9895170944e-02
1.1033259566e-02
2.7453189217e-03
-1.1147913082e-02
2.5166542079e-02
2.9505047994e-02
-2.1367073672e-02
7.2023020797e-03
-5.4904259791e-03
-7.2073790820e-03
-7.4643787089e-03
2.6040353846e-02
-5.0947733407e-03
-2.4772999225e-02
8.7418147578e-05
-3.6816797953e-03
1.7647328772e-02
5.0547051906e-03
-1.0182382770e-02
-1.6713479211e-02
-1.5240764685e-02
7.6413191392e-03
8.4603049018e-04
6.6901727697e-02
1.8064581363e-04
7.6595914461e-03
-1.0461041905e-04
-2.0122041196e-02
-1.4869275900e-02
3.5974547977e-02
2.1314146540e-03
-6.5132046255e-03
-7.8938156361e-03
1.0779949575e-02
4.2552452600e-04
3.1928038191e-03
5.5599738142e-04
2.6457737682e-02
-4.6273154648e-03
-4.8024771494e-03
-6.9360806271e-03
1.9383090491e-02
5.8360816364e-03
-9.7918866096e-03
-6.0499416271e-03
7.5083433587e-03
-4.4698156241e-03
5.9692502746e-03
-8.9069627758e-03
-1.5911582679e-02
4.1480193769e-03
-9.2957915414e-03
3.6639594424e-02
-2.3225076871e-02
9.7470264495e-04
-2.0860716265e-02
-5.9583262174e-03
-2.8209947472e-03
-8.4793217561e-03
-1.8957898800e-02
5.3104057247e-03
-1.1946634614e-02
-7.5655101441e-03
-2.9558438495e-03
-8.0312385728e-03
-1.5395513772e-02
1.0977480411e-02
-2.0010041283e-02
2.1208479399e-02
-3.4513627976e-03
-3.6391990449e-03
2.0070253239e-03
-2.7473743667e-03
-1.0884418013e-02
-1.6468450771e-02
-1.5036432907e-02
1.7313144398e-02
2.0144938808e-02
2.9725287676e-02
-6.1142562825e-03
-5.7733896383e-03
2.3048387801e-03
-5.9440899526e-03
-4.7003052238e-04
1.4300632713e-02
1.3442288382e-02
-7.4787202907e-03
9.9376347101e-04
7.5304955627e-03
4.8947488944e-03
-1.1756379485e-02
2.7139051754e-02
9.4492420273e-03
-1.7874293581e-02
1.8284611020e-02
7.2227248315e-04
-1.0101259477e-04
1.7477841690e-02
1.6773114837e-02
1.7095718578e-02
-2.6473766192e-03
-9.1237145913e-04
-2.0058958331e-02
-9.4008210388e-03
5.9533935083e-03
-7.1021490579e-03
6.1192479153e-04
9.9315894157e-03
1.0425411650e-02
-1.7945060896e-02
1.5269062695e-02
-1.9554258387e-02
-2.4713505259e-03
-5.7438587115e-03
-1.0827857901e-02
3.6533007641e-03
1.9991075326e-02
-1.2512255878e-02
-5.5128132223e-03
3.8054741404e-03
8.1156632465e-03
-1.3687940796e-02
-1.1567779492e-02
4.0976589022e-03
3.5339498866e-02
-1.5822398858e-02
1.3231547215e-02
1.0950866973e-02
1.3721751217e-02
-2.0239219289e-02
-4.2084031281e-03
-4.3124073292e-03
-9.3024581159e-03
-4.0768005296e-03
1.0518944767e-02
1.8159250092e-02
-5.9752613323e-03
1.0380937208e-02
-6.0711256003e-03
-3.3462619882e-03
-1.5030389355e-02
1.5271229113e-03
-3.5883097628e-04
1.4699915296e-02
-2.4423659287e-02
-1.5913529325e-02
-6.7515685061e-03
3.5323532551e-03
-5.8944424735e-03
1.2479585961e-02
-1.4177864708e-02
9.2206048888e-03
1.2316318331e-02
-1.5460538463e-02
-9.9649902805e-04
-7.2713701827e-03
2.6956991736e-02
-3.3896009955e-03
4.4754080492e-02
-1.4324875344e-02
9.7002041625e-03
-2.6076476661e-03
-3.6657125128e-04
6.4715325013e-03
-3.8080253274e-03
-1.1759068548e-02
4.4638302248e-03
-7.0217326400e-03
-1.4106516950e-02
-2.3403859590e-03
7.5906129047e-03
7.8939032186e-04
3.0095462673e-02
6.9246205655e-03
2.6567165305e-02
-1.9134302966e-02
-4.2819079194e-03
4.3270607678e-04
-1.0753030844e-02
3.2120652563e-02
-5.2668128846e-03
-9.6685188113e-03
2.3890722034e-02
-2.3255568999e-03
-1.4469539805e-02
-8.8070460650e-03
3.8352651798e-03
2.3477784419e-03
-2.6357320983e-02
1.7328780414e-02
-1.5348982077e-02
-1.8443674719e-02
2.8689401033e-02
-1.1735684289e-02
-7.4488768750e-03
-7.0351117981e-03
9.5514759259e-03
-1.7315092059e-02
1.4172266514e-02
-4.4925510959e-03
-1.1837101010e-02
9.2706135319e-03
-3.0351776607e-03
-1.4275275655e-03
5.1419272650e-03
1.5645397298e-02
2.1716236654e-02
1.4244091638e-02
2.0463504862e-02
3.9606106173e-03
6.7526208252e-03
-2.2440931082e-02
5.6878727873e-03
-9.1546310183e-03
1.3403957792e-02
-1.3223219322e-02
6.6911507580e-03
-1.2513079492e-02
5.4603577912e-02
-7.8563358629e-03
4.3897453639e-02
-1.5907652861e-02
2.8719702402e-02
6.7053995856e-03
2.6733712147e-03
8.4922800622e-03
-4.7575972873e-03
-4.1600079549e-03
-3.0980422048e-03
4.1436154908e-03
-1.1823323653e-02
1.3998033326e-02
3.4944562142e-03
1.1965042070e-03
4.2090785435e-02
-2.2837055181e-02
-5.6345777611e-03
2.0670994756e-02
1.4713147886e-02
9.8194175684e-03
-1.0605751712e-04
-4.2045427951e-03
3.5565485876e-02
9.8507247419e-03
-2.1158077112e-02
-4.6659102676e-03
4.2209630363e-02
-1.6803203730e-02
-5.7149222590e-03
2.2281291977e-02
-1.8022962933e-02
-2.4826983890e-04
9.8119942471e-03
-1.7752839385e-02
2.5501620382e-03
5.3845287317e-03
-3.2334846758e-04
1.4042602660e-02
-1.7640980325e-03
-1.5595645790e-02
7.1280729964e-05
1.0791544734e-02
-1.8074268986e-03
-3.3554480071e-04
1.0220413369e-02
-1.1292484498e-02
-1.2538677096e-02
4.9839939131e-03
-8.2484807499e-03
-7.1620397761e-03
-1.0888690700e-02
-1.1318483852e-02
-5.5564641979e-04
2.2947892104e-02
-9.3510948728e-03
-7.7104249968e-03
-1.7398476412e-02
-1.3218956889e-02
4.5697928940e-03
-1.0442257823e-02
-1.6780171318e-02
-2.8381220415e-03
-1.3490752206e-02
-1.0166424347e-02
-2.6224027223e-02
1.2907754630e-02
-7.8277814384e-03
-1.0148006973e-02
-7.2724187802e-03
2.1806739389e-02
-1.0959942914e-02
2.5786065407e-02
-1.8301352670e-02
3.7172894056e-02
-7.1501299623e-03
2.0432780553e-02
-5.7396099224e-03
-2.2735804075e-02
4.3052955979e-03
1.1735808190e-02
2.7394641031e-02
6.3022757851e-03
-1.1388482334e-02
-2.4197144405e-02
6.5367893768e-03
1.4209508817e-02
-5.3032503540e-03
3.0010219571e-02
5.0403023030e-03
-6.8134794444e-03
-4.6657843575e-03
1.3634402981e-02
8.0080537515e-02
-2.1335257922e-02
-1.0403413772e-02
1.5414178034e-02
2.4377632312e-02
1.7907068365e-02
9.6506199311e-03
-2.9871599194e-03
3.6298769955e-03
-1.4248354774e-03
-6.2962400430e-03
1.5503544202e-02
6.7261276349e-03
-1.1140113184e-02
-8.1907244830e-03
2.5488801676e-02
-1.4778322816e-02
-4.0982940578e-03
2.9865707113e-03
-1.3104762824e-02
-3.7226922077e-03
1.8534246913e-02
-6.9530386262e-03
-2.4102929838e-03
1.8322454475e-02
-1.1123339511e-02
7.6966214217e-03
-1.4245374819e-02
1.9898927656e-03
2.3162324588e-02
-3.9047594721e-03
-1.7123845567e-02
-3.7342486090e-03
3.0825081629e-02
-8.8324557972e-03
1.0503025349e-02
1.9980301954e-02
-1.6366772574e-03
-8.9785609084e-03
4.7725580956e-03
1.5520511100e-02
2.1660031574e-02
1.7578053440e-03
-5.3416857823e-03
-8.5210675876e-03
6.2384984032e-03
6.8285588376e-03
-1.0417301673e-02
7.6992394620e-03
-1.1495119815e-02
-5.5416029168e-03
-7.5355401540e-03
3.2832109109e-02
-8.3347332958e-03
-1.1434070904e-02
-5.6074610808e-03
-1.6566350286e-02
-3.1927415011e-03
2.2613311252e-02
1.4188912246e-03
3.9572055218e-02
-1.4138176045e-02
-1.4677508803e-02
7.4308680005e-03
7.5540936237e-04
2.1560219403e-03
-1.8804611312e-02
8.7984252223e-03
-2.1651425375e-02
9.6912130998e-03
-2.1231793455e-02
2.6759722888e-04
4.6286857653e-03
-1.4379015525e-02
-3.7571018146e-03
-1.6865887397e-03
-3.3524077774e-03
-9.1328660267e-03
-1.2521559335e-02
-1.1869136149e-02
-3.9146712322e-03
1.2565362840e-02
1.3118059378e-02
1.4482345365e-02
1.9747271623e-02
-6.9678104999e-03
7.0564922527e-04
1.6489432471e-02
2.6242038292e-03
-1.1706758052e-02
-1.4344394800e-02
1.0756961592e-02
8.2315715729e-04
-1.3024535963e-02
6.2432491293e-03
-4.1938489343e-03
1.2933279601e-02
-5.7025930266e-03
1.4420366364e-02
-1.1656235587e-03
3.9642696779e-03
-2.0282178868e-02
5.4378100472e-03
1.4477003714e-02
5.7080353965e-04
2.5929681320e-03
8.8491696870e-03
7.3959763791e-03
1.9035839649e-03
-6.0368012789e-03
-4.3906285928e-03
-1.2061772602e-02
-7.9266469518e-04
-2.9027537364e-03
-1.5700998554e-02
-1.9543140619e-02
-3.2131533419e-03
6.9931754937e-03
5.9426628273e-02
-5.9405619557e-03
-2.1136914745e-03
1.1353109254e-02
2.2646157290e-02
-3.0779075429e-03
1.4936470221e-03
2.3304723216e-02
2.8355832274e-02
-6.4440193843e-03
-1.6995128882e-02
-5.0980256259e-03
-1.3418302031e-02
-1.5221934963e-02
1.8873699267e-02
-2.2563387113e-04
-6.1311960966e-03
-1.1715336932e-02
4.0042236530e-03
1.6391739086e-02
5.9791315800e-06
9.7623395594e-03
6.7015650589e-03
-2.8573573757e-03
8.6731043899e-03
-1.0093068487e-02
-9.5797503943e-03
-4.6290377649e-03
1.3670969270e-02
-1.9038207549e-03
4.2727518602e-03
-2.0099287969e-02
-1.8764724736e-02
-1.6809381251e-02
-1.8591372208e-03
-1.0888360924e-02
1.4467218503e-02
4.6794945327e-03
2.7403838091e-03
1.3366342390e-02
-1.4780599062e-02
4.0613029538e-03
9.0952379373e-03
5.7919675056e-05
-6.0233580929e-03
2.0890400783e-02
5.3442828487e-03
6.0037141659e-02
-5.0708241572e-03
1.8301652732e-02
-1.2429038739e-02
-1.0479621258e-02
2.1577457132e-02
1.2978510702e-02
9.4745449759e-02
-2.4534153231e-02
-3.6610403071e-03
2.8106179891e-02
-3.8120473330e-03
-1.5254824694e-03
-1.1198481012e-02
-1.1978513470e-02
-2.0328893578e-02
2.2168980493e-02
-1.4352611862e-02
1.7931196867e-02
-8.3842047601e-03
2.3130452161e-02
1.5326098395e-02
4.4296699049e-04
-3.8925554522e-03
-5.8533829967e-03
-1.3713907083e-02
-1.5714580829e-03
-5.7136220000e-03
2.7789213290e-03
1.2823573404e-02
-2.9841813234e-03
2.9954761581e-02
-9.3100908546e-03
-7.5047908257e-04
-1.1544556975e-02
-1.0566837772e-02
-1.5676969958e-02
3.6618033537e-03
-1.5165861582e-03
8.5396162108e-03
-1.2969244515e-02
-9.6259436333e-04
-2.0245242645e-02
3.7370329543e-02
4.1719846502e-02
-7.4465822727e-03
6.9251025472e-03
2.0336298065e-02
-1.2433698658e-03
-9.5840129350e-03
1.7611064558e-02
-7.0777142917e-03
-3.1029623490e-03
2.9096019543e-03
-8.9901454001e-03
-2.3973177985e-02
-9.5960753954e-03
7.9371055879e-03
-1.3337019903e-02
1.4886523793e-02
2.6459389388e-04
1.4049076649e-02
3.1374722253e-04
-4.5880087063e-03
2.3324931154e-02
3.2039854189e-02
8.0522691185e-02
3.6171901311e-03
1.8841194929e-02
1.3238712530e-02
3.4103486623e-03
2.0822218726e-02
-5.0967007148e-03
2.1359884934e-02
-5.7897698037e-03
-5.9760237753e-03
1.6015495300e-02
-7.1863431403e-03
-1.2108206023e-03
2.0251809311e-02
-2.1949430199e-03
1.5129265496e-02
-7.3422132151e-03
-6.1314720162e-03
1.9351128867e-02
-1.3607688083e-02
3.5049039616e-02
9.3570669629e-03
1.5206660555e-02
-1.6973299930e-02
-5.2854655013e-03
-9.0101563489e-03
1.5766720631e-02
-4.2265049377e-03
1.6589845660e-02
4.2339595819e-02
1.6881090232e-02
4.5760096772e-03
-2.7884163725e-03
2.5291464316e-03
-1.2160462241e-02
-4.5527727726e-03
-1.8896151328e-02
1.3213804732e-02
-1.4815899176e-02
2.5914433914e-03
-7.2717066087e-03
7.2875840244e-03
-1.7349648432e-02
-1.0305024790e-02
2.1657792050e-04
2.2319670802e-02
1.6695815379e-02
-2.7211016436e-03
-8.6345075815e-03
1.1227266049e-02
-1.1185681908e-02
-3.3061711825e-04
6.9291351501e-03
-4.5123236707e-03
3.0865817291e-03
1.8447247478e-02
-4.6021827259e-03
1.6930227089e-02
-2.8212104188e-03
1.9428203278e-02
-1.5305877916e-04
-8.2910053437e-03
3.0138858767e-03
-1.0982241062e-02
1.4069286513e-02
-1.0816197372e-02
-1.0687750013e-02
5.5694187145e-03
2.4431157797e-03
-1.2190610855e-02
4.4627357130e-03
2.6004224429e-02
-2.5825030944e-02
-4.7584498223e-03
5.0185771987e-03
-2.4093488095e-02
-7.8236910675e-03
1.7000132418e-02
-7.5856506342e-03
-7.3001615774e-03
-8.9420071193e-03
1.0666072706e-03
6.9368832744e-03
-3.6178465934e-03
3.0513970206e-02
1.4082539432e-03
1.9023885647e-02
1.4042437522e-02
-1.2868546993e-02
1.4222896067e-02
1.1374176618e-02
2.9923002009e-04
2.6600110037e-02
6.0851102412e-03
-4.9052352592e-03
4.3519735125e-02
-8.6422801475e-03
-1.8388326766e-02
1.8034411575e-02
-1.2991163613e-02
-2.5022418513e-03
-9.2878569795e-03
3.7365235569e-03
-1.2697932409e-02
7.6959216580e-02
3.7354718514e-02
5.6387697131e-03
-1.9281249896e-02
-1.3011823663e-02
1.5003512495e-03
5.9739937613e-05
-1.1923866350e-02
2.2290550582e-02
1.1092090689e-03
-2.0811586177e-02
7.9973731131e-03
9.2834053272e-04
8.9222405277e-03
6.8411043941e-03
2.1695271507e-02
4.7857184153e-03
1.6952381377e-02
5.5727561498e-03
-1.3812147965e-02
-2.7976788111e-04
3.5212065031e-04
-1.2909700505e-02
-1.0507457676e-02
-6.2682662118e-03
-5.2552576896e-03
6.4335529256e-03
-1.0315655459e-02
-1.3059505755e-02
2.1553781731e-02
-6.3008937255e-03
1.1674642287e-02
4.3854869669e-03
7.0574841112e-03
5.2142829354e-02
-3.2321651536e-03
1.9516288736e-02
-2.2712604053e-02
-2.0536692186e-02
5.6370959814e-03
3.0331146289e-03
-1.3832285220e-02
3.5901650952e-02
3.5837513053e-02
-1.3319287821e-02
1.2746189330e-02
8.7408681024e-03
7.9889235190e-03
-9.1704581581e-03
8.5501433858e-04
-2.5552522613e-03
-1.0005561694e-02
-5.9866663009e-03
-4.8347221776e-03
5.9422545524e-03
6.5200479686e-03
1.1401484324e-02
-3.4936139413e-03
4.6905279964e-03
-1.2930622946e-02
-1.2976630902e-03
-1.3901839650e-02
3.3627468423e-05
9.5607101640e-04
-6.0728627821e-03
2.5047151548e-03
-1.2153644902e-02
2.2913000470e-02
2.2618882860e-02
7.6353997769e-03
-1.3228003511e-02
-2.4658653602e-03
8.6261580899e-03
6.4323379159e-03
-1.0907273594e-02
-8.3823312717e-03
-3.1189604386e-03
-1.2296668805e-02
1.4674009782e-02
-2.8466537708e-02
-1.8347892779e-02
-5.4307355987e-03
2.1306263884e-03
2.8820611034e-03
1.6272475450e-02
4.9284892096e-03
-1.2142443791e-02
-9.5615316839e-03
5.2510566666e-03
-1.6628899991e-02
4.8564520258e-03
-1.7166771208e-02
-1.1122407095e-02
-1.3512656704e-02
1.0196200880e-03
-1.5995876470e-02
-1.2425690753e-02
1.4056384199e-02
-6.2004543046e-03
1.0972408311e-02
-6.0764796956e-03
7.9641900069e-03
1.3278144712e-02
-7.0279278880e-03
1.5008274001e-02
1.8412236622e-02
-1.7469418177e-02
-4.5398783892e-03
-9.5118249128e-04
-1.1720289804e-02
5.4618540562e-03
6.8200206045e-05
7.1840108260e-03
9.2673968409e-04
1.1450125889e-02
-1.8955873962e-02
-2.6042289893e-03
-1.2409334021e-02
2.8275714778e-02
1.0258783492e-02
-3.1054866461e-03
5.0052865380e-03
-4.1720478668e-03
1.1797988131e-02
1.3501260111e-02
3.6140559174e-02
-3.0904149592e-03
-2.0901324315e-02
6.0417975482e-03
6.6221755991e-03
-1.1345206629e-02
-2.4136190438e-03
-2.5676234914e-03
6.8093845210e-03
-9.0326308127e-03
9.7996510878e-03
-1.4809516255e-03
4.9387359953e-02
9.9272427050e-03
-1.0340733273e-02
-5.0990517805e-03
2.6918163540e-02
-1.3507428394e-02
1.2689186477e-02
-7.6381905976e-03
-1.4652650330e-02
-6.5460839830e-03
-9.8502503464e-03
-1.5259519671e-02
-1.6268799581e-02
-2.1573909268e-02
-8.2473389751e-03
-2.3339341672e-03
5.6527455670e-03
1.2633743419e-02
4.3270430606e-03
8.0587260803e-03
-1.5358322553e-02
-2.5907247958e-04
3.6416719887e-04
4.0107618436e-03
-6.2819322940e-03
-7.0609882100e-03
