-1.7260167478e-03
2.8703288894e-03
-3.2187878005e-03
-1.2800048316e-02
-1.4681849054e-02
1.3054173815e-02
1.1118360550e-03
-1.6738644449e-03
-6.8766112682e-03
-1.1101024064e-02
-8.3875103795e-03
-1.4469680298e-02
-8.8477719255e-03
1.0180281894e-02
-1.7424342444e-02
-1.7539942687e-02
-1.4864561488e-02
1.0825930930e-02
5.8999971639e-03
-1.0288049824e-02
3.9813512450e-03
3.7152006893e-02
-7.9167589838e-03
7.5918836177e-03
-1.2942480920e-02
3.5618089371e-03
1.0918324125e-02
-1.6078814716e-02
-4.1932333843e-04
-1.4855467390e-02
-1.3709544461e-02
-1.9826927970e-02
2.8289266644e-02
1.7675928780e-03
8.4878195511e-03
6.0362297287e-03
-7.0703842457e-03
3.5223079774e-04
-1.4479304221e-02
1.6500432902e-03
2.9310244561e-02
5.4263391371e-03
1.5036879582e-02
-2.9957827782e-04
3.3780711160e-02
-1.4654835891e-02
2.9655620681e-02
-1.5609508136e-03
-7.9530139422e-03
-3.3036031237e-03
-3.7392319270e-03
6.5528185607e-04
-2.2485173925e-02
1.8056751595e-03
4.9424071894e-03
-2.0353952600e-02
2.5431010570e-02
1.1874108180e-02
-1.3676139164e-02
3.8982006729e-02
1.0441797668e-02
-3.0797451054e-03
-9.0965710514e-03
-1.3400588044e-02
-1.8212250324e-02
-6.4385517652e-03
-5.8926574678e-03
-1.0713853824e-02
6.4960333807e-03
-4.2116068486e-03
3.4873569990e-03
-1.0628769763e-02
-1.3987576115e-02
3.2372510821e-03
-4.5296735121e-03
-5.8148302912e-03
5.0748636325e-03
-6.3522638041e-03
-2.3130414783e-02
-2.4876805929e-02
1.6726532879e-02
5.8770248753e-03
3.9861968710e-03
3.1598854417e-03
-7.6173942660e-03
-6.0589286210e-03
-1.8065882185e-02
1.7004735959e-02
3.4370382073e-03
1.8877974975e-02
-1.6396780576e-02
6.6209809008e-04
6.6931051149e-03
7.4601148715e-03
3.0394008009e-04
-5.2887332154e-03
-2.2321719309e-02
-1.1090229688e-02
-1.3586235805e-03
1.3514068259e-02
4.9989119469e-03
-3.3045070076e-03
-1.7802891649e-02
1.1817292540e-02
-1.9500125111e-03
-7.3414264507e-04
3.5066924424e-03
-2.5643506015e-04
1.8598623443e-02
-1.0458435892e-02
-2.4162425814e-03
1.1769257784e-02
2.0918311331e-02
-7.0310014661e-03
1.4876697102e-02
-3.3026767813e-03
1.4217230690e-02
-7.2204560741e-03
1.0133042481e-02
-1.6163001603e-02
-3.6588406040e-04
1.0587642108e-02
-1.3133357905e-02
-2.1608731438e-02
2.7910363949e-02
1.1330947740e-02
-1.0346131340e-03
-6.7602329814e-03
-9.9918071056e-03
-4.3436009475e-04
1.6941481652e-02
4.9498756900e-02
2.9069499702e-02
-1.1347643971e-03
-2.4796794638e-03
-4.3930240784e-03
2.4876815158e-03
3.1294824464e-03
-1.2649486040e-02
2.1140647560e-02
-1.4786378845e-02
9.8436999726e-03
-1.6063517317e-02
-4.7889475544e-03
3.1421222806e-02
1.1194432174e-03
1.5496130434e-03
-1.0899295204e-02
-4.1252417852e-03
-5.9850389572e-03
-1.1027101593e-02
2.3788984370e-02
3.5160028661e-03
-1.6255938216e-03
2.0861048141e-02
-9.2460385418e-03
2.0244301273e-02
1.0117764761e-02
3.6498783641e-03
-1.0952785017e-02
1.0305960819e-02
-2.1520109856e-02
-1.0578137956e-02
-9.3564932744e-03
3.1892278758e-02
-1.3818285375e-02
-4.9169550551e-03
-1.4616515293e-02
-9.4926373908e-03
1.0996706043e-02
-5.2902319763e-03
-2.2408725740e-02
-1.1374359097e-02
-1.2632940454e-02
-4.0203616274e-03
-1.8025149429e-02
-1.2291064768e-03
1.1143275318e-02
-6.5180981535e-03
-1.9114282483e-02
-1.3639665474e-02
1.4718190688e-02
1.6267727922e-02
-7.5217799668e-03
1.9808017238e-02
2.5738655321e-03
2.5831705489e-02
-4.2220207017e-03
-1.2624118409e-02
1.8475799477e-02
-9.2765662944e-03
-3.2017299884e-03
2.9161921168e-03
-4.0134405537e-03
1.0932637654e-02
3.1256004989e-03
-1.3588589728e-02
-1.0551155020e-02
2.9402481574e-04
-9.8512059552e-03
-1.3610036844e-02
-1.1623740318e-02
2.3657330048e-02
-2.1735557081e-02
-9.4621130499e-04
1.7268073721e-03
-9.3998434760e-03
-1.7445435755e-02
-1.9897639697e-03
1.9378336130e-04
8.9400365283e-03
-4.6687616948e-03
9.5920175549e-03
-4.7767187280e-03
2.7865581127e-02
8.3089885720e-03
-1.4136469762e-02
-3.7441903720e-03
-9.1870969840e-03
4.1807076720e-03
-1.7263615454e-02
-1.3405942181e-02
-5.5895843510e-03
5.7670889926e-02
-2.5254530404e-03
-9.2760602663e-03
-1.3589059691e-02
1.0641637314e-03
4.9013307152e-03
1.5735985228e-03
-2.2352401443e-02
3.5596427733e-03
2.2779199110e-03
1.8806954735e-02
7.7517718639e-03
1.4620888150e-02
2.1187159243e-02
2.6398964410e-02
-2.0306048589e-02
1.0437123862e-02
4.8099613647e-03
-2.2444280314e-02
-1.0013968138e-02
-6.6245144131e-03
4.6962693054e-03
3.5491746025e-03
1.8928930991e-03
6.7730771884e-04
-7.4021712908e-03
3.5806733002e-02
-1.3199996222e-02
-1.7938803116e-02
-5.9566372285e-03
-9.9417392572e-03
1.0515249264e-02
-7.3540887407e-03
9.1533904335e-03
1.7465403666e-02
-1.7106945021e-02
6.4657916579e-03
3.0810392405e-03
1.1188997143e-02
-1.6347773376e-02
-1.0931196766e-02
-2.1748117991e-02
2.0422319017e-02
-2.2160730829e-02
1.5914242631e-02
-9.5024685245e-03
1.6209661998e-02
1.3371144471e-02
-2.4506853049e-03
2.7737054079e-02
2.1808389671e-02
-2.0219813062e-02
-1.2441262288e-02
-1.0911102983e-02
-8.6197210499e-03
-9.4608976471e-03
-4.7072047189e-03
4.0562311852e-03
8.6962057281e-04
-1.1771399466e-02
-7.8536211930e-03
-5.0058149515e-03
-3.2447298454e-04
2.0494816347e-02
3.8544296933e-03
-2.9502080706e-03
-8.4173817042e-03
-8.9372501258e-03
-3.2184747957e-03
-3.4175711697e-03
-1.0354853228e-02
-2.4592320997e-03
-1.8012797842e-02
1.8096350986e-02
1.6118886655e-02
-1.3039745685e-02
5.1830500856e-03
-1.4880256311e-03
2.3828185274e-03
1.4379074345e-03
7.9509655400e-03
2.5151260129e-03
-8.3859323124e-03
1.1169065586e-02
3.4475554564e-03
-7.5873447716e-03
-1.4224938333e-03
-9.6278274620e-03
-5.5523843694e-03
-1.3181202363e-02
-1.4328980137e-04
1.8515647969e-03
1.1664620253e-02
1.0501641260e-02
-1.4431284622e-03
7.6686277580e-03
-1.5260240494e-02
-1.2806607540e-03
-6.7412695186e-03
-3.2983967647e-03
6.0061422503e-03
-5.6888379053e-03
7.3880924055e-03
1.3789567839e-02
4.6116313695e-03
1.6026222963e-03
-2.1184290155e-02
2.6440850950e-02
9.1250421517e-04
-8.6232288523e-03
-2.2865518974e-04
5.2439605924e-03
9.3698842517e-03
-1.5609590650e-03
2.6287393059e-03
2.0144931311e-02
3.9832762830e-03
-1.2142653444e-02
-7.5780425062e-03
6.9625038000e-03
3.3856579140e-04
-5.0113825409e-03
1.4986938252e-02
-8.7365407566e-03
-1.6691556536e-02
-3.3398606901e-03
1.7957191587e-04
-7.3050229507e-03
-6.2272911762e-04
-1.1676001803e-02
-5.7065430878e-03
-4.0906470478e-03
-1.1455566489e-02
3.3330821600e-02
-1.8190817689e-02
-1.2753446368e-02
-7.7757563830e-03
-2.5713297299e-03
3.5769719705e-03
-9.1968733385e-03
-1.6880776181e-02
6.7295891400e-03
2.6222190498e-04
-2.8475582151e-03
-1.9957211709e-02
1.4179633235e-02
-1.1397857548e-02
3.3308086600e-03
-8.0716619654e-03
-1.0595700170e-02
1.4997244273e-03
8.7489129026e-03
-7.8045437603e-03
6.3103309220e-03
-4.5073260312e-03
-1.4027715339e-02
2.0697859134e-02
1.8889192618e-02
1.4181049867e-02
-2.0603042383e-03
-6.3143709063e-03
-1.0854542506e-02
-2.4034782552e-03
-3.8392646645e-03
2.0204029472e-02
-7.4993489270e-03
-4.8792053004e-03
-1.6445912451e-02
1.3499280977e-03
-1.7379472246e-03
-8.5287206156e-03
1.6045366443e-02
-4.2581869379e-03
-2.4095902253e-02
-5.5404632479e-03
-1.9938268141e-02
1.8398598391e-02
3.5600220932e-03
-5.4819842839e-03
4.9141514658e-03
-3.0756145879e-03
-1.2020799300e-02
-5.8405568822e-03
-6.4356451146e-03
4.7742692151e-02
-6.7045315292e-03
1.5556793756e-02
-2.5059343500e-02
1.7931405556e-02
6.5455472664e-03
-5.5679801031e-03
-5.0790723764e-03
3.5145814712e-03
8.0957663145e-03
-1.8222141980e-03
6.2256784030e-03
-5.2326702468e-03
8.9726765912e-03
-8.4238133824e-03
6.7198491095e-02
7.0230519092e-04
-2.8925133550e-03
-7.5014268020e-04
6.5912422369e-03
-4.6920973600e-03
9.8086228382e-03
-3.7248238800e-03
-1.8684801527e-02
1.8143154261e-02
-4.2264714985e-03
-7.9165175980e-03
-2.7481487770e-03
-8.2579284799e-04
2.4844000980e-02
-1.9583276061e-03
-2.1720540048e-02
-9.2244611718e-03
-1.1636880293e-02
-9.1966994367e-03
-8.9015812002e-03
2.7574955891e-02
-1.7451621493e-02
1.3221567054e-02
-2.0565508847e-02
1.2889649574e-02
1.0892733698e-02
1.1387283647e-02
1.7209919501e-02
6.4369258728e-03
2.8491205844e-02
-4.2642189449e-03
8.3419460439e-04
3.0101664006e-02
4.5903451537e-03
-2.0667104652e-02
5.6790145248e-03
3.1639120265e-02
-1.0162821438e-02
-8.6130320765e-03
-8.6525173160e-03
-1.8778611090e-02
-7.3506060059e-03
5.9911731604e-04
3.1754474391e-03
3.8315803266e-02
1.0287064921e-02
-1.2954162131e-02
-7.3556892961e-03
6.2665202204e-03
5.0077996469e-03
1.3163480543e-02
-1.3288068494e-02
1.4817093780e-02
2.4379952580e-02
1.3264409071e-02
-1.1618418210e-02
3.6975642364e-02
3.7318652625e-02
1.3977499501e-02
2.2278560840e-02
9.2588729699e-03
-1.6613918707e-02
-5.4627093645e-03
5.7196314431e-03
-7.3621776389e-03
2.6541963502e-04
2.1159404454e-02
-1.1514747399e-02
-4.9300426581e-03
-1.2698896287e-02
1.9745098943e-03
2.7891659364e-03
-1.9666142546e-03
-1.8800449624e-02
-2.2569865897e-02
-7.9342368413e-03
-1.5981862780e-02
2.9213031467e-02
-1.7913856625e-03
3.0753025235e-02
-6.0315293301e-03
1.7542828869e-02
-9.5815697625e-03
-5.5622350005e-03
-6.1886275386e-03
-8.7276838777e-04
4.4703169239e-03
-6.6379714134e-03
1.4278222697e-02
4.2989935302e-02
2.4224941015e-03
-2.1283725779e-02
-4.7883494699e-03
1.5072115646e-02
3.9191220595e-02
-1.9033385155e-02
1.2236121285e-02
1.7696968407e-02
-1.3256060169e-02
-2.4491227122e-04
-3.5515676914e-03
5.9616045391e-03
1.3054084184e-02
4.6229389798e-02
-6.5395440551e-03
-1.3445527306e-02
-4.3980802296e-03
1.8300102864e-02
1.9021389580e-02
-9.6300852421e-03
1.2458351051e-02
5.6076182275e-03
-8.4892775287e-03
8.5520961432e-03
1.1420429743e-03
3.6027442750e-03
1.6272436487e-02
2.8277517363e-02
-7.9588424986e-03
-6.7789440186e-03
1.5703311186e-02
-1.1665841622e-02
1.2179705877e-02
-2.6781365432e-03
-8.2256992534e-04
-3.8229727139e-03
-2.0052575863e-02
2.0718344988e-02
-1.4167497417e-02
1.1696532175e-02
-1.4353324363e-02
3.3761106744e-02
1.4330687915e-02
2.0996861517e-03
7.7167206881e-03
1.2452266042e-03
-2.5721020954e-03
-2.0387195981e-02
-3.0563523776e-03
-1.2437905469e-02
-1.9557089834e-02
-1.1290868164e-02
8.5957761215e-04
-7.7964020011e-04
-5.6934841601e-03
-3.5542248257e-03
-1.5979605543e-02
-1.4255667354e-02
-1.4482728608e-03
-4.8647767483e-03
1.6596370758e-02
-9.7445457284e-03
1.6505578692e-02
1.5196534059e-02
7.8540579443e-03
-2.2892272475e-03
1.2867236624e-02
-1.9561556569e-02
-1.3574407658e-02
-2.4809712076e-03
-1.0968770681e-02
6.3133713754e-03
1.1688369936e-02
-7.0206061358e-03
-1.1473865052e-02
-1.1586079205e-02
-2.8016037096e-03
-2.4609567683e-04
1.4053999246e-02
-3.5955828174e-03
-1.5366372577e-02
2.4061317449e-02
9.8265073249e-03
2.0355025661e-02
-1.2461245475e-02
-6.8302831074e-03
-2.3489681393e-02
-8.9075433821e-04
5.5635707105e-03
-9.9058507537e-03
-9.3649612432e-05
-6.3233020470e-03
-8.8914839618e-03
-1.0932097573e-02
-2.4423911545e-03
2.5744229705e-02
7.4127235017e-03
9.8341284688e-03
1.5600655215e-02
1.4939644783e-02
-5.6015290171e-03
1.5488329853e-02
3.5082628812e-02
6.2172107423e-03
9.4791038999e-03
1.8952665275e-02
-1.0771193631e-02
-6.5448342763e-03
-1.0435909604e-02
1.9145124671e-03
4.2835766441e-02
1.6255314074e-03
-8.3894907837e-03
2.2093334769e-02
-1.4509930231e-02
-4.7244692099e-03
7.9255584244e-03
-1.2990273283e-02
5.1181350258e-03
-1.0158307619e-02
-2.6188254326e-03
1.7098873596e-02
-2.0863201148e-02
-4.3652719985e-03
2.0213899564e-02
-1.4571130889e-02
1.0750780722e-02
-6.8065549793e-03
3.3128815657e-02
4.2679057326e-03
-5.5718711705e-03
-1.4728007079e-03
3.8910289601e-03
-1.0406702659e-02
6.5674064464e-03
-9.0881024729e-03
-6.0215255322e-03
6.4854001254e-03
2.9953382649e-04
-2.0479234855e-02
1.2153967683e-02
6.1068283078e-03
-6.6085125057e-03
-5.9587377291e-03
1.1142695914e-02
-7.0323379471e-04
-5.9767854677e-03
2.4603454711e-03
-9.8045139576e-03
-1.5191603614e-02
-1.0574409864e-02
7.6224054653e-03
-1.8154345277e-02
-1.0062602538e-02
-2.0991346902e-02
-1.3631239149e-02
6.0629188665e-03
5.2863265862e-03
-7.8855444017e-03
-5.1437429294e-03
5.4113309800e-03
2.8634366468e-02
1.6155757220e-02
3.2168638878e-02
-1.0499805844e-02
5.4589234009e-03
-7.7602372623e-03
6.7794962274e-03
-7.5055272251e-03
5.7165793998e-03
4.1874031767e-03
-1.7479993038e-02
2.4933031429e-02
-1.3863010058e-02
-2.2923479661e-02
2.1787658205e-02
-5.7377576548e-04
-5.7592924622e-04
5.6921544007e-03
2.4151858185e-02
5.4780145745e-03
-6.2361828309e-03
-2.0892973557e-03
1.5431569663e-02
-1.1672889119e-02
3.4315689489e-04
-2.8537801868e-03
1.5865468076e-03
1.0088643510e-02
-1.3108965437e-02
-2.9893345354e-03
-1.6212608672e-02
-2.0498940044e-02
-8.3911981671e-03
6.9905377754e-03
-1.0802671842e-03
-6.4843742658e-03
-1.3324831704e-02
-1.2799336726e-02
-6.0353315210e-03
2.0664099544e-03
9.2995722738e-04
-1.6067921202e-04
2.9752854506e-03
8.8080355168e-03
-9.2601760511e-03
4.3913528646e-03
-9.3584675670e-03
3.2170270978e-02
-2.2029868243e-02
9.7105943169e-03
4.1326032163e-03
-6.4170434482e-03
9.8896205409e-04
-1.2696069906e-02
5.2354488889e-03
1.1776446828e-02
-2.2105791437e-03
-1.1516508456e-02
2.3756976939e-03
3.6456957006e-03
-4.0285347574e-03
8.8636226159e-03
-4.7564928601e-03
-1.2063632649e-02
2.6174114842e-02
-2.3577807821e-03
-2.1682376703e-02
-1.5899458591e-03
-1.6873334603e-02
-5.7373531261e-03
-1.7059906325e-02
-2.6849745997e-02
2.4825690572e-02
-2.1704009998e-02
-1.1102932798e-04
5.9592219480e-02
8.0263351264e-04
-2.7610260797e-02
4.5620820959e-03
4.8390038317e-03
-5.3852167169e-03
7.5755696288e-03
-8.0813139285e-03
-1.8330408449e-03
2.6246003944e-02
2.2242686862e-02
5.8848670555e-03
-1.7094261081e-02
1.6055440466e-02
-6.2602459053e-03
-1.5932690569e-02
4.2825840236e-02
2.5255334126e-02
2.0868036502e-02
-2.0366141978e-02
3.9746918473e-04
2.4718341370e-02
4.5888449945e-03
-9.0315588369e-03
-1.3498747047e-02
-5.7612610816e-03
-3.4255922899e-03
-8.9914736036e-03
5.3265037109e-03
-1.9459875963e-02
1.1296914724e-02
-1.5095044420e-02
1.5975019507e-02
1.1037431291e-02
1.0318190649e-04
-1.5985951828e-02
1.7833320528e-02
2.4680450281e-02
1.7814627527e-02
3.9077378579e-02
2.5201952065e-02
-3.1928499981e-03
2.8962977054e-04
-8.2328604270e-03
8.2986409563e-03
-2.9233449683e-03
-1.2247481334e-02
-8.8244454337e-03
-1.4430798439e-02
-2.1775686012e-02
1.5639226668e-03
-1.5653041140e-02
2.4917643798e-02
-4.0099004500e-03
-7.4686968600e-03
-4.1071682671e-03
-1.4287339587e-02
9.5253383607e-03
-7.5475013226e-03
-1.5881920746e-02
1.2771724359e-02
1.2485726304e-02
3.4846351857e-03
2.2673975331e-02
-6.3459544762e-03
-1.4886720744e-02
1.2738970035e-02
2.4705255837e-04
-1.5648453819e-02
9.8516369503e-03
1.8872050924e-02
4.8381635690e-04
-1.5085198486e-02
-1.3451324916e-02
-9.6114406673e-03
-7.6117853950e-03
-7.1631830473e-03
4.8347951812e-02
3.2064738982e-02
-1.7513103082e-02
1.1995164992e-02
-1.3420870978e-02
-3.5170099681e-03
-8.9300028324e-04
5.8056164155e-02
2.1766226226e-02
-3.8540754871e-03
-1.4854297910e-02
-3.4999905821e-03
-3.9159205795e-03
1.1641831800e-02
-1.6408618841e-02
-2.0061847192e-03
-1.6217274343e-02
-5.5968788946e-05
-3.6676443845e-03
1.0993780595e-02
4.6148226499e-03
9.0762911048e-03
-5.5496178801e-03
-1.1673126528e-02
1.0478166888e-02
1.3367105037e-02
-2.4062895087e-03
1.3831132728e-02
7.0437939051e-03
9.4566616936e-03
-1.3962447101e-02
-1.7085479944e-02
-5.7869645726e-03
2.3919694574e-03
-2.9480801027e-03
1.9235064360e-02
2.2500895412e-02
-1.2960310686e-02
6.0640746021e-04
-1.3381189013e-02
-1.4660939890e-02
1.1409996413e-02
-8.4542151488e-03
-3.1136440452e-04
-8.6323053862e-03
-8.4236397942e-04
1.0512938576e-03
-1.4927496906e-02
2.1468167440e-03
-1.2388473024e-02
3.5682262285e-03
7.8483491009e-03
8.5614812267e-03
-1.2950481140e-02
3.8736301405e-03
4.4356056075e-04
-1.1771177820e-02
-1.4755824336e-02
1.2662597727e-02
5.6622170888e-03
-8.8782173875e-04
2.2230534398e-02
-1.3016072183e-02
1.5654004199e-02
3.9420609002e-02
-7.3418738512e-03
-1.2948186010e-02
-1.0586575665e-02
2.9244293226e-02
-1.1801274454e-02
-1.0785558222e-02
-9.0671770083e-03
-7.5281086878e-03
3.8702130736e-02
-1.1620930602e-03
-9.7761746660e-03
-9.3100066240e-03
8.3604910796e-03
-1.7367820147e-02
3.9379954664e-02
-1.0142917278e-02
9.2403263690e-03
-5.7137143137e-03
-1.6509064787e-02
-6.0421313476e-03
1.1360160496e-03
4.3317455267e-02
-1.8185330583e-02
1.9354966956e-02
-8.0349709810e-03
-1.2762401623e-02
-1.7645191405e-02
6.9009236620e-03
6.2824929645e-03
2.0231183238e-02
1.1491368191e-03
1.4681564380e-02
2.2093925444e-02
7.7839638782e-03
4.1023303182e-03
-7.3450782903e-03
-2.4749610371e-02
2.5757560563e-02
-1.8370563250e-02
-8.8999602105e-03
1.3064143333e-02
-1.5251559422e-02
1.6227081059e-02
-4.7042446673e-03
4.6478911312e-04
-1.4521734391e-02
2.0159836858e-03
3.4747448697e-03
4.1090869501e-03
-1.1345863670e-02
-1.9231154822e-02
-1.0038718744e-03
-1.2291720680e-03
-9.0077880233e-03
-9.9898307595e-05
-2.2617958478e-03
-8.5087052628e-03
6.0682973109e-03
-4.5395215835e-03
1.8011374915e-02
6.3994100145e-03
1.5285925193e-02
4.2590730249e-03
-4.6250476948e-03
-1.2008310777e-02
1.1882855691e-02
-1.5481846411e-03
9.5888617885e-03
-6.6707359523e-03
-1.6058070563e-03
6.0610954401e-04
-7.7583644799e-03
6.1820495971e-03
1.1530263907e-02
-5.2479844867e-03
-1.8128838047e-02
-1.0543213468e-02
1.2735192674e-02
-9.5587266975e-03
-1.3124732826e-02
8.5354840446e-03
8.6778430278e-03
-1.2601917581e-03
-1.1876726380e-03
1.3921903851e-02
-1.2071989387e-02
1.0093199222e-03
4.8895271033e-03
-7.7142901339e-03
-6.2658604934e-03
8.7904716358e-03
2.1207486326e-02
4.6366178671e-03
-9.4437938472e-03
1.5698969633e-02
8.2530864358e-03
1.3924425062e-04
1.4329712656e-02
-1.3541381065e-02
4.0508050232e-02
1.0465637570e-02
6.7121556479e-03
-9.9264051831e-03
-1.0718990154e-02
-1.8541134938e-03
-1.1991283839e-04
-4.4526264414e-03
-1.0076841623e-02
1.2525115331e-02
7.3534434347e-04
-1.4945554034e-02
-6.4987641199e-03
-2.1059986989e-03
4.9966713265e-03
-4.0156315231e-03
-8.1632016465e-04
-1.3065857285e-02
1.7229982402e-03
2.0664575380e-03
-5.8048024201e-03
1.6014663097e-02
5.7368649968e-03
-9.9059167360e-03
-3.5827576939e-03
-2.3752981261e-03
-3.0925267713e-03
-9.9176487872e-03
-5.0831128104e-03
2.4545002048e-02
-7.1590098105e-03
1.0121661820e-02
-1.5753449474e-02
9.0871119588e-03
4.1717216375e-03
-1.0195170386e-03
-1.2934042528e-02
-3.1052065160e-03
2.1916759165e-03
-2.6730057638e-03
-2.1797493166e-03
-1.3629018082e-02
4.2514675518e-03
-3.6496801945e-04
-1.3839551599e-02
3.1149499214e-03
1.2968031901e-04
-1.2136008126e-02
-1.1395380730e-02
1.3663377432e-02
1.6092634552e-02
1.7699028056e-02
3.1413673400e-04
7.3828130373e-03
-4.4666373762e-03
2.6349942412e-02
5.2037210336e-03
7.3223088256e-04
-3.1083665686e-03
2.3276461331e-03
2.7848570634e-03
-9.7028734136e-04
-1.1986070141e-03
-3.5353259547e-03
-2.9675116890e-03
4.4822001810e-05
-1.5484413487e-02
-1.2009139648e-02
7.5759439590e-03
-6.7919864617e-03
-7.4944451684e-03
-1.5118312631e-03
4.7200549784e-02
-1.1346449686e-02
1.4005234737e-02
-2.6052090688e-02
-9.4749818268e-03
6.1952562145e-03
-1.6850553001e-02
1.9050076027e-02
1.0924938470e-02
1.3242003886e-02
-2.0464145258e-02
-1.6247025917e-02
6.1113068733e-03
1.1566796677e-02
-1.4028371405e-02
-6.3016308368e-03
3.0456733058e-02
1.7857388303e-02
-7.7602261279e-03
-1.4516927717e-02
1.1000492653e-02
2.5733694762e-03
-6.5140034348e-03
3.0314392433e-02
7.7480287245e-04
1.4317911317e-02
-7.9713304055e-03
5.2902372760e-03
1.0686272412e-02
-4.2465118950e-03
4.9295584882e-03
-7.9500021477e-04
-1.3023536683e-02
2.2944031422e-03
7.4728857116e-04
-2.0212213250e-02
-1.0397303402e-02
-1.4821246093e-02
1.3479036836e-02
-4.3420481219e-03
-2.2220718295e-02
1.9810875253e-02
-5.3206831628e-03
-2.4571093737e-02
9.3423226526e-03
4.8617995633e-03
-1.0661034418e-02
-4.0075607516e-03
1.4027489776e-02
-5.6007539329e-03
-1.2869212595e-02
8.8579831657e-03
2.9817420116e-03
-1.9831418784e-04
-1.0889203113e-03
-3.5303305131e-03
-1.9387552957e-02
1.0217393035e-02
-7.2807670195e-03
-1.3499213996e-02
3.5622507584e-03
-6.6367369114e-03
8.2634089507e-03
-1.9664413293e-02
-1.2407868168e-02
-8.3767788683e-03
1.2850289773e-02
1.8664824674e-03
-4.7223676807e-03
-4.7117184235e-03
-9.2944806981e-03
2.2384808115e-03
3.7279693259e-03
1.1185881944e-02
3.5589464595e-02
-2.1637099664e-03
-2.7872462036e-02
8.0206802823e-04
5.2105813906e-03
1.2031621457e-02
1.4107757607e-02
3.2328592640e-03
-1.2492922720e-02
9.1847928166e-03
-5.4854821116e-03
-1.1781718038e-02
-1.7864655408e-02
-9.8836699390e-03
-7.7986189518e-03
1.0202534998e-02
5.5939084704e-03
-1.5136534527e-02
2.3483830442e-02
1.5638299797e-02
1.9108736090e-02
2.5644700329e-05
-8.9324443012e-03
-5.0277163056e-03
3.6368395159e-03
-3.5270684341e-04
-3.7512519068e-03
3.3320074815e-03
-5.9122764497e-03
7.9016274783e-03
-5.8804713320e-03
-2.0509786871e-03
-7.0897675576e-03
1.2745653701e-02
1.0798421515e-03
2.3304800954e-03
6.5389865700e-03
-1.9449405594e-02
8.5960849580e-04
9.9060740494e-03
2.4023393358e-03
-1.1873887977e-02
-2.2435471893e-02
-6.1939846064e-03
-1.8982470667e-02
2.8165646235e-02
-7.2546578298e-03
-1.5217089403e-02
2.2940537094e-02
-1.0258488288e-02
-1.0777148096e-02
-7.7647262248e-03
-1.5925755178e-02
-8.8353413598e-03
-1.2102812331e-02
9.8208017676e-03
-1.4621728390e-02
-1.6613592767e-02
-1.0006127848e-02
5.9394442714e-03
9.5672580737e-03
5.6907464925e-03
1.5375617211e-02
-4.3018055081e-04
2.4228965614e-02
6.9929667730e-03
-4.1513331862e-04
-1.7279961481e-02
4.1442608706e-03
9.1189909632e-03
6.1995842071e-03
-2.2495949283e-02
-2.9897087510e-03
-1.5770424157e-02
4.4403839431e-04
-1.7046276389e-03
1.4208380848e-02
-1.1809303571e-02
-3.8954642850e-03
-6.0238103618e-03
5.7550774873e-04
5.1454123947e-04
-4.1186558030e-03
-4.4442638482e-04
-5.2547604372e-03
8.6029563062e-03
1.5480452796e-02
1.3863725407e-02
1.0172202249e-02
-1.3641187565e-02
1.5269798951e-02
1.7271388478e-02
-1.1117917235e-02
-2.3513140707e-03
-9.5825066300e-03
-6.7940963917e-03
1.6735807612e-04
9.2745128315e-03
1.1337340687e-02
-1.3311626578e-02
-1.0706577043e-02
-1.1803009681e-03
3.0142022530e-02
-7.4057323969e-03
-1.9498936007e-02
6.3034102767e-03
1.4331540480e-02
-3.5351504891e-03
1.9073136104e-02
-1.4437534584e-02
-8.2070261451e-03
-3.1009338136e-04
-2.1950972537e-02
-1.9836559849e-02
-3.7410721904e-03
2.7542164784e-02
1.3038976686e-02
-7.7081491234e-03
3.0519220982e-02
-4.3407881695e-03
-3.5907941686e-03
9.8186057594e-03
-6.3914753620e-03
-1.2363656197e-02
-1.6739788497e-02
7.4770200260e-03
6.0895563970e-03
-2.8029639212e-03
-4.6214949733e-03
4.6910240137e-03
3.7001827292e-03
-1.8636045215e-02
-4.1927052855e-03
8.6299813951e-03
-1.8708481682e-02
-1.1135350892e-02
1.0314095833e-02
-8.2359717603e-03
-3.6566301544e-03
-1.0946714433e-02
-1.5446594128e-02
2.6106539773e-02
-1.0523857640e-02
-1.6020844698e-02
-8.3360269907e-03
1.8612420192e-02
2.3681668308e-02
1.5487376163e-02
-1.2691098755e-02
-1.1175112706e-02
1.9902883765e-03
-3.7285886646e-03
-9.4327295246e-04
-1.5292026215e-02
-1.2443547950e-02
1.7804612686e-03
-1.9692767017e-02
5.5624816112e-03
-1.1313277854e-02
-1.8376964079e-03
8.4722772303e-03
-9.4980840224e-03
2.0045177679e-02
-2.5838285469e-03
-5.2941685443e-03
6.9258705450e-03
-1.4482103962e-02
-1.0093547282e-02
-1.4769767541e-03
2.8318811705e-02
-4.0020892566e-03
-3.3606225926e-04
3.7661388929e-03
2.5883647987e-04
-1.7168402660e-02
-4.4204156965e-03
3.5607748662e-04
-3.8153701555e-03
1.6596670100e-02
1.8995083185e-02
-1.6488163654e-03
9.2246811432e-03
2.4107387271e-02
1.1594553021e-03
-1.7953684533e-03
-4.0332018148e-03
7.2480314290e-03
2.4260905290e-02
1.0026861487e-02
-8.5860558466e-03
2.3150600566e-03
-3.9530494741e-03
4.8693204713e-03
-1.1943489276e-03
-8.4999082622e-03
-8.8331747181e-03
-6.6913921221e-03
-6.6980068123e-03
7.5154283192e-03
-1.1032766183e-02
1.4775696646e-02
1.7942151812e-02
-1.0537959432e-02
-8.0938110054e-03
-1.4085847605e-02
-7.0763295452e-03
-1.6024850603e-02
1.3828932563e-02
-2.4556948107e-02
-6.7686630228e-03
-1.7091693859e-02
6.4581040674e-03
8.9158566651e-05
1.5614025588e-02
1.0846240179e-02
-5.6338261415e-03
2.0187340476e-02
1.4108249754e-02
-8.0444247637e-03
-1.7238210576e-02
5.6649017878e-03
8.0831346882e-04
-7.1123764449e-04
-1.6297519608e-02
1.3049411215e-02
-9.8248109349e-03
-2.0214657482e-02
-7.2286696316e-03
-6.0576607530e-03
-7.4120961014e-03
-3.6333296935e-03
1.0095392590e-02
-1.6936221228e-02
2.0721876092e-02
6.3367394683e-03
-1.9913399069e-02
-2.4907296077e-03
-2.5932568342e-03
2.7101818582e-03
-9.4173922884e-03
-6.0849715338e-03
-8.2175934664e-03
1.3827133862e-02
9.0320475354e-03
-5.9726471683e-03
-8.5534218703e-03
5.0635441386e-03
1.3567546855e-02
-5.1111695016e-03
3.8423545676e-02
-1.3671627026e-02
-1.3741948312e-02
8.4583473236e-03
-1.5515509832e-03
-6.4783521664e-03
1.5683680799e-02
1.8058423105e-03
8.7294665964e-04
-1.1003896420e-02
8.9827209862e-03
-3.9850467799e-03
6.1081390800e-03
-9.6707378476e-03
-2.1517622890e-03
-9.6948175854e-03
-2.5795368285e-03
6.9094298292e-04
5.2783308867e-03
1.2773431646e-02
-2.8219273565e-03
-7.3497169062e-03
-2.0774359227e-02
-1.1370668539e-02
1.9875662132e-03
-2.0301092231e-03
3.8498644716e-02
-5.0396663181e-03
-1.1545085434e-02
-9.0288263515e-03
-9.6786278605e-03
1.9660744683e-02
-2.9703123358e-03
-9.2143718075e-03
1.5144341761e-04
1.6925121299e-03
-1.2093386452e-02
-8.8626779232e-03
-1.5330457496e-04
-5.0813499291e-03
6.6714083190e-03
2.6933281210e-02
7.5165972033e-03
-5.0010156588e-03
1.2170140663e-02
-7.8955871977e-03
-6.9295540212e-03
-7.2735123110e-03
-1.8326437359e-03
-2.3093247381e-03
-8.4330170227e-03
-6.5520155115e-03
2.1194533154e-02
-1.4823463056e-02
-3.6819191157e-03
2.1686483383e-02
1.0551844355e-02
3.9683116443e-02
-1.3520874647e-02
-1.9361212379e-02
1.0335951125e-02
-5.1827160117e-03
-2.4793324866e-03
-3.2914724846e-03
8.9454685555e-03
1.0443257048e-02
9.8619207754e-04
-3.7254096034e-03
-1.6233098609e-02
-7.5236167791e-03
3.3857419284e-02
5.4662198241e-03
-7.8158062013e-03
-7.4138145288e-04
1.0986742319e-02
-5.2625439490e-04
7.1006421997e-03
-2.0227835376e-02
-1.5001884632e-02
8.4741005989e-03
1.8094545681e-02
-1.4164427601e-03
-4.2463490002e-03
-6.4971754835e-03
-1.5409897316e-02
8.2184637681e-03
-6.2175299439e-03
9.0148457697e-03
1.6780458938e-02
-1.5840760786e-02
3.2500469681e-02
2.4510445353e-03
-1.3776452969e-02
-2.6050913874e-03
1.5285737191e-02
1.8656583047e-02
-2.3302589148e-03
-5.7808366457e-03
-5.7694622453e-03
1.3201156933e-02
8.6205233502e-04
-1.1623364353e-02
-8.1380485580e-03
-7.7454042716e-03
1.9381127794e-02
1.0140136532e-02
-1.7315070556e-02
-1.3496273633e-02
-5.7925405688e-03
-1.7526528582e-02
2.2203079080e-02
-6.8610381970e-03
-8.0786471553e-03
-2.0809733415e-03
-2.0451592524e-02
8.2928598158e-03
3.0884074338e-02
-1.2864558394e-02
8.2976982105e-04
1.7909386584e-02
1.2740506673e-02
2.3831645760e-02
8.3139630467e-03
-2.7383111148e-03
-3.5475662640e-03
-5.0216943029e-03
2.9054353974e-02
7.6735528876e-03
5.8948528203e-04
-1.3457093961e-03
4.4145543962e-02
-1.4998055786e-02
-1.5976953712e-02
-1.0437171842e-02
1.5708654879e-02
1.5519398287e-03
-1.1519849298e-02
5.9250372082e-03
5.5357121707e-03
-5.2807169669e-03
-1.6352986552e-02
-7.2739495584e-03
-3.5233068108e-03
2.5428335270e-02
4.1889687321e-03
1.5942213844e-02
-5.4895990854e-03
-5.3415407366e-03
-1.6672970345e-02
-1.7340095735e-02
-7.6394621602e-03
-1.6532832588e-02
-1.6932157165e-03
-1.6929373952e-02
6.4919314340e-03
1.3303820290e-02
-1.6381557137e-02
5.6021052023e-03
-4.4936885540e-03
2.9341643621e-02
6.4799864966e-04
-5.7243085890e-03
-9.5381449497e-03
-1.8610989102e-02
1.2566801553e-03
1.9402352130e-03
-4.5948393715e-04
1.2349375244e-02
1.0212302589e-02
-1.5517046456e-02
-5.1583693733e-03
-1.4655827608e-02
1.4571596456e-02
-4.8444810172e-03
5.1370444856e-02
5.2204945995e-04
-3.4669654053e-03
-8.0723867506e-04
2.0158119964e-03
3.4192569106e-03
1.1239052349e-02
-1.5185694769e-02
-1.2851692005e-02
-7.3827680725e-03
-9.2468888633e-03
5.1660275927e-02
3.5081834150e-02
-9.5731352806e-03
-1.2143968811e-02
-1.7468801195e-02
9.3978638183e-03
-4.2803099560e-04
-8.6743016426e-03
-2.9048372250e-03
-1.8763188829e-02
-1.1315606864e-03
1.5663098113e-02
-3.3579590472e-03
6.0279869930e-02
-1.7937786948e-02
6.6016600870e-03
9.0189852249e-03
3.0026182465e-02
-4.8673544902e-03
1.0443530135e-02
-1.5468905596e-02
2.4723293967e-02
-1.5655889999e-02
-1.8272781676e-02
1.3324784056e-02
-2.1248366042e-03
7.7120911680e-04
-8.1447359345e-03
-7.7141320231e-03
1.5593501221e-02
8.7522381883e-03
1.7960573508e-03
1.1140582860e-02
-1.4912033669e-02
-4.7235058758e-03
-1.5959622911e-02
5.0429798780e-02
3.0357332747e-02
-1.4228698907e-02
-7.5860065763e-04
-3.3246512224e-03
1.2577858185e-02
9.1407981043e-04
2.0576951457e-03
-1.7346177420e-02
-4.8321067098e-03
-1.0463597514e-02
-4.5543994943e-03
2.6665295923e-02
-4.5740670151e-03
1.2195365478e-02
1.1343149318e-02
2.4712799435e-02
2.7955272601e-02
-7.1206947425e-03
-1.7003579158e-03
6.1140032593e-03
-6.5037770594e-04
-3.3952998615e-03
-1.1206264018e-02
-2.8742005450e-03
-1.9184077702e-02
-7.5334680093e-03
8.9742483697e-03
-3.4972683180e-04
1.0544841051e-02
-2.2088253792e-03
1.2831158088e-02
-2.5341985457e-03
-1.3734807647e-03
-1.4649680869e-02
-9.5330952678e-03
3.3257409095e-02
-1.1029925770e-02
5.5388674860e-02
2.0703810593e-02
-1.3318857491e-02
-7.5872702609e-03
-7.6287069685e-03
-1.8134746378e-03
-1.2309942950e-02
1.0218530714e-03
-8.1229422502e-03
-1.5479117388e-02
1.1125943936e-02
7.0867467701e-02
-1.6730987862e-02
-6.4397764692e-03
1.8057292702e-02
-1.3002900589e-02
-1.1207253274e-02
3.6840571209e-03
1.1605245565e-02
1.0467143238e-04
2.4160438185e-02
2.3157784684e-03
2.0837228540e-02
-8.4601933758e-03
-1.4986718797e-02
1.8720189895e-02
-1.0464635947e-02
4.7316314606e-03
1.9716349234e-03
2.1240215383e-02
1.7581674258e-02
-8.8549296895e-03
-6.9173181552e-03
9.9545317932e-03
2.2898838512e-02
2.4104647997e-02
-1.8236186174e-02
3.7263805869e-03
-1.7206871530e-03
5.1182930647e-03
-5.4694914225e-03
9.0954333074e-03
8.0264567810e-03
1.4252666651e-03
-1.0122617538e-02
1.4804269535e-02
4.2678013239e-03
7.1366195474e-03
7.6986750829e-03
-1.3996048018e-03
5.8441776112e-03
-8.0645278204e-03
-1.3294167265e-02
-1.6095447096e-02
2.6835820633e-02
-1.6071903884e-02
8.6856899988e-03
1.8693869516e-02
1.1034413508e-02
-1.2706011276e-03
-4.4215560560e-03
3.8798284823e-03
-1.0061773856e-02
-2.7499656681e-03
-4.1340059950e-03
7.7584034463e-03
-1.4330770871e-02
-2.4183787525e-03
-5.1657441024e-03
1.5107182736e-02
-9.6337091849e-03
-1.7327281352e-02
-1.7018239963e-02
-1.1396211781e-02
-8.7295417773e-04
9.0385121459e-03
1.2650450943e-02
-6.2817175484e-03
-1.8052540151e-02
-4.9301418216e-03
4.4754135667e-03
-8.6372471657e-03
1.9776027922e-02
1.1574903764e-02
-1.0659617191e-02
6.3995518008e-03
-9.6494059232e-03
2.4003183888e-02
-6.2696116800e-03
-8.0532172243e-03
-4.7004415707e-03
4.4589197332e-03
-6.0110873609e-03
-8.8601591132e-04
-2.8592008953e-02
8.0636069243e-03
1.8191184158e-02
-2.3637754138e-02
-5.5502941347e-03
-1.6796574531e-02
5.7322470379e-03
4.3202733658e-02
-6.6316931159e-03
-8.8395101109e-03
-5.0178368166e-03
1.0049421451e-02
-1.0751226839e-02
-3.0006466814e-03
1.5570094623e-02
1.3395943332e-02
-9.5372133760e-03
-5.8597103080e-03
7.9331688648e-03
8.1157591161e-03
-8.2785557613e-03
-3.2656319852e-03
1.6128449428e-02
-6.5755442800e-03
6.4240973739e-03
-1.6200681693e-02
7.4402465954e-04
-1.0214439488e-03
-7.3413201531e-03
-4.0267707557e-04
-2.1676327822e-02
-1.5560215181e-02
-5.0084907321e-03
-8.6098366288e-03
2.2641883892e-04
-5.6270240020e-03
8.9453918856e-03
3.0491363163e-03
2.6745489248e-03
-9.3572789969e-03
4.0860280541e-03
-3.8121749430e-03
7.1878125033e-03
6.8518508095e-03
2.3778971446e-03
-2.6376019659e-03
1.4438096075e-02
-5.8814036743e-03
-4.8744384434e-03
6.7875715888e-03
-1.8058965864e-02
1.9353228540e-02
1.4178969953e-02
6.4962337561e-03
-5.8214627735e-03
3.5595701386e-03
-1.8402142585e-04
1.3589854005e-02
1.2191771857e-02
-4.2451777227e-03
-2.7564585635e-03
2.0877959223e-02
-2.0525508719e-02
1.2249130023e-02
1.1261422006e-02
-1.2832131302e-02
-9.8124785638e-03
-3.0252307948e-03
-1.0301147155e-02
-3.5796810334e-03
1.0614339676e-03
2.6677748838e-02
-1.9662981216e-02
2.9085506493e-02
-8.1283193554e-03
3.2295173287e-03
1.2736654394e-02
1.0359020133e-02
8.1607054149e-04
-1.5490514006e-02
3.8966940054e-02
6.9597459865e-03
4.1242033861e-04
9.8807900112e-03
6.4580780147e-03
1.8996822959e-02
1.4418372623e-03
-9.7782925780e-03
-1.5550539394e-02
5.1807922969e-03
-1.4541534173e-02
-1.3786994262e-02
7.5103662678e-03
1.4223533551e-03
-8.6625903875e-03
-9.0855052934e-03
-6.3982468873e-03
-1.3451724178e-04
1.7246099368e-02
-2.3010450726e-03
2.4992954783e-04
-2.0743207011e-02
2.5075089769e-02
1.0209575516e-02
-9.9115939565e-03
-1.3482606484e-03
1.2023539107e-02
1.3481601938e-02
-1.6986918858e-02
-1.0673242921e-02
-1.5276709661e-02
-7.6347709541e-03
4.0178012281e-02
3.8495977737e-04
-3.4752184940e-03
-2.7391127081e-03
-2.5450724556e-03
-5.4699631459e-03
-5.3163749045e-03
1.9927605782e-03
-2.1369533808e-03
-8.1835284205e-03
2.8239534504e-03
6.2235884883e-03
-4.6717404355e-03
7.9946722792e-03
4.2360902652e-02
-1.5181884153e-03
1.8955165777e-03
4.7776621080e-03
-6.7306710828e-03
-1.9767500568e-02
8.6254957993e-03
1.1040211762e-02
-4.1262722095e-03
-1.3106380409e-02
5.7747446535e-03
-1.5634584185e-02
-6.9729304418e-03
1.8402456345e-02
-3.5755537704e-03
-1.1147480097e-02
1.0502083773e-02
-5.6987338485e-03
8.2136259711e-03
3.8564930852e-02
1.1398998187e-02
-1.0320170226e-02
8.8756511839e-03
3.5693547928e-02
4.1192473418e-02
4.3640890121e-02
-1.0294041788e-02
3.5480194856e-02
1.2212097455e-02
3.2975692653e-02
-1.0611330646e-02
-6.2238628131e-03
-6.8601064853e-03
9.3844375694e-03
-3.9833418742e-03
1.6135643213e-02
-9.0797582157e-03
-1.1884450416e-02
-1.5382103941e-02
-4.8845828454e-03
-1.5847014861e-02
-6.1891505710e-03
-3.6609070415e-03
4.0107007752e-02
3.5812760954e-02
1.3747959376e-02
-4.3385357492e-03
-3.1630272723e-03
-1.2977598484e-02
-4.2297471865e-03
2.8326783644e-02
-5.7010901156e-03
3.3254383640e-03
5.1551637449e-03
1.6312721847e-02
5.1369700809e-03
-1.1852233780e-02
8.8488065702e-03
4.5551042298e-03
-8.1057722163e-03
1.5424293442e-02
3.2989837755e-03
9.4551926166e-03
-1.0663724840e-03
3.2961825253e-02
1.2729219728e-02
1.1160555499e-02
7.8080457267e-03
5.0650587847e-03
1.4340700521e-02
-8.8227714371e-03
-4.7201855064e-03
-5.9406361179e-03
4.5553229372e-04
5.5023081619e-03
1.2010525442e-02
5.4956007274e-03
3.8761071990e-03
-2.0814137201e-02
6.1472387975e-03
-1.6046853094e-02
2.3238372640e-02
6.3117322639e-03
6.5745472898e-03
-5.2066708868e-03
-1.9050796505e-03
-1.8457273289e-03
2.1570039766e-04
-1.6227170761e-02
-1.8241411416e-02
-3.9423407427e-03
1.9405495879e-03
-1.6971203362e-02
-1.3243450603e-02
1.6896845098e-03
-1.3027001577e-03
-2.4056184302e-03
-9.1155127108e-03
-5.5261077614e-03
2.6664227408e-02
-2.0924793928e-03
-7.7023973653e-03
-8.4440383573e-03
-7.3027695685e-04
7.3500094263e-03
-1.7798805075e-02
-1.4199214908e-02
1.9506116432e-02
-5.6698432670e-03
2.1502472344e-02
-1.7066368413e-02
-9.3921112693e-04
1.5950301739e-03
6.2385462719e-03
-1.0946571547e-02
1.6774417659e-02
2.0040341546e-02
1.9693734245e-02
-1.8608346659e-02
-4.0020154851e-03
-6.5120373906e-03
7.7007527497e-03
-1.4481750004e-02
-8.5118166135e-03
-6.4651438570e-03
-1.8869516538e-02
2.2815360584e-02
5.2209266925e-03
-2.0453684305e-02
-1.0465371999e-02
2.2395691364e-02
-2.4770728545e-02
7.1481716379e-04
-6.7255423472e-03
5.4051925147e-03
6.0471658552e-03
-2.2197096659e-02
-4.6908224728e-03
-1.4471251465e-02
8.8719573791e-03
2.2890922785e-02
1.9114576663e-03
-2.0070516575e-03
-1.0739781911e-02
1.2629207547e-02
3.4568968066e-03
-1.8998723766e-02
-1.5081379320e-02
4.1210598136e-02
-8.7095801819e-03
-1.2361572024e-02
5.9544967349e-04
-5.0441349982e-03
-7.4088181984e-03
-1.5772599115e-02
-5.4382646385e-03
6.9959234564e-03
1.6059374151e-03
2.1088656930e-02
-1.9208521645e-02
-4.5963850349e-03
9.0326164208e-03
-5.0789734116e-03
2.3203382415e-02
7.2789912707e-03
4.6786069425e-03
9.0753223920e-03
2.1744192804e-02
-1.2346007454e-03
-1.4539226436e-02
5.0606766875e-02
-9.1773674518e-04
-1.3486904226e-02
-2.1012217755e-02
-4.7031473586e-03
1.1012617707e-02
1.2881916819e-04
-6.3748209325e-03
1.4696511275e-02
-5.2646948042e-03
-6.7050284599e-03
6.0625789494e-03
-1.1227796141e-02
-6.7339722140e-03
-4.9877225266e-03
-2.0260257318e-02
-1.1869246101e-02
-2.4473017419e-02
-3.9131529353e-03
1.1119894732e-03
-6.1471467507e-04
2.5472539928e-03
-2.0662397859e-02
-8.0033572012e-03
-1.2192374683e-02
1.4278253263e-02
1.9658813255e-02
-4.5712812188e-03
2.1304974454e-02
-5.8354403142e-03
-9.8231919871e-04
-4.2098504765e-03
4.6884379061e-03
-1.8325888159e-02
-1.6593768747e-03
6.6073926452e-03
-1.1924844220e-02
-7.5334908432e-03
3.3230808973e-03
-1.4980692747e-02
-7.3111863480e-03
1.2209170484e-02
6.5357418504e-03
1.6983263671e-02
-2.6439312066e-03
-2.3136305998e-02
-1.2253771311e-02
-1.4396867039e-02
-7.7621019575e-03
-4.6612606074e-03
-1.0304923040e-02
7.2649209445e-03
2.0216051408e-02
-1.6235374776e-02
2.2777974931e-03
-8.1058152717e-03
5.6590473464e-03
2.1410204428e-03
-1.4213294659e-03
-5.6960032006e-04
-2.0351903916e-03
1.2485486890e-02
2.0893569114e-02
1.4401902812e-02
7.2812327075e-04
2.7066579965e-02
-4.5843604697e-03
1.2364245011e-03
3.1947766362e-03
1.0678842267e-02
8.2055766502e-03
-5.7121635463e-03
-1.2766160201e-02
-9.7059453612e-03
-2.5546816999e-03
-1.7273717897e-02
-9.7953612354e-03
-4.3797592771e-03
1.7981398172e-03
-1.7023605779e-02
-5.2625843256e-03
-9.6542579879e-03
-1.9579259266e-02
5.0323092433e-03
-8.0839044496e-03
-1.0012720572e-02
9.6919990202e-03
5.9100517253e-03
-1.7372157529e-03
-6.6649914440e-03
-1.0313493294e-02
-1.0753285757e-02
3.6138715790e-03
-1.5648171880e-02
-1.6459476216e-03
1.9118814538e-03
-1.4914498438e-04
5.7036350544e-03
-8.5700742590e-03
-2.0887706141e-02
5.1730950617e-03
-1.0847256723e-02
-1.8377068448e-02
1.8205816079e-02
-1.0497732576e-02
-2.1922931480e-02
1.2094786695e-02
4.5877557037e-03
1.9873044746e-03
2.4759252023e-03
8.4395716637e-03
-2.1760509828e-02
-9.5778982045e-03
3.7550473274e-02
-5.8373864366e-03
5.5571089318e-04
-1.5048068168e-02
-1.0229170929e-02
-1.5672589030e-02
-9.8147205541e-03
1.3079941665e-02
1.9465181125e-02
2.9181696921e-04
-1.7005928001e-02
-7.8433091136e-03
2.3964725478e-03
-5.2225478808e-03
-1.3981228483e-02
8.0241451428e-03
-1.6701322404e-02
9.0042536537e-03
2.6581167240e-03
1.6195430019e-02
5.1159705488e-03
-2.5205508606e-03
5.0929939532e-03
-1.0374686751e-02
-1.5901043376e-03
-1.3384000733e-02
-1.5502121112e-02
-1.4250663141e-02
-1.5233098740e-02
1.4106645506e-02
3.5829639718e-02
1.8549557164e-02
-4.4029146601e-03
-3.9762748358e-03
-1.0782057843e-02
-3.3479586064e-03
-4.3611287844e-03
-1.8889802662e-02
1.2118302524e-02
-5.8514870992e-03
3.2426683043e-02
-2.1533119970e-03
-1.0602603150e-02
-7.9372482159e-03
2.5110556880e-02
1.2925593799e-02
6.4882133622e-03
5.9336533153e-03
2.5027724049e-02
-3.3848180925e-03
2.0191012040e-02
9.5629127229e-03
-3.6800006940e-03
6.6884955513e-03
-6.8495282339e-03
-3.8714344598e-03
5.9297360266e-04
-1.1286071849e-02
-2.2007932991e-02
3.6297473714e-03
1.2754332983e-02
3.2463133894e-02
4.6365930100e-03
8.3302766804e-03
-1.0961956547e-02
-7.9779290588e-03
-1.3932225349e-02
-1.3282905860e-02
-1.8581872889e-03
1.0187052474e-02
-6.7933340140e-03
-3.8986980714e-03
-3.3954380891e-03
2.7475807789e-02
4.2112556535e-03
-4.9488067448e-03
-1.9329075026e-02
2.4539862600e-02
3.9860145146e-03
2.0672360754e-02
2.6888909200e-02
-2.7395598241e-03
1.4376172102e-02
-1.1995537476e-02
-1.0726635273e-02
-1.3647182173e-02
-9.5069437613e-03
-2.6405206101e-03
1.2421732063e-02
6.7797788772e-03
-1.0869049145e-02
8.9608511868e-03
7.4841206345e-02
1.2839055326e-02
1.9477218942e-03
-1.7691376296e-02
-3.0657597657e-03
1.6064920794e-02
1.2456146739e-02
-1.0617501105e-02
-1.3323854179e-02
-6.2143645498e-04
-2.3499092427e-02
-1.3756183630e-02
-1.1334619969e-02
7.2410917824e-03
1.6687462366e-02
2.6893935748e-02
3.9342292181e-02
1.1688773053e-02
-1.3705515177e-02
1.2341787312e-02
-8.4399948169e-04
5.3478754312e-02
1.7242704138e-02
3.7121115558e-02
1.9318382779e-02
2.3907028773e-03
-9.0661455730e-03
-1.2299730757e-03
2.2816942361e-03
-1.1605316265e-02
-1.3482705724e-03
-1.1323694084e-02
-6.6043713131e-03
-7.6715023392e-03
3.0044116803e-02
-1.9081510982e-03
-6.6661893677e-03
-8.5152698224e-03
-1.4830748679e-02
1.0443042954e-02
1.1996796598e-02
-6.5731275849e-03
9.5669713803e-04
-1.4033038679e-02
-1.9693576589e-02
-2.3623766136e-02
3.6385686113e-02
4.5713899821e-03
2.6073187574e-02
1.1410261991e-03
5.9240045473e-03
-7.8341332032e-03
-1.9102678738e-03
-1.6549802091e-02
5.5327581991e-03
2.6653241542e-03
1.3901747568e-02
1.4303180591e-02
-1.3538313843e-02
-1.1191635353e-02
-1.8112343501e-02
-7.5014855338e-03
4.7288707475e-03
-8.3333885843e-03
2.9413635708e-03
-7.1208322345e-03
-1.7359679698e-03
-1.7976437296e-02
-5.4385096814e-03
-4.6833769453e-03
1.2527620765e-02
1.6998553017e-02
8.4765220465e-03
-1.1781576817e-02
1.6565174049e-03
-8.8402878183e-03
1.5633012909e-02
-1.5299079828e-02
8.7345272834e-03
-1.2904726518e-02
7.8921408589e-03
-1.5299314821e-02
1.3513302817e-02
-3.4259787810e-05
-1.1801763875e-02
6.3194260918e-04
1.2803666457e-02
1.8016118990e-03
4.7632012356e-04
-2.2307541927e-02
-6.1846873993e-03
-3.1891928041e-03
-1.5691225375e-02
-3.2886558421e-03
1.0140949233e-02
1.3359728082e-02
5.3837164935e-03
1.0692191863e-02
1.2051073579e-02
-7.0406631184e-03
3.2200425902e-02
-2.3838200761e-03
-4.1672160393e-03
1.9789885730e-03
3.4269646180e-02
3.1275295284e-03
7.4561906608e-03
1.0672712052e-02
-1.9157486234e-03
-4.9086224224e-03
-1.2087223597e-03
-1.8040667961e-02
4.7611694843e-03
9.3701471657e-04
-1.6393503204e-02
-4.9726340862e-03
1.1924871644e-02
2.8105801040e-03
4.0657381749e-03
-1.9889202172e-02
-1.3222024071e-02
4.4483622909e-03
-4.9593743259e-03
1.6148425513e-02
3.8063378463e-02
-5.3811196890e-03
-6.0781281390e-03
7.0628086040e-03
-5.4507326609e-03
-4.0130314413e-03
-2.2282397517e-02
-7.8049891757e-03
5.6864358846e-04
-4.7092817061e-03
2.9497166594e-02
1.0733624932e-02
7.3753807237e-04
-2.5180677241e-03
2.2688828719e-02
-1.3371000739e-02
1.7182163349e-02
-8.1412808118e-03
-7.0562872455e-03
2.0102061710e-02
-9.2116567427e-03
3.6364071768e-03
-8.4582932449e-03
3.4817466989e-02
4.8270569952e-03
-6.0342866698e-03
1.7226204361e-02
-5.0519890869e-03
-3.9394393609e-03
-7.1027663621e-03
-9.2199784689e-04
4.1787710841e-02
-1.3767267935e-02
9.6906729787e-03
-1.4388557166e-03
1.2101431012e-02
-9.3908622155e-03
1.7527391726e-02
3.6985911609e-03
-1.1623381148e-02
9.3806779853e-03
1.0615468382e-02
-4.4636123333e-03
2.6679366213e-03
-9.7707995820e-03
1.7968984463e-02
3.8670061478e-04
-1.6857506437e-02
-1.8043725256e-03
7.6794415066e-03
1.4104188387e-02
6.7813652619e-03
1.3238152624e-03
6.7080024943e-04
-1.3927581008e-02
6.4156027486e-04
-2.0503628956e-02
1.7974254417e-02
7.7885343778e-03
1.2489768268e-02
-1.3960755138e-02
-2.4167789990e-04
4.5297406747e-02
4.7389522244e-03
-1.4082816424e-02
-5.2660562084e-03
3.9955523625e-04
-1.3232920718e-02
-1.5362118607e-02
2.4306144324e-02
4.1565280694e-02
6.2955450460e-03
-1.0105172566e-02
-4.7842472917e-03
-4.8046267559e-03
3.9377264783e-03
1.3947868122e-02
3.3281040754e-02
3.5036393183e-03
-1.7361469113e-02
1.8614768164e-03
1.1195070288e-02
-1.3564885782e-03
-8.9302878845e-03
5.9487861832e-04
1.4244764448e-02
-1.9984292764e-03
1.5999039040e-02
-1.5345095672e-02
1.5407642759e-02
2.1783740139e-02
-4.1017751393e-03
-1.0497892762e-02
-8.6465559882e-03
3.1747348181e-02
-1.0488482397e-02
-6.9157476136e-03
-1.5794522978e-02
-7.4427767400e-03
2.0638963724e-02
-2.3757310868e-03
-2.5358537509e-03
-1.1811407167e-02
-3.4244719439e-05
-1.5635634050e-02
-9.6200508903e-03
-7.7045419682e-03
1.2792831304e-02
-1.7250321822e-02
1.6409519220e-02
-6.4058330576e-03
-1.6982965711e-02
-2.2343485268e-02
2.0047648562e-02
7.7885626217e-03
-1.4564843261e-02
1.4424774243e-02
-3.5064556512e-03
-1.4421200476e-02
2.9591587430e-03
8.3816659421e-03
-2.2371957846e-02
5.5010101763e-03
1.7370440634e-02
-2.3127503538e-03
-1.6042485831e-02
-8.4951354463e-03
-7.0391885233e-03
3.2859577422e-02
1.0190879963e-02
1.5699398174e-02
-8.8663194520e-04
-1.8517224144e-02
4.1993470680e-02
-1.3044751745e-02
5.5908406672e-03
-2.0524837089e-02
7.6116861614e-03
-5.7755747310e-03
-5.2371660244e-03
-1.0388557121e-02
-1.2885683024e-02
-1.3372770831e-02
2.0037048600e-02
1.5821157361e-02
2.5816860078e-02
1.8525516773e-02
1.1129102408e-02
-3.3107224602e-05
-9.5343381419e-03
4.1342100409e-02
1.6136982004e-02
1.3441277921e-03
-7.8570366048e-03
-6.9675330995e-04
-8.4445768506e-03
1.4206206708e-02
4.9277458936e-04
-5.2664811903e-03
-2.6159812329e-03
-1.7128149152e-02
-1.0040745422e-02
-1.1948835818e-02
-1.5643793498e-02
-7.9796464146e-03
8.2752672255e-03
1.6145379933e-03
-1.4396255130e-02
3.7472436674e-03
-7.2082898574e-03
1.1584686490e-02
-1.8393444201e-03
-1.1284497725e-02
-1.9820103538e-03
-2.0364964062e-02
-1.5717149690e-03
-3.8552400976e-03
8.6735063694e-03
8.9988405075e-03
-8.5745491957e-03
-1.4768541490e-02
-1.1532440643e-02
-1.2229935136e-02
-1.8818041419e-02
2.5011685765e-03
-2.4408259497e-02
7.8247725817e-03
1.4921609176e-02
-2.3045028327e-03
6.1639757561e-03
1.6696549378e-02
1.9720768988e-02
2.3361730404e-03
1.9321787244e-02
1.9262114430e-02
-1.0408306478e-02
2.1954967657e-02
-6.5407829243e-03
1.5870802135e-04
1.1472251302e-02
-9.3069674635e-03
2.7793449574e-02
5.2978163254e-04
-2.0649929125e-02
4.9150033157e-04
8.1110316348e-03
-1.9661643538e-02
8.2493609406e-03
-2.2871273013e-03
9.4017567047e-04
8.5676933590e-03
9.8420295479e-03
-1.7534357957e-02
-1.4309517389e-02
9.2303821407e-03
-1.4837448736e-02
2.0507440942e-03
1.1522188967e-03
-4.0735406985e-03
-1.3518614479e-02
-1.1620399856e-02
-1.6707389910e-03
1.3524889008e-02
-2.0889191626e-03
-1.7343554695e-02
-6.2106235630e-03
1.9436867564e-02
2.7861806530e-02
-7.8228518712e-03
3.7308754130e-03
1.1908263403e-02
-1.0125677839e-02
-2.2519261734e-03
6.3507771378e-03
-9.1359213828e-03
-1.5696901987e-02
1.1222253826e-02
-7.7115261486e-03
2.9717389834e-03
-1.9047289436e-02
-4.0852361934e-03
-6.8662233557e-03
3.5652566549e-02
-1.8894451753e-03
-1.1981890116e-02
7.3128313411e-03
-1.9802247739e-02
-1.2953224388e-02
-1.1827945144e-02
-5.4264337080e-04
-2.9818583403e-03
-1.6960999857e-03
1.9371016130e-02
-1.3528338883e-02
-1.0600204213e-02
1.0802093714e-02
-7.0243497014e-03
4.4013756465e-03
1.6719253186e-02
-2.4983179294e-03
1.3947376354e-02
-1.4115328968e-03
-6.3718960807e-04
-3.2351538723e-03
3.2879800167e-03
-6.0265099653e-03
-1.3168800062e-02
-1.1278795898e-02
-1.7849070925e-03
1.0311023880e-02
1.0628304706e-03
-3.8406010765e-03
8.5665606320e-04
-8.2666511520e-03
-1.4596166896e-02
-2.6248846401e-03
1.3937983691e-02
-7.6156334223e-03
1.0815643586e-02
-1.4923742780e-02
-5.3330759445e-03
2.2818647367e-02
7.8901970975e-03
-5.3801922116e-03
-1.1409142390e-03
2.1809803527e-02
2.2047310622e-03
-1.0355204962e-02
1.0226157032e-03
-1.2336516776e-02
-7.3554013582e-03
4.0695480943e-03
-1.2990924786e-02
1.0437347198e-02
2.4519396180e-02
4.0830778680e-03
8.3097740797e-04
2.6593632519e-03
-8.2431178317e-03
6.7851503619e-02
4.5105885393e-03
-1.3615143394e-02
-1.0575751784e-02
3.6673081076e-04
2.4831020325e-03
-9.9471567388e-04
-8.5705903962e-03
-7.2766777842e-03
-4.0988830250e-03
-5.8521265467e-03
-4.7025728371e-03
1.2818668439e-02
-2.6343181200e-03
-1.5127388199e-02
4.6852006697e-02
4.4774648166e-03
3.0838454935e-02
-1.6025023197e-02
2.0765206872e-02
1.5668394743e-04
4.4487843704e-02
2.9363996747e-03
-8.1134915877e-03
1.0038754880e-02
-7.1878336703e-03
-1.6407534067e-02
-9.5540608540e-03
-7.0080640787e-04
1.8093967858e-03
1.5344316385e-03
-6.3884888484e-03
-8.8350160267e-03
-1.3902258935e-02
7.3775501136e-03
3.6600422810e-03
-2.7938183060e-02
-1.5289736003e-03
-3.0948396010e-03
-6.3798441358e-04
2.1443434646e-03
3.3522782461e-03
-7.0670483290e-03
-2.4573162384e-03
-4.6592591372e-03
-8.0956752879e-03
-7.1001544570e-03
-9.3307763426e-03
-3.8430697482e-04
1.8124663985e-02
1.4410224133e-02
-2.3892147791e-03
-3.8788931808e-03
-1.0018488665e-02
-1.3533373297e-02
-1.3000565139e-02
-1.2865075782e-02
-2.7759191015e-03
-9.3288658838e-03
-1.1305833596e-02
-2.0395121970e-02
-9.6016585027e-03
-1.0094630296e-02
-1.8472480254e-02
-2.4251396314e-03
-1.6761475637e-02
-8.4734090443e-03
-7.1847096620e-03
-8.5885392380e-03
-6.3271382744e-03
1.1424918033e-02
-3.3153029945e-03
-1.9714597402e-02
-9.4193225496e-03
-1.3249954869e-04
8.5136956566e-03
-5.2912375919e-03
9.8486379752e-03
-1.2942877723e-02
1.4567814469e-02
2.2107669517e-02
4.2302167549e-03
2.4729958581e-03
5.8097839844e-02
2.4312868555e-02
-9.0628519054e-03
-1.5490717396e-02
-4.0863843269e-03
-2.2639802561e-02
2.1185664596e-02
-2.3223958997e-02
-7.1859086640e-04
-7.9532821196e-03
1.3966192501e-02
-1.0908143656e-02
-1.9172326646e-03
-1.9399148540e-02
5.4907616919e-02
-2.0557031683e-02
2.0186195892e-02
-1.0986209044e-02
-6.1969317045e-04
-2.2860325854e-02
3.2950212114e-02
2.6920598505e-03
1.8562218338e-04
3.2836870490e-04
3.8405108706e-02
-3.2794848692e-04
2.1605937055e-02
-8.2150430177e-03
-4.7576334642e-03
-1.0136070051e-02
-1.3336015962e-02
-2.6379308750e-03
2.5736776451e-03
-1.8837767126e-02
-9.4599243330e-03
1.5328206269e-02
6.6462296125e-03
2.3828673221e-02
9.0420538454e-03
-9.4750406323e-03
-8.4084598129e-03
7.6722683919e-03
-2.0262285691e-02
2.5740834519e-02
-8.2461803000e-03
1.3128523409e-03
-9.7281575251e-03
2.2071928714e-02
9.2519797164e-03
1.1692089293e-02
-4.5026892845e-03
1.5642369431e-02
-1.0365992358e-02
3.4587976926e-02
-6.3577693576e-03
-5.5116037930e-03
-1.4159813663e-02
-1.9287513886e-02
6.6542742266e-03
-5.7992524925e-03
-5.4079352618e-03
2.2075785952e-03
-4.6546747006e-03
-4.6522784358e-03
-1.9683394746e-02
-1.5136181675e-03
-1.6235185482e-02
-7.5798054969e-03
7.7777225706e-04
7.9358621452e-03
7.4483458130e-03
-8.8710070861e-03
-5.1836376360e-03
-1.1693049730e-02
1.9987008849e-03
1.6252246498e-02
1.4654818074e-02
-2.0311198802e-02
2.4517406171e-03
1.6625347223e-02
-3.6961477983e-03
1.5894500538e-02
-1.7387817579e-03
-7.1043898347e-03
-3.0382648942e-03
-7.5672207832e-03
-7.8060325325e-03
3.9169244861e-03
6.7213697051e-03
-3.0254422901e-03
-8.1499584880e-03
3.1500757618e-02
1.0001919245e-02
6.6322336999e-03
1.5166195521e-02
9.6501023847e-03
-5.8649560703e-03
2.5878665440e-02
-1.0511203627e-02
-1.3830118380e-02
-1.0784357896e-02
1.4302204919e-04
1.3745803717e-03
-1.1367534043e-02
-1.8029699308e-02
-1.6581009645e-02
-1.8807860989e-02
9.6658630547e-03
1.2750199111e-02
-1.6374356791e-02
-1.7036172705e-02
-1.1777286126e-02
2.8770462946e-03
-5.4626817297e-03
3.1853310642e-03
-3.3084338529e-03
1.5112308432e-02
1.5201468915e-02
1.4733028112e-02
-1.2135599040e-02
2.0248477177e-03
5.0200864889e-02
4.6310787389e-04
8.9068321281e-03
3.2021596506e-02
1.7831057966e-02
-8.5942462621e-03
-7.1144014868e-03
-7.3037925966e-03
8.5204194876e-03
8.2569216251e-03
-6.6296722210e-03
-8.1297470614e-03
-1.0021948183e-02
-1.8598467609e-02
1.2314117580e-02
4.4033679166e-03
1.4747398161e-02
-1.9174180133e-02
-1.5614230584e-02
2.7221749327e-03
1.1650001072e-02
2.4429575305e-02
3.2355300156e-02
1.8687354363e-02
1.1544905933e-02
-7.3467411811e-03
3.2695326565e-02
-9.8714946450e-03
-5.8106655647e-03
1.0293693185e-02
-2.4463901149e-03
6.1246380760e-03
-1.2543853010e-02
2.7014593608e-02
-1.1593747317e-02
-7.6598651293e-03
-5.4243508063e-03
5.5642229270e-03
5.8376605763e-02
-5.1241181215e-03
-1.6762929546e-02
-9.8235090398e-03
9.5601441545e-03
-1.1772014732e-02
-6.7199978752e-03
5.9487843133e-03
-1.6305795967e-02
-1.2590993023e-02
4.7473288560e-02
-1.9890914747e-03
-2.2380433887e-03
-1.1348633691e-02
-1.9028462112e-05
-2.2360142160e-02
2.9224513926e-03
-1.9765895368e-02
-1.9871597993e-02
-1.1349288199e-02
-9.2947147484e-05
2.0441040744e-03
2.0889704384e-02
1.5149207744e-02
6.6773221237e-03
-2.0568414616e-02
4.5349048432e-03
-2.6236213830e-03
1.2589517035e-02
-1.4654259417e-02
-2.4366558908e-02
1.5992251023e-02
-1.9454513910e-03
-1.0991638292e-02
-1.2377482972e-02
1.5782195818e-02
-1.4053549090e-03
-8.9056276484e-03
-2.1134146135e-02
5.5482419176e-03
9.2089756083e-03
7.1387157808e-03
5.4894521255e-03
3.9336805664e-03
-5.7700621677e-03
5.7957877750e-03
2.0942872235e-02
-7.8058744534e-03
-2.1018383773e-02
1.1882639202e-03
-1.1699180289e-02
4.3587861267e-02
-9.3598055215e-03
-7.7204443030e-03
-1.1799904778e-02
-1.4797804320e-02
6.7492471804e-03
-7.7996002791e-03
-2.0602912730e-03
-9.3213880113e-03
2.3649286338e-02
6.5954326022e-02
-1.7388680089e-02
-3.3957019041e-03
-8.1499336959e-03
4.2657894925e-02
-8.2543192358e-03
-3.6954945467e-03
1.2133937945e-02
-9.7150892985e-03
-5.3160673271e-03
7.3497416883e-04
-2.6984154393e-03
1.6058589167e-02
5.2980063220e-03
1.2532250495e-03
-2.7154719819e-03
4.1629831339e-03
3.1359097733e-03
-9.8050282967e-03
-1.0122995139e-02
-9.4093950117e-04
-1.2321518741e-02
4.4252532968e-03
-1.6645621178e-02
2.4024287113e-02
-3.9981964226e-03
-3.0817462109e-03
-5.2657699259e-03
-4.8421134280e-03
9.0007003449e-03
1.5623765363e-03
-3.6309239572e-03
-1.6641544935e-02
-4.6868409942e-03
-1.1753030276e-02
-2.6048689211e-03
-4.5166085845e-03
2.3013588274e-03
-7.1313688292e-03
-1.3765105147e-02
-8.1004728892e-03
3.1595290929e-02
-1.4085068329e-03
-1.6329847447e-02
-6.9464397374e-03
-5.1566194396e-03
-1.9823441535e-02
3.1518854582e-02
-1.5131134118e-03
-4.0819713635e-03
2.8070765676e-02
-1.7309005762e-02
-2.5599514293e-03
7.5002168499e-03
2.5311695504e-02
5.4801530536e-03
-3.7239990123e-03
-6.0831371801e-03
1.3174669911e-03
5.9242379399e-03
2.6658068142e-02
8.4923981658e-03
-7.1843810360e-03
-3.4468864175e-03
-1.1945097968e-02
5.4718017323e-03
-3.2708085026e-03
-2.0870972509e-02
9.5647794251e-03
-9.6704954013e-03
2.2732853857e-03
-3.4997544332e-03
4.1711738130e-03
-5.0563479495e-03
-5.3593684421e-03
1.8715254710e-02
1.2710311373e-02
5.1032770003e-03
-7.2855727198e-03
-2.1963637361e-02
-1.7661566471e-02
-1.2055383565e-02
-8.7324830597e-03
-3.1094435875e-03
-1.5206570380e-02
-8.4381454251e-03
7.2962909606e-03
-3.2844149992e-03
8.6744218576e-03
-8.7714066422e-03
-9.9435242411e-03
1.6602868511e-02
1.3256180110e-02
-9.0383215014e-03
5.6689728812e-03
-5.2267080747e-03
2.5560106236e-04
1.8140352028e-03
2.0226159796e-02
3.6558757130e-02
-2.9136925715e-03
-1.1272776870e-02
3.2333307570e-03
4.5964789397e-02
-7.7774040072e-03
3.9306252261e-03
-1.0647221609e-02
-2.1490122316e-03
1.6036546181e-02
-1.8869685558e-02
2.3002226352e-02
6.1941826831e-04
2.4641128880e-03
-1.4025020720e-02
-5.7131857166e-03
-8.7810788482e-03
3.4848810031e-03
-1.4001498169e-03
-1.5050113712e-02
-9.6093855790e-03
7.5748194948e-02
1.5047856441e-02
3.6053308370e-02
-3.7094027913e-03
-5.7272333423e-03
-5.3920027846e-03
4.8820175028e-02
1.9335723121e-02
-8.0873817745e-03
4.5198921128e-03
3.1500896968e-02
2.2479787199e-02
-6.7630278746e-03
-6.8938163458e-03
1.5617314605e-02
-1.7958641653e-02
-1.6103981569e-02
-6.7830870139e-03
2.6280184177e-02
3.1683588931e-03
1.4662040109e-02
-7.8615481238e-03
2.5404561654e-03
-5.8096005882e-03
7.4387406350e-03
8.6590179550e-03
4.0858051499e-02
-1.8152409274e-02
1.3981024273e-02
1.3859007643e-02
-1.1797260692e-02
-3.8597685488e-03
-1.1336010734e-02
7.9606620347e-03
-1.0859516995e-02
-4.1406369331e-03
-8.6552054274e-03
3.5592301188e-02
-1.8088918741e-02
-9.0053685446e-04
-1.6820993286e-02
1.7409935588e-02
-6.2160869879e-03
1.1426098891e-02
9.6133387337e-03
-7.9278764215e-03
3.0029356908e-03
-4.7525959694e-03
-8.0573329778e-03
-1.1021572995e-03
-1.6134986322e-02
-2.2054426995e-02
-5.7142186102e-03
5.6103538263e-03
-1.7724979871e-02
-8.7311361754e-03
-1.0563091664e-02
-8.3074197989e-03
-2.1953759157e-02
7.6633875334e-03
-6.8044736984e-03
7.2265361024e-03
-1.1024940927e-02
-1.1852484636e-02
-1.3335737461e-02
-5.6598808441e-03
-1.8848054765e-02
-1.1086493065e-02
8.5155445650e-03
2.0524845711e-02
-8.4933226529e-03
2.1662822938e-04
-6.3000753562e-03
-1.2238171315e-02
3.0011385337e-03
6.1085787202e-03
3.3174402624e-02
4.6703933508e-03
-1.9671627951e-02
-6.3886529279e-03
3.1811939388e-02
8.1901191606e-03
-8.5988825279e-04
-7.3035882822e-03
-2.0961287929e-02
-9.1403695211e-03
-8.7494595373e-03
-4.0404296944e-03
-9.5303084460e-03
-1.5400591398e-03
-1.0274778190e-02
3.2851624239e-02
3.3848422712e-03
8.5144037383e-03
-1.7454959170e-02
-4.6977184168e-03
-1.4311680575e-02
-1.1396407587e-02
-7.3836880160e-03
-1.3847891398e-02
1.7144971630e-02
-6.6684616170e-03
-1.2239689999e-02
-1.7285245981e-02
3.1943823662e-03
1.0002085484e-03
-1.8605142313e-02
3.0585411032e-02
-1.2104619611e-02
-4.3109787679e-03
-1.9192996927e-03
1.1507469679e-02
-2.3721357299e-03
-1.2732171860e-02
-1.3756427275e-02
3.9801473971e-02
-2.1390553533e-03
8.3486945573e-04
-7.3439246224e-03
-1.3773904891e-03
2.0384384848e-02
-1.8746126849e-03
5.6179148681e-03
1.9637938052e-02
-1.0349994337e-02
-9.0595058936e-03
-1.8657257954e-02
4.2769819078e-04
-7.0445295285e-04
-1.5577326935e-02
3.4517889032e-02
-7.5408740384e-03
-1.0127929462e-02
-1.7839666546e-03
8.3006453567e-03
2.3768033433e-02
-1.6229586717e-03
1.8711470845e-03
6.6372642728e-03
2.8079421305e-02
-3.0893342557e-04
3.8038962909e-02
1.1631984287e-02
-1.5210615930e-02
1.7202303778e-02
5.3425257807e-05
1.4118665751e-02
-1.5272075223e-02
1.1673885153e-02
2.4866277485e-03
2.0986725718e-03
2.3235935596e-02
-6.6515418794e-03
-5.8088846887e-03
-1.6448845877e-02
-1.0413616285e-02
-2.1537561593e-03
-1.8519373289e-04
1.5721119898e-02
4.3925641277e-03
1.1665194214e-02
-2.9792446895e-03
1.3248706733e-02
4.0974892881e-03
1.9374293093e-04
-6.2845037941e-03
1.0788950760e-02
-4.5406522563e-04
-1.5036001452e-02
1.6301945638e-02
-1.5386302035e-02
-8.0947286600e-03
1.8108015462e-02
-4.5252545251e-03
-4.8324571579e-03
1.9430361946e-02
9.3404515320e-03
-2.2915783667e-02
-5.8482159363e-03
1.5565876445e-03
1.3945672658e-03
-7.6277916817e-03
8.0052980845e-03
-1.9782497880e-02
-1.5582841546e-02
-5.2139205111e-03
-1.1242036471e-02
-4.7685657704e-03
4.0089599239e-02
-7.4719430203e-03
-5.1671556801e-03
-4.7031685506e-03
-9.2381345798e-03
-2.3665065444e-03
-7.1126887322e-03
-4.2304741946e-04
2.5563931370e-02
6.5714430621e-03
1.5506841363e-02
-1.3772142970e-02
-2.0324354158e-02
2.9984609576e-02
2.1575106232e-03
1.6498800616e-03
1.3141184217e-03
-1.7699268577e-02
-6.6289316771e-03
-6.1560218399e-03
-1.1401158643e-03
2.0163094283e-02
2.0422250363e-03
-6.7452264915e-03
2.3343431581e-03
-1.0351070704e-03
-1.1837769023e-02
-1.3437828355e-02
1.9570823429e-03
-5.9509532223e-03
9.1428426150e-03
7.8646233685e-03
1.0161372526e-02
-1.0772393561e-02
2.8889987904e-03
-3.9001202408e-03
-1.2130743274e-02
1.7506571855e-02
5.2068220300e-04
-2.0152391206e-04
-7.5680034324e-03
8.7870319617e-03
4.9373277118e-03
-1.2922424445e-02
1.9745857614e-02
-1.3660853143e-02
-1.3737306449e-02
-1.6822996799e-02
-1.4717170855e-03
-8.9892339844e-03
-5.1071090038e-03
1.1996192485e-02
-1.9341819929e-02
2.0491324092e-02
6.1674304406e-04
-4.7524284114e-03
9.8264713188e-03
-8.1680173956e-03
7.0651490589e-03
1.2299964861e-02
-1.1226124159e-02
-1.3164848866e-02
-2.7658425349e-03
7.1868255386e-03
-2.0302468285e-02
4.8830113727e-03
-1.8080836905e-02
7.5203033798e-03
2.2828665127e-03
3.2202930637e-02
1.0372267708e-03
-6.0886794292e-03
-1.3375976084e-02
8.4156148449e-03
-1.8656949595e-02
2.7633165471e-02
2.6872638550e-02
5.8936098934e-03
-4.2951308751e-04
4.0988481126e-03
1.6589027162e-02
-6.8089162584e-03
7.4335430741e-03
-1.0032189796e-02
3.1105786768e-02
6.6278557369e-03
9.6917153381e-03
-7.4490236771e-03
2.3092679367e-02
-7.3761965645e-03
-1.4049267254e-03
2.8902913867e-03
-5.8730665204e-03
-5.1944756610e-03
-2.1884197034e-02
3.0231555262e-03
1.8698684688e-02
9.2468894673e-03
8.5931122158e-03
4.9596316365e-03
-3.0455060041e-03
-2.4560285788e-03
-8.9798708799e-03
9.1413731740e-03
1.8777062823e-02
-1.6749480456e-02
-8.8617963245e-03
9.3222654726e-03
-1.8947454857e-02
-1.1128448944e-02
1.2989176593e-02
-1.1142557222e-02
-7.4807681118e-03
-1.4648877830e-02
-2.5081760917e-03
-2.0568544812e-03
2.7641540728e-03
-4.4559239235e-03
1.8296547775e-03
-1.0815949615e-03
-6.2672552107e-03
4.1443753419e-02
-1.8421103166e-02
-4.1169611915e-03
9.8030548459e-03
-1.3738639411e-02
-9.8508205236e-03
-1.4133005740e-02
-8.3840542098e-03
-1.2375056734e-02
-7.1001029846e-03
-2.1814721612e-02
-1.1017031075e-02
8.1400977034e-03
-4.4174050832e-03
3.0687469476e-02
3.4722963756e-03
2.8064295287e-02
3.4028254501e-04
1.1523914908e-02
-6.3963616055e-03
-1.7096653909e-02
-5.0819697433e-03
-7.7404263615e-03
1.8230323312e-02
-1.0355152085e-02
-6.4218661110e-03
1.5709270907e-02
-2.8289153322e-03
1.8530879490e-02
-1.6008464644e-03
2.9121963719e-03
2.7614306710e-02
1.6020128632e-02
-3.2590989087e-03
1.0428654440e-02
-8.7815055804e-03
-9.3809870480e-03
-2.1783967687e-02
6.0049034225e-03
-4.1470852021e-03
4.9602658356e-03
-3.7410716941e-03
-1.6322000717e-02
-1.5892209098e-02
-1.9921491668e-03
5.4002157807e-03
9.2240166923e-03
4.1331401880e-03
-1.2682260281e-02
7.8850435009e-03
-4.9175018424e-03
3.5123939397e-04
-2.8754015654e-03
8.8660489275e-03
-7.1301821162e-03
-3.1221980928e-03
-6.0112085409e-03
1.1307475361e-02
2.5275178232e-02
1.0490193364e-02
1.0650621592e-02
-9.2492993465e-03
-5.1605241123e-03
2.8100340271e-02
1.2501003612e-02
-2.1045655236e-02
1.2088092102e-02
1.3456395000e-02
-1.1650297651e-02
-1.4857006817e-02
-4.3481578101e-03
1.5486645774e-02
1.0229022059e-02
2.8537497295e-02
-7.4060322682e-03
-8.1803872911e-03
-2.3217119579e-02
-1.4642757479e-02
-1.7334645649e-02
-2.1790400134e-02
-1.1026681392e-03
5.3242364756e-03
2.9344399216e-03
-5.5928842336e-04
3.2941956296e-03
5.1824679563e-03
-3.0232767645e-03
1.6682599533e-03
-1.5194921491e-02
-2.2296263796e-03
-6.0145841474e-04
-2.7316369304e-04
-9.9766606757e-03
5.6671568410e-04
-4.5049224439e-03
-2.2423305086e-04
-7.0302555568e-03
-1.5356502581e-02
-4.4110122396e-03
3.4434599328e-02
1.3454876547e-02
8.3031189645e-03
-9.9337909646e-03
-6.5773263604e-03
8.2726357656e-03
3.6610137702e-02
3.3325704142e-03
5.9614212418e-04
-1.6009095558e-03
-1.8792057893e-02
9.5372695720e-03
-1.7513058474e-02
6.9683940218e-03
2.6523022363e-03
2.7120255612e-02
3.3219228348e-02
-1.0104704790e-02
1.4936479704e-02
1.6778425636e-03
1.1898494662e-02
-1.8604765789e-02
-5.1621862933e-03
-9.4402757554e-03
7.1704954856e-03
-1.9209294087e-02
1.0985962059e-02
-1.9707766960e-02
-3.2658614291e-03
7.7439903604e-03
5.0818845701e-03
-4.7165762528e-03
1.1582989835e-02
-1.3508871236e-02
-1.5637845507e-03
-6.3064226651e-03
1.2951063207e-02
-1.6090170487e-02
-1.5745215695e-02
1.9051244987e-02
1.9022999757e-03
-4.6122101563e-03
2.5166703839e-02
7.9325694352e-04
9.0739602600e-04
1.7069740405e-03
-2.0127229405e-02
1.4396968914e-02
2.6604310957e-03
-7.4112062477e-04
1.9018516858e-03
-5.4396477860e-03
-1.4738183065e-02
-1.2498475330e-02
-1.0771967069e-02
4.7639637906e-03
-1.6202544914e-02
2.3787914944e-02
1.5665897596e-04
2.0316300148e-02
-1.0329420266e-02
1.0411420307e-02
-5.3628528171e-03
-1.4135354220e-02
-1.3333431350e-02
2.7565376091e-04
-1.1906889700e-02
9.1189306863e-03
-1.4518478356e-03
1.2101629313e-02
-8.3297076550e-03
1.7381848507e-02
4.6810982386e-03
-8.7040774636e-03
1.3259675313e-02
-1.3102476133e-02
6.8170987879e-03
1.8968412302e-03
4.2493695082e-03
-1.4772193398e-02
5.1277280179e-04
-1.2535672129e-02
-1.3220741143e-02
2.8191632747e-03
1.5371700979e-02
-1.1563916788e-02
2.4112655660e-02
9.6951628019e-03
1.5476413900e-02
-1.0457035331e-02
-1.5775682005e-02
1.2234207273e-03
1.2597579573e-02
-1.8243583100e-03
1.5394490998e-02
9.0876731579e-03
1.8454621298e-03
-9.4099680800e-03
-7.6685512565e-03
-1.1264108791e-02
-2.1191816549e-03
-5.2598163526e-03
1.0609906522e-02
2.1576943470e-02
-6.7920178587e-03
-6.7765256109e-03
-1.9227858380e-02
-8.3232037487e-03
-3.7978361201e-03
-9.2881888124e-03
1.3542624481e-02
1.1526621782e-02
1.0086565816e-02
-2.8408913206e-03
2.3221708711e-03
1.6059699511e-02
2.6582567324e-02
-5.4300542831e-03
7.0519774350e-03
-3.1338400590e-03
6.4243516177e-03
-4.8048691522e-03
2.9818091986e-02
-7.9130487035e-03
2.5638294084e-02
-2.7449106729e-03
-1.4170492679e-02
-4.9519603989e-03
1.6632849660e-02
5.2339670345e-02
2.3564013406e-02
6.3965649117e-03
2.4306966529e-03
8.3388250739e-03
-2.1944397244e-02
1.9096444387e-02
2.0098710536e-02
4.6535473046e-03
-1.2952399591e-02
-3.2714861592e-03
-4.8315515312e-04
-7.4264761867e-03
-1.2505948202e-02
1.0164181734e-02
-1.1709888948e-02
1.8123631400e-02
1.5961864438e-02
-1.7707769978e-02
-1.5385513467e-02
-4.7876862402e-03
4.3205213876e-02
-3.2280224045e-03
4.1680492521e-02
-4.0164108830e-03
-7.4146145733e-03
1.6984597150e-02
-1.9037584844e-02
-4.7940352167e-03
-1.5866918255e-02
9.7140823937e-03
9.2602564845e-03
-1.5068686708e-03
-9.8810634040e-03
1.2126488015e-02
-1.0951264197e-02
1.8711672221e-03
-5.5595292627e-03
4.7580625174e-03
2.4643518807e-02
1.3333921412e-02
5.6236946512e-03
4.4847522239e-03
-1.3611716762e-02
-1.6362291063e-02
-1.3320796221e-02
2.5191758744e-03
-5.1161394528e-03
-9.0142693926e-03
1.0497406164e-02
-1.0025044251e-02
-7.3944946417e-03
-4.0544335055e-03
-1.5503972363e-03
-1.9362585508e-02
-6.1563560801e-03
4.4086589422e-03
1.4617841548e-02
-8.9037657575e-03
-1.6024101367e-02
4.2078490407e-02
1.8242879478e-02
3.7236614326e-03
-4.3220776648e-03
8.2805144575e-03
1.0604201347e-02
3.3524237601e-03
3.8974348454e-03
-4.4419971939e-03
3.1824645297e-03
-5.8865808112e-04
-1.4051541925e-02
5.2468723499e-02
2.7178402703e-02
-8.8541687971e-03
2.8274453869e-04
-3.2338483891e-03
-6.4129325399e-03
2.3462427425e-02
-1.2108961961e-02
8.3652288412e-03
-1.4133781151e-03
-3.2264784941e-03
5.4159328278e-03
3.0869618823e-02
-9.1150250719e-03
-5.5064968147e-03
3.1862401367e-02
-2.6959493307e-03
1.1619531478e-02
-3.7930730708e-03
1.0696124889e-02
1.3800787199e-02
1.3838297677e-02
-2.7880744466e-02
-8.4390211132e-03
-2.3204623682e-02
-1.9284103106e-02
-3.2123246206e-03
-4.7245976884e-03
-3.3248573099e-03
2.9232676456e-02
-1.8058136918e-02
5.8553695660e-03
-1.0361415395e-02
-8.6949955581e-03
3.3365014343e-02
-1.0641606123e-02
-1.5082054806e-02
7.2909196261e-03
9.0575522590e-03
-9.0764956523e-03
3.2726687982e-03
-1.1600035823e-02
-6.9564574328e-03
-2.3994716753e-02
-5.6552513381e-03
9.5492776646e-03
3.0724217262e-03
-4.4420316327e-03
-6.6260885770e-03
-9.8162921250e-03
9.0988379119e-04
-4.4785590715e-04
3.0270443490e-03
6.7575598913e-03
-1.2080496391e-03
1.2303137289e-02
3.5961267824e-03
-3.5007782330e-04
-4.6595452999e-03
-1.0204759509e-02
2.5294313358e-02
-1.3797079702e-02
-8.9143513076e-03
-1.2916059369e-03
-3.5545427161e-03
-1.0982821302e-02
6.4406493071e-03
-9.6739780648e-03
3.1227861235e-04
6.0317977272e-03
-1.1962909241e-02
-3.5184295499e-03
-1.8499857966e-02
2.1237973742e-03
1.1527458950e-02
4.7775295402e-03
-7.3054148287e-03
-1.5442172573e-02
-1.2744198586e-02
3.7619080608e-03
1.6054584989e-02
-9.4536880210e-03
-5.0165613271e-03
-5.9231069447e-03
3.6237967796e-02
-5.4887063190e-03
-3.5658302753e-03
-1.8596276774e-03
8.7312488315e-03
-1.0159902379e-02
-1.1552356506e-02
1.9800766925e-02
8.7845932120e-03
-2.2142915406e-02
2.4110079152e-02
-7.5901701132e-05
1.0049730502e-02
7.0027655835e-04
-1.3054604792e-02
-1.0311355798e-02
1.2272099241e-02
-1.0095777269e-02
-1.1878746685e-03
1.1649651638e-02
1.5291612390e-02
3.6150859827e-03
2.3168652033e-02
-1.4968395008e-02
2.0654270653e-03
6.8433574308e-03
-7.4518144987e-03
-1.5994188277e-02
1.8412588151e-02
-2.7122699721e-03
2.5654466369e-03
-6.2179364819e-03
-1.2786321936e-02
-1.2114309706e-02
4.1895705942e-03
1.0112272998e-02
-6.7401307865e-04
-2.0976959576e-02
-1.1120446855e-02
1.4105659243e-02
-2.1748376750e-02
-5.7082371378e-03
7.2536239623e-03
4.2640681987e-03
1.6274868576e-02
-7.1984951169e-03
-6.8737765043e-03
-1.4954803944e-02
-6.1084957590e-04
-1.1837474716e-02
9.2556655358e-03
-1.8158412700e-02
-1.1846378785e-03
-8.1929558241e-03
3.5957598089e-02
-2.7077143300e-03
-5.9126125840e-03
3.2891292497e-03
1.5697083673e-03
1.5843917842e-02
2.7353353463e-02
-1.7256311333e-02
1.8009156421e-02
-1.8669964786e-02
-5.1765756341e-03
1.8758495149e-02
1.8939919382e-03
1.4662294842e-02
5.9677522877e-03
1.2691042883e-02
-6.8296156041e-03
4.6083067823e-03
-7.9690520120e-03
1.9667771058e-03
4.2185298914e-02
-1.2258677751e-03
9.1816794815e-03
1.6486192396e-03
-2.3160581926e-02
2.4798738449e-02
2.4997548586e-02
1.2911904090e-03
3.3266740922e-02
-5.8097438736e-03
-1.1049488506e-02
-1.1975886542e-02
-9.0874907047e-03
-3.2227533363e-04
-6.4149656141e-03
3.6373285228e-02
-1.1550817464e-02
-1.8054862141e-03
-5.8928882744e-03
-8.0829062133e-03
1.3969999597e-03
-1.4855484139e-02
2.6236408930e-02
1.7256970586e-02
-6.4950335769e-03
-1.8390427516e-02
-5.3362718589e-03
1.8551832144e-03
-1.3054506281e-03
3.8425558509e-04
-4.7074892262e-03
-1.6013936365e-02
-5.4107718488e-03
4.9652492436e-03
-1.6651164687e-02
-1.0850492303e-02
-1.7790021195e-02
-1.2141570502e-02
-6.8097465063e-03
-6.0715658582e-03
2.0678541923e-02
6.8803410529e-03
-1.1494038222e-02
-4.4272753385e-03
3.5809802383e-02
-1.9952439234e-03
-8.3374482964e-03
1.0994099209e-02
1.1580487888e-03
-8.7915570369e-04
5.6874908713e-03
-1.2824379870e-02
-5.7092013827e-03
-3.9081922127e-03
-5.7070324007e-03
-5.4211281806e-03
1.7376629187e-03
8.8050097116e-03
-2.6635419906e-03
-9.7819153545e-03
1.0587410978e-03
-2.3816061602e-03
1.1745786353e-02
2.4078334352e-02
1.8143142068e-02
3.4506530084e-02
-2.2450183772e-02
-2.2997103988e-02
1.9773743458e-02
-6.5811512440e-03
5.4668871135e-02
2.1308102940e-02
-7.7538971426e-03
-4.1708606334e-03
-7.8914167571e-03
1.3159557785e-02
-1.3964929145e-03
3.7125216478e-03
8.1997997345e-03
-1.6844304294e-03
5.2444436911e-03
3.3393699806e-02
-1.1380266829e-02
2.2394315821e-02
1.2942235561e-03
2.2503569544e-02
1.8812345044e-02
2.0464466484e-02
-2.0337274132e-03
-1.9060866980e-02
-1.1620718563e-02
6.7983569304e-03
-1.6132893477e-02
-7.6205937519e-03
-6.5803863297e-03
-1.4444007423e-03
-5.8976388153e-03
2.5587802085e-02
2.6235826808e-02
2.7785149758e-02
-4.4568874225e-03
-1.5954003999e-02
-2.6767925065e-02
-1.6267478647e-02
-1.6549185354e-02
4.5717932915e-07
-1.3837341194e-02
-1.5019816901e-02
8.1008840178e-03
-5.8373837328e-03
2.5916828242e-02
-1.6588824837e-02
1.1137032255e-02
1.3982842253e-02
-6.4283284844e-03
7.3586141498e-03
-5.1719870667e-04
-1.4273825984e-02
-1.5409680874e-02
-3.2264674380e-03
-5.3214536062e-03
-1.8507462190e-02
-1.3585670020e-02
-3.6136683560e-04
2.1296221929e-02
2.0831592538e-02
-8.0984521027e-03
1.7175208291e-03
-3.2706302042e-03
4.5892292030e-03
5.2159660753e-03
-1.3887500213e-02
1.5827180928e-02
-5.0981478060e-03
1.1277256322e-02
-4.1892939100e-03
3.8407519295e-03
-4.4119021686e-03
1.2701686022e-02
-9.6344492813e-03
-8.0088427297e-03
1.1928703846e-02
-1.1274401891e-02
-1.9945520562e-02
-2.2956823052e-03
-1.2864208595e-02
2.0419003225e-02
1.2252963927e-02
2.9813183504e-02
2.0046565666e-03
-7.7414231514e-03
-9.4405248782e-03
-1.1965477501e-02
-1.5856559681e-03
-1.3813331446e-02
-3.6751336097e-03
-4.5323352355e-03
1.0260201994e-02
9.5684097529e-03
-8.9655957933e-03
-1.9660721386e-03
-9.8321739318e-05
-1.1634812755e-02
2.9240299702e-03
1.4976008413e-03
-7.9063756973e-03
2.7651648997e-04
-1.6011989290e-02
-1.8639862193e-02
-1.8301210883e-03
3.2700834659e-02
1.0454596845e-02
2.7773115947e-03
8.4299619937e-03
1.4489231894e-02
1.0060446107e-02
2.1068765586e-02
2.8880933135e-03
-2.3963579420e-03
-2.6047013390e-04
-1.3101140548e-02
-6.0938537140e-03
5.0841356403e-02
-3.2015112470e-03
5.8172568537e-04
2.7901020702e-03
1.1867916446e-02
-5.7177300497e-03
-8.8639496095e-04
2.2556016685e-02
4.1245861709e-03
1.3324769951e-02
-2.6610651054e-03
1.1823314996e-03
-2.8116839829e-03
4.5138271262e-04
-9.8068458083e-03
-1.0193912897e-02
-1.0940748987e-02
-1.3740188023e-02
2.6961081180e-02
1.8280826734e-02
-4.3270643728e-03
-3.9108902801e-03
-1.0751082466e-02
-2.7900993720e-05
1.7016158272e-03
2.5517145649e-02
-8.2593787197e-03
1.8509798331e-02
6.6129531492e-03
-1.3298010169e-02
2.6836912251e-02
-1.7175428026e-02
-2.0933432914e-02
-2.8582213944e-03
-7.4637343392e-03
1.3267591459e-02
-1.1623320479e-02
-5.0267427346e-04
-5.3617805213e-03
-1.2402589870e-02
9.7627480236e-03
-1.6196491827e-03
-1.0762733449e-02
-1.4823163796e-02
-1.3817694324e-02
1.8351032501e-02
-1.2639202743e-02
-5.9555644029e-03
-1.6617119954e-02
-1.7792495580e-02
-2.2413435520e-03
-7.2319750845e-03
-5.9387821653e-04
-3.4397711687e-03
1.2779742895e-02
3.4832354565e-03
-1.4399111643e-02
-1.2406939581e-02
1.6904120754e-02
-1.1837456317e-02
1.2935815530e-02
-5.2848408846e-03
2.2029225519e-02
3.3942863911e-02
2.6474533400e-05
5.9320628628e-03
4.8890425939e-03
-1.5584422916e-03
-5.6163323038e-03
-1.9293851703e-02
1.0442749344e-02
1.7961373737e-02
-4.5139240215e-03
3.3237781563e-03
6.2242182536e-03
3.5614661426e-03
1.8970980983e-03
-1.1451152987e-02
-1.7377432970e-02
2.3864788398e-02
-1.1482909816e-02
1.2605648647e-02
1.0329358555e-02
1.9261516188e-02
3.4833739792e-03
-1.6972728830e-02
-1.5982958435e-02
1.0446226132e-03
2.4332558292e-02
7.2293635498e-03
1.6398233522e-05
4.5756910651e-03
6.4942844554e-03
1.8932335505e-02
-2.0393581255e-02
-1.3478157911e-02
-4.5573680378e-03
3.0485990440e-03
-1.6985012192e-03
4.7097882403e-03
-6.5013836264e-03
2.1670740777e-02
1.5708765670e-02
-2.0413521966e-02
-1.6819869308e-02
3.6602608341e-03
-4.5404395128e-03
1.0689446214e-02
1.3491820154e-03
1.4134379481e-02
-1.0740817152e-02
-1.7818225821e-02
-1.1043530815e-02
-8.2598184317e-03
2.1610369460e-02
-8.9144779578e-03
-1.5320719201e-02
-1.1747897494e-02
6.9048954259e-03
-2.3531948134e-02
1.2203339511e-03
-2.8444615214e-04
-6.0747094513e-03
-5.1350656265e-03
-8.6719070162e-03
3.2616813760e-02
6.0262605791e-03
2.8282333986e-03
-4.8398022702e-03
1.6768844670e-02
-9.6965054368e-03
-1.4245285476e-02
1.7997070398e-02
9.9171519120e-03
4.4987749172e-03
-9.6209595456e-03
-2.1875196490e-02
3.6594117555e-03
-5.2228901654e-03
-1.1710201342e-02
1.2896157687e-03
-6.4741498026e-03
-9.8090063479e-03
-2.0014941669e-03
-7.4676648524e-03
-1.1055083838e-02
-7.0435885310e-03
-1.0288533870e-02
-6.7414638020e-03
-1.3315531007e-02
-5.4391216666e-03
-1.6686343468e-03
3.4113322343e-02
1.7738703711e-02
4.9645021269e-02
-1.5066894459e-02
-1.4513437847e-03
2.1972288173e-02
1.4110140309e-02
1.2222573696e-02
7.7790371032e-03
2.3152917561e-02
5.2319615221e-03
-8.2872278562e-03
-1.8758242559e-02
-8.7442080533e-03
-3.5547436975e-03
3.6758381925e-02
-8.8119803133e-03
2.0651598836e-04
6.1961221061e-03
-1.5966677637e-02
2.2639718616e-02
1.8092634465e-02
-2.4085848980e-02
-1.6389425164e-02
2.6674600581e-03
7.7888318173e-03
-1.4029875420e-02
2.1026164504e-02
-1.3348574832e-02
1.4262575549e-02
-1.2498628475e-02
-6.7337824364e-03
5.2489033025e-03
4.5686556052e-03
3.0958702125e-03
1.9579527206e-02
1.4107665239e-02
8.8663361007e-03
-1.1762080908e-02
-4.1148843594e-03
-4.6282561289e-03
-1.2241705465e-04
3.2172999034e-02
2.4666890306e-02
-9.2841056791e-03
-7.9913946664e-04
-2.0408430991e-02
-3.8587025417e-03
-1.0277430633e-02
-4.8633428280e-03
-4.7992950885e-03
7.5565795417e-03
4.7372571194e-04
9.6745467403e-03
3.5485632685e-03
2.4558265277e-02
5.0497334542e-02
-7.4589654072e-04
-6.4511768698e-03
-5.9967648936e-04
5.3925025555e-03
-2.9303337785e-04
1.4422189119e-02
-1.6910326773e-02
1.1583439432e-02
-1.1354580362e-02
-1.0039836306e-02
-1.7021533556e-02
1.9224479603e-02
-9.8442158231e-03
-1.7670624875e-02
3.2893409698e-02
-8.3785176243e-05
-1.1380299738e-02
-7.6313504571e-03
2.0340438354e-02
-7.3885212170e-03
1.2557154415e-03
-1.9300412307e-04
-7.6981401782e-03
-1.8785703614e-02
-2.2290716767e-02
-5.5641608087e-03
2.8311284505e-03
2.7304797779e-02
-1.3971661785e-02
-1.6893402990e-02
-1.5294569978e-02
-1.3403045614e-02
1.9754326082e-02
-9.7730557082e-03
2.4457484291e-02
-1.1754197046e-02
-1.9686134311e-02
-1.5789296556e-02
-1.9119118095e-02
-3.6105902007e-03
-1.0003897251e-02
1.1702150859e-04
8.9259735700e-04
1.9936069967e-03
-1.2457979998e-02
-6.9804754323e-03
-5.1180769723e-03
1.3228703795e-02
-7.7158011395e-03
1.4272599847e-02
8.9861184624e-03
4.7676251817e-03
-1.9066527282e-02
-6.4054873376e-03
-6.0871884600e-03
5.0765068931e-02
-8.4533118999e-03
-9.3471851024e-03
2.2291097932e-02
-1.4534445976e-02
3.4402195560e-03
-1.0770849727e-02
5.2285879302e-03
1.5348040551e-02
3.8385122638e-03
1.1087450427e-02
1.6196914411e-02
2.3352074048e-03
-2.2976940013e-02
-1.0907813125e-02
2.8459208657e-02
-7.8919753687e-03
-4.5626118715e-03
8.2493761914e-03
1.0720124199e-02
-1.7257994898e-02
-1.2647255859e-02
-4.3755025760e-03
-4.1969278792e-03
1.9024330469e-02
2.8874646403e-03
-6.4375747123e-03
-8.9027079178e-03
-5.7621246170e-03
-5.6514719123e-03
1.5035681027e-03
-1.1962010259e-02
-1.1045917051e-02
-1.5334525677e-02
-1.8059470359e-02
-1.7901062278e-03
4.1126546470e-03
4.7490175331e-03
3.3492635299e-03
-4.7354814186e-03
-1.2592676729e-03
-1.4864365682e-02
-1.0589934540e-02
1.6613291974e-04
2.1853628927e-03
5.5968704891e-03
-7.6075168045e-04
8.3517146028e-03
4.1021577477e-02
-5.9925783931e-03
-9.0810487333e-03
2.1797470089e-03
2.0840660764e-03
8.4470584772e-03
-7.0518180425e-03
-4.2343133858e-03
5.9014262146e-03
3.8668430117e-03
4.6351333016e-02
-6.2973104447e-03
-1.9375176367e-02
-6.5987884672e-03
1.4742314778e-03
-4.6569204081e-03
-1.1547210083e-02
-5.6731021258e-03
-5.4757921735e-03
-7.1213527508e-03
-9.0647660578e-04
-1.5309269799e-02
2.7818435303e-02
1.2772622163e-03
-2.5547509766e-03
3.8513097566e-02
-9.0538680787e-03
8.3350108572e-03
-1.6188915634e-02
3.5059468048e-02
-1.5636626088e-02
-2.7437743556e-03
-9.8649662978e-03
-8.7059610569e-04
-1.1393052917e-02
-1.4957885563e-02
1.3527596112e-02
7.1094918897e-04
-1.9918337172e-02
4.2172763077e-04
1.1590637738e-02
-2.2668581653e-03
-1.2355434047e-02
7.9638532618e-03
-5.7403805326e-03
-1.5910341712e-02
4.4493787041e-03
2.2443569584e-03
5.5073141253e-03
-5.8711421526e-03
-8.1335375227e-04
-1.4563337651e-03
4.1053180416e-02
9.1256515619e-03
-3.6201139107e-04
-1.5475930063e-03
4.6880404015e-03
1.5602467138e-02
3.0097801334e-02
2.5842679943e-02
-1.1581816763e-02
-1.0134710200e-02
-7.2047121574e-03
1.5833322843e-02
1.7921514562e-04
6.9293983956e-03
4.8281892852e-03
1.5098026619e-03
-5.4171462556e-03
4.0264022068e-02
2.2928337592e-02
-1.2269800869e-02
1.0163502062e-02
1.0171247474e-02
-1.2384591002e-02
-2.3342863191e-03
-9.8243636432e-03
3.4365985415e-03
3.9357728040e-03
-7.4737054555e-03
-6.4805057156e-03
-1.5806388096e-03
-1.1722286947e-02
-4.2264402151e-03
6.4388546605e-03
-2.0159215298e-02
-2.0008574448e-02
-6.3299321334e-03
-6.1059192073e-04
-7.4845827837e-03
-3.5842370229e-03
2.4337074052e-04
3.2743710961e-02
1.5694429889e-02
-2.2863306304e-02
1.7087677795e-02
-1.9918313114e-02
-1.9400452148e-02
2.5730519474e-02
-1.5546640555e-02
1.1183349834e-02
7.3666245868e-03
1.5870721755e-02
-1.1997478003e-02
-9.0447514874e-03
4.1617928801e-03
1.5293431519e-02
1.1511590310e-02
5.6354489365e-03
-1.6529277084e-02
1.8690190590e-02
5.6446374007e-02
-8.1500040539e-03
6.8110910888e-03
-1.0052377052e-02
-1.7545405839e-02
-1.2277712099e-03
-1.1818962758e-02
1.4680839444e-02
1.9256185547e-03
4.7600772500e-03
4.9744703278e-03
2.0721296729e-02
-1.2136551470e-02
-1.2831838210e-02
-9.2965245297e-03
-7.2693470681e-04
1.6314820744e-02
7.9237592753e-03
-5.6516555548e-04
-6.3017523104e-03
-1.7032002536e-02
3.1702183042e-03
-5.1652155882e-03
6.4567091402e-02
-1.8803259470e-02
3.8876228778e-02
3.2551371498e-03
-1.4134874694e-02
-8.4770374348e-04
1.4466458705e-02
-4.1737032272e-03
-6.5143517936e-03
1.4559057393e-02
-5.5398695659e-03
-1.1453230976e-02
1.7208484037e-02
-5.7738649555e-03
1.1129330105e-02
-1.5602185168e-02
5.7942644285e-03
6.0111647537e-03
-8.5391189094e-03
-2.7811307934e-03
-1.1273336860e-02
-1.7023802405e-02
-1.9499963416e-04
-4.5446544466e-03
-8.7366555267e-05
-1.6766511878e-02
-7.9075499977e-03
-6.8559571956e-03
1.2970431231e-02
-1.1218449317e-02
1.4370995159e-02
1.1234733925e-02
-6.9754368370e-03
1.5961150031e-04
1.1469809749e-02
-1.0015172758e-02
-1.7687381077e-02
-4.2778513966e-03
-1.3260289901e-02
-1.3381058116e-02
-1.2077489409e-02
-5.6629134607e-03
1.2933376823e-02
-1.0066811286e-03
-2.2451953242e-02
1.8863587905e-02
2.6320080234e-02
6.0113232622e-03
-6.5377086911e-03
-7.3403034620e-03
-1.1180006913e-02
1.9355328735e-02
-8.7249713126e-03
7.3180173935e-05
-1.6450797215e-02
1.8477290947e-02
-5.7869758845e-03
4.3948843149e-03
-1.3182572414e-02
1.5208042951e-02
-1.3455829795e-02
-2.1900894345e-02
2.5291173665e-02
-1.2595648845e-02
7.9852270012e-04
8.0771851462e-04
3.3113252802e-02
-1.2859844837e-02
1.3863932201e-02
-1.4664955676e-02
1.6604966479e-03
-2.0237992125e-02
-4.2987950423e-04
7.3645831823e-03
-1.9123581539e-03
1.0476288485e-02
-7.9373306286e-03
2.1591101235e-02
4.3689164113e-03
-1.7194653253e-02
-9.8750590619e-03
-5.4688329987e-03
2.7616863628e-02
-6.3732397322e-03
2.3075689741e-02
1.1079753033e-02
2.8456826522e-02
-4.4313162722e-03
1.4359006039e-02
1.7368230273e-02
6.8772978123e-04
-7.5337687492e-03
5.6840535442e-03
1.6324270619e-02
-2.2220326830e-03
-1.3752178575e-02
-1.0900055279e-02
-1.7050868166e-02
-1.2913530491e-02
-2.1569563114e-02
1.5839849705e-02
-1.4138255709e-02
-6.0165278801e-04
-1.6461069951e-02
7.6808547299e-03
1.2888254827e-02
-2.8432024391e-03
-5.8866222847e-03
-1.1038216437e-02
2.1199211383e-02
-7.5349048870e-03
-1.5143157103e-02
2.6297513448e-02
9.1250789894e-03
-7.1343853305e-03
-1.3111128647e-02
-5.9389806310e-03
1.0310446694e-02
5.1335704575e-03
-1.2707039176e-03
-3.7660537010e-04
-1.7891112639e-02
3.3870095595e-02
3.5956488043e-02
-9.3381689778e-03
1.7164680923e-02
6.2280640024e-03
3.7779451404e-02
-9.5854517092e-03
5.2040193041e-03
4.4819116704e-03
-2.1441071288e-02
1.9906220522e-02
7.1713048379e-02
1.4649757668e-03
-9.4577505550e-03
2.4435910808e-02
1.9574119921e-03
3.5375161546e-03
-5.8748544228e-03
1.0426495158e-02
-3.3151791358e-04
-2.1454271132e-02
1.2867393753e-02
-1.4566617045e-02
-1.2263235550e-02
2.2847713449e-03
-3.9149574906e-03
5.8340721929e-03
-1.4639140773e-03
-7.7690942787e-03
-2.0050123042e-02
-3.2711523101e-03
-2.2580768376e-02
4.7652595686e-03
1.1969176909e-02
1.1691450041e-02
1.5775023900e-03
-1.5375592671e-02
7.1661430363e-03
-1.2178088553e-03
6.4368341937e-05
7.0335639098e-03
1.8745950933e-03
2.8170015962e-02
-2.5290823752e-04
-1.2438316447e-02
-1.2853658102e-02
2.4398943639e-03
-2.9369185840e-03
6.1154525814e-04
1.5106031111e-02
-1.8233922910e-03
-2.3337083826e-02
5.1836676691e-02
2.2820901414e-02
2.6337635493e-03
-1.3173108153e-02
-1.9306968360e-02
6.2735275054e-03
-8.0391872794e-03
8.5465933942e-03
-7.5478681745e-03
2.3985247308e-03
-9.5455842730e-03
1.2018798899e-03
5.4423766430e-03
-1.2746293897e-02
1.6295370723e-02
-7.9574486934e-03
6.0648389521e-03
1.8789226649e-02
-3.0729616695e-03
-5.0677180786e-03
-4.6856017325e-03
1.0148990615e-02
1.6953544435e-04
1.3678124523e-02
3.1567443552e-02
-2.3480751115e-02
-1.1733666660e-02
1.0025747214e-02
9.0939326160e-03
-7.6804680583e-03
3.5066572919e-02
4.3372151576e-03
1.2434074237e-02
2.2096875045e-02
3.1422627083e-02
-8.8972792289e-03
1.2770456321e-03
1.6738277664e-02
7.4672881223e-04
-9.4013499508e-03
-1.5927000617e-02
1.9153178529e-02
5.2429466857e-02
3.1963701817e-02
1.8116704015e-02
-2.5967750624e-03
3.3889608316e-02
-8.9302420820e-04
2.1553239344e-04
1.9601930938e-03
-1.2306580843e-02
1.2751753623e-02
-4.6404600057e-03
3.2042840580e-03
1.7001004411e-03
1.5608618335e-02
6.2245015268e-03
-3.9004588054e-03
1.7876604544e-03
-9.3309138509e-03
-7.2517153120e-03
-1.7237739581e-04
7.3331371679e-03
4.2698885582e-02
1.2119352343e-02
-3.2179710428e-03
-6.9741282420e-03
-4.3980493269e-03
7.1045277947e-03
-2.3289036901e-03
-2.2527415942e-03
1.8873907078e-02
-1.9072745645e-02
-1.3476163761e-03
4.3260763236e-02
-2.0473678086e-02
-3.8525268500e-03
-4.2467233335e-03
-1.2171573367e-02
6.0554102546e-03
-6.7239483987e-03
-4.7730092547e-03
-1.7363328937e-02
-9.0948243968e-03
-1.2464962171e-02
-8.3332118059e-03
3.1185670316e-02
1.5041063477e-02
2.9245457481e-02
2.8447547412e-02
-2.8768134625e-02
2.9579079438e-03
2.7693905105e-02
3.7922592437e-03
1.2650296104e-02
4.0518430017e-02
2.5025837061e-03
-6.6001430414e-03
1.7260466511e-02
1.5100618353e-02
-7.0686101872e-03
-4.6132333306e-03
2.1273422288e-02
-1.2130571502e-03
-1.5951100303e-03
-5.2605636079e-04
-7.9012771729e-03
-1.9788094337e-03
-2.0216607831e-03
-3.5546391531e-03
-1.6687275036e-02
-1.3073038067e-02
-2.1758483634e-02
-1.4329945059e-02
7.1299894665e-03
4.3064994906e-02
-1.0395976577e-03
1.6510097375e-02
-2.1574137023e-03
-5.5475792958e-03
3.3528932670e-02
-1.2488480805e-02
3.5124468826e-03
-1.4843347854e-02
-2.1522619195e-02
-3.7432366301e-03
4.0206501605e-04
2.1620916421e-02
2.0893912335e-02
-3.6294195653e-03
1.4143378400e-02
2.0452179437e-02
2.8001288091e-02
5.8803233392e-03
-7.4487793481e-03
-3.3115454087e-03
-1.2758091066e-02
2.2644073740e-02
2.3561821265e-02
1.9949303678e-02
7.1546222749e-03
-1.6330191632e-02
-1.4163050228e-02
3.3661434509e-03
2.5683290859e-02
1.3693146609e-02
2.1442813790e-02
-1.6550403683e-02
1.5640362952e-03
3.7254848007e-03
4.4605601821e-02
1.1888356257e-02
-9.0412140252e-03
7.9746009409e-03
1.4696466247e-02
-1.3244352609e-02
-3.3660525948e-03
-5.4781393818e-03
-3.2574464812e-03
-5.6221845892e-03
-1.0175883829e-02
1.3233026587e-02
-9.7031533179e-03
-5.6687158167e-03
-7.3869910353e-03
-3.3482686117e-04
7.1789627555e-04
-7.5308099125e-03
1.5373615786e-02
1.4450645516e-02
-1.6826064017e-03
-2.2121319155e-03
1.4557716170e-02
-8.1648991873e-03
7.7474481122e-03
4.0225822817e-03
1.0473741835e-02
2.9253205788e-03
2.0697408290e-02
-1.8438519259e-02
-1.0364211771e-02
-2.1376743781e-03
1.6441801608e-02
-2.7151948004e-02
6.1684119397e-03
-1.0137687357e-02
2.8891777819e-02
4.1372253054e-03
1.2343117418e-02
-1.0980918689e-02
-7.0013045522e-03
1.2826524561e-02
-1.4801018650e-02
-6.8345623891e-03
-5.0740331888e-03
-1.7037962876e-02
2.7562375200e-02
1.0043094713e-03
1.2038302232e-02
-5.1659435595e-03
7.3719198579e-03
1.2308277295e-02
1.0335061249e-02
7.3234464723e-03
3.0593846069e-02
-1.0317032697e-03
1.7126270068e-02
1.1811011054e-04
1.3410903098e-04
-1.1001332814e-02
1.2533352088e-02
-3.4131544530e-04
-2.8130813940e-02
-5.6643915154e-03
-3.7796821912e-03
7.9886610641e-03
9.7380202052e-03
2.2758385962e-02
3.9292351834e-03
-2.3319340521e-03
-1.3520348020e-02
-6.7494298639e-03
-3.7988253570e-03
-1.3703670027e-02
-1.8298689452e-02
-2.1237415668e-02
-7.2377442255e-03
2.4863878853e-02
3.9577783428e-02
2.7510856545e-03
6.8405078128e-03
-1.0174339769e-03
1.0156439848e-02
-2.6029780696e-03
3.4940412194e-03
9.5767589435e-03
-1.3052691352e-02
-2.4806730467e-02
-1.4464491242e-02
-4.8206411580e-03
7.9952297261e-03
1.5253351117e-02
1.4713895951e-02
-1.3888546152e-02
1.8896759792e-02
2.2056462147e-02
2.0418262694e-03
-1.0528742944e-02
1.1702065571e-02
1.7080088427e-03
-6.6252911285e-03
-6.6325559104e-03
2.4763209761e-02
6.6986186251e-03
6.7308698178e-03
3.2842488765e-02
1.4313965561e-02
5.5361726351e-03
-1.4489284908e-02
-1.7383793268e-03
-6.5533886707e-03
-1.4300992580e-02
-1.6440946365e-02
-7.7982662285e-03
-1.9415605893e-02
-8.1748661479e-03
7.4636809214e-03
-5.2669515495e-03
2.9228621582e-03
4.4645986551e-03
-1.5798812482e-02
2.4585374950e-02
4.7276704310e-03
5.2487985077e-02
2.9874782650e-03
-5.9169436474e-03
-1.4189705199e-02
3.0070073948e-02
5.4071328252e-03
-1.6110337416e-02
-1.6362158192e-02
3.7399773156e-04
2.5446667894e-03
-8.4941890862e-04
-1.1078999318e-02
1.0888960009e-02
3.1844128251e-02
-2.3097817250e-04
4.5470072605e-02
-5.6662353328e-03
-8.3423525128e-03
-3.7825044803e-03
4.0938197798e-03
3.9759947147e-03
7.7551922652e-03
-1.3410380819e-02
-1.0179957856e-02
8.4452712092e-03
8.1793822583e-03
-1.9732766671e-03
2.1079562995e-03
-1.5910870784e-02
1.6920550751e-02
-1.1918230800e-02
-9.5052866591e-03
-1.4271194640e-02
1.9860617773e-03
9.3956982877e-03
1.5079243985e-02
2.3264759412e-02
1.8898462377e-02
-4.7293117553e-03
-6.0173944744e-03
-3.6994189208e-03
-5.1072830146e-04
-3.6294131588e-03
-7.1204721683e-03
3.4566205254e-02
6.3092030734e-03
-3.2252144933e-03
-1.0683760495e-02
7.3700154590e-03
-5.7111855091e-03
-1.5658290388e-02
-1.6132999557e-02
1.2766541354e-03
2.3275807323e-03
-9.9021151860e-03
-1.5322098424e-03
2.1175392556e-03
-9.1302414427e-03
-9.0564351231e-03
-2.2995003549e-03
-7.8443774482e-03
-1.1493659306e-02
-9.2358787779e-04
-5.3074866619e-03
3.7494074452e-02
2.5300200875e-02
-9.4424430652e-03
-6.8822146447e-03
1.4861922472e-02
2.1994506011e-04
5.4092179607e-03
2.4955023396e-02
-1.7403329508e-02
