-1.0659368874e-03
-1.2462770712e-02
1.4555508680e-02
1.7989241860e-02
-2.1904864687e-02
1.8814062144e-02
-1.6877457618e-02
-1.5053444627e-02
7.6958346203e-03
-1.4297780952e-02
-1.5142985011e-02
1.7187209615e-02
-4.0405910095e-03
4.4227740956e-03
-9.8472292998e-03
3.7487628380e-03
-7.3799485267e-03
3.9138564932e-02
1.5589846556e-02
-4.9029589833e-03
8.4275066573e-03
-7.1201544442e-03
2.8496066965e-03
-5.6096716630e-03
5.6778626626e-03
1.0091512038e-02
3.5942602337e-03
-1.5048729500e-02
-1.4149016480e-02
-1.5497201920e-02
-1.4212533999e-02
2.3350288047e-02
-1.2658817520e-04
-4.1974641042e-03
1.2196548315e-02
-1.9658995396e-02
2.0794334639e-02
-1.0961607381e-02
-4.0829635617e-03
3.4743955248e-03
-1.4597693175e-02
-1.0011588902e-02
2.3918059030e-03
9.2593556754e-03
9.8402306750e-03
4.2707299543e-03
-1.7124132225e-02
4.3254875197e-03
6.6203724884e-03
-1.0863944325e-02
-7.1455399419e-03
5.0935318661e-03
-5.2406687276e-03
-1.3262103728e-02
1.2101391271e-02
1.9619468402e-02
-5.0405628276e-03
1.9999273656e-02
-5.6061986244e-03
-1.1794588135e-02
-1.2254382859e-02
-4.3807344930e-03
1.8753135709e-03
-8.3034654924e-03
3.2034327444e-03
5.0677107559e-03
-9.8397225075e-03
6.0414791096e-03
-1.2926772734e-02
1.0406723504e-02
3.8289016840e-02
-4.7257071057e-04
2.2803791316e-02
-1.2607721399e-02
1.3284537616e-02
8.2466542046e-03
-2.9808381626e-03
1.9472704761e-02
-1.5367073349e-02
-3.1049052776e-03
6.1969744032e-03
1.8007750771e-02
-5.4336356192e-03
-8.4472146704e-03
8.8509015893e-03
2.5391014937e-03
2.5471901161e-02
-2.7493182170e-03
1.6496738343e-03
-1.3607428174e-02
-1.4213570387e-02
1.3317598243e-02
-8.9184891355e-03
2.5729651424e-02
-1.4376973668e-02
8.1811175575e-04
-1.3078391857e-02
1.0359564943e-02
7.6947320846e-03
-7.0542279108e-03
-3.6281033166e-03
6.2968983512e-03
-1.6956026483e-02
-2.8730989685e-03
8.0853662868e-03
4.1944952580e-02
-2.6446389602e-03
-4.9109970519e-03
-1.2959272145e-02
7.3974873556e-03
1.1605646409e-02
7.1662302043e-03
-6.1240417726e-03
6.6573506452e-03
-2.4682888513e-03
1.1830962742e-02
-6.7367460703e-03
5.4901114876e-03
1.8433464033e-02
-1.5715065177e-02
-1.4844045073e-02
-1.4735573751e-03
-3.3734134700e-03
-8.5406426867e-04
-5.8414154698e-03
-2.7290916974e-03
2.0912909051e-02
1.2835629974e-04
-1.2300095687e-02
-8.5755043865e-03
-1.1544998231e-02
2.2017077229e-02
9.6551010311e-03
1.1937942015e-03
-2.8957552395e-03
-8.2683532852e-03
-2.0351167179e-03
1.2345952693e-02
8.5679164524e-03
2.5445772856e-02
-5.4748689290e-03
-2.5455374151e-03
-1.3727120265e-03
1.0793234985e-03
7.6372941013e-03
-1.5970862070e-02
-1.2331272890e-02
1.1411367381e-02
-4.3042311936e-03
-1.2091577576e-02
-4.2133584517e-03
1.5407349538e-02
-1.0231587962e-02
-5.3407885944e-03
-2.3495495748e-03
9.4371708274e-03
1.3832105548e-02
2.5056477581e-02
-9.0138257819e-03
-5.5892543489e-03
2.9886354286e-03
-1.2577498184e-03
5.8950480599e-02
3.8102853054e-03
1.2316854190e-03
4.8815945561e-03
-1.1927526232e-02
-4.3126937006e-03
8.0823888419e-03
1.6290040655e-02
-1.2049922522e-02
-7.7580844705e-03
1.2966370057e-02
1.9795235556e-03
8.5620561544e-03
-1.9916298297e-03
-5.8149544887e-03
-1.2753641523e-02
5.3019417366e-03
-2.0687574339e-03
-2.2975553873e-03
1.2246798500e-04
-1.0239896027e-02
-2.1415801529e-02
-7.1282656939e-03
2.1328222278e-02
-5.0546752880e-03
-8.0630289445e-03
9.5430998124e-04
1.2221305939e-02
-8.2647075397e-05
-7.8669481650e-03
3.3872111994e-03
-1.4693695033e-02
-6.7468025360e-03
6.9166907930e-03
-3.7823707103e-03
-9.9477101605e-04
8.3084806403e-03
-8.3234565164e-04
4.0178369696e-03
4.7663465117e-03
-1.3967607448e-03
1.2774593498e-02
-6.2063175126e-03
-1.1260608784e-02
-9.3043272412e-03
2.2174315877e-02
-5.7757175013e-03
-1.3041044811e-02
2.5661183137e-03
-4.6361196580e-04
3.4992184402e-02
1.2519843757e-02
-2.9711160997e-03
-1.3852882073e-02
8.1865193018e-03
1.2427121141e-02
-2.3686218724e-03
2.5371502740e-02
-2.2528978173e-02
2.4691264031e-03
5.0791560368e-03
7.1374119520e-03
6.3825210951e-04
1.0750046772e-02
-5.4124583300e-03
-3.6381253654e-03
1.8518618955e-02
-2.0806853125e-03
6.8008653656e-03
2.4745974228e-02
2.3413367927e-02
-2.9161456843e-04
7.4903644903e-02
-6.9052464741e-03
2.5164084250e-02
-8.9663744720e-03
-1.4941550380e-02
1.4771105032e-02
-3.5843416502e-03
-8.5737662438e-04
7.5178593744e-03
-6.5591609834e-03
1.3781095030e-02
-1.1664510833e-02
8.2114693872e-03
7.8961656073e-04
4.4596385563e-03
1.8347130164e-02
2.5082700353e-02
-7.9832535042e-03
1.5454617963e-03
-1.5261099890e-02
-1.5254036036e-03
-8.3334696869e-03
-2.3866422683e-03
-4.6331764171e-03
1.1731154127e-02
-9.5541336987e-03
3.5326517145e-03
-9.4932002551e-04
1.1214983112e-02
-9.9058829611e-04
6.7222686957e-03
-2.5983601607e-03
-5.6843040558e-03
-4.4206704911e-03
-1.1418051611e-02
2.4971215879e-03
1.2936942218e-03
-7.0342168262e-03
1.1858739626e-02
1.5086358177e-02
-1.3597716847e-02
3.1035662418e-03
-3.2534721916e-03
8.9150387994e-03
-9.5506607697e-03
5.4936842460e-03
-1.7245897434e-02
-5.2993704193e-03
1.4310460093e-02
1.5482625177e-02
-1.4450688012e-02
-1.1699270793e-02
-1.1589823481e-03
1.1513157644e-03
3.6625128274e-03
-8.6339902513e-03
1.5920846908e-03
2.2070416167e-02
-7.1507698502e-03
-1.9002235693e-02
2.5605427992e-02
2.0019023744e-02
1.2717647494e-02
1.9339185076e-02
-1.0008387786e-02
1.6453863992e-02
1.0170449237e-03
5.4169231752e-03
-5.7211231810e-03
9.9271530792e-03
-1.4246131105e-02
-1.3059126396e-03
3.5359891502e-03
-1.1236411053e-02
2.1255408857e-02
-5.3661651500e-04
1.6046417406e-02
-2.4507711736e-02
1.4004922344e-03
1.3023250865e-02
-8.8486338521e-04
2.4373212711e-02
5.5246517815e-03
4.5388100506e-03
4.0904156677e-03
-2.5769915594e-03
-3.7131347400e-03
-1.5081553851e-02
2.6748016860e-03
-1.0799006782e-02
-1.8492908002e-02
-4.9043158386e-03
4.5290871451e-03
-1.1701943018e-02
-9.7929792911e-04
-1.4789997869e-02
1.0283309915e-03
-2.4720929970e-03
-4.6121447704e-03
1.8856525698e-02
6.0393984358e-04
1.4808856293e-02
2.5263063698e-02
2.3699307529e-03
-1.8359939246e-02
-1.5355190208e-03
1.1180090487e-02
5.1559863399e-03
-1.4681615582e-02
7.8080659574e-03
-1.5712128777e-02
2.9720410321e-02
2.2035411862e-02
-7.4962194966e-03
1.7083212914e-02
-8.1987301722e-03
-6.7130413733e-03
1.2973023855e-02
3.6974202002e-03
3.4790245084e-03
1.6542521890e-02
1.4836033620e-03
1.5541785543e-02
2.8954881727e-03
3.2727583134e-02
4.2625526470e-03
2.2563267302e-02
4.6353004355e-04
-3.3443781283e-03
3.5205027062e-02
1.2934427958e-02
5.4541451524e-03
9.5474315549e-03
-4.2342534628e-03
2.5564487318e-03
9.2439927156e-04
4.3671067645e-03
-1.3275095279e-02
-3.9926524166e-03
-1.1450309665e-03
-8.4341265121e-04
2.7052112141e-02
2.6956273519e-02
-4.9238175032e-03
1.4365590963e-02
-7.9215354393e-03
-1.1056191090e-03
-9.8617477505e-03
2.6840842575e-03
-1.2425999307e-02
-1.4012044269e-02
-1.4017587911e-02
-1.3919130325e-02
3.5265440280e-02
-2.0588654462e-02
-1.0658337942e-02
-1.1168208475e-02
-8.1857203191e-03
-7.0954315007e-03
1.3926928951e-02
-1.3978848918e-02
2.0337105212e-02
-1.1777472326e-02
-1.0085971123e-02
2.0032066142e-03
2.0005612796e-02
6.5202216981e-03
-2.2716924686e-03
1.4856061825e-03
-1.5550650535e-02
4.6067874011e-07
1.6109090917e-02
2.3148801598e-02
2.8622954100e-03
2.9228305083e-03
-2.5105748337e-03
5.5403230970e-03
-1.0980035566e-02
-3.1874588674e-03
-8.6333209267e-03
5.8338432204e-03
-1.6027794543e-03
-9.8626519113e-03
-7.1324571606e-03
-1.1735837875e-02
4.1528656999e-03
-1.5162014356e-02
-1.6896557498e-02
-1.8079088863e-03
-1.5925301676e-02
3.7398182680e-02
9.4886455089e-03
-1.9094060582e-02
-3.9226846885e-03
2.1289932261e-03
2.9679071234e-03
-3.9284552730e-03
1.7717146279e-02
1.3698490217e-03
8.6405416079e-03
-8.2431179185e-03
1.3892823250e-03
6.0343812347e-03
-1.2384015149e-02
9.7079334603e-03
-5.8190160749e-03
-4.0275866341e-03
-2.7702933434e-03
2.8696778584e-02
-1.2576619071e-02
-9.1514407147e-03
-3.4390459051e-03
-1.4073906326e-02
-1.2864920326e-02
-5.1651060910e-03
2.4906051933e-02
-1.0765491287e-02
-2.1363767152e-02
-1.1570196190e-02
1.9443144255e-03
4.5978749823e-03
-8.2648030101e-03
-9.7478674442e-03
4.0278091211e-03
2.7237070397e-02
1.5484232041e-02
-1.1893834837e-02
9.9161703740e-03
-1.2420258353e-02
1.7041576429e-02
6.7408227225e-03
-1.7298282462e-02
8.3878484448e-03
1.1287424032e-02
-8.8696634482e-03
1.5870177791e-02
4.1743724058e-03
-5.7313002731e-03
3.2358188262e-02
8.4843606731e-03
-5.5957620066e-03
8.5683516992e-04
1.6944314424e-02
2.3877018505e-02
-1.4948946402e-02
-1.4049923631e-02
9.8874799450e-03
-9.8275856514e-03
-1.5851496673e-02
-2.4648949141e-03
4.7748160368e-03
1.0201736253e-02
-1.6538544696e-02
7.1297022807e-03
1.1687753051e-02
1.1866911989e-02
-3.1786390529e-03
-5.7783725346e-03
-2.4896623392e-04
3.9441461307e-03
-1.2374917019e-02
-5.4349727140e-03
2.5537389116e-02
6.8685908079e-03
7.9344143989e-03
-3.6584982519e-04
5.0943380942e-03
3.3730608700e-02
7.6657679156e-03
1.2582895150e-04
1.3469471979e-03
-1.8722186404e-02
-1.1883173171e-02
-4.4610291494e-03
-1.2771576140e-02
3.1130070552e-02
-4.7753116668e-03
-4.5115161369e-04
2.1145135253e-02
4.5144547689e-02
6.3821346815e-03
-3.0101727622e-03
-8.0257796376e-03
-2.8815092327e-03
-1.4738021576e-03
-1.2081300137e-02
2.7359130359e-03
-1.0339268450e-02
-1.5228538595e-02
7.9968150548e-03
1.7660728422e-02
1.3368827532e-03
6.8979601909e-03
-3.9348239349e-03
-2.7643596264e-03
-1.7710497934e-02
-8.2530662730e-03
1.2319713157e-03
-1.5235281276e-02
-3.2874494457e-03
7.2567218846e-04
2.3812118846e-03
-1.9060675800e-02
3.0977639088e-02
8.4634962369e-03
-1.0885786623e-02
-1.1407759671e-02
-1.8756407589e-02
3.3389863010e-03
-7.3471752923e-03
-1.4512408927e-02
-5.8222813956e-03
1.5641276801e-02
2.8277497121e-02
2.5569142198e-02
1.6486525194e-02
7.4110458369e-03
-1.1121301345e-02
-2.6802583574e-03
7.5239870873e-03
5.6936304479e-03
1.1138139752e-02
-2.6920614596e-03
6.8831501060e-03
-3.8456960227e-03
-4.7927498006e-03
-1.0981186879e-02
1.2464517412e-02
4.1475509617e-03
-6.1471526161e-03
-1.5612446620e-02
-9.9264378631e-03
-4.7023467743e-03
-1.5409383111e-02
-1.5156842555e-02
-1.5168693938e-02
-3.0516509331e-04
5.4013561823e-03
-3.8915018001e-04
1.9092950151e-02
-6.4429166425e-03
1.4856134593e-02
9.7057264676e-03
8.7295832517e-03
2.5288050904e-02
-6.4878314422e-03
1.4534367810e-02
-4.7714188838e-03
2.3854783357e-02
-1.4289952047e-02
1.3694784146e-02
-4.2195452014e-03
1.2543859207e-02
-6.7589772485e-03
-1.4188958457e-02
1.0695412465e-03
-1.4779037315e-02
-1.3365765907e-02
-3.4155799706e-03
-6.8669405203e-03
-1.6273095407e-02
-5.6995949717e-04
-1.9188211992e-02
4.3033343263e-03
-1.5204337295e-02
4.1447845875e-03
3.3884156242e-02
-1.2933979501e-02
-1.1661607281e-02
2.1118185363e-02
1.3834620116e-02
-7.2869034705e-03
-1.0985840639e-02
1.1214746955e-03
4.0184353575e-03
-1.9444024258e-02
-1.3255012122e-03
-3.3553105015e-03
2.5351570993e-02
2.0659683278e-03
2.5301186775e-03
-7.8695976485e-03
-7.7496580290e-03
-1.4533006435e-03
-1.6021333643e-02
1.4199068314e-02
-3.8454559862e-03
1.7819167014e-02
1.1363770857e-03
3.2999890834e-02
2.6338733009e-02
-3.2889460463e-03
6.9038827510e-03
-1.9397797235e-02
-1.2520826190e-02
-9.9421676611e-03
-6.1664247911e-03
1.0710300584e-02
2.2020362513e-03
-1.2931982893e-02
2.1628759748e-02
-3.9462490973e-03
1.6853353299e-03
-1.6142088841e-02
-1.7203865052e-02
4.3164387839e-03
5.5251260470e-03
-7.2311370595e-04
9.9219528040e-03
3.1398862168e-02
1.6147339530e-02
-2.6233913846e-03
1.5634908637e-02
1.7861100148e-02
9.9641960077e-04
-5.5418469760e-04
-3.7787353851e-03
-1.1768434564e-02
2.3760046477e-02
-1.4266444720e-02
2.1682042584e-02
-1.1757322885e-02
2.3640840687e-03
-1.0200599133e-02
2.8009807087e-03
1.4535846665e-02
-1.9635298962e-05
-9.4308438266e-03
-1.2047932083e-02
2.2686055372e-03
2.1874450044e-02
-9.3782446416e-03
-2.4486131289e-03
-8.8824491507e-03
1.0917223266e-02
-4.9491777941e-03
-1.3347281897e-02
5.0870001744e-03
1.1124638050e-02
1.0219706443e-03
9.9161412962e-03
1.8822896330e-03
-2.1627907607e-03
2.3727294430e-02
-4.7927750050e-03
-1.7211815949e-02
-1.2915161841e-02
3.8614523656e-04
-1.0097352406e-02
-1.9050951446e-02
-5.4907237855e-03
7.5956495136e-03
-1.4353786394e-02
1.5041298466e-02
-5.2453362291e-03
-1.6542631559e-02
-8.3548591374e-03
-1.5472381606e-02
-1.5333906978e-02
-1.1164500978e-02
-2.3958589248e-03
6.2015197493e-03
1.1075920617e-02
-2.7561752197e-03
-1.9085531225e-02
1.1594283239e-02
-3.8211962426e-03
-1.5462130356e-02
2.9321250135e-02
-1.6991298717e-02
-1.4249099905e-02
-1.3468848208e-03
-1.2979163213e-02
-1.5317579267e-02
1.0256698286e-02
9.9435924774e-03
3.6876874508e-03
1.1994972185e-02
-5.7572582500e-03
8.8419315118e-03
-1.1343740618e-02
1.2290873003e-02
3.0972149239e-02
1.8987419932e-03
-9.9404461684e-03
-1.3679257240e-02
-7.2504826521e-03
1.0261137758e-02
-1.2079189921e-02
-9.7362035772e-03
-6.8933976036e-03
9.2894399105e-03
-9.7393619870e-03
1.9783787724e-02
-7.5688643871e-03
-1.5540279892e-02
-6.2326774431e-03
1.2374141325e-02
3.4840805980e-02
-5.5998749083e-03
-1.2889563820e-02
-1.6121306398e-02
-1.8032504347e-02
1.0438528586e-02
8.6599218794e-03
6.9782411196e-03
-1.1672183821e-02
-1.4571277353e-02
3.1769834338e-03
-7.0150341945e-03
-1.3872095120e-02
-7.3259659009e-03
2.1514090724e-03
1.7381602062e-02
-9.9405333368e-03
-4.4575910310e-03
-7.8675674478e-03
2.1375654140e-02
-1.4149521906e-02
9.7852184187e-03
3.0931100839e-03
1.5558884767e-04
1.7255010630e-02
6.8258626982e-03
2.8698023222e-02
-5.2435662960e-03
-1.5760544158e-02
-2.2673391837e-02
-5.8971884160e-03
-1.3297827029e-02
-1.0975922501e-02
-1.4213178898e-02
-6.8747302450e-03
7.6245478907e-03
-1.6580633627e-02
3.2635791497e-03
6.3969801856e-03
-1.1761249562e-02
-8.8442509482e-03
-5.8780333363e-03
-6.3571309742e-03
-1.2645405680e-02
-4.8260195590e-04
-5.9954842979e-04
-7.8392406537e-03
2.3979134303e-03
7.0621374545e-03
-1.3970866735e-02
-9.7014256470e-03
1.3093798515e-02
3.8459775282e-02
-6.7912598500e-04
4.8935511158e-03
3.7569758773e-03
2.1743408352e-02
1.0880198574e-02
-1.5422276114e-02
1.5149090928e-02
3.6726416272e-02
1.2480902878e-02
-9.5382517695e-03
7.6028040987e-03
-9.2926635097e-03
-1.0019273132e-04
4.1916271064e-02
-1.1120130790e-02
-1.7660458670e-02
9.6520155299e-03
-5.1048536573e-03
-1.4199591295e-02
-3.7106510129e-03
-8.9754774666e-03
-6.6675418203e-03
4.1423096735e-03
2.8632204377e-03
3.6885918932e-03
-2.4671412041e-03
2.2661068311e-02
2.3954823460e-02
-1.1748895062e-02
-1.1343344776e-03
6.3434094377e-04
8.3147802991e-03
1.7861320051e-02
-3.7716523825e-03
-1.2514397748e-04
-6.1622224116e-03
1.0172028421e-02
-4.5333118375e-03
2.3668204545e-02
-9.1792839919e-03
4.1631084571e-02
-1.0902757942e-02
-2.0491807403e-02
-1.6531218992e-02
2.8074974378e-02
-6.1452698408e-03
-1.0003465645e-02
6.3933404590e-03
-8.2116451380e-03
-8.9075835991e-03
1.3729424371e-02
-1.3757795972e-02
5.3113504854e-03
3.2772620538e-03
1.3921643788e-02
-6.6122473737e-03
-3.4008572410e-03
3.1360778575e-03
1.7761679029e-02
-2.3582268537e-03
-5.0978305097e-03
-6.1194833698e-03
-1.2312256453e-02
1.1206840978e-02
-1.7844541041e-03
-6.1421800775e-03
3.1874006502e-03
8.5659339794e-03
1.1553657898e-02
9.7609495967e-03
-9.6849295786e-03
-1.7427822416e-03
-1.1352579501e-02
1.7787969420e-02
-1.5154043029e-03
1.3734369456e-03
5.9545983939e-03
-8.3226608022e-03
-1.3528227106e-03
-1.1705494813e-02
1.7226695308e-02
-1.0769386848e-02
-2.0409969684e-04
-2.2744536171e-03
-1.3911114637e-02
-5.9876004185e-04
1.4367160129e-02
1.1930279834e-02
-1.7048568318e-02
2.1484055455e-03
-6.3916187642e-03
4.6927315635e-03
-1.4720867214e-02
5.4194006537e-03
2.1459852473e-03
2.2616230410e-02
2.6143112626e-02
1.1080951628e-03
-2.0118339269e-02
8.0490470082e-03
-1.0813574064e-02
1.4918852497e-02
2.9979983663e-02
2.5319280691e-02
2.5576742208e-02
1.7598353453e-03
-2.7004468056e-03
-8.3897748733e-03
-5.7161142494e-03
1.2894115924e-02
1.0914284936e-02
-1.6749109109e-02
-4.1200149035e-04
9.1426557022e-03
-2.2413849322e-02
6.5084922657e-03
-9.8523598797e-03
-4.4391653275e-03
8.2318648531e-03
-1.3222318293e-02
2.2153123747e-02
6.8436561145e-03
-7.2758277829e-04
-5.0174169582e-03
3.3585057607e-03
2.5967655616e-02
-4.1276986401e-03
-8.5391655398e-03
-1.1684991863e-02
1.6336869154e-02
1.4435998119e-03
1.4952068215e-02
-3.1117633363e-03
1.2360795640e-02
2.9145770337e-02
1.2482866532e-02
-4.1304470422e-03
1.2540979171e-02
1.2981367955e-03
7.9480049436e-04
-2.1894206995e-02
3.1351262280e-04
-2.7017590548e-02
2.6885679658e-02
3.1142100702e-02
-1.6759281916e-02
-8.5325492820e-03
2.9007388889e-02
1.3242689789e-02
6.0275460034e-03
-6.8927565441e-03
-1.5569367283e-03
-7.0043018449e-03
-1.5962939488e-02
1.2607949182e-03
7.0759360314e-03
3.0696042001e-03
7.5354720326e-03
-8.0402250087e-03
5.3379438244e-03
3.9265264056e-02
-7.4641370310e-03
-3.2536024726e-03
1.4927721301e-02
-6.7696122389e-03
-6.8463188062e-03
-1.5648528392e-03
-1.1160312972e-02
-9.0440536491e-03
2.7714565587e-02
3.1468446444e-02
3.1229900979e-03
-7.3711581426e-03
-6.0082714419e-03
2.0951450485e-03
2.5474409057e-02
-4.3219468800e-04
1.7989278008e-02
-9.5353884188e-03
-1.0484744878e-02
4.5881056758e-03
-1.2200888233e-02
-1.6687808763e-02
-7.7006223115e-03
3.0787851234e-03
-7.3208712930e-03
-4.4451130384e-03
-1.0599642164e-02
1.1974342965e-02
6.2036008850e-03
2.6459473090e-02
-4.6027690196e-03
-7.7285315334e-03
-1.3517326886e-02
-1.1073017484e-02
1.4455990852e-02
-8.6946199636e-03
3.5737197932e-03
-1.0978763086e-02
1.1575117139e-02
2.9677411419e-02
1.5861137723e-02
-1.0599477056e-02
-3.4646417181e-03
-6.7793680535e-03
1.8827593505e-03
-1.0335202280e-02
1.4471972727e-02
1.6349281333e-02
2.3492332951e-02
6.3091260296e-02
-1.9360689154e-03
6.6472335462e-03
-1.6235989473e-03
-2.0235600570e-02
-5.8742866794e-03
-1.5050330068e-02
4.7231822105e-02
-4.8305886825e-03
1.0853669934e-02
2.9485905726e-02
2.8179767966e-03
2.8005412401e-02
-5.6824933839e-03
-2.6128920009e-03
-3.2227484941e-03
-9.9635088878e-03
3.4107088294e-04
-1.1686544907e-03
-3.0524356118e-03
-1.4952726867e-02
-1.8477729687e-02
3.2460904991e-02
2.8113262396e-03
3.1975701772e-02
-3.5265876754e-03
-2.0657282495e-02
-5.9061648681e-03
-1.2136304888e-02
7.2137826693e-03
4.7689702872e-03
-8.8469085691e-03
-4.4562051029e-03
-1.7809063780e-02
-9.9805915727e-03
-1.0888478905e-02
-1.9527252216e-03
1.7637569315e-02
8.5704490104e-03
1.7075474867e-02
-9.2099498742e-04
1.3387934701e-02
-1.1739771106e-02
3.9232045621e-02
-1.2444703518e-02
-4.6443459741e-03
-1.0302959821e-02
-4.1851439626e-03
5.8003572974e-03
-1.5891949069e-02
2.8886351773e-02
7.9554992529e-03
1.5193356794e-02
-6.9124598696e-03
1.4043287773e-03
6.1402013946e-03
-1.0226377522e-03
-1.7869686868e-03
2.9126852769e-03
-8.1755498513e-03
-1.3812910340e-02
2.2134388011e-02
-2.3611756013e-02
-4.4315049768e-03
-4.4755907295e-04
3.4190256825e-02
2.2915723306e-02
1.6210899064e-02
-1.7904420730e-02
3.1699787985e-04
1.2197299253e-02
-2.0881734513e-02
-6.8175741460e-03
5.8053236588e-04
-1.9071165151e-02
1.4777124927e-02
-1.3190177342e-02
2.3034740666e-03
7.0255527076e-04
-7.2158857345e-03
-1.2362758559e-02
-9.6502477706e-03
-1.2774427435e-02
-1.0261619251e-02
7.7003013919e-03
1.2426245404e-02
-1.5037790526e-02
1.0861707008e-02
-1.5266791426e-03
4.7398704187e-03
-1.7975213632e-02
-1.5801058940e-03
2.3614915344e-02
9.8106807807e-03
1.1560578147e-03
-4.0898362236e-03
3.3021354099e-02
-1.5133112328e-02
2.6414692170e-03
1.1612248883e-03
-5.6042864656e-03
-1.5883433488e-02
-1.4964035550e-03
-1.0986261826e-02
3.2068122298e-03
1.6759233904e-03
-1.1604675620e-03
-1.1670952475e-03
1.1993549787e-02
1.9881014738e-02
-1.0488202605e-02
2.4077957458e-02
-3.8152060863e-04
-2.0231898803e-02
8.6774278859e-03
1.6104201277e-03
2.7838562341e-02
-2.9033723961e-03
-1.6879876125e-03
-1.0254735509e-02
-1.1040927490e-02
-1.4147687691e-02
1.8871034934e-02
2.9543285888e-02
1.1725080503e-02
-1.4024315141e-02
1.7817789943e-02
-6.6675977354e-03
-3.7928412327e-03
1.2333025393e-03
-1.3035867463e-02
-5.2642526774e-03
-1.2374608546e-02
2.3269078311e-02
-1.7905183915e-02
6.9520000208e-03
9.5830750696e-03
3.1840883579e-03
9.8501760570e-03
1.4363975119e-02
-1.5689787034e-03
-1.4780096851e-02
-1.2339447730e-02
1.3483020454e-02
-6.8299414214e-03
6.0159369118e-03
3.8166073781e-03
6.3226611517e-03
-1.2735716997e-02
9.8318009080e-03
-6.8130716107e-03
-1.8130903770e-02
5.8789112823e-03
-2.1541619858e-02
-8.6025717907e-03
1.2405953217e-02
-1.4812464877e-02
-6.2854649277e-03
3.1851249913e-03
4.5360732326e-03
-1.3715689727e-02
-7.3413897540e-03
1.2017680048e-02
2.5718517109e-03
-1.1197013206e-02
-2.2204847121e-02
-1.1097950870e-02
2.1790840871e-02
1.5249065078e-02
-1.3502919605e-02
4.6679381477e-03
-1.6658522582e-03
-2.4373331758e-02
-8.7227341828e-03
1.2629598510e-02
5.2866454055e-04
4.9485389821e-02
1.2808974505e-02
1.3519313892e-02
2.2210030724e-02
1.9043114090e-02
-8.3018381141e-03
-2.7142795072e-05
-1.7505043478e-02
1.7619559909e-02
6.3330162456e-02
-7.0076225816e-03
1.3984398120e-02
2.2943307066e-02
-7.2023857296e-03
-9.3526990364e-03
3.2535793821e-03
1.5300322647e-02
2.1611204635e-03
7.4791459756e-03
4.8467004438e-03
9.2313144818e-03
-6.1019670547e-03
-3.2132378804e-03
-1.5508786354e-02
4.8949198922e-03
3.2822063696e-02
-3.5029318114e-03
-2.7087077428e-03
-1.0108106725e-02
-1.3563479959e-02
1.0395088590e-03
1.7561747280e-02
-1.4758703329e-02
-1.4273351856e-03
1.0854270983e-02
-5.0764408877e-03
-1.6908919146e-02
3.5339816300e-04
9.1979746053e-03
-4.1131160843e-03
-1.3470953146e-04
-1.9259383595e-02
1.8471118506e-02
-9.8498883327e-03
7.3750238972e-03
-1.4682441785e-02
7.4957142298e-03
2.5331794551e-03
2.2641835493e-02
1.0894402738e-02
-6.9291223813e-03
6.4945049456e-03
2.1071035368e-02
1.1153323128e-02
-1.8281042988e-02
-8.8043249000e-03
-5.5068955587e-03
-4.6950437070e-03
4.1216883452e-03
-8.9181893048e-03
-9.9229466737e-03
1.3412986431e-02
-1.3850617588e-02
1.5469183308e-02
1.0357957212e-03
-1.3326629226e-03
1.3758366632e-02
1.0196096688e-02
2.8322701122e-02
-1.4670473876e-02
2.3359777948e-03
2.7335019767e-02
-2.1074547881e-02
1.2623346207e-02
-9.7290991981e-03
-9.7549810121e-03
-1.0523864046e-02
4.8682306483e-03
1.3155551015e-04
-6.6369838156e-03
2.9371738616e-02
1.1231971752e-02
-6.6410913070e-03
3.5877248177e-03
-3.4459550793e-03
-2.0092458780e-02
2.2809727820e-02
1.3003804214e-02
9.3926958531e-04
-6.1619275794e-03
7.1146042470e-03
-7.7762738836e-03
5.8710270593e-03
1.0208587029e-02
-6.1881734544e-03
-1.9824772808e-02
-1.2225407716e-02
8.9719185054e-03
-9.1156266610e-03
1.1871022460e-02
-1.1738767694e-02
-1.3661321023e-03
-2.1817738005e-03
-6.6565478103e-03
2.8929057743e-02
3.1291536776e-02
-9.6555458402e-03
2.9762953816e-03
-1.7099373934e-02
-5.7591731029e-03
1.4730601927e-03
-1.4251065438e-03
-1.0889282960e-02
-7.4011287955e-03
-5.8217690511e-03
-1.1109487668e-02
-1.9328232671e-02
-2.4982356317e-03
-1.4198115030e-02
-1.7778623092e-02
-3.0244015946e-03
2.4351557656e-02
-8.6511315113e-03
9.7850460213e-04
2.2579941488e-02
-1.4679572559e-03
-1.3593954993e-02
4.0744498346e-03
2.1578402923e-02
1.8027500962e-03
-1.2954220645e-02
-8.0802024794e-03
9.0945387437e-04
-1.9717741286e-02
1.6684692722e-02
6.4362695689e-03
1.6219160523e-02
1.6507908553e-02
-7.3093543770e-03
-2.0603710828e-02
-7.7159883631e-03
-4.1112247957e-03
7.4922130657e-03
-9.9311809434e-03
-9.0322044693e-03
4.5797421515e-03
-1.9207956742e-02
-8.8715023097e-03
-5.1680541134e-03
1.0625027221e-02
-6.7153830546e-03
-1.0053191988e-02
-1.8317249419e-02
9.5119796344e-04
-2.3241132499e-03
-1.4915785745e-02
-1.0161801976e-02
1.6361600802e-02
-1.0352125828e-02
-8.0709327298e-03
1.3238220939e-03
-4.2439860378e-03
-1.0970418650e-02
6.0289929821e-02
-4.7882425700e-03
1.7773310185e-02
8.2849274604e-03
1.5274293493e-02
2.8551265324e-03
3.2428752902e-03
-2.4413852764e-03
4.8540192513e-03
-1.6083196790e-02
1.5804412600e-02
2.0572148331e-02
-1.4951708539e-02
-7.2009795183e-03
-1.1499516642e-02
3.0402021383e-02
-4.1041810522e-03
1.7451556706e-02
2.9984767117e-02
5.8139284895e-04
-5.3208425950e-04
-1.0893480377e-02
-8.2172774605e-03
-1.6866147385e-03
-1.9766405805e-03
-8.2916161066e-03
-9.7560487496e-03
-5.9454007433e-03
-1.4808595067e-02
-1.1099827601e-02
-7.6493139958e-03
1.2169440544e-02
3.3262401953e-02
1.4617625735e-02
-5.9675962784e-03
4.1751396750e-02
4.9154037042e-03
-1.3528642864e-02
1.8132663830e-03
-2.3204224704e-02
1.3415743026e-02
2.6716627194e-02
1.1381438379e-03
-7.0725236756e-03
-2.3125985255e-02
-1.7792814756e-03
-1.2328615062e-03
4.7752096452e-03
8.6595103512e-03
1.0748018157e-03
-1.0943584498e-02
1.7445504325e-03
1.5267362811e-02
-2.8050549371e-03
6.8119015493e-03
1.5994358917e-03
-1.0720337925e-02
4.5088608119e-04
-1.1296613930e-02
8.7150783185e-03
1.6032019836e-02
6.4530749867e-03
2.2641892217e-02
-6.5409714069e-03
-1.2395715230e-02
-1.6514774787e-02
7.6613441643e-03
-1.0691142313e-02
-1.8831586265e-02
9.4046477315e-05
1.8577743699e-02
3.5689178709e-03
-1.0274556940e-02
-1.4110319888e-03
-1.3056929081e-02
-1.0323114800e-02
6.7056392934e-03
-1.4243960030e-02
5.3907093805e-03
-4.0378320135e-03
1.3993972231e-02
-5.9019511223e-03
3.4818346601e-02
3.4990874019e-03
1.3633596710e-03
1.6106084854e-02
-8.7853094433e-03
-5.9426540296e-03
-8.0883735490e-03
-1.1648691401e-02
-1.8068576971e-02
7.6960102364e-03
7.7547824764e-03
-8.6001286143e-03
1.3643242897e-02
-9.7433470774e-03
1.9164462336e-02
2.6740342519e-03
-2.6097784127e-03
2.6537650337e-02
1.3342390327e-02
2.6851049270e-02
7.3087992967e-03
-1.8664954225e-02
2.7537675154e-02
-2.0883851889e-03
1.0627692441e-02
-1.1593477517e-02
2.1278634833e-02
-2.7252034881e-02
8.2312466984e-04
3.0996435965e-02
-1.3122773212e-02
-9.4184638237e-05
-8.3740059291e-03
-1.3520164292e-02
-1.1777835905e-02
2.6571307155e-02
-4.7607048426e-03
-8.6970317465e-03
-1.1242432116e-02
-5.4478780436e-04
-8.0667213587e-05
-8.7930316653e-03
3.4702335636e-03
-2.1214053369e-02
-4.6876597930e-03
3.7765766925e-03
1.4295811845e-03
-1.3881188287e-02
-1.4001426106e-02
4.4647460702e-03
-1.8307284740e-02
-1.4798766810e-02
4.1350370777e-03
-7.9149607133e-03
-5.4277439258e-03
1.4818142093e-03
-4.1528017261e-03
6.0684653530e-03
3.7792813638e-02
1.4845125417e-02
-2.5393870782e-03
-3.4627880970e-03
-7.0449323368e-03
-1.4780559000e-02
-5.3904559018e-03
2.5372086611e-02
-1.3788531695e-02
-4.6226648631e-03
-1.7287862077e-02
2.8361376172e-03
-5.3672532407e-03
-7.5076035874e-03
1.9198945235e-02
3.4444158636e-02
-9.3604990206e-03
-1.4262044450e-02
1.5683096631e-02
-1.8889121294e-02
-1.4040326562e-02
-1.6211316032e-02
-1.2684376855e-02
4.9610969855e-03
-6.1450292172e-03
-8.1430162494e-03
4.6907726950e-02
5.4770954079e-03
-4.4889989270e-03
6.8707596815e-03
-1.9422242402e-02
-1.1929131340e-02
-4.4412188410e-04
-4.4711701606e-03
1.5318084050e-02
5.5065403448e-03
-1.2138028309e-02
1.9425521135e-02
-7.1616389548e-03
-4.9508729830e-03
6.3535259054e-03
-8.7314724581e-03
-1.1898910288e-03
1.3671067512e-02
-7.1030575770e-03
-2.5361207082e-03
7.5658740080e-03
-1.0098627067e-02
6.4423600558e-03
6.6360861850e-03
8.0023384501e-03
-5.5671812236e-04
-1.8768703910e-02
1.2809332751e-02
8.0168227261e-04
9.8058959771e-03
-6.6154502917e-03
-5.8404891648e-03
-2.7330181973e-03
-1.6792615809e-02
1.5228299719e-02
-1.6237087766e-03
1.1035783991e-03
3.3017371064e-02
1.6059694392e-02
3.0973228963e-03
7.7994436474e-03
-1.9325793801e-02
-1.7065988910e-02
-2.0909258566e-02
8.4707478233e-03
-4.8346124138e-03
1.0590985996e-02
-1.9911953367e-03
9.6113249639e-03
1.8204559131e-02
1.1590033839e-02
6.3907206436e-03
-7.2155790661e-03
1.9307551343e-03
-1.3293344154e-03
-1.4179068525e-02
7.2190347549e-04
1.2492271365e-02
-6.1964209487e-03
-1.1400551308e-02
1.2066287646e-02
-4.8177081510e-03
3.6783049584e-05
8.3886763004e-03
-6.3534284481e-03
-1.4303986496e-02
7.7968816664e-03
2.7904839846e-02
3.4418058086e-03
-1.5989343687e-02
-2.6991129152e-03
-1.6904371611e-02
7.1676280087e-03
-3.0876012168e-03
4.8541022586e-03
-1.3744264711e-02
1.4677638127e-02
1.4758032560e-02
-1.2960304778e-02
-4.2891368456e-03
3.6298146265e-03
2.2076338383e-02
3.7335825147e-03
-1.3082368178e-02
5.2847577854e-03
1.0830122490e-02
4.5187113879e-03
-1.2779714947e-03
1.6476004856e-02
1.0185264101e-02
4.1776712228e-03
-3.6480302162e-03
-8.6006044438e-03
6.6021158812e-03
-5.1605129310e-03
9.7592068292e-05
7.8541406677e-03
2.2300588424e-02
-1.2875869554e-02
1.2590148544e-02
7.6380872841e-03
-1.0003041138e-02
-1.3047600001e-02
-1.6155061083e-02
1.2183545824e-02
3.3681341878e-03
9.7448097818e-03
-6.1680294620e-03
-1.9135714562e-02
-2.9361825186e-03
2.8388067700e-02
1.0194145617e-02
6.8676958181e-03
-1.4704851396e-02
-7.7858726253e-03
5.8841623144e-03
-7.5234027101e-03
-6.1690036357e-03
9.6326944133e-03
-1.1796163450e-02
-7.4885222041e-03
-1.0800975753e-03
-9.4258361387e-03
2.0789992864e-02
1.7786743966e-03
1.3942162243e-02
-8.6448596632e-03
3.2093450112e-02
-1.1228138623e-02
-2.5872523415e-04
-5.3547043614e-03
-1.2376570859e-02
-7.3563958187e-03
1.3679185144e-03
7.0674046037e-04
-1.2997918250e-02
-5.3995288232e-03
-2.2305061858e-03
-9.6375628907e-03
1.9883057680e-02
-6.9745587651e-03
-1.5403119118e-02
3.7117264171e-03
-1.2424292457e-02
7.8317466362e-03
1.8916223704e-02
-8.8003606079e-04
4.0900100326e-02
1.0958647563e-02
1.0483661047e-02
-2.3225042800e-02
-1.1345886368e-02
1.7146963839e-02
-1.1214158032e-02
-1.3975229958e-02
1.2597706747e-02
4.2875934686e-02
1.6187473932e-02
-6.7717740757e-04
3.0842069636e-03
-1.8738916528e-03
3.5583727486e-03
1.1324433195e-02
1.6492367047e-03
-8.5668779033e-03
-5.9381453781e-03
2.0277176894e-02
-1.0886098452e-02
-2.0651971354e-02
1.8250714558e-02
-1.3081110727e-02
1.5744452422e-02
-5.6935142403e-04
-2.4146426818e-03
1.4814225226e-02
-4.7170392847e-04
-3.8055644895e-04
-8.5944837526e-03
-1.8040485316e-02
1.2042121498e-02
6.2593813255e-03
-1.1502125529e-02
-1.7756048158e-02
-3.4778255618e-03
1.9862748415e-04
-3.3640274990e-03
8.5256856017e-03
4.4007314261e-03
1.1879190293e-02
-2.8123347842e-03
-8.9400102216e-03
2.9244372220e-03
-1.1791092799e-02
-8.3942212881e-03
8.3958890881e-03
7.1535285251e-03
1.1073355333e-02
1.3017399214e-02
4.1969435220e-03
1.2016498289e-03
1.4537361343e-02
1.4228384757e-02
-9.8574844526e-03
3.2085932696e-02
6.8623304796e-03
-4.8800981179e-03
-1.7182564859e-02
-1.2047967605e-03
-1.1042464697e-02
1.0580787979e-02
-9.2332499184e-03
-1.3481313062e-02
-5.6112893719e-03
9.8178338892e-03
-1.2938010857e-02
-1.1682908599e-04
-4.1216345011e-03
-5.4755142048e-03
9.7960813408e-03
1.4918801390e-02
-5.5616745770e-04
-6.6372566577e-03
5.9376268814e-03
-1.7308985129e-02
-1.4684019027e-02
2.9040767955e-02
5.9837486774e-03
-7.1251784547e-03
-1.3808893935e-02
5.1908406906e-03
-6.8323771179e-04
1.1568348765e-02
-7.2104745587e-03
4.2142648438e-03
-4.5139732247e-03
2.3776551752e-02
-2.1960413590e-02
1.0081594052e-02
-1.0724267573e-02
3.6024156551e-03
-7.2162955453e-03
7.4272985060e-03
-5.1999881382e-03
-2.8629856315e-03
-8.7383137937e-03
-7.1636231219e-03
2.0963590967e-03
3.9374704547e-02
-7.8667705793e-03
1.1685899976e-02
1.5086186534e-03
4.8408526397e-03
-4.9182579300e-03
3.0964190311e-02
1.3293778056e-03
8.8809107375e-03
-6.4642503240e-03
-1.0901740669e-02
8.2459377463e-03
-9.3407191033e-03
-6.3234066707e-03
-1.2136768349e-02
1.8730235215e-02
-1.2298644209e-02
3.3441029442e-03
-8.6455667050e-03
2.1308180493e-02
-7.5416613459e-03
-1.3688935876e-02
1.5989802157e-02
-1.0638305368e-02
7.1602384596e-03
8.0544898278e-03
1.5185889394e-02
3.2138111301e-02
4.5766939403e-02
3.0804366801e-03
-1.4638106367e-02
6.5942834637e-03
-1.0416798810e-02
-9.5113198381e-03
6.9716119190e-03
-9.0705677195e-03
-1.0171247876e-02
-1.6495662111e-02
-3.2735776018e-03
-1.9502862370e-03
-1.2927313776e-02
2.0249616205e-02
-9.7300676532e-04
-1.4146487448e-02
2.0616435259e-03
3.4702661045e-03
2.3537968930e-02
2.4080693445e-03
-1.6776076483e-02
2.3315631602e-02
6.2767800146e-03
1.3520630405e-02
8.1842978545e-03
-1.3517843064e-02
4.7273462793e-03
-1.6426916089e-03
-8.5187769630e-03
3.6601917681e-03
-5.1733529160e-05
-1.1638359604e-02
5.6553661625e-03
-2.4977898033e-03
4.9662653347e-03
-6.0444963747e-03
-1.0425102513e-02
-8.9583302727e-03
-1.3868035471e-02
1.4661873168e-03
-9.3737108891e-03
-7.5760830970e-03
1.6568814176e-03
9.0390513244e-03
-8.7189209963e-03
-3.2439788415e-03
-2.1476863687e-04
-1.5639932065e-03
-1.3064798121e-02
3.2342638411e-03
8.6441415698e-03
-6.5618359042e-03
9.3395523761e-03
-1.5929332040e-02
-8.9568647340e-03
-4.3882555517e-03
4.2245310359e-03
3.3641087679e-02
-8.8244232657e-03
-7.3660195809e-03
-6.2312565249e-04
-1.5826609471e-02
9.8997218106e-03
9.4882997419e-03
-7.3230848732e-03
-6.6126223618e-03
-5.8177234391e-03
1.7835195714e-02
-7.8642926940e-03
1.7534613517e-02
-8.9656513265e-03
1.3717422622e-03
-2.9724916790e-03
4.1092017309e-03
-5.5001687233e-03
-1.2779965283e-02
-1.3854200082e-02
1.1774565578e-02
3.4079850961e-02
1.9840164640e-03
3.2290212612e-02
1.7241317855e-02
-5.0878492165e-03
1.1758768986e-02
1.0835311585e-02
-1.0069467525e-02
-1.9943511204e-02
-1.1293423861e-02
-7.1320074468e-03
-1.4055569403e-03
7.3065060686e-03
-3.2607948457e-03
-4.6783942225e-03
-1.0707404380e-02
1.6874089033e-03
-1.7147806590e-02
1.1023364696e-02
-7.4467950216e-03
8.9550237267e-03
-1.7892464497e-02
6.1753178432e-03
-9.7002295963e-03
7.3600332171e-03
4.7950864986e-03
-2.8791947881e-03
2.6309173636e-02
-1.2735154112e-02
1.9484317805e-03
8.9184954467e-03
1.1388904474e-02
1.8505405138e-03
-1.1617351353e-02
5.9536006219e-03
2.5769604719e-02
2.3697467918e-02
-2.1960396954e-02
1.4746910096e-02
-3.2265112194e-03
-1.8497206774e-02
3.3319292317e-02
6.3334628627e-03
2.3182176906e-02
-1.3527253389e-02
2.5002717915e-02
1.0189947894e-05
-6.2209042186e-03
-1.7164370160e-03
-1.4554947257e-02
6.1157972283e-03
2.4855388868e-02
-9.0522801345e-03
8.0824482898e-02
-1.5545542657e-02
1.9226898877e-03
-9.7460917184e-03
-3.4228510219e-03
-2.5323377240e-03
-2.5411317490e-03
2.0878644514e-02
-4.8531127750e-03
-8.1970047200e-03
8.8872298968e-03
-3.2537337443e-03
-2.8594104020e-03
1.2463733010e-02
1.5491838422e-03
5.4501182939e-03
1.0397090276e-02
-7.1727390109e-03
3.4586231689e-02
-4.3490432968e-04
1.0737100933e-02
-1.9905177519e-02
1.3932657922e-02
-5.4076946252e-05
-6.7317553363e-03
2.0805179425e-03
-7.7201375984e-03
-2.9536386243e-03
3.3473837462e-02
3.8919450844e-02
-1.9653429204e-02
-7.1488668414e-03
-1.3262656103e-02
2.4831550027e-04
3.1400882035e-03
-1.1309591847e-02
5.0473397909e-03
-1.4467864690e-02
-7.2416722630e-03
8.0847871992e-03
2.0998581897e-02
1.1818168072e-02
-7.2412470396e-03
-2.0947642813e-02
-4.5474620971e-03
3.1016594279e-02
1.5236601502e-02
2.0363980669e-02
1.2051754683e-02
-2.5156171689e-03
-1.8564995544e-02
-5.2358735955e-03
9.1475014385e-03
-9.5495896298e-03
2.6701196393e-03
-1.0757992261e-02
1.3784014284e-03
4.2985030893e-03
2.3168162503e-02
-1.3141921911e-02
-1.5616523214e-02
-1.1363436241e-02
-1.3854851231e-02
1.4930467451e-03
-7.8723539055e-03
-7.8532022512e-03
1.0495131359e-02
-1.8577493382e-02
6.0980045607e-03
4.3963024818e-03
-3.3368879963e-03
-4.8773266519e-05
-1.9287826276e-02
-1.3188637668e-02
-1.1590369673e-02
-1.8842101259e-02
1.8902557624e-02
8.0915934322e-03
-8.2089507437e-03
1.1352691275e-02
8.5582103151e-03
4.9263172524e-02
1.8658244625e-02
-3.2510959363e-03
-6.0422966528e-03
5.0851729549e-03
-1.3448588983e-02
-2.2026574260e-03
1.4781718830e-02
5.2940630812e-03
2.4140016074e-02
7.2929579252e-03
-1.5793322204e-02
5.6407063218e-03
-6.8721907208e-04
-1.8743366024e-02
1.8671245537e-02
-1.8004462456e-02
7.3913776583e-04
-4.9229393338e-03
2.5571388071e-03
6.4158911804e-03
-4.9836290678e-03
1.5305974156e-02
-1.6620113321e-03
5.0390538998e-03
-1.5634693949e-02
-1.1369508826e-02
1.4175265807e-02
-2.1662306047e-02
1.1428682555e-03
3.4193172597e-03
2.3621964287e-02
-9.0591086074e-03
9.9050988030e-03
1.9778277869e-02
4.9723409683e-04
1.7533083799e-03
6.1950813080e-03
-1.0943474578e-02
-1.1481159058e-02
1.8033750248e-03
7.0910156583e-03
-1.4215540890e-02
1.0506941433e-03
-5.0448072277e-03
1.6278972661e-02
-2.1151340934e-02
2.2460252577e-02
-9.6274922372e-03
-2.8486089979e-03
-1.1230595231e-02
-1.8732779371e-02
-1.2633489209e-02
-1.1805416921e-02
-6.4458953933e-03
1.3985786987e-02
6.1918811168e-03
7.1202597267e-03
4.1108648868e-03
-1.3187590172e-02
1.2872618872e-04
3.3460922475e-02
-3.6824386197e-03
-1.1944265478e-02
-6.4642187815e-03
-9.1076380517e-03
-1.6581981096e-02
-7.9656137163e-03
-1.6005315791e-02
-1.4442517155e-02
4.2394869926e-02
4.9246764843e-05
8.9331528260e-03
-3.1870821195e-03
-1.1842919997e-02
-5.3829739769e-04
-9.9091414399e-03
7.6963345949e-04
2.8099959465e-03
-5.1462510277e-03
8.4304536005e-03
-9.8357462977e-03
-2.1395791488e-02
1.3911431910e-02
1.5263482947e-02
1.7130669847e-03
-1.6741007560e-02
-1.7327952904e-02
-2.2271211780e-02
1.0423573381e-02
9.7817356963e-03
3.1275188263e-03
-1.0885450347e-02
-5.7847929587e-03
1.0727252892e-02
-3.5971823005e-03
1.4321631821e-03
-1.0097260784e-02
1.4095672455e-02
1.1015676265e-03
-9.1582290644e-03
-1.6497805218e-02
-3.6536065810e-03
-6.3024668821e-03
-1.1647625782e-02
3.8040410582e-04
1.6153094981e-02
4.0871386726e-02
-9.6189429998e-03
5.7282394425e-03
2.3555154544e-02
-6.2809366891e-03
-1.5243446326e-02
-1.7332139442e-02
1.2720868495e-02
1.5649964022e-02
-2.4734480609e-02
-1.3176682574e-02
-1.0408395178e-02
9.7023230178e-03
2.9369017726e-04
-6.8597893405e-03
-1.4868342348e-02
-1.9896753392e-02
2.6587488011e-04
-1.8326364865e-02
-9.0877495100e-05
5.5416441836e-03
-1.9974089076e-03
-3.7544391881e-03
9.6623776655e-03
-8.6551433840e-03
-2.0861394549e-03
1.3706169890e-02
8.2984924912e-03
-8.1115169711e-03
3.9191632862e-04
1.4972673619e-02
-9.1004095248e-03
-6.7173377930e-03
-2.5274340835e-03
2.7355936405e-03
-3.3526508660e-03
2.1325923788e-02
7.5972959245e-03
-2.4185814374e-02
-1.1967839506e-03
-1.4077520187e-02
-8.2588771049e-03
-1.2792671020e-02
1.2225765301e-02
-2.5546509378e-03
8.6785574027e-03
-1.8846567990e-03
4.9604636061e-03
-7.6611584374e-04
-1.3065270767e-04
-1.9481967899e-03
2.5624260795e-02
5.6794580147e-03
9.8288949127e-04
1.6611369771e-02
-1.2541335066e-03
-5.8653665613e-03
-6.8892200699e-03
4.6263436023e-03
-1.1871990701e-02
-1.6205984316e-02
3.4771793770e-03
1.8522892216e-03
-7.3485426006e-03
-1.0950810090e-02
-1.3157037171e-02
-7.0647899381e-03
2.1579497535e-02
-1.0550479306e-02
5.8903306822e-03
-2.2592348602e-02
4.3091210152e-04
-1.3323341424e-02
6.9944234093e-03
-1.2188362488e-02
-1.5412266139e-02
-7.8685019362e-03
-1.2757170232e-02
-8.8946681158e-03
-3.6991932683e-03
3.7077684444e-03
-1.2464753491e-02
2.4628177631e-03
1.6390633049e-02
-2.0395154185e-03
9.7808197806e-03
-6.6791489182e-03
-4.8102584051e-03
-1.1799568058e-02
2.7188529927e-02
5.8617087523e-03
-2.2640824023e-02
-9.8812022768e-03
3.1502729290e-02
-5.0457438360e-03
1.2440160227e-02
4.7759683269e-03
-1.5491394135e-02
9.9400312237e-03
1.0203274938e-02
4.7394204034e-05
-1.6945107250e-02
3.2395042333e-02
2.5943596316e-02
-1.2823873161e-02
-6.3734524545e-03
-1.8933151477e-02
-7.6260653907e-04
-1.8785776907e-02
6.7846202316e-03
4.1942694220e-03
3.9326435477e-03
1.9999058032e-02
-1.5680190004e-04
2.2892641396e-02
-9.1345350161e-04
5.6676938459e-03
1.9652586635e-02
-1.0896968130e-02
5.2620120532e-03
3.5119333167e-03
-7.2879298540e-03
-6.0114134598e-03
2.4863545156e-03
1.2540015132e-02
1.4526385478e-02
2.1461682333e-02
3.5109791214e-02
-1.4152470295e-02
8.2553970270e-03
-9.6784706154e-03
-1.7779410154e-02
2.0122935048e-02
8.1269844156e-03
4.2835285124e-03
-7.3529370008e-03
2.0104527925e-02
7.9338949334e-04
1.0574170018e-02
2.8686141495e-02
-2.3041261486e-02
2.1354410534e-02
-2.1640276174e-02
-4.2332047517e-04
1.6147589325e-03
-1.3459902443e-02
-1.1232909723e-02
1.4815180865e-02
2.9855928769e-02
1.1692229080e-03
-1.7086261044e-03
-8.0791053444e-03
-4.7130476760e-03
8.5030091971e-03
-7.1810120303e-03
1.3287947792e-02
5.0527903385e-03
2.5570144200e-03
4.4985665153e-03
-1.6086047065e-02
-1.4197702570e-02
3.9435359230e-02
-4.0462330733e-03
2.2219763669e-02
-1.8398176563e-02
3.7848381944e-04
1.4090166294e-03
8.7805771122e-04
1.8660125327e-02
-3.1181586902e-03
-6.8151288061e-03
-2.1919011164e-02
7.8342288577e-03
1.7483105212e-02
-9.6315112284e-04
-7.1581253361e-03
-1.0007286885e-02
5.5931553959e-04
4.8818890460e-03
6.5775351939e-03
1.9507656638e-03
-5.5754845890e-03
4.1104396169e-03
1.8238937583e-02
-1.1529757087e-02
1.0508722625e-02
-5.4480769001e-03
-6.0304363924e-03
2.4480197774e-02
1.8904293572e-02
-7.1854773797e-03
8.2496508581e-03
2.8662799876e-02
-1.0392108239e-02
-1.0116674896e-03
-1.1236726007e-02
-6.9316167029e-03
-1.3156846460e-03
-5.4887009895e-03
-4.5215453314e-03
1.2050566147e-02
1.4153635801e-02
-8.5040773577e-03
-6.0728037772e-03
-1.0864500982e-03
2.7142739854e-02
1.9994902437e-02
7.4439000409e-03
8.4898689566e-03
-1.0839391794e-02
7.6911317681e-03
2.3984592366e-02
-1.3200357413e-02
-1.2035230676e-02
-2.0114023619e-02
-1.7479239466e-02
5.8874220203e-03
6.8733684297e-03
2.4715017976e-02
1.1513248598e-02
7.5200736134e-04
7.2304853896e-03
1.0917276535e-02
-2.0439347509e-02
1.2136930274e-02
2.7098818730e-02
-9.5379650498e-03
-1.4998072983e-02
-5.6685898726e-03
2.1025870611e-02
-2.2088002283e-03
1.7652456316e-02
7.4344228856e-03
-7.1866377325e-03
2.2603335651e-02
5.2980267208e-03
-1.3153092604e-02
1.9141917657e-02
7.8364346296e-03
2.0624673817e-02
-1.5634550579e-02
-2.2223152936e-02
2.5381306096e-03
-1.5710711532e-02
1.5537510933e-02
3.9672115642e-03
-1.8475562670e-02
-2.8178846180e-03
-1.2267727990e-02
-2.0027580369e-02
-1.1413441726e-02
-7.2604392655e-03
-1.4560715797e-02
5.6810261097e-03
3.0460176009e-03
-5.6677529542e-03
-8.4040956085e-03
2.0377532859e-03
1.3948708754e-02
2.3758605369e-02
1.2142898482e-02
6.6116982444e-03
-1.2504979121e-03
-6.0163205251e-03
-6.7970364062e-03
6.1084382722e-03
-1.3971218356e-03
5.2802771919e-03
-1.0305602072e-03
-8.9362003467e-03
-9.8217977892e-03
-1.0692745835e-02
2.3472637139e-02
-8.2347632662e-04
-2.5146177061e-02
-5.3881204210e-03
1.4763982895e-02
5.7104815398e-03
3.3492725082e-03
-1.4963851030e-02
-2.1249455682e-03
-1.7880108977e-02
-9.4322142845e-04
1.7760986968e-02
-5.6837607754e-03
7.0974111105e-03
-7.7996281389e-03
-2.7380326986e-03
-4.5254417726e-03
8.1578909131e-03
4.8470694036e-03
-1.0400697988e-03
-1.2764544210e-03
-2.7472078405e-03
-1.4828727215e-02
1.8080289513e-02
3.1058132235e-03
8.4551375823e-03
4.8428602289e-02
-5.7477912957e-03
-1.0214392671e-02
2.6960022440e-02
2.6465465276e-02
-1.8433077116e-03
-5.0547911935e-03
3.7148184572e-02
-6.5140546696e-05
-1.4045982989e-02
-1.8946762976e-02
2.2892444470e-02
-9.2924614292e-03
1.1041337076e-02
4.2835842044e-03
-4.6752177911e-03
8.1779682029e-03
1.2550163175e-03
-4.4939658830e-03
-9.1529891237e-03
-6.1962418958e-03
4.0291732448e-03
4.2796371397e-03
-1.0030803868e-02
1.8164612002e-03
-1.0467028428e-02
-8.6664572045e-03
2.4034194077e-02
4.9570073805e-04
-6.7874238070e-03
2.0392184678e-02
2.1060377334e-02
-4.1298985486e-03
4.4681078876e-03
-3.5550998085e-03
9.6166711252e-04
1.0705225536e-02
-1.4494271948e-02
8.3209308533e-03
2.7134455570e-02
1.4845672634e-02
-1.1849615349e-02
-5.1819204149e-03
-4.8196517079e-03
2.1330934296e-04
-6.5909522839e-03
-2.9858830495e-03
2.3014283874e-02
1.6026209248e-02
2.2747009545e-03
-5.8356695917e-03
1.3450464094e-03
-4.0512144179e-03
-1.2447590560e-02
1.2213772920e-02
-1.1256539708e-02
-4.1836429672e-03
-2.9243610622e-04
-3.5028661986e-05
-1.0704441979e-02
-1.2161689693e-02
-4.5518904880e-03
2.6003878108e-02
8.5614092703e-03
2.0267046636e-02
-2.2021295762e-04
1.8447484806e-02
-1.5212446919e-02
4.6937406356e-04
4.3973637602e-03
-1.9916566297e-02
-1.0371536852e-02
-7.1760095073e-04
1.7293451942e-02
2.2563435486e-02
-3.0770800115e-03
2.8094603070e-02
-1.1338834050e-02
-1.3886845924e-05
2.7287966752e-02
1.5524379290e-02
2.3866025029e-03
-1.4980706136e-02
3.2533484868e-03
-5.5763549957e-03
1.5924007763e-03
1.1137096843e-03
-1.0463602445e-03
2.2542014176e-02
1.0975347646e-02
-6.0233115578e-03
-1.0959984481e-02
3.8274823828e-04
-1.0579158070e-02
-1.6803081649e-02
-1.6412155261e-04
-3.3169850751e-03
-1.9550381853e-03
2.7355977372e-03
-2.2983665725e-03
1.9722672005e-02
-1.1684526641e-02
-1.6004348704e-02
-1.2602033891e-03
-8.5257767704e-03
-1.1011904534e-02
-5.8159306814e-03
1.5641619886e-02
-7.9282829410e-03
-7.7021364378e-04
4.6593171291e-03
-9.5959502787e-03
-9.0406332053e-04
2.0505147667e-03
1.9263451557e-03
3.9537423023e-03
5.8892741167e-03
8.0409057380e-03
4.8955479092e-02
1.2753318715e-02
-1.5110338600e-02
-4.8907415728e-03
-1.3908720175e-02
-1.1302691515e-02
-6.1955257916e-03
-1.0683146257e-02
2.4817798743e-02
1.7334684995e-02
2.3161731155e-02
6.6201514886e-03
-1.1225091210e-02
1.2012272578e-02
-6.5337521078e-03
-1.5144714427e-02
2.6997732680e-02
-1.8241371707e-02
-9.7147475273e-03
1.0200877917e-02
1.4693773304e-02
8.8145126565e-03
-2.4018993020e-03
1.9445138595e-02
-1.1802699463e-03
1.5718650412e-04
-1.7536040985e-04
1.8918251975e-04
-2.0883573758e-02
4.7732287548e-03
5.1224250936e-03
-1.3417835821e-02
6.0474664230e-03
8.1504045687e-04
1.1408537257e-02
4.1008205886e-03
-1.7987529200e-02
-7.7809538992e-03
-7.8771801831e-03
8.9038820572e-03
4.9063549995e-03
-8.1774325155e-04
-9.9696515497e-03
-1.4636111758e-02
-9.3803343528e-03
1.9321388330e-02
6.3668194124e-03
1.3348035579e-02
-1.4440799484e-02
-2.0544547930e-03
-6.0567233140e-03
-4.4670728922e-03
-1.1214145940e-02
-8.0121421288e-03
-2.0284082662e-02
1.1178661087e-02
-5.8869495337e-03
9.1046750427e-03
1.5260786507e-02
-2.2826614427e-03
-3.1841162270e-03
-5.4196018943e-03
1.2379169335e-02
-1.1748369099e-02
-1.8688615979e-02
4.4883563797e-02
-2.7642995377e-03
-5.3951377746e-03
8.7615903900e-03
-8.2696823625e-03
-1.2495633922e-03
-1.8714084468e-02
-5.5548420013e-03
-7.3287186736e-03
-1.3242953027e-02
-1.2899151594e-02
1.8186294351e-02
-8.4348805305e-03
1.1094414873e-02
-4.3957779048e-03
-1.6111197604e-02
-3.1473534340e-04
2.9579127700e-02
4.1548430933e-03
-4.1727824118e-03
-1.6269340077e-02
-1.8588914341e-03
2.2059769294e-03
-1.6499447253e-02
-1.2716023554e-02
-7.3449753594e-03
9.0857048659e-03
4.7113300577e-04
1.7947053221e-03
6.3352001944e-03
-1.0701909767e-02
-7.9652573785e-03
-6.9916547929e-03
-1.3378454740e-02
-1.4567228552e-02
-1.5658538127e-02
3.7514466859e-04
-6.2793267393e-03
-1.2085254198e-02
1.8991934973e-02
-1.2522515495e-02
9.9749313841e-03
1.1581790321e-03
1.1185080860e-02
1.2137841478e-02
-1.1294301370e-02
-4.2357762215e-03
8.7927036572e-04
2.8719575993e-03
-1.9599722377e-02
-2.0416342621e-02
2.9212227888e-02
-1.0684997729e-02
-1.1968410896e-02
-5.3362837675e-03
-1.2180760590e-02
4.4943154723e-03
-1.9656558415e-02
-9.6157298752e-04
-9.2017586568e-03
-1.6515447324e-02
6.7824078905e-03
-3.7450980575e-03
-7.2987003771e-03
-6.5961454620e-03
1.5114784581e-02
-1.4930852271e-02
3.2666252775e-03
1.1724458479e-02
3.7000560216e-03
3.8689161763e-02
-4.9934453677e-03
2.2229303424e-03
1.2018023535e-03
1.5799820921e-02
1.3510454742e-02
7.3803017746e-03
-5.8280657369e-05
1.4533186536e-02
-1.4674907297e-02
-2.0988663084e-02
-1.7431360520e-02
2.1890220921e-02
1.7655671680e-02
-8.6485108907e-03
1.8831586915e-03
-1.3795623390e-02
-1.5469619279e-02
-8.7678816160e-03
-1.9941401443e-03
-8.8654777302e-03
-2.6788778047e-03
-1.0055200598e-02
2.4535649589e-03
-1.3378318809e-02
2.9188207172e-02
1.4359173437e-02
-1.3241897908e-02
1.5552900105e-02
5.7392641037e-03
4.7348382972e-03
2.0254889611e-02
-3.6733414135e-03
-4.5456455579e-03
-2.2745396008e-03
-4.6114320536e-03
7.9964450620e-03
-1.1640414447e-02
1.4479264098e-04
1.2205839250e-03
-7.8306147501e-03
1.4020398456e-02
-4.0897734935e-03
2.0015125923e-02
-1.6096127094e-02
8.3421447843e-03
8.8095655792e-03
2.6444818396e-03
-1.1079344506e-02
-1.2084420888e-02
1.3319242954e-02
-2.0522473350e-02
-1.6089099837e-02
3.9431046161e-03
7.2296518357e-03
-8.9001040887e-03
-2.6431756842e-03
-1.8683527779e-02
1.8723243423e-03
-1.2928406304e-02
-9.7557046390e-03
8.6070227427e-03
-1.1839414820e-02
-1.5585802214e-02
8.9530303375e-03
5.6569747658e-03
-2.5486953801e-03
3.9791888684e-04
-4.0301510671e-03
-5.4202057184e-03
5.1301102333e-03
1.2373498868e-02
-3.6368824935e-03
-2.6912765944e-03
3.9223482298e-02
-8.4456904366e-03
-2.4948160675e-02
8.3866703189e-03
1.2639350706e-02
-1.1480607062e-02
-2.2781902568e-03
2.6897154036e-02
2.8185092281e-03
1.5492207710e-03
-1.3434068306e-02
-1.3175310626e-02
7.9580984552e-04
-1.7199201365e-02
-1.0593744985e-02
-3.8269787924e-03
5.0938595859e-03
-1.8511331360e-02
2.1090425867e-02
-5.5413040974e-03
-6.8415709053e-03
9.6140404599e-03
-9.9185905435e-03
-5.6436381184e-03
1.1581501378e-02
1.9578838483e-02
-1.3819295421e-02
-1.7992636754e-02
-1.9359244858e-02
-5.0157863850e-04
1.2443090722e-02
-6.5721479041e-03
-2.0545059341e-02
9.7158417507e-03
4.4651983072e-02
2.3222211946e-02
-2.5258351783e-03
-1.9042862676e-02
4.0294053009e-03
-2.3576839572e-02
2.7891260352e-03
1.4521622463e-02
4.8987291148e-03
7.3967431624e-03
1.1869053620e-02
3.3986836304e-02
9.0069486087e-03
-2.0556204881e-02
8.9821046403e-03
-5.9538002960e-04
-6.8265397407e-03
-1.2476256469e-02
-3.9578218036e-03
1.0676166868e-04
-5.7052470345e-03
-7.8131366698e-03
7.1358008813e-04
9.6734529956e-03
5.7149619465e-03
-7.1943282967e-04
-4.6150559222e-03
1.0243497763e-02
-1.8273709517e-03
-3.9137482205e-03
-7.0819984869e-03
-1.2015197323e-02
2.9278591910e-03
-5.1979888815e-03
-7.1980546325e-03
-1.9677522465e-03
3.2813886500e-03
-8.4907226688e-03
1.2254797920e-02
4.1003784681e-02
3.0140056349e-03
-1.1506893840e-02
3.9425386302e-03
1.6503201810e-02
1.5547612956e-02
-1.5166696419e-02
6.2622912625e-03
-5.1387151606e-03
2.2521149312e-03
-9.5005334017e-03
-1.6018482031e-02
1.6932952635e-02
-5.6185523644e-03
-1.1785045176e-02
1.3082488596e-02
-5.7616419043e-03
2.9897056327e-02
6.7362874985e-06
-1.1980896162e-02
-3.8633070623e-03
-7.4729447262e-03
4.0118143922e-02
1.2392862665e-02
-7.1263135068e-03
1.4330118339e-02
4.3490893953e-03
1.6545486108e-02
-5.2351016911e-03
-4.0776777268e-04
-3.7583497925e-03
-1.0767036548e-02
1.0755654702e-02
2.7388174263e-03
-6.3001550463e-03
4.8339637400e-03
-1.3415936668e-02
-1.1194966411e-02
6.6261763324e-03
-2.2496479414e-02
-7.5312371624e-03
1.2828566604e-02
-4.4402308219e-03
7.0088840603e-03
1.7924132298e-04
-7.8426047166e-03
-3.3614003693e-03
2.3461143239e-03
-6.0995770498e-03
1.9496917133e-02
1.4737165885e-02
-1.3918202061e-02
-5.9681345604e-03
-5.8289864048e-03
5.7940389261e-03
-1.6713370106e-02
-9.1703326595e-03
-1.6268736740e-02
-1.1566444861e-02
1.6238546217e-02
4.5657163038e-03
6.3346851862e-03
-5.9639314186e-04
-1.2416310944e-02
1.3342086390e-02
3.1794660057e-02
7.8282018345e-04
-1.7800722186e-02
8.5680647526e-03
2.3302488653e-02
-1.1094193215e-03
-2.4299630743e-04
-2.5516196166e-03
3.4847444480e-03
-1.3074220964e-02
-1.3794256912e-03
-9.6145441802e-03
1.4446609537e-03
1.3121918761e-02
-4.7083683004e-03
5.5958595657e-03
-1.2691053006e-02
2.0592231286e-02
-4.1871007893e-03
1.4181649630e-02
-1.6007492555e-02
3.3388157929e-02
1.2841674005e-02
-5.7878143198e-03
9.4724336161e-03
-9.8185757786e-03
1.4181709874e-02
-1.9693306028e-02
3.4579473525e-02
4.3799765177e-03
-8.2088397624e-03
3.5208617163e-03
1.8266043913e-02
4.9973947501e-03
-1.5092007038e-02
2.8765033078e-03
3.4402405758e-02
-8.8597122574e-05
-8.7489920246e-03
-1.6169419122e-02
-1.1400994171e-03
-5.7523909521e-03
-1.2111394794e-02
-1.1285292564e-02
5.3370332254e-03
1.0921543649e-02
-5.2531731039e-03
-6.7352906452e-03
1.2771268050e-02
3.8791819782e-02
-1.4705325178e-02
-1.4332427168e-03
-2.0816523202e-02
2.4127954589e-02
-1.7085484914e-03
1.2323425594e-02
8.0512223425e-03
-1.4631980686e-03
8.7051889542e-03
-1.0517499751e-02
4.7433978054e-02
-2.1926408089e-02
1.3415224609e-02
2.3528426596e-02
-1.5055367094e-02
-7.9166961173e-03
-7.3402292439e-03
-3.6172004245e-03
8.8011764621e-03
8.2221766593e-04
4.5964349510e-04
-5.6781230317e-03
-1.2405607345e-02
-9.6050843652e-03
-1.1493636598e-02
2.5564759195e-02
-2.1139903735e-02
-1.1279888400e-02
-1.4282388833e-02
1.9462696392e-02
-1.4973900644e-02
1.0760139852e-02
1.9993580324e-02
-1.4780918034e-02
2.0453660777e-02
1.3486448584e-02
1.4831083829e-02
-6.5947219514e-03
9.2443511963e-03
-8.9794679627e-03
6.2540374018e-03
-8.7661174031e-03
-1.9022660538e-02
3.0858834314e-02
-7.8612957925e-04
2.5632249642e-02
3.5094984731e-02
-1.5676509029e-02
8.7835493417e-03
-4.0627616405e-04
4.7030364776e-04
-6.2032434716e-04
7.7244321763e-03
6.3512325802e-03
-1.0268503199e-03
2.8012242062e-02
6.3206438963e-04
-2.7505547462e-03
-2.2134446457e-03
3.2098902658e-02
1.6134962285e-02
5.1079543624e-03
-1.0137306779e-03
-8.4723599464e-03
2.9566772405e-02
6.8917591064e-04
1.3562179206e-02
-5.1029624085e-03
1.2222686047e-02
-8.9399218988e-03
1.7148425997e-02
2.2014079802e-03
-3.1068583379e-03
-1.3218830642e-03
1.2002741445e-02
-8.6971784752e-03
-1.7550231913e-02
9.6812870001e-03
-8.3543986027e-03
-4.2017704674e-03
-7.3513561449e-03
1.5239222632e-02
-1.0771527915e-02
-2.0631461692e-02
-5.7525790918e-03
1.0902635135e-02
2.2683175666e-02
-1.7784304483e-02
2.6236976669e-02
1.6843156683e-02
-1.5216382680e-02
2.6875481104e-03
-1.0744910570e-02
-1.1253854796e-02
-1.8104832022e-02
-1.3862913034e-02
9.9762114974e-03
1.5217690471e-02
2.2555958175e-03
-4.5132858617e-04
-5.4233102841e-03
9.3519668077e-03
1.9375733091e-03
1.4699886943e-03
5.5967113241e-03
1.0836857642e-02
7.6704323540e-03
1.4823591388e-02
-7.0826703242e-03
-1.3698369453e-02
-2.0408563828e-02
-1.4260467520e-03
-8.6027038860e-03
-7.3825191077e-03
3.3483774048e-03
-7.4701951313e-03
-4.4813183507e-03
-4.5885070070e-03
-8.2232411848e-03
3.1378616021e-03
1.1524158243e-03
2.5667204177e-02
1.3837049199e-02
1.4386445127e-02
-2.8564027570e-03
-3.9204029148e-03
1.6263604195e-02
1.1903753767e-02
-1.4093484844e-03
1.2292086303e-02
1.1559777749e-02
2.7233012869e-03
2.1475148687e-02
2.3706782237e-02
-1.3080963005e-02
3.1331743675e-02
1.4716068301e-02
-5.7800352636e-03
3.7638690483e-03
7.0223086197e-03
1.7290292062e-02
1.0837946954e-02
1.9822994402e-02
-7.2967176841e-03
-5.8755578729e-03
-1.9013351288e-02
3.1318824563e-02
2.1113609034e-02
-1.4942474376e-02
1.3886939023e-02
7.2831514193e-03
-1.7019253143e-03
-7.4033392464e-03
-4.6977949879e-03
9.0569697811e-03
1.5670255718e-02
2.3270585560e-02
2.3563386555e-02
-9.5833114583e-03
1.7425027371e-06
-3.0724066575e-03
5.1217115299e-03
5.0792161330e-03
-5.6934523878e-03
2.4617048601e-02
-1.7190667737e-02
-5.5498490960e-03
-9.0378605522e-03
-1.9040254994e-02
-1.7408397235e-02
-3.3605938568e-03
-3.3644077215e-03
-1.3824662491e-02
-7.2144625282e-03
-5.8812348094e-04
-1.4573992722e-02
-2.2883422098e-02
3.3447299413e-02
-5.7807774776e-03
-2.6322018922e-03
-5.2335286334e-03
1.0414947701e-02
8.0928600659e-03
2.0906265764e-02
-7.8257795001e-03
8.8866574683e-03
-1.8111643245e-02
2.1566226726e-02
-3.5521866637e-03
1.1718079811e-03
-1.2538604664e-02
-1.2574445960e-02
2.5019321945e-02
-5.0117955124e-03
-2.0640922039e-03
-7.4817595926e-03
5.5685868987e-03
2.2956114699e-02
1.5451256510e-03
1.2104965967e-02
2.0045025560e-03
-1.3677691192e-02
-1.0706158347e-02
8.2198539389e-03
1.7628171139e-02
1.6203215800e-02
-1.4936460839e-03
-1.1605456024e-03
-6.7088676455e-03
3.9912420599e-02
7.7318834835e-04
-5.4168971156e-03
2.2022217857e-03
-3.7651529031e-03
-2.1914054223e-03
1.4185228615e-02
2.6393570529e-03
1.2904119837e-02
3.5620098282e-03
1.6239199319e-02
-7.1717078494e-03
2.6378731417e-02
4.9420160349e-03
-1.2173340958e-02
-6.1757530119e-03
1.0782485974e-02
-1.0436705110e-02
6.8703007147e-03
-5.0639408327e-04
-1.1775235187e-02
-1.1831303160e-02
-7.9819938218e-03
6.0287528312e-03
-6.9599814928e-04
-5.5234606453e-03
-7.3611809906e-03
1.2971105468e-02
-2.9117098834e-03
-2.2976965153e-03
4.8692852684e-02
-8.1013258642e-03
1.1921285090e-02
4.3094551728e-02
-1.0533439679e-02
-1.4379567091e-02
7.4726492195e-03
3.9794252950e-02
-6.3998975267e-03
-2.8853775493e-03
-1.9072852363e-02
2.5724057669e-02
-1.6346032865e-02
3.8120873550e-02
2.8295652233e-03
1.6311294998e-02
-2.1857679834e-03
-1.1323407218e-02
2.9424163253e-03
-9.1042517079e-03
-3.4326230644e-03
1.7624138687e-02
-4.2875424710e-03
-7.9387355904e-03
5.5062725898e-03
9.5810917877e-03
-1.5765471986e-02
-3.0150438851e-03
-1.0739478104e-02
2.9965204610e-03
-6.6816607263e-04
-6.1854439648e-03
-7.0577792753e-03
-1.7009505801e-02
-2.0309083673e-02
-5.3692136644e-03
-8.1118589889e-03
-8.9874159091e-04
-7.3206053170e-03
-1.4859182868e-02
-7.7507077382e-03
1.8335034201e-02
1.5370626771e-02
-8.2104443617e-03
-2.3618900126e-05
-7.7749881519e-03
9.6396556165e-03
-3.1578095766e-03
2.0412720989e-02
1.3998527173e-02
1.5898521157e-02
-7.3624848802e-03
7.2212067695e-03
5.5839797721e-03
-7.8871092051e-03
5.3372175187e-03
-6.1193167150e-03
-3.2714770474e-03
-1.2037456453e-02
1.6858425962e-02
-1.4777832522e-02
-1.2771443223e-02
-9.4901541706e-05
-8.3406642968e-03
-5.9017968559e-03
8.7554981075e-04
-5.2485578849e-03
1.9017963292e-02
1.9018486948e-02
2.8568999102e-03
-1.1683544636e-02
2.0036997195e-03
9.3053950249e-03
-1.0992057520e-03
-2.1172708373e-03
-1.8798962500e-02
-1.2079315054e-02
-2.5750081468e-03
-1.3647764974e-03
1.3397672097e-02
-8.4979798720e-03
1.5122406264e-02
6.2260887773e-04
-1.2821027158e-02
-1.6801457017e-03
2.0832254792e-02
-8.4496865513e-03
-1.4281462585e-02
9.1960101414e-03
9.2620714690e-03
2.5704318825e-03
-5.5706219377e-03
2.9880602128e-02
5.5256632385e-03
2.9572559847e-05
6.1368651741e-03
1.2804345689e-02
1.8351087404e-02
2.7310592814e-03
-9.3831601890e-03
-1.1771299136e-02
-1.5204917270e-02
-8.4743435188e-03
3.0679985642e-02
-8.9163791522e-03
3.6024382696e-03
1.9440192233e-03
2.8062567854e-04
1.1792939563e-02
-1.3049370557e-02
9.7977967228e-03
-1.2110093561e-03
-1.6960999497e-02
-8.8561988674e-03
1.7417436610e-02
1.6733927951e-02
1.3827943764e-02
-1.2135745467e-02
5.5599275336e-02
-2.8886182122e-03
1.3866768782e-02
1.5712799942e-02
-4.3815497975e-03
4.6533575483e-03
3.0940314918e-02
7.8854394074e-03
-8.5011663684e-03
-1.3996527887e-02
-1.4696486924e-02
-1.4878851846e-02
-4.8756826466e-04
7.0489282250e-03
2.1974205579e-02
2.3282592005e-03
-2.0078394457e-03
-1.2645070083e-02
3.4390434095e-02
-1.3021211923e-02
-1.7684526824e-02
-1.2168923226e-02
3.7936056254e-03
4.6152998068e-03
1.9963895719e-02
4.0188719158e-03
-6.5151081636e-03
-6.5148853369e-03
-9.2329220059e-03
4.1660532735e-03
2.0517693215e-03
-9.2558856473e-03
-3.0476652441e-03
-1.9628737604e-02
-3.5397762207e-03
-1.1753844167e-02
1.1700789258e-02
-6.0018374940e-03
-9.2141619374e-03
3.3569774874e-02
2.3599536171e-03
-1.4696849777e-02
-9.2573100340e-03
1.0091196885e-02
8.5981833706e-03
-1.9321674441e-02
1.9962083978e-02
3.2149596552e-03
-1.1350070838e-03
3.7979048725e-03
-5.8514303999e-03
-7.3353972757e-03
1.2332616576e-03
4.7265975133e-02
-1.7033601785e-02
2.7199772236e-03
1.1280222737e-02
-1.3557706515e-02
-4.5569394721e-03
-9.1129639031e-03
-2.2339831573e-03
2.4839499425e-02
1.6746110250e-03
-9.7509576773e-03
1.4295917378e-02
2.0302281055e-03
1.1823112798e-02
-7.9858906216e-03
2.5654476038e-03
8.8939922100e-03
-1.0209199579e-03
2.8336529122e-02
-5.3820165048e-03
7.8541741458e-03
-1.6102876491e-02
8.6392701788e-03
2.5170560954e-03
-5.6784301530e-03
1.6000983278e-02
2.8474775595e-03
-7.3759087060e-03
-1.2837346717e-04
1.8462787288e-02
4.0059169411e-03
7.9114109316e-03
-1.5913801503e-03
-1.2016657667e-02
-4.0387077878e-03
-6.7343901659e-03
-2.5968613623e-03
-2.0642900606e-02
1.2477594629e-02
-2.4513624370e-03
5.8718112221e-03
-4.0523847114e-03
-1.0047684188e-02
-5.1228413193e-04
8.6669314859e-03
1.8284288732e-02
-8.3066094828e-03
-4.9649970562e-03
-1.1465982778e-02
1.4706447492e-02
-1.8439732332e-02
-6.4414892620e-04
-1.1299829177e-02
8.4094252630e-03
5.5987427091e-03
-1.5243651032e-03
6.6966087649e-03
6.7134454352e-03
2.1134051266e-03
-4.5046973977e-03
3.2401168801e-02
1.4986308804e-03
-1.6940282408e-03
-2.9205810020e-03
8.9108254290e-03
1.2770427585e-02
3.4389747238e-02
-6.9928797336e-04
8.5021131466e-05
-9.2877403180e-03
-2.1111394852e-02
-4.0055388278e-03
3.2252937673e-03
-7.8307821140e-03
-1.5593599487e-02
2.1703840031e-02
-2.6789946713e-03
-1.5361184790e-02
4.7198333045e-02
-1.0076643962e-03
-3.4837483047e-04
-1.5358293936e-02
1.4533424551e-02
-4.5529760522e-03
2.1508075198e-02
-8.3609467042e-03
1.4408446997e-03
2.2452238719e-03
-9.6049529749e-03
-2.2653573296e-02
7.2452613135e-03
-1.5990398772e-02
-1.4710363218e-02
-2.1464385020e-03
6.5732203687e-03
-1.3607468153e-02
2.0176914084e-03
-1.6529272678e-03
3.2189225702e-02
4.9885728191e-04
2.9877491855e-02
-1.4124484664e-03
1.6288676632e-02
-1.2514820430e-02
-1.5093711999e-02
1.4481462057e-03
2.4607479067e-02
-2.2426112216e-02
6.4019717918e-03
-1.2690898884e-02
-2.2364618780e-03
7.6936620570e-03
2.1004605896e-02
-2.3813044439e-02
1.0630406076e-02
1.5194486948e-02
-1.1082906337e-03
6.2311163393e-02
-9.2247815555e-03
3.2949615583e-02
-1.3481344949e-02
3.9034944156e-02
1.5479095163e-02
-1.9548930935e-02
-1.1451057381e-02
2.3436138787e-02
2.0116604513e-02
1.4877276872e-02
3.3662829688e-03
8.7569250548e-03
1.3402758530e-03
-1.9319316998e-02
-2.4057160403e-02
7.4101849398e-03
-2.6703732047e-03
-1.5396623553e-02
-1.0200629629e-02
4.5392954739e-02
-7.6618601911e-04
-1.6904873963e-02
-1.0015509270e-02
-1.0216738563e-02
2.3064254484e-02
-5.4036209500e-03
1.3529854462e-02
3.8371988312e-03
-1.5569905973e-02
2.4982424041e-02
-5.0390304865e-03
-9.5731389332e-03
-5.9076028748e-03
-4.3188659777e-03
-1.9376027641e-03
1.3461342562e-02
-1.0330204368e-02
-1.8627830197e-02
-9.2099854703e-03
-8.6925477409e-03
5.3187119118e-02
2.6746591560e-03
-1.5733912872e-03
-1.1538357848e-02
2.1062651971e-02
5.1660989257e-03
-8.0306336768e-03
-1.2928727846e-03
-3.1996391947e-04
7.8561523189e-04
-1.8046403805e-02
-6.0162870789e-03
4.4122449608e-02
2.0909876989e-03
-6.6560483877e-03
-1.2420295041e-02
-2.4830679159e-03
-1.3867808356e-02
-2.0278957543e-02
-2.1187178484e-02
-5.3990321692e-03
9.4382488053e-03
-5.6175323927e-03
-5.9737360975e-03
1.7852300659e-03
8.6861874510e-03
-2.3983887649e-03
5.6374380775e-03
-7.2335078326e-03
-2.0851659726e-03
-1.4758531581e-02
-1.2077571560e-02
3.9078484631e-03
3.4893587508e-03
-1.5138522738e-02
-5.2873193358e-03
-7.1375087534e-04
1.3706605625e-02
-1.4673001751e-03
-1.9502393306e-03
2.8208779722e-02
-1.8410773585e-02
2.4139035718e-03
-4.6540705420e-03
-6.1297008718e-03
2.8778370631e-02
-2.0535771942e-02
-1.2239930549e-02
-5.5867965418e-03
8.7796399905e-03
-4.3135089993e-03
-1.8189265418e-02
-9.7150499597e-03
6.4725225334e-03
-5.9257193233e-03
1.1443298697e-02
7.3229741866e-05
-2.9389467122e-03
6.1669756306e-03
2.1927442272e-02
-1.4298627252e-02
5.0429165596e-03
-6.6049022361e-03
-2.8805938599e-03
-2.0151539561e-02
-7.9871265174e-03
-7.2975145399e-04
1.0824422932e-03
1.9084345319e-02
3.5217226421e-02
7.1571921554e-03
-1.0532011386e-02
-1.9928775025e-02
-1.3651008999e-02
2.5459151381e-02
-6.6328517263e-03
4.8386021147e-03
9.2240950785e-03
-2.1229941169e-02
4.0409541376e-03
-4.7190593920e-03
3.2716319810e-02
1.8968501868e-02
-3.4766579896e-03
-3.9002578483e-03
-6.9277078335e-03
5.8449456410e-03
9.0616900972e-03
-1.7962629966e-03
-5.8686062276e-03
3.0184404804e-02
1.4839427151e-02
-1.1614464333e-02
-7.5232279506e-03
1.0873128993e-02
-7.7788745206e-03
-9.8059112203e-03
-3.9068290907e-03
1.1706735011e-02
-9.0492280036e-03
-4.3021304183e-03
4.4683624454e-03
-7.7836856640e-03
-6.6046670313e-03
1.6211178989e-02
5.8614668978e-03
1.0554962262e-02
2.6793975500e-03
-6.3550445204e-03
-2.1374436982e-02
-5.6870673358e-03
5.4939192865e-04
1.6812507571e-02
-1.6259042437e-02
2.6092536882e-02
-6.4090798272e-03
-1.5286309397e-02
1.2987512716e-02
1.9418918516e-02
3.0620486124e-03
2.9124096985e-03
-1.4390015750e-02
-1.5336787473e-02
-1.1682196399e-02
-1.5042119002e-02
-9.0840377665e-03
-7.8286174791e-03
1.3225755607e-02
5.6280624547e-03
-6.0286554399e-03
-1.2936005744e-02
-1.5300525106e-02
-8.1840671578e-03
-8.7404880447e-03
1.8521542834e-02
3.3354644918e-04
1.0125894497e-02
-1.6559215827e-02
1.0100536425e-02
2.0861294155e-02
-1.0821780876e-02
-1.0206519962e-03
-5.2583909970e-03
6.2327864511e-03
3.9386164448e-03
-1.2016828838e-02
4.4853979803e-03
-2.2893918523e-02
1.3314509598e-02
5.6157173886e-03
-1.4352713324e-02
7.9499351925e-03
-1.3021600614e-02
6.2516095067e-04
-1.0601720211e-02
-1.2334792760e-02
-1.6109165912e-03
1.4035897330e-03
-5.5223705004e-03
-8.0182094182e-03
5.5231919881e-03
1.6179368688e-02
1.0155062466e-03
-3.4071827901e-03
-1.1380820180e-02
-9.9703177681e-03
1.0182987129e-02
2.3477161365e-03
8.6338080692e-04
-1.0463106570e-02
-9.6238242107e-04
-1.4174736675e-02
-1.8318180938e-04
-3.5780430041e-03
-2.1731364470e-03
-1.3781161040e-02
-2.1015612734e-03
1.1801962883e-02
2.5669671816e-02
-5.1892079298e-03
2.5128160351e-03
-1.0761635997e-02
5.0875766708e-03
2.2904947061e-02
9.8454440036e-03
-2.3577096050e-02
1.1570815994e-02
-6.6325639122e-03
-1.0056093381e-02
1.7609776571e-03
-5.1831543062e-03
-3.1125018294e-03
-7.2225463631e-03
8.7648997492e-04
-5.3461142397e-04
-6.7044487631e-03
4.9019704330e-03
9.8545793557e-03
7.2009997995e-02
5.9216926242e-03
-1.7117084846e-02
-6.3467497152e-03
1.6601062306e-03
-1.6672318343e-02
-1.0615411178e-02
2.4314332564e-02
1.9768399745e-02
9.0848658908e-03
4.4468839326e-03
6.4183076574e-03
2.7116038004e-02
1.6566542349e-02
-6.3586397420e-03
-1.0681358181e-02
-2.5158709508e-02
-1.2260098770e-02
-9.1972742479e-03
1.9148400316e-02
1.0981795270e-02
4.6389003697e-03
2.1329398327e-02
1.2065281169e-02
1.7436311948e-02
5.7415869495e-04
-2.0057846163e-02
-1.0255998646e-02
-2.3847304009e-02
-1.4755268743e-02
-8.6210477451e-03
2.1088953711e-03
-8.2887052043e-03
-1.3802011310e-02
1.0044109128e-02
-7.1639873032e-03
1.2796595074e-02
1.6295681735e-02
1.8665677695e-02
-9.0550368319e-03
-3.8833033343e-03
-6.6309044718e-03
-1.4199601074e-02
8.8872817939e-03
1.8985820171e-02
-1.8596230158e-02
-1.4521221833e-02
6.3156830283e-04
-3.7681522147e-03
6.4093160489e-03
-1.3108808503e-02
5.0871029046e-03
-1.2098368566e-03
9.1227381409e-03
-1.6483624800e-03
-7.2757949405e-03
-1.1389378017e-02
-6.9577564125e-03
-1.1103172612e-02
2.6366230022e-04
-7.1455306527e-03
1.1761922334e-02
-1.2453793933e-02
2.7786903205e-03
3.2950660825e-04
-1.5056796137e-03
3.0580536763e-03
1.4066909326e-02
-1.8286277615e-02
-5.3478864243e-03
-8.1060639612e-03
2.1591874023e-02
6.3371909009e-03
1.0455030160e-02
-1.1815407425e-02
-1.0643187796e-02
-1.2550849950e-03
2.6490578259e-02
1.5956988015e-02
1.3311429961e-02
-1.1275761398e-02
1.7967460944e-02
4.0311816355e-03
6.9630992697e-03
6.2781856235e-02
5.9591132604e-05
-8.2749774271e-03
2.2390065084e-02
-1.9833215042e-02
9.3990297278e-03
1.1297654667e-02
2.1322047207e-04
1.1148372689e-02
-9.5560889010e-03
-1.1509734423e-02
7.8005023402e-04
1.5898348028e-02
-1.0714018649e-02
-1.1847717674e-02
-1.2043788892e-02
-1.1193431481e-02
-1.0270956999e-02
4.8799333735e-03
3.8814515658e-02
-1.1819492397e-02
-6.6865127659e-03
4.1703209605e-03
5.8479829867e-03
-1.7040849959e-02
-1.4199390091e-03
7.1704378702e-03
1.1407770570e-02
-1.1237134851e-02
-6.5371428344e-04
-2.1020157672e-02
-2.4868488010e-03
2.7578771465e-04
1.8059697334e-02
-9.3792320280e-03
7.2506247292e-03
8.6791751371e-03
7.1848543491e-03
2.0399146964e-03
6.4392546804e-03
-7.8214443108e-03
-1.8640360359e-03
8.3420895716e-03
-3.4911800791e-03
-1.1160593189e-02
-5.4551565987e-03
3.0320102003e-03
-1.5024433651e-02
-3.2831715717e-03
-1.8365944032e-02
3.3785039971e-02
1.9082345545e-02
-1.5777164930e-02
2.1011585893e-02
-1.1284261679e-02
-1.1481553243e-02
7.9536480961e-03
-4.6681213915e-03
-1.1307531808e-02
1.7617881138e-02
-1.8032613058e-03
4.1650685623e-02
1.3052675549e-02
-8.3187787603e-03
2.6612352436e-02
1.5424617857e-02
1.6118423210e-02
1.3420186418e-02
-1.6464467215e-02
1.5000124478e-04
-8.4947987226e-03
-2.0061723074e-02
1.0826464866e-02
7.0657253466e-03
-1.0062005616e-02
5.3684482414e-03
-9.7051500957e-03
-1.1125069192e-02
-9.0796981070e-03
-2.8298535078e-03
1.7033686918e-02
3.9740560797e-02
-6.4029505474e-03
9.9144518815e-04
1.6409918950e-03
-3.8808975142e-03
6.4670836330e-03
-1.8564634474e-02
6.0595583583e-03
7.0344779116e-03
9.1291636263e-03
-8.5750282267e-04
5.4335661439e-03
5.8781572952e-04
-9.7603608340e-03
1.8647180354e-02
-1.9780293012e-04
-2.1062582052e-02
2.6220215917e-02
4.6237332953e-03
3.6064867288e-02
-5.6440571979e-03
3.6501182206e-02
-1.1458417955e-02
-1.4864523167e-02
-1.2687126512e-02
2.1356052053e-03
-1.6463912428e-02
-1.2184704394e-02
-4.8402990818e-03
7.6052933472e-04
4.7193633061e-03
-1.2850991832e-02
-8.9672932322e-04
-1.2418270851e-02
-2.8340289725e-03
-3.1111977690e-03
5.3027404986e-04
2.0004448105e-02
3.1679211827e-03
1.6189498079e-02
1.6529742969e-02
1.9328483431e-02
3.7945216292e-03
-1.1169698600e-02
1.2474300279e-03
5.1002644791e-03
2.4691587506e-02
1.5711102418e-02
-7.6663817644e-03
-1.2820460691e-02
-6.7927593110e-03
-2.1554892240e-02
-1.0244205883e-02
1.6133995634e-02
-1.2626178592e-02
1.2566003199e-02
4.7535520538e-03
-1.4490942323e-02
-1.1391663474e-02
-1.1058909167e-02
-8.6148492409e-03
8.2520812577e-04
1.5610524275e-02
-3.9951020616e-03
8.1197078130e-03
7.5834860897e-03
6.8120756216e-03
-9.1171856223e-03
2.0853532841e-03
-3.3507299403e-04
2.0781250387e-02
-5.3798402598e-03
5.5347488917e-03
-1.6214789756e-02
-1.9872096166e-03
-1.1464771848e-02
3.1784706638e-03
-1.1306067733e-03
2.1386527772e-02
7.9815111189e-03
-1.4836479233e-02
-5.5986810962e-03
4.4490336610e-03
4.1389398040e-03
-1.1315926278e-02
2.7439716607e-03
-1.9868523154e-02
1.6734834753e-02
1.3897452898e-02
1.2496139792e-02
2.0737638847e-03
1.2982483204e-02
-5.8496285723e-03
-1.1471458659e-02
-6.8325112777e-03
1.0806560942e-04
-9.5753987468e-03
-1.1012859450e-02
2.2890439460e-02
-2.4364642227e-05
-1.1979440277e-02
4.5536603615e-03
-1.6657966145e-02
-1.2685411033e-02
-8.5611455403e-03
-9.6097376718e-03
3.8665815706e-02
-4.3277134836e-03
-1.2736132658e-03
1.0589717599e-02
2.4180183883e-02
5.3279088715e-03
-1.2414157306e-03
-5.1790668339e-03
-1.3847881533e-03
1.3813406035e-02
2.0777145647e-02
-3.5010877877e-04
1.4594994281e-02
-1.7647757223e-02
-4.8422569302e-03
5.8205964311e-04
1.1862854123e-03
3.1216480323e-03
-1.5171198015e-02
-9.0456882268e-03
-1.2960373751e-02
-1.6421891362e-02
1.1704181969e-02
4.5027115156e-02
2.1156044777e-02
1.3475689769e-02
1.5096952891e-02
1.9562396795e-02
-2.8937574741e-05
-2.0193237301e-04
2.4152789323e-02
-4.2835197707e-03
5.7839877208e-03
-3.5821193027e-03
6.4167848916e-03
-1.8170261212e-02
1.8827665246e-02
-1.5183136119e-02
4.5613536426e-03
-8.8268554707e-03
3.1211021380e-02
1.2426572834e-02
1.6867808418e-02
1.3727378039e-02
3.6004188944e-02
-3.9103464767e-03
2.0973366706e-02
-9.3321838439e-03
-1.6222738076e-03
1.3804604988e-02
7.8070116516e-04
-3.5466355844e-03
1.0943187026e-02
8.4801064971e-03
-5.0549817208e-03
-2.8845363534e-03
-2.4847071906e-02
1.5600807551e-02
-1.6853718501e-02
8.4259948293e-03
2.5988942541e-02
1.5842585416e-02
-2.1135672595e-03
-6.7941873290e-03
-5.4429405597e-03
-8.9229480517e-03
3.3627195537e-04
-3.8416005105e-03
-1.3624843937e-02
1.6720075733e-02
-9.4898850605e-03
-1.6045300579e-02
-2.5042429884e-02
1.5576688119e-02
-9.2866612289e-03
1.0451344703e-02
8.3568796486e-03
-1.3069542987e-02
-3.7857896078e-03
1.5142352044e-02
-2.8874422353e-03
2.4643360073e-02
1.0872519506e-02
2.1453544167e-02
-7.0888114641e-03
5.6008642133e-03
1.3591848294e-02
-9.8292966271e-03
1.9917501933e-03
-2.0827398459e-02
3.9471091663e-03
6.8064930136e-03
-4.1017434895e-03
2.6765568778e-03
1.0026906015e-02
4.6632027195e-02
2.1083339570e-03
-4.1004977568e-03
-8.5484335256e-03
2.9958241206e-02
2.5608942081e-02
-3.9614303212e-03
1.2920783198e-03
-7.9877770498e-03
-1.0786394580e-02
-1.0038247095e-02
2.0579251375e-02
-1.6899567155e-02
9.3895633492e-03
-2.1526900368e-03
1.1674661212e-02
1.8604017470e-02
1.7384002043e-02
-3.3777137168e-03
-5.5366991186e-03
-8.4893207351e-04
-2.7517257843e-03
-4.9787795706e-03
-3.1927183723e-03
7.3335201317e-03
3.7301384677e-02
3.5894617824e-02
2.7911648826e-02
3.5866348202e-02
-8.5731745937e-03
-1.0501325043e-02
6.6138354731e-03
1.8378118217e-02
3.1297246121e-03
-7.3804673188e-03
-1.2877354734e-02
-7.1662615875e-03
-9.4844075472e-03
-1.6914382840e-02
1.3935795734e-02
-2.7411349051e-03
-2.0894773967e-02
-1.6208207200e-03
3.1570771195e-03
-1.3482887330e-02
-1.4402828691e-04
9.2610707362e-03
-1.1127768076e-02
5.3328249917e-02
-1.1769074929e-02
-5.0802526920e-04
2.6680233962e-03
-5.8059335136e-03
1.3521596372e-02
-1.0015977005e-02
-1.1035474228e-02
7.7020633170e-03
1.2284803176e-02
-1.3926242354e-02
6.9227245269e-03
1.6994807234e-02
1.7553176581e-02
1.6734171418e-02
-4.8635931729e-03
-8.4299072341e-03
-5.6571854500e-03
-1.4412669560e-02
-7.0783379121e-04
1.9348606043e-02
-3.3168864538e-03
2.6462028609e-02
4.6623932698e-02
-3.0644795055e-03
-5.0227487818e-03
-4.8032651290e-03
-5.8141144983e-03
2.6107397186e-02
-8.0624377377e-03
3.8425013754e-03
-1.6825616454e-02
1.1588767508e-02
1.3063127067e-02
1.7876977780e-03
3.3571093048e-02
1.8428150690e-02
2.1632124371e-02
1.1091640180e-02
-2.1446828245e-03
2.6017851300e-03
-1.0122395438e-02
-1.4401494481e-02
1.6617546028e-02
2.7541005320e-03
-8.6495567429e-03
-1.8914105050e-02
8.2394877355e-03
5.1272253513e-02
5.9630104587e-03
-1.8279690942e-02
-7.1357537893e-03
-9.1111521146e-03
-1.5136354247e-02
-7.0096173280e-04
1.6224058725e-02
3.9304391730e-03
-5.9567689629e-04
4.1200559404e-03
1.9145411924e-02
8.1022616543e-03
2.5011352541e-03
-1.0882476502e-02
-1.3172049707e-02
1.6484070512e-02
-2.1478595322e-02
1.3852399828e-02
-9.0803257443e-03
1.5665000897e-02
7.5656450778e-03
-8.7094455193e-03
-5.7331557237e-03
1.2452012128e-02
-1.8330784225e-02
3.4819600156e-02
-7.7537054973e-04
-1.1071253198e-03
6.5862809663e-03
-2.4115055818e-03
4.5226608103e-03
4.2512485279e-03
-6.4486394568e-03
6.2123511177e-02
-1.3948192735e-02
-9.8178767841e-04
-2.6591528293e-03
1.3769882449e-03
1.7359715366e-02
3.7187471159e-03
5.6951384612e-03
-3.2674622639e-03
2.2297509564e-02
-6.0665831706e-03
-2.2421699952e-03
5.5491934819e-03
-1.9825753029e-02
-5.7376676294e-03
4.7255958231e-03
4.0353293299e-03
2.4185619642e-02
1.7687577071e-02
-1.5301419632e-03
1.2688409805e-02
-6.2864490220e-03
1.3161276902e-02
-3.4105326096e-03
-4.7362989452e-03
3.3747478832e-03
6.7796938957e-03
-2.1560134255e-02
-2.4076840927e-03
1.1027883928e-02
8.4414034893e-03
-1.9834273120e-02
3.7584025469e-02
-1.5857406249e-03
7.5134638725e-03
7.1864451342e-03
-7.7848266513e-03
-3.6713136841e-04
1.6967257098e-02
-1.4777308804e-02
9.6240933570e-04
1.2481111765e-02
-6.1712317637e-03
5.4141960774e-03
-4.7164908441e-03
3.1123005377e-03
-5.1799224199e-03
-1.3753495854e-03
-1.1739380185e-02
-6.5247793126e-03
-2.6848105282e-03
8.7683043030e-03
-5.1948059945e-03
-9.5477684100e-03
2.8123460900e-02
-7.2335094720e-03
-1.2470162658e-02
1.4540047176e-02
-7.7927758822e-03
-1.9241652709e-02
-4.6878133393e-03
-1.6643921801e-02
1.0837036293e-03
-3.2086590721e-03
-1.3675596461e-02
9.6272706981e-04
-9.5300354237e-03
8.4314854306e-03
1.8151337923e-02
-1.5616333321e-02
-4.5164111268e-03
9.1310042018e-03
-1.8639741287e-03
5.2475340133e-03
1.0482135662e-02
8.6085558369e-03
-1.2233723890e-02
-8.9469729594e-03
1.4326475191e-02
-1.0970124416e-02
-6.7846503343e-04
-4.2926317769e-03
2.8890385186e-02
-2.5089909325e-03
-1.2626295784e-02
-5.4721865526e-03
-8.7759313487e-03
8.6299285547e-03
-1.5963844224e-02
9.8113778742e-03
3.6655148828e-03
-1.2249429698e-02
-2.0142077435e-03
1.9772320206e-02
-8.5392421701e-03
3.9068171576e-03
-1.4626784694e-02
-4.3694379612e-03
5.8822421451e-03
3.1545315998e-03
-9.3722835203e-03
-8.7748609771e-03
-1.3696184919e-02
-7.0686845297e-03
-1.1102594891e-02
-2.0239986984e-02
-9.4035765432e-04
-1.8739302302e-02
-9.0890167082e-03
-1.0352065343e-02
-4.2829672040e-03
1.5326021715e-03
1.6033003752e-02
-8.6576568497e-03
3.3093983495e-03
-1.5037595865e-02
-3.9301016897e-03
-7.0044025992e-03
3.7028360062e-02
7.1074308005e-03
-4.4652919655e-03
-1.3034790859e-02
-1.0830102645e-02
-9.0746325127e-03
4.7984780569e-03
2.3754609830e-02
4.3126481624e-03
-1.3331796984e-02
-8.7774588999e-04
2.6595636386e-02
8.8544331737e-04
1.4509171072e-02
5.3518203966e-03
-2.2706398115e-03
-3.1964882428e-03
-7.7623166722e-04
-1.4795711287e-02
1.1931378480e-02
1.6409146270e-02
1.6876041821e-02
-5.0334826946e-03
6.3721237134e-03
3.3012774146e-02
3.8588858542e-02
2.2789609106e-02
2.0622838337e-02
9.5530761788e-03
1.3231184491e-02
4.9814744115e-03
-5.4474860706e-03
9.1782252221e-03
1.2348338460e-02
3.0479372927e-02
4.2521325662e-03
-3.1924451838e-03
-4.0227588927e-04
3.0794329703e-02
-4.0366158317e-03
-5.8961365440e-03
-1.0676083375e-02
3.1726113712e-02
-6.6326351962e-03
5.5884119002e-03
-2.9990248864e-04
-2.1886118367e-02
-1.2115750884e-02
-8.4807671242e-03
-1.0513559398e-02
6.1504883506e-03
-1.1462957577e-02
2.0112687861e-02
-1.9922045496e-02
-6.7718585796e-04
-1.4378762155e-02
-6.8296974890e-03
-1.6036763069e-02
2.0792088875e-03
1.4564733571e-02
-7.1793769197e-03
-5.1790022835e-03
4.3597021703e-03
2.3881200794e-02
-5.5040712546e-03
1.4529451315e-03
-1.3460655532e-02
-4.2893629245e-03
-6.4554860331e-03
-8.0276565704e-03
1.8529937487e-03
-1.8759505889e-02
-1.1051954525e-02
-2.0070926019e-02
-7.0623748256e-03
-9.2628655653e-03
-8.8680315423e-03
2.0350391873e-02
-5.0045478992e-03
2.6647100757e-02
-5.2322041715e-03
8.7768059950e-03
-6.8655779291e-03
3.7951660036e-02
1.1644529457e-03
8.9787309142e-03
1.1223278822e-03
1.8395464863e-02
-3.2513842207e-03
3.4422561291e-03
1.3676348871e-02
2.2863809426e-02
-1.9306608219e-03
-7.1807952622e-03
1.4230394490e-02
-4.8499866389e-03
3.1251542942e-03
-1.3468298578e-02
-7.6099317724e-03
-9.8762296788e-03
1.9245974896e-02
-7.7617137915e-03
-1.3516962743e-03
7.7325394422e-03
6.4358304348e-03
-1.6720336673e-02
9.7197224147e-03
3.5258002257e-03
9.6948656407e-03
-7.3633508603e-03
-1.4318264582e-02
-7.5520587966e-03
-1.1717363608e-03
-1.6167786569e-02
-5.5202857471e-03
1.4229531191e-02
1.4207481735e-02
-6.6756217139e-03
9.1521756191e-03
-1.9014205686e-03
-4.8325992021e-03
-1.2537138170e-03
1.2374017049e-02
-1.8429895610e-02
2.3449883732e-02
-2.9569738322e-03
-6.3594102251e-04
-4.4800246185e-03
1.2110669316e-02
9.5929619558e-03
-1.1247188975e-02
-1.1877424522e-02
3.8770532297e-02
-5.1309505500e-03
1.5669730593e-03
-1.5777631726e-02
1.4811176965e-02
-9.6183125914e-03
-9.0489477866e-03
-7.0145800799e-04
-1.8975041252e-03
-1.7423191364e-02
-1.3421984105e-02
3.3741222841e-05
-2.3893233616e-03
-3.0617914983e-03
3.2709330130e-03
-1.1493402868e-02
1.1960746453e-02
-1.2129224064e-02
3.1747843455e-02
1.0370036624e-02
1.4064164037e-02
-4.9129501703e-03
-8.8526794820e-04
-1.2627707931e-02
2.4284516728e-03
3.0000016576e-02
-1.3965862999e-02
3.6264130012e-03
2.4253135139e-02
1.8105098484e-02
-1.5617115644e-02
1.4422133837e-03
-4.9226753194e-03
-2.7041718511e-03
-6.2607550885e-03
-7.1046108534e-03
-1.2305141003e-02
-5.6236065164e-03
-2.0242183482e-03
-9.0408051396e-03
-2.7638518431e-03
-1.1679726827e-02
-1.8433982577e-02
6.7951364774e-03
1.7264835822e-04
3.8628432793e-04
-1.2964921458e-02
-8.1715327495e-03
-3.4043245421e-03
-1.2795858671e-03
2.4062302606e-03
2.5487390890e-03
9.8440740912e-03
-1.0481005458e-02
-2.3274772613e-02
5.8910986777e-06
-8.2375250005e-03
6.2090537933e-03
2.6617077630e-02
1.3889875271e-02
1.1487391167e-02
-2.9452898953e-03
-1.2724307236e-02
1.8366196277e-02
5.3068878475e-03
-3.7899624390e-03
-1.6574515488e-02
1.6247124016e-02
6.7921140295e-03
-5.9501501985e-03
1.2694537186e-03
-7.8479461519e-03
1.6452186649e-02
-2.5990415887e-03
-1.2889463770e-02
2.7965636396e-03
-3.8106106092e-03
9.8419965756e-03
6.3354261264e-04
8.1949498394e-06
-4.5860858703e-03
2.0456604062e-03
-1.2417448570e-02
-4.5140770941e-03
2.2391100767e-02
-1.5927045977e-02
-2.1269903689e-02
-2.0279889277e-03
9.5199362049e-03
3.8055099051e-03
-7.3385764583e-03
1.2378747036e-02
2.6785351819e-02
-5.8777813314e-03
-2.4665417107e-03
-4.8980719925e-04
-6.6174495241e-03
-9.5974155755e-03
-1.1603901091e-02
-6.0875375336e-03
-1.3524760651e-02
3.5614584523e-03
-1.5958695590e-03
2.9040486441e-02
1.1551944418e-03
1.1185358258e-02
-4.6683579809e-03
1.3491871657e-02
-1.2768474407e-02
1.8252201029e-02
-7.4102387757e-03
6.2530000893e-03
1.0376160552e-02
-1.6659340415e-02
-7.0356282592e-03
6.6849968391e-03
-7.4879159428e-03
-1.1684115820e-02
-1.2702003072e-02
2.1542531576e-02
-1.7460356300e-02
1.2822491653e-02
-2.7851764388e-03
-4.4131759974e-03
1.5920315389e-02
2.7255272154e-02
8.6564981280e-03
2.1496916819e-02
-1.0977831287e-02
-5.1006538474e-03
-7.5045500042e-03
-9.3086927182e-03
-3.6669599111e-03
-2.3079712543e-03
-1.2447659884e-03
1.1916467968e-02
4.1138294178e-04
-1.0319610842e-02
4.0217850904e-03
-1.4053305211e-02
-6.5460391537e-03
-1.0712246930e-02
3.0092754059e-03
-6.5731162390e-03
1.8769713043e-02
4.0380199441e-03
-1.4453467848e-02
6.9972058551e-03
4.0418366597e-03
3.6610068867e-03
-2.6318336512e-03
9.6436675547e-03
-3.8057329704e-03
-2.8141701370e-03
-2.6409525160e-03
-1.5915908078e-02
5.1456138705e-03
1.7587140825e-03
-1.5910373402e-02
-7.7245164584e-03
-9.3780123296e-03
-6.8554611621e-03
-1.3866762915e-02
-1.0133856038e-02
-2.1287980206e-03
9.8109802737e-03
8.3805405185e-03
-1.5822710196e-03
1.9575554226e-02
-3.9956363409e-03
1.5059357261e-03
3.3417838088e-03
-5.6876933468e-03
8.4367374580e-03
-1.2295011573e-02
2.3152050188e-02
-8.8668352907e-04
6.5302062196e-03
9.0815985498e-03
2.9595505357e-02
-6.8109633735e-03
6.0486394296e-03
6.4032455032e-03
8.9567330398e-04
-1.0180809932e-02
-1.2696115823e-02
2.2441029119e-03
1.3812392336e-03
-9.5248579876e-03
2.2007216236e-02
1.9354247393e-03
1.9700033164e-05
-9.5790200784e-03
9.8196713419e-03
2.2598737509e-02
2.1666298908e-02
2.0843102233e-03
7.5779821675e-03
2.0070729618e-02
1.4646287329e-02
-5.0823209677e-03
1.7594225256e-03
4.3952799188e-03
-1.1980006951e-02
-5.0676879331e-03
-1.1261219233e-02
-2.8243629278e-03
3.9661664581e-03
-1.7461320856e-02
8.0172873828e-03
-7.6247729223e-04
-4.2244175765e-03
-1.0040002420e-02
7.8272760033e-03
4.3187144116e-03
-2.1095127136e-02
5.7845229008e-03
3.7210866806e-03
-6.4731318184e-03
1.8043504450e-03
7.4830374647e-04
-8.0301991377e-03
-3.5339521858e-03
-1.5285192524e-02
-7.9107582016e-03
1.2242516503e-02
2.2183554032e-02
2.7713874549e-02
-1.3483041543e-02
-1.1189571613e-02
3.5323749200e-02
2.0781935919e-02
-4.3547680029e-03
1.7198260280e-03
-4.6146768809e-03
-1.5503758402e-02
1.1368305279e-02
-5.3457255433e-03
-1.7181944775e-02
-6.5685365473e-03
-2.1270413033e-02
-1.0461246999e-02
-2.9439899324e-03
-1.4427802448e-03
-6.0187849542e-03
5.3156263640e-03
-4.4892888578e-03
-1.0285718824e-03
2.8458882571e-02
1.3738103746e-02
-1.3241326047e-02
-1.4565413117e-03
3.8232658797e-02
6.9490687108e-03
2.7471981776e-02
-6.4883265329e-03
1.2822043707e-03
-4.7329350536e-03
1.4755844869e-02
-8.8062155004e-03
-1.4582751083e-02
-1.3099120468e-02
-1.7554823405e-02
6.0851284995e-03
6.0782739013e-03
-1.2631742921e-02
1.1353651981e-02
-1.8487721181e-02
-1.4772635137e-03
-1.0766829104e-02
-1.6061808312e-02
4.8784115692e-03
4.2275411479e-02
-1.8376704898e-02
2.9115355965e-03
-8.7666350597e-03
1.6210316387e-02
1.5012887258e-03
-5.0372876543e-03
-1.4999032620e-04
1.2564516206e-02
1.0766810157e-02
3.4567170766e-02
2.1073110562e-03
-2.5449889999e-03
-1.1173831303e-02
6.9789596699e-03
4.0633559597e-03
3.6021222742e-03
3.5414601206e-03
-1.1047669546e-02
4.2401256904e-03
-1.6958056273e-03
-1.8046352415e-03
-3.2830587582e-03
1.6863927379e-03
1.0134209465e-02
-1.8976001668e-02
-1.0902958603e-02
-1.8208573024e-03
5.9525629346e-03
3.8904242141e-03
-8.3260714447e-03
1.2521121995e-02
-8.1160696652e-03
-1.5037007713e-02
1.0660214297e-02
1.1536530064e-03
-1.2157091619e-02
1.5342077829e-04
-4.6390920804e-04
-5.3486759393e-03
2.5123656313e-02
3.5903883790e-03
9.7644227438e-03
5.9298046216e-03
1.6868738511e-02
5.5851912313e-03
4.4920751127e-03
-4.6215376146e-03
8.3045182533e-03
-2.5247951745e-03
-3.2171441924e-03
-9.9092417696e-03
5.7191910504e-03
-6.9027877381e-03
-5.2149659657e-03
1.1806755541e-02
-1.0932948345e-02
-1.2110710213e-02
1.7894472019e-02
-1.1402715713e-02
-7.6482166186e-03
2.0487374002e-02
-1.3248962216e-03
3.5337944318e-02
6.5783617250e-05
1.9669323333e-02
-3.2431684738e-03
-1.5259253237e-02
1.1375785234e-02
4.4848220379e-03
1.7159916185e-03
4.4583549158e-03
-6.5849939300e-03
-1.8102856851e-03
-1.2649311144e-02
1.3989119609e-02
-5.2911894102e-03
-6.9932654970e-03
2.3436104960e-02
-1.1483946703e-02
-9.8213037508e-03
-2.4952829053e-02
2.5481725481e-02
-1.7786072068e-03
1.1454359211e-02
3.8887795545e-02
1.6893465194e-02
6.1714371526e-03
4.5019832185e-03
-1.5507279216e-02
3.9952548196e-02
-1.4239496512e-02
3.4879477215e-03
-1.0865736143e-02
-1.5295088005e-02
1.0763760601e-02
2.5379193075e-02
-1.2794817939e-02
9.9035939645e-03
1.7813359471e-03
-1.5537580808e-02
1.0363120298e-02
-9.6926776901e-04
-6.7265065017e-03
1.2727265798e-02
1.0268000048e-02
3.0045123075e-03
8.1843132771e-03
1.3196152568e-02
-4.4657674994e-03
-1.7944263612e-02
-1.5667283119e-02
1.3214876503e-02
-1.5868164492e-02
2.9044587825e-03
-1.1812849831e-02
6.9809186565e-03
-8.0954461126e-03
6.3657482174e-03
-2.7046744934e-04
-2.2782376670e-03
-7.6312630752e-03
-7.5317872592e-03
-1.6931065351e-02
-3.1953719577e-04
-2.7912399299e-03
-4.4755002623e-03
-1.0984823040e-02
8.0135823916e-03
1.8769367598e-02
1.4611540599e-03
1.3890486068e-03
-1.9896266357e-03
5.6350068069e-04
2.4763625883e-03
2.5584584922e-02
3.5694876360e-02
-2.0025009124e-02
-1.5815876597e-02
1.2076359812e-02
6.0434035438e-03
1.0755299635e-02
-2.7706226576e-03
8.0852745502e-03
-1.4095049712e-02
-1.0980826174e-03
-9.9782654413e-03
1.0023231056e-02
-1.3773080110e-02
-1.5148428151e-02
-7.9284008079e-03
-1.5498559387e-02
1.0999095072e-03
-1.4588678691e-02
-1.5884401673e-02
-1.9299088333e-03
1.4501816086e-03
5.6917533535e-03
-1.2813107969e-02
-1.1650211795e-02
-2.0672437860e-03
-3.5633886935e-03
-5.4761760670e-03
3.4503482494e-02
-1.3403349930e-02
1.0949451454e-03
2.0300674261e-03
3.6770776478e-03
1.4438931970e-03
3.1226555870e-03
1.2454394938e-02
3.0398071791e-03
-1.8351515320e-02
-3.3336596902e-03
-1.1668385845e-02
2.2600919084e-02
-8.4665823382e-03
1.4226534106e-02
1.9149282361e-03
9.7865255792e-03
6.3130058128e-03
-2.2190880134e-02
1.2502923053e-02
-1.5893594295e-02
-1.0519750753e-02
7.3724932496e-03
2.9522664149e-04
2.7753643821e-02
2.4831278764e-03
-8.8105692863e-03
1.3855720969e-02
-1.0947365456e-02
-6.8594912741e-03
-8.9962386525e-03
2.4293600046e-02
3.0588193759e-03
6.6262428978e-02
2.4602610654e-02
-6.2621387353e-03
-3.1014172152e-03
-5.9413025480e-03
2.4126878543e-02
-1.5589649332e-02
-1.6027670835e-02
-8.5890902608e-03
2.5014192701e-02
-1.2917962365e-02
-4.4788513608e-03
3.1155857982e-03
-8.8922652725e-03
1.3175136052e-02
-5.5610312379e-03
-1.1103471411e-02
2.6588284912e-02
3.2299629168e-04
3.8389113676e-02
-1.1115230239e-02
6.1828484292e-03
4.3170700123e-03
-6.8974657080e-03
-3.3748668815e-03
-1.1516511119e-02
-1.1105885165e-02
-9.6717900086e-03
-7.8924054527e-03
1.7683433174e-02
-9.7593009592e-03
-1.4065768677e-02
-1.2440343788e-02
1.9493385617e-02
1.6913576114e-02
-9.6878149264e-03
-5.0108827366e-03
3.7132289697e-03
3.5698545183e-02
-2.4393152757e-03
8.0156549045e-03
2.5315451569e-03
1.5125345409e-02
-1.6936669699e-03
-6.8025735709e-03
-9.4746079521e-03
1.7129516093e-02
-9.3814808392e-03
-1.2292965003e-02
-5.9555941352e-03
7.3057806532e-03
-1.4368118147e-03
1.1934999210e-02
1.0424599785e-02
-4.7739699366e-03
-1.8026484604e-02
1.3210191086e-02
-3.5671882882e-03
3.6248684749e-02
-1.0959122991e-02
3.9299229910e-03
5.6535653834e-03
-6.4846440975e-03
-6.6886704747e-03
-1.2595718609e-02
4.6884326751e-03
-1.1189173693e-02
-1.2946324166e-02
-9.7689693056e-03
-1.5424887251e-03
7.5322066104e-03
-1.8728319381e-02
2.1364081555e-02
1.8351066674e-02
4.8521467610e-03
1.5433408344e-02
-1.1445794730e-03
-1.5839947340e-02
-1.3222419133e-02
-4.5289578721e-03
-1.2200655661e-02
-1.3008399302e-02
-6.0858347556e-03
-6.6955567552e-03
-1.0107886163e-02
1.4429703366e-02
2.0708220289e-02
-5.3175319939e-03
-1.0601106067e-02
-1.9307619581e-02
3.0157756897e-03
-1.6862830229e-03
-4.5802120041e-04
1.3268458252e-04
1.7673463908e-02
-1.8597867620e-02
-1.9304570511e-03
2.1780149813e-02
-1.0846068545e-02
1.3831000317e-03
3.3106481566e-02
7.2177764152e-03
1.0490976932e-02
-3.9894698852e-03
-2.1983926626e-03
-4.7982285234e-03
1.0562706662e-02
-3.7073980416e-03
9.6152819463e-03
3.0548845077e-03
-1.5422099729e-02
8.2460156356e-03
5.4623459551e-03
