-1.0080460875e-02
-6.8032764736e-03
-7.2890399681e-03
-7.8557876949e-03
1.3977479683e-03
-5.5674783728e-03
-7.6248802041e-03
-4.4798456465e-03
7.7475706230e-03
-2.3887617069e-03
9.9668152143e-03
-9.1628011088e-03
-8.3193302641e-03
-1.3430048559e-02
2.0997319657e-02
-6.4236874316e-03
-4.3500054293e-03
-3.5810352454e-03
-6.2496867918e-03
-1.3833629129e-04
1.9676047663e-02
-8.0988240055e-03
-7.9382923744e-03
-2.4712895773e-03
2.0035846347e-02
1.3425377303e-02
-5.4270907151e-03
5.3168452538e-03
-9.8488444366e-03
-3.2736718004e-03
1.1383634222e-02
-1.4463788522e-03
4.0478250794e-03
2.9613339778e-02
-1.9295630788e-02
2.6802974824e-03
1.2074304863e-02
9.1731945927e-03
-9.9295227171e-03
1.4265529888e-02
3.8242122602e-03
-8.9743009798e-03
2.8155011109e-02
-1.6158852796e-02
-7.1047040601e-03
9.5754497680e-03
1.4167468921e-03
-8.9054396158e-03
-1.1123579943e-02
-1.3563706759e-02
1.2193043788e-02
-1.2450367153e-02
-3.1516369260e-03
2.1585815486e-02
8.7752341426e-03
-6.3497425410e-03
-1.3995287049e-02
2.3535493174e-02
7.9821671538e-04
2.5104729718e-02
4.4108764013e-03
9.8527976100e-03
7.8127738450e-04
2.2809802555e-02
-1.3643329900e-02
-4.2578477633e-03
6.9217325519e-04
2.1939498105e-02
3.4608267471e-03
-7.4832938064e-03
-2.7027254507e-03
6.1473012156e-03
2.0396120452e-02
1.3185628135e-02
-2.0372006629e-03
1.5658268261e-02
-5.1475391765e-03
-8.2922333073e-03
-7.3140518326e-03
-9.7374173061e-03
-6.2964230624e-03
1.7192011801e-02
3.6186855212e-03
8.8081014923e-03
2.1148135031e-02
-4.7523719741e-03
-9.6406392014e-03
-7.4569268384e-03
3.8317172708e-03
3.9800983860e-03
3.1573812007e-02
-6.4129816013e-03
-1.6798952749e-03
-1.3835815541e-02
-3.1379358148e-03
-1.0653352313e-02
5.5577407551e-03
8.9463726840e-03
-1.2599410317e-02
-9.7127397062e-04
-1.4927114717e-03
-8.3338944623e-04
-3.4764836346e-03
-1.3348427013e-02
4.0062448971e-03
8.9824549905e-03
9.5434204845e-03
-2.2431900419e-03
-1.9315306823e-03
-1.2108514275e-02
1.3382189328e-02
2.0261880980e-02
-9.3597382669e-03
-4.1780681791e-03
-1.6140913688e-02
4.9982146625e-02
3.8138244795e-04
-4.8260708861e-03
-1.2647232709e-02
1.7163641054e-02
2.7382134446e-02
-5.3780734367e-03
-3.7204339905e-03
-1.2778246757e-02
1.8617921514e-04
-8.9179597403e-03
-6.7683180330e-03
9.6687508025e-03
-6.7392568359e-03
1.1622389506e-02
3.7934291577e-03
-1.6559564560e-02
3.0895908934e-04
3.0108562010e-02
-1.0883359603e-02
-4.3755298483e-03
1.2367652425e-02
1.5764620988e-02
-6.7975714892e-03
7.8307874240e-03
7.2748302539e-03
1.2527634948e-02
2.4675808950e-03
-1.5805564363e-02
-7.4874088071e-03
-1.2205942972e-02
5.9960163906e-03
-1.0654994473e-02
9.0284420106e-03
1.5944380365e-03
1.1099540473e-03
7.0149216757e-03
3.3405223170e-03
-1.5654147772e-02
-1.5616081499e-02
5.6851723435e-03
-2.3474871686e-03
-4.8239914562e-03
3.8544726981e-02
-1.6604770884e-02
-4.9703226488e-03
-2.1480360222e-03
-6.4011894285e-03
-1.7269226172e-02
-8.7082561114e-03
6.3865519262e-03
2.0935566928e-02
2.6456047916e-02
2.7478047876e-02
7.1144129193e-03
2.4291950818e-03
1.3001609870e-02
1.2163158241e-03
-1.1410824873e-03
2.1181851607e-04
6.1829296172e-03
-7.5216431068e-03
-1.7718506938e-03
4.3262885998e-02
-8.5098901639e-03
4.5980630484e-03
1.2708120797e-02
-8.2624245957e-03
-1.5863157748e-03
-1.3778404972e-02
-7.0116051549e-03
3.5850805652e-02
1.8926377872e-02
4.1972606716e-02
-9.8283804866e-03
3.2395027817e-02
4.6620980973e-03
2.2344790400e-03
-1.1535523071e-02
-1.3600592150e-03
2.2220310758e-02
6.4506183617e-03
-1.6536114709e-04
-7.5076190764e-03
-1.0140542418e-02
-5.4752087795e-03
-1.2394081646e-02
8.8572694070e-03
-4.5747699947e-03
-1.4517052234e-02
-4.7753494793e-03
5.1883149701e-03
2.5562541824e-02
1.4635241730e-03
-9.2431412604e-03
7.3534177679e-03
1.9272845956e-02
-4.3400512134e-03
-1.0002206256e-02
2.0760990955e-03
-6.9810625476e-03
1.7063347884e-03
1.4807005281e-02
-5.0290440727e-03
-1.8027521667e-03
-7.3427931129e-03
-9.5241690398e-03
-2.1641765614e-02
9.0370622595e-03
-1.4290035222e-02
4.7236168935e-03
1.5435517275e-02
-3.2834190914e-04
2.0338425207e-03
1.5817400961e-02
4.1466866778e-03
-5.0196806350e-03
7.0015223555e-03
9.9647984728e-03
-9.7103581596e-03
4.8803611271e-03
1.6563577997e-02
-1.3576075750e-02
-8.5487185442e-03
-7.3361660276e-03
8.8739733964e-03
-9.1867571829e-03
-5.1432863694e-03
9.4227177705e-03
-7.5715052175e-04
-9.0426680038e-03
4.3640609704e-03
-1.7625674267e-02
-4.3272017673e-03
-5.8532123316e-03
3.2510733266e-03
-7.3466363480e-03
-4.6314830271e-03
-9.3559221644e-03
2.0474504157e-02
-8.1397343275e-03
6.6829550049e-03
-8.6407950579e-03
1.5875058577e-02
-2.6617160067e-03
1.1416365422e-02
-1.2746240649e-02
-4.5116479294e-03
5.7067667026e-03
-9.0378090677e-03
3.5834368880e-03
-7.6552322891e-03
5.1113041504e-03
4.2809853618e-03
5.2455168519e-03
-1.6216912300e-02
2.1829037593e-02
3.7408444767e-03
1.8431183365e-02
4.1411841476e-03
1.3386903824e-04
-1.6142344479e-02
-5.8832302663e-03
-8.8448143142e-03
3.8707839600e-03
2.1813080725e-02
4.1387842569e-03
-6.1210892952e-03
-1.1131111431e-02
4.0699907142e-03
1.1374988085e-02
1.3958910598e-02
9.5400764414e-04
9.4465888663e-03
-2.0976652446e-03
-9.5945552715e-03
-1.5568473391e-02
1.7743030292e-03
-7.2469776823e-03
-5.4720897351e-05
-1.5814883842e-03
5.4306092345e-03
-1.0855020948e-02
-3.2622651163e-03
9.0708901847e-03
6.4271752313e-03
1.6831489133e-02
2.0116710235e-02
-6.1035040895e-03
2.4770459080e-02
5.8919724752e-03
1.1455204773e-02
-1.5826228758e-02
-1.4292627457e-02
-5.3412305527e-03
2.6018547038e-02
-1.2380576881e-02
1.4925709088e-02
1.4716388494e-02
1.1781450919e-02
-1.7859994905e-04
6.5524501721e-03
2.7430296676e-02
1.1385213262e-02
1.2200779900e-02
-2.4820427345e-03
-1.3416953562e-03
-8.3525830733e-03
-2.3181879730e-03
3.9629924361e-03
-2.5305272483e-03
-2.5080157527e-03
-1.8268115714e-02
-1.3396494049e-02
-1.1853202012e-02
2.2759887600e-02
1.1923232637e-02
-5.0853568558e-03
-3.9001964023e-03
-5.2632814992e-03
1.4055090456e-02
-4.7649195348e-03
-1.0786060102e-02
-3.1722369182e-03
-2.7304216575e-03
2.9009835503e-02
5.1413784763e-04
-4.4959328990e-03
-9.8150607079e-03
-3.5307220834e-03
-7.1829417587e-03
-1.4327138916e-02
-7.9862152974e-03
-1.5811219857e-02
9.8367837485e-03
6.9302194404e-03
3.1496550449e-03
-8.1661020980e-03
-1.7211677837e-02
-1.3120509728e-03
2.6241389776e-03
-7.2204372804e-03
2.0209259389e-03
1.7788415067e-02
3.1375866177e-03
-9.2323961868e-03
-1.0282523407e-02
-3.8096374988e-03
7.8281388339e-03
5.1221283897e-04
-7.5531360979e-03
5.0555959356e-04
1.8613541984e-02
-9.0721587133e-03
2.8389236689e-03
-1.1538227294e-02
-1.4303418221e-02
3.3817060667e-02
5.4952020649e-03
-9.2564080133e-03
-9.5684409819e-04
7.4793049531e-03
7.8204495068e-03
5.3446953874e-03
1.3477857232e-02
7.0135304894e-03
-8.8485313238e-03
2.9832313944e-04
3.4370015169e-03
-1.0278920885e-02
-2.7590472051e-03
-1.2314605826e-02
3.4363703891e-02
4.9073156933e-04
8.3037200891e-03
1.7836022887e-02
-1.1069795981e-02
3.3935730591e-02
8.3355443579e-03
-1.9672817640e-02
1.4795347564e-02
9.0621357666e-03
-6.8395661104e-03
-2.8954364374e-03
-9.5966392723e-03
-2.1420763812e-03
4.7178315471e-03
8.3871421454e-03
4.5425997907e-03
3.8671471607e-03
-2.1566948725e-02
-2.1499566592e-03
-4.6472152386e-03
-7.4798601367e-03
1.7820678579e-02
-1.4827074273e-02
4.2112546172e-03
7.2811976262e-03
1.1782494122e-02
-1.8566373232e-03
-1.2803597066e-02
4.6131644860e-03
-1.4086598965e-02
2.0124483968e-02
-4.3423282171e-03
-1.0288178068e-02
4.5717697206e-03
-3.4939505534e-03
5.2560602604e-03
-4.7240887482e-03
2.4135619643e-03
1.8616045087e-02
-7.9702077766e-03
1.2976801887e-03
-5.9183073839e-03
3.3095559761e-02
-5.2888294437e-03
-1.2332095138e-02
-4.1222898755e-03
2.9032631349e-02
-7.3005220140e-03
1.2866430205e-03
3.9686705500e-02
3.1142289647e-02
2.0729783578e-03
8.8503066163e-03
-1.8245273330e-02
-8.9115728473e-04
1.3240975931e-02
7.9830282448e-04
-2.8579388307e-03
7.6810432314e-03
4.1939060469e-03
-9.3829274333e-03
-4.2802790021e-03
1.9594359176e-02
-1.3263794192e-02
1.6486793861e-02
-2.0056633400e-03
-1.9886769094e-02
-4.9643013350e-03
1.8849724919e-02
-4.7535936468e-03
3.4987493731e-02
-1.3869736875e-03
-6.6703088578e-03
7.4814012668e-03
-3.9680760323e-03
1.0713962148e-02
5.0600709747e-03
-5.7549866595e-03
-7.2049265633e-04
9.9769113895e-03
5.6176142210e-03
2.8219299291e-02
-6.3985040804e-03
2.0347486587e-02
-1.3990807008e-02
-3.1815328794e-03
3.9472190274e-04
1.4487881923e-03
-5.4674767300e-03
1.2999890676e-02
-8.3815891281e-03
-9.4157471484e-04
1.2001739083e-02
-1.6735096866e-02
4.1007949799e-03
1.3862687562e-03
-2.0850215645e-03
-3.8138516849e-04
1.9530947233e-02
-1.4823913789e-02
1.2647369360e-03
1.8969758511e-03
-7.2729628778e-04
9.4351988380e-03
2.1764539251e-03
1.6465058786e-02
-8.4950151286e-03
-1.1807328456e-02
2.4841497375e-02
2.3126486066e-02
-1.1699300377e-03
-2.7630746993e-03
5.9948841882e-03
-1.6479989729e-02
1.1144847171e-02
-3.0372969473e-03
-3.4618872146e-03
-1.7194795308e-02
7.5878038636e-03
1.5947571387e-02
1.4124571061e-03
-8.1773139555e-03
-3.1077782023e-03
1.0664133240e-02
-4.3362596085e-03
-4.7094183972e-03
-1.5890540475e-02
-4.8641886622e-03
2.6472102843e-02
-2.7995804972e-03
-4.6845531420e-04
9.7667549625e-03
1.3752152704e-02
8.1940555029e-03
-1.6724098697e-03
-1.7115746447e-03
2.1589094515e-02
-4.1334294358e-03
-1.0724058227e-02
-7.6799343562e-03
2.5517694699e-03
8.5166046563e-03
1.1538221078e-02
-1.6978975658e-02
1.6324785857e-02
-5.8859369247e-03
-2.3806374050e-03
3.9207976505e-03
4.1060274464e-04
-5.5033231386e-03
1.0661427136e-02
-1.4256886968e-02
-3.9508423648e-03
1.9744334938e-03
3.7675851881e-03
-2.3879776902e-03
-6.3347162296e-03
-1.0437958689e-02
5.6093190815e-03
-1.0915464011e-02
-1.2001898286e-02
3.7706848259e-02
4.0775678418e-02
-2.9706911019e-03
-8.6865044481e-03
1.5108593675e-03
-1.1635237630e-02
2.9092216508e-02
1.6049973336e-02
-1.3395423015e-02
3.6730625030e-03
2.2913392686e-03
-9.4254492080e-03
-1.7631246197e-02
-6.5759480724e-03
-1.2787817421e-03
5.5710467286e-03
1.8815418276e-03
5.7452370907e-03
-2.4673204799e-03
9.0628192110e-03
-1.1841505307e-02
-4.6589695838e-03
-1.2973735160e-02
8.5484625536e-03
4.5380149204e-03
-6.6535457456e-03
-9.6499324668e-03
-1.8055419253e-02
-5.8851015830e-03
3.4243311469e-03
-3.1075306017e-03
-3.2788052416e-03
-2.6401567343e-03
4.6137652812e-03
3.6182737113e-03
-3.9825190061e-03
-1.1000411048e-02
5.4950306524e-03
-1.1844551235e-02
1.8653670477e-02
9.1323435159e-03
1.7411192575e-03
2.1521969872e-02
-5.2596236481e-03
2.4969160469e-03
-1.9147625731e-03
1.4623465249e-02
8.4010441307e-03
5.8882525642e-03
1.4812753968e-04
1.9523840333e-02
3.5430750954e-03
1.7861204557e-03
-9.3603676185e-03
-1.0585801521e-02
-1.2926422757e-02
1.3558712219e-03
-4.3344177424e-03
1.5313007275e-02
-1.3278704590e-02
1.7791880215e-03
1.5484781247e-02
2.5992565987e-03
9.0984176109e-03
1.2201247752e-02
-1.8839408567e-03
1.7717658188e-02
-1.1377928370e-02
5.1074862326e-03
-7.7140344412e-03
-7.5507101158e-03
-7.6836955096e-03
1.0759033008e-02
8.0110015338e-03
6.6178001604e-03
-4.1124290788e-04
4.6809461092e-03
2.0556134083e-03
-1.1792797902e-02
3.3573762694e-03
9.6999483536e-03
-1.0496953772e-02
1.0846559412e-02
-1.0577018598e-02
-1.0316965692e-02
5.6576180939e-03
-1.2441011190e-03
-7.4629260899e-03
1.3391833853e-02
6.4173729318e-03
-1.3042418477e-02
-9.5162888547e-03
5.6725319175e-03
-1.1508398126e-02
5.0920739200e-04
-1.5739984658e-02
-2.4143889427e-03
1.9941092370e-03
-1.4875949582e-03
2.9160414011e-02
-1.6273795410e-02
-1.0156191790e-02
1.4482417697e-02
2.6990786355e-02
1.0354526558e-02
2.1409065860e-02
-1.3104838924e-03
-4.9299105266e-03
-1.1662539501e-02
1.6659269381e-03
-1.0524626635e-02
1.6079211850e-03
-1.1879200880e-02
-1.8408255238e-02
-5.9286319999e-03
5.0660621007e-03
-5.8219200558e-03
-6.9270948246e-04
-3.1185717964e-03
1.4646155637e-02
9.3519631534e-03
1.0683456011e-02
-5.5311254363e-03
1.9296278184e-02
-1.1216391912e-02
2.9909945330e-02
-1.0708381728e-02
-1.2463997585e-02
1.7305068953e-02
-3.5367480534e-04
-2.2418512995e-03
-1.8730727493e-02
-9.1096923137e-03
6.9750640031e-03
5.6746816582e-03
-1.4593545529e-02
-8.3687141878e-03
5.9637416988e-03
1.5739496100e-02
-1.5652148020e-02
-8.7792814276e-03
4.0486795678e-03
-5.3876503587e-03
9.8077676153e-03
8.5399145723e-03
-2.3501224987e-03
-5.1566999005e-03
-1.9492224415e-02
-1.2136986280e-02
-1.1596921886e-03
1.1781376454e-02
-1.0676247202e-02
-6.5384374783e-03
1.0877985192e-02
1.7830180134e-02
-6.0453262065e-03
-8.2078396055e-03
2.7682533207e-02
2.3606114228e-02
-1.5286255691e-02
-1.8667723969e-02
-2.2006343356e-03
-4.5278413251e-03
-4.9227699209e-04
5.6283041705e-03
-1.0224481772e-02
-1.3725015634e-02
7.6064101759e-03
2.3924942945e-02
7.1898736870e-03
-8.9299192484e-03
-7.0873302587e-03
-2.2961306294e-02
9.5380903193e-03
9.0607582702e-03
-1.4703432581e-02
6.2546227756e-03
-8.7315580514e-03
1.6205943502e-02
3.2040643233e-02
-2.3827857165e-02
-6.3934830298e-03
7.8868252206e-04
1.6978163067e-02
-9.7034705785e-03
3.4176687481e-03
5.5701466599e-03
-5.2064605925e-03
3.8698046551e-03
-8.8764522831e-03
2.2044419224e-02
-1.4935143742e-02
1.0882304012e-02
-1.2633520350e-02
-4.8518106387e-03
-1.1545730467e-02
-1.5425188524e-02
-1.6488501870e-02
4.5284065747e-03
1.0178587784e-02
-5.5286806254e-03
-5.7989898007e-03
-8.7575482151e-03
-3.2201002560e-03
-2.7695612015e-03
-7.9300059258e-03
1.1767936729e-02
-7.9537352310e-03
7.5223512512e-04
-4.4869737349e-03
2.7631407545e-03
-9.5231488656e-03
-7.0231755777e-03
-4.7751514053e-03
-8.0410491513e-03
2.9898025605e-04
2.1796781050e-03
-5.4830972659e-03
-7.1570508452e-03
-3.4734603949e-03
1.3060156534e-02
-1.1324674044e-02
3.0416750395e-03
-1.2579025718e-02
-6.1685147803e-03
-1.7107589288e-03
-5.5319798819e-03
5.0604861331e-03
5.6446059300e-03
-2.3359920708e-03
-3.0792642978e-03
-5.3497792737e-03
-8.6081140485e-05
-5.7131190825e-03
-1.4686376431e-04
-2.1205069786e-02
-1.7981858864e-02
-1.7288551162e-02
2.1827107889e-02
4.6344395316e-03
-9.2665864691e-03
1.1188935454e-02
-1.1718950683e-02
-1.7346907944e-02
2.1721160118e-03
-9.9631483503e-03
7.6513222055e-03
1.3246804514e-04
-1.7102360764e-02
-6.5077761489e-03
-2.4290061672e-03
2.2835349169e-03
-1.6546380176e-02
3.9250960041e-03
1.2635572393e-03
3.8911377956e-03
1.0473902368e-02
-1.0428352245e-02
-4.3419900368e-03
1.6350952227e-03
6.3105569019e-03
2.1069988976e-02
1.0343057159e-02
-5.3917434880e-03
-3.8834845322e-03
-6.5341231233e-03
-1.2769766770e-02
-1.2584875162e-02
2.9612620220e-04
1.6382284679e-03
1.6912389231e-02
-9.5799799398e-03
-5.1064641530e-03
1.3155243243e-02
2.7770321321e-03
2.1268068961e-02
-1.5291058687e-02
3.8145899754e-03
2.6536584268e-02
6.7232389487e-04
1.7303528009e-02
-7.3653606189e-03
2.4219409495e-02
1.9933654702e-02
-1.6557618466e-02
2.5920353434e-03
-1.1859355454e-02
-8.8265170439e-03
-2.2068725233e-02
3.2407492414e-03
-1.2951098686e-02
-4.0369476749e-03
8.7577252668e-03
-1.4825674619e-02
-6.6747551646e-03
3.6036783217e-03
2.8415067720e-02
-1.2412003922e-02
1.1878818827e-03
-1.0886497025e-02
-1.0311025566e-02
2.1838325731e-02
1.8536154224e-02
1.1142456165e-03
2.2314687132e-02
4.1115405017e-03
2.2511709881e-02
-6.3696795156e-04
1.0727993703e-02
5.5608483484e-03
2.8630646599e-03
4.3667739477e-03
1.9714104468e-03
1.4708980816e-02
-5.5290967182e-03
1.2870912838e-02
4.8670700484e-03
-2.0431420025e-02
2.8313933249e-03
1.5614100192e-02
1.1045335313e-02
-1.3565985139e-02
9.2844520033e-04
1.3686035173e-02
2.0978696750e-03
7.7015093918e-03
1.1907960825e-03
1.1427809221e-03
2.2482726583e-03
5.9037575867e-03
6.4494339722e-03
-2.0460322629e-03
-1.2147524420e-02
-4.5229877821e-03
-1.3413174470e-02
9.9030957135e-03
-1.1160919602e-02
4.2223964182e-03
2.8877519533e-03
-1.6824280243e-02
-1.3197725196e-02
1.0429596916e-02
5.3291343342e-03
-2.9955414735e-03
-1.0674004701e-02
-1.1055909874e-02
-1.3381146016e-02
-4.0711788451e-03
-5.5364061281e-03
-2.5415791265e-03
3.5519027169e-03
-3.3235802111e-03
1.6490481366e-02
-5.6931813883e-03
1.0594005210e-03
2.2277607996e-04
3.6387360764e-03
9.9685213551e-04
-9.4108184193e-03
-3.6746051118e-03
1.1091144003e-02
5.9605238319e-03
-2.9219408792e-03
1.3259013558e-02
2.0434769185e-02
-8.5002551454e-03
-2.9515625271e-03
-6.1245557532e-03
-7.1699492864e-03
-9.9973272305e-03
-1.3526275770e-02
-1.0730809369e-02
7.0814663869e-03
1.8418745659e-03
-1.1798661467e-02
8.5106961542e-03
-1.6149063608e-02
-1.1509655048e-02
1.1504127244e-02
-8.2193531651e-03
2.0150741935e-02
2.1160722332e-02
-1.0106393367e-03
-9.5351747129e-03
-1.1963248296e-02
-6.8919564363e-03
-5.8298205724e-03
1.0903903470e-02
1.0278141642e-02
-1.2368211767e-02
1.6565412028e-02
4.6570590693e-03
1.7825194893e-02
1.0948345427e-02
5.5273261983e-03
-9.0874113448e-03
9.6164015858e-07
1.4485105509e-02
8.7676814286e-03
-7.3590550717e-03
3.3622578772e-03
2.9114239364e-04
1.5633930526e-02
9.3221412731e-03
-1.6709216378e-03
6.3690946863e-02
3.4420145777e-03
1.0593021062e-02
5.2273573831e-03
-3.5375213073e-03
-1.2281129082e-02
-9.0199582457e-03
1.7667570029e-02
4.2007257571e-02
-1.1064196091e-02
1.5064762018e-02
-1.3597034059e-02
-5.4608423302e-03
-1.2092148366e-02
-8.8403402845e-03
3.3846024767e-03
5.1282083051e-03
1.4047207261e-02
-6.3070142987e-03
-7.7067336145e-03
5.4512001155e-03
1.9876045529e-02
-1.9384020295e-03
2.5167066658e-02
-6.6271507337e-03
6.0668351669e-04
1.1337434739e-02
-1.7028418836e-02
1.1401907506e-02
3.4119546767e-03
-2.0040766380e-03
4.5609141286e-03
-8.1024537712e-03
-1.6396548165e-02
-1.9617673627e-03
-6.1689603395e-04
-1.0436532017e-02
-2.5024559699e-03
6.0186145916e-03
-1.6848874731e-02
-2.1511685522e-02
6.1814971736e-03
-8.2649803137e-03
4.0653463056e-03
7.3046998081e-03
-9.4484009537e-03
-5.5895226760e-03
3.8994345637e-03
5.9225448022e-03
2.3977148904e-02
-5.7459329203e-03
2.5974762079e-02
1.2966859697e-03
-8.4645360707e-04
-5.9704343592e-03
-1.4184781919e-02
7.1824302640e-03
1.5285510812e-02
2.8853913718e-03
2.3181144465e-02
-2.2082698793e-03
-2.0151433763e-03
2.6813547374e-04
4.8503401860e-03
-1.6090488860e-02
3.8419290589e-02
1.7570068495e-02
8.1488596404e-03
1.5327086444e-02
-7.3774200432e-03
-1.3977125599e-02
2.1064465831e-02
1.4606836184e-02
-2.0639773797e-02
-1.4957283119e-02
2.4853662790e-02
-6.2889345061e-03
-7.0674784281e-03
-3.9592905307e-03
-3.3961068628e-03
-8.5236441658e-03
-2.1119959159e-02
2.1007585678e-02
-1.3878952253e-02
3.5207270289e-02
8.5670265688e-03
-2.4391089920e-03
-8.4584714201e-03
-1.2502731696e-02
-1.4863198229e-02
3.8455922815e-03
-8.7676801240e-03
3.9890551795e-05
9.1713135250e-03
-4.7425151204e-03
-1.2843543699e-02
-6.8191258647e-03
4.9225881578e-03
4.1834377648e-02
-1.1016196309e-02
-1.3195916399e-02
-1.2335766704e-02
2.5034872354e-02
-2.1433508050e-03
-4.3620932838e-03
-1.0274193794e-02
3.8790512125e-04
9.8222045110e-04
6.0607974531e-03
1.2585246725e-03
-4.9911175146e-03
-1.9038158703e-02
4.9574574959e-03
-7.5606797033e-03
-7.5891259417e-03
-1.0570638027e-02
3.4172425635e-03
1.6304879547e-02
-7.6366384983e-03
-5.3780185741e-03
-7.0949296060e-03
-1.9896404150e-02
2.4108906784e-02
1.1175203166e-02
-1.1686139644e-02
7.3125236793e-03
2.1624050743e-02
1.4564638109e-02
7.3046543819e-03
-1.1608776524e-02
1.5077073152e-03
-1.3650910196e-02
-2.7033134654e-03
6.8821017588e-03
8.4108754497e-03
1.3064880612e-02
-5.9586635845e-03
1.4023919370e-02
-5.8042552614e-03
4.5769452045e-03
-9.0937258037e-03
-5.4700457522e-03
5.1505475611e-03
6.9592670531e-03
-6.7317518639e-03
7.1413783030e-03
-1.3963113231e-02
-1.5331817389e-03
-7.4696175726e-03
-5.3219537607e-03
-7.1016893073e-03
1.1763108055e-02
8.4324621202e-03
-5.5711308224e-03
1.3173646773e-02
-9.5658309124e-04
-7.4742018067e-03
3.1543679278e-02
-1.6394348078e-02
-1.9549661789e-03
4.2333515249e-04
1.5841937572e-02
-4.5186449155e-04
6.4995074838e-03
8.6952256301e-03
-1.2183925262e-02
7.1890384059e-03
-9.6525611377e-03
-2.2990815838e-03
-2.0275579889e-02
5.5727244119e-03
1.1286186555e-02
1.6507629643e-03
-1.3552500777e-02
-1.2902603053e-02
2.4661445421e-03
1.3414148151e-02
9.3494416967e-03
5.4582289795e-03
-7.5640998230e-03
-9.1251737900e-03
-2.0505429580e-03
3.7101688700e-03
-1.6373099498e-02
-5.0521923027e-03
2.8730812893e-02
1.1573330801e-03
1.1311719539e-02
-4.2201393157e-03
2.3172168890e-02
-1.1203917404e-02
-7.6484004650e-03
1.2560143197e-02
1.6783309754e-03
-1.0302592254e-02
-2.1663972967e-03
3.5585445056e-03
-1.2896984199e-02
-8.3495106434e-03
2.5060620529e-02
-5.8814867830e-03
-4.2616051207e-03
1.1088355089e-02
1.9082531712e-02
-1.8340351193e-02
2.0007989964e-02
-9.8815404177e-03
-2.1839751155e-02
-5.6512384448e-03
9.7727674348e-03
-1.0584173172e-02
2.8295112545e-03
9.4142912469e-03
1.2261168108e-02
9.9732294129e-03
-3.3801304915e-03
-1.4990675780e-02
-8.8524195283e-03
-1.0824822192e-02
-2.4732492210e-03
-7.3758937896e-03
-3.0143529982e-03
-6.0633768753e-03
-5.0106495845e-03
4.1817078717e-03
-1.1019479125e-03
1.0664164294e-02
3.3846557073e-02
-4.4140059800e-03
-6.5347732111e-03
-5.1954987663e-03
-1.3302379165e-02
-1.7766522746e-02
-1.4316303151e-02
1.9780749860e-02
-3.7838434248e-04
-8.7066565390e-03
-8.2478877153e-03
-9.1998251123e-03
-8.0470097288e-03
9.2121746469e-03
1.3904523892e-02
-1.1264741733e-02
1.6881055908e-03
-2.1557663013e-03
2.5768112031e-02
-5.5613258051e-03
1.3666635950e-02
-1.7471341789e-02
-1.4368333411e-03
9.2017069786e-03
-2.6295750473e-03
-7.6251410242e-04
-3.8733987424e-03
2.5395617440e-03
-1.0165933093e-02
8.5375820053e-03
-8.4355959992e-03
2.0943331265e-03
-5.9934417181e-03
1.1569259441e-02
-6.2292137306e-04
-2.2343563891e-02
1.6908243639e-02
-1.0430701155e-02
2.2756879133e-02
1.0810936061e-02
1.3475121198e-02
-1.0420788192e-02
-4.3041959216e-03
-1.4879875714e-02
1.5443515136e-02
-1.4338767383e-02
-1.9310497343e-02
-1.0297170992e-02
1.7380852526e-02
8.2027262645e-03
1.7108541929e-02
2.2894975736e-02
-8.9990637850e-03
-1.3730927264e-03
-1.1236373328e-02
-8.1697486695e-03
4.6815030085e-03
-8.2545941314e-03
3.0148318905e-02
-6.9015455522e-03
5.5712318707e-03
2.8560106416e-02
8.1515407053e-03
-1.5038326329e-03
1.0233961946e-02
2.4368919020e-03
-7.1182719870e-03
-5.9119864151e-03
1.4111065855e-02
-1.1976774153e-02
-3.2369378583e-03
-4.9443220813e-03
1.3143763962e-02
-1.1756006350e-02
1.2298526473e-02
-7.1846114161e-03
2.5618996182e-03
-1.0539780786e-02
-8.8655695531e-04
-4.3871181803e-03
-3.6205227843e-03
-2.2848819562e-03
-9.6872181377e-03
3.7410701637e-03
-8.8958930733e-03
2.5397338934e-02
-5.4243901069e-03
4.3696139973e-03
-2.8808323152e-03
6.7041657719e-03
-7.9939581488e-03
1.2195555156e-02
5.0865648383e-03
1.2131815423e-02
-1.1842810192e-02
-1.0817459408e-02
-1.2866763693e-03
1.5799305674e-02
8.3603979301e-03
3.3745206058e-02
-9.6210601378e-03
-2.1384873403e-03
-5.1182667403e-03
-1.4058237408e-02
-6.3243517424e-03
-5.9073760054e-03
-1.1260555064e-02
1.4448123165e-02
-9.7617569513e-03
-2.6859054222e-03
-1.0524266966e-02
-5.4620656720e-03
-3.9127748828e-03
-1.4664985347e-02
-1.7593565432e-02
-4.1039732056e-03
-7.9864337979e-03
-1.2825534340e-02
-3.0396608530e-03
1.2583387081e-02
1.2946836471e-02
-4.3180292294e-03
6.2001689969e-03
3.2241277172e-02
-1.3168028613e-02
1.5472902348e-02
1.7773439095e-02
-2.1927152218e-03
-1.1121409473e-02
-1.7086509590e-02
-5.4843579876e-03
-1.7698372315e-03
2.3644456440e-02
4.0828973251e-02
4.8536553655e-03
1.8216723523e-02
3.0724823990e-03
8.6038481402e-03
5.1871303689e-03
2.2570326907e-03
1.4966360210e-02
-4.5052823752e-03
-1.6401629360e-03
3.2086122695e-03
9.5246339419e-03
2.6717632229e-02
-4.8225827974e-03
1.5172470163e-02
1.2575001902e-02
-4.4047441976e-03
-2.1972454114e-03
-9.4248998559e-03
-3.3566242024e-03
-2.2524024164e-03
-2.6989822828e-03
-1.2326534972e-02
2.6435177339e-03
6.0211694350e-03
-1.4355355806e-02
9.5899093360e-03
1.0829604812e-02
1.3669096127e-03
-7.4656895274e-03
1.5086068379e-02
1.8226065486e-02
-1.2260806266e-02
-6.8952670980e-03
2.1570021330e-02
-1.4557061457e-02
-1.4799568846e-02
7.2728190476e-03
1.5242979794e-03
1.3749614043e-02
5.7288588692e-03
-1.5145665902e-02
4.4735153371e-03
-9.0301005976e-03
3.6335588234e-02
-9.2001443469e-03
9.2651627653e-03
4.7411218401e-02
-1.1090056362e-02
1.8263110021e-02
-5.1082611035e-03
2.1384569840e-03
2.8703928706e-02
-4.2179914892e-03
-1.8876025551e-03
-1.6236920292e-03
1.6004960731e-02
2.5444934034e-03
-1.2127799126e-03
-3.0633907263e-03
-7.3614427842e-03
7.4452987256e-04
-9.3234384661e-03
-1.6723363308e-02
-7.0056699711e-03
4.7501687745e-04
-6.4707118431e-04
1.4835948766e-02
2.2990052033e-03
1.0985331113e-02
1.0543065626e-02
3.9010406350e-04
6.1007854152e-03
1.8768129796e-03
-2.7080948306e-03
6.5975232838e-03
-9.1428931361e-03
6.9287392713e-03
4.0437729442e-02
-1.4737185062e-02
-6.9656487869e-03
5.0730163242e-03
-1.7769503862e-03
-6.5496742792e-03
-4.7152124848e-03
-6.8277313999e-03
1.6683018162e-03
-1.2316978670e-02
-6.1347951776e-03
9.0632484605e-03
-5.4410072795e-03
1.2444171206e-02
-2.1556286728e-02
-1.9925866700e-02
1.1795500718e-02
1.9222459621e-02
1.2555019548e-02
3.3273740550e-03
-1.2757559292e-02
-6.6074191559e-03
-1.4763093402e-02
-1.7592029149e-02
-1.1689881650e-02
-7.3909164518e-03
2.4355390783e-03
2.0004824461e-02
7.6853166370e-04
4.3274057063e-03
3.8124936554e-03
-6.0215937510e-03
-7.9774561157e-03
-1.2827461239e-02
-1.2715068699e-03
4.4917736622e-03
-2.8543104209e-03
-1.5526732071e-02
2.5150095387e-02
8.2907284100e-03
3.4161467809e-03
1.4249820840e-02
1.3552995087e-02
-8.2273471586e-03
2.8016475306e-03
1.6682915660e-02
-6.4939548070e-04
-8.0720490097e-03
3.1305104091e-02
9.1035314386e-03
3.5395395527e-02
2.1734940915e-02
-4.6227805414e-05
4.1241016147e-02
-7.9136361905e-03
4.7494720212e-03
6.4689019737e-04
-1.0712149828e-02
1.2426396226e-02
5.6808175678e-03
2.9421113339e-03
-1.0285944527e-02
-3.0249988323e-03
3.8852912671e-02
-6.5801013674e-03
-6.0793393371e-04
1.4587019600e-02
-3.8931884855e-04
1.1621598738e-02
3.3485303921e-03
2.1595126207e-02
1.1637374558e-02
-5.3913119615e-03
3.1478795998e-03
9.0482492378e-03
-8.6988135492e-03
1.5147499216e-02
-1.7493560767e-02
2.4547513125e-03
-3.7179931202e-03
-1.1430948251e-02
-1.8540109662e-03
-6.3024578534e-03
-4.0181079012e-03
-6.6747733395e-03
-2.4384809119e-03
3.6625448661e-03
-9.0785118330e-03
8.8672072816e-03
3.5765180153e-03
-3.3812720717e-03
4.9499096654e-03
-5.1737669096e-03
-1.9833235241e-04
-1.0409559651e-02
-2.8345211121e-03
1.4618251218e-02
-3.1142697561e-03
-5.5657820722e-04
-5.9924007440e-03
-3.7777798823e-03
1.0234442927e-04
-3.7252403330e-03
-1.7601602504e-03
4.2671163137e-03
-1.0287106599e-02
-1.4098380593e-02
-5.4643638877e-03
-4.4031917513e-03
2.6535219202e-02
-1.3303377435e-02
7.2582382108e-03
1.1811418378e-03
1.7954236180e-03
5.0035233242e-03
-8.7551517758e-03
-6.9028666955e-03
5.0604039606e-03
-1.2780895462e-02
-9.5074130973e-03
1.7434514082e-03
-9.3693170888e-03
-5.5557440725e-03
-4.0196016302e-03
3.6950354283e-02
1.5309649472e-02
-8.7335146804e-03
-1.2191497068e-02
-3.2428511802e-03
-6.5574093875e-03
5.2476086154e-03
-5.5713996876e-03
4.6310269577e-03
-5.3444131436e-03
-1.3013234258e-02
-3.8026178130e-03
-1.5063138342e-03
9.4637183188e-03
-3.9073351955e-03
1.0135586537e-02
-9.6495870744e-03
1.2616743628e-02
-2.4451619242e-04
4.2234151382e-02
1.7597732869e-02
8.4209569689e-03
-5.5706880273e-03
1.1406181898e-02
6.8753424775e-03
-1.2930950735e-02
1.2474330390e-02
1.7311389144e-03
2.4791309851e-03
6.4964486421e-03
3.6476825102e-02
-7.6781644339e-03
2.2119495391e-03
5.7136780892e-03
3.0907332728e-03
-7.4024161228e-03
-2.8912499049e-03
8.6072367425e-05
-1.2219112614e-02
-5.5176817501e-03
-1.2935371658e-02
2.4422963144e-03
-6.0998920170e-03
-1.5337221577e-03
-1.0536878750e-02
-8.8513196145e-03
4.0511654819e-04
2.9327565117e-03
3.5408459987e-03
2.8112840256e-02
-7.5582863023e-03
1.5955442271e-02
7.7471388623e-03
-1.6319162000e-02
-1.9459872083e-02
-1.0849079215e-02
-4.6595934537e-03
-1.4460791039e-02
1.8762395018e-02
-3.9734576407e-03
-7.0176226194e-04
-6.3260744563e-03
1.7380741475e-02
-6.1903012931e-03
9.7779615637e-03
2.8293841653e-02
4.6975139556e-03
3.9849972379e-02
-9.3059725829e-03
4.4320532093e-03
-1.3034749505e-02
-1.2252076434e-02
8.4118071179e-03
1.4986692125e-02
-9.8672599240e-03
-4.6288308305e-03
-2.7907809749e-03
6.1038342073e-04
-1.4565813879e-03
1.1473488657e-02
6.9936469084e-03
-2.6544450241e-03
6.1803692589e-03
9.1836449923e-03
-2.1622726272e-02
8.0958100095e-03
-1.4737760078e-03
-8.1535345130e-03
9.9835570215e-03
7.6361762172e-03
1.4036918015e-02
9.5376100186e-03
1.3766697694e-02
9.2053338973e-03
-1.1080169698e-03
1.6470450129e-02
-1.1554390564e-02
2.2493346401e-02
3.9324196540e-02
-1.4051729086e-02
-1.4015148262e-02
-2.7883088678e-03
-2.1632102601e-02
1.4281560937e-02
8.7633777203e-03
-1.3110468891e-02
8.0387670664e-03
7.2479206079e-03
3.0242711885e-03
-7.1343880876e-03
2.3624773990e-02
2.0597965074e-02
-9.7663428455e-03
2.5473236071e-02
1.0687047431e-02
2.3765122229e-02
-1.5319487123e-02
9.7532582215e-03
-1.2057508101e-02
1.5817974357e-02
-8.0124919216e-03
2.8638263037e-02
4.0950226686e-02
2.3315650105e-02
1.2024089735e-02
-1.0252025209e-02
-2.1351657291e-03
2.4742079520e-02
-9.8974502745e-03
-8.9667434383e-03
6.4211223896e-03
-4.5620089647e-03
1.5529633946e-02
1.0753520874e-03
-8.4185204400e-03
1.5853514980e-02
9.5828098089e-03
1.1990873717e-02
-9.8131168422e-03
1.0568652863e-02
-5.2107538762e-03
-9.5284578916e-03
-5.0289355328e-03
7.3139163877e-03
1.1654264521e-02
-1.2751679085e-02
1.6565417119e-02
-4.9489995067e-03
2.3318623258e-03
1.6028580415e-02
-5.3117485505e-03
-5.0312896312e-03
-9.8468315484e-03
-9.9947119795e-03
-5.5871284834e-03
9.3489011778e-03
4.7918367130e-03
4.7562172054e-02
1.0859389536e-02
-1.1919431700e-02
-9.4378547548e-03
-3.4539743111e-03
-9.4964853968e-03
2.5422505217e-02
-1.0945437082e-02
3.1401000368e-02
-7.2793328263e-03
2.8853471430e-03
-4.6274876661e-03
6.9503741978e-03
-2.4723279717e-03
3.3905294175e-04
1.0817020500e-03
-4.5257893531e-03
4.9968344515e-03
1.5468915634e-02
-1.4646916951e-02
-1.9120134441e-03
-7.2344361938e-03
5.8281217177e-03
-2.7516428224e-04
-1.1685790096e-02
-1.1257012585e-02
-1.5527896044e-02
1.9582757047e-02
-6.3809515780e-03
5.5707813319e-03
8.3756669716e-04
-1.8045384940e-02
1.2837944419e-03
2.7064350206e-02
1.8379383438e-03
-5.2849405230e-03
3.5919350869e-03
-1.1777401900e-03
-5.1167771248e-04
2.8098819103e-02
-1.1868758699e-02
-1.5026893871e-02
-6.7224839148e-03
1.8069448614e-02
1.4023912166e-03
-1.9598868228e-03
-1.4392200687e-02
2.4124990022e-03
-4.1743079239e-03
-8.3995716242e-03
8.5002171651e-03
2.8267795902e-03
1.5527335866e-03
-1.2406232020e-02
1.6995769015e-02
1.3381260486e-02
1.2082534368e-02
-1.5539607432e-02
1.3148561544e-02
-5.0616321138e-03
-1.4559925315e-02
-8.6454369355e-03
-1.5728159330e-02
-4.7610340307e-03
2.6298811454e-02
1.3492952133e-02
-8.7191358357e-03
-2.1738355703e-02
-4.4005971064e-03
1.2089230102e-03
2.9322422158e-02
-7.9674929564e-03
1.8637699248e-03
-9.8779264627e-03
5.2480825933e-03
1.4082350652e-02
-3.0471612906e-04
-1.7320848975e-02
-1.4928258128e-02
-2.0971939931e-03
-5.0212929416e-03
-1.2661342458e-02
-3.6387908637e-03
2.5170539796e-02
-1.6351256997e-02
-3.9184052863e-03
-1.1106657633e-03
-2.0388504470e-03
-1.1236321133e-03
-1.5970424257e-02
-2.7937782002e-04
9.9418737876e-03
-1.4207998162e-02
1.1534517890e-02
-1.9982326487e-02
5.4520658588e-03
1.1993453330e-02
-1.1749702536e-02
-3.2445262578e-03
-4.2197237144e-03
3.0381704360e-03
-4.4729824186e-03
2.8725889903e-03
2.1186670571e-02
-9.0608868000e-03
1.1716625952e-02
-1.2333528816e-02
-1.8982930417e-02
4.8973580537e-03
7.3795079233e-03
-1.9642448944e-03
-7.1790522231e-03
-4.5764259840e-04
-7.8616891947e-03
9.8355270358e-04
9.6711760192e-03
-1.3940361442e-02
-2.0648102611e-02
-1.3029452046e-02
1.1950171494e-02
-5.5089708423e-03
-2.7974055078e-03
-1.1278809623e-02
-1.4923086115e-02
-1.1609644577e-03
-3.3444171771e-03
-7.3705905427e-03
6.7239887257e-03
-9.2066626287e-03
7.6047660055e-03
8.7645327467e-03
-5.0525599634e-03
-2.4133588678e-03
-1.6640373066e-02
-1.2608518929e-02
1.5199427740e-02
1.2396911244e-02
2.3771804541e-02
1.7750325596e-02
3.0403290124e-03
-1.3716219183e-02
-5.0413111546e-03
-4.9149282370e-03
-7.4484244482e-03
-9.0159785353e-03
2.0342981629e-03
1.2478662247e-02
-4.9477777976e-04
4.6654359803e-03
-1.1029061587e-02
-8.3838421872e-03
-1.3615723962e-02
-3.5137904950e-03
3.0151056566e-02
-1.3485175245e-02
-2.5226319152e-04
1.1823984044e-02
-3.9736484302e-03
3.2576895930e-02
1.2235038026e-03
1.4365450750e-02
-1.2142516861e-03
1.1182001920e-02
6.7097787917e-03
-1.2504459177e-02
1.6610411379e-04
-4.8344005466e-03
-4.5971904486e-04
4.1318843243e-03
-1.5443551646e-02
-5.9408196069e-04
-9.4926724566e-03
-1.0341124534e-03
-4.6434975202e-03
-4.4603115956e-03
-1.2180251525e-02
2.4112512767e-02
6.1423215070e-03
1.5587511290e-02
-9.5698719259e-03
-9.6710372865e-03
1.6183853935e-03
2.3080157999e-02
-1.4858117493e-02
-3.4504015783e-03
2.1613179919e-02
-1.9082370858e-04
1.0478804625e-02
-1.7086303336e-02
-6.5500588399e-04
9.4972616399e-03
-1.2417672015e-02
3.3025922116e-03
1.5770535456e-02
-1.0406474757e-04
-1.2576700525e-02
-1.3921865875e-02
2.0224480044e-03
2.0192196688e-02
-6.8354701392e-03
3.5116018917e-02
8.2449816645e-03
-8.8414267450e-03
-1.3953821941e-02
-1.3776514064e-02
1.3922218602e-03
-1.4282801540e-02
-2.2793256548e-03
-2.7524718300e-04
3.5249906943e-04
-4.1956272446e-03
9.8762856165e-03
1.9639872317e-03
6.7400640638e-03
1.6393046280e-02
1.9446390719e-02
-2.1729338133e-03
2.7914068710e-03
-1.6426527118e-02
3.4475116102e-03
3.0821554477e-03
8.1698734812e-03
-2.1685007149e-03
-3.2090581846e-03
-1.6406507585e-02
-1.1904334799e-02
7.2650542291e-03
-2.6820975817e-03
5.6166505423e-03
-1.8974796439e-03
8.6811265371e-03
1.2746663986e-02
-1.6018756754e-02
-6.7462360132e-03
3.5978769576e-03
8.8839263198e-04
6.8240298351e-03
2.2978263390e-02
-1.0152601342e-02
4.4413562421e-03
-1.1317967847e-02
-1.2261092048e-02
1.3005300059e-02
-8.5554654822e-03
8.5986276054e-03
4.1543334593e-02
2.6386190569e-02
-1.1808170412e-02
1.0133235814e-02
2.0546029995e-02
2.3521326036e-02
-1.1182404680e-02
6.6863258055e-03
-3.5680986512e-03
-5.9945797562e-03
-1.2012520472e-02
1.8557545451e-02
-1.3324316372e-02
-3.6043997284e-03
2.5457758619e-03
1.3201365823e-02
1.3867355321e-02
-1.6993879604e-02
-9.8495669719e-03
1.6901525059e-02
1.2899992342e-02
3.2042423811e-03
-7.9645776481e-03
-1.7726543206e-02
3.6628157497e-03
1.1685483358e-02
-9.1057005886e-04
1.6960688756e-03
9.1987612886e-05
9.0859720418e-03
-5.2298160806e-03
-5.4909444255e-03
-3.2321440022e-03
-9.2321190751e-03
-1.5306974807e-02
-6.2332765976e-03
2.1968574702e-02
5.6443944454e-03
1.0449205257e-02
-1.0082350364e-02
1.0797516202e-02
3.3616490901e-04
-5.7604749578e-03
-3.2997346327e-03
-1.1934535190e-02
4.1349815068e-04
-5.3405974154e-03
6.1496009834e-03
5.2345319671e-03
3.4158282235e-03
-5.9518911742e-03
5.9084079834e-03
-1.2893501025e-02
-1.7088032269e-02
6.0465228495e-04
8.7153265435e-03
1.3920896542e-02
8.6923466827e-03
2.0989004963e-02
-1.1793526434e-02
-1.1659444487e-03
-5.3133387293e-03
1.6288773228e-02
8.4569989671e-03
2.0856757384e-02
-1.5290097192e-02
5.1601910312e-03
4.0372295797e-03
-2.1952830623e-03
-5.6794574976e-03
-1.3245157518e-02
1.4542049347e-03
-1.1953691160e-02
2.0648498289e-02
-2.7483531509e-05
2.4451842990e-03
-9.1483598769e-03
-6.5990252953e-03
-4.5320384707e-03
-1.6933767295e-02
6.9860857097e-03
2.6910231347e-03
-1.6697408268e-02
3.1512546169e-03
2.7881971018e-02
5.9570987790e-03
-1.3451982493e-02
-2.1734337074e-02
9.1616032629e-03
-1.4529004228e-02
-5.8033513267e-03
9.6301910851e-03
-2.8097952821e-03
9.7617096341e-04
9.2372407418e-04
-1.2185738983e-02
3.1416046198e-03
-2.2047255259e-03
1.3865974380e-02
2.4411362987e-02
-8.8575450915e-03
-6.7807529117e-03
-7.0673067174e-03
2.4625045945e-03
4.2385829250e-03
9.1577940963e-03
1.7874582389e-02
9.5243250198e-03
-3.6260412110e-03
-1.2073546596e-02
9.6761698339e-03
-7.0031946657e-03
-5.2654136802e-03
7.5508573760e-03
-9.1144384691e-03
-3.0777122407e-03
-1.3232893015e-03
-2.3446494128e-02
1.4745994222e-02
-1.0289263891e-02
-1.6427724223e-03
3.0349488801e-02
-5.2950739855e-03
8.2640889767e-03
1.5441983700e-02
4.5857762549e-03
5.5947702959e-03
1.4282228584e-04
-6.0191162689e-03
-6.9050544065e-03
-9.8351604572e-03
1.3865441267e-02
8.1044209664e-03
1.1752279815e-03
4.6280591162e-02
-5.3533210359e-03
6.3179372888e-03
1.4400382736e-02
1.7576400587e-02
2.1968406159e-03
-1.4504417615e-02
-1.1688859600e-02
1.7834934939e-02
-4.7567478143e-03
-1.0821760829e-02
-1.5541003745e-03
-9.0153729015e-03
4.4786917568e-03
-1.4312650696e-02
6.3878849297e-03
1.5959448732e-02
-2.3505689522e-02
-1.3388342789e-03
2.7334948938e-02
1.3841645693e-02
1.0908435202e-02
-1.1475981501e-02
1.7682749553e-03
2.3810706104e-02
-5.3685233159e-03
1.8623242546e-02
7.9046708998e-03
-7.5283958617e-03
8.7291713626e-02
9.3501878594e-03
1.8549199209e-02
-1.2413485778e-02
-5.9887979564e-03
1.1313911181e-02
7.5207486756e-03
1.0213360211e-03
-1.4167503536e-02
-6.6785970700e-03
1.3673630905e-02
7.2538402262e-03
-1.5702262547e-02
-1.4770032637e-02
-6.0032670165e-03
2.9906625063e-02
1.0146074313e-02
-6.9945701297e-03
8.4057669002e-03
-6.4087411226e-03
-8.4996520726e-03
-4.2045336519e-03
-8.8625901342e-03
-8.1813657011e-03
-1.0571839203e-02
-4.3877008301e-03
1.2100218404e-03
4.1296321099e-03
-3.7008854493e-03
-9.5590646720e-03
-1.6925137901e-02
-1.0602355824e-02
-1.0993864258e-02
2.8560075329e-03
-1.3035447940e-03
2.2027408939e-02
-9.8870161607e-03
-2.5123447035e-03
1.8318875293e-02
3.1849241909e-02
-5.6067156395e-04
-7.7360312643e-03
-5.7482101207e-03
1.2724238011e-02
-7.5078968969e-04
1.0634974107e-02
2.8637104540e-03
6.8207265632e-04
-5.3989881633e-03
2.8979525240e-02
3.2663513147e-02
2.0018999503e-02
4.9476148104e-03
-7.0681604012e-03
1.4501428381e-02
3.8970899649e-03
1.0411092612e-02
-4.1681275237e-03
6.9308792300e-03
1.3368338945e-02
-1.0445419117e-02
-6.5689403874e-03
-1.4467978193e-02
1.8407436608e-02
-1.1864329045e-02
1.1740859739e-02
1.1764612483e-02
2.0378964860e-02
5.1804942109e-03
1.8252082960e-02
-1.1322207444e-02
-5.9257254667e-03
4.6618352623e-03
-3.0001687316e-03
-7.9355061001e-03
-2.8519987111e-03
-1.3639448876e-02
-3.9910965583e-03
-7.3551038878e-03
6.0521398806e-03
-2.4110156466e-03
1.1319685775e-02
-3.5900673151e-03
-8.9173772660e-03
4.4785595598e-02
-1.4436994807e-02
2.4543385768e-04
-1.4668845641e-02
1.8156165757e-02
-6.8383110466e-04
2.1407692509e-02
-6.8287001938e-05
-3.8701892894e-03
1.6012788510e-02
2.4156941985e-02
-1.1752036228e-02
-1.0946269670e-03
2.1152657340e-03
9.9687013321e-04
-7.8070613557e-03
3.5557805639e-02
2.9730715929e-02
-1.4556164245e-02
-7.9184738490e-03
2.6865828812e-02
9.2971602139e-03
-1.4372677852e-02
-1.0928430089e-02
7.3369509482e-03
-2.9744215493e-03
3.1787640620e-04
1.4028112614e-02
6.5253989952e-04
3.2559562880e-03
3.5502390772e-03
-9.1526142152e-03
-7.6047161530e-03
-7.6868807086e-03
4.8615038735e-03
6.3875909139e-03
3.4136834541e-03
-8.1576102409e-03
-1.0780589799e-02
1.0586532924e-02
4.4486101109e-02
5.3651794661e-02
-7.0117935136e-03
-2.6696169101e-03
-7.3570609976e-03
-5.1105458593e-03
-9.4184594216e-03
5.0063470698e-03
-1.4111645476e-02
-1.5960588264e-02
-1.3358241684e-02
1.0965738745e-02
6.5992809914e-02
-9.2451871486e-03
-2.3169849062e-04
2.9086564394e-02
-1.6341911823e-03
-9.5534030132e-03
5.7638524409e-03
1.2274549429e-02
-1.1294653502e-02
5.9247567457e-03
-1.1209249915e-02
-6.7453443521e-03
-9.2138253968e-03
-1.5518063793e-02
-2.5623451485e-03
7.0953596389e-03
-8.1982600884e-04
-6.4915960822e-03
2.0271383208e-02
1.1309729834e-02
-3.7576467866e-03
-4.7028733517e-03
-1.7787554586e-02
-6.1525357595e-03
-7.5647105680e-03
1.7813559162e-02
-5.3061342078e-04
-5.7167924184e-03
-1.4305700396e-02
3.3666073755e-02
2.4510474090e-02
-6.2416863102e-03
2.5980888755e-03
5.5078438075e-02
-2.6212204694e-03
-7.6989072136e-03
7.2808146827e-03
-9.4453491682e-04
6.3652767042e-03
-3.6450402851e-03
-3.2790664858e-03
4.6357228001e-02
-8.8012711469e-03
2.6239613888e-02
2.7942753955e-03
-1.0961303461e-02
-1.3001666108e-03
2.2241735090e-02
-1.4401977286e-02
6.3333628648e-03
-2.4816526897e-03
-7.2948671551e-03
-1.4994136167e-02
-1.1580019270e-02
4.4362250298e-03
-1.9493337454e-02
-6.9545538412e-03
1.9689066735e-02
-4.5719482066e-05
-7.2123145102e-05
7.0291191697e-03
1.3012319933e-02
-5.1523745800e-03
-8.3110669627e-03
1.5034152343e-02
-2.6976719232e-03
7.9999162681e-03
-4.8680973658e-03
8.2052783341e-04
-2.7946941181e-03
-1.7954730895e-02
6.5013771764e-03
1.6840563125e-02
4.9510861208e-03
5.4462784547e-03
3.3022333282e-03
1.7945643621e-02
4.2217278771e-03
2.8093793523e-04
-5.1254248387e-03
-6.6479600314e-03
-2.1085059575e-03
1.7379825115e-02
-8.4005623342e-03
5.2389276680e-04
2.1024814934e-02
-3.3205433180e-03
1.0449304042e-02
2.0668888199e-03
4.5163365096e-03
8.3676250177e-03
-3.2884184529e-03
-8.7209003562e-03
-6.8721469918e-03
1.9650790280e-02
-1.0515864068e-02
-1.4366647308e-02
8.1486091402e-04
-8.5181608150e-04
-4.1380905823e-03
4.3857201087e-03
-7.6366780318e-03
-1.0075538017e-02
-1.1682486305e-02
-2.4846061588e-03
3.0151784096e-02
-3.4428596249e-03
-7.8356715394e-03
1.7550818204e-02
-2.4866945092e-03
-1.8965751235e-02
-8.4442270468e-05
1.2375804296e-02
-1.1583962919e-02
-1.9765243730e-02
-1.5262550064e-03
2.9713703800e-02
-8.8799611656e-03
-2.0673618404e-02
1.4681113465e-02
1.4287333515e-03
2.7572764057e-02
4.8299546327e-03
3.0153113575e-02
6.0327105614e-03
-1.6252276416e-02
-2.0961582031e-03
4.7790996189e-03
1.1665817959e-02
-1.1533687475e-02
1.1744422089e-03
1.1265277546e-02
1.5566489531e-02
-1.0808371808e-02
-6.8671248752e-03
-3.1773972021e-03
3.4727548655e-03
-4.1010780363e-03
-8.9347755973e-04
-1.0816639379e-02
1.6832922604e-02
1.6159857504e-02
5.4688640298e-03
-1.9788573872e-03
9.8593684682e-03
-8.0619654341e-03
-6.4160837047e-03
5.0991326191e-03
-2.3446134429e-03
4.7762398799e-03
-4.7223167609e-03
1.1892453333e-03
6.3131723372e-03
3.0760807138e-03
5.7189984124e-03
-1.1772835057e-02
-1.7011241436e-02
-1.3295872467e-02
1.9347840356e-02
2.8193900368e-03
-4.9910069631e-03
-1.3475974289e-02
-1.2056712400e-02
-2.5372234556e-03
-9.1193140280e-03
6.6901792360e-03
-1.7726178385e-02
3.0430557334e-03
1.2584341719e-02
-1.9506300057e-02
-1.8226595159e-03
1.1649685660e-03
1.1992941145e-03
2.6640941617e-02
3.4685609544e-02
2.9206541250e-03
1.4717655560e-02
-2.3511553633e-03
9.7385044432e-03
1.3768641127e-05
-1.2768502559e-02
-2.3055832455e-02
-6.6353107865e-03
-1.3736798585e-02
2.2279100779e-02
-5.4103377584e-03
-1.4621943277e-02
-1.3511429908e-02
-7.7468525651e-03
-1.5670236690e-02
1.1676897531e-02
-1.2338983776e-02
-2.4385549585e-03
-1.1142740388e-02
1.1131384019e-02
-3.3729535040e-03
-1.6048970209e-03
-1.1888916327e-02
1.6614773588e-02
-1.1986763258e-02
-7.5163631405e-03
-1.0821011507e-02
-1.4733823176e-02
9.2276716976e-03
3.1056930165e-03
-1.1212269621e-02
7.4612846963e-03
1.7012082204e-02
3.2513789069e-03
-2.0951484102e-03
5.5861724391e-03
-8.4996134255e-03
-1.1215723380e-02
1.4046960058e-02
-5.9211038644e-03
-5.7066127626e-03
2.4670444365e-02
1.5980026618e-02
-8.6852250871e-03
-1.7684235261e-02
-6.1462493834e-05
-1.0363956234e-02
-2.5750826350e-02
-3.8113972389e-03
-5.6827274094e-03
-4.7028417053e-03
1.0430076124e-02
-1.6758323526e-02
1.3187641748e-05
-1.5749245871e-02
-2.7111874649e-03
-2.7583191418e-03
-5.8462578080e-03
2.7331461177e-02
1.6114869946e-03
-6.5665547317e-04
-1.8246252401e-02
1.0910376130e-02
9.1615690850e-03
5.5577472700e-03
2.2497201000e-02
3.1804597673e-03
-2.5724860535e-02
-1.8925138634e-02
-1.7126876129e-02
4.2072679208e-04
-7.7203691598e-03
-1.0567043906e-02
-1.5690667662e-02
-1.9569537829e-03
4.3207190379e-03
2.8328418033e-03
5.3954640886e-03
-1.5486631441e-02
-5.7236287601e-03
6.7009689469e-03
2.0072935862e-02
-1.7516764460e-02
3.6657309726e-03
7.1670106931e-03
-1.6810044814e-02
1.9427562384e-02
1.6374616344e-02
-1.2938495537e-02
3.0397196981e-03
-2.1404204734e-03
-1.3668924673e-02
1.5812937691e-02
6.2305457606e-03
2.3182190354e-02
6.8681960275e-03
2.0866124339e-03
7.0091626681e-03
-1.1787677992e-02
7.7972365462e-03
-1.0703520280e-02
7.8777457769e-03
-3.3464171075e-03
1.4003170939e-02
-9.5496384735e-03
-2.3416693645e-03
-8.2854330516e-03
-7.7801845212e-03
-1.4231659630e-03
-7.6809997540e-03
3.2794266175e-02
-1.2628792995e-03
-2.2010378923e-02
1.1473041994e-02
-7.6657917829e-03
-3.8978765677e-03
3.4682719895e-03
-1.4985919997e-02
-3.2508150026e-03
2.8301025098e-02
6.1190394932e-03
-1.6317562542e-03
6.1916881972e-05
-8.8925541018e-03
-5.3802156487e-03
1.1190299080e-02
5.6656854254e-03
1.2495195717e-02
-9.0636020962e-03
3.4335910114e-03
-4.1349958910e-03
-9.8357045455e-03
-2.2329243366e-03
-5.9110370114e-03
-5.1357674125e-05
-1.4647867493e-02
-1.0704904979e-02
2.6541621931e-04
9.6513535970e-03
-1.6344614141e-02
4.0707179332e-03
-8.9584874617e-03
-5.2209270001e-03
1.3421269694e-03
4.6275404279e-03
-1.1490336326e-02
-1.2734766250e-02
4.8256045646e-03
5.8513597566e-03
-9.7545053916e-03
-5.7972242293e-04
-1.8761816401e-02
-5.0358579134e-03
-2.1028814305e-04
2.6707732377e-02
6.8704461636e-04
-1.0269869332e-02
4.7992387685e-03
1.3175683692e-03
-1.3473422287e-02
1.6215337409e-05
4.6441329609e-02
1.3505349632e-02
3.3005365090e-02
3.6455808930e-02
3.7416570247e-03
-9.6167425007e-03
-1.7024921205e-02
-5.1695528004e-03
-1.6736855185e-02
1.3723628747e-02
-3.6193744280e-03
-1.2854541791e-02
-3.9500311653e-03
4.4672262262e-03
-1.0903185035e-02
-1.0135806775e-03
-5.4464035136e-03
1.7982369230e-02
5.7150396385e-03
-9.8367939721e-03
9.8310972435e-03
7.7480908119e-03
-3.0378173390e-04
-1.1153041240e-02
-2.3720963754e-03
-2.8675355679e-03
8.5904036905e-03
5.0263347046e-03
3.7488348284e-03
1.3373438123e-02
-4.4456181754e-03
-7.8453566732e-03
-3.3019777607e-03
9.4883866451e-03
2.5847373734e-02
8.6677059284e-03
-7.5459668276e-03
1.4975734380e-02
1.6932037843e-02
4.4933739306e-02
3.0979654893e-02
-1.2704676023e-02
-1.8071591614e-03
1.3099365709e-02
2.5246111641e-02
3.4986488574e-02
3.6038459531e-03
-9.4790800690e-03
1.4908904424e-02
6.5144880934e-02
3.0868930527e-04
1.7957194573e-03
2.2904920933e-03
-1.8340886184e-02
-1.1115548939e-02
-1.7564668529e-03
1.3323724251e-02
-1.6317841814e-02
2.0780341676e-03
1.9799240222e-03
-2.3529357772e-05
1.7009098243e-02
-4.7644581593e-03
-1.8000432115e-02
-8.9073395858e-03
-1.4439614020e-03
1.9846688783e-02
-1.7336141552e-02
8.6723515285e-03
5.7691418448e-03
-5.5226882376e-03
1.7793318858e-03
-7.5093136511e-04
-2.6571186251e-03
4.3311589773e-03
-2.2921235880e-03
1.2202116169e-02
4.0511762220e-03
-9.6805328095e-03
4.0378562552e-02
1.0829090455e-02
-1.3655757467e-02
-7.8597056680e-03
-9.7626349835e-03
4.8045804978e-03
-1.1344489927e-02
6.9449238150e-03
-8.5547461119e-03
-1.4311116515e-03
-4.5281578247e-03
-2.5121628796e-03
8.5778475598e-04
-2.9859723886e-03
-1.2968113824e-03
-7.9702129042e-03
-4.1942275414e-03
9.0327634042e-03
-7.8744251602e-03
-8.7196280402e-03
-7.9348447391e-03
4.4034688288e-03
-1.6141074166e-02
-8.8915690144e-03
-1.1236367316e-02
5.8176911941e-03
-6.3194957545e-03
-9.0304226337e-03
3.0643526999e-02
-7.1076455521e-03
-9.8962762359e-03
1.8527432386e-02
-1.7388295514e-02
-2.6022245872e-04
3.8457592607e-03
5.2419404658e-03
2.3571145575e-02
-9.9246261757e-03
-1.2389653255e-02
-7.0311455470e-04
-1.1008786552e-02
1.9132128834e-02
-1.2739115553e-02
8.4496415870e-03
-1.1331477379e-02
1.6066211584e-02
-1.9558826860e-02
-8.6735494637e-03
-1.7346976127e-02
-5.9598215253e-03
-9.9486535148e-03
7.8143660713e-03
1.4531203067e-02
-6.2711408168e-03
-1.4412543490e-02
1.1399839199e-02
5.9801465254e-03
-9.2020360543e-03
1.0546790069e-02
-1.6928657866e-02
-8.5891666026e-03
2.3087816491e-03
4.9939473323e-03
6.5514937352e-03
-7.2531073992e-03
-1.9872017841e-02
-8.4108393021e-03
2.3282705205e-03
2.0063598901e-02
-1.1880788890e-02
-4.0378203216e-03
3.6407677129e-06
1.4644765472e-02
-5.5987392454e-03
-1.5986665197e-02
-2.4068831291e-03
4.5662525457e-03
5.4771817202e-03
1.4334029279e-03
-1.1729572303e-02
-6.7258849022e-03
-9.3281821890e-03
-6.5058570926e-03
-1.3305482796e-02
6.4087962866e-03
-4.5854484974e-03
2.3365719371e-02
2.2547205842e-02
-3.7511887070e-03
2.2009157126e-03
2.2185457382e-03
2.1645486323e-02
-5.1185781759e-03
1.8593806773e-02
-4.8985476261e-03
-1.8598842651e-03
9.6522007190e-04
-3.4387923406e-03
-9.4778714013e-03
-1.3018129533e-02
2.0549007075e-02
1.7182389452e-02
2.1707170042e-02
-4.7963692703e-04
8.0816991703e-03
1.9037875017e-04
-7.9543125029e-04
4.7962084386e-03
-1.2854879091e-02
1.1208464609e-02
-9.5938773763e-03
1.4587390295e-02
2.3099763478e-03
3.9974923693e-03
1.0439287499e-02
-1.3614911790e-02
-1.4828132454e-03
-8.0678021159e-03
-9.0568423709e-03
1.1639598481e-02
-9.8349085834e-03
-8.0684960163e-03
-7.0728245054e-03
-3.5995951658e-03
2.6157647966e-03
-1.5282246753e-02
2.3004741600e-03
1.4286162847e-02
-3.7250045761e-04
1.6506307814e-03
2.6388331048e-02
-4.7096240836e-03
4.4212653839e-03
-3.5969832246e-03
3.8304983114e-03
-1.5207405515e-02
-5.1384303714e-03
3.8771859770e-03
1.4333001819e-02
-3.1975828008e-03
2.2095169024e-02
-2.9030285302e-03
2.8720052573e-02
2.3026900335e-03
-1.1140026111e-02
-5.3153197580e-03
4.7561593573e-03
4.7641174766e-03
-1.1070791510e-03
6.0367164963e-03
7.3383386915e-03
1.4362165941e-02
6.4340527159e-03
-4.0071958663e-03
3.7057794814e-03
2.1086257497e-02
-1.6375349563e-02
-1.4895326531e-02
-9.1063235902e-03
3.2509672592e-02
1.4833545977e-02
-4.8291826280e-03
-3.2989075144e-03
3.4022786558e-03
-7.5044673996e-03
-6.9486534031e-03
-9.6441136884e-03
8.7016455632e-03
-1.2303322537e-02
-1.7689713845e-03
9.2246419495e-03
2.2109298673e-02
-7.4531979981e-03
3.9394728710e-03
-1.7910681943e-02
-1.5331257306e-02
-7.3959826514e-03
8.8146918384e-03
-5.4537646157e-03
-5.7597711695e-03
-7.6414330914e-03
-2.2175230417e-02
-5.0289483650e-03
-1.3540697727e-04
1.9592375554e-02
-4.4139749133e-03
5.1656008147e-03
-2.7212326962e-03
-7.0102463624e-03
-5.7072511640e-03
-1.5638704986e-02
1.4894639150e-03
5.5800995047e-03
7.9730699484e-03
-1.5607069719e-02
1.2060445137e-02
-8.5638786879e-03
-1.8393593782e-02
1.9835625695e-02
-8.5259318630e-03
-5.9417903025e-03
3.0758305188e-03
-1.1687533199e-02
9.8567094274e-03
-1.5505356717e-03
-1.1377163188e-02
7.9102318643e-03
-1.1187365733e-02
-1.1677352233e-02
4.0886915283e-03
2.1263123628e-02
-8.2606458489e-03
-6.9927888300e-03
1.7148747571e-02
-1.6493176858e-03
-1.4851568263e-02
-4.7843303099e-03
-7.5181252469e-03
-8.6186413796e-03
-1.8876857608e-04
1.9229726337e-02
6.2397835863e-03
4.6676478380e-03
-6.6943274100e-03
6.0034742383e-03
-1.1829653384e-02
-7.1044507817e-03
-7.1124443761e-03
-1.1557598596e-02
6.0142313244e-04
5.5859503694e-04
-1.3183026959e-02
2.7778433717e-02
-1.0012289068e-02
3.8373631899e-03
3.7458049825e-03
1.4569048520e-04
8.2240998721e-03
-1.5033442151e-03
5.2358259946e-03
-8.1803994715e-03
-1.7229263869e-02
-2.3022876839e-03
5.4484334084e-03
-1.1005176283e-02
4.1988272669e-02
-9.3613703883e-03
-4.3148610793e-03
1.1935265767e-02
1.5142665813e-02
-8.0503334731e-03
-1.4188384117e-02
-6.6948345208e-03
-1.4942913264e-02
-4.8150824161e-03
-9.9071638663e-04
6.3820205892e-03
-9.3392923199e-03
8.4559909647e-03
-9.0686778252e-03
-1.6221196695e-02
-1.9943057487e-02
-4.4711966501e-03
1.2147421877e-02
-6.2607816140e-04
-8.1338145941e-03
1.6602987698e-03
1.6757598158e-02
1.1615651268e-02
-7.3201539402e-03
-7.7517904376e-03
1.4672090289e-02
2.2084712097e-03
-8.5250885896e-03
-7.2785479452e-03
-6.9031056713e-03
1.1387722593e-02
-1.4509235427e-03
-1.1370454186e-05
1.9322480370e-02
-6.9814175221e-03
5.7473712854e-03
-1.7600058126e-02
1.9267786646e-02
2.3651783668e-04
1.0586729471e-02
-1.7965956852e-02
-1.0216760522e-02
1.1734410359e-02
-1.4297979384e-02
3.3105890362e-03
-1.2947672900e-03
1.6518434940e-02
-1.8001406953e-02
-7.9868207133e-03
-1.6890807953e-03
1.7101339359e-02
-6.8112362038e-03
4.7507276067e-03
-6.7383701664e-03
2.7862551991e-02
1.8009539248e-02
1.1483958623e-02
-5.0119805818e-03
3.5993856184e-04
2.2696348403e-02
-1.5880308516e-02
-5.5466719244e-03
1.9080462349e-02
-1.1992793435e-02
-1.1643373440e-03
-1.9788791371e-02
-1.6356187389e-02
1.3711223400e-02
2.1778714252e-03
2.4421388475e-02
-6.2555834017e-03
4.8827274106e-03
-8.0747986979e-04
8.1412111345e-03
1.7363758655e-02
2.6560380281e-03
-5.2847986709e-03
1.1117416457e-02
-1.3299242560e-02
1.1071589449e-02
-1.8729811235e-02
8.1582842515e-03
-6.3042303131e-04
-4.9686105809e-03
-1.8005144482e-02
-1.2370482915e-02
3.2558803767e-02
-4.0671328618e-03
-1.5457601837e-03
1.0017743058e-03
-1.5272451476e-02
6.4980135696e-03
-1.4064158321e-02
-4.4563176806e-04
3.1657304418e-03
-2.5402934117e-03
-1.5748657558e-02
1.8677231394e-02
2.0367733712e-03
4.9573826526e-04
-1.8237462771e-03
4.4184623750e-03
-4.6183123324e-03
-1.5261223560e-03
-6.6842631308e-03
2.8879049076e-03
2.1387890473e-02
-3.3463045589e-03
-4.0704865339e-03
-2.8462084019e-03
4.8453507075e-04
-8.0520666173e-03
3.3934732480e-03
2.9821725593e-02
9.9789846352e-03
-5.4235734265e-03
-9.2825526065e-03
-7.8577372758e-03
1.2634508101e-02
1.0642505511e-02
-5.2509361806e-03
-3.5486580044e-03
-5.0343153182e-03
1.1271119404e-02
9.6320066790e-03
-7.6870170168e-03
-5.0679085266e-04
-7.4464867218e-03
-8.4001907422e-03
5.3333607137e-03
-4.1338488806e-04
7.8443117327e-03
3.7574789354e-03
9.1890110137e-03
-5.7028181496e-03
-8.2590576070e-03
-1.3201690937e-02
-3.3994393216e-03
1.6252066747e-02
1.1853479676e-02
2.5136839184e-02
-1.7237878721e-02
-7.1448696039e-03
-1.5014014488e-02
-2.4163457929e-03
-1.0467324496e-03
1.0477147796e-02
-1.2047851427e-03
-7.5251236396e-03
-6.3686699538e-04
3.0778588429e-03
4.1100988895e-03
5.6160940393e-03
1.0709524532e-02
-1.0553480712e-03
1.9262152370e-02
4.7750738318e-03
-1.2160615936e-02
-1.9794234970e-02
9.8916606687e-03
3.5530082001e-02
1.5418600976e-02
-2.7084090748e-03
-1.7168758098e-02
-1.1733681607e-02
1.1212883632e-02
-2.8383139175e-03
-9.1042496806e-03
-1.6407253553e-02
-1.4114849472e-02
1.5773721570e-02
-4.8624315922e-03
-6.0973645307e-04
-6.1057156185e-03
1.5522118251e-03
-1.4368881437e-02
-1.0676741964e-02
2.4237796662e-02
-1.0316539701e-03
-7.8240986232e-03
-1.6202241825e-02
-2.7693150650e-03
-6.2358294665e-03
-1.9512426669e-03
-1.7626375653e-03
-7.3377221180e-03
-1.3152973662e-02
1.1514717802e-02
7.4541843232e-03
-1.8243167475e-03
-8.9396552196e-03
-1.8523087223e-03
2.5491750222e-03
-1.6849902796e-03
-9.8506699976e-03
7.3053426847e-03
-4.2990761612e-03
-2.4016823130e-03
-1.5078585796e-02
1.7419507010e-02
-2.9832121935e-03
-1.1274176962e-02
4.7456430749e-03
-7.6663591107e-03
-1.6403061193e-02
1.2100023709e-02
9.3769405602e-04
-1.1764811143e-02
-1.4602588876e-02
1.6476654367e-02
-1.2238213265e-02
-1.1729398343e-02
-8.1924049091e-03
2.8463994993e-03
3.9732843628e-03
1.4808976325e-02
-5.5584201967e-03
-4.4471426761e-03
-4.7804084128e-03
2.2583704227e-03
3.1091718906e-03
-9.6158992236e-03
-8.3713512205e-03
-4.0706263795e-03
3.9007921313e-03
1.1419454360e-02
9.3072082412e-03
-1.2014928094e-02
-5.6774599525e-03
-1.0688842276e-03
-2.8196542627e-03
-1.6033093856e-02
-2.1321429687e-03
-2.1793448495e-02
1.0379100683e-02
5.7077988248e-03
1.8241089334e-03
1.3946040208e-03
2.7126157611e-03
-9.8149598968e-05
-1.3386973075e-02
7.1437750633e-03
2.3325772589e-02
1.2068875172e-02
-1.7683984984e-02
-1.5139091808e-02
1.9491419932e-02
1.3866078032e-02
-1.7311778465e-02
6.1140247855e-03
9.0811901441e-05
-1.0456120359e-02
-2.1420993256e-03
1.6259922568e-02
3.5913147069e-03
-6.9447990555e-03
9.0144418715e-03
-6.7428271131e-03
5.6253684893e-03
-2.1182040778e-02
6.9140365047e-03
1.0187219116e-02
1.2808984811e-02
-5.0988759010e-03
-1.0849829240e-02
7.6479721531e-03
-5.2301682764e-03
2.0454881397e-02
-1.1288604313e-02
2.2480154237e-02
8.5075205588e-03
1.1090467057e-03
-4.8082320537e-03
-3.3899437743e-03
3.7810746613e-03
1.2071493092e-02
-4.7096301864e-03
1.3241767596e-02
-7.0928533750e-03
-5.4617712802e-03
-8.9086276652e-03
3.3925261351e-03
-1.0604336805e-02
7.9392107667e-03
-9.6918778847e-03
-7.4290488425e-03
3.5602889122e-03
-1.4299969304e-02
1.6475319304e-02
5.5761217094e-03
2.6203136316e-02
7.6029766960e-03
-6.1977214489e-03
2.4797426673e-03
-8.6699225665e-03
1.6233160674e-02
1.0900014319e-02
1.1122628895e-02
-4.3767555105e-03
-8.3274329908e-04
9.6469719237e-03
-1.2196218176e-02
9.8833872322e-03
-1.0435505311e-02
-6.6257153978e-03
4.0885147798e-03
-7.0734959061e-03
-8.9753530656e-03
2.4177386463e-02
3.0305461075e-02
1.1816920737e-02
2.8202667327e-02
1.1074373662e-02
-5.7337053322e-03
5.7689423556e-03
7.5105232484e-03
2.5603272827e-02
-5.3340314888e-03
-1.3673768748e-03
1.5091060453e-02
1.5768862524e-02
-1.7322279897e-03
1.6599500664e-03
-2.2912835817e-03
-1.9827880379e-03
1.7231283512e-02
4.2034790248e-03
8.1301752744e-03
1.2529691027e-02
-8.2965627617e-03
-1.2561552995e-02
-1.2071763083e-02
-6.5955422642e-03
-1.3100235108e-03
-1.6931520518e-02
1.4557559925e-02
-5.5195748167e-03
-9.3574889623e-03
-8.5661510212e-03
2.6795499167e-02
2.7318740277e-02
3.3251433094e-02
-1.2440865742e-02
-5.1278678254e-03
-1.4419384036e-02
-1.4777483807e-02
3.0870882987e-02
-1.2188229313e-02
-1.5147463880e-03
-1.1013515493e-02
5.3747963983e-02
2.5617758909e-02
-2.6488948438e-03
1.2717115830e-02
5.0748224038e-03
8.5643001687e-03
-1.5337305100e-02
-1.6066600854e-02
1.4377673785e-02
-1.1423205498e-02
-1.4370158226e-02
4.7278568713e-05
-1.1319948404e-02
3.5975718111e-03
-6.9206515388e-03
3.2388117789e-03
4.0123812037e-04
-4.7530456877e-03
-2.4439413716e-03
1.4974046730e-02
-1.4714507037e-02
-3.5458508288e-03
-5.5961771374e-03
1.7669960602e-02
-7.9061565948e-03
1.9486286689e-03
-1.0252668974e-02
-1.6864789411e-02
1.4184458155e-03
3.5517302689e-03
4.9561744722e-03
5.3960537576e-03
-1.2248732831e-03
6.2401714092e-03
9.5912967948e-03
-2.6227616728e-03
-5.8692358583e-03
7.8045296993e-03
2.2582376124e-03
5.6083799382e-03
-1.8926722500e-02
1.4798708672e-02
-3.0590283581e-03
-6.9615394269e-03
1.2813263448e-02
-2.6615476119e-04
1.8010494021e-02
-4.9399247983e-04
5.9610498141e-03
-9.8301035789e-03
6.4761870281e-03
2.1193738107e-03
-9.6721548485e-03
-6.2898324140e-04
1.4152729344e-02
6.9645889221e-03
-1.3697618008e-03
-1.5121500066e-02
-1.0868853548e-02
-9.7743220867e-03
6.2201142070e-03
1.0671532695e-02
1.6082890382e-02
1.1092808549e-02
8.3558357798e-04
1.7966303261e-03
-1.3716645978e-02
6.5646815535e-03
-1.4634124086e-02
1.3737093920e-02
-2.0859274634e-03
3.4513319518e-03
3.1337037553e-03
-7.8061734943e-03
-9.2352896473e-03
1.1254920471e-02
2.3454185844e-02
-1.6062331029e-02
-2.9096710598e-03
9.2452490632e-03
7.4711220779e-03
-1.1221037369e-02
7.7054877998e-03
6.8992095615e-04
-1.1771475202e-02
1.9900147436e-02
-6.6654335234e-03
-1.7186150456e-03
-2.6279029316e-03
4.4491156772e-03
-1.1118469287e-02
2.4351321464e-02
1.1929148023e-02
-3.8845812147e-03
1.3436072884e-02
-1.4225548019e-02
6.8349545124e-03
4.1157860628e-03
1.3006576068e-02
2.3569704039e-02
-8.1181603292e-03
2.0947969725e-02
1.9587001634e-02
-1.9266959703e-03
-9.1617230991e-03
-7.5775418462e-03
5.0180415866e-03
-1.2829078163e-02
3.0429262737e-03
5.9637731149e-03
-1.9498961039e-03
-5.9842174726e-03
9.0830923530e-03
-1.6610017287e-02
9.0912427986e-03
5.5402244706e-03
1.5217307727e-02
-9.0447691801e-03
4.8738815116e-03
-9.5430910103e-03
2.8023519835e-02
5.5756530503e-03
9.4926812457e-04
-3.5006148888e-03
-2.2583925244e-02
1.9600814565e-02
-7.6521110846e-03
-6.7323007868e-03
-8.4855106968e-03
-1.6536093929e-03
-8.6492073186e-03
1.8626446484e-03
1.6287651380e-03
-9.8053982533e-03
-8.5858653425e-03
-8.2116261864e-03
-5.7824399099e-03
-6.4547347744e-03
-8.6077213323e-03
-1.2915268904e-03
3.6751111841e-03
6.5623873786e-03
8.4871343455e-03
1.7560969396e-02
8.5435070965e-03
-1.0050032762e-02
-4.7651230808e-04
-3.8184909578e-03
-3.1136093065e-03
6.9467422111e-03
5.5108983439e-02
2.1789304913e-03
-1.0819753211e-02
-7.6786957694e-03
-3.0070799791e-03
-1.0318022878e-02
2.8345721083e-03
1.3884916646e-02
1.0919465903e-02
-4.3728399002e-03
3.2587921458e-03
-1.1755157173e-02
-1.4095437709e-02
-9.5469839086e-03
-1.6608698113e-02
-1.0586698392e-02
4.5210003296e-02
2.9989120849e-02
7.7131870409e-03
1.2080662427e-02
-5.5049530798e-03
4.7036505935e-04
-1.0001142246e-02
-2.2456188790e-03
2.3491993468e-02
1.8243558710e-02
1.4888477829e-03
-1.6062737351e-03
-2.2379379915e-02
-8.8212238149e-03
-1.3800659207e-02
-1.0962928408e-02
1.8774184067e-02
-7.7380113696e-03
3.4043280460e-03
-6.4637589319e-03
-4.6377785650e-03
4.2257898237e-03
-1.2339369630e-02
-1.2729373554e-02
1.4629849310e-02
-1.1530407067e-02
1.4538689648e-02
3.1197129913e-02
1.5605098087e-03
1.0659399246e-02
1.0957360932e-03
4.1499289668e-02
-1.2546772865e-02
3.8046770333e-03
1.1018540008e-03
2.0970313219e-03
1.4052381847e-02
5.2318806969e-03
-6.8482811383e-04
-1.0562041684e-02
1.5576073787e-03
-1.0975877627e-02
-1.2999581401e-02
7.3840180885e-03
3.3994898313e-02
3.4852478039e-02
7.2779350432e-03
-6.2022056344e-03
1.4902723570e-04
1.6572021918e-02
5.0785317016e-03
-1.1638730436e-02
1.8280469985e-02
-5.4374601815e-03
-2.0967006524e-03
8.5707680659e-03
7.2059044902e-03
-8.9392075033e-03
4.8582678479e-03
5.1500680158e-03
-1.5725139508e-02
-1.1151795004e-02
-8.7417520372e-03
6.4477661172e-04
-6.2333354134e-03
-4.9394221428e-03
6.3033559220e-03
-1.8497861744e-02
1.5117615144e-02
-4.1773941805e-03
-3.9902158471e-03
-9.5256183929e-04
-3.3119994091e-03
-1.2082990104e-02
-1.3256477901e-02
1.1458285647e-02
-5.9354732892e-03
7.9112800153e-03
-2.5958995877e-03
9.2855092718e-03
-1.2839409914e-02
1.4637391244e-02
-2.2220247676e-03
5.4091602395e-03
-7.2852202692e-03
3.5590545644e-03
-5.3576152548e-03
2.0676663705e-02
-6.3979760123e-03
-2.5055810923e-03
-8.0548031760e-03
-7.8981751784e-04
-6.1791406408e-04
-1.4114805427e-02
1.0693165829e-02
-1.6785749901e-03
-1.2896853164e-02
1.0326626563e-02
1.5078710762e-02
-1.8055303460e-02
-2.5083103810e-03
-9.5757312094e-04
-8.3217272704e-04
5.4776527556e-03
1.3238688053e-02
7.6245673152e-03
-1.5624076517e-03
-7.9626142763e-04
-1.8212342344e-02
-1.1698539204e-02
-2.1886767862e-03
2.5620344060e-03
5.2591282082e-03
-2.0977113864e-03
1.8917236609e-02
-3.5265771204e-03
-1.5207286742e-02
-1.2190712769e-03
1.6445650577e-02
-6.8148031743e-03
-6.8233911648e-03
-5.9745415818e-03
-1.1910706296e-02
5.6099053239e-03
-3.0593497508e-04
-1.4774653879e-02
-2.1215451705e-02
3.5823975249e-03
-9.4751305835e-03
-6.4072216012e-03
-1.3482496928e-02
4.7547505860e-04
3.4301893235e-02
1.3797635408e-03
-1.7779810156e-02
-2.8849574902e-03
3.3162141034e-03
-4.7538487697e-03
1.1054833171e-02
-1.1343344494e-02
1.3649504671e-03
-9.5748014166e-03
-4.3852400649e-03
-5.5610490986e-03
3.9509872236e-03
-7.2408012524e-03
1.2010225749e-02
-6.0595040381e-03
-6.5376981449e-03
2.4977299168e-02
8.6035642049e-04
-1.1757950799e-02
1.3533370246e-02
-7.4716791089e-03
-9.5233845652e-03
2.0004963857e-02
2.3020159574e-03
-1.1623267690e-02
-1.6159529822e-03
-9.5874149363e-04
4.2387897129e-03
-8.5669420385e-03
-9.8388290385e-03
-5.2349427108e-03
-2.3222005434e-02
1.2569494317e-02
1.0415702890e-02
-1.8835879360e-03
2.0230024166e-02
4.2468984984e-02
-2.6338659804e-03
3.8596359024e-03
3.7849272844e-02
1.7183439894e-02
-6.5931325426e-03
-1.1453779321e-02
4.7959389045e-04
-1.6459228131e-02
-3.5282016593e-03
4.5228515672e-03
-3.7539933649e-03
5.6938859699e-03
8.4824884705e-03
-1.8717890819e-02
1.2579496501e-02
-5.8210835912e-03
-6.5671778897e-03
-7.7752169504e-03
-6.6250884820e-03
6.2041474536e-03
-8.4463665696e-04
1.3168958258e-02
1.8828390559e-02
-6.3553298066e-03
-2.7354782991e-03
1.1542789826e-02
2.1380935464e-02
-3.0697899570e-03
-5.1474520215e-04
2.5389942784e-02
9.2184605455e-03
3.0605829048e-02
1.3464741821e-02
-6.5151337811e-03
2.6148335779e-02
1.6513988904e-02
1.7542433706e-02
-1.0407229688e-02
-8.7485962746e-03
1.1760887259e-02
-1.0366341879e-02
-3.0564748100e-03
-9.2288281978e-05
2.2993741026e-02
-1.1229076605e-02
-2.1356793874e-02
-1.6269225510e-02
6.5937464454e-03
3.3688365083e-02
-1.3468774543e-02
-7.0341026091e-03
1.4906384909e-02
2.0833595693e-02
-3.0555161432e-04
1.2463174888e-03
-7.5463168388e-03
-1.3812304783e-02
-4.2789195629e-03
-2.3100829368e-02
6.5606409687e-04
-1.6901781282e-02
1.5510358614e-02
-2.0026352548e-03
-4.9046437581e-03
-6.6196692098e-05
-5.6859272178e-03
-1.0098545788e-02
1.1124238763e-02
1.4647608045e-03
-2.7741448281e-03
-2.7786604556e-03
-1.2949055528e-02
-1.0250415637e-02
5.7894771457e-03
-1.1332019334e-02
-1.4910130614e-02
1.6814247804e-02
2.9834651090e-02
-1.0261952856e-02
2.7280021582e-04
-1.3752268322e-02
2.0439542036e-02
-3.4263904428e-03
-1.2521248513e-02
-9.9200057152e-03
-7.6805753311e-03
-5.5605643683e-03
-1.9019120365e-02
-8.7366127664e-03
1.2877525839e-02
-9.7979598853e-03
-1.4445874939e-02
-1.2675265407e-02
5.0257841759e-03
3.2228232188e-03
-1.0059407082e-02
7.5066756929e-03
-6.2428506815e-03
1.3498297315e-02
7.2558678410e-03
-7.0792159040e-03
-7.9645780682e-03
-1.2832260922e-02
6.2900791691e-03
-2.6874878559e-03
5.5855255808e-04
-4.1392194231e-03
-8.0599206976e-03
1.8776912619e-02
-6.3149450371e-04
4.7461003046e-03
9.2069590753e-03
-2.7181127745e-03
6.9489109918e-03
1.7487199803e-02
-1.1355524558e-03
-3.2013174742e-03
1.4731734522e-02
2.6673388768e-02
7.4495357597e-03
-2.0398690759e-02
-7.8915994264e-03
-2.9819307837e-03
5.1061234653e-03
1.9575520696e-02
-8.6835660755e-03
7.1933627536e-03
1.4811401599e-02
-8.0412954679e-03
1.1535258515e-03
-4.3285783841e-03
-6.3739598927e-03
2.1296083840e-02
5.6355631863e-03
-8.1302719441e-03
1.2033639792e-02
-9.3437461266e-05
6.1744719336e-03
7.3336805431e-03
-1.3640065854e-02
1.7178953841e-02
-4.0843195402e-03
8.2145679881e-03
-1.0518487898e-02
7.5119421459e-03
-7.6586664500e-03
-1.8803591170e-02
-1.3620044893e-04
-2.6215320240e-03
-4.1208405206e-03
-8.2058973947e-03
6.5520246353e-04
-1.6108889790e-03
-6.1985692246e-03
-8.7075351529e-04
6.3988363155e-03
-4.2186107541e-03
-7.1075456757e-03
-8.2014758104e-03
-1.6474383336e-02
-5.7099560624e-03
-1.0052112800e-02
-1.4987012666e-02
-2.4715057277e-03
1.8184353043e-03
-6.6354156155e-03
-5.4300847512e-03
9.0926910692e-03
-2.4111414866e-03
1.2162886884e-02
1.4492685964e-02
-4.3404224285e-03
-6.4657875424e-03
2.7012345050e-04
-4.6600691255e-03
-1.6455254690e-02
1.3211905858e-02
4.4288117632e-02
4.8539819084e-03
-1.5498617019e-03
1.5706694386e-02
-9.7555274830e-03
7.1310386239e-03
-7.8552163150e-03
-4.8870260854e-03
-7.8182357932e-03
-4.4701348922e-04
-5.1854345860e-03
4.2421541143e-03
-7.8968686187e-03
-7.2737758099e-03
3.9438171789e-03
-1.5330096592e-03
-1.8073241485e-03
-5.6854825508e-03
-1.2184619991e-02
4.1512704149e-04
6.5151019867e-03
1.0052085700e-02
-1.3868968624e-03
2.3265203339e-02
-8.7592058258e-03
-6.6736821548e-03
-9.8501954175e-03
-1.1298398125e-03
5.1841052941e-03
-1.9780432027e-03
1.2165660669e-02
4.6413918103e-03
-7.1614601291e-03
1.2312198450e-03
2.4851032585e-02
2.1340130310e-02
-8.3602680451e-03
3.5213902888e-03
-3.1366155382e-03
-1.1564685897e-02
1.3377704059e-02
2.7580147417e-02
-1.1919293000e-02
1.4183574477e-02
-1.5523534267e-02
4.1924827062e-03
-4.1956859535e-03
7.8747686004e-03
-4.5078528138e-03
-9.5344445162e-03
5.6243134886e-03
-1.5426553308e-02
-2.1477310357e-04
-1.4101215533e-02
-6.5478083453e-03
4.7482917657e-03
7.3237553933e-03
-8.0529809955e-04
-1.4238857185e-02
-3.4368280134e-03
-1.5119455174e-03
5.4810307420e-03
1.3925126898e-02
-6.3764412753e-03
5.4030581884e-04
-7.6542748481e-03
7.7934115855e-03
1.1876520429e-03
-5.0016934612e-03
6.1671222034e-03
-5.3597151718e-03
-7.2189816741e-03
-2.4307591698e-03
-2.9749692004e-03
1.7577371964e-03
-4.5081364061e-03
3.5099949465e-02
-1.2845027901e-02
1.4537814812e-02
-1.5442990961e-02
9.4556960548e-03
7.2801260879e-03
-1.3487958093e-02
-6.9773028673e-03
2.0422123355e-02
1.1449580786e-03
1.2134344953e-02
-1.1944514392e-03
1.5315019461e-02
-6.6599324812e-03
2.1897087848e-02
-3.9587641664e-03
1.1943484892e-03
-9.2295941903e-03
5.4817982441e-03
1.8474083802e-02
-1.0513212059e-02
-2.9296084506e-03
-1.3585420966e-02
1.6519374037e-02
-1.2427093030e-02
-1.9674772410e-02
1.0674837221e-02
9.9451140479e-03
-5.2324441684e-03
-4.4011597961e-03
-1.3967323502e-02
-1.1061403513e-02
4.5644756591e-03
3.6389138436e-04
-1.2843432170e-02
1.2738894269e-03
-2.5849345205e-03
7.7928875368e-03
-6.2372562139e-03
5.1380372087e-03
-6.6347086567e-03
4.4422183026e-03
2.7542572090e-02
-2.5137410704e-03
2.1245210516e-02
4.7979711449e-03
-1.1581544810e-02
-5.7257018076e-03
-1.0360086520e-03
4.0525100250e-03
-6.8913730816e-03
7.7039205728e-03
-4.8052796787e-03
-1.9651293238e-02
9.6370792639e-03
6.0769252416e-03
-3.9656345083e-03
6.5924338601e-03
5.9925147839e-03
-4.4991886961e-03
-1.2569040855e-02
2.8295126096e-02
-3.2122404355e-03
1.2841776498e-02
-1.3132558781e-02
-8.1419515849e-03
-1.3190655537e-02
1.8537350938e-02
-1.3251333583e-02
-9.8973443792e-03
2.3604026431e-02
-2.7349754888e-03
1.5643654479e-02
3.8548592955e-04
3.2303207264e-02
-9.3144965678e-03
2.1740376923e-02
3.0560527387e-02
-1.3412150688e-02
-1.1056930564e-02
-6.3216067724e-03
-8.9585194554e-03
-9.1805889648e-03
6.3786049982e-03
-9.3550314603e-03
-5.8982202451e-04
-1.5315725209e-02
1.7687812505e-03
-1.4269386348e-02
1.3674284422e-02
-8.1536098191e-03
-8.5292340891e-03
1.1582607980e-02
1.1999020572e-02
4.6279585244e-03
2.2302218846e-03
7.5066054600e-03
1.3437803162e-02
1.8717488138e-02
2.0284302138e-02
-1.4861692577e-02
1.6919340966e-03
-1.2760047334e-02
-1.3550184782e-02
-5.6783462825e-03
-2.9889346442e-03
-1.4061268860e-02
2.0870682135e-04
-9.4243503599e-03
-9.0780467161e-03
-7.4904045367e-04
5.6365974509e-04
1.0481353641e-03
-9.9918705820e-04
5.5611585794e-03
9.7522254053e-03
4.7601366626e-03
-2.7701322213e-03
-1.3702023079e-02
-8.5785042866e-03
2.4160921651e-03
-1.5849802250e-02
-2.7657349917e-03
-1.5189582485e-02
1.9952352255e-03
2.4506901997e-02
-1.7721658828e-03
3.3607504037e-02
2.8638199914e-03
-6.1222289835e-03
1.6100800926e-02
-6.5100885616e-03
-2.3145870975e-04
-9.9098530506e-03
4.9393739916e-03
-4.7667406235e-03
1.4015669917e-02
-3.3866019755e-03
-2.4997748501e-03
3.8274959301e-02
7.1398908939e-03
-1.1779812804e-02
-8.3316781269e-03
1.0952325205e-03
-1.6654905653e-02
9.5261744126e-03
-1.6841226876e-02
2.2746911518e-03
-9.5272988272e-03
1.7361310206e-02
-1.6029037201e-02
-8.1608175435e-03
-2.2386174201e-02
3.2870690576e-03
-5.1927414188e-03
-1.8501128045e-02
3.1127747104e-03
5.0424269500e-03
-1.1389602301e-02
2.2001947500e-02
-1.3005366828e-02
1.6298469415e-02
1.8165151663e-02
-2.3622766511e-03
1.2944521642e-02
-4.8136251818e-03
1.7232352992e-02
-4.4423840840e-03
2.2351028005e-02
-1.2319955057e-02
-1.0166985308e-02
1.6136328134e-02
-2.4396474448e-03
1.5009334881e-02
-1.0633915635e-02
-1.1403280869e-02
-1.1299241352e-02
-1.9996529697e-02
-5.7185069794e-03
1.6704860968e-02
1.6670146709e-03
-1.0470173700e-02
6.3463380614e-03
-1.7415916197e-02
-1.3277906941e-03
-1.4815920164e-02
-2.0379301612e-03
-6.4296896184e-03
1.5768351164e-03
-1.8760031322e-03
2.3352500220e-03
-9.2850718375e-03
5.4834658989e-03
2.5780268301e-02
-6.3034090696e-03
-4.2908966521e-03
3.1737282605e-02
-5.3507461859e-05
-3.0099167071e-03
-4.2634624565e-03
-1.1727553071e-02
-1.3015459005e-02
-1.8536949457e-02
-3.6254188196e-03
-3.8436480614e-04
1.2054973304e-02
5.7488678757e-03
-2.3470378739e-03
2.5185186668e-02
4.6203093401e-04
1.3552455997e-03
-1.4675242200e-02
3.6147697238e-02
5.8435811224e-03
-1.4117736547e-02
3.0115477329e-02
-2.7775071094e-03
-5.9532596368e-03
-4.2558204869e-03
2.8203082414e-02
1.3380476314e-02
-4.7393717367e-03
-1.2753925655e-02
-1.6785017383e-02
-4.7379323616e-04
1.2852469087e-02
1.4089254857e-02
1.5632352351e-02
1.5244046370e-02
-3.6620969442e-03
-2.3633744651e-03
1.3012826927e-02
4.4394390424e-03
-5.4139606452e-03
-5.8702243836e-03
3.1342300350e-02
2.2234407309e-02
3.1217288279e-02
-1.1070455557e-02
-1.1185731692e-02
2.6130417295e-03
-2.2052827194e-03
1.7951811638e-02
-1.0215682827e-05
-1.7531068749e-03
1.0915138404e-02
-1.1947241958e-03
3.1666785313e-03
-1.1449087756e-02
7.6657219634e-03
-3.1239296428e-03
-9.7966518432e-03
7.9252929476e-03
1.5703874269e-04
7.4776342499e-03
-5.5788915586e-03
-4.8863943439e-03
-9.6526097242e-03
2.7744813517e-03
-1.1000135712e-02
8.6429563199e-03
-3.3331507815e-03
-1.0494600005e-03
-6.5956215269e-03
2.3616814543e-02
-1.2279632444e-02
-1.4214695839e-02
1.5945579343e-02
7.9772234185e-03
7.7082323947e-03
-9.2729214478e-03
-2.1376564686e-02
-6.2055867251e-03
1.8548305660e-03
3.7447220694e-03
-1.9208905034e-03
3.1631734729e-02
-1.0224975793e-02
2.7285686611e-02
-2.6722491370e-03
3.2908079716e-02
6.0366082099e-03
5.5219965172e-03
1.0363697963e-02
-1.9653657674e-03
1.0448692380e-03
9.3805661392e-03
2.0141481614e-02
4.7255004427e-04
1.1714197639e-02
-1.0026775905e-02
4.7461638507e-03
9.3017504689e-04
1.2684526232e-04
7.8001700351e-03
-1.2350210962e-02
1.8524614886e-02
5.7092633551e-03
1.9340541101e-04
2.4062867357e-02
-1.7439001303e-03
2.4270183831e-02
-1.6449236612e-02
9.9908125236e-03
2.0587314509e-03
1.9320218121e-02
-8.8963549427e-03
9.4655731481e-03
-1.5276035418e-02
4.3642031818e-03
2.7267400315e-02
1.6789885289e-02
4.3763456710e-03
-2.2148229242e-02
-1.2489074787e-02
-4.8562612068e-03
3.1350268324e-03
-1.3550784873e-02
-6.6498985920e-03
2.5353732378e-02
-3.6687349710e-04
-1.4388185029e-02
-1.1256736647e-02
-5.0823323141e-03
-9.0972176848e-03
-2.7772157405e-03
1.7771987607e-02
-9.8774174827e-03
9.7844646635e-03
-6.1629683193e-03
3.4213757555e-03
-4.2327376872e-03
-2.0682359484e-02
-1.4801501554e-02
-1.3683745814e-04
-1.2140545567e-02
-1.4938640842e-03
-1.1082894662e-02
1.2342289520e-02
1.6005596594e-02
1.9159045949e-02
-5.4060429267e-03
-4.7252408723e-03
5.6319128157e-03
3.4974567159e-04
-1.2986805154e-02
-3.3103950884e-03
3.5381716204e-02
-4.0171155814e-03
1.6630892975e-02
-6.4605170077e-03
-1.3548722248e-03
4.9033604163e-03
2.0108703204e-02
-1.1789535841e-02
1.0371446831e-02
2.3205907473e-03
4.7032841822e-05
-7.6793356089e-03
-3.9887205383e-03
1.4734372522e-02
-7.1720534843e-03
-9.0041187413e-03
-1.3026820244e-02
-6.2197512227e-03
-1.2189050747e-02
1.1648754437e-03
-5.9462291060e-03
-1.0806870478e-02
-9.2921560887e-03
-1.5658208381e-03
-5.1950682706e-03
-1.4127004148e-02
-4.3889951494e-03
-3.6923650534e-03
6.7218529240e-03
1.3897566557e-03
-1.1600871401e-02
-5.1313721581e-05
1.1515109996e-02
1.6821188310e-02
1.3281897223e-02
9.8743588091e-03
2.5843674567e-03
-1.3610894700e-03
7.5961781533e-03
1.0156343084e-02
-3.4850478726e-03
9.2448264176e-03
1.2026000031e-02
2.2077567174e-02
2.7771483031e-02
6.8616474705e-05
-9.2837133812e-03
1.2341606034e-02
2.6464872498e-02
5.0523004846e-03
-3.4108494640e-03
1.4581243813e-02
-1.5626197813e-02
2.9777056784e-03
-9.6385448976e-03
5.3942546322e-03
-6.8258381770e-03
1.9515162995e-02
-1.8803031536e-02
-5.7100539842e-03
7.1780638853e-03
-1.1754614561e-02
6.3959377691e-03
4.3763900450e-03
-1.1260947726e-02
1.3011635851e-02
-2.2190400753e-03
4.5137387562e-03
-1.6903752154e-03
-7.4541248271e-03
-1.3046166866e-02
-8.5823335316e-03
-1.6459884397e-02
-8.5598877864e-03
-9.6760958075e-03
-7.8133077480e-03
-8.5669937961e-05
-2.9027717986e-03
9.1520229852e-03
-5.8825887848e-03
1.8255506605e-02
2.1226494830e-04
-1.9418814624e-03
-6.2815069300e-03
2.8284416149e-03
7.7001139934e-03
8.0109937480e-03
7.9214980533e-03
-8.9820528683e-03
8.4315482740e-03
-1.1486537638e-02
2.2553699410e-03
-1.4991624130e-02
-9.1934891574e-03
6.6832520365e-03
-6.4327743880e-03
-3.4990621892e-03
-8.5016455269e-03
-1.1620295239e-02
-1.4755883930e-02
-7.1415994510e-03
-1.6632418859e-03
-1.0548899906e-03
-1.8313250843e-02
8.2881839678e-03
-2.4386596951e-03
-1.0947825240e-02
-1.1150612115e-02
2.8482896134e-03
2.2924043541e-02
6.1141020152e-03
1.0641403469e-02
1.9268017641e-02
-1.2189868353e-02
9.3855773170e-04
2.2537252305e-03
6.4780683734e-03
-6.3255587433e-03
-9.3958166922e-03
-1.9978491622e-03
-2.0166799442e-02
-1.3281832598e-02
-3.3814066416e-04
-1.2918554082e-02
9.2937072441e-03
1.0625910805e-02
3.8758336822e-03
2.2987571941e-02
-3.9295130718e-03
2.3128344640e-02
3.9569643751e-02
-2.1483249233e-03
1.3016409102e-02
3.6432187382e-02
-4.5438361948e-03
2.9576285459e-03
2.6956546197e-03
1.8634275397e-03
6.0377665909e-03
-1.2031118170e-02
-8.4647477563e-03
-1.0277766724e-02
-6.2762907343e-03
1.8452053248e-02
-8.6218595928e-03
1.2734866469e-03
1.6876102077e-02
9.3311450693e-03
1.4434756501e-04
4.1689244058e-03
2.2329893456e-02
-6.8223443412e-03
1.2414393529e-03
3.0184496208e-03
7.4010233432e-03
-1.1292404902e-02
7.9336977870e-03
1.1690214465e-02
2.7328462061e-03
-4.4916333722e-03
-8.2654305566e-03
4.4628781904e-02
2.9095108469e-03
7.8688853792e-03
-5.4806702422e-04
2.3066619505e-03
-6.5248896885e-03
-5.5041851776e-03
-2.7082965420e-03
-6.9002948105e-03
2.2095134071e-02
3.2366042643e-03
-9.3152921669e-03
1.4389872282e-02
-1.7007345634e-02
2.5531713292e-02
1.3734612297e-03
-8.4934974520e-03
-8.4441915996e-03
-4.3779665504e-03
6.7121893465e-04
3.4823784345e-03
-1.2897857379e-04
-8.1994165358e-03
-9.0869012762e-03
-4.1861221049e-03
3.2160213991e-03
-1.8941519062e-02
3.3461078634e-02
-8.3326517148e-03
8.9516348969e-03
4.3028284285e-03
-1.0858542808e-02
5.3114433938e-04
-6.6890977595e-03
9.9994294721e-03
1.7312906860e-04
-1.1563260516e-02
1.7521016441e-02
-7.4544102778e-03
-1.1305933243e-02
1.1543265823e-02
1.3004363354e-02
-9.5936783401e-03
-5.1912583057e-03
-6.9684179475e-03
1.7059251321e-02
-7.4192170093e-03
-9.4790511180e-03
3.5118247346e-03
-4.5389378415e-03
2.5469637889e-03
-1.0753615241e-02
6.9956996248e-03
-1.1860310705e-03
8.7085199128e-03
3.8833757576e-02
-4.2284201203e-03
-1.4011166223e-02
-8.2732778457e-03
-1.1178989415e-02
-1.2525863690e-03
-1.9660898640e-02
-1.8320267733e-02
-1.0677727679e-02
1.9173537587e-02
-1.4882889000e-02
-1.3617333908e-02
-6.4229850414e-03
-1.3452540536e-02
-5.4922860632e-03
-1.7320203812e-02
2.4923368593e-04
1.8968565739e-03
-2.0926568046e-03
-8.4169390194e-03
-6.7870338763e-03
-9.3084891619e-03
2.6333156273e-03
-8.4095078423e-03
7.0079213139e-03
1.4789937610e-02
2.1840083069e-02
-3.1422986505e-03
8.1629952653e-03
1.4992059084e-02
-2.3594657582e-04
6.6367202651e-03
3.8270430297e-03
4.1986014653e-03
-1.3392109332e-02
-3.6525140721e-03
8.7547783066e-03
-2.2306319690e-03
-4.8145212296e-03
-1.4629803727e-02
-1.5596005962e-03
-1.5878076409e-02
-8.9712904299e-03
-4.5233341690e-04
-3.0685266041e-03
-3.4756989442e-03
-1.5175527178e-03
5.7789394524e-03
1.0699072294e-02
-1.5941458429e-03
-1.0407980844e-02
-2.5913449052e-03
-8.2911697715e-03
1.2597790587e-02
1.1672887651e-02
2.3864746446e-03
6.6916953854e-03
6.4097196672e-05
-3.1107063509e-03
-9.2921645286e-03
-1.1914935190e-03
6.4598612661e-03
-4.7779245950e-03
6.2894247045e-03
-2.7205664064e-04
2.5821034161e-02
8.2060646433e-04
1.5229710081e-02
-1.6155346164e-02
-7.1051893892e-03
9.6846336032e-03
-2.2010179363e-02
1.2295999005e-02
-1.2175597417e-02
1.5259832611e-02
-7.0031686848e-03
5.5446246124e-02
-8.7785209595e-03
1.3219012349e-02
5.4323329852e-03
-3.3163131389e-03
-6.7077126720e-03
5.6396059403e-03
1.3567823474e-03
-1.9292632228e-02
4.0018593801e-05
-5.1291076718e-03
1.1455977702e-02
6.9515562390e-03
8.3204835599e-03
2.6358775212e-04
-1.4825993201e-02
-8.4108546504e-03
6.6568055254e-03
7.7913748392e-03
-5.2025828089e-03
1.7951051888e-02
-2.0435417802e-02
3.8890774379e-02
-1.4239483587e-03
1.1679969253e-02
-1.0204840791e-02
-1.8459655663e-03
4.2072271454e-03
1.1395769818e-02
1.3588500269e-03
1.0076422731e-02
-1.2233462721e-02
-2.0974806802e-03
2.0989979559e-02
-3.6113501189e-03
1.7415233733e-02
1.6214457540e-02
8.8812978441e-04
-3.1369887823e-03
-7.9059318933e-03
-8.9179404400e-03
-3.2077778760e-03
-1.0221151573e-02
-5.0647948330e-03
-1.4711859556e-02
6.4946514592e-03
-6.8720686862e-03
1.4524771377e-03
-5.4577639704e-03
1.9948091041e-02
2.5356281004e-03
9.9084751011e-03
1.2437800313e-03
-3.8915153040e-03
-5.0501907198e-03
1.7390720365e-02
-2.9298891323e-03
5.1293749032e-03
1.7184087570e-02
1.9699917520e-02
-3.6571586100e-03
1.3484700827e-02
-6.0133194023e-03
-7.0938241138e-03
1.5417627072e-02
-9.0457762043e-03
-1.0891677124e-02
2.0238356877e-02
-1.9075735018e-02
5.3515516245e-05
-1.3094637720e-02
-1.2031081577e-02
-1.7516037320e-02
-1.2275240494e-02
-1.7392096114e-02
-5.9843156657e-04
5.1879800061e-03
-1.5721610955e-02
1.2070761274e-02
-3.0075296727e-03
-9.7545885542e-03
-3.6144307654e-03
-9.8683541057e-04
-4.1956666383e-03
-1.2177115469e-02
3.0063812949e-02
2.6270544926e-02
-7.3712764793e-03
3.2896076210e-02
9.8815853589e-03
-4.9649272329e-03
2.8944073959e-03
3.5258140307e-02
-8.5471360199e-03
-1.2921698461e-02
-1.0066585286e-02
2.6476469878e-02
1.1928871144e-02
-1.3627424438e-02
7.9398821147e-03
1.3800663518e-02
-8.6485821512e-03
-1.8863682003e-03
3.4438006299e-03
9.5956747505e-05
1.1715398142e-02
-8.9512025139e-03
1.1429128358e-02
-7.7278673010e-03
3.7031685739e-02
-1.7683296488e-02
7.9530604634e-03
3.0959625503e-02
9.4049550991e-05
-3.2429795763e-04
-8.7878892437e-03
-5.6481701728e-03
-1.5434044044e-02
-9.7223808113e-03
-1.2270335308e-02
-8.8755084621e-03
-6.5693222306e-03
-8.2811124426e-03
-2.0883116337e-02
-9.4771365040e-03
1.5518448426e-03
-9.3598574199e-04
-1.2332630457e-02
4.9516519554e-02
-6.9944499564e-03
2.0656179434e-02
2.6468381932e-02
1.4374362662e-02
-4.9499095852e-03
-1.7020618771e-02
2.6202388597e-02
-9.0863108240e-03
1.9117852166e-02
-9.2431662167e-03
-5.1575004772e-03
-1.9984561817e-02
-1.5611064726e-02
3.5910253928e-02
-7.7580829156e-03
9.9753244384e-03
-1.1316395462e-02
-1.9468679435e-02
1.2877659800e-02
-3.1234443166e-03
-8.7011269184e-04
4.4587759983e-03
1.4912368587e-03
-3.0800048257e-03
-1.0021461588e-03
2.3532889654e-02
2.7926827384e-03
2.7417371298e-02
-1.0798527593e-02
-9.8946077399e-03
1.2099112554e-02
3.1335354593e-03
1.2559926616e-03
6.3445341003e-03
-1.0638499221e-02
5.6275852919e-03
-5.8957893117e-03
-1.4712280205e-02
-1.9325400020e-03
8.0622658334e-03
-2.5590126414e-04
2.5025235626e-03
1.1269357658e-02
-1.4505391742e-03
-6.6267943037e-03
-6.7352726163e-04
-8.4336976604e-03
-1.6572957698e-03
-6.0508527436e-03
-1.0324896077e-02
-1.4637262786e-02
3.4155984511e-02
1.9307631287e-03
-7.1441791198e-03
-2.0196096349e-02
1.0979197762e-02
-8.2124330268e-03
-5.2077860896e-03
-3.6554506082e-05
-1.7440815120e-02
5.9634024808e-02
-9.1783633125e-03
8.2843497456e-04
-4.2355692041e-03
1.7508409516e-02
2.5502906730e-02
6.0340247490e-03
8.3631807349e-03
1.7521939917e-02
1.5965988415e-02
-6.8650675459e-04
-1.3846764810e-02
1.5243373218e-02
-9.6169039816e-03
-2.4852479588e-03
-1.2239966616e-02
-4.6030619032e-03
2.7702864698e-02
-7.0576455699e-03
-1.2826970508e-02
5.5892528532e-03
-1.4909661995e-03
1.4356593069e-02
2.3701624695e-02
2.5339180842e-02
-8.4631598161e-03
2.9996851672e-03
1.3754854567e-03
1.4165720103e-02
-1.9211876334e-02
-8.9314918376e-04
-1.6288818266e-02
-8.4793598129e-03
-7.9009137539e-04
4.5025254802e-02
-5.0190179960e-03
-2.3514387659e-02
-1.3824967995e-03
-1.4652727755e-02
4.6301437277e-03
1.3721544910e-02
-1.5280935609e-03
-7.4153245248e-03
-4.2141831357e-03
-3.1129027024e-03
2.1598310374e-02
3.7283771167e-03
9.7093735620e-03
-1.6843596626e-02
1.7285741988e-02
9.1221389210e-03
1.1219314747e-02
-1.3083577224e-02
1.2727715094e-02
7.8607254055e-03
1.1074497844e-02
1.6837432928e-02
1.4150513517e-02
-7.6076040802e-03
-1.6066206306e-02
-9.2965766522e-04
-6.5778911507e-03
-5.5374756071e-03
-4.9570808944e-03
-1.3959834026e-03
1.1722629625e-03
1.8831422355e-02
6.4175526538e-03
3.7009819859e-02
2.3693553756e-03
-2.7014242623e-03
-2.3227322735e-03
-1.6358283545e-02
5.6843830320e-03
-2.0257391226e-03
-5.2600653537e-03
4.4940173881e-03
-1.5386094473e-02
1.6471278502e-02
8.0748661695e-03
1.5747232847e-02
1.1616297854e-03
-4.5791052928e-03
6.7687403493e-03
-8.1687562725e-03
-8.9410631113e-03
2.3133658853e-04
-8.1843824056e-03
6.8269444836e-03
7.3181595665e-03
1.6206541146e-03
3.7403346154e-02
1.2004847481e-02
2.1484367068e-02
-6.9725260473e-03
1.1618492885e-02
1.1621962616e-02
1.6502230369e-02
-8.2327832370e-03
2.2963257101e-02
-1.1567250777e-02
-6.6050814057e-03
-1.2315309935e-02
1.1867352086e-02
-6.8067617469e-03
-5.6299728512e-03
3.4387588439e-03
1.6011347052e-02
2.1637744855e-03
-1.3715327107e-02
-2.3516003646e-02
-6.4492667533e-03
5.5356831410e-04
-1.2861182144e-02
1.8585546188e-03
2.1591759097e-04
1.7404427640e-03
1.5836292474e-02
1.0489042995e-02
-2.0686916473e-02
-1.2354913541e-02
2.6364336983e-02
1.6991001540e-02
5.0981265956e-03
8.7856183319e-03
-1.3413600802e-02
3.8922097066e-03
-7.4602235014e-03
4.3919325924e-03
-6.9488537575e-03
3.2991080747e-03
3.7834722038e-02
6.8385739727e-03
-3.1094736006e-03
-4.8742289662e-03
-1.1775549477e-02
7.0478782211e-03
7.9801881472e-03
3.4161853157e-03
-3.2273846763e-03
-5.7600066556e-03
9.6745000374e-03
6.2230885717e-04
1.4362171990e-02
4.8879257619e-03
3.7407267822e-03
5.1639609670e-03
-3.2491724737e-03
-3.6474300621e-03
-2.0866837174e-03
-5.8678878197e-03
-2.0884612399e-02
-5.5176287498e-03
1.8449293440e-03
-1.0967792619e-02
1.4744222589e-03
3.0915128305e-03
-1.1423852187e-02
-1.4623937690e-02
-1.3239808903e-02
2.4665506128e-02
3.4861983717e-03
-1.4142758683e-02
6.9057165678e-03
-3.5316054410e-03
2.8000126434e-02
-1.3810790100e-02
-1.3686005565e-02
-8.2255194965e-03
-1.1685072768e-02
1.8367448146e-03
-1.7269054281e-03
3.3641277696e-03
-3.0963253771e-03
-4.6376360981e-03
-1.0569749672e-02
3.7320735993e-02
-3.8028472404e-03
1.3031575629e-02
7.6994859247e-03
7.8339843935e-03
-1.2642788895e-02
3.0501939542e-02
-1.7073023270e-02
-1.1344747469e-02
4.5873222204e-03
-1.7522108878e-02
-3.8305805627e-03
-1.9860888036e-03
1.0946798568e-02
1.5695260093e-02
-1.5978784109e-02
6.2190922394e-03
-1.0269806623e-03
-7.9332938420e-03
-1.5058550812e-02
1.5003193025e-02
1.2606200016e-02
3.4620724297e-03
1.6880974359e-02
-5.9316089319e-03
6.7828678876e-03
-1.2774155641e-02
8.4525784546e-03
-2.2872539361e-03
1.8030793614e-02
2.2195463233e-02
-1.2669185501e-02
-2.0676932836e-02
-7.7235193983e-03
-3.5803725376e-04
2.7068779164e-04
9.0725033358e-03
-7.7922817879e-03
-5.2821036882e-04
4.5471496331e-03
-8.8139744210e-03
-1.3655063615e-03
1.9170300908e-02
-4.2071897388e-03
7.0659196136e-03
1.5830400837e-03
9.0847195776e-03
1.6566837036e-02
-6.9368374280e-03
2.4111292931e-02
-6.9885953336e-03
2.6449973409e-02
-9.7765446568e-04
-4.7385607803e-03
-1.8805389889e-02
-1.9036544449e-02
-7.7508752575e-03
-5.5437715254e-04
9.1734859467e-03
-3.3068687651e-03
-4.5883583416e-04
5.0452392301e-03
6.1864360370e-03
2.9127080571e-03
2.2433440748e-02
-4.6890618236e-03
-1.3900172095e-02
1.7322457852e-02
1.7167240401e-02
-1.8745045824e-02
-5.9971979321e-03
-5.2742743449e-03
-1.1768636374e-02
-8.0788171119e-03
-6.0539625939e-03
-9.3596850469e-03
-1.1268371292e-02
-1.1702205568e-02
-8.6575036704e-04
2.3462204204e-02
-1.1363752739e-02
8.0814770699e-04
-3.0227471043e-05
-3.3666338903e-03
1.4516242596e-02
-7.5637089980e-03
1.6321772040e-02
9.6278276658e-04
1.6543360532e-03
9.1399022699e-05
-8.5765701401e-03
-1.9216133166e-02
-1.0757747797e-02
-1.2129833937e-02
2.7165077257e-02
9.4667632435e-03
-3.5700383880e-03
-1.8195378740e-02
-1.1350915333e-02
-4.1486701515e-03
2.3582167827e-02
-7.9019615224e-03
-4.5768774371e-03
-6.7921811862e-03
-2.4836411192e-03
-6.2050607796e-04
-5.6681542495e-03
-1.3900034277e-02
3.4481421422e-03
-1.6696211962e-02
-1.9495452635e-02
-1.2150959174e-03
-6.1155436511e-03
1.6182593996e-02
-9.8796514356e-03
1.5309225634e-02
2.5970143253e-02
2.1790434804e-02
1.8017238992e-02
2.6637415724e-02
1.7119411966e-04
1.6884319170e-02
-7.4586936549e-03
-1.1098394330e-02
5.0260322786e-03
5.0922390865e-04
-9.0094502765e-03
-6.5852175102e-03
-1.4534493165e-02
3.5763127868e-02
4.9649243220e-03
1.9067514207e-02
-1.0210038137e-02
-2.1178564290e-03
2.1119360338e-02
-1.1848398006e-02
-9.2142597606e-03
8.7355330156e-03
-2.1744713613e-03
-5.0975406624e-03
1.1542245041e-03
-1.7315411724e-02
-4.4735716733e-03
5.8949652956e-03
-1.8901016783e-02
6.9721225942e-03
6.5987598618e-03
-1.6577010505e-02
-2.7435650367e-03
-1.2441264843e-02
1.1123920630e-02
-1.7659137408e-02
-6.8062441700e-03
2.9465349520e-02
-1.3102560533e-02
5.8673751176e-03
3.0224405601e-02
-9.6071998986e-03
-3.4739524756e-03
-3.9876551448e-03
-4.3518640768e-03
-1.3194454787e-03
6.4240219310e-04
-7.2716919389e-03
8.3735102990e-03
-6.6795846204e-03
-1.4123882284e-02
-1.6161481182e-03
-1.4133042255e-02
1.0110814730e-03
3.0277162139e-03
-2.6328723949e-03
-1.0723477016e-02
-3.5345873748e-03
-1.2314500671e-03
-1.7004206550e-02
-1.0454570496e-02
-8.1730021701e-03
-1.2129908497e-02
