79 7 7 0.5992134281 6.830598545506177e-10 2.50770105737343e-08
308 7 7 0.5622751225 1.8420594505304781e-09 3.38135406514195e-08
561 7 7 0.5277961287 4.756411373128024e-09 5.82069919165103e-08
42 7 7 0.4925353874 1.2849526507281824e-08 1.17935386607729e-07
574 7 7 0.4780011953 1.9495841328315946e-08 1.43149217708211e-07
608 7 7 0.4434598959 5.3445056220737776e-08 3.27019228508412e-07
289 7 7 0.4360685359 6.653787108733372e-08 3.48969814848507e-07
204 7 7 0.4192707547 1.0997182072881173e-07 4.57636063811163e-07
155 7 7 0.4186081025 1.1218783037888992e-07 4.57636063811163e-07
350 7 7 0.3932145778 2.4280102575763136e-07 8.10354099967019e-07
592 7 7 0.3932145778 2.4280102575763136e-07 8.10354099967019e-07
331 7 7 0.3843202531 3.1932447348859995e-07 9.76940154509348e-07
134 7 7 0.3603643166 6.741947980943571e-07 1.90396537759567e-06
154 7 7 0.3574499036 7.390674244722763e-07 1.93808592057396e-06
372 7 7 0.3482596787 9.887788710652381e-07 2.36961688727937e-06
311 7 7 0.3453323054 1.0853232871907735e-06 2.36961688727937e-06
585 7 7 0.3449890084 1.0972612842871256e-06 2.36961688727937e-06
228 7 7 0.3424134716 1.1912269632213888e-06 2.42962367982892e-06
20 7 7 0.3359462374 1.4652831403107002e-06 2.83129390093458e-06
430 7 7 0.3300796823 1.7696946354535778e-06 3.24851847095792e-06
51 7 7 0.3278723546 1.9003886998471835e-06 3.32230994614288e-06
452 7 7 0.3206073569 2.404793130882211e-06 4.01302664826504e-06
474 7 7 0.3176720792 2.6457821772211694e-06 4.2232155913509e-06
261 7 7 0.3108832415 3.3026398477767065e-06 5.05204228151791e-06
584 7 7 0.3042857938 4.101705935111346e-06 6.0233973593899e-06
50 7 7 0.300028261 4.720221193602213e-06 6.66508978756177e-06
458 7 7 0.2921859421 6.121810103497245e-06 8.14422866296627e-06
271 7 7 0.2917491161 6.2114213186887276e-06 8.14422866296627e-06
140 7 7 0.2890672789 6.7918395382354675e-06 8.5981777832829e-06
508 7 7 0.2878104697 7.08269523774002e-06 8.66750901276896e-06
206 7 7 0.2847348535 7.849542998395634e-06 9.29607632282408e-06
191 7 7 0.2822860951 8.520644025359467e-06 9.77551047025097e-06
32 7 7 0.2778304264 9.89661750204269e-06 1.10100640961201e-05
126 7 7 0.2762389233 1.0441617093807257e-05 1.1274722142441e-05
548 7 7 0.2750232712 1.0878564643602206e-05 1.1410917203866e-05
264 7 7 0.2681565212 1.3723996435396368e-05 1.39957152376552e-05
141 7 7 0.2629598618 1.6377073758317182e-05 1.62499332991692e-05
620 7 7 0.2600832523 1.8066324534495783e-05 1.74543312004452e-05
418 7 7 0.2582276407 1.924981874328682e-05 1.81208697722607e-05
135 7 7 0.2568448397 2.018321191600981e-05 1.85245339503477e-05
74 7 7 0.2552905076 2.1287941906882478e-05 1.9061927851437e-05
266 7 7 0.2523396502 2.35589152164684e-05 2.05931603230181e-05
52 7 7 0.2469428609 2.8376177226436845e-05 2.42271559062871e-05
226 7 7 0.2459379457 2.9379231016244292e-05 2.45134675951256e-05
263 7 7 0.2426989741 3.286662480659773e-05 2.68138759016057e-05
410 7 7 0.2398451136 3.62902930289012e-05 2.89634068620337e-05
502 7 7 0.2347098475 4.3400694889985313e-05 3.39012589908829e-05
110 7 7 0.231916171 4.7853731450433484e-05 3.6600883801899e-05
491 7 7 0.2306345678 5.00506991375138e-05 3.74999829326657e-05
54 7 7 0.2293642022 5.233051858235218e-05 3.81104996588283e-05
492 7 7 0.2290332774 5.294169199876204e-05 3.81104996588283e-05
176 7 7 0.2268689361 5.712351663296399e-05 3.97537819152448e-05
90 7 7 0.2267364975 5.739014456648144e-05 3.97537819152448e-05
249 7 7 0.2236371585 6.400770294484559e-05 4.35166528763194e-05
404 7 7 0.2218452024 6.818572953934327e-05 4.55142932934767e-05
544 7 7 0.2208070245 7.073315909837433e-05 4.63715945348838e-05
476 7 7 0.2196627905 7.365407093930178e-05 4.7208929471079e-05
137 7 7 0.218942009 7.55572158263839e-05 4.7208929471079e-05
192 7 7 0.2188260406 7.586809200356037e-05 4.7208929471079e-05
379 7 7 0.2181481802 7.771164209801744e-05 4.75501440957501e-05
513 7 7 0.2153670873 8.576901132751386e-05 5.16199489460464e-05
270 7 7 0.2146637211 8.793926312705266e-05 5.18970876114861e-05
449 7 7 0.2143084772 8.905668686903952e-05 5.18970876114861e-05
408 7 7 0.2118911 9.705726955186244e-05 5.56756245123252e-05
598 7 7 0.2104746417 0.0001020838805706348 5.73097199371357e-05
128 7 7 0.2102165887 0.00010302798828698808 5.73097199371357e-05
58 7 7 0.2039632228 0.00012886059513098828 7.06093692242123e-05
610 7 7 0.2034414432 0.0001312961600850599 7.08859418052431e-05
216 7 7 0.2000862339 0.00014812667492929734 7.88136035841272e-05
617 7 7 0.1970756143 0.00016510827240668317 8.65939987410947e-05
312 7 7 0.1950740978 0.00017749083804757628 9.1777155456496e-05
278 7 7 0.1939685267 0.00018473467033291438 9.41960985151957e-05
336 7 7 0.1920765162 0.00019784212797559553 9.94127983981315e-05
380 7 7 0.191724897 0.0002003812202687816 9.94127983981315e-05
93 7 7 0.1912154106 0.00020411968561198245 9.9917286024011e-05
632 7 7 0.187049751 0.00023749859613929762 0.000114726688008424
299 7 7 0.1850361133 0.00025559099735590873 0.000120363921167247
182 7 7 0.1849137707 0.00025673473793374547 0.000120363921167247
268 7 7 0.1846726827 0.0002590039676885816 0.000120363921167247
181 7 7 0.1841878405 0.0002636299678282193 0.000120982287400181
298 7 7 0.1830357497 0.0002749651001100006 0.000124626258654107
104 7 7 0.1825840416 0.0002795445687227297 0.000125156730123614
478 7 7 0.1813746839 0.0002921938889976162 0.0001292438951057
301 7 7 0.1787271072 0.0003219752221178683 0.000140721406486444
320 7 7 0.1775229224 0.0003365329755232679 0.000143868712167786
239 7 7 0.1774840585 0.0003370138937978195 0.000143868712167786
412 7 7 0.1763036037 0.00035196193253105436 0.000148522907616476
528 7 7 0.174907047 0.0003705273603754654 0.000153379416313739
255 7 7 0.1748120377 0.00037182628338550366 0.000153379416313739
246 7 7 0.1732954431 0.00039320405746782534 0.000160395612007498
168 7 7 0.1729690168 0.00039796776151444904 0.000160554876819511
496 7 7 0.1723516847 0.0004071391613605926 0.000162469577891847
394 7 7 0.1708227943 0.000430797363436811 0.000170061924666549
582 7 7 0.1697412633 0.0004483801626198754 0.000173696679051928
623 7 7 0.1696758253 0.00044946731820871046 0.000173696679051928
207 7 7 0.1688287096 0.00046378723872670064 0.000176003748667754
179 7 7 0.1687567291 0.0004650253736326164 0.000176003748667754
102 7 7 0.1665276707 0.0005050921342591236 0.000189217600758191
328 7 7 0.1659965008 0.0005151512826704731 0.00019103660552809
251 7 7 0.1653938431 0.0005268132208736064 0.000193407658526819
330 7 7 0.1647866118 0.0005388374822039055 0.000195863461772952
556 7 7 0.1612659156 0.0006143174422823898 0.000221110657693588
497 7 7 0.1602054194 0.0006391151424407552 0.00022780270902012
453 7 7 0.1596932353 0.000651456694481927 0.000229968956079612
522 7 7 0.1594284213 0.0006579331547345714 0.000230043239474914
49 7 7 0.1591373261 0.0006651285435988896 0.000230365119896192
39 7 7 0.1586379261 0.0006776613061114725 0.000232140504073818
200 7 7 0.1584319413 0.000682900887090488 0.000232140504073818
202 7 7 0.1571581946 0.0007162362360444974 0.000241238596434395
565 7 7 0.156743003 0.0007274590119873973 0.000242791145993919
40 7 7 0.1560944152 0.0007453524809634078 0.000246522023791024
342 7 7 0.1549503722 0.0007780221737102043 0.000255029813727546
363 7 7 0.1544042963 0.0007941300038957081 0.000258006212350847
61 7 7 0.1531112427 0.0008336488125532097 0.000263538357607132
348 7 7 0.1530196394 0.0008365237604504085 0.000263538357607132
415 7 7 0.1529562658 0.0008385186706781592 0.000263538357607132
18 7 7 0.1529133866 0.0008398712114150184 0.000263538357607132
67 7 7 0.1526143595 0.0008493658151903496 0.000264258990871848
143 7 7 0.1519236303 0.0008717204275340098 0.000267955389775627
211 7 7 0.1517982034 0.0008758439640707372 0.000267955389775627
259 7 7 0.1496004706 0.0009514314427658866 0.000288674971269571
269 7 7 0.1488776729 0.000977726270648369 0.000293044892541626
196 7 7 0.148767525 0.0009817982782991932 0.000293044892541626
240 7 7 0.1482638404 0.001000641400427108 0.000294304695040879
149 7 7 0.1482265299 0.0010020518673722202 0.000294304695040879
627 7 7 0.1472111366 0.001041229782222099 0.000303384255194288
180 7 7 0.1469805605 0.0010503429745273743 0.00030362981551686
56 7 7 0.1458140393 0.0010977169329471005 0.000314845431268426
121 7 7 0.1454966698 0.001110980801757386 0.000316179599977872
365 7 7 0.1444875453 0.0011542571599536403 0.000325968944822097
87 7 7 0.1434638177 0.0011999271539755666 0.000334572703293162
564 7 7 0.1432956665 0.0012076038577324654 0.000334572703293162
505 7 7 0.1431984983 0.0012120628622386196 0.000334572703293162
45 7 7 0.1427384564 0.0012334041656199535 0.000336156779565225
524 7 7 0.1425453445 0.001242477008560623 0.000336156779565225
187 7 7 0.1424861721 0.0012452707326577243 0.000336156779565225
360 7 7 0.1421215474 0.0012626285143391978 0.000338354555071379
469 7 7 0.1406054408 0.0013375032895540826 0.000355821981779098
139 7 7 0.1399818305 0.0013696079763742277 0.000359428713686161
580 7 7 0.1399620093 0.0013706412645872043 0.000359428713686161
321 7 7 0.1391864541 0.0014117048791667027 0.000366329239597501
218 7 7 0.1390897615 0.0014169121588936701 0.000366329239597501
111 7 7 0.1384214048 0.0014534482881582008 0.000373147510940709
194 7 7 0.1373399352 0.0015146253437930877 0.000386153280920235
499 7 7 0.136549218 0.0015610203182586254 0.00039523696471756
322 7 7 0.1360750817 0.0015895361149711195 0.000399700365782908
297 7 7 0.135617003 0.0016175933267482297 0.000403988510252978
506 7 7 0.1350564199 0.0016526207831551163 0.000409393080595586
530 7 7 0.134915683 0.0016615360356550366 0.000409393080595586
26 7 7 0.1335569168 0.0017501870889422505 0.000427756980144555
313 7 7 0.1334202283 0.0017593694665876292 0.000427756980144555
427 7 7 0.1321796315 0.0018450012441785014 0.000445625543807155
286 7 7 0.131499665 0.001893736318793626 0.000451033704450632
614 7 7 0.1314365256 0.0018983281239178407 0.000451033704450632
71 7 7 0.1313553441 0.001904248810930242 0.000451033704450632
519 7 7 0.1307350512 0.0019501170270972198 0.000458937005588957
156 7 7 0.1305177655 0.0019664509446367406 0.000459833350446914
495 7 7 0.1298939749 0.0020141263565127076 0.000468000834426711
606 7 7 0.1293000424 0.0020606208653525583 0.000475792914794132
324 7 7 0.1278266631 0.0021807693395270006 0.000497944966750675
485 7 7 0.1276752416 0.0021935173532864525 0.000497944966750675
388 7 7 0.1276310825 0.0021972494257711363 0.000497944966750675
382 7 7 0.1274341168 0.002213975244490136 0.000498657273219233
475 7 7 0.1271544293 0.0022379500699692564 0.000500983643175486
411 7 7 0.12694924 0.0022557079847193707 0.00050189854238105
567 7 7 0.1263842957 0.0023053504945882426 0.000509854053632977
64 7 7 0.1257517336 0.0023622653221987175 0.000519313012865849
432 7 7 0.1255885068 0.0023771840635110637 0.000519482031402987
377 7 7 0.1225572434 0.002672489252954507 0.000580558869746924
537 7 7 0.1216353917 0.0027695585326805335 0.000596030737823758
317 7 7 0.1215737115 0.002776180925112134 0.000596030737823758
419 7 7 0.1211996303 0.0028166939185827102 0.000597518984951534
282 7 7 0.1211307815 0.0028242160133609695 0.000597518984951534
260 7 7 0.1210602856 0.002831939396319847 0.000597518984951534
283 7 7 0.1208783918 0.002851967436797385 0.000598306216961373
337 7 7 0.1203762931 0.002908009560663903 0.000604020627534124
229 7 7 0.1203399308 0.0029121117374551505 0.000604020627534124
398 7 7 0.119466478 0.0030124521205345057 0.000621322602202417
171 7 7 0.1191458424 0.0030501691943126863 0.000625587267948989
352 7 7 0.1182653555 0.003156251969475644 0.000643748400708379
235 7 7 0.1180816507 0.003178857715138815 0.000644776968943213
248 7 7 0.1178699569 0.0032051135327903395 0.00064653052107968
405 7 7 0.1173149847 0.003275005472395183 0.000657019019909624
600 7 7 0.1168033985 0.0033408169784064747 0.000666579361319273
551 7 7 0.1154223124 0.003525335751827741 0.000699593488675399
539 7 7 0.1148751017 0.0036013052248688032 0.000710827119468571
386 7 7 0.1142065554 0.0036964018549973375 0.000725695741769483
91 7 7 0.1133110481 0.0038278299111745174 0.000745387360470073
619 7 7 0.1132476807 0.003837309479934937 0.000745387360470073
292 7 7 0.113013489 0.0038725531113274845 0.00074827422110527
165 7 7 0.1127718546 0.003909264632723047 0.00075141300094447
482 7 7 0.1125076861 0.003949808097802403 0.00075525179983721
500 7 7 0.1111755247 0.00416092741940756 0.000791498020502858
389 7 7 0.1107215954 0.004235478869656407 0.000800974819265461
106 7 7 0.1104890514 0.004274199827292512 0.000800974819265461
300 7 7 0.1104771023 0.004276199247105125 0.000800974819265461
599 7 7 0.110150025 0.004331302293714885 0.000807177915460029
288 7 7 0.1099425645 0.004366630046687759 0.000809651659403709
354 7 7 0.1093158669 0.004475152425366451 0.000822023119336439
92 7 7 0.1092988729 0.004478133393773019 0.000822023119336439
437 7 7 0.1087225842 0.004580435847342386 0.00083661904976732
167 7 7 0.1068526761 0.00492918341259227 0.000895860958813916
230 7 7 0.1057576528 0.005145932471574266 0.000930647139162432
605 7 7 0.1050428548 0.005292666795299479 0.00095249211198836
546 7 7 0.1046523855 0.005374626806686047 0.000961933025027282
142 7 7 0.1044091347 0.005426341943764465 0.000961933025027282
46 7 7 0.1043195618 0.005445513376395591 0.000961933025027282
262 7 7 0.1042873768 0.005452418924415446 0.000961933025027282
38 7 7 0.104177161 0.005476134665980157 0.000961933025027282
119 7 7 0.1036678706 0.005587102127211723 0.000976752017565891
414 7 7 0.1028349262 0.005773580888560361 0.00100456906716529
231 7 7 0.1018234715 0.006008628570140137 0.00104053453598795
375 7 7 0.1015507212 0.006073675178706879 0.00104686085434078
245 7 7 0.1010288593 0.0062001497813779964 0.00106366632406924
172 7 7 0.1005465036 0.006319450197659797 0.00107909042122899
210 7 7 0.1003391194 0.006371463020590095 0.0010829350680661
390 7 7 0.0994444541 0.006600927121614493 0.00111676605770861
399 7 7 0.0984653994 0.006861760934498889 0.00115556955485008
97 7 7 0.0980049128 0.0069880705784948725 0.00116499706385704
420 7 7 0.09796147 0.007000109114875668 0.00116499706385704
538 7 7 0.0979152533 0.007012939668614573 0.00116499706385704
242 7 7 0.0976938732 0.007074733659138845 0.001167937631892
549 7 7 0.097624307 0.0070942667339058355 0.001167937631892
578 7 7 0.0974884747 0.007132565743957458 0.00116802919554196
89 7 7 0.0973908782 0.00716021463253668 0.00116802919554196
462 7 7 0.097285228 0.007190268956351275 0.00116802919554196
150 7 7 0.0966398781 0.007376679976854592 0.00118987269709307
227 7 7 0.0965959206 0.0073895559973805305 0.00118987269709307
76 7 7 0.0958342645 0.007616354251098834 0.00122103652468518
555 7 7 0.0953457643 0.007765558364186025 0.0012395437327203
326 7 7 0.0938516081 0.008240789738660463 0.00130970611505212
122 7 7 0.0934732255 0.008365801176130915 0.00132214354450461
630 7 7 0.0933974359 0.008391073555992827 0.00132214354450461
612 7 7 0.0923715839 0.008740949018058147 0.00137138606302843
9 7 7 0.0921178689 0.008829764232344007 0.00137904593809307
241 7 7 0.0920182253 0.008864897830184995 0.00137904593809307
493 7 7 0.0916133721 0.009009126139771917 0.00139356167328985
344 7 7 0.0915438724 0.009034126112985775 0.00139356167328985
566 7 7 0.0908431381 0.009290197406933928 0.00142706594759958
164 7 7 0.090459801 0.009433417287195428 0.00144150913954087
247 7 7 0.090382022 0.009462751626260237 0.00144150913954087
82 7 7 0.0901114003 0.009565547089651651 0.00145114713849245
409 7 7 0.0897794419 0.009693205932293565 0.00146446220413944
457 7 7 0.0881424596 0.010348745794773878 0.00155709422702204
446 7 7 0.0880277958 0.010396332829266719 0.00155786956177644
553 7 7 0.08635953 0.011114617428165757 0.00165873272640103
138 7 7 0.0858978333 0.011322252289356639 0.00168287894305222
293 7 7 0.0852328839 0.011628303065858561 0.00172139946279746
66 7 7 0.0847513785 0.0118552039805649 0.00174794066247944
501 7 7 0.0845048962 0.011973105323308537 0.0017563433983688
80 7 7 0.0844326825 0.01200787483573935 0.0017563433983688
621 7 7 0.0841706201 0.012134924390208326 0.00176788306520849
310 7 7 0.0836994651 0.012366819499442466 0.00179454561765659
185 7 7 0.0824024145 0.013028955620270115 0.00187590899979054
47 7 7 0.0824009644 0.01302971587537433 0.00187590899979054
220 7 7 0.0818597081 0.013316684264156537 0.00190973513953067
547 7 7 0.0814143496 0.013557662232611997 0.00193672825431691
285 7 7 0.0812197357 0.013664364214470426 0.00194440498181835
21 7 7 0.0806744064 0.013967963050552874 0.00197993218399918
426 7 7 0.0805527728 0.014036617405043457 0.00198201125500372
436 7 7 0.0799647223 0.014373444634964781 0.00202042387904747
2 7 7 0.0798867526 0.014418722457625814 0.00202042387904747
284 7 7 0.0792291809 0.01480644447130358 0.00206686464048914
487 7 7 0.0786982959 0.015127255219330485 0.00210364866492034
509 7 7 0.0777286903 0.015731694201989666 0.0021794485627711
325 7 7 0.0775061251 0.01587389761256403 0.00219088176096135
568 7 7 0.076795453 0.01633684920764643 0.00224317103011018
107 7 7 0.0767378757 0.01637495743675166 0.00224317103011018
504 7 7 0.0766290202 0.016447253890439505 0.00224469902683321
329 7 7 0.0762796345 0.01668151638952715 0.00226823874245012
151 7 7 0.0761312045 0.016782070815908292 0.0022734911095933
622 7 7 0.075961977 0.016897472770429935 0.00228070887732815
115 7 7 0.0756902947 0.01708444579172239 0.00229749857055529
347 7 7 0.0748092966 0.017705469727381823 0.00236636050858699
569 7 7 0.0747815186 0.01772542271399181 0.00236636050858699
356 7 7 0.0745101737 0.0179215464866108 0.00238077617306495
603 7 7 0.0744530709 0.01796310195003504 0.00238077617306495
86 7 7 0.0742452025 0.018115210046893444 0.002392299667492
5 7 7 0.0736871621 0.01853011979262307 0.00243832182188476
376 7 7 0.072896215 0.019134948357598387 0.00250891683050782
442 7 7 0.0716282695 0.0201470709641783 0.00263222250542836
486 7 7 0.0714176575 0.020320429847147395 0.00263725066101789
123 7 7 0.0714070203 0.020329225984882654 0.00263725066101789
101 7 7 0.0709972866 0.02067103092771489 0.00266796415513426
417 7 7 0.0709494448 0.02071132333267002 0.00266796415513426
279 7 7 0.0705758915 0.02102871111389551 0.00269381900918341
560 7 7 0.0704749255 0.021115349102463554 0.00269381900918341
68 7 7 0.0704033272 0.02117700855556093 0.00269381900918341
604 7 7 0.0703702737 0.021205535994387938 0.00269381900918341
422 7 7 0.0699356772 0.021584307009478887 0.00272773444317889
31 7 7 0.0698938623 0.021621114405994818 0.00272773444317889
256 7 7 0.069788113 0.021714487124434682 0.00273013250994379
157 7 7 0.0690191107 0.022406036978429758 0.00280746551114441
373 7 7 0.0689340376 0.022483915848579082 0.00280764130208808
346 7 7 0.0688287555 0.02258067897892921 0.00281016604786982
34 7 7 0.0677808164 0.023567408381989313 0.00292305588206131
440 7 7 0.0673977766 0.023939009557239554 0.00295219641165525
576 7 7 0.0673730702 0.023963183330605445 0.00295219641165525
526 7 7 0.0670794757 0.024252370930390635 0.00297783078528827
183 7 7 0.066387911 0.024947775207709397 0.00305300537723479
30 7 7 0.0661367957 0.0252053136664864 0.00307427428594633
438 8 8 0.0657431446 0.014146043170826529 0.062678479574156
472 7 7 0.064638829 0.02679924209422569 0.00325786115028553
327 7 7 0.0641382131 0.02735466287177469 0.00331440625584293
14 7 7 0.0636714837 0.027883114184755795 0.00336732236924624
512 7 7 0.0635386389 0.028035431362801084 0.00337461634039831
563 7 7 0.0621407696 0.02969085662182145 0.00355112537684545
94 7 7 0.0620974122 0.029743775471188057 0.00355112537684545
314 7 7 0.0620579663 0.029792004206012468 0.00355112537684545
587 7 7 0.0619648563 0.029906163751428856 0.00355319652989671
189 7 7 0.0617080715 0.030223329163675525 0.00357929595000356
423 7 7 0.0613798599 0.030633742150081234 0.00361623516659503
503 7 7 0.0607098255 0.03148941408471018 0.00370533081014608
634 7 7 0.0597871156 0.032708034534180884 0.00383642852847045
315 7 7 0.0595926276 0.03297100263335527 0.00385495673050986
124 7 7 0.0591739993 0.03354440852800857 0.00390954833254357
83 7 7 0.0588097116 0.03405169596329151 0.00395611280119916
116 8 8 0.0587025168 0.02089282652471866 0.062678479574156
43 7 7 0.0584808795 0.034516360591133353 0.00398264246951915
117 7 7 0.0584048165 0.03462476571763736 0.00398264246951915
429 7 7 0.05835508 0.03469583888540327 0.00398264246951915
287 7 7 0.0582482513 0.03484900237687892 0.00398264246951915
294 7 7 0.0582166729 0.03489440983003554 0.00398264246951915
232 7 7 0.0581388462 0.03500657804099409 0.00398264246951915
616 7 7 0.0581161113 0.03503941454586306 0.00398264246951915
136 7 7 0.0575804011 0.035822355761647245 0.0040546741833222
473 7 7 0.0575319549 0.035894038233711935 0.0040546741833222
88 7 7 0.057403813 0.03608435039694219 0.00406366869268459
62 7 7 0.0570668469 0.036589752162528764 0.0041052581096854
581 7 7 0.0570089639 0.0366772959515332 0.0041052581096854
364 7 7 0.0563199397 0.037736033145815966 0.00421092346960175
357 7 7 0.0562005197 0.037922691600840656 0.0042189289940373
335 7 7 0.0560345072 0.03818374936203052 0.00423513812153056
130 7 7 0.0553929307 0.039210075878401925 0.00433587347711101
160 7 7 0.0548031386 0.04017850193119628 0.00442962037512215
41 7 7 0.05386824 0.0417640943395727 0.00459064387418387
431 7 7 0.0533174544 0.04272810962657518 0.00468258720333962
170 7 7 0.0529883065 0.0433150595735197 0.00473278352378806
559 7 7 0.0528299718 0.043600345710853805 0.00474981870824076
351 7 7 0.0523324083 0.04450944943488689 0.00482554347378229
219 7 7 0.0523059499 0.044558332406615775 0.00482554347378229
435 7 7 0.052230226 0.0446985396932038 0.00482649009905406
572 7 7 0.0519764604 0.04517170702182863 0.00486327833113104
36 7 7 0.051732842 0.04563078410685376 0.00489833887854159
529 7 7 0.051048377 0.04694635778541107 0.00502486948531589
12 7 7 0.0508184036 0.04739705015052477 0.00505836160704311
466 7 7 0.0504414449 0.048145412187986424 0.00512333572921897
96 7 7 0.0501329781 0.04876680348450921 0.00517446189120892
173 7 7 0.0497512757 0.049547118237291916 0.00524210755156933
233 7 7 0.0494792032 0.05 0.0052597073311641
421 7 7 0.0494242101 0.05 0.0052597073311641
586 7 7 0.0490211762 0.05099999999999994 0.00534571025103798
543 7 7 0.0490094432 0.051200000000000044 0.00534571025103798
24 7 7 0.0486804664 0.05140000000000001 0.00534571025103798
511 7 7 0.0486740874 0.05140000000000001 0.00534571025103798
11 7 7 0.0479893635 0.05260000000000005 0.00541998922030877
98 7 7 0.0479892034 0.05260000000000005 0.00541998922030877
4 7 7 0.0479270316 0.05260000000000005 0.00541998922030877
169 7 7 0.0475992086 0.05299999999999997 0.00541998922030877
99 7 7 0.0474795319 0.05299999999999997 0.00541998922030877
459 7 7 0.0473622868 0.05299999999999997 0.00541998922030877
577 7 7 0.0472979153 0.053599999999999995 0.00545098001217109
318 7 7 0.0471921483 0.053599999999999995 0.00545098001217109
468 7 7 0.0467108588 0.055199999999999964 0.00559818838637625
243 7 7 0.0465409254 0.05539999999999992 0.00560299379422178
406 7 7 0.0448991473 0.05819999999999993 0.00587000677852411
70 7 7 0.0447598663 0.058799999999999956 0.00589811508657293
507 7 7 0.0447122658 0.058799999999999956 0.00589811508657293
146 7 7 0.0439808437 0.06099999999999994 0.00610212040180667
23 7 7 0.0436705104 0.06140000000000001 0.00612544372372734
624 7 7 0.0436469287 0.06159999999999997 0.00612874211860695
201 7 7 0.0432038255 0.06260000000000006 0.00619465929632748
532 7 7 0.043202211 0.06260000000000006 0.00619465929632748
129 7 7 0.0427491971 0.06340000000000004 0.00625695915235138
237 7 7 0.0421804335 0.06439999999999999 0.00633861008537865
35 7 7 0.0415732492 0.0664 0.00651798683473072
254 7 7 0.0414906091 0.06659999999999996 0.00652018567366291
490 7 7 0.0413616686 0.06700000000000003 0.00654190087896863
291 7 7 0.0412087212 0.06739999999999995 0.00655240810410427
17 7 7 0.0411583819 0.06760000000000005 0.00655240810410427
158 7 7 0.0408819824 0.06780000000000001 0.00655240810410427
498 7 7 0.0406751038 0.06799999999999998 0.00655240810410427
550 7 7 0.0406572387 0.06799999999999998 0.00655240810410427
401 7 7 0.0405120584 0.0686 0.00659291921980797
84 7 7 0.0400157965 0.07019999999999996 0.00672907455206549
252 7 7 0.0398464797 0.07079999999999999 0.0067689146035
6 7 7 0.03953517 0.07179999999999993 0.00683028040400473
114 7 7 0.0394345432 0.07200000000000004 0.00683028040400473
275 7 7 0.0394336853 0.07200000000000004 0.00683028040400473
369 7 7 0.0390816821 0.07379999999999996 0.00698299350324375
602 7 7 0.0389707796 0.07439999999999998 0.00702166872380846
609 7 7 0.0388016095 0.07519999999999996 0.00707897266486849
558 7 7 0.0386614072 0.07599999999999994 0.00713598349114049
484 7 7 0.03837972 0.07739999999999995 0.00724889644152058
573 7 7 0.0382384066 0.07819999999999994 0.00728664368226722
383 7 7 0.0381849619 0.07819999999999994 0.00728664368226722
378 7 7 0.0381441549 0.07840000000000004 0.00728678522087999
267 7 7 0.0377748908 0.07959999999999993 0.00737963502740763
361 7 7 0.0372803057 0.08200000000000003 0.00758298762736798
615 7 7 0.0369820799 0.08379999999999996 0.00772997248988399
367 7 7 0.0363744301 0.0864 0.0079468013029636
413 7 7 0.0361708031 0.08679999999999993 0.0079468013029636
448 7 7 0.0361239375 0.08679999999999993 0.0079468013029636
59 7 7 0.0357467329 0.08819999999999993 0.00800842006927882
463 7 7 0.035717781 0.08819999999999993 0.00800842006927882
113 7 7 0.035712783 0.08819999999999993 0.00800842006927882
224 7 7 0.0356726829 0.08840000000000003 0.00800842006927882
105 7 7 0.0354850961 0.08879999999999996 0.00800842006927882
212 7 7 0.0353940177 0.08899999999999991 0.00800842006927882
319 7 7 0.0352395044 0.08899999999999991 0.00800842006927882
470 7 7 0.0350989296 0.08959999999999994 0.00804269692559578
483 7 7 0.0349038436 0.09019999999999996 0.00807680657773559
618 7 7 0.0343389347 0.09319999999999994 0.00832513130994201
213 7 7 0.0339124298 0.09620000000000005 0.00857225058228337
439 7 7 0.033624982 0.09760000000000005 0.00867594455191497
392 7 7 0.0332841826 0.10019999999999996 0.00888555137339818
451 7 7 0.0330772792 0.10079999999999999 0.00891721909130063
447 7 7 0.0329189529 0.10159999999999997 0.00896638492458409
359 7 7 0.0323488593 0.10480000000000005 0.00922661139466635
428 7 7 0.0320259103 0.10599999999999994 0.00930993363679831
597 7 7 0.0311790244 0.10939999999999998 0.00958562203953432
515 7 7 0.0311087486 0.11019999999999996 0.0096098476016677
441 7 7 0.0310867561 0.11019999999999996 0.0096098476016677
163 7 7 0.0309080959 0.11159999999999996 0.0097088713278252
276 7 7 0.0305888394 0.11359999999999999 0.00985950168956333
244 7 7 0.0304631645 0.11420000000000002 0.00988820016270803
193 7 7 0.0303885014 0.11480000000000004 0.0099167635842144
75 7 7 0.0294250002 0.12039999999999992 0.0103760938109194
253 7 7 0.0290376808 0.12260000000000006 0.0105409462042834
445 7 7 0.0283904057 0.12599999999999995 0.010807961223393
37 7 7 0.0278634533 0.12899999999999992 0.0110138271514576
349 7 7 0.0278516371 0.12899999999999992 0.0110138271514576
535 7 7 0.0276456881 0.13 0.0110734534392072
148 7 7 0.0273542625 0.13099999999999995 0.011132255400398
131 7 7 0.0272210574 0.13159999999999997 0.011132255400398
536 7 7 0.0272060626 0.13159999999999997 0.011132255400398
480 7 7 0.0269361308 0.13379999999999995 0.0112923377231037
370 7 7 0.0268124753 0.1344 0.0113169600088372
362 7 7 0.0265075027 0.13539999999999994 0.0113750739611546
178 7 7 0.0261584472 0.13799999999999998 0.0115670330814395
465 7 7 0.0260616803 0.1386 0.0115908613757937
65 7 7 0.0259457442 0.13920000000000002 0.011614581359719
81 7 7 0.0253084748 0.14420000000000002 0.0120044888529115
434 7 7 0.0246369661 0.14739999999999995 0.0122431230929476
557 7 7 0.0245244943 0.14780000000000001 0.0122486354626444
450 7 7 0.0242508401 0.14939999999999998 0.0123533466698781
19 7 7 0.0241455323 0.15019999999999997 0.0123638029757021
355 7 7 0.0241158445 0.15019999999999997 0.0123638029757021
125 7 7 0.0238856485 0.15239999999999995 0.0125168326463993
338 7 7 0.0233394166 0.15679999999999994 0.0128494650100339
460 7 7 0.0232317009 0.15719999999999998 0.0128535532903425
118 7 7 0.0229248021 0.15899999999999992 0.0129718408672723
63 7 7 0.0223753741 0.16179999999999992 0.0131710068965694
583 7 7 0.0214765168 0.1686 0.0136941833166354
514 7 7 0.0214208202 0.16899999999999993 0.013696370777015
341 7 7 0.0210581197 0.17179999999999992 0.0138926248503702
120 7 7 0.0204761578 0.17679999999999993 0.0142655285009356
69 7 7 0.020361568 0.17819999999999994 0.0143469590525566
7 7 7 0.0199869638 0.18319999999999995 0.0146851028686102
593 7 7 0.0199723817 0.18319999999999995 0.0146851028686102
306 7 7 0.0195299372 0.18679999999999994 0.0149410523739454
60 7 7 0.0192070271 0.19019999999999995 0.015179926987009
209 7 7 0.0188176074 0.1936 0.0153843934814011
221 7 7 0.0187955698 0.1936 0.0153843934814011
188 7 7 0.0185219429 0.19659999999999997 0.0155890454857924
455 7 7 0.0181512519 0.20019999999999996 0.0158402887623694
590 7 7 0.0180783694 0.20099999999999996 0.0158693853580142
461 7 7 0.0179082239 0.2022 0.0159272047172399
534 7 7 0.017843676 0.20260000000000006 0.0159272047172399
579 7 7 0.0177119974 0.20420000000000002 0.0160186859282596
595 7 7 0.0172817985 0.20840000000000003 0.0163133019073473
527 7 7 0.0168687348 0.21439999999999998 0.0167472662501597
625 7 7 0.0167910513 0.21539999999999992 0.0167896558274874
277 7 7 0.0166874333 0.21739999999999995 0.016909647053156
304 7 7 0.0162822378 0.2214 0.0171843645618937
28 7 7 0.0155915261 0.22899999999999993 0.0177367539921505
523 7 7 0.015381573 0.23179999999999992 0.0179090382672861
217 7 7 0.0153677709 0.2322 0.0179090382672861
525 7 7 0.0152404832 0.23399999999999993 0.0180100318199936
400 7 7 0.0145479751 0.24260000000000007 0.018632876338519
29 7 7 0.014243246 0.2472 0.018946541905639
159 7 7 0.0139147153 0.25379999999999997 0.0194118703544441
397 7 7 0.013753577 0.25560000000000005 0.0194836582665481
22 7 7 0.0137220645 0.25579999999999997 0.0194836582665481
290 7 7 0.01358174 0.25739999999999996 0.0195649351883036
358 7 7 0.0132276512 0.2617999999999999 0.019858264106416
273 7 7 0.0132033635 0.26260000000000006 0.0198671916380889
494 7 7 0.0131631302 0.26299999999999996 0.0198671916380889
588 7 7 0.0130286165 0.2638 0.0198867050140624
488 7 7 0.0129956011 0.26439999999999997 0.0198910922052281
589 7 7 0.0128956785 0.267 0.0200456158789311
353 7 7 0.0128241056 0.26760000000000006 0.0200496608553065
479 7 7 0.0126961825 0.2703999999999999 0.020192016444339
109 7 7 0.0126790869 0.2706 0.020192016444339
629 7 7 0.0124466248 0.27280000000000004 0.0203148887553593
133 7 7 0.0119883378 0.27679999999999993 0.0205710347876078
384 7 7 0.0116754197 0.28200000000000003 0.0208877824068639
443 7 7 0.0116405998 0.2822 0.0208877824068639
25 7 7 0.0115213418 0.28319999999999995 0.0209196234023662
391 7 7 0.0114117433 0.28500000000000003 0.021010312839126
184 7 7 0.0113478199 0.28620000000000007 0.0210564951953719
33 7 7 0.0112729335 0.28700000000000003 0.0210731226164556
174 7 7 0.0110474193 0.2906 0.0212948647386134
454 7 7 0.0108958688 0.2926000000000001 0.0213853635213856
296 7 7 0.0108513418 0.293 0.0213853635213856
407 7 7 0.0108046212 0.2936 0.0213866379078569
265 7 7 0.0104419791 0.298 0.0216641616576526
295 7 7 0.0103391077 0.29899999999999993 0.0216800779036582
316 7 7 0.0103192678 0.2994 0.0216800779036582
393 7 7 0.0096254891 0.3064 0.0221142069720819
203 7 7 0.0095963563 0.3066 0.0221142069720819
395 7 7 0.0092450331 0.31079999999999997 0.0223731861351178
85 7 7 0.0090886115 0.3122 0.0224299858883566
100 7 7 0.0087419628 0.31599999999999995 0.0226574247963059
416 7 7 0.0086100941 0.3166 0.0226574247963059
387 7 7 0.0078594005 0.32620000000000005 0.0232990299403728
374 7 7 0.0076070305 0.32959999999999995 0.0234961645897763
368 7 7 0.0075150357 0.33140000000000003 0.023578697144658
44 7 7 0.0073154272 0.33299999999999996 0.0236467081975202
332 7 7 0.0072406314 0.3338 0.0236577574205699
175 7 7 0.0067711426 0.33819999999999995 0.0239234190277647
633 7 7 0.0064769579 0.34179999999999994 0.0241315776946681
542 7 7 0.006066267 0.34700000000000003 0.0244516827994613
444 7 7 0.0060098291 0.348 0.0244658297791921
471 7 7 0.0059341694 0.3492 0.0244658297791921
601 7 7 0.0059330911 0.3492 0.0244658297791921
13 7 7 0.0057733082 0.35120000000000007 0.0245590863212185
225 8 8 0.0055004382 0.33599999999999997 0.65616
464 7 7 0.0054905098 0.35459999999999997 0.0247306049257904
303 7 7 0.0054531217 0.355 0.0247306049257904
222 7 7 0.005364306 0.35620000000000007 0.0247672047433662
274 7 7 0.0052526676 0.35700000000000004 0.0247759060684964
489 7 7 0.0041180482 0.369 0.0255603913137602
78 7 7 0.0039102368 0.3726 0.0257611550322229
433 7 7 0.0034803518 0.3778 0.0260715783071472
541 7 7 0.0033049221 0.3804 0.026201750146432
424 7 7 0.00306405 0.38439999999999996 0.0263782875826811
425 7 7 0.0030434397 0.38439999999999996 0.0263782875826811
323 7 7 0.0027038165 0.3902 0.0267263392692709
477 7 7 0.0026599657 0.3912 0.0267449359506532
518 7 7 0.0025371152 0.394 0.0268772801111019
396 7 7 0.0024401557 0.3946 0.0268772801111019
591 7 7 0.0020880717 0.3986 0.0270994537195741
103 7 7 0.0018926577 0.4018 0.0272665172486486
540 7 7 0.0017649107 0.40399999999999997 0.0273652285927975
153 7 7 0.0015951023 0.40740000000000004 0.0275345678786441
280 7 7 0.0015527224 0.408 0.0275345678786441
272 7 7 0.001245703 0.4128 0.0278073874502857
72 7 7 0.00108175 0.4154 0.0279312808224389
345 7 7 0.0009304902 0.41759999999999997 0.0280278745792121
215 7 7 0.0003104465 0.42460000000000003 0.0284456873996892
307 7 7 -0.0001960083 0.4318 0.0288674724858625
27 7 7 -0.0002202588 0.4326 0.0288674724858625
545 7 7 -0.0002607971 0.43339999999999995 0.0288674724858625
199 7 7 -0.0003074647 0.4344 0.0288674724858625
234 7 7 -0.0003638765 0.4354 0.0288674724858625
381 7 7 -0.0003792113 0.436 0.0288674724858625
517 7 7 -0.000417093 0.4364 0.0288674724858625
95 7 7 -0.0008211352 0.4422 0.0291985273763463
339 7 7 -0.000849714 0.443 0.0291988355960247
166 7 7 -0.0010053105 0.4464 0.0293702057372203
190 7 7 -0.0011370047 0.4482 0.0294095408341898
562 7 7 -0.0011720755 0.4486 0.0294095408341898
3 7 7 -0.0014791388 0.4524 0.029605795622813
145 7 7 -0.0016291961 0.45439999999999997 0.0296837666525643
302 7 7 -0.002106245 0.46199999999999997 0.0301266319951061
214 7 7 -0.0023144459 0.4632 0.0301513282302315
195 8 8 -0.0023882508 0.4678 0.65616
531 7 7 -0.002485147 0.4648 0.0302019283775664
177 7 7 -0.002883151 0.4686 0.0303950494886516
571 7 7 -0.0038840369 0.4778 0.0309371347029186
147 7 7 -0.0045380431 0.48619999999999997 0.0314256030577388
626 7 7 -0.0049570602 0.4924 0.0317704070848139
628 7 7 -0.0055370752 0.5015999999999999 0.0323072263109424
340 7 7 -0.0059653721 0.5074000000000001 0.0325921994610151
613 7 7 -0.0059838802 0.5078 0.0325921994610151
8 8 8 -0.0065856548 0.5468000000000001 0.65616
152 7 7 -0.0066532954 0.5172 0.0331375881485392
238 7 7 -0.0069352453 0.5208 0.0333101113848962
57 7 7 -0.0070659663 0.5228 0.0333798773030843
132 7 7 -0.0075805314 0.5306000000000001 0.033819078047242
516 7 7 -0.0093330995 0.5584 0.0355292956751816
552 7 7 -0.0101352661 0.5706 0.0362427322527204
631 7 7 -0.0102239623 0.5718 0.0362562254761282
481 7 7 -0.0106359534 0.5784 0.0366114806000178
521 7 7 -0.0109182412 0.5801999999999999 0.0366622060428899
48 7 7 -0.0113764505 0.5908 0.037266911996756
144 7 7 -0.0114972821 0.5918 0.037266911996756
208 7 7 -0.0116218219 0.5942000000000001 0.0373539731358226
456 7 7 -0.0119087278 0.598 0.0375285962197815
55 7 7 -0.0123908593 0.6056 0.0379406923943273
343 7 7 -0.0126994249 0.6106 0.0381887726216924
16 7 7 -0.0127916501 0.612 0.0382112370560775
281 7 7 -0.0129892812 0.615 0.0383333542622889
197 7 7 -0.0132056199 0.6176 0.038430167507007
403 7 7 -0.0141642707 0.636 0.0394368066075239
257 7 7 -0.0142140795 0.6368 0.0394368066075239
198 7 7 -0.0142472391 0.637 0.0394368066075239
161 7 7 -0.0145702064 0.6426 0.0397165282128321
205 7 7 -0.0153004263 0.6526 0.0402238765654465
77 7 7 -0.0153074171 0.653 0.0402238765654465
510 7 7 -0.0157149713 0.6602 0.040599266808444
570 7 7 -0.0159040865 0.6642 0.0407701603848059
596 7 7 -0.0160262806 0.6652 0.0407701603848059
127 7 7 -0.0162106131 0.6698 0.0409836745891462
371 7 7 -0.0163851978 0.672 0.041049871579476
186 7 7 -0.0167302928 0.6788 0.0413277273101683
250 7 7 -0.0167331698 0.6788 0.0413277273101683
10 7 7 -0.0188986916 0.7198000000000001 0.0437033515949299
309 7 7 -0.0189377548 0.7202 0.0437033515949299
223 7 7 -0.0195138789 0.7342000000000001 0.0444793833586369
467 7 7 -0.0196173698 0.736 0.0445149740992466
575 7 7 -0.0196708594 0.7378 0.0445504477650517
607 7 7 -0.0199166452 0.7425999999999999 0.0447666559533248
258 7 7 -0.0202081107 0.7506 0.0451747467753229
1 8 8 -0.0221184244 0.8570000000000001 0.857
108 7 7 -0.0222565547 0.7953999999999999 0.0477926793031609
305 7 7 -0.0232147774 0.816 0.0488506882884956
402 7 7 -0.0232306644 0.8164 0.0488506882884956
15 7 7 -0.0232668635 0.8170000000000001 0.0488506882884956
611 7 7 -0.0243271085 0.8392000000000001 0.0500964972656002
53 7 7 -0.0248285058 0.8523999999999999 0.0507681590271612
162 7 7 -0.0249205745 0.8544 0.0507681590271612
73 7 7 -0.0249608658 0.8545999999999999 0.0507681590271612
520 7 7 -0.0251837191 0.861 0.0510657252418149
112 7 7 -0.0256640267 0.8728 0.0516820878375926
236 7 7 -0.0258040233 0.8754 0.0517525726698122
366 7 7 -0.0259124488 0.878 0.0518228308626999
554 7 7 -0.0261056664 0.8828 0.0520225072729095
385 7 7 -0.0264825502 0.892 0.0524804157003216
594 7 7 -0.0279163673 0.9308 0.0546755750004094
333 7 7 -0.02827438 0.9418000000000001 0.0552333461727518
533 7 7 -0.0284729663 0.9490000000000001 0.0555668366120856
334 7 7 -0.029556253 0.98 0.0572906083249919
