20 32 32 0.2674998653 5.2891822123000274e-15 3.17879850959232e-12
574 32 32 0.2294989507 6.445736685531694e-14 1.79729504452112e-11
380 32 32 0.2248027785 8.971522684797607e-14 1.79729504452112e-11
50 32 32 0.2005904525 5.385060016810757e-13 7.05393943252285e-11
561 32 32 0.1994671534 5.874304567008187e-13 7.05393943252285e-11
528 32 32 0.1971396218 7.04220242847539e-13 7.05393943252285e-11
134 32 32 0.1882073434 1.433438808777113e-12 1.20439953659564e-10
168 32 32 0.1868279955 1.6031940586963613e-12 1.20439953659564e-10
430 32 32 0.1849755823 1.8649704142928757e-12 1.2453857988778e-10
155 32 32 0.1809207247 2.6068821820107506e-12 1.43386554590863e-10
191 32 32 0.1804869025 2.702840801369893e-12 1.43386554590863e-10
42 32 32 0.1797977397 2.8629594926628234e-12 1.43386554590863e-10
43 32 32 0.1747845582 4.3723714561130375e-12 2.02138095778764e-10
226 32 32 0.1733828724 4.929508144458221e-12 2.11616742487099e-10
228 32 32 0.1712603721 5.918938124157398e-12 2.3715212084124e-10
169 32 32 0.1697178642 6.767242002328317e-12 2.54194527712457e-10
270 32 32 0.1689670455 7.225356694214959e-12 2.55437610189599e-10
263 21 21 0.1664909412 1.0282972282294009e-05 2.0565944564588e-05
491 32 32 0.1656764789 9.651341631347695e-12 3.22247573357776e-10
432 32 32 0.1635853659 1.1624997745487192e-11 3.67717033949358e-10
104 32 32 0.1611259071 1.4499507657741616e-11 4.35710205115135e-10
427 32 32 0.1602743306 1.5660832321943748e-11 4.48198105975628e-10
240 32 32 0.158650665 1.8153293725788268e-11 4.95914978599943e-10
58 32 32 0.1569014058 2.130903780594921e-11 5.56814422668499e-10
52 32 32 0.1563748628 2.2367663674524118e-11 5.60123577849541e-10
538 32 32 0.1548520507 2.5750919481630793e-11 6.19052104338404e-10
320 32 32 0.1537089644 2.8640530553728392e-11 6.62036879338106e-10
418 32 32 0.1528721592 3.097004764112143e-11 6.75959265195482e-10
102 32 32 0.1526936184 3.1492278578158874e-11 6.75959265195482e-10
143 32 32 0.1517196445 3.4508218367366165e-11 7.15153077199554e-10
352 32 32 0.1509237247 3.7197038931854646e-11 7.45180679934821e-10
196 32 32 0.1488108037 4.5454864737437654e-11 8.81237861522582e-10
187 32 32 0.1437766525 7.386390773668305e-11 1.38725651717958e-09
289 32 32 0.1428281505 8.104176996786252e-11 1.47594253789956e-09
268 32 32 0.1416618588 9.088196265650722e-11 1.60647233989885e-09
474 32 32 0.1410552034 9.648784984930934e-11 1.65683422169814e-09
245 32 32 0.1380376445 1.302811378739309e-10 2.17497121839535e-09
620 32 32 0.135168257 1.7403375623338853e-10 2.82687263503423e-09
565 32 32 0.133581253 2.046130583665985e-10 3.15566513131131e-09
399 32 32 0.133573434 2.0477693863750592e-10 3.15566513131131e-09
202 32 32 0.1328749105 2.1998685609423105e-10 3.23329166299681e-09
325 32 32 0.1328489705 2.2057397368197876e-10 3.23329166299681e-09
499 32 32 0.1318823135 2.4366578311857536e-10 3.43795421218852e-09
46 32 32 0.1317326603 2.4746118480582374e-10 3.43795421218852e-09
580 32 32 0.131546557 2.52267573259388e-10 3.43795421218852e-09
408 32 32 0.1313512279 2.574175366863287e-10 3.43795421218852e-09
556 32 32 0.1310182498 2.6645214196633174e-10 3.48125515916881e-09
469 32 32 0.1289994815 3.2883231898528786e-10 4.20038678425944e-09
278 32 32 0.1288086823 3.354718230356957e-10 4.20038678425944e-09
87 32 32 0.1285182908 3.4584775882874487e-10 4.24192863379746e-09
563 32 32 0.126712392 4.183937918830137e-10 5.02909337843383e-09
313 32 32 0.1261595256 4.4366331664656497e-10 5.22826771185462e-09
410 32 32 0.1258636789 4.578372378828924e-10 5.2915419224542e-09
227 32 32 0.1255066038 4.755787602758675e-10 5.39288367784521e-09
288 32 32 0.1231807715 6.102457626065048e-10 6.79180932086129e-09
192 32 32 0.1227331188 6.404623242756075e-10 6.99850648890255e-09
79 32 32 0.1196354623 8.975624973886461e-10 9.63276894518886e-09
360 32 32 0.1191704877 9.446473120808335e-10 9.90733336044802e-09
194 32 32 0.1190609133 9.561153659001414e-10 9.90733336044802e-09
485 32 32 0.1186060568 1.0053025788604348e-09 1.01114439004757e-08
32 32 32 0.1184938112 1.0178436345565334e-09 1.01114439004757e-08
229 32 32 0.1184190599 1.0262863193494499e-09 1.01114439004757e-08
598 32 32 0.1177769969 1.1018958001128018e-09 1.06812802559322e-08
140 32 32 0.1174895565 1.1376146429360569e-09 1.08524825461043e-08
606 32 32 0.1164497597 1.2772891475501452e-09 1.19945434012131e-08
551 32 32 0.1158688121 1.3630440067538301e-09 1.26029145855239e-08
218 32 32 0.1138090485 1.7189906162384644e-09 1.56532327327169e-08
423 32 32 0.1127612166 1.9362528105859893e-09 1.73684767039131e-08
18 32 32 0.1119125845 2.133237202557223e-09 1.8854052334366e-08
111 32 32 0.1116708947 2.1930984457823406e-09 1.89848320430517e-08
544 32 32 0.1115991224 2.2112117188246604e-09 1.89848320430517e-08
259 32 32 0.1111458072 2.3292958911985044e-09 1.97169976142296e-08
566 32 32 0.1102955842 2.568932861178219e-09 2.14434534662237e-08
609 32 32 0.1083516268 3.219124679634948e-09 2.65026566090494e-08
47 32 32 0.1067940845 3.863751522585415e-09 3.12746183664911e-08
377 32 32 0.1066741234 3.918710535515925e-09 3.12746183664911e-08
336 32 32 0.106596175 3.954860226045468e-09 3.12746183664911e-08
93 32 32 0.1059442752 4.271215244517256e-09 3.33376670383749e-08
292 32 32 0.1028967582 6.143614189773431e-09 4.73373349750491e-08
39 32 32 0.1018791034 6.946309739294829e-09 5.2708878410421e-08
54 32 32 0.1017964495 7.016156859956208e-09 5.2708878410421e-08
249 32 32 0.1016676278 7.126488785977583e-09 5.28767871650929e-08
264 32 32 0.1013381201 7.417051831139272e-09 5.3734807338315e-08
414 32 32 0.1013337955 7.420946770516051e-09 5.3734807338315e-08
592 32 32 0.1011131248 7.622564508508208e-09 5.45376341620647e-08
465 32 32 0.099853072 8.889185579543657e-09 6.28517709800675e-08
311 32 32 0.0977624636 1.1500395911432863e-08 8.03690458461762e-08
235 32 32 0.0974416308 1.1967388794397736e-08 8.26712720164717e-08
182 32 32 0.0967525047 1.3038886107240109e-08 8.90496653460376e-08
141 32 32 0.096578731 1.3324636207960804e-08 8.99787231571286e-08
513 32 32 0.0958045243 1.467976325804421e-08 9.80281968676063e-08
137 32 32 0.0952641056 1.5710703943354932e-08 1.03759704065454e-07
568 32 32 0.0949838347 1.6274969392742693e-08 1.06318006576504e-07
431 32 32 0.0948560391 1.6539266919873763e-08 1.06882789449937e-07
301 32 32 0.0947313705 1.6801432062552504e-08 1.07421922016958e-07
567 32 32 0.0942226948 1.7917083465384645e-08 1.13349128028381e-07
56 32 32 0.0930403733 2.0820696909513903e-08 1.30346237943936e-07
496 32 32 0.0928520484 2.1326915989122157e-08 1.31991075440023e-07
449 23 24 0.0928222212 4.4369972665104005e-08 8.8739945330208e-08
468 32 32 0.0927267487 2.1670851855072135e-08 1.31991075440023e-07
582 32 32 0.0927009842 2.1742290297108602e-08 1.31991075440023e-07
183 32 32 0.0922688642 2.2977924946224388e-08 1.38097328926809e-07
390 20 20 0.0911208695 1.0355011008252823e-05 5.17750550412641e-05
508 32 32 0.0911124267 2.6660329443379523e-08 1.57445770046882e-07
420 32 32 0.091094734 2.6721245498805295e-08 1.57445770046882e-07
151 32 32 0.0908413779 2.7609723835575065e-08 1.61101398302724e-07
584 32 32 0.090662612 2.825520888296176e-08 1.63282505179423e-07
622 32 32 0.0902397795 2.984568064477767e-08 1.70830991119156e-07
135 32 32 0.0899632775 3.093622375336391e-08 1.75402551658224e-07
248 32 32 0.0894609391 3.302562639373131e-08 1.85499079090024e-07
49 32 32 0.0887791626 3.610064195734018e-08 2.00893387188532e-07
404 32 32 0.0883806726 3.8035514350666976e-08 2.09718753438081e-07
452 32 32 0.0881393698 3.9259696380234325e-08 2.14500704768371e-07
271 32 32 0.0869353661 4.601533220743385e-08 2.47082134916885e-07
299 32 32 0.086930455 4.604525642377894e-08 2.47082134916885e-07
329 32 32 0.086333885 4.983632435969261e-08 2.65058680886507e-07
564 32 32 0.0861315585 5.1195159319565147e-08 2.69897287289988e-07
458 32 32 0.0854663167 5.5943187965024395e-08 2.92363964930258e-07
239 32 32 0.0841656641 6.660822233434766e-08 3.45099496749508e-07
312 32 32 0.0838655214 6.935928826021812e-08 3.5417946459804e-07
138 32 32 0.0838463085 6.95393957114288e-08 3.5417946459804e-07
532 32 32 0.0837732957 7.022831990966068e-08 3.54682523241227e-07
142 32 32 0.0832115758 7.577358517404386e-08 3.79499372413336e-07
176 32 32 0.0831346535 7.656793125080811e-08 3.80308484973022e-07
397 32 32 0.0822552858 8.62944052739834e-08 4.25106045652984e-07
504 32 32 0.0820716783 8.848381169916167e-08 4.32347730334928e-07
409 32 32 0.0815650393 9.483226889085863e-08 4.59630593575855e-07
362 32 32 0.0812211662 9.941165353719681e-08 4.77971230206842e-07
492 32 32 0.08082922 1.0491502561744743e-07 5.00428019016555e-07
326 32 32 0.0796365373 1.237127740796601e-07 5.8544391513288e-07
497 32 32 0.0795439389 1.253127198153436e-07 5.88382379757981e-07
630 32 32 0.0790197216 1.3478834558202652e-07 6.27967408486806e-07
500 32 32 0.0783311256 1.4838952489577486e-07 6.86016188172005e-07
310 32 32 0.0779796799 1.5587830044172775e-07 7.10370203863084e-07
338 32 32 0.0779731373 1.5602140916793182e-07 7.10370203863084e-07
95 32 32 0.0777632369 1.6068643741157112e-07 7.26109390107927e-07
356 32 32 0.0771856858 1.7429217866923795e-07 7.81713428210537e-07
483 21 21 0.0769506923 0.0002922472055552924 0.000292247205555292
608 32 32 0.0767361738 1.8571439384093475e-07 8.2677296813631e-07
573 32 32 0.0759852473 2.065781053948904e-07 9.12892951046538e-07
110 32 32 0.0753307162 2.2676640876145795e-07 9.94792785880556e-07
154 32 32 0.0752513034 2.2935278801051623e-07 9.98848011553045e-07
394 32 32 0.0751505039 2.326802801124675e-07 1.00604926868772e-06
298 32 32 0.073744789 2.847381192095769e-07 1.22234006889254e-06
546 32 32 0.0732711003 3.049183915594424e-07 1.29968761224982e-06
383 32 32 0.0730332545 3.156108972174402e-07 1.33578978329353e-06
261 32 32 0.072677579 3.3233914014818595e-07 1.39675400859482e-06
216 32 32 0.0725323281 3.3943535955084895e-07 1.41603437744455e-06
139 32 32 0.0724551208 3.4327174613356165e-07 1.41603437744455e-06
619 32 32 0.0724406658 3.4399504011132196e-07 1.41603437744455e-06
614 32 32 0.0721894491 3.568235379949689e-07 1.45884997506787e-06
242 32 32 0.0718622801 3.7428623558504094e-07 1.51990559180142e-06
478 29 29 0.0716472287 2.6307525271507615e-07 1.57845151629046e-06
90 32 32 0.0714128034 3.997498794428083e-07 1.60550068116947e-06
398 32 32 0.071396493 4.007073247511152e-07 1.60550068116947e-06
627 32 32 0.0712551456 4.0910592280226526e-07 1.62829575896796e-06
529 32 32 0.070635193 4.4817969058962866e-07 1.77207890818662e-06
405 32 32 0.0698874599 5.00568101050772e-07 1.96628384791839e-06
585 32 32 0.0698294331 5.048932253604216e-07 1.97039498988061e-06
411 32 32 0.0697819649 5.084604494223427e-07 1.97151438776018e-06
201 32 32 0.0694135723 5.370586525921324e-07 2.06905288594789e-06
419 32 32 0.0686001428 6.063375482888762e-07 2.32107558294022e-06
181 32 32 0.0684577484 6.193980325478652e-07 2.35606466810928e-06
120 32 32 0.0675167038 7.134641951515421e-07 2.69680491374891e-06
548 32 32 0.0665093652 8.309207475116408e-07 3.1211460578406e-06
256 32 32 0.0659916634 8.990054499452022e-07 3.35591475414327e-06
89 32 32 0.0658888559 9.132079415700406e-07 3.38788872150367e-06
475 32 32 0.0655820648 9.570042220583286e-07 3.52858611936844e-06
599 32 32 0.0655002505 9.690514372160428e-07 3.55121898638318e-06
8 32 32 0.0653749841 9.878057390975279e-07 3.59800757089463e-06
317 32 32 0.0646493892 1.1041833040021546e-06 3.99767569701985e-06
94 32 32 0.0644696807 1.135168902366263e-06 4.08524856480314e-06
547 32 32 0.0641461701 1.1932664803746622e-06 4.26876877800698e-06
99 32 32 0.0640406969 1.2128743733449518e-06 4.31323963538649e-06
453 32 32 0.063971966 1.225833099151272e-06 4.33368054464655e-06
266 32 32 0.0639283945 1.2341232371464243e-06 4.33747406739767e-06
12 32 32 0.0637908842 1.2606739476998952e-06 4.4050293172537e-06
185 32 32 0.0634011307 1.3392298229607806e-06 4.65246892254005e-06
63 32 32 0.0632280469 1.3757437895929088e-06 4.75185067554792e-06
522 32 32 0.0631535079 1.391788466516537e-06 4.77979924786536e-06
241 32 32 0.062741408 1.4841020832447018e-06 5.0384512305307e-06
389 32 32 0.0627366019 1.485215759077887e-06 5.0384512305307e-06
128 32 32 0.0627063176 1.4922534426530205e-06 5.0384512305307e-06
506 32 32 0.0615970253 1.775672879736071e-06 5.96189609341552e-06
2 32 32 0.0611419699 1.9077614586627045e-06 6.36980353697936e-06
617 32 32 0.0610695882 1.929702614717586e-06 6.40746558809541e-06
501 32 32 0.0608057968 2.0119291883549836e-06 6.64378814396344e-06
293 32 32 0.0601831665 2.220903857414746e-06 7.2937880781763e-06
318 32 32 0.0600675724 2.2621410803784537e-06 7.36150266561659e-06
321 32 32 0.0600568131 2.2660199553062728e-06 7.36150266561659e-06
576 20 20 0.0599635979 0.0001699371900939264 0.000424842975234816
314 32 32 0.0598929555 2.3259615814615137e-06 7.47611425598894e-06
107 32 32 0.0598923702 2.3261786453742617e-06 7.47611425598894e-06
357 32 32 0.0596091707 2.4337360598584752e-06 7.78018814880289e-06
577 32 32 0.0593224599 2.5479461000706185e-06 8.07635834737328e-06
246 32 32 0.0593094544 2.553258046590556e-06 8.07635834737328e-06
200 32 32 0.0591919558 2.6017780643637094e-06 8.15299229384349e-06
470 32 32 0.0591851533 2.6046165065190524e-06 8.15299229384349e-06
482 32 32 0.059066082 2.6548295107608534e-06 8.26711158532266e-06
365 32 32 0.05892989 2.7135078959734373e-06 8.40627961587647e-06
481 32 32 0.0587624261 2.7875273205549175e-06 8.59130215206926e-06
119 32 32 0.05848739 2.9137181498683763e-06 8.93441126566783e-06
21 32 32 0.0573439407 3.5061006133391255e-06 1.06962764904407e-05
623 32 32 0.0569420682 3.743188452309034e-06 1.13619003022108e-05
344 32 32 0.0567240331 3.878791430991818e-06 1.17048234960268e-05
66 32 32 0.0566983249 3.895115972055498e-06 1.17048234960268e-05
502 32 32 0.0561774871 4.2418142151654825e-06 1.26832355388779e-05
527 32 32 0.0561126633 4.287173616866632e-06 1.27554026917666e-05
550 32 32 0.0559431122 4.408232905843917e-06 1.3050975253262e-05
61 32 32 0.05577857 4.5291428102303324e-06 1.33432099458256e-05
170 32 32 0.0547617943 5.357593997065737e-06 1.57068975231049e-05
330 20 20 0.054754908 0.00029247639032798994 0.00048746065054665
372 32 32 0.0545598131 5.540276271631888e-06 1.6163621549761e-05
572 33 33 0.0542996804 1.6964203412118063e-07 1.24157235775023e-06
71 32 32 0.0540916033 5.989296657923885e-06 1.73892139681751e-05
442 32 32 0.0538416361 6.244475558202466e-06 1.79806500064279e-05
106 32 32 0.0538336262 6.252838354980737e-06 1.79806500064279e-05
354 32 32 0.0533442 6.786755007533231e-06 1.94230464739403e-05
441 32 32 0.0528756756 7.342728192656007e-06 2.09145954681813e-05
5 32 32 0.0526701525 7.601476372992601e-06 2.15494683970215e-05
388 32 32 0.052100964 8.369151665433614e-06 2.3614366905754e-05
549 32 32 0.0520334508 8.46545249608779e-06 2.37744717296671e-05
437 33 33 0.0519652976 3.10393089437558e-07 1.24157235775023e-06
286 32 32 0.0519040521 8.653285182283341e-06 2.41889506723362e-05
505 32 32 0.051580154 9.142842844928148e-06 2.54391136564899e-05
34 32 32 0.0512406319 9.687272514471557e-06 2.68297271022922e-05
337 32 32 0.0510781283 9.959765557441293e-06 2.74578857799184e-05
514 32 32 0.0508334711 1.0385258609330793e-05 2.8409970946072e-05
519 32 32 0.050825377 1.0399656585916523e-05 2.8409970946072e-05
376 32 32 0.0506538703 1.0709702750215427e-05 2.90085065173705e-05
350 32 32 0.0506366862 1.0741297021746107e-05 2.90085065173705e-05
220 32 32 0.0506246115 1.0763555662851291e-05 2.90085065173705e-05
412 32 32 0.0499583827 1.2069737791242096e-05 3.23835375559665e-05
375 32 32 0.0497134773 1.2590736184431895e-05 3.36312553193048e-05
76 32 32 0.0496439209 1.2742962836235594e-05 3.3887259577777e-05
351 32 32 0.0495229413 1.3012340980558366e-05 3.44511759000686e-05
530 32 32 0.0494238999 1.3237309087847627e-05 3.48930822885808e-05
283 32 32 0.0493888102 1.3317987969866256e-05 3.49524487768106e-05
126 32 32 0.049195657 1.3771405478894922e-05 3.59852812731124e-05
539 32 32 0.0490997717 1.4002469468720247e-05 3.64306673190514e-05
612 32 32 0.049058165 1.4103993088821035e-05 3.65366372688855e-05
433 32 32 0.0486784693 1.506689333148257e-05 3.88635317262705e-05
149 32 32 0.0486138531 1.5237498575856019e-05 3.9135626684143e-05
303 32 32 0.0480603146 1.6784607176468067e-05 4.2925740055563e-05
180 32 32 0.0478985944 1.7267023945186683e-05 4.39723787756661e-05
422 32 32 0.0477218792 1.7810815287981946e-05 4.51658227345027e-05
204 32 32 0.0476656127 1.7987701031430577e-05 4.54227240331503e-05
347 32 32 0.0475553285 1.8339761734729074e-05 4.61179782534401e-05
230 32 32 0.0474856783 1.856581850416982e-05 4.64919038375253e-05
490 32 32 0.0474478434 1.868983699732118e-05 4.66082657070126e-05
363 32 32 0.047142284 1.972379347317844e-05 4.8983470567687e-05
82 32 32 0.0470854646 1.9922577029531744e-05 4.92735341347678e-05
179 32 32 0.046724573 2.1235154800315764e-05 5.22576102992002e-05
379 32 32 0.0467050663 2.130863264636403e-05 5.22576102992002e-05
172 32 32 0.046683555 2.1389970272218376e-05 5.22576102992002e-05
307 32 32 0.0466436863 2.1541581200843596e-05 5.24149404927409e-05
401 32 32 0.0461787152 2.3395231688152037e-05 5.66957025991104e-05
116 32 32 0.0460018796 2.414340306342429e-05 5.82738363097108e-05
597 29 29 0.0458542944 2.9703782654227245e-05 8.91113479626817e-05
184 27 27 0.0454916623 7.343941889348259e-05 0.00029375767557393
487 32 32 0.0453720251 2.7018355644717748e-05 6.49521269699015e-05
188 32 32 0.0451849725 2.7939569285554703e-05 6.68991280502724e-05
38 32 32 0.0451396764 2.8167557495897292e-05 6.71773891072789e-05
560 32 32 0.0445592168 3.1267960422420864e-05 7.42768546002962e-05
211 32 32 0.0444370383 3.196493585841198e-05 7.56335687043528e-05
355 32 32 0.0437105034 3.645986134395706e-05 8.59308888930125e-05
429 32 32 0.0433659155 3.8818757384680126e-05 9.1133098391378e-05
91 29 29 0.042994694 5.2124215839146914e-05 0.000104248431678294
251 32 32 0.0429014299 4.225422829426956e-05 9.88124171395175e-05
212 32 32 0.0425209809 4.530501469329037e-05 0.000105536100118866
121 32 32 0.0421501689 4.8501156910696745e-05 0.000112545155611308
593 32 32 0.0421135205 4.882961824961643e-05 0.000112871540646229
559 32 32 0.0419038302 5.0754312562242e-05 0.000116871041570527
342 32 32 0.0418664118 5.110603993762034e-05 0.000117231793902709
131 32 32 0.0416846408 5.285135382818782e-05 0.000120774386504718
324 32 32 0.0414169585 5.5536080615142184e-05 0.000126428728976138
31 32 32 0.0410287618 5.968602523994379e-05 0.000135363400638514
7 32 32 0.0409737403 6.029999859516478e-05 0.000136241726149226
51 32 32 0.040929377 6.079985541293684e-05 0.000136856603382678
395 27 27 0.0408781579 0.00015012328630286266 0.000300246572605725
165 32 32 0.0402767379 6.867659948928031e-05 0.000154009836914394
472 32 32 0.0401799076 6.993336738820992e-05 0.000156245181413807
610 29 29 0.0399535678 9.567970701780402e-05 0.000143519560526706
40 32 32 0.0397950682 7.517134749792718e-05 0.000167325851282423
122 32 32 0.0393868265 8.11793532293516e-05 0.000180032440187603
6 32 32 0.0393583304 8.161708059300051e-05 0.000180337740574975
632 32 32 0.0393047187 8.244732174292259e-05 0.000181504909771049
80 32 32 0.039193126 8.420396549866662e-05 0.000184695559360214
88 32 32 0.039112871 8.549151140650953e-05 0.000186837812201135
631 32 32 0.0384875245 9.625844650570357e-05 0.000209606254891043
457 32 32 0.0384681441 9.661399455689565e-05 0.000209620977359907
193 32 32 0.0384214811 9.747571738856936e-05 0.000210729878239317
117 32 32 0.0383444059 9.891673567187617e-05 0.000213078703006443
416 32 32 0.0382948373 9.985525844015957e-05 0.000214332179723342
145 32 32 0.0379149455 0.00010736512241267212 0.000229631453985822
308 32 32 0.0378574636 0.00010855199434883232 0.000231346626254072
386 32 32 0.0378365392 0.00010898744096092795 0.000231453894054833
72 32 32 0.0377728558 0.00011032401618121583 0.000232843393438612
150 32 32 0.0377684752 0.00011041658424293583 0.000232843393438612
445 32 32 0.0377449435 0.00011091523540454986 0.000233063161962937
269 32 32 0.0377182883 0.00011148292583856048 0.000233063161962937
253 32 32 0.0377088729 0.00011168417744646549 0.000233063161962937
260 32 32 0.0373264334 0.00012018895398777975 0.000249943118846559
346 32 32 0.0372833868 0.00012118784401403225 0.00025115135949115
590 32 32 0.0371060835 0.00012539471695546087 0.000258976717835849
428 32 32 0.036638588 0.00013723692335168645 0.000282369452834555
315 32 32 0.0366226406 0.00013766098116559835 0.000282369452834555
604 32 32 0.0364252117 0.00014302597922116953 0.000292376236435112
327 32 32 0.0362545396 0.0001478403602297371 0.000301193411857871
495 32 32 0.0359272246 0.00015755443016154087 0.000319899366645561
524 32 32 0.0355551114 0.00016941525383972823 0.000342823459790157
581 32 32 0.0352473939 0.0001799291874088261 0.00036204204614613
459 32 32 0.0352420578 0.0001801174239562279 0.00036204204614613
407 32 32 0.0352022455 0.00018152837160596044 0.000363661837783941
64 32 32 0.0349901054 0.00018924431703155878 0.000377859915401883
178 32 32 0.0347817744 0.00019715662421798064 0.000392354738923862
436 32 32 0.0346110278 0.00020389967380351795 0.000404434666521169
206 32 32 0.0344000452 0.00021256687482122474 0.000419796646559291
295 32 32 0.0343887517 0.00021304155940196986 0.000419796646559291
595 33 33 0.0343422884 3.555958200756212e-05 9.2382540268158e-05
426 32 32 0.0339497837 0.00023237969445708074 0.000456405870485966
369 32 32 0.0337904953 0.00023984418780947749 0.000469532107079791
219 32 32 0.033729272 0.000242779642809885 0.000473735601716691
393 32 32 0.0334404383 0.0002571446176787199 0.000500142120468967
587 33 33 0.0334049668 4.6191270134079e-05 9.2382540268158e-05
45 32 32 0.0333286364 0.0002629415804100946 0.00050976738653699
62 32 32 0.0332753845 0.00026575067885972937 0.000513556778117998
417 32 32 0.0332402803 0.00026761964198125285 0.000515510912919016
558 32 32 0.0332072911 0.0002693885518901679 0.000517260446281121
467 32 32 0.0330700898 0.00027687783527692334 0.000529947703826213
413 32 32 0.0330036613 0.00028058196015686126 0.000535332565251662
156 32 32 0.0329543385 0.00028336580872787367 0.000538933072928646
65 32 32 0.0329087241 0.00028596610439647515 0.000542162866694895
450 32 32 0.0328080443 0.0002917943180986137 0.000551472909362474
601 32 32 0.0327444313 0.00029554081324250866 0.000556802597989805
367 32 32 0.0326626624 0.0003004307530083847 0.000564246507993873
579 32 32 0.0323618601 0.0003191610938421622 0.000597557063548721
276 32 32 0.0320704346 0.00033847670338747683 0.000631753101664204
130 32 32 0.0319846756 0.0003443910676857883 0.00064080195566303
537 27 27 0.0318510789 0.000689147966909364 0.000918863955879152
415 32 32 0.0317441083 0.0003615666566339668 0.000670683829126587
586 32 32 0.0316939857 0.00036525682931208873 0.000675444167435586
59 32 32 0.0315057738 0.00037946952783990265 0.000699574190895035
210 32 32 0.0314617439 0.00038287728056518415 0.000703697998836929
526 32 32 0.0314045937 0.00038734836781749855 0.000709745027616819
284 32 32 0.0313785609 0.0003894031145022701 0.000711341251719952
223 32 32 0.0312972644 0.0003958935935937819 0.000721006211363221
285 32 32 0.0311443856 0.0004084077823419147 0.000741550082137434
92 32 32 0.0310300286 0.0004180392011145413 0.000755245261249956
217 32 32 0.0310250523 0.0004184636805261818 0.000755245261249956
477 32 32 0.0309421398 0.00042560294867593167 0.000765830455551602
164 32 32 0.0307776255 0.000440148954981566 0.000787701639082826
424 32 32 0.0307750702 0.0004403789529647747 0.000787701639082826
174 32 32 0.0306373253 0.00045296531412762685 0.000807810545373008
463 32 32 0.0305176519 0.000464206280217821 0.000825408208316303
84 32 32 0.0298230479 0.0005354859566893523 0.000949342359794398
335 32 32 0.0295074623 0.0005715752027467939 0.00101034322603183
421 32 32 0.0293418064 0.0005915301874678943 0.00104255027175427
175 32 32 0.0292629381 0.0006012858361568937 0.00105664557757396
23 32 32 0.0291593018 0.0006143620743108888 0.0010764769873494
48 32 32 0.0289743785 0.0006384399307611858 0.00111541394880079
115 32 32 0.0287428943 0.0006699808433791445 0.00116712604890106
28 32 32 0.0285327454 0.0007000290909468011 0.00121594648456366
97 32 32 0.0283174916 0.0007322743552460405 0.0012682907420832
67 33 33 0.0282125158 0.00020037835746338604 0.000286588038223871
607 32 32 0.0281302837 0.0007615832172714943 0.00131526297005795
520 33 33 0.027967038 0.00021494102866790357 0.000286588038223871
557 32 32 0.0276714256 0.00083873887690427 0.00144436121782082
473 32 32 0.0274858805 0.0008722238954302266 0.00149773303186733
512 32 32 0.0273915331 0.0008897848445867158 0.00152353473389349
486 32 32 0.0273292104 0.0009015878133351087 0.00153935873810909
462 32 32 0.0270879714 0.0009488433847624251 0.00161545290153603
591 32 32 0.0269555462 0.0009758800324744894 0.00165639663140927
198 32 32 0.0269387845 0.0009793592850950838 0.00165639663140927
85 32 32 0.0269301335 0.0009811600678564056 0.00165639663140927
237 32 32 0.0268676532 0.0009942693171917135 0.00167382593734515
545 32 32 0.0268499216 0.00099802298238282 0.00167545198997786
281 32 32 0.026453566 0.0010859203601380639 0.00181161562568062
621 32 32 0.0264460853 0.001087655224575441 0.00181161562568062
4 32 32 0.026443846 0.001088175109601834 0.00181161562568062
507 32 32 0.0257736904 0.0012560902383671585 0.00208538738469244
476 32 32 0.0256944559 0.0012776664115962718 0.0021153650506043
167 32 32 0.0256352263 0.0012940484527377122 0.00213660197828397
9 32 32 0.0255483184 0.0013184852673698852 0.00217098533065562
44 32 32 0.0254269049 0.001353436629891104 0.00222244648788129
125 32 32 0.0252666947 0.0014010480154055928 0.00229435928408382
634 32 32 0.0249312804 0.0015064974432554747 0.00246033957444712
370 32 32 0.0248802908 0.001523241874139827 0.0024809440822711
30 32 32 0.0247913364 0.0015529218728478266 0.00252244877184201
113 32 32 0.0242869833 0.00173305448759432 0.00280745484378487
3 32 32 0.024133727 0.0017920271790781842 0.00289352154527319
555 32 32 0.02412407 0.001795812872523957 0.00289352154527319
447 32 32 0.0240827345 0.0018121119410419405 0.00291197667531071
373 32 32 0.0239553776 0.0018633115637343173 0.00298626733281153
254 32 32 0.0237357305 0.001955204859083347 0.0031252077667795
444 32 32 0.0237164794 0.001963482037683428 0.00313011327492769
15 32 32 0.0236673567 0.0019847695166295715 0.00315567851718088
455 32 32 0.0234747245 0.002070608327792527 0.00328347125330688
160 32 32 0.0234340957 0.0020892044060682002 0.00330424170538681
628 32 32 0.0233699359 0.002118927853360458 0.00334245574768933
127 32 32 0.0231553211 0.002221613378388666 0.00349134741286343
440 32 32 0.0231466345 0.002225877785369777 0.00349134741286343
406 32 32 0.0231367424 0.0022307444368378664 0.00349134741286343
600 32 32 0.0230028721 0.0022977122204060826 0.00358681829730924
536 32 32 0.0229626904 0.0023182212089066455 0.00360945841075879
602 32 32 0.0228770544 0.002362572758413918 0.00366900834058596
195 32 32 0.0228199279 0.002392652510109466 0.00370614473859739
215 27 27 0.0227778014 0.003910173278773472 0.00391017327877347
353 32 32 0.0226911986 0.0024619143226668238 0.00380362598437728
273 32 32 0.0226620479 0.002477888297096281 0.00381848940142273
146 32 32 0.0226375211 0.002491412562110893 0.00382951138063592
374 32 32 0.0225694046 0.0025293795930179876 0.00387484397473105
333 32 32 0.022561544 0.002533799803775875 0.00387484397473105
387 32 32 0.0224168144 0.0026166470600885515 0.00399138295206401
348 32 32 0.0223632347 0.0026480329576386986 0.00402903242415407
272 32 32 0.0222720165 0.002702377136532664 0.00409826730001987
282 32 32 0.0222640558 0.0027071749053375854 0.00409826730001987
603 32 32 0.0222045645 0.0027433129080869307 0.00414254034613127
123 32 32 0.02217569 0.0027610345253092777 0.00414761204649226
244 32 32 0.0221689144 0.0027652103688182513 0.00414761204649226
371 32 32 0.0221654062 0.0027673750925846863 0.00414761204649226
277 32 32 0.0220670912 0.0028287675690684515 0.0042290778831098
163 32 32 0.0218509301 0.002968819073315139 0.00442744482149479
451 32 32 0.0216285586 0.003120494706209428 0.0046421220753264
535 32 32 0.0215503515 0.0031757493374900375 0.00471265518970744
70 32 32 0.02140955 0.0032778268535572155 0.00485215255908346
509 32 32 0.0206412772 0.003898714448984294 0.00575706973916354
11 32 32 0.0206015536 0.003933992714914317 0.0057949255432929
105 32 32 0.0205218103 0.004005825326925961 0.00588631056597189
331 32 32 0.0205060533 0.0040201810312525 0.00589299707264086
439 29 29 0.0200957911 0.006546304528445759 0.00785556543413491
233 32 32 0.0200449279 0.004465073016960211 0.00652921869390046
297 32 32 0.0199793867 0.00453237534300588 0.00661154752705469
384 32 32 0.0198775965 0.004639015192454139 0.0067507218660168
83 32 32 0.0198378575 0.0046813578626589344 0.00679588424023676
22 32 32 0.0198250459 0.004695095004233842 0.00679940264468564
171 32 32 0.0197186124 0.0048108629898833315 0.00695030927144202
322 32 32 0.0196825059 0.0048508120956821926 0.00699121839209832
319 32 32 0.0191814893 0.005442466778264617 0.00782517352568669
328 32 32 0.0191689183 0.005458249483127756 0.0078291358934601
434 32 32 0.019090108 0.005558293260115694 0.00795365297459412
247 32 32 0.0188571417 0.005865414591686644 0.00837319280190896
309 32 32 0.0187282975 0.006042856706471885 0.00860605895874313
569 32 32 0.0186497481 0.0061537845683857255 0.00874332039148894
274 32 32 0.0186354114 0.006174260045161817 0.0087517223753355
516 32 32 0.0186252305 0.006188843586840315 0.00875175293103772
252 32 32 0.0185934713 0.006234569051122969 0.00879571830921339
583 32 32 0.0185162253 0.006347267597859307 0.0089337419819987
471 32 32 0.0185032366 0.006366426142575314 0.0089397712889901
29 32 32 0.0184491858 0.0064468047950624364 0.00903153771988933
26 32 32 0.0182989142 0.00667590779669805 0.0093307455484082
332 32 32 0.0181910393 0.0068456211064743065 0.00954575008118575
238 32 32 0.0181548431 0.006903574053315329 0.00960427779176508
262 25 25 0.0181377757 0.017909175764193087 0.0328076465759021
243 32 32 0.0180544827 0.0070669624332414865 0.00980887857362155
224 32 32 0.0179206216 0.0072912197272603195 0.0100968273181646
531 32 32 0.0177127436 0.007654369930428751 0.0105753478808912
291 32 32 0.0176291062 0.007805779322932991 0.0107598013144099
534 32 32 0.0174007045 0.00823545329520913 0.0113261039597727
571 32 32 0.0172946935 0.008443233727344002 0.0115853503884332
454 32 32 0.0168168755 0.009450231476011685 0.0129375606311686
466 32 32 0.0166829774 0.009754433757408011 0.0133236697459141
368 32 32 0.016623752 0.009892243005223683 0.013481265410747
316 32 32 0.0165865778 0.009979782600419108 0.0135697948933301
616 30 31 0.0165032559 0.010868804486352598 0.0281113307594749
214 32 32 0.0162061131 0.010923809716883923 0.0148198863201969
133 32 32 0.0161688647 0.0110211306457252 0.0149182421578397
578 32 32 0.015999266 0.011475870131995372 0.0154988717962454
132 32 32 0.0158363744 0.011931153488340418 0.016077630597517
493 32 32 0.0157727004 0.01211423084313516 0.0162878137286896
189 32 32 0.0155674675 0.01272461468086251 0.0170702978196392
570 32 32 0.0153127833 0.013527167205050282 0.0181065200227956
25 32 32 0.0152188622 0.01383635862153449 0.0184792256256494
173 32 32 0.0151859077 0.013946592722455171 0.0185851490603006
13 32 32 0.0150133672 0.014538956029451844 0.0193316649860632
629 32 32 0.0150008537 0.014582929686552296 0.019347330555448
257 32 32 0.0148627372 0.015077643503845115 0.0199596117749139
77 32 32 0.0147817584 0.015375844402505967 0.0203096318371562
552 25 25 0.0147114897 0.03280764657590206 0.0328076465759021
624 32 32 0.0146706055 0.015795255528470616 0.0208178696767782
300 32 32 0.014626894 0.015963458636551346 0.0209935200012415
381 32 32 0.0142349282 0.01755829312116467 0.0230404676109606
136 32 32 0.0142116986 0.01765790035921727 0.0231206930629403
562 32 32 0.0141799604 0.017794949734676914 0.0232494886750888
60 30 30 0.0141750799 0.01874088717298329 0.0281113307594749
279 32 32 0.0141096373 0.018102597694032583 0.0236001327854958
510 32 32 0.0140491955 0.018371468668245385 0.0238930694567108
74 32 32 0.0140413204 0.01840680725200852 0.0238930694567108
53 32 32 0.0139986622 0.018599472269015642 0.0240911267967207
103 32 32 0.0139585074 0.0187827612151227 0.0242762139576102
267 32 32 0.0139433145 0.018852602551653455 0.0243141934196217
448 32 32 0.0137841208 0.019600984248593453 0.0252252495361984
523 32 32 0.0137469833 0.019780006131557563 0.0254012471903122
41 32 32 0.0137132501 0.019944102034896882 0.0255573674263817
589 32 32 0.0135885484 0.02056320121297077 0.0262946466574371
633 32 32 0.0135662889 0.020675812520366932 0.0263825123667527
101 32 32 0.0133748853 0.021671201029245173 0.0275940504630855
37 32 32 0.0133510625 0.021798558123205487 0.0276975336829736
68 32 32 0.0132863481 0.02214849537819473 0.028082796882479
157 32 32 0.013116508 0.023095164387851357 0.0292214606254709
208 32 32 0.0126169381 0.026133447396508615 0.0329962224481128
124 32 32 0.0123960678 0.027607589538141877 0.0347844052671347
533 32 32 0.0123797617 0.02771981767395187 0.0348527414687135
494 32 32 0.0123658804 0.02781573345427258 0.0349003252735236
364 32 32 0.0123124722 0.028188022656285124 0.035293753367557
625 32 32 0.0122624488 0.028541452576080352 0.0356619812852896
615 33 33 0.0121225427 0.023328780179031193 0.0266614630617499
75 32 32 0.0120517314 0.030081975246626164 0.0375088529527434
69 32 32 0.0120041951 0.030441396371775065 0.0378784248849623
460 32 32 0.0118891384 0.03133008322760684 0.0389036777268424
382 32 32 0.011783662 0.03216865895688548 0.0398626062537901
161 32 32 0.0116422857 0.03332969498959614 0.0412163512114142
304 32 32 0.0112816113 0.03649495651327732 0.0450379237463648
553 32 32 0.0110436291 0.03875467627098335 0.0477286074566824
225 32 32 0.0108866265 0.04032533043094827 0.0495613979325152
396 32 32 0.0108525283 0.04067517791404557 0.0498893508700845
10 32 32 0.0107813531 0.04141571856133394 0.0506369282432623
518 32 32 0.0107777869 0.04145319250529958 0.0506369282432623
275 32 32 0.0106864908 0.04242473193360777 0.0517185880164265
618 23 23 0.0106050104 0.09640000000000001 0.0964
1 32 32 0.0105400042 0.04403373576806413 0.05357140728058
109 32 32 0.0104467933 0.045090730154952414 0.0547465228750028
391 32 32 0.0102421324 0.0475058699212688 0.057562556094118
540 32 32 0.0101866365 0.04818384394373731 0.0582665798997709
14 32 32 0.0100507133 0.04988753175659805 0.0601390084316138
403 32 32 0.0100472006 0.049932388032238456 0.0601390084316138
596 32 32 0.009687974 0.05539999999999992 0.0665907999999999
341 32 32 0.0096809047 0.055600000000000024 0.0666978043912176
265 32 32 0.0095136492 0.05859999999999999 0.0701565737051793
605 32 32 0.0094525184 0.05939999999999998 0.0709729622266401
153 20 20 0.0094267249 0.13599999999999995 0.17
108 32 32 0.0093438892 0.06019999999999996 0.0717861111111111
24 32 32 0.0092993545 0.060799999999999986 0.0723580198019802
78 32 32 0.0091715427 0.06379999999999995 0.0757782608695652
443 32 32 0.0091331462 0.06399999999999992 0.0758658777120315
35 32 32 0.0091101368 0.06439999999999999 0.0761897637795275
435 32 32 0.0089161249 0.06739999999999995 0.0794262745098039
112 32 32 0.0088897992 0.06739999999999995 0.0794262745098039
250 32 32 0.0088124113 0.06959999999999994 0.0818583170254402
73 32 32 0.0087105412 0.07159999999999997 0.08404609375
287 32 32 0.0085115702 0.07420000000000002 0.0869282651072125
446 32 32 0.0085012106 0.07439999999999998 0.0869929961089494
479 32 32 0.0084322741 0.07539999999999993 0.0878205426356588
234 32 32 0.0084194194 0.07539999999999993 0.0878205426356588
255 32 32 0.008158782 0.08060000000000002 0.0936955512572534
302 32 32 0.0080800062 0.08280000000000001 0.0960671814671815
464 32 32 0.008068835 0.08319999999999993 0.0963452793834296
152 32 32 0.007977267 0.08459999999999994 0.0977780769230769
205 32 32 0.007772017 0.08899999999999991 0.102666026871401
484 32 32 0.0077453055 0.08959999999999994 0.103160153256705
349 32 32 0.0077210047 0.09019999999999996 0.103652390057361
129 32 32 0.0077164389 0.09039999999999992 0.103683969465649
611 33 33 0.0075923563 0.08920000000000002 0.0892
489 32 32 0.0075767299 0.09439999999999998 0.108065523809524
461 32 32 0.0074745831 0.09659999999999996 0.110164326375712
17 32 32 0.0074741994 0.09659999999999996 0.110164326375712
554 32 32 0.0074451049 0.09739999999999994 0.110866287878788
402 32 32 0.0072749402 0.10379999999999996 0.117927788279773
159 32 32 0.0072136968 0.10659999999999997 0.120879096045198
100 32 32 0.007207535 0.10679999999999992 0.120879096045198
543 32 32 0.0071455504 0.1078 0.121781578947368
290 32 32 0.007081219 0.11 0.124033771106942
358 32 32 0.0070141939 0.11179999999999993 0.12582734082397
296 32 32 0.0069759171 0.11239999999999994 0.126266168224299
16 19 19 0.0068928167 0.20299999999999999 0.20299999999999999
588 20 20 0.0067307565 0.20739999999999995 0.2074
147 32 32 0.0065114096 0.12319999999999993 0.138140298507463
456 32 32 0.0064964554 0.1236 0.138330726256983
425 32 32 0.0063748197 0.1264 0.140939517625232
339 32 32 0.0063677468 0.1264 0.140939517625232
118 32 32 0.006277616 0.1286 0.143127037037037
594 32 32 0.0062340705 0.13 0.144151291512915
27 32 32 0.006231524 0.13 0.144151291512915
345 32 32 0.0062084492 0.13039999999999993 0.144328545119705
400 32 32 0.0061532707 0.13260000000000005 0.14649375
144 32 32 0.0059808078 0.1372 0.150964168190128
359 32 32 0.0059718574 0.13739999999999994 0.150964168190128
81 32 32 0.0059717363 0.13739999999999994 0.150964168190128
626 32 32 0.0059137572 0.14 0.153540145985401
438 32 32 0.005911353 0.14060000000000003 0.153917304189435
511 32 32 0.0057581774 0.14539999999999992 0.158882545454545
162 32 32 0.0057092355 0.14620000000000005 0.159466787658802
480 32 32 0.0056867392 0.14799999999999996 0.16113768115942
207 32 32 0.0055773883 0.15099999999999994 0.164106690777577
306 32 32 0.0054059128 0.15560000000000002 0.168800722021661
19 32 32 0.0053236352 0.16 0.173261261261261
258 32 32 0.0053021707 0.16099999999999995 0.174030575539568
190 32 32 0.0052310609 0.16459999999999994 0.177602513464991
98 32 32 0.0052208762 0.16519999999999996 0.177930465949821
86 32 32 0.005046613 0.1736 0.186643291592129
361 32 32 0.0047852608 0.1872 0.200905714285714
343 32 32 0.0047148225 0.19 0.203547237076649
334 32 32 0.0046163024 0.19480000000000006 0.208318149466192
57 32 32 0.004153185 0.2158 0.230365541740675
33 32 32 0.0039474968 0.22620000000000004 0.241039361702128
525 32 32 0.003670902 0.23879999999999996 0.254015575221239
213 32 32 0.0031464369 0.2636 0.27990035335689
488 32 32 0.0030806433 0.26780000000000004 0.283858553791887
221 32 32 0.0029569505 0.2738 0.289707394366197
503 32 32 0.0028806761 0.2778 0.293423198594025
114 32 32 0.0026926616 0.28840000000000005 0.304084912280702
305 32 32 0.0026196247 0.2914 0.306709982486865
231 32 32 0.002560883 0.295 0.309956293706294
36 32 32 0.0025419991 0.2958 0.31025445026178
280 32 32 0.0023544861 0.3072 0.321650174216028
517 32 32 0.0023023728 0.30959999999999993 0.323599304347826
199 32 32 0.002159649 0.3178 0.331435355285962
236 32 32 0.0021459143 0.3181999999999999 0.331435355285962
232 30 30 0.0019663937 0.33260000000000006 0.3326
521 32 32 0.0016136642 0.3522 0.36620518134715
96 32 32 0.0016066098 0.3528 0.36620518134715
385 32 32 0.0011071472 0.389 0.403084482758621
340 32 32 0.0008171561 0.4086 0.422665404475043
515 32 32 0.0004934649 0.43019999999999997 0.444244329896907
209 32 32 0.0004597207 0.43199999999999994 0.445337907375643
541 32 32 0.0004268582 0.43420000000000003 0.446839383561644
222 32 32 0.000393258 0.4374 0.449363076923077
542 32 32 0.0003623826 0.4394 0.450084497444634
294 32 32 0.0003476499 0.4396 0.450084497444634
378 32 32 0.000278453 0.446 0.455860544217687
498 32 32 8.88057e-05 0.46140000000000003 0.470800339558574
186 32 32 -0.0002549795 0.488 0.497098305084746
323 32 32 -0.0003088884 0.4914 0.499714720812183
158 32 32 -0.0003629361 0.4936 0.501104054054054
148 32 32 -0.0005017164 0.5025999999999999 0.509380438448567
203 32 32 -0.0006345439 0.514 0.520057239057239
575 32 32 -0.0010313673 0.5408 0.546253445378151
197 32 32 -0.0011522136 0.5518 0.556429194630872
166 32 32 -0.001831183 0.6046 0.608650921273032
613 32 32 -0.002331684 0.6446000000000001 0.647833779264214
177 32 32 -0.0026809115 0.6684 0.670631719532554
55 32 32 -0.0029780974 0.6888 0.689948
392 32 32 -0.0038041128 0.7514000000000001 0.7514
366 29 29 -0.003999504 0.742 0.742
