79 7 7 0.8769938192 6.887679602334823e-08 2.52209915971952e-06
561 7 7 0.8504754621 1.0606273297951275e-07 2.52209915971952e-06
42 7 7 0.8194277211 1.7637893836748766e-07 2.52209915971952e-06
608 7 7 0.8114715623 2.0104333219520925e-07 2.52209915971952e-06
574 7 7 0.805485481 2.2188216013631317e-07 2.52209915971952e-06
289 7 7 0.7942121559 2.6726340983779574e-07 2.52209915971952e-06
155 7 7 0.7875896313 2.98200652974243e-07 2.52209915971952e-06
350 7 7 0.7468849309 5.866944829828149e-07 3.85941163906912e-06
592 7 7 0.7468849309 5.866944829828149e-07 3.85941163906912e-06
20 7 7 0.72056877 9.116660666855637e-07 5.39743470867498e-06
271 7 7 0.709908137 1.090687313295666e-06 5.57525080379879e-06
430 7 7 0.7078035266 1.130040601602582e-06 5.57525080379879e-06
134 7 7 0.7010150597 1.2670575023946872e-06 5.77038220396721e-06
51 7 7 0.6827407234 1.7257134184379446e-06 7.29780488263213e-06
264 7 7 0.675886953 1.9383478213435967e-06 7.58880048949983e-06
452 7 7 0.6725618916 2.0508859535080016e-06 7.58880048949983e-06
458 7 7 0.6653637256 2.317734457186189e-06 8.0717251129857e-06
308 7 7 0.661655139 2.468689703963219e-06 8.11980515675381e-06
50 7 7 0.64963532 3.029973705688802e-06 9.44141018473544e-06
226 7 7 0.6408228462 3.522278201795071e-06 1.03736025684409e-05
126 7 7 0.6382688913 3.679571892742375e-06 1.03736025684409e-05
228 7 7 0.6333780037 4.000948322555103e-06 1.04485074424691e-05
474 7 7 0.6325356171 4.059106863349705e-06 1.04485074424691e-05
191 7 7 0.6229729121 4.782590615387215e-06 1.17978690919884e-05
58 7 7 0.6139510675 5.58481955887947e-06 1.27192134960601e-05
548 7 7 0.6139413181 5.585756476811095e-06 1.27192134960601e-05
168 7 7 0.6091057442 6.070654056976078e-06 1.32868127973959e-05
270 7 7 0.6071021408 6.283870698518622e-06 1.32868127973959e-05
418 7 7 0.5989792642 7.22896481491966e-06 1.4758075248596e-05
204 7 7 0.5891267079 8.57104730005415e-06 1.69146978546634e-05
491 7 7 0.5861621354 9.022356766213563e-06 1.72309772763878e-05
263 7 7 0.5768462218 1.0603539525678372e-05 1.96178987440183e-05
54 7 7 0.573953321 1.1149602013234247e-05 2.000308741865e-05
410 7 7 0.5676042443 1.2450121370534168e-05 2.1679350931397e-05
192 7 7 0.5568128522 1.5023574584668368e-05 2.54130528944539e-05
102 7 7 0.542138799 1.9411476560499143e-05 3.1923292591837e-05
137 7 7 0.5378846125 2.091183988564642e-05 3.2623881273504e-05
313 7 7 0.5359923749 2.1616447498893184e-05 3.2623881273504e-05
311 7 7 0.5344889023 2.219340886724485e-05 3.2623881273504e-05
52 7 7 0.5340099782 2.2380455016814028e-05 3.2623881273504e-05
140 7 7 0.5334714551 2.2592686566194308e-05 3.2623881273504e-05
320 7 7 0.5311613937 2.3526466738779754e-05 3.31633982025355e-05
502 7 7 0.5256923435 2.5896182283876413e-05 3.56548731094368e-05
408 7 7 0.5222803858 2.749569796970297e-05 3.69967589070848e-05
32 7 7 0.5151001315 3.119670577196028e-05 4.08194346613731e-05
372 7 7 0.5141630345 3.17156203035406e-05 4.08194346613731e-05
206 7 7 0.5119283924 3.2988626916901336e-05 4.11687380670096e-05
104 7 7 0.5111193634 3.3462167229143855e-05 4.11687380670096e-05
513 7 7 0.5084213406 3.509173980495539e-05 4.11687380670096e-05
556 7 7 0.5080182531 3.534201231792488e-05 4.11687380670096e-05
620 7 7 0.5078230359 3.5463869782906664e-05 4.11687380670096e-05
93 7 7 0.506016438 3.6611973516718064e-05 4.16841935022101e-05
544 7 7 0.5042807328 3.7750497259234e-05 4.21694963826369e-05
239 7 7 0.4984053083 4.1877634817903586e-05 4.59134569242908e-05
363 7 7 0.4964166063 4.337583169549386e-05 4.66913824671987e-05
508 7 7 0.4951431639 4.436359610753796e-05 4.69018877679243e-05
492 7 7 0.4922334414 4.670698360706134e-05 4.85130492384622e-05
216 7 7 0.490548903 4.8120586311357144e-05 4.91195663536688e-05
336 7 7 0.4887562383 4.9672587716185073e-05 4.98444009765429e-05
321 7 7 0.4861965864 5.1976970172040034e-05 5.04034104771043e-05
598 7 7 0.4860873867 5.20776543429039e-05 5.04034104771043e-05
380 7 7 0.4847332117 5.334277452285801e-05 5.04034104771043e-05
299 7 7 0.4844249681 5.3635071692682915e-05 5.04034104771043e-05
478 7 7 0.4812507163 5.6741187701423954e-05 5.23456532909453e-05
135 7 7 0.4805312818 5.747015568088723e-05 5.23456532909453e-05
522 7 7 0.4785157173 5.956337176523844e-05 5.34302180004003e-05
74 7 7 0.4742310939 6.427344740177173e-05 5.67947770733714e-05
40 7 7 0.4657539977 7.473493348952107e-05 6.50678335469281e-05
337 7 7 0.4640882822 7.698532785015576e-05 6.60557275350532e-05
564 7 7 0.4616084861 8.046343491270597e-05 6.80537616391506e-05
240 7 7 0.4572341275 8.699177114939995e-05 7.15475904073031e-05
196 7 7 0.4572215159 8.701134885482919e-05 7.15475904073031e-05
266 7 7 0.4547752309 9.089454314722777e-05 7.37168142367804e-05
565 7 7 0.4480336359 0.00010252995982176164 8.16026387876796e-05
268 7 7 0.4475748523 0.00010337460397875265 8.16026387876796e-05
627 7 7 0.4450174233 0.00010821384501353296 8.33829897978943e-05
187 7 7 0.4448972737 0.00010844675991322298 8.33829897978943e-05
420 7 7 0.4382794296 0.00012209244573604085 9.26714158305849e-05
278 7 7 0.4308301741 0.00013954822966195788 0.0001045800505411
449 7 7 0.4277492599 0.00014748814441398151 0.000109148741363192
128 7 7 0.4246792204 0.0001558556637893149 0.000113917167431786
56 7 7 0.4225194492 0.00016202901311658966 0.000116804598862679
505 7 7 0.4215306244 0.00016493753374810613 0.000116804598862679
584 7 7 0.4212659959 0.00016572484480008683 0.000116804598862679
348 7 7 0.4201792516 0.00016899821284621088 0.00011758296790316
249 7 7 0.4195896969 0.0001708013353997046 0.00011758296790316
182 7 7 0.4171693878 0.00017841036173502414 0.0001214094323335
528 7 7 0.4160140073 0.00018216290953018796 0.000122554394747999
259 7 7 0.4102602018 0.0002020764813996877 0.000134424172583784
312 7 7 0.4090957151 0.000206367806691875 0.000135753503429334
235 7 7 0.4083088013 0.00020931988807246324 0.00013618231383534
176 7 7 0.40548493 0.00022027038826836142 0.000141748965268573
87 7 7 0.4042512133 0.0002252350521008325 0.000142591896245701
245 7 7 0.4039663957 0.00022639722052341223 0.000142591896245701
566 7 7 0.4032104536 0.00022951131515922563 0.000143031635184685
298 7 7 0.4024901983 0.00023251877327826583 0.000143396449182835
499 7 7 0.4015531192 0.00023649145067638675 0.000144342864083526
585 7 7 0.4009306084 0.00023916849195028175 0.000144487240521447
143 7 7 0.4003127704 0.00024185580195646686 0.000144634841180893
432 7 7 0.3989797273 0.00024775862070217466 0.000146683202064664
154 7 7 0.3977397386 0.0002533803980408805 0.000148526260784244
331 7 7 0.396742548 0.0002579950457594715 0.000149748610719539
181 7 7 0.3957018043 0.00026290210461425186 0.000151115302705861
399 7 7 0.3932018581 0.0002750792748937129 0.000156594368204179
261 7 7 0.3902659756 0.0002901119903397481 0.000161639673074783
324 7 7 0.3899295661 0.00029188685520624354 0.000161639673074783
90 7 7 0.3898831369 0.00029213267381831084 0.000161639673074783
614 7 7 0.3887804977 0.00029803262947220255 0.000163377281869021
255 7 7 0.3870812289 0.00030736235176461694 0.000166945908526525
139 7 7 0.3859229698 0.00031389079402458446 0.00016894194928206
46 7 7 0.3824970298 0.00033403525494039876 0.000178164401944162
325 7 7 0.380210732 0.0003482028123456328 0.000184062730008665
301 7 7 0.3772291326 0.0003675982330078764 0.000192054145977962
414 7 7 0.3768995161 0.00036980853558670986 0.000192054145977962
610 7 7 0.3723446715 0.0004017677686726772 0.000206837300048635
110 7 7 0.3708346371 0.00041296954474907783 0.000207883785515904
580 7 7 0.3706195366 0.00041459075984762254 0.000207883785515904
619 7 7 0.3705391284 0.00041519845202394457 0.000207883785515904
111 7 7 0.370190233 0.00041784573213941417 0.000207883785515904
194 7 7 0.3657884879 0.000452751421860961 0.000223372746525358
67 7 7 0.3627480982 0.0004785738072745862 0.000234161322737478
292 7 7 0.3599163417 0.0005039656562902589 0.000243060959425923
485 7 7 0.3595780387 0.0005070890781651696 0.000243060959425923
156 7 7 0.3592257684 0.0005103623039783991 0.000243060959425923
379 7 7 0.3589238612 0.0005131845978805945 0.000243060959425923
398 7 7 0.3540828107 0.000560662457168484 0.000262179093934173
412 7 7 0.3539130082 0.0005624062933943191 0.000262179093934173
606 7 7 0.3532039612 0.0005697476487984141 0.000263526430412743
180 7 7 0.3512394024 0.0005905996972612169 0.000271053560887642
288 7 7 0.3496797742 0.0006077032386619494 0.000276690408579532
141 7 7 0.3492745339 0.000612228852823002 0.000276690408579532
202 7 7 0.3488449253 0.0006170639056676647 0.000276762866363143
344 7 7 0.345846769 0.0006519016986124798 0.000290189757147792
501 7 7 0.3413464202 0.0007079741915665004 0.000312798192793151
563 7 7 0.3365606253 0.0007729807570752446 0.000338989714654153
322 7 7 0.3342319132 0.000806768065226781 0.000351205572334616
453 7 7 0.3314108245 0.0008497111726007713 0.000367199743281694
567 7 7 0.3276396135 0.0009107592466291942 0.00038819871901385
115 7 7 0.3276003703 0.0009114173482725288 0.00038819871901385
427 7 7 0.3267809288 0.000925269858383885 0.000390371870248001
38 7 7 0.3265210875 0.0009297068282448578 0.000390371870248001
91 7 7 0.3243161205 0.0009682366361757008 0.000403687009728643
537 7 7 0.3209023113 0.001031107931435447 0.000426893652611339
482 7 7 0.3201260003 0.0010459731919399892 0.000430040807888179
293 7 7 0.3192767402 0.0010624841997618362 0.000433550327797216
457 7 7 0.3189373955 0.0010691552364127204 0.000433550327797216
149 7 7 0.3146066541 0.001158114594876084 0.000466429282153784
138 7 7 0.3106914957 0.0012449819549364435 0.000498027069340561
599 7 7 0.3080256271 0.0013078823705854866 0.000518548608798886
210 7 7 0.3074319194 0.001322323670922749 0.000518548608798886
92 7 7 0.3074223292 0.0013225582634872823 0.000518548608798886
39 7 7 0.3063281534 0.001349602444734118 0.000524933465823306
529 7 7 0.3060496195 0.0013565758595524414 0.000524933465823306
394 7 7 0.3007659407 0.0014959991420526089 0.00057512497975618
227 7 7 0.2998642679 0.0015212037928950734 0.000581041709330018
297 7 7 0.2988483352 0.0015501183761538117 0.000588290552118803
539 7 7 0.2978379261 0.001579428213046504 0.000595596101535621
167 7 7 0.2973870801 0.0015926868823037234 0.000596794653185332
365 7 7 0.2969150836 0.001606688418717193 0.000598254737289554
519 7 7 0.2930130033 0.001727325763867956 0.000639154536113783
89 7 7 0.2901483581 0.001821698430235567 0.000668788470025414
200 7 7 0.2899034676 0.00183000461265625 0.000668788470025414
36 7 7 0.2889945674 0.0018611695934739768 0.000676005067709084
269 7 7 0.2873686475 0.0019182681524386675 0.000688628849001654
423 7 7 0.2873428537 0.0019191881334382002 0.000688628849001654
497 7 7 0.2859314089 0.0019702173746871405 0.000702680115432109
286 7 7 0.2839534494 0.002044050779418639 0.000724647530933095
207 7 7 0.2801319963 0.0021947376969452775 0.000773437008222076
632 7 7 0.2796796295 0.002213305092173819 0.000775364987333128
377 7 7 0.2787001369 0.0022540556752055365 0.00078499578513894
18 7 7 0.2782364369 0.002273611668214078 0.000785759887314962
330 7 7 0.2779983828 0.0022837180092754807 0.000785759887314962
45 7 7 0.2777089736 0.0022960659082918223 0.000785759887314962
409 7 7 0.2771604324 0.0023196558450962195 0.00078927057998036
121 7 7 0.2761744553 0.0023626768719925 0.000799314863211345
549 7 7 0.2757865345 0.00237982379050361 0.000800541298457152
351 7 7 0.2725078395 0.002529880397303777 0.000846210346213533
546 7 7 0.2714895256 0.0025784102157061163 0.000857597720989433
251 7 7 0.2695518612 0.0026733746982445057 0.000884216082549612
411 7 7 0.269031329 0.0026994845626973282 0.000886646293120569
524 7 7 0.2685239931 0.0027251811513719936 0.000886646293120569
61 7 7 0.268451924 0.0027288515059097616 0.000886646293120569
352 7 7 0.2682213738 0.0027406267040956432 0.000886646293120569
511 7 7 0.2644473519 0.0029408708808386906 0.000946258386396185
504 7 7 0.2623634169 0.003057731071235779 0.000978541311832504
260 7 7 0.2605135906 0.0031654012598633895 0.00100755191783897
405 7 7 0.259254708 0.0032408646206498557 0.00102605558964855
551 7 7 0.2576381739 0.0033404475699185124 0.00105195804127544
550 7 7 0.2534959049 0.0036100134119396604 0.00113063009987261
419 7 7 0.2532239856 0.003628461645499729 0.00113063009987261
12 7 7 0.2437352481 0.004335757388773323 0.00134395031364289
630 7 7 0.2421665575 0.004465487819278304 0.00137695354255846
329 7 7 0.2410880578 0.00455695477345588 0.00139787718485309
390 7 7 0.2393944998 0.004704431726438379 0.00143567800725434
469 7 7 0.238772549 0.004759798132941015 0.00144512538638485
605 7 7 0.2381008897 0.004820331465051991 0.00145603709356676
623 7 7 0.2377278591 0.004854287188081938 0.00145885069820072
246 7 7 0.2374168237 0.004882784928377139 0.00146000388852239
415 7 7 0.234810242 0.005128368704119467 0.00152573030375697
341 7 7 0.2317313923 0.00543463073050929 0.00160122745103823
612 7 7 0.2314723294 0.005461230990310105 0.00160122745103823
476 7 7 0.2314041174 0.005468256829435408 0.00160122745103823
437 7 7 0.2310560401 0.0055042516732331384 0.00160122745103823
43 7 7 0.2309298202 0.005517363366737767 0.00160122745103823
164 7 7 0.2304187537 0.005570777137033555 0.0016088425020836
294 7 7 0.2289739872 0.005724627693724564 0.00164524899502963
179 7 7 0.2266781534 0.0059780155590920155 0.00170977240295402
80 7 7 0.225385288 0.0061256792319561056 0.00174358259000113
122 7 7 0.2244208432 0.006238235007827819 0.00176712411209431
171 7 7 0.2228532458 0.0064256716010938665 0.0018115521416103
169 7 7 0.222355624 0.006486357345144134 0.00181999428028549
107 7 7 0.2216887166 0.006568599496540446 0.00183437671566431
388 7 7 0.2193551305 0.006864783128121558 0.00190808986831476
582 7 7 0.2190110403 0.006909586450765168 0.00191156860406216
119 7 7 0.2174218096 0.007120393002929666 0.00196072692280089
282 7 7 0.216215811 0.0072847048842005786 0.00199668621067828
375 7 7 0.2154030979 0.007397595379989292 0.00201828478800638
459 7 7 0.2143952399 0.00754005841326847 0.00204771647360079
440 7 7 0.2125871389 0.007802642838676825 0.00210450464394541
66 7 7 0.2124680749 0.007820255851476658 0.00210450464394541
276 7 7 0.2113128794 0.00799324840534838 0.00214132527589404
404 7 7 0.2107638313 0.008076823760624019 0.00215396796241872
21 7 7 0.2097614681 0.00823169292193491 0.00217828401260553
417 7 7 0.2096980731 0.008241588280702624 0.00217828401260553
49 7 7 0.2085304466 0.008426014605662854 0.00220915019764103
160 7 7 0.2084867347 0.008432999524849688 0.00220915019764103
283 7 7 0.2059137631 0.008854654367829099 0.00230908590519658
237 7 7 0.2056889946 0.00889248886345466 0.00230908590519658
576 7 7 0.2053525174 0.008949433276128897 0.00231372457519571
218 7 7 0.204700659 0.00906080537704825 0.00233233308715422
426 7 7 0.2032679582 0.009310548092500964 0.00238624414176758
47 7 7 0.2010219965 0.009716172570187018 0.00247946991011807
421 7 7 0.2006669976 0.009781905473476182 0.00248553079377067
284 7 7 0.2003670704 0.009837792164505652 0.00248904869594415
487 7 7 0.199153399 0.010067263979435173 0.00251989765041471
438 8 8 0.1990694985 0.0055628692127007336 0.0304344453490773
244 7 7 0.1990491214 0.01008723125713197 0.00251989765041471
317 7 7 0.1987880302 0.010137401707247824 0.00251989765041471
506 7 7 0.1986234408 0.010169158536246151 0.00251989765041471
342 7 7 0.1986059716 0.010172535056237691 0.00251989765041471
512 7 7 0.1982116501 0.01024905412235556 0.0025282740793917
568 7 7 0.1977343033 0.010342465280123907 0.00254073070679067
5 7 7 0.194374963 0.011024713742535453 0.00269501337754779
573 7 7 0.1940003243 0.011103572831715708 0.00269501337754779
493 7 7 0.1939838168 0.011107060673777373 0.00269501337754779
328 7 7 0.1931261419 0.011289812968971753 0.00272817528527809
163 7 7 0.1923250162 0.011463267470662267 0.00275882991216054
253 7 7 0.1904905519 0.011870695568315374 0.00284267058414166
553 7 7 0.1903272637 0.011907665023314758 0.00284267058414166
386 7 7 0.1898976207 0.012005497145507468 0.00285275156927969
285 7 7 0.1897196364 0.012046263376823456 0.00285275156927969
538 7 7 0.1890886545 0.012191919396771984 0.00287574232029047
247 7 7 0.1858692392 0.012963350970599584 0.00304556831709725
589 7 7 0.1849891347 0.013182723774070107 0.00308486553373376
136 7 7 0.1845611383 0.013290760833428956 0.00309790241852884
185 7 7 0.1840807997 0.013413079266070785 0.00311415280034138
230 7 7 0.1835334989 0.013553840663022669 0.00312656954945219
617 7 7 0.1834626174 0.013572179969276453 0.00312656954945219
262 7 7 0.1831979308 0.013640885370677978 0.00313021710858334
327 7 7 0.182844817 0.013733093080414259 0.00313920882729077
315 7 7 0.1823196112 0.013871408381799647 0.00315863044569878
496 7 7 0.1812844242 0.014148176731353044 0.00320930931141539
382 7 7 0.1809766409 0.014231540162617202 0.003213350098117
600 7 7 0.1808185883 0.01427454211077397 0.003213350098117
356 7 7 0.1801025675 0.014471007814059062 0.00324523729632911
360 7 7 0.1794342309 0.014656861551604642 0.00326865179050227
211 7 7 0.1793308105 0.014685836435749403 0.00326865179050227
355 7 7 0.1783334002 0.014968273467077648 0.00331903670313814
146 7 7 0.1768925228 0.015386036387383242 0.00339894055006035
229 7 7 0.1753494576 0.01584654150827949 0.00348765742597056
99 7 7 0.1749380711 0.015971655123955604 0.00350188390115932
389 7 7 0.1747490398 0.016029479751087063 0.00350188390115932
172 7 7 0.1738394475 0.01631070409309186 0.00355022119311617
173 7 7 0.1728674234 0.01661676005569389 0.00360358946884154
231 7 7 0.1723313213 0.016788042783371 0.00362744730152694
326 7 7 0.1707439297 0.017305773647833877 0.00372571759294115
622 7 7 0.1703927237 0.017422488932183008 0.00373725492254441
116 8 8 0.1696657591 0.010144815116359106 0.0304344453490773
41 7 7 0.1693782408 0.01776412847494416 0.00379678271506147
201 7 7 0.168393873 0.018102115458766072 0.00385510438541298
26 7 7 0.1664289363 0.018796400987501044 0.00398861488295575
241 7 7 0.1660358134 0.01893851320327091 0.0040044184813063
490 7 7 0.165698549 0.019061300217534455 0.00401603795903355
71 7 7 0.1655082598 0.019130933965067144 0.00401641584456953
547 7 7 0.1638323973 0.0197554337383921 0.00413286996537934
318 7 7 0.1603882504 0.021104513637912912 0.00437648455171388
604 7 7 0.1603368325 0.02112534620435307 0.00437648455171388
475 7 7 0.1602965145 0.021141696089753633 0.00437648455171388
471 7 7 0.160036056 0.021247627463524488 0.00438308763377108
578 7 7 0.1595529915 0.021445521041598924 0.00440854950460396
450 7 7 0.1588467594 0.021738204400844677 0.00445325365109631
97 7 7 0.157765732 0.022194073956323862 0.00453096427920534
96 7 7 0.1571002573 0.022479509846223183 0.0045734660105998
188 7 7 0.156702869 0.02265172883815631 0.00458722525740721
106 7 7 0.1565872124 0.02270210248222143 0.00458722525740721
500 7 7 0.1556208711 0.0231274486919236 0.00465331545648456
150 7 7 0.1554884131 0.02318637757248662 0.00465331545648456
447 7 7 0.1551429892 0.02334076899598796 0.00465761922815681
477 7 7 0.1550886228 0.02336516342334534 0.00465761922815681
357 7 7 0.154419219 0.02366765354768935 0.00468876876970698
101 7 7 0.1543924766 0.023679819991652053 0.00468876876970698
472 7 7 0.1532758002 0.024193549265507874 0.00477452243036151
2 7 7 0.1504887892 0.02552554667598596 0.00500893426053008
310 7 7 0.1504378443 0.02555057437285657 0.00500893426053008
569 7 7 0.1489391796 0.02629805453205919 0.00513845550767073
532 7 7 0.1473494565 0.02711519259455778 0.00528069053542172
621 7 7 0.1468618752 0.027370935508610156 0.00529802401983874
165 7 7 0.1468386633 0.027383171226737665 0.00529802401983874
347 7 7 0.1466641535 0.027475338437148507 0.00529854079674045
634 7 7 0.1461917668 0.027726409308443264 0.00532959884266739
232 7 7 0.1451929852 0.02826493736729893 0.00541553236135643
75 7 7 0.1449894606 0.028375968148211653 0.00541926765951349
346 7 7 0.1447376562 0.02851394932178717 0.00542810939657334
94 7 7 0.1444032776 0.02869823008227256 0.00544568011051607
78 7 7 0.1433066602 0.02931110329596495 0.00554420698656488
609 7 7 0.1416910313 0.030238291563312442 0.00570136978162112
306 7 7 0.1407988045 0.030763010454637592 0.00578189082077085
364 7 7 0.1404121293 0.030993270920888674 0.00580673407178332
470 7 7 0.1397916746 0.03136639947125781 0.00585810314742106
451 7 7 0.1370704342 0.03305741937013523 0.0061545093343428
7 7 7 0.1357161359 0.03393313763546573 0.00629774313180179
429 7 7 0.1355390184 0.034049390746443815 0.00629957099081511
581 7 7 0.1352609246 0.03423273562778693 0.00631376162413609
287 7 7 0.1348755228 0.03448848284022051 0.00634117626939766
616 7 7 0.1336234322 0.03533279220450836 0.00647630128329973
9 7 7 0.1322924175 0.03625330602072154 0.00659568180634166
397 7 7 0.1322033455 0.03631576778793117 0.00659568180634166
242 7 7 0.1321997167 0.03631831479546065 0.00659568180634166
151 7 7 0.1317688755 0.036622006738784824 0.00663049562616685
35 7 7 0.1315226168 0.036796744294421514 0.00664182086975074
555 7 7 0.1308165002 0.037302481346019295 0.00670638471360577
220 7 7 0.1307077563 0.037380989713931174 0.00670638471360577
572 7 7 0.1295625466 0.038218017302945724 0.00682699425961532
367 7 7 0.1294735073 0.03828388597252986 0.00682699425961532
597 7 7 0.1291570119 0.038518952551130574 0.00683066008931667
24 7 7 0.129063966 0.03858833712108353 0.00683066008931667
252 7 7 0.1289806582 0.03865056741070638 0.00683066008931667
189 7 7 0.1278984876 0.03946824188700801 0.00695440711829944
83 7 7 0.1261053192 0.04086191527029129 0.00717861108793313
124 7 7 0.1247385245 0.041957614674871746 0.00734929528828719
95 7 7 0.1239305118 0.042619317553522405 0.00744317792020492
123 7 7 0.1236590368 0.04284400068067646 0.00746041021141905
495 7 7 0.1229259906 0.04345671246846983 0.0075449105780794
68 7 7 0.1223034722 0.043984007824601205 0.007578158220557
84 7 7 0.1221700752 0.04409784068121493 0.007578158220557
332 7 7 0.1221204342 0.044140277450534164 0.007578158220557
530 7 7 0.1220971314 0.044160212662887 0.007578158220557
468 7 7 0.121169904 0.044960890352859106 0.00769326002569453
436 7 7 0.1205370937 0.0455157640590424 0.00776576009785109
473 7 7 0.1200375918 0.04595864396120772 0.00781879037165288
353 7 7 0.1192934245 0.046626567265633675 0.00789971326351563
129 7 7 0.1192109768 0.046701170420111994 0.00789971326351563
362 7 7 0.1186969703 0.04716900670558643 0.00795611811175253
31 7 7 0.1180773971 0.047739244260979675 0.0080294256954126
34 7 7 0.1175177166 0.04826036164665144 0.00807875442993362
157 7 7 0.1174695882 0.048305442159561354 0.00807875442993362
118 7 7 0.1166022995 0.04912515922274355 0.00819270326617723
130 7 7 0.1163091264 0.049405427468607904 0.0082162996685893
133 7 7 0.1128855955 0.05260000000000005 0.00869869943271526
413 7 7 0.1128227262 0.05260000000000005 0.00869869943271526
462 7 7 0.1123135267 0.053199999999999935 0.0087248111980726
183 7 7 0.1123006803 0.053199999999999935 0.0087248111980726
142 7 7 0.1122300403 0.053199999999999935 0.0087248111980726
148 7 7 0.111309781 0.053999999999999916 0.0088315472466678
221 7 7 0.110531608 0.056400000000000006 0.00919864982276132
557 7 7 0.1103182962 0.05659999999999997 0.00920590851884545
503 7 7 0.10916508 0.05819999999999993 0.00941441864054321
256 7 7 0.1091216892 0.05819999999999993 0.00941441864054321
14 7 7 0.1067344698 0.061200000000000046 0.00984589524565105
11 7 7 0.106713404 0.061200000000000046 0.00984589524565105
392 7 7 0.1064935573 0.06159999999999997 0.00988339046285731
455 7 7 0.1056746717 0.06260000000000006 0.0100166896129224
509 7 7 0.1041073679 0.06519999999999997 0.0104045977206126
560 7 7 0.1035135207 0.06620000000000005 0.0105357791138016
526 7 7 0.1029617685 0.06659999999999996 0.0105710226829194
369 7 7 0.1021828459 0.06819999999999993 0.0107701031848548
19 7 7 0.1021099189 0.06840000000000003 0.0107701031848548
86 7 7 0.1019610074 0.06840000000000003 0.0107701031848548
586 7 7 0.1015553721 0.07 0.010992799254866
203 7 7 0.101452462 0.07019999999999996 0.0109950426832854
498 7 7 0.1008968541 0.07060000000000002 0.0110017023093806
431 7 7 0.1007741006 0.07079999999999999 0.0110017023093806
593 7 7 0.100753135 0.07079999999999999 0.0110017023093806
277 7 7 0.1001805221 0.07200000000000004 0.0111588834320899
275 7 7 0.099522251 0.07379999999999996 0.011407991665365
435 7 7 0.0992899342 0.07420000000000002 0.0114399542662228
543 7 7 0.0982169875 0.07599999999999994 0.011687038376639
279 7 7 0.0972508258 0.07719999999999999 0.0117797800675008
300 7 7 0.0970707216 0.07719999999999999 0.0117797800675008
484 7 7 0.0970514869 0.07719999999999999 0.0117797800675008
131 7 7 0.0963334445 0.07799999999999997 0.0118712543110022
489 7 7 0.0956564357 0.07959999999999993 0.0120837037142537
446 7 7 0.0953840717 0.08019999999999997 0.0121428768095624
76 7 7 0.0951131177 0.08039999999999992 0.0121428768095624
439 7 7 0.094532835 0.08079999999999998 0.0121705594180709
587 7 7 0.0941039914 0.08120000000000005 0.0121705594180709
559 7 7 0.0940889707 0.08120000000000005 0.0121705594180709
370 7 7 0.0918724546 0.08439999999999998 0.0126182424578186
193 7 7 0.0913329958 0.08579999999999999 0.0127952385886092
64 7 7 0.0908783135 0.08659999999999997 0.0128820929157472
98 7 7 0.0903883039 0.08780000000000002 0.0130278643399792
441 7 7 0.090132403 0.08819999999999993 0.0130544987551161
291 7 7 0.0895218786 0.08920000000000002 0.0131695849826269
170 7 7 0.0893553859 0.08980000000000005 0.0132251891134964
416 7 7 0.0892516081 0.09019999999999996 0.0132511356179164
514 7 7 0.0878788526 0.09159999999999997 0.0134234984168366
4 7 7 0.0874284756 0.09260000000000006 0.0135365368799726
373 7 7 0.0847982342 0.09679999999999993 0.0141100623359493
615 7 7 0.0846699621 0.09700000000000003 0.0141100623359493
233 7 7 0.0842013516 0.09760000000000005 0.0141625436674596
215 7 7 0.0834506734 0.09899999999999992 0.0143305709601594
23 7 7 0.0823410336 0.10159999999999997 0.0146710588299298
158 7 7 0.0819459794 0.10280000000000002 0.0148082214390645
214 7 7 0.0815216095 0.1036 0.0148872385248666
30 7 7 0.0811314251 0.10399999999999991 0.0149085324519124
219 7 7 0.080305461 0.105 0.0150155265184221
213 7 7 0.0791730668 0.10700000000000003 0.0152279714677899
349 7 7 0.0788496714 0.10700000000000003 0.0152279714677899
290 7 7 0.0774419833 0.11140000000000001 0.0158161488367938
319 7 7 0.0771364036 0.11179999999999993 0.0158349657783201
145 7 7 0.0758203474 0.11480000000000004 0.0162210690293522
267 7 7 0.0754405527 0.11599999999999995 0.0163516019392449
400 7 7 0.0753787621 0.1164 0.016369012933201
16 7 7 0.0746191072 0.11799999999999998 0.0165546942333097
481 7 7 0.0734577534 0.11959999999999994 0.0166381478183385
314 7 7 0.0734460248 0.11959999999999994 0.0166381478183385
507 7 7 0.073261563 0.11980000000000005 0.0166381478183385
448 7 7 0.0732212376 0.11980000000000005 0.0166381478183385
63 7 7 0.0726460592 0.12 0.0166381478183385
428 7 7 0.0714500416 0.12219999999999999 0.0169035936579481
243 7 7 0.0704857078 0.1236 0.0170573981165116
516 7 7 0.069427113 0.1258 0.0173206343236156
486 7 7 0.0691871972 0.12719999999999998 0.0174323112628157
248 7 7 0.069185953 0.12719999999999998 0.0174323112628157
295 7 7 0.0681218236 0.13079999999999997 0.0178837139877735
88 7 7 0.0679248197 0.13120000000000004 0.0178837139877735
442 7 7 0.0677799153 0.13140000000000002 0.0178837139877735
178 7 7 0.0675513582 0.13179999999999992 0.017897011961184
354 7 7 0.0672663377 0.1328 0.0179915361351559
62 7 7 0.0667817017 0.13459999999999994 0.0181937639905014
33 7 7 0.0663913235 0.13560000000000003 0.0182871815576914
335 7 7 0.0660730081 0.13640000000000002 0.0183532635559456
175 7 7 0.0656875516 0.1378 0.0184995956258452
384 7 7 0.0650221118 0.13920000000000002 0.018645265559682
525 7 7 0.0641676017 0.14200000000000004 0.0189773787587874
338 7 7 0.0637758642 0.14420000000000002 0.0191847814771102
305 7 7 0.0636732807 0.14420000000000002 0.0191847814771102
463 7 7 0.0630424047 0.14539999999999992 0.0193010597499963
577 7 7 0.0618675962 0.14840000000000003 0.0196552234372687
517 7 7 0.0602404958 0.15539999999999993 0.0205364138579633
13 7 7 0.059157919 0.15899999999999992 0.0209048020520191
465 7 7 0.0591539174 0.15899999999999992 0.0209048020520191
361 7 7 0.0590584742 0.1594 0.0209048020520191
105 7 7 0.0589214768 0.15959999999999994 0.0209048020520191
280 7 7 0.0583492843 0.16140000000000002 0.0210735213204548
591 7 7 0.0581564201 0.16159999999999997 0.0210735213204548
359 7 7 0.0578056037 0.16319999999999993 0.0212353960462979
443 7 7 0.0567390096 0.16620000000000004 0.0215311103479788
602 7 7 0.0567004727 0.16620000000000004 0.0215311103479788
445 7 7 0.0565687089 0.16700000000000004 0.0215662777886999
466 7 7 0.0564664049 0.1672 0.0215662777886999
376 7 7 0.056413105 0.16760000000000005 0.0215708763813218
407 7 7 0.0561593423 0.16819999999999993 0.0216011400889374
209 7 7 0.056027844 0.16879999999999995 0.0216312727848318
603 7 7 0.0558290436 0.16920000000000002 0.0216357012029959
22 7 7 0.0553499373 0.17079999999999998 0.0217932245227719
460 7 7 0.0545156596 0.17500000000000002 0.0222811038660456
25 7 7 0.0542819308 0.17560000000000003 0.0223095187624536
378 7 7 0.0537960351 0.17679999999999993 0.0224138771616439
424 7 7 0.0531792226 0.1786 0.0225227420988543
120 7 7 0.053171347 0.1786 0.0225227420988543
629 7 7 0.0530576545 0.17879999999999996 0.0225227420988543
70 7 7 0.0529442177 0.17959999999999995 0.0225754820536116
601 7 7 0.0506216475 0.18819999999999992 0.0235814966510274
340 7 7 0.0504711294 0.18840000000000004 0.0235814966510274
8 8 8 0.0503714626 0.15840000000000004 0.312
184 7 7 0.050281641 0.18959999999999994 0.0236816303947685
69 7 7 0.0473763299 0.19899999999999993 0.0248033918345207
303 7 7 0.0451715298 0.20760000000000006 0.0258164524219699
217 7 7 0.0450636877 0.20799999999999996 0.0258164524219699
82 7 7 0.0442873449 0.21060000000000004 0.0260844736461206
583 7 7 0.0439256361 0.21179999999999993 0.0261783367307514
422 7 7 0.0434911611 0.2139999999999999 0.0263951505441691
28 7 7 0.0431908857 0.2158 0.0265618286860241
590 7 7 0.0431290247 0.2164 0.0265804191775306
224 7 7 0.0429801396 0.21739999999999995 0.0266479629804486
368 7 7 0.0418192427 0.2214 0.027078585574346
624 7 7 0.0415290279 0.22280000000000003 0.027078585574346
100 7 7 0.0413790776 0.22299999999999998 0.027078585574346
444 7 7 0.0413133908 0.22299999999999998 0.027078585574346
396 7 7 0.0411983085 0.22319999999999993 0.027078585574346
114 7 7 0.0407652559 0.22519999999999996 0.0272653536037928
323 7 7 0.0404245014 0.22620000000000004 0.0273305346698808
401 7 7 0.0400094108 0.22719999999999999 0.0273954502326446
542 7 7 0.039075007 0.23019999999999996 0.0277007688865636
628 7 7 0.0385497032 0.23200000000000004 0.0278607416409041
6 7 7 0.0382994647 0.23340000000000005 0.0279721282092053
195 8 8 0.0374194949 0.20799999999999996 0.312
72 7 7 0.0361263153 0.2408 0.0288006898942437
117 7 7 0.0352793286 0.24379999999999996 0.0291007131564746
212 7 7 0.0345204214 0.24659999999999996 0.0293757045037722
545 7 7 0.0341228375 0.2486 0.029495257094887
433 7 7 0.0340539934 0.2486 0.029495257094887
552 7 7 0.0333097477 0.2517999999999999 0.0298151726670135
536 7 7 0.0326364577 0.2548 0.0301101767693963
571 7 7 0.0323626827 0.2564 0.0302388945877423
383 7 7 0.0314210107 0.26 0.0306025044862814
274 7 7 0.0309618703 0.26159999999999994 0.0307297346789258
535 7 7 0.0305052338 0.26319999999999993 0.0308564609896192
166 7 7 0.0299508703 0.2664 0.0311698929701894
483 7 7 0.0293186731 0.2703999999999999 0.0315444899953891
570 7 7 0.0291358846 0.2708 0.0315444899953891
374 7 7 0.0290777798 0.27120000000000005 0.0315444899953891
456 7 7 0.0276629258 0.2786 0.0322282110138922
10 7 7 0.0276148825 0.27879999999999994 0.0322282110138922
595 7 7 0.0276082801 0.27879999999999994 0.0322282110138922
296 7 7 0.0275036489 0.27980000000000005 0.0322282110138922
480 7 7 0.0273805742 0.27980000000000005 0.0322282110138922
85 7 7 0.0265506086 0.28340000000000004 0.0325163471602587
406 7 7 0.0265324702 0.28340000000000004 0.0325163471602587
44 7 7 0.0246649481 0.29319999999999996 0.0335337372481906
596 7 7 0.0245374767 0.29340000000000005 0.0335337372481906
307 7 7 0.0239671416 0.2962000000000001 0.0337690941110016
65 7 7 0.0239036674 0.2966 0.0337690941110016
339 7 7 0.0235708289 0.29879999999999995 0.0339542762090059
309 7 7 0.0228576716 0.30399999999999994 0.0344130766730862
17 7 7 0.0228520168 0.30399999999999994 0.0344130766730862
108 7 7 0.0222387283 0.3072 0.0347089544717218
109 7 7 0.0209300929 0.31379999999999997 0.0353648682035944
272 7 7 0.0208224647 0.31420000000000003 0.0353648682035944
425 7 7 0.0198954606 0.31980000000000003 0.035926109746609
625 7 7 0.0197249448 0.3203999999999999 0.035926109746609
60 7 7 0.0196031684 0.32120000000000004 0.0359477300699416
631 7 7 0.019367654 0.3222 0.0359916099678982
37 7 7 0.0185477218 0.3288 0.0366596990291897
618 7 7 0.0176103844 0.3342 0.0371917334489269
59 7 7 0.0174407843 0.3353999999999999 0.0372552478161602
371 7 7 0.0169819204 0.33799999999999997 0.0374737409804858
558 7 7 0.0143779185 0.3544 0.039218550522925
304 7 7 0.0136934816 0.3604 0.0398081137792657
479 7 7 0.0132167689 0.363 0.0399682535287171
57 7 7 0.0131663425 0.3632 0.0399682535287171
153 7 7 0.0129242353 0.3642 0.0400039415110143
265 7 7 0.0121509457 0.36879999999999996 0.0404341911555122
159 7 7 0.0117277064 0.3702 0.0405034527231557
575 7 7 0.0116460179 0.37079999999999996 0.0405034527231557
132 7 7 0.010685164 0.37579999999999997 0.040898698080671
81 7 7 0.0106590646 0.37579999999999997 0.040898698080671
208 7 7 0.0100030399 0.38 0.0412799061927158
395 7 7 0.00987589 0.38180000000000003 0.0413670892910444
540 7 7 0.0098322747 0.3822 0.0413670892910444
302 7 7 0.009684058 0.3832 0.0413996385368398
254 7 7 0.0095180388 0.38439999999999996 0.041453637175542
27 7 7 0.0082820048 0.3936 0.0423685896517313
534 7 7 0.0073909778 0.3996 0.0429363861422391
199 7 7 0.0071202443 0.401 0.0430087580991946
633 7 7 0.0067822268 0.4026 0.0431022802754693
222 7 7 0.0065765007 0.40399999999999997 0.0431740915139282
461 7 7 0.0062971901 0.4058 0.0432883135774642
518 7 7 0.0047665278 0.417 0.044403056990191
103 7 7 0.00366474 0.4266 0.0453261312932129
515 7 7 0.00351496 0.4272 0.0453261312932129
343 7 7 0.0028256026 0.43019999999999997 0.0455025612585195
510 7 7 0.0027956215 0.4304 0.0455025612585195
112 7 7 0.002650954 0.4316 0.0455480912583872
225 8 8 0.0022473194 0.43820000000000003 0.52584
162 7 7 0.0017295123 0.43820000000000003 0.0461623240168486
125 7 7 0.0007134185 0.4446 0.0467533431328334
113 7 7 -0.0001660259 0.4526 0.047510221261845
579 7 7 -0.0013302897 0.46399999999999997 0.0485557103765528
234 7 7 -0.0013930424 0.4642 0.0485557103765528
250 7 7 -0.0015741828 0.4658 0.0486371403786736
316 7 7 -0.0034639525 0.48119999999999996 0.0501309733049186
273 7 7 -0.003503193 0.4818 0.0501309733049186
358 7 7 -0.0038890603 0.484 0.0502715311888946
205 7 7 -0.0053926613 0.4918 0.050992232172273
527 7 7 -0.0064287211 0.49920000000000003 0.051669011770404
177 7 7 -0.0067911395 0.5034 0.0519269083135289
562 7 7 -0.0068544446 0.5037999999999999 0.0519269083135289
403 7 7 -0.0071171416 0.5048 0.0519269083135289
531 7 7 -0.007141304 0.5052 0.0519269083135289
541 7 7 -0.0074913602 0.5074000000000001 0.0520626484501973
77 7 7 -0.0081997263 0.5108 0.0523208339344626
198 7 7 -0.0102805071 0.526 0.0537812669685652
454 7 7 -0.0103955506 0.5276 0.0537812669685652
387 7 7 -0.0106150606 0.5288 0.0537812669685652
494 7 7 -0.0106704577 0.5294 0.0537812669685652
127 7 7 -0.0107019425 0.5296000000000001 0.0537812669685652
15 7 7 -0.0113884736 0.5357999999999999 0.0543177121811514
190 7 7 -0.0126648625 0.55 0.0556619517825756
467 7 7 -0.0147217772 0.5656 0.0571430467204824
29 7 7 -0.0157373519 0.5751999999999999 0.0580139429432319
186 7 7 -0.0160149095 0.5776 0.0581569290647036
161 7 7 -0.0174970539 0.5912 0.0594252117546144
521 7 7 -0.0185034857 0.6002 0.0602276040802545
257 7 7 -0.0196621633 0.609 0.0610072458139341
520 7 7 -0.020116198 0.6128 0.0612842191972726
391 7 7 -0.020318328 0.6146 0.0613605819587889
366 7 7 -0.0213495228 0.6202 0.0618154342206878
434 7 7 -0.0215958418 0.6226 0.0619503490915247
281 7 7 -0.0235217349 0.635 0.063078168207542
48 7 7 -0.0289501626 0.679 0.0673359591208033
152 7 7 -0.0292052089 0.6803999999999999 0.0673619620426442
147 7 7 -0.0301337059 0.6894 0.0680649526929638
613 7 7 -0.0302022054 0.6898000000000001 0.0680649526929638
488 7 7 -0.0315497612 0.6992 0.0688776870716395
588 7 7 -0.0342509055 0.7208 0.0708875381584267
381 7 7 -0.0348728718 0.7264 0.0713198023165831
174 7 7 -0.0365498631 0.7404 0.0725740030806565
607 7 7 -0.0367126585 0.742 0.0726106188137117
345 7 7 -0.0377873068 0.7508 0.0733505284669645
236 7 7 -0.0380707707 0.7528 0.0734247584892164
611 7 7 -0.0385632061 0.7565999999999999 0.0736740195587247
3 7 7 -0.0392947949 0.7624 0.0741168924998831
258 7 7 -0.0399438077 0.7676 0.0745000798812472
73 7 7 -0.0412834904 0.778 0.0753858774432484
464 7 7 -0.0423240461 0.787 0.0761333460812207
1 8 8 -0.0423734064 0.8340000000000001 0.834
238 7 7 -0.0433533943 0.7962 0.0768495904911665
55 7 7 -0.043411208 0.797 0.0768495904911665
53 7 7 -0.0455287478 0.8102 0.0778576778862041
385 7 7 -0.0455708274 0.8106 0.0778576778862041
554 7 7 -0.0456826931 0.8114 0.0778576778862041
523 7 7 -0.051054286 0.8518000000000001 0.0814701646618086
626 7 7 -0.0510590997 0.8518000000000001 0.0814701646618086
393 7 7 -0.0533798375 0.8664000000000001 0.0827329216694655
144 7 7 -0.0546116149 0.8752 0.0834386591042729
197 7 7 -0.0564615949 0.8858 0.0843134574103133
223 7 7 -0.0567860171 0.8882 0.0844061962946765
533 7 7 -0.0634109004 0.9266 0.087914257707502
333 7 7 -0.074111302 0.9684 0.0917331634971753
402 7 7 -0.0787692347 0.9788 0.092570206990413
334 7 7 -0.0794920115 0.9804 0.0925736460886405
594 7 7 -0.0818961275 0.9852 0.0928787510546415
