263 25 21 0.1664909412 1.6615310192053895e-06 4.31998064993401e-05
528 39 45 0.1244350676 2.2940218436520202e-08 3.38199133404892e-07
155 39 41 0.1154953004 3.978813334175198e-08 3.38199133404892e-07
449 25 24 0.0928222212 2.780194501461728e-05 0.000262661604250346
390 25 20 0.0911208695 3.0307108182732198e-05 0.000262661604250346
483 25 21 0.0769506923 6.599589933225524e-05 0.000428973345659659
240 119 126 0.0756483784 3.0745656205997787e-16 8.3013271756194e-15
452 39 36 0.0749575661 8.654712930545978e-07 4.90433732730939e-06
478 25 29 0.0716472287 9.115637104147045e-05 0.000474013129415646
56 76 75 0.0689886347 4.2561514340607793e-16 8.93791801152764e-15
592 56 51 0.0659813717 1.1119657305301208e-06 1.89034174190121e-05
414 97 94 0.0658006052 1.7606443671442316e-11 4.04948204443173e-10
576 25 20 0.0599635979 0.000200581038226451 0.000869184498981288
546 186 187 0.0570497168 9.270213034773934e-15 2.0832995501385e-12
134 186 187 0.0568421286 9.712352215097909e-15 2.0832995501385e-12
330 25 20 0.054754908 0.0002970812066075078 0.00110344448168503
465 76 72 0.0535390856 1.5694078094860645e-13 1.64787819996037e-12
245 141 136 0.0528842121 8.779328581149006e-09 2.01924557366427e-07
8 39 35 0.052841511 8.798254149510876e-06 3.73925801354212e-05
325 186 187 0.050903782 3.9460164695221335e-14 4.5119105726271e-12
168 186 187 0.050646315 4.2069096248271335e-14 4.5119105726271e-12
561 186 187 0.0493830128 5.784061656279221e-14 4.96272490108757e-12
111 119 113 0.0481975339 4.1682221126600394e-13 5.62709985209105e-12
299 155 155 0.0476617551 1.5503768767670915e-10 5.42631906868482e-09
563 141 144 0.0466519324 1.9105093080212374e-08 2.19708570422442e-07
597 25 29 0.0458542944 0.0006263676767157664 0.00186966567837337
184 25 27 0.0454916623 0.0006471919655907832 0.00186966567837337
321 39 41 0.0445172083 2.5639290271302454e-05 8.71735869224283e-05
380 119 120 0.0444292502 1.4231120821610584e-12 1.14645042416457e-11
336 186 187 0.0443473764 2.2201085338964988e-13 1.22519312579696e-11
582 186 187 0.044064158 2.403964584446415e-13 1.22519312579696e-11
194 119 112 0.0439052205 1.6984450728364007e-12 1.14645042416457e-11
313 186 187 0.0437363668 2.6373199638884627e-13 1.22519312579696e-11
292 186 187 0.0436525737 2.70078624100995e-13 1.22519312579696e-11
491 186 187 0.0432226859 3.053138940211089e-13 1.22519312579696e-11
574 186 187 0.0431231765 3.141520835376825e-13 1.22519312579696e-11
91 25 29 0.042994694 0.0008151928038897442 0.00211950129011334
424 39 44 0.041778817 3.7631313555221954e-05 0.000106622055073129
47 186 187 0.0416109483 4.882094715781384e-13 1.74534886089184e-11
58 186 187 0.0409096463 6.018036360973103e-13 1.98595199912112e-11
395 25 27 0.0408781579 0.00099937974790069 0.00236217031321981
551 186 187 0.0403692483 7.085695437487782e-13 2.17125953048733e-11
610 25 29 0.0399535678 0.0010951110886164156 0.00237274069200223
202 155 154 0.0398092617 7.199242904713536e-10 1.25986750832487e-08
191 186 187 0.0395318679 9.160598570999547e-13 2.37310826734048e-11
49 186 187 0.0393421018 9.715913470273e-13 2.37310826734048e-11
43 186 187 0.0392747161 9.921684049451756e-13 2.37310826734048e-11
470 186 185 0.0391780505 1.0225049844728762e-12 2.37310826734048e-11
320 186 187 0.0390899266 1.051026971549397e-12 2.37310826734048e-11
350 39 37 0.038154934 6.4329772272205e-05 0.000156229446946784
496 186 187 0.0381250709 1.4255092357562025e-12 3.01348316393725e-11
617 186 187 0.0379495929 1.5078196959150279e-12 3.01348316393725e-11
499 186 187 0.0378729042 1.5453759815062797e-12 3.01348316393725e-11
121 119 110 0.0372437857 1.8640676813039623e-11 1.00659654790414e-10
356 186 187 0.0365312409 2.3934080120059737e-12 4.46422624848071e-11
432 186 187 0.0359241098 2.9305326690906746e-12 5.00568551935408e-11
288 186 187 0.0358401256 3.0144564610586164e-12 5.00568551935408e-11
609 186 187 0.0357051022 3.154821701269802e-12 5.00568551935408e-11
556 186 187 0.0355826017 3.288230923871971e-12 5.00568551935408e-11
506 186 187 0.0355227303 3.3556192922691048e-12 5.00568551935408e-11
410 186 186 0.0354980765 3.383796738024901e-12 5.00568551935408e-11
351 76 74 0.0349071541 6.389406200641709e-10 4.4725843404492e-09
344 141 142 0.0347336569 1.1612485423053553e-07 8.90290549100772e-07
573 186 187 0.0345927992 4.615886500082752e-12 6.60071769511833e-11
270 186 187 0.0343707797 4.986339060472712e-12 6.78335938862218e-11
42 186 187 0.0342218241 5.252640823283589e-12 6.78335938862218e-11
50 186 187 0.0341946925 5.302764755657497e-12 6.78335938862218e-11
487 186 187 0.0341554933 5.376089025947647e-12 6.78335938862218e-11
278 186 187 0.0338489914 5.988248418449375e-12 7.33988163289938e-11
102 186 187 0.0336794971 6.3584572765638835e-12 7.5771615879053e-11
441 186 187 0.033415297 6.985230900844313e-12 8.09909204449246e-11
398 173 175 0.0328488065 9.228542658766472e-10 1.47656682540264e-08
564 186 188 0.0328392969 8.592935758534857e-12 9.35206027374364e-11
286 186 187 0.0327586926 8.847807282979708e-12 9.35206027374364e-11
196 186 187 0.0327478388 8.882740529290604e-12 9.35206027374364e-11
418 186 187 0.0327308037 8.937866462085999e-12 9.35206027374364e-11
256 186 187 0.0326481759 9.210496852319557e-12 9.40786464201212e-11
475 155 157 0.0319808434 4.484878942904422e-09 5.23235876672183e-08
206 56 50 0.0319055633 5.086027572178439e-05 0.000313005506314256
623 186 187 0.0318658343 1.2280667080031725e-11 1.22521073891479e-10
537 25 27 0.0318510789 0.0026306224548573883 0.00526124490971478
566 141 140 0.0317293044 2.0035591872412758e-07 1.15204653266373e-06
151 186 187 0.0317022611 1.3051694089786292e-11 1.27254017375416e-10
142 76 83 0.0316673913 3.2020476645828693e-09 1.68107502390601e-08
67 56 52 0.0313827695 5.523626582016274e-05 0.000313005506314256
585 76 78 0.0310413931 4.400962875232164e-09 1.84840440759751e-08
289 186 187 0.0309076102 1.7610611985199612e-11 1.58180887851909e-10
485 186 187 0.0309064722 1.761824931082204e-11 1.58180887851909e-10
107 186 187 0.0309016763 1.7650474443104803e-11 1.58180887851909e-10
311 186 187 0.0308657617 1.7893810196591717e-11 1.58180887851909e-10
271 186 187 0.0308161281 1.823602511172593e-11 1.58180887851909e-10
427 186 187 0.0307875837 1.8436000915140925e-11 1.58180887851909e-10
544 186 187 0.0305442014 2.023954601458225e-11 1.70250298828545e-10
408 186 187 0.0302107179 2.3023756989636634e-11 1.89945995164502e-10
404 186 187 0.0301465005 2.3605522376030564e-11 1.91071115081455e-10
375 186 187 0.0299603901 2.538222651277175e-11 2.0164768840702e-10
423 186 187 0.0296843597 2.8285969859082277e-11 2.20630564900842e-10
227 186 187 0.0296218881 2.8991283473633863e-11 2.22093939467659e-10
140 186 187 0.0294943999 3.048972956333943e-11 2.25577077657873e-10
580 186 187 0.0294937481 3.0497600242789325e-11 2.25577077657873e-10
326 186 187 0.0293303164 3.2541435031048456e-11 2.36614841157963e-10
90 76 79 0.0293218685 1.0664113600626896e-08 3.73243976021941e-08
264 186 187 0.0291069509 3.5575222073161045e-11 2.54362837823101e-10
622 186 187 0.0290442718 3.6479939727295255e-11 2.56555641688683e-10
192 186 187 0.0289205947 3.833815688654007e-11 2.65275311360092e-10
235 186 187 0.0286514984 4.2740609627893036e-11 2.910431988947e-10
137 186 187 0.0283884548 4.7570718649943684e-11 3.18872473450404e-10
297 186 187 0.0281418214 5.2632998445599684e-11 3.47377789740958e-10
481 186 187 0.0277851369 6.100016293597148e-11 3.95618417232272e-10
187 186 187 0.0277543426 6.178655933464395e-11 3.95618417232272e-10
181 186 187 0.0276644739 6.414422674707304e-11 4.04674606977858e-10
468 186 187 0.0274578656 6.99375999421276e-11 4.34829425727141e-10
399 186 187 0.0273173396 7.419656990247288e-11 4.54718978402298e-10
458 97 95 0.0272958199 1.3454694220905445e-07 1.39641397631323e-06
606 186 187 0.0271712775 7.891906259702708e-11 4.7684898386091e-10
130 186 187 0.0270935146 8.156365632922368e-11 4.85983452294958e-10
568 141 146 0.0268092897 5.468838324797511e-07 2.34697542360614e-06
355 186 187 0.0265013285 1.0510169281297756e-10 6.1765241392832e-10
46 141 144 0.0263015629 6.122544583320373e-07 2.34697542360614e-06
23 186 187 0.0261932085 1.2014023287296445e-10 6.83883102022563e-10
143 186 188 0.0261696478 1.2138138144010198e-10 6.83883102022563e-10
532 186 187 0.0261466102 1.226082521892293e-10 6.83883102022563e-10
226 186 187 0.0261439971 1.2274824908097282e-10 6.83883102022563e-10
492 186 187 0.0260740442 1.2656029526345997e-10 6.9608162394903e-10
12 186 187 0.0260254609 1.292822719993509e-10 7.02051831490146e-10
453 186 187 0.0256483788 1.5266568379372687e-10 8.1866972934386e-10
131 97 107 0.0255969056 2.4108531355023423e-07 1.39641397631323e-06
211 97 89 0.0255760923 2.428546045762146e-07 1.39641397631323e-06
52 186 187 0.0255533521 1.592468166154771e-10 8.43418325037527e-10
426 155 150 0.0254677644 2.852950385167736e-08 2.49633158702177e-07
413 186 187 0.0253230802 1.764874882840173e-10 9.1962840481284e-10
87 186 187 0.0252701835 1.8072357937348355e-10 9.1962840481284e-10
312 186 187 0.025257615 1.817460111726765e-10 9.1962840481284e-10
459 186 187 0.025251927 1.8221075619834822e-10 9.1962840481284e-10
572 186 188 0.0251823668 1.8799830125765336e-10 9.37805479529457e-10
298 186 187 0.0251552073 1.903111628031063e-10 9.38430906236007e-10
176 186 187 0.0251221097 1.9317095208308866e-10 9.41708391405057e-10
218 186 187 0.0248194939 2.2155631132318149e-10 1.06795120851286e-09
72 186 187 0.0247582769 2.2782386800507354e-10 1.08596043749085e-09
354 186 187 0.0245677322 2.48577382033675e-10 1.1718648010159e-09
188 186 187 0.0243961358 2.6900392403661796e-10 1.23702050770107e-09
530 186 187 0.0243923454 2.6947492336136707e-10 1.23702050770107e-09
259 186 187 0.0243797309 2.710487825731938e-10 1.23702050770107e-09
20 186 187 0.0243298411 2.7737040202397263e-10 1.25254634177141e-09
301 186 187 0.0242960652 2.817396756510044e-10 1.25902417556543e-09
154 173 179 0.0241332951 1.2486918511827603e-08 9.98953480946208e-08
529 186 187 0.0241063176 3.076951149927044e-10 1.36083715806052e-09
447 25 32 0.0240827345 0.007154713476436238 0.0132873250276673
317 186 187 0.0240419452 3.170726219263044e-10 1.38800157965699e-09
149 76 72 0.0240200554 1.8273337405655131e-07 5.48200122169654e-07
170 186 187 0.0239745671 3.2721651214424907e-10 1.41793821929175e-09
169 186 187 0.0239059073 3.379115685724245e-10 1.43800358725711e-09
76 186 188 0.0239018765 3.3855096110249033e-10 1.43800358725711e-09
501 186 187 0.0237077022 3.709395566484984e-10 1.56012813531574e-09
548 186 187 0.0235597505 3.978403131086543e-10 1.64602548691737e-09
183 186 187 0.0235534225 3.9903648167693724e-10 1.64602548691737e-09
386 186 187 0.023525845 4.0429452268256134e-10 1.65183190696018e-09
412 186 187 0.0234584176 4.1746538343575e-10 1.68955329711261e-09
362 186 188 0.0232682811 4.571411176137392e-10 1.83283681734854e-09
329 186 187 0.0231402263 4.861254739243496e-10 1.93099841031061e-09
394 186 187 0.0231045355 4.945499359306849e-10 1.94643965609416e-09
246 141 147 0.0230788681 1.316712816659686e-06 4.32634211188183e-06
293 186 187 0.0230604352 5.051757991868983e-10 1.9701856168289e-09
215 25 27 0.0227778014 0.008634812057400286 0.0149670075661605
261 186 187 0.0227657258 5.827693150578601e-10 2.25232465008849e-09
621 56 54 0.022669197 0.0002666925962058674 0.000991597456341171
409 141 131 0.0224540347 1.54419638917554e-06 4.43956461887968e-06
388 186 187 0.0224343136 6.855385461690671e-10 2.62188997296133e-09
307 186 187 0.0224193504 6.906143751623095e-10 2.62188997296133e-09
123 39 37 0.0224006403 0.0010935248566579234 0.00232374032039809
59 186 187 0.0222986902 7.330452517955739e-10 2.75856502649387e-09
632 56 57 0.0222393892 0.0002916463106885798 0.000991597456341171
612 186 187 0.0221605635 7.850699766384309e-10 2.9286523476338e-09
32 186 187 0.0221130585 8.038644850654995e-10 2.96874437095686e-09
241 186 187 0.0220986553 8.096575557155062e-10 2.96874437095686e-09
93 186 187 0.0219854377 8.567810311254618e-10 3.11490730807477e-09
230 119 124 0.0219144707 1.8911160960828893e-08 8.36816052421851e-08
65 186 187 0.0218481606 9.178906652354864e-10 3.3090344150086e-09
269 186 187 0.0218162316 9.327624800650227e-10 3.33462586623246e-09
429 119 122 0.0216606107 2.169523098871466e-08 8.36816052421851e-08
411 186 187 0.0215993559 1.0408615408478166e-09 3.69032728118771e-09
248 186 187 0.0215614297 1.0611058343416232e-09 3.73126559780784e-09
523 186 187 0.021411391 1.1454224223899903e-09 3.99500991223826e-09
419 155 150 0.0212482523 1.1891064295457595e-07 8.32374500682032e-07
346 186 187 0.0211163774 1.332858837012491e-09 4.61126162159967e-09
365 97 100 0.0210800646 1.3108672366571444e-06 6.02998928862286e-06
466 186 187 0.0209743641 1.4345629057968436e-09 4.92341989269477e-09
71 186 187 0.0208636433 1.519613516691395e-09 5.17392221159213e-09
104 186 187 0.0208012938 1.5698695990936354e-09 5.30294533867063e-09
249 186 187 0.0206615504 1.6890865531342084e-09 5.66107915073887e-09
634 56 61 0.0206068889 0.00041486109933007713 0.00117543978143522
173 186 187 0.0205326297 1.8076906562852409e-09 6.01162241508813e-09
502 186 187 0.0205099111 1.8294997547722466e-09 6.03734919074841e-09
431 186 187 0.020419395 1.9192294507924556e-09 6.24869379408376e-09
228 186 187 0.0204160101 1.9226750135642354e-09 6.24869379408376e-09
79 186 187 0.0203681916 1.97206438729955e-09 6.36101971542486e-09
314 186 187 0.0202938805 2.051530920494631e-09 6.56796093203132e-09
295 186 187 0.0202129272 2.142017393980031e-09 6.80685527420321e-09
318 186 187 0.0201813847 2.1784227364375997e-09 6.87164230832155e-09
439 25 29 0.0200957911 0.01299130287070454 0.0211108671648949
200 119 110 0.0200944933 5.17176827690895e-08 1.74547179345677e-07
565 173 175 0.0200848029 5.585504081959806e-08 2.97893551037856e-07
513 155 152 0.02007588 1.843163753824667e-07 1.07517885639772e-06
367 186 187 0.0200744725 2.306826544967629e-09 7.2235663342417e-09
495 186 187 0.0198792135 2.56272168986022e-09 7.96672177500025e-09
545 186 187 0.0197025556 2.820518013035194e-09 8.70505199706545e-09
251 76 77 0.019642315 2.194518552615035e-06 5.76061120061447e-06
328 186 187 0.0196280585 2.937431323737687e-09 9.00112884202477e-09
70 186 187 0.0193124436 3.493497178333291e-09 1.0629150989397e-08
66 186 187 0.0192671711 3.5820876349612548e-09 1.08219408126646e-08
522 186 187 0.0192263177 3.6640963077327274e-09 1.09922889231982e-08
337 155 156 0.0190649185 2.7360779382338015e-07 1.35053568398004e-06
584 141 138 0.0189826509 4.046715897644667e-06 1.03416072939808e-05
509 76 77 0.0189795559 3.2357136685122718e-06 7.54999855986197e-06
284 186 187 0.0189465273 4.282698265282998e-09 1.27249407157995e-08
628 186 187 0.0189389344 4.300970638207275e-09 1.27249407157995e-08
39 186 187 0.0189244043 4.336170472955642e-09 1.27412132390272e-08
538 186 187 0.0188934258 4.412251002237371e-09 1.28590026497961e-08
567 186 187 0.01888379 4.436206042353894e-09 1.28590026497961e-08
80 39 40 0.018856686 0.0024179170018006346 0.00456717655895675
550 155 161 0.0187645078 3.08693870624009e-07 1.35053568398004e-06
84 119 114 0.01875343 1.12253439869121e-07 3.36760319607363e-07
156 56 55 0.0187462616 0.000636839533757822 0.00150959391995304
160 186 187 0.0187203279 4.8645160158438915e-09 1.40058883946109e-08
547 186 187 0.0185997326 5.208800108876577e-09 1.4897168311387e-08
116 141 142 0.0185580252 4.599991652343488e-06 1.057998080039e-05
201 186 187 0.0185342673 5.406538629110504e-09 1.53602984893272e-08
369 186 187 0.0184204326 5.769765314335276e-09 1.62844034200647e-08
519 186 187 0.0183655416 5.954169133354947e-09 1.66950232562698e-08
210 39 42 0.018304992 0.0027550335373542 0.00468355701350214
633 56 52 0.018292567 0.0007103971388014319 0.00150959391995304
442 186 187 0.0182043145 6.533232905439314e-09 1.81997202365809e-08
262 25 25 0.0181377757 0.01787589066500199 0.0273395974876501
6 97 105 0.0180973752 4.596425554788991e-06 1.76196312933578e-05
253 186 187 0.0179064525 7.767709687828594e-09 2.14990158456675e-08
95 186 187 0.0178197559 8.172287870944842e-09 2.24737916450983e-08
120 186 187 0.0177900972 8.31582316298038e-09 2.27228543752776e-08
631 76 72 0.0177892881 6.552915197649013e-06 1.37611219150629e-05
420 186 187 0.0177639503 8.444601791674339e-09 2.29286972697993e-08
457 186 187 0.0177293116 8.618500951407645e-09 2.32536912462508e-08
401 186 188 0.0175989517 9.308116243274345e-09 2.49573866772793e-08
182 186 187 0.0174505977 1.0165477238392712e-08 2.70868927656551e-08
83 186 187 0.0174125476 1.0398737512026235e-08 2.7537397485551e-08
482 186 188 0.0173192456 1.099530632507262e-08 2.89385669537187e-08
239 186 187 0.0172534808 1.1437761553617169e-08 2.99195104054986e-08
229 186 187 0.017236712 1.1553602701868455e-08 3.0039367024858e-08
63 155 160 0.0171747196 6.006076389019842e-07 2.33569637350772e-06
82 186 185 0.0171211088 1.2387187125107981e-08 3.20126703413935e-08
571 186 187 0.0170115369 1.3236919459032276e-08 3.40038230414661e-08
524 155 162 0.0168398521 6.953009536658722e-07 2.43355333783055e-06
333 186 187 0.0168167046 1.49058425518226e-08 3.80631336591184e-08
504 186 187 0.0167396178 1.5627153713339233e-08 3.96689286569381e-08
627 186 187 0.016589836 1.7137732822886465e-08 4.32475728295194e-08
616 25 31 0.0165032559 0.023694810500352822 0.0342258373893985
360 186 187 0.0164820264 1.8321420143518815e-08 4.59642645705823e-08
117 186 187 0.0164480847 1.8711960150842012e-08 4.64510937991728e-08
138 186 187 0.0164463613 1.8732026170762e-08 4.64510937991728e-08
207 76 72 0.0164278609 1.4887541142503491e-05 2.84216694538703e-05
96 97 92 0.0163558709 1.0163491965442387e-05 3.33943307435964e-05
338 186 187 0.0163129925 2.035696612464071e-08 5.01904509624762e-08
397 186 187 0.016236132 2.1361423712444158e-08 5.23660044150774e-08
620 186 187 0.0161889864 2.2003701012610753e-08 5.36340212182387e-08
624 56 59 0.0161323034 0.0012308032060236907 0.00232485050026697
608 186 187 0.016077919 2.359995715409723e-08 5.698022877873e-08
577 186 187 0.0160750936 2.3642146206559315e-08 5.698022877873e-08
26 186 187 0.0160084158 2.4661581783305724e-08 5.91051317599897e-08
94 141 145 0.0158670875 1.104423025816523e-05 2.30924814488909e-05
267 186 187 0.0157642668 2.8815193808248085e-08 6.86762119096579e-08
508 186 187 0.0155925309 3.21824713132013e-08 7.62777911235545e-08
389 186 187 0.0154802017 3.461121515898079e-08 8.15835785890261e-08
185 119 110 0.0154570039 8.655312766985006e-07 2.33693444708595e-06
352 155 153 0.0154392275 1.3163603579911337e-06 4.18841932088088e-06
500 186 187 0.0152302509 4.0748514588603116e-08 9.50745812576968e-08
97 186 187 0.0152221147 4.0966911913038096e-08 9.50745812576968e-08
451 186 187 0.0152209036 4.0999528048190925e-08 9.50745812576968e-08
377 186 187 0.0151526904 4.2882209210060905e-08 9.89057405973985e-08
5 186 187 0.0150556969 4.572024157188878e-08 1.04638993508808e-07
242 186 187 0.0150512271 4.5855782703160444e-08 1.04638993508808e-07
282 56 60 0.0150375024 0.0016597063553417035 0.00274459699825311
165 119 128 0.015015522 1.1567650353786856e-06 2.83933235956586e-06
204 186 187 0.0149656158 4.853658682918829e-08 1.10170347882126e-07
437 173 165 0.0148877509 5.801567412174993e-07 2.32062696487e-06
122 56 61 0.014797151 0.0017759157047520112 0.00274459699825311
38 186 187 0.0147661675 5.545490812594603e-08 1.25211345189636e-07
193 186 187 0.0147361124 5.658584457764204e-08 1.27095954574913e-07
552 25 25 0.0147114897 0.03285797254247425 0.0449635413739121
539 186 187 0.0146158582 6.136404275064077e-08 1.37110283020963e-07
489 186 187 0.0145615499 6.366188881031029e-08 1.41507514505819e-07
268 186 187 0.0144902969 6.681735261004772e-08 1.47755898297477e-07
603 186 187 0.0144686863 6.780715784824364e-08 1.49175747266136e-07
219 186 187 0.0144374986 6.926337663836e-08 1.51601982540084e-07
54 186 187 0.0144297856 6.962865161815772e-08 1.51627875858831e-07
558 186 187 0.0143006539 7.606035602289321e-08 1.64797438049602e-07
85 141 137 0.0142290247 2.005385598401526e-05 3.84365573026959e-05
60 25 30 0.0141750799 0.03638213549501571 0.0472967761435204
376 186 187 0.0141677005 8.335179140264882e-08 1.79688032722293e-07
15 186 187 0.0140079581 9.311573076846703e-08 1.99733242498362e-07
139 186 187 0.013975494 9.524582391837829e-08 2.03285862989972e-07
129 119 118 0.0139704679 2.338158980208224e-06 5.2608577054685e-06
30 39 42 0.0139060082 0.00844342915871893 0.0130489359725656
474 186 187 0.0138310161 1.0537851532782447e-07 2.23798926117013e-07
324 186 187 0.0138134795 1.0668482905751955e-07 2.25457101801359e-07
393 186 187 0.0137447676 1.1197269174799032e-07 2.35471984117097e-07
279 186 187 0.0136194846 1.2234993401837567e-07 2.56039618018942e-07
18 186 187 0.0135306429 1.3033027807189844e-07 2.71415967440992e-07
363 186 187 0.0134565593 1.3741115301555328e-07 2.8477963595977e-07
614 186 187 0.0133137444 1.5225023535871248e-07 3.14016110427345e-07
2 186 187 0.0132463903 1.5983574480812724e-07 3.28083897237735e-07
527 186 187 0.0131417472 1.7243445626806423e-07 3.52258960661903e-07
479 186 187 0.0127607231 2.28091353976903e-07 4.63749719697116e-07
335 186 187 0.0127361417 2.322891643392106e-07 4.70056846705289e-07
180 186 187 0.0126938606 2.397042454771199e-07 4.8278460708772e-07
223 186 187 0.0125844193 2.6009978419759253e-07 5.2141498794751e-07
595 186 187 0.0124796485 2.813731352175577e-07 5.6143755817829e-07
435 97 103 0.0124765855 7.262979530603737e-05 0.0001862454659273
490 97 92 0.0124703423 7.287866058024773e-05 0.0001862454659273
379 186 187 0.012427976 2.9254412209021867e-07 5.81025131373629e-07
310 186 187 0.0123637195 3.0710207345846674e-07 6.04678135279314e-07
630 186 187 0.0123629874 3.0727233913960494e-07 6.04678135279314e-07
135 186 187 0.0121692655 3.5608368666287017e-07 6.97533797161513e-07
534 186 187 0.0119276752 4.2888753819474615e-07 8.36330699479755e-07
128 173 179 0.0118793157 3.0752802955344556e-06 9.84089694571026e-06
281 97 89 0.0118373688 0.00010358759332213836 0.000238251464640918
472 186 187 0.0118307612 4.62436627988366e-07 8.97671101389181e-07
110 186 187 0.0117799999 4.811203249106004e-07 9.29732519759674e-07
469 186 187 0.0117295014 5.005111901211064e-07 9.62866818663474e-07
463 186 187 0.0117011176 5.117760622942668e-07 9.80142547876073e-07
40 186 187 0.0116711256 5.239746608411239e-07 9.99045020003743e-07
179 186 188 0.011650734 5.324460137503021e-07 1.01070504380035e-06
599 186 187 0.0116115622 5.491333612737673e-07 1.0377894801165e-06
347 186 187 0.0115997419 5.542781354389561e-07 1.04291807062856e-06
497 186 187 0.0115855906 5.605054209895952e-07 1.05002980613335e-06
141 186 187 0.0115177 5.914399885248725e-07 1.10074010905381e-06
119 186 187 0.0115150026 5.927062125674342e-07 1.10074010905381e-06
342 186 188 0.0114665128 6.159703645152895e-07 1.13901416541836e-06
29 186 187 0.0114596522 6.193400449726118e-07 1.14032995404829e-06
308 119 118 0.0114507215 1.4225523371088588e-05 2.95453177707225e-05
220 186 187 0.0113682666 6.661570618336313e-07 1.22128794669499e-06
503 186 187 0.0112185574 7.512335274366987e-07 1.3714007798738e-06
374 186 187 0.0111492312 7.945053209017787e-07 1.44424907909688e-06
387 186 187 0.0110765654 8.427398233853709e-07 1.52546575625453e-06
106 186 187 0.010991996 9.028538880047043e-07 1.62741310064714e-06
21 186 187 0.0108914061 9.803923308765907e-07 1.75978372362367e-06
454 186 187 0.0108489588 1.01522411112057e-06 1.81471309862802e-06
555 186 187 0.0107783929 1.0760946168327531e-06 1.91553772042013e-06
208 141 140 0.0107209455 8.941139427801787e-05 0.000149615471007281
348 97 99 0.0107196839 0.00019751860869805798 0.000412993454550485
322 56 58 0.0106849072 0.00647912783275515 0.00917876442973646
598 155 156 0.010683337 1.7047954073806986e-05 4.9723199381937e-05
31 141 143 0.0106825717 9.107028670008412e-05 0.000149615471007281
515 173 171 0.0106776302 6.546899388777031e-06 1.74583983700721e-05
383 186 187 0.0106147228 1.232838453763436e-06 2.18548634985336e-06
618 25 23 0.0106050104 0.07599999999999994 0.094095238095238
274 39 37 0.0106030275 0.021851536395290742 0.0309563432266619
372 186 187 0.0105551149 1.2958508879250938e-06 2.28773675275665e-06
217 186 187 0.0105067043 1.3495630330620636e-06 2.37279729993289e-06
521 186 187 0.0104585094 1.4054095506920253e-06 2.4609008050893e-06
477 119 130 0.0103554528 3.290261938847201e-05 6.34550516777674e-05
434 186 187 0.010316003 1.585507636303791e-06 2.76497063404198e-06
591 186 187 0.0102284051 1.7083576477560402e-06 2.96714749347102e-06
430 186 187 0.0102147811 1.728362654976349e-06 2.98978862493893e-06
396 141 142 0.010213066 0.00011452740457301708 0.00017560868701196
514 155 151 0.0101722648 2.351754239863138e-05 6.33164603040076e-05
198 186 187 0.0100572968 1.978710018219809e-06 3.40910280247509e-06
172 173 172 0.0099621325 1.0575408535316871e-05 2.41723623664386e-05
112 141 147 0.0098006228 0.00014102637961514492 0.000202725420696771
315 76 77 0.0097946762 0.0010146160078034511 0.00177557801365604
55 186 187 0.0097376949 2.6142715724812446e-06 4.48609001837782e-06
216 186 187 0.0097277 2.637377002533667e-06 4.50770810393204e-06
77 97 103 0.0096647476 0.00037476342180504225 0.000718296558459664
212 186 187 0.0096584653 2.8035542767563884e-06 4.77271739971623e-06
486 186 187 0.0096520736 2.8194511957846345e-06 4.78080854937395e-06
126 186 187 0.0095668284 3.040943987185332e-06 5.13608256103349e-06
433 186 187 0.0094987062 3.2313285717800643e-06 5.43623512664176e-06
626 76 77 0.009475682 0.0012556127043194878 0.00199203771922832
153 25 20 0.0094267249 0.09659999999999996 0.114163636363636
266 186 187 0.0094141635 3.4855248847747116e-06 5.84097724831387e-06
535 76 77 0.0093920008 0.0013280251461522154 0.00199203771922832
422 186 187 0.0093848133 3.5787096948192223e-06 5.97379945166322e-06
144 186 187 0.0093739551 3.6138563874312627e-06 5.99889503016467e-06
549 186 187 0.0093715441 3.621710519376806e-06 5.99889503016467e-06
353 186 187 0.0093547032 3.677083956240433e-06 6.06718852779671e-06
625 186 187 0.009280739 3.931236105624023e-06 6.46168693223259e-06
45 186 187 0.0091571604 4.398769092406101e-06 7.20256465893976e-06
378 186 187 0.009043122 4.883265884947232e-06 7.96547933324092e-06
536 76 86 0.0089487015 0.001789368582003504 0.00250511601480491
385 141 142 0.0089321801 0.00022362664358107208 0.000302553694256745
302 56 63 0.0089294568 0.012416545372806887 0.0162370208721321
428 186 187 0.0089291425 5.425024881208973e-06 8.81566543196458e-06
445 186 187 0.0088626352 5.770583578412942e-06 9.34181266090246e-06
53 186 187 0.0088425061 5.879758364755144e-06 9.48276818977427e-06
436 186 187 0.008803451 6.09793962870865e-06 9.79781311129592e-06
596 186 187 0.0087767615 6.252015626340461e-06 1.0007890685448e-05
115 173 176 0.0087428456 2.539783244631632e-05 5.07956648926326e-05
150 155 154 0.0086864672 6.412083239390243e-05 0.000160302080984756
467 186 187 0.00862977 7.178723344631443e-06 1.14485959659736e-05
368 186 187 0.0085751774 7.559458578208801e-06 1.20111397409318e-05
146 186 187 0.0085630885 7.646656603386275e-06 1.21048549182757e-05
304 119 111 0.0085318673 0.00014436508488189644 0.000259857152787414
349 186 187 0.0085296389 7.893589461174513e-06 1.24498157310436e-05
605 186 187 0.0085163856 7.993777226945546e-06 1.25616499280573e-05
73 186 187 0.0084828975 8.253043689068363e-06 1.2921736286899e-05
231 97 105 0.0084745977 0.000803843802517495 0.00142218518906941
233 186 187 0.0084237555 8.733165618250069e-06 1.36237383644701e-05
109 186 187 0.0082352835 1.0473425718662587e-05 1.62793464974864e-05
590 186 187 0.0082231171 1.0597852905095674e-05 1.6413281214029e-05
339 186 187 0.0081461229 1.1422899735560761e-05 1.76274244120704e-05
62 186 187 0.0081303599 1.1600141026590556e-05 1.78367759871231e-05
316 186 187 0.0080272421 1.2834734709050801e-05 1.96646471077957e-05
579 119 120 0.0079839463 0.00023016906093011903 0.000388410290319576
613 186 187 0.0079837123 1.3397471282918688e-05 2.04537906774808e-05
33 186 187 0.0079418651 1.3963413027274012e-05 2.12422134351083e-05
48 186 187 0.007927571 1.4162545486260084e-05 2.14690177159208e-05
114 186 187 0.0078553581 1.5216099216638902e-05 2.29848822673876e-05
416 173 175 0.00783997 5.1345414706718256e-05 9.1280737256388e-05
68 186 187 0.0077319043 1.721647227784991e-05 2.59153214287636e-05
406 186 187 0.0076733091 1.8262818438699587e-05 2.73942276580494e-05
28 119 119 0.0076698205 0.0003022372477081305 0.000480023864007031
167 186 182 0.0076658458 1.8400903239886463e-05 2.7505182891677e-05
177 186 186 0.0076425648 1.883887210748867e-05 2.80044704412475e-05
505 186 187 0.007641169 1.8865482418462748e-05 2.80044704412475e-05
462 186 187 0.007635907 1.8966162410139883e-05 2.8056840255e-05
554 186 187 0.007616617 1.9340192703348664e-05 2.85118304801944e-05
357 186 187 0.0076091963 1.9486174973703393e-05 2.8628661177119e-05
166 186 187 0.0075152947 2.1438872020530556e-05 3.13900208082171e-05
69 186 188 0.007487356 2.2059522463017538e-05 3.21888950225664e-05
405 186 187 0.0074283317 2.3434869642026258e-05 3.40745342558577e-05
332 186 187 0.0074251887 2.3510634358353996e-05 3.40745342558577e-05
559 186 183 0.0073601295 2.5139289176518798e-05 3.63123065883049e-05
359 119 128 0.0073524758 0.00039949683304231915 0.000599245249563479
34 186 187 0.0073376291 2.573031615790863e-05 3.7041294066251e-05
526 155 150 0.0072949625 0.00018275023712043323 0.000426417219947678
361 39 37 0.0072537567 0.06340000000000004 0.0829076923076924
421 186 188 0.0072470615 2.826409584388971e-05 4.055283316732e-05
464 186 187 0.0072312254 2.8733936923458316e-05 4.10895298005454e-05
27 155 164 0.0071860971 0.00019937587489196777 0.00043613472632618
64 186 188 0.0071845978 3.0166531255500914e-05 4.29948236166442e-05
540 186 187 0.0071718467 3.057147570468739e-05 4.34165665598515e-05
113 186 187 0.0071689322 3.066484771010491e-05 4.34165665598515e-05
541 56 61 0.007161402 0.02589528999438308 0.0314442807074652
125 186 187 0.0071596454 3.0964410901258755e-05 4.36964877521053e-05
461 186 187 0.0071053005 3.2781391571003815e-05 4.61089081441332e-05
24 186 187 0.0071010992 3.292653476152516e-05 4.6161710499001e-05
440 155 152 0.0071002931 0.000213660955818305 0.000439890203155334
224 186 188 0.0070738617 3.388435907861963e-05 4.73498047059538e-05
11 97 101 0.0070419845 0.002148488969103383 0.00352966044924127
384 186 187 0.0069747392 3.7629822361520964e-05 5.24129668606899e-05
593 186 187 0.0069395323 3.90648287593665e-05 5.42356360445574e-05
16 25 19 0.0068928167 0.15980000000000005 0.178316666666667
403 186 187 0.006855068 4.2751890954479855e-05 5.91631007079737e-05
22 186 187 0.0068455201 4.319154409443905e-05 5.95793325289851e-05
190 186 187 0.0067928791 4.570401536376462e-05 6.28430211251763e-05
518 186 187 0.0067821058 4.6237236685461186e-05 6.33730815912551e-05
3 186 187 0.0067760352 4.654062902608819e-05 6.35857638604835e-05
89 186 187 0.0067337388 4.871454830424871e-05 6.63445753095959e-05
588 25 20 0.0067307565 0.16459999999999994 0.178316666666667
484 56 57 0.0066046599 0.03329621238349816 0.0377357073679646
1 186 187 0.0065981384 5.64486861187562e-05 7.66344504586912e-05
391 186 187 0.0065029087 6.266082546868389e-05 8.47996660128246e-05
345 186 187 0.0064975921 6.302855815979191e-05 8.50290926117947e-05
512 186 187 0.006493176 6.333576223964726e-05 8.51756802533187e-05
124 186 187 0.0064854939 6.387398946960777e-05 8.56310671326929e-05
197 141 147 0.0064546787 0.0010291887305132412 0.00131507448898914
290 186 187 0.0063482084 7.436549455319788e-05 9.9385660944928e-05
334 141 146 0.006334872 0.0011189448292301342 0.00135451216169964
569 186 185 0.0062961643 7.881255817247297e-05 0.000105001824397487
604 186 187 0.0062207297 8.577085941221828e-05 0.000113688063185704
92 186 187 0.0062197824 8.586231345493758e-05 0.000113688063185704
250 186 187 0.0062009316 8.770407565603062e-05 0.00011576937986596
494 186 187 0.0061960092 8.819193539898668e-05 0.000116056258546519
275 76 73 0.0061724893 0.012114505036443388 0.0159002878603319
277 186 187 0.0061518278 9.270306498976793e-05 0.000121619617371897
542 186 187 0.0061275099 9.529088449613388e-05 0.000124633504417199
205 186 187 0.0061094869 9.725867302005858e-05 0.000126820579713086
252 97 94 0.0060967033 0.004294254464917629 0.0065845235128737
533 186 187 0.0059775107 0.00011306367369325198 0.000146982775801228
162 39 40 0.0059648882 0.09939999999999997 0.1207
296 76 80 0.0059450572 0.014220133395638988 0.0175660471357893
157 186 187 0.0059036471 0.00012309127337125936 0.000159535215336164
99 186 187 0.0058404922 0.00013242101030191579 0.000171110281384102
309 186 187 0.0058145244 0.00013647427820786452 0.000175818214267789
258 186 187 0.0057947384 0.0001396517209620958 0.000179373018840536
51 173 179 0.0057648419 0.00032407653059204054 0.000518522448947265
285 186 187 0.0057013485 0.00015575591954359143 0.00019946056562448
7 186 187 0.0056802225 0.00015966778235455335 0.000203861543541974
619 186 187 0.005677517 0.00016017630125110592 0.000203903956192061
163 119 126 0.0056326099 0.001946120329088089 0.00276553941501992
133 186 187 0.0054996621 0.00019772642479137133 0.000250960462235202
283 186 187 0.0054217691 0.00021704693884935344 0.000274670019959801
520 186 187 0.0052956016 0.000252757574148464 0.000318920586204974
294 186 187 0.0052501656 0.0002671167782468241 0.000336050140375037
17 186 187 0.005219841 0.0002771846108797033 0.000347696485577172
225 186 187 0.0052160995 0.00027845466936480856 0.000348271292004382
402 186 187 0.0051924694 0.00028662122536195623 0.000357443330465928
471 186 187 0.0051889931 0.00028784410486175816 0.000357927886915056
36 186 187 0.005153444 0.0003006749187728987 0.000372802139172178
78 186 187 0.0051422704 0.0003048332193735015 0.000376868735190871
57 186 187 0.0051314105 0.00030893380831859956 0.00038059333939424
127 186 187 0.0051296077 0.0003096202224908852 0.00038059333939424
61 186 187 0.0050929346 0.00032394373276424895 0.000397062461016751
152 76 77 0.0050824307 0.02624851745288545 0.0306232703616997
213 141 144 0.0050598768 0.0029300168787648054 0.00336951941057953
178 155 149 0.0050581373 0.0013155903945565085 0.00255809243385988
607 186 187 0.0049434869 0.0003900841942669762 0.000476769570770749
171 186 187 0.0049382093 0.0003926694894154221 0.000478565940225046
358 173 173 0.004896675 0.0007878610956072393 0.00114597977542871
476 155 161 0.0048554051 0.0016087424206625075 0.00296347288016778
340 186 187 0.0048397573 0.00044441584697171865 0.000540097445753165
586 97 105 0.0048305627 0.011559952560222651 0.0161221271430603
161 186 187 0.0048259497 0.0004522380557953727 0.000548051203209647
273 97 90 0.0047932605 0.011916354844870657 0.0161221271430603
41 155 151 0.0047834576 0.001729600869410492 0.00302680152146836
257 186 187 0.0047041049 0.0005280088716915692 0.00063807269283291
145 186 187 0.00469017 0.0005375043568968407 0.000647722946934676
446 186 182 0.004683525 0.0005420965867150663 0.000651426990758441
331 186 187 0.0046749884 0.000548057783443528 0.000656750807534283
319 119 112 0.0046313098 0.0052000127645198254 0.0069398843735971
101 119 116 0.0045942558 0.005397687846131081 0.0069398843735971
300 186 188 0.0045867982 0.0006139166800637995 0.000733621882304652
209 186 187 0.0045634813 0.0006327112331859938 0.000753980886213309
407 186 184 0.0044683642 0.0007160087255551936 0.000849653231840229
601 186 187 0.004467351 0.0007169568063546921 0.000849653231840229
260 186 187 0.0044470629 0.0007362265482400446 0.000870085920647325
382 186 187 0.0044302715 0.0007525944162941026 0.000886986276346621
238 173 168 0.0044221967 0.0013281804687651716 0.00164721845204828
629 173 171 0.0044154444 0.0013383649922892277 0.00164721845204828
517 97 100 0.004319513 0.01763589495837748 0.0225347546690379
400 155 164 0.0042268584 0.003089305158094273 0.00514884193015712
14 186 187 0.0042143756 0.0010015619931395263 0.00117717834262153
103 186 187 0.004204661 0.0010146628237915427 0.00118931790001796
417 186 187 0.0041499184 0.0010919995222354482 0.00127647900555588
74 186 187 0.0041041478 0.0011615070574457502 0.00135403947729409
86 186 187 0.0040731006 0.0012113423141512205 0.00140830854409451
272 186 187 0.0040641401 0.00122614718536332 0.00142166795275909
199 186 187 0.0040237557 0.001295316820785608 0.00149781918090843
602 186 187 0.0039373897 0.0014576619273953212 0.00168101335175428
25 155 154 0.003872851 0.004555663878157349 0.00724764707888669
105 76 82 0.0038433964 0.06319999999999994 0.0698526315789473
557 186 188 0.0038300847 0.001690321236523005 0.00194409600661761
438 119 125 0.0038011016 0.012203024490573785 0.0149764391475224
611 186 187 0.0037958592 0.001772652859785927 0.00203333710387209
343 186 187 0.0037623897 0.001857329370878173 0.00212478480028463
327 186 187 0.0037477267 0.0018957807933395157 0.00216300521367727
100 155 158 0.0037258989 0.0053786490569190035 0.00818490073878979
589 186 186 0.0036475655 0.0021823419082732474 0.00248335458527645
575 97 93 0.0036442322 0.03150878141122997 0.0381422090767521
276 186 188 0.0036162585 0.0022811624337555855 0.00258893831767499
158 186 187 0.0035862727 0.0023803141230025067 0.0026943397328973
280 39 39 0.0035697211 0.19539999999999993 0.221453333333333
214 186 187 0.0034939851 0.0027155246735945764 0.00306568443413703
159 186 187 0.0034919873 0.0027233176127254843 0.00306641274503736
221 155 154 0.0032916863 0.008943833783561906 0.0130430909343611
415 186 187 0.0032541187 0.003846818158956214 0.00432011777537229
443 186 187 0.0032004335 0.004163572755433716 0.00466363632397145
148 97 106 0.003190712 0.047241867542460604 0.0543281476738297
108 186 187 0.003149009 0.004493283413700397 0.00501984006374341
560 186 187 0.0031164868 0.004716149397592898 0.00525513790017494
615 186 187 0.0029717845 0.005861471623656573 0.00651443348846806
164 186 187 0.0029604197 0.005963260170824529 0.00661043569323959
203 39 41 0.0029410077 0.23239999999999994 0.246925
237 155 153 0.0028686956 0.015093114618733923 0.0211303604662275
392 76 73 0.0028417178 0.11739999999999995 0.12327
255 141 137 0.0028250045 0.024566449479282475 0.0269061113344522
222 155 161 0.0028113929 0.01623901513571294 0.0218602126826905
460 97 88 0.0027919992 0.06879999999999996 0.0753523809523809
75 186 182 0.0026598479 0.009475308619830924 0.0104765654585244
174 186 187 0.0026345772 0.00985834386489659 0.0108720553162998
341 76 71 0.0026279583 0.13179999999999992 0.1318
581 186 187 0.0026129486 0.010199345219798244 0.0112192797417781
493 186 187 0.0026073374 0.010289860284247585 0.0112898978566297
488 186 187 0.0025946922 0.010497009078466586 0.0114877982006688
147 186 187 0.00253614 0.01151610327506611 0.0125710134987363
132 186 187 0.0024423396 0.013375845736179793 0.0145640553827947
243 119 118 0.0024374033 0.053999999999999916 0.063391304347826
370 186 187 0.002418394 0.013900449817730608 0.0150969442324213
450 186 187 0.00235226 0.01546709642541709 0.0167560211275352
13 141 135 0.0022382746 0.0491937243316226 0.0514298027103327
587 155 157 0.0021134424 0.041579517460313895 0.0538993744855921
186 186 187 0.0020632554 0.024904454616220137 0.0269118665752102
562 155 149 0.0020209988 0.04744081764818742 0.0593010220602343
265 186 187 0.0019998425 0.02770828837922766 0.0298664716449464
232 25 30 0.0019663937 0.3576000000000001 0.371904
364 141 142 0.0019293224 0.07200000000000004 0.072
88 186 187 0.0019018531 0.03272624866782963 0.0351868688684183
305 186 187 0.0018680067 0.03467867518483442 0.0371928791357349
303 186 187 0.001859529 0.03518699079987082 0.0376439377883905
81 186 187 0.0018259917 0.03727741580901079 0.0397811228409593
236 186 187 0.0018223247 0.03751392117553638 0.0399341741546032
234 155 155 0.0017838237 0.06920000000000003 0.0835172413793104
583 186 187 0.0016795843 0.04809151691969791 0.0510674771251248
578 186 187 0.0016332862 0.05219999999999999 0.0552933333333333
247 186 187 0.0016040187 0.05579999999999998 0.0589610837438423
600 119 127 0.0015789365 0.13659999999999997 0.153675
136 186 187 0.0014162559 0.07539999999999993 0.0794756756756756
425 119 121 0.0013959602 0.16260000000000005 0.175608
456 186 187 0.0013736653 0.08260000000000005 0.0868514705882353
9 173 170 0.0012949377 0.09899999999999992 0.1088
594 173 174 0.0012661735 0.10200000000000004 0.1088
19 56 52 0.0011820978 0.3422 0.3635875
448 186 187 0.0011799708 0.10819999999999994 0.113490953545232
444 97 88 0.0011777555 0.24439999999999998 0.255509090909091
381 155 149 0.0011096229 0.1636 0.190866666666667
480 186 187 0.0010638072 0.13399999999999992 0.140209756097561
516 186 187 0.0010362543 0.13840000000000005 0.144461313868613
291 186 184 0.0009572626 0.15620000000000006 0.162645145631068
118 155 153 0.0009316229 0.20140000000000002 0.227387096774194
4 186 187 0.0008329543 0.18760000000000004 0.19486779661017
507 155 162 0.0008071433 0.23299999999999998 0.249666666666667
455 186 187 0.0007964616 0.19679999999999992 0.203930434782609
195 155 158 0.0007959682 0.23539999999999991 0.249666666666667
10 186 187 0.000745873 0.21120000000000005 0.218324819277109
553 186 187 0.0007040436 0.22399999999999992 0.231
175 186 182 0.0006825947 0.22879999999999995 0.23538417266187
373 186 187 0.0006771153 0.23 0.236052631578947
510 173 173 0.0006354142 0.238 0.238
531 155 160 0.0005957694 0.2876000000000001 0.296058823529412
37 186 187 0.0004979449 0.2878 0.293967142857143
244 186 187 0.000497733 0.2878 0.293967142857143
98 186 184 0.0004102487 0.3178 0.323838954869359
511 186 187 0.0002147952 0.3954 0.401958767772512
543 186 187 0.0001550004 0.4172 0.423117730496454
306 186 187 0.0001151274 0.43339999999999995 0.438510849056604
525 186 187 1.76936e-05 0.4692 0.473616
254 186 187 -0.000192217 0.5528000000000001 0.556692957746479
371 186 187 -0.0003161647 0.6048 0.607632786885246
35 97 105 -0.0004523832 0.5776 0.5776
570 119 125 -0.0005823917 0.6468 0.671676923076923
44 186 183 -0.0006697012 0.7475999999999999 0.749346728971963
189 186 187 -0.0008006651 0.8 0.8
473 119 118 -0.0011703112 0.7976 0.7976
498 39 43 -0.001222006 0.5922 0.5922
287 155 153 -0.0014575662 0.9231999999999999 0.9232
323 56 65 -0.0022429259 0.7682 0.7682
366 25 29 -0.003999504 0.7103999999999999 0.7104
