1.4167268128e-02
3.8752324388e-03
-1.8434281247e-02
-1.7463516661e-02
4.5132885385e-03
-1.5629906302e-02
-2.1816238091e-02
-4.7641112715e-03
1.8539131875e-02
-9.2228868381e-03
1.2588555707e-02
9.1524933944e-03
3.8954777346e-03
5.3738918340e-03
9.6492770616e-03
6.1912665595e-03
-1.2490917641e-02
3.0018903051e-02
3.3270103012e-02
5.1958195597e-03
9.8908646434e-03
-1.5977988027e-02
-9.3847836455e-03
-1.4330176801e-02
-6.5866117266e-04
-2.1576428832e-02
6.1838544624e-03
1.0068838750e-02
4.3177363506e-02
-2.3455249492e-02
8.8623277762e-03
-2.2115988607e-02
2.5312051260e-03
-1.0681173567e-02
2.4273760044e-02
4.3423646234e-07
-2.3046469960e-02
-5.6590557855e-03
4.2866559360e-02
-1.1017778670e-02
-1.0742300743e-02
-2.9644339928e-02
7.7896432026e-03
3.6390916623e-02
-2.0798499205e-02
7.8884475085e-04
-2.0360473150e-02
-2.6787320300e-03
-2.1463358402e-02
8.7189721645e-03
2.8647989017e-02
-1.6048148469e-02
1.3769501452e-02
1.0126190256e-02
-2.7917154361e-02
4.6888746505e-03
-1.2125456875e-02
2.8248423940e-02
-6.0993381680e-03
-2.7558289933e-02
-2.4872263141e-02
-1.0303464991e-02
-8.0462221159e-03
2.7975045494e-02
3.8315285607e-02
8.7375014706e-03
5.6429891431e-03
5.3504724645e-03
-1.1685544212e-02
-1.7347290929e-02
2.1195434854e-02
5.0234349483e-03
-1.3229796030e-02
2.7649462027e-02
-6.2688682736e-03
4.8573784195e-02
1.5432105101e-02
-1.8552740329e-03
-1.1917201847e-02
4.1447615516e-02
-1.9619281730e-02
5.0700973033e-03
-2.3869438427e-02
2.0332341477e-03
2.3171749207e-02
-1.3461685260e-02
-1.9961013423e-02
1.6341213845e-02
-1.1481432603e-02
-1.8768560692e-02
-2.3003672456e-02
-2.0882768809e-02
4.4680882628e-02
-1.1062060379e-02
-2.0078420228e-02
1.7292436037e-02
-2.5070613407e-02
2.3510423769e-02
-2.5577330373e-02
-5.5543508237e-03
1.7569946790e-02
6.4764130555e-02
-1.7509357462e-02
-1.7086152949e-02
1.5498030693e-02
1.8033794030e-02
-6.9002227285e-04
-9.0934975767e-03
-8.9705378699e-03
-2.1683582256e-02
7.2425733327e-03
-2.7691108691e-03
-1.3949212668e-02
-2.1548092499e-02
-2.6410112324e-04
6.0554965424e-02
2.5035567267e-02
-2.4749218229e-02
-3.8366649051e-03
5.9910570507e-03
-1.8220578366e-02
-5.4349464953e-03
-1.9514096393e-02
4.0421377741e-02
7.2312286034e-02
1.6422026508e-02
9.3390839632e-03
3.0237149659e-02
-3.0407114109e-02
-2.8237359530e-02
2.6269803201e-02
-1.4104711565e-03
-2.0108500821e-02
9.2157758812e-03
2.7266439136e-02
-1.7229807134e-02
-2.4228763848e-03
-2.2327864542e-02
4.0727570102e-02
-1.5368277688e-02
-5.5666992807e-03
4.6003774585e-03
4.4315245962e-03
7.9821416337e-03
3.6037062550e-03
-4.8858059979e-03
-5.3338109647e-03
-6.1653125705e-03
1.2017115763e-02
-1.6598565378e-02
7.0719858091e-03
7.5372419938e-04
-2.0085339863e-02
-1.1976879969e-02
2.6796054196e-03
1.7709500266e-02
-2.5999291816e-02
-2.6786610222e-02
-1.7546080601e-03
1.0987338192e-02
-1.7533144450e-02
1.7953584533e-02
-2.4150045705e-02
-8.6837186750e-03
-2.6636682975e-02
-7.2421152038e-03
-1.1576844756e-02
1.8238986036e-02
4.2209370857e-03
1.5401137268e-02
1.7616496382e-02
-1.3556999517e-02
1.0193296156e-02
3.9849298452e-02
1.9529622002e-02
1.1901126148e-04
3.4703456812e-03
2.3478273789e-02
-7.4020528278e-03
-2.7930358506e-02
3.4634971013e-02
1.4062470432e-02
-1.2471557492e-02
-2.0627835593e-02
-2.5643993227e-02
-4.3762845182e-04
-2.5709819599e-02
1.0782351392e-01
2.6614801685e-03
-2.8508183175e-02
-2.5128274890e-02
-1.8344361719e-02
-3.4077688557e-03
2.8185653669e-02
1.3012135563e-03
-2.0769085917e-02
-6.4535861736e-03
1.8599003440e-02
9.0779917084e-03
-1.5535946493e-02
-2.0472125233e-02
-2.0270465092e-02
4.4704055246e-03
-1.8058708846e-02
-1.0965430986e-03
2.1093493259e-03
-2.1964579504e-02
1.1918664078e-02
3.0084745922e-03
-1.0818945715e-03
-2.4299867150e-02
5.7850762939e-02
-2.2759916409e-02
-1.1074529474e-02
-1.5339840955e-02
5.5010323037e-03
-1.8970633968e-02
-2.2088201286e-02
-1.9012018088e-02
-2.8093572682e-02
4.6293328147e-03
2.6847514166e-02
-5.0653174866e-03
1.9553881299e-02
1.8100934075e-02
2.5515631463e-02
-2.1546746276e-02
-1.4505496857e-02
2.9991150451e-03
6.5112328043e-02
-2.2612994411e-02
-1.5800047612e-02
9.4265027510e-03
-2.1826733314e-02
-2.6671928301e-03
-3.0937783409e-03
-2.3104238100e-02
-2.5602775300e-02
-7.1207217156e-03
-1.1790787437e-02
1.1466569122e-03
1.1542487441e-02
2.9028545801e-03
1.0859366263e-02
-1.7217083830e-02
1.5481297632e-02
3.5298683933e-02
2.4146528151e-02
-2.1033370843e-02
1.6634642783e-03
-9.0117391170e-03
-1.8507155724e-02
-1.7151166207e-03
2.3414494351e-03
-6.1288705354e-03
-2.0012181014e-02
2.9784722057e-02
6.2269376957e-03
-1.5288757189e-02
-1.6362490098e-02
-2.6149314018e-02
4.1083330248e-04
-1.7832389688e-02
1.0595291686e-02
7.6471923915e-04
-1.9512301866e-02
2.1638848196e-02
-2.4194241606e-02
-2.8556612278e-02
5.0963805779e-03
7.1225439679e-03
-1.5189999199e-02
2.3629977784e-03
1.0364696763e-02
-1.4285507324e-02
2.3906708469e-02
-6.8812869327e-03
1.0052990531e-02
-1.3299019025e-02
-8.2771682060e-03
-2.0765114353e-02
1.0682464687e-02
-2.0368709463e-02
-1.7029483089e-02
-1.9928423653e-02
-5.7669269047e-03
3.7361581073e-02
3.1094121277e-03
3.1288138101e-03
-1.6129690826e-02
-1.7627512302e-02
1.7838803798e-02
-2.9232838997e-02
-1.8958823758e-02
4.2453295145e-02
1.3838909337e-02
1.5073487305e-02
-1.4185865475e-02
1.3222166053e-02
-2.5601641817e-02
-1.2374578824e-02
1.8772885610e-02
2.1001058411e-02
-1.7109037273e-02
4.6290282764e-03
-2.3512122445e-02
2.9427036683e-02
9.9705421822e-03
4.4912332400e-03
-2.3116638966e-02
-1.2884250806e-02
2.7107922554e-02
-1.8081198642e-02
-2.4472944579e-02
-2.7088137755e-02
-2.8074896035e-02
1.8057505316e-02
7.6524045183e-02
4.4048796826e-02
-8.4922587095e-03
-1.9708638649e-02
-2.7046643518e-02
1.7903711002e-02
-2.3685315710e-02
9.8718762930e-04
-2.3457520593e-02
-1.8031413523e-02
-5.8320435301e-03
-1.9133240182e-02
7.8187288275e-02
-1.7745446670e-02
-2.9036089894e-02
1.1039573106e-02
4.6568656819e-02
-1.1939417812e-02
-1.7106185460e-02
-1.9583739898e-02
-2.4133619194e-02
-1.3625287176e-02
-1.6817106095e-02
-1.9851441798e-02
-1.2069076491e-02
1.3435481843e-02
-5.9029884449e-03
7.0180314555e-03
-1.9954587312e-02
-2.2946165690e-02
-1.7003732558e-02
3.4433160480e-03
-2.3289326025e-02
-1.6872816319e-02
2.9871008742e-03
-1.2272697715e-02
-2.0924968198e-03
-1.8039946265e-02
2.3660643859e-02
-1.9253872314e-02
-2.1812854832e-02
-1.4240366974e-02
-4.3647107634e-03
6.3429698494e-03
-2.9028934511e-02
2.3770939162e-02
-2.4176377244e-02
-2.7129064985e-03
-1.7935731610e-02
-1.9294837294e-02
-1.6878135293e-02
2.7644575968e-03
-9.1211298656e-04
-2.0024644609e-02
1.4180905322e-03
-1.2587438166e-02
3.7482083508e-02
2.8910613118e-02
1.7053355341e-02
6.1382884357e-03
6.9471848118e-03
6.2807235503e-03
-9.6760563756e-03
-1.9114312408e-02
3.4687542412e-03
-1.1186735588e-02
-4.6577788401e-03
3.2167775922e-02
2.8949400678e-02
-1.5672934192e-03
2.4743614080e-03
3.1221104496e-03
1.3295510271e-02
-4.9825790663e-03
-1.8896510900e-02
-1.8291890810e-02
2.0730526434e-03
-1.7297188295e-02
-5.3548640384e-03
-1.3200961031e-02
1.2107973760e-02
-8.6863647196e-03
-2.6243561505e-02
-2.0274046933e-02
-2.6115335954e-02
-1.3449754553e-02
-4.8899907681e-04
-1.0237958385e-02
9.6569827446e-02
-2.0030705436e-02
4.7358066871e-03
2.8427371848e-02
4.3612046792e-03
1.1057827729e-02
5.1096176143e-03
-2.1775646634e-02
2.9018891975e-02
6.7096424295e-03
-1.1918776399e-02
2.3621924076e-03
-5.0511537430e-03
-8.9471718772e-03
1.2436552048e-02
-2.2073332642e-02
-1.7735006485e-02
-7.6137775793e-03
-2.2745788485e-02
3.7990955835e-02
1.2162101643e-02
-2.5278881677e-02
-1.9762866226e-02
-1.2692953314e-02
-1.6214750075e-03
3.9749540345e-02
-2.0258066372e-02
-2.3319906469e-02
3.6349483540e-03
2.2113425879e-03
-7.1427011260e-03
-6.6989916175e-03
-1.5603517161e-02
-1.9668431651e-03
2.3819523315e-02
-8.6923607579e-03
7.2483792694e-03
4.7288111752e-02
-2.4257733099e-02
2.6853121043e-02
-2.2872896127e-02
-1.6901717908e-02
2.8055670551e-02
2.6329964065e-02
3.5351000027e-04
-1.1879699756e-02
-3.0200960415e-02
6.3498335827e-04
-2.3658171021e-02
2.7395626293e-02
-5.3946632500e-03
-1.8230455063e-02
-1.4642028263e-02
-2.2306295715e-02
-2.8920435310e-02
2.1051034979e-02
-1.4882263078e-03
4.4147559093e-03
-1.9014846287e-02
-2.7797817508e-02
-4.9498620048e-03
-1.5532471730e-02
2.1385019433e-03
-1.7383487430e-02
5.4444150177e-03
7.6029615590e-02
1.0509077703e-03
-3.1979396208e-03
-2.6111849256e-02
-7.3839992962e-03
1.0541700911e-02
-2.1334757154e-02
-5.1839636185e-03
3.9054960614e-02
1.6607744877e-02
1.6114798218e-04
-1.0342097303e-02
-2.8342733925e-02
1.9477781220e-02
1.8071619908e-02
-2.5892453805e-02
2.1986369198e-02
7.3662819542e-03
2.7277269173e-02
1.3736404532e-03
3.3588367373e-02
5.1249784714e-02
2.8334319100e-02
1.2690337461e-02
1.5833697233e-02
-1.3172962747e-02
5.8687826558e-02
-1.0207299568e-02
-1.4040552779e-02
-1.9649691394e-02
-2.1126426221e-02
7.2934944971e-02
2.1876962528e-02
-2.1881723988e-02
-6.2471361423e-03
-9.4450113295e-03
1.0275204732e-02
1.1384397496e-04
-1.4455516551e-02
5.9120157762e-03
-9.1200080617e-03
1.2929358727e-02
-4.4176826371e-03
-1.4604881156e-02
-1.1233568095e-02
-2.5414815655e-02
1.5771570493e-01
-1.2811100514e-02
-4.7973283146e-03
-1.2183382964e-03
-1.3501441373e-02
-3.8671268643e-03
-3.7935249436e-03
-1.5452238287e-02
3.4001241584e-02
-2.7095923966e-02
-1.4035252244e-02
6.8621601092e-03
-2.7025240080e-04
3.2799002536e-03
-2.7107131565e-02
-2.5230441886e-02
-3.2833393947e-03
1.9663317669e-03
1.0741236073e-02
-1.6898573197e-02
1.7250879709e-03
1.3660601514e-02
-9.5433508460e-03
1.3559289009e-02
7.1603745762e-04
-7.0342867017e-03
6.0777251128e-02
-2.1376909570e-02
1.0394920661e-02
-2.2105932095e-02
-1.7396253902e-02
-1.3667316368e-02
-2.6293108465e-02
-2.1492353397e-02
1.6124625861e-02
-1.0693226468e-02
1.4040492196e-02
-2.8360943058e-02
8.1128203674e-03
-2.2754444246e-02
-2.0512385825e-02
3.0026505181e-03
-4.4270444336e-03
-3.4401129009e-03
-1.0009261621e-02
-2.7356342139e-03
-1.2893184269e-02
-1.2037280244e-03
-1.1382541922e-02
3.1440899299e-03
3.2415752355e-03
1.5578763776e-02
-2.1294742490e-02
-4.6732893188e-03
3.2548289085e-04
2.6104008729e-02
6.0104603128e-03
-2.3617464868e-02
5.0166225056e-03
7.8987107755e-03
-6.0744600170e-03
-2.2729038601e-02
-7.2679204651e-03
-2.0744391037e-03
4.9593777922e-03
-5.5938517644e-03
9.2532197205e-03
-2.2460337545e-02
2.1716280113e-02
-8.0099286840e-03
-1.8469251086e-02
-1.7014037663e-02
7.9436420272e-03
-8.5323613184e-03
3.4852924493e-02
-1.8965615938e-02
-1.4921105344e-02
2.7714477487e-03
3.0456994500e-02
-2.8160791085e-02
-1.6323067696e-02
7.1387925774e-03
-1.2133780291e-02
-2.5189855420e-02
1.1596312493e-02
-2.4559112559e-02
8.2081407220e-03
3.7566877392e-03
-3.2836237543e-03
1.8277968585e-02
-2.5948377854e-03
1.7382433315e-02
-1.4685840501e-02
-1.3126737561e-02
-9.2867921726e-03
-2.6525219487e-02
-8.4569292769e-03
1.8429711653e-02
1.1026029688e-02
6.7154674953e-03
2.0248481274e-03
-1.2758347021e-02
-2.5339734935e-02
-9.7192652027e-03
-1.5603238100e-02
1.0402668228e-02
-2.7299651711e-02
-9.4251611285e-03
-2.6603848145e-02
-4.7463823355e-03
2.3581752600e-03
-1.8264055267e-02
6.3046465454e-03
-2.3050857897e-02
-1.1979894368e-02
-5.8320924283e-03
-9.9105854408e-04
-2.1383736558e-02
-2.4528886080e-02
1.2445736382e-02
8.7031312465e-03
5.8068863026e-02
1.4694543863e-03
2.0847223779e-02
-8.0633314568e-04
1.6029728419e-02
4.7941740450e-03
6.5598963868e-02
-1.2731844020e-02
-1.6079382671e-02
6.0785541100e-03
-2.3354354298e-03
-9.5435110765e-04
-2.8258973231e-02
7.8230077883e-02
-1.9259735489e-02
1.1954594106e-02
1.8586852472e-02
2.9876350548e-02
-1.6609861326e-04
-2.7469813897e-02
7.8311551681e-03
-2.7505218831e-02
-7.1850700801e-03
2.5678672311e-02
2.1773463391e-03
-2.2546517118e-02
3.9845124380e-02
-1.9048834338e-02
-2.5740677974e-02
-2.1408484396e-02
6.4118643136e-02
3.2552632610e-03
-3.0838522421e-02
-8.2743762334e-03
6.1761082709e-03
-2.1690152715e-02
3.6859101339e-02
3.0451409766e-02
-2.9540648345e-02
1.4752548964e-04
-2.9072747597e-02
-5.1413001687e-03
-5.5682613977e-03
-2.0976468655e-02
8.8599894436e-03
5.1142041263e-03
-2.0189309757e-02
-1.0967887666e-02
5.8815218645e-04
-2.1684430328e-02
-9.9155413701e-03
-1.2884222556e-02
-1.6388873517e-03
1.8728718977e-03
-2.3053981119e-02
-9.5999531187e-03
1.7785914560e-02
-1.2133117860e-02
-1.1665149359e-02
-1.9943701638e-02
-2.4583352190e-02
-1.9528627169e-02
1.4127989732e-02
-2.0719830371e-02
2.6585313433e-03
5.5541110478e-02
-2.6822271586e-02
-1.6755595464e-03
1.5973211310e-02
7.4938948457e-02
-2.6227520706e-02
-1.9510355669e-03
1.4846169970e-02
-1.3742366192e-02
8.1854403302e-03
1.2421484260e-02
-1.2275667270e-02
-2.5838256026e-02
2.4001243468e-03
1.5024598985e-02
-2.5562635438e-02
4.5135893504e-02
8.1250243175e-02
3.3922735846e-02
-1.7530896318e-02
-2.2092870149e-02
-7.2160619009e-03
-1.4047708160e-02
-1.7699854514e-02
-1.0336073606e-02
1.6212849944e-02
8.0868216551e-02
1.1297270120e-02
8.1052260842e-02
2.9016832062e-02
-1.5177077773e-02
-1.3028045443e-02
-1.6891419194e-02
-4.2759040642e-03
1.7198667941e-03
3.2968935198e-03
-9.2084239044e-03
-2.5612864248e-02
-1.4476155418e-02
1.9617135817e-03
3.4177622474e-02
-9.8537843454e-03
-1.4607936139e-02
3.6570649281e-02
-2.0956731662e-02
-2.5986808929e-02
-5.4168186075e-03
1.0519268818e-02
4.1922270403e-02
1.2108606069e-02
-1.2499235455e-02
3.9681817882e-03
4.5161991111e-03
-1.0950550769e-02
-2.3615735820e-02
-2.4686409407e-02
-2.3302997616e-02
-1.0355292777e-02
1.0013845548e-03
2.0036178856e-02
1.1227877728e-01
7.6229596846e-03
5.2859763734e-02
3.5435408680e-02
1.0003769357e-01
1.3242795997e-02
1.4473089287e-02
-6.3763202369e-03
-1.1571048288e-02
-4.5369066018e-03
-8.2121486464e-03
-2.2865903103e-02
-1.5718930150e-02
-3.0538230338e-02
4.8049114120e-03
6.6739616671e-02
-2.8534770694e-02
-6.4419298550e-03
4.7969798762e-02
-1.6107581583e-02
-1.6839490762e-02
-2.6705710255e-02
-1.9054414075e-02
4.9646893627e-03
-2.7909989720e-02
6.6744546821e-03
3.4250452098e-02
1.4597093931e-02
3.9397848726e-02
2.0300518137e-03
6.9016038084e-03
-7.0180767781e-03
3.2411354766e-02
-1.6273675926e-02
-9.0617710346e-03
-1.1928362948e-02
-2.0277298186e-02
3.3723986131e-02
-1.9996460703e-02
2.9121163195e-03
2.3677235312e-02
4.8623549218e-02
-2.4494276289e-02
7.2013820333e-03
-1.2193304729e-02
-1.3296280060e-02
6.4074569995e-02
-1.5025453647e-02
5.9490469645e-04
-1.7962201473e-03
1.8783193462e-03
-2.0912424444e-02
-2.1747097286e-02
1.9041494736e-02
5.7687192938e-02
1.8529907511e-02
-2.0182756518e-02
1.6868676544e-02
2.9382381917e-03
-2.7581274795e-02
3.5867995821e-03
-2.6457942268e-02
-2.7239535346e-03
-1.6552373226e-02
6.4871607086e-04
1.0065642323e-02
-1.3045546301e-02
-2.4852497573e-02
4.3023151759e-02
-2.0800741304e-02
5.7813821815e-04
-1.5180907184e-02
8.8962714690e-03
-1.1983150248e-02
-3.0113660470e-02
2.8383692426e-02
1.0294010809e-02
5.5511707836e-04
1.9475848915e-02
4.8409359853e-02
-1.7374842184e-02
-7.8081042041e-03
6.0518721104e-02
-1.4661946187e-02
-3.8436829732e-03
-2.8056327229e-02
-1.9427952059e-02
-2.7916597457e-02
3.8551969634e-02
2.0397395422e-02
-2.1942345683e-03
5.2675964324e-03
-2.0867198839e-02
1.9182281497e-02
8.6350515358e-02
7.1020391542e-02
-1.9924666258e-02
-5.3814003233e-03
2.5157703898e-03
1.4843673781e-01
-2.2986542793e-02
-1.5147684704e-03
-1.4813753024e-02
-1.7920002113e-02
-5.3681402226e-03
-1.9283475478e-02
-8.5855382683e-03
-6.0172755320e-03
-1.4910025673e-03
-1.6198414469e-03
1.5369859405e-02
-7.2191381836e-03
-1.2774825937e-02
2.5548658554e-02
-2.0577285882e-02
-1.9601909177e-02
2.6366677413e-02
1.0372334340e-02
-4.4354066889e-04
7.0811944478e-04
3.2466818455e-03
1.9143157666e-03
-2.0743612459e-03
-1.1231357112e-02
-2.5296315295e-02
1.0283776962e-02
4.4383628176e-02
-2.6647164059e-02
-2.6133357321e-02
-2.3557850695e-02
-6.0634227003e-04
3.9793652616e-02
-2.4688400194e-02
-1.6090291206e-02
-1.1438484168e-04
-4.8083384963e-03
1.2455345670e-02
-9.7659404902e-03
1.4943286314e-05
1.1631942321e-02
-9.2120799340e-03
-2.3642208983e-02
1.5883957013e-02
2.4887020341e-02
-7.9496862780e-04
-2.5762842435e-02
4.3042625158e-03
-2.2361440071e-02
8.5089711234e-03
-9.6083264914e-03
-1.3523396412e-02
-2.6418675915e-02
-1.8808732484e-02
1.7402448503e-02
1.6374577760e-02
-1.2198165807e-02
3.5148123857e-03
-2.6155497361e-02
1.1729973097e-01
6.3985616105e-03
4.0516601928e-03
6.7488791745e-03
4.7890962654e-02
5.5425007080e-02
-1.4666041985e-02
-1.0209808722e-02
-2.7603662824e-02
2.5002083924e-03
1.4128730789e-02
9.0522607322e-02
1.0738434109e-02
2.2445512304e-02
-2.8252090637e-02
9.5049295506e-02
3.3605452828e-04
2.4802962625e-03
-2.8573722017e-02
-1.8473620326e-02
-1.6208115767e-02
7.2774630813e-03
-1.8606804305e-03
-6.7595391495e-03
-4.8481705116e-03
4.0195282553e-03
3.7054377124e-02
-2.2553312606e-02
1.1130907266e-02
8.6916898150e-03
-2.7609707020e-02
-2.7209587475e-02
-2.5192326698e-02
1.1243343192e-02
-1.0047704300e-02
-1.5350574658e-02
1.3186395394e-02
-1.4304935576e-03
1.1919832327e-02
2.3871588033e-02
1.1116554116e-03
1.9339724266e-02
-9.4630405215e-03
1.5884191551e-02
-1.7404371455e-03
5.3361980551e-02
-3.1269395143e-02
2.5422602245e-02
-2.6201643938e-02
-2.0820294444e-02
-2.4902382247e-02
3.0755428224e-03
-5.5851490974e-03
-1.6958794979e-02
1.5195690785e-02
2.7865907237e-02
-1.3353728756e-02
4.7191217146e-02
3.0618350119e-02
-2.8633015467e-02
3.2629510130e-02
1.7568581816e-02
7.1776671235e-03
-2.4154741391e-02
-1.0938271510e-02
-2.0112415353e-02
-9.4730265902e-03
-1.7322283054e-02
-1.1307609607e-02
2.1707907440e-03
-1.0683334556e-02
-1.8552363658e-02
-1.1453589335e-02
4.6802192158e-02
-1.7204773511e-02
-4.1647181348e-03
-8.7768190503e-03
-1.0497047663e-02
-8.3082128018e-03
-1.2522974095e-02
-2.6554527604e-03
1.5803151337e-02
1.5681557817e-03
-1.2207605365e-02
1.0976800794e-02
-5.0501938354e-03
2.6110944155e-03
1.5167107636e-02
-1.7301485268e-02
-2.2793342526e-02
3.6289394089e-03
-1.9923956439e-02
2.6092527140e-02
-1.1958200549e-02
-1.6221508713e-02
-1.3568138314e-02
1.2139652486e-02
-5.8462771720e-03
-1.4937179401e-02
-4.5289494745e-03
2.2182580734e-02
5.4957197565e-02
-1.4685572402e-02
2.8390013314e-02
-1.8966924663e-02
1.8261242864e-02
1.6804851077e-02
3.5189704237e-03
-8.4199563956e-03
1.7078297610e-02
1.3279212186e-02
-2.8356252398e-02
-1.1182043296e-02
2.1067083419e-02
-6.1359351011e-03
-6.8642467345e-03
4.3200989127e-02
4.1134148148e-03
-1.0761942602e-03
8.2055871090e-03
6.6290744310e-03
-1.4635854679e-02
-5.7800334646e-03
1.5529129725e-02
-2.8962931694e-02
8.4757746186e-03
1.0830109222e-02
-2.6826390637e-02
5.5531751809e-03
3.4767354637e-03
2.6844348933e-02
3.9879280983e-02
4.8176382301e-03
-1.5900630745e-02
2.0604261198e-02
8.5899707847e-03
-7.6049586786e-03
4.5477467175e-02
-2.8856247833e-02
-1.8287717040e-02
-1.5936989610e-02
-1.9406697643e-02
9.2346704930e-03
1.9705279715e-02
-6.3754226454e-03
1.5717157673e-02
-1.2384201035e-02
-2.0269466897e-03
1.1066814441e-03
3.2477921277e-02
3.5087081827e-02
-2.1453069826e-02
1.3992706498e-02
3.9455944974e-03
1.9615919599e-02
1.0554885249e-02
-2.7868621845e-02
-1.7822455726e-03
2.0734049499e-03
-1.0019801699e-02
3.7946069516e-02
8.4828107852e-03
-8.6928382719e-03
3.4291345962e-02
-2.3170166784e-02
-8.8952384736e-03
6.2998196892e-02
4.6547379380e-03
3.4122325449e-02
-2.8888691651e-02
3.3074076983e-02
1.8437096015e-03
2.3747130312e-02
-2.0395540302e-02
1.7515521963e-02
-2.7480702474e-02
-1.7307176483e-02
2.5531508206e-02
-1.4819594420e-02
1.1004219941e-02
-1.9040166661e-02
-8.6530410780e-03
5.6174650950e-02
4.8812473512e-02
3.7378891124e-03
-2.3566316645e-02
-1.3595146367e-03
-2.6682914450e-03
5.4662202216e-03
-2.5393935362e-02
-8.3661313778e-03
1.6400960592e-02
-1.5276988799e-02
-1.3194319266e-02
1.6966710443e-02
-4.1195119715e-03
2.1789283251e-02
2.8364853248e-02
-2.2902715060e-03
7.9110623887e-02
-2.2704048713e-02
-2.3330105992e-02
8.2112625362e-03
1.0680447500e-02
-6.7961806086e-03
2.9598171804e-02
5.2702357130e-04
8.8498789524e-02
3.5519299252e-02
-2.5901536443e-02
2.0960796104e-02
5.0291205201e-02
-5.8944460765e-03
1.3717355217e-03
-2.3508336732e-02
5.1632944107e-03
3.6092107292e-02
8.3668506333e-03
-4.5442606747e-04
-1.0952061121e-02
-2.1590883931e-02
5.4130098433e-04
-2.7473238024e-02
3.7513588717e-03
-1.8685287455e-02
1.5219972910e-02
-2.0838345217e-02
-1.5939624074e-02
-1.1263947087e-02
6.5956557657e-02
-1.1615186269e-02
-4.8047955479e-03
3.8966111911e-03
-2.2899184455e-02
-2.2317621923e-02
-2.2108219863e-02
4.6578018303e-02
-2.4257999345e-02
2.1857814964e-02
-2.4562902238e-02
-1.6287966005e-02
2.6305325636e-02
-2.4018134360e-02
-2.4564745389e-02
-5.5459686780e-03
-2.5064186392e-03
3.1135509793e-02
-1.7744801520e-02
-7.8156255397e-03
8.7535754454e-03
4.4197208532e-02
-2.9093244382e-02
-9.2072254772e-03
-2.4548279737e-02
-2.0431171560e-02
1.8051964097e-02
5.5421036006e-02
-2.3351110865e-02
2.3911902701e-02
4.1805306162e-03
2.4736914183e-02
-1.9829551415e-02
7.4607065091e-03
2.1186293823e-02
-2.4844448031e-02
-2.6624919571e-02
-2.5821654529e-02
-2.6679633803e-02
1.4805139532e-02
3.3126870537e-02
2.6049851569e-02
3.1882765697e-02
2.0686131488e-02
4.2031366168e-02
2.3278423093e-02
-1.1173138569e-02
-1.5564838336e-02
8.7207889679e-02
-2.3836618090e-02
-5.0285295802e-03
-4.6495468212e-04
4.3669521596e-02
-9.5430489068e-03
6.1221969259e-03
-1.5224130868e-02
-1.3751925497e-02
-2.9541310907e-02
-5.5743548207e-03
-1.6224991777e-02
8.9269440114e-03
-9.7634399988e-03
-9.9539306398e-03
-2.9589855263e-02
-1.4976651057e-02
-2.5092182171e-02
2.0286702946e-02
8.3831066420e-03
2.2694537318e-02
-2.0170496266e-02
9.6093855874e-04
-7.6038017952e-03
-1.8461628525e-02
-1.6012978263e-02
-2.6585819103e-02
-1.7886229680e-02
7.4375010589e-03
3.4443459442e-02
3.5724666753e-02
5.5152016898e-03
3.1343554981e-03
-2.4777152710e-03
-1.7943662752e-02
2.0260296632e-02
4.4997158065e-02
-1.4778345543e-02
-1.6552457138e-02
-3.0985130958e-02
-1.8021127141e-02
2.2481829602e-02
3.9601011046e-02
1.4097373897e-02
1.5604980527e-02
2.2274256405e-02
-6.5929199413e-03
5.3501314700e-03
-1.1328903921e-02
-1.2891886088e-02
-1.1800916601e-03
-8.1978208617e-03
-5.0237688803e-03
-1.4839496852e-02
4.6417476475e-03
-1.3663508963e-02
-1.2004954522e-02
2.3480948421e-02
4.9196537639e-03
8.7042065780e-03
-1.1912522008e-02
-2.3073748599e-02
4.9950617389e-02
-1.3130993854e-02
2.4288261998e-02
-9.5040410943e-03
5.1148892503e-02
-5.5333304731e-03
1.3445442446e-02
1.1058808365e-02
2.5753454532e-02
4.0105630268e-02
-1.2621625064e-02
3.3062071711e-03
7.3124538863e-02
-3.5917512240e-03
-1.4778533231e-03
-1.2118320162e-03
2.2298760385e-02
-1.2916684688e-02
1.0434920541e-02
-2.9036886101e-02
-2.9332154537e-02
-2.2123252743e-02
1.7349710091e-02
1.9486216367e-02
-1.4421872637e-02
1.3134659488e-02
1.1735213483e-02
4.4339373031e-03
-1.4587868142e-02
2.5686976371e-02
-2.1561568925e-02
-1.1915524365e-02
5.9440979304e-03
-6.4056169067e-03
-2.5942294308e-02
-2.0620343054e-02
2.7614216733e-03
-8.3287535791e-03
1.2560318982e-02
1.4306819863e-02
-6.8201702132e-03
9.7139612953e-03
-1.3161948241e-02
6.6610850188e-02
-1.3657305602e-02
1.5226632014e-02
-1.1037422821e-02
1.0266103852e-02
-1.2421617156e-02
9.8574796273e-03
-8.9448896904e-03
-2.6022387260e-02
-6.3993027298e-03
-1.2362493604e-02
-1.5300720729e-02
1.7470453111e-04
-2.0426549974e-03
-1.1400430586e-02
2.3531487347e-02
1.4823895756e-02
-1.0396905393e-02
9.5176948366e-03
-2.0705772657e-02
7.9114686156e-02
8.8574167383e-03
-2.3940734599e-03
4.0971201826e-03
1.3454514370e-02
-7.0354035580e-03
-2.1434981904e-02
-3.3846207407e-04
5.3534021248e-02
2.0377564582e-02
1.2264101511e-02
-5.8802281403e-04
-2.2264675267e-02
2.1414664941e-02
1.1908255575e-02
-1.8469554460e-02
1.0455537721e-03
1.3034525408e-02
6.3044693079e-04
5.1919130885e-04
-1.7160008171e-02
-1.2483407922e-02
-4.6212300105e-03
-1.5180446410e-02
2.3604365255e-05
-1.3089512814e-02
1.7240753671e-02
-5.7849947430e-03
-2.3854269626e-02
-2.2965121728e-02
1.7710000482e-02
-9.4695232609e-03
-7.5006805863e-03
-8.0784957993e-03
3.2576228711e-02
-2.3129601466e-02
-2.8867506425e-02
-8.9924103686e-03
1.4963936921e-02
-2.7344774223e-02
-1.9673028862e-02
8.8852582023e-03
8.7052943799e-03
-1.4965253479e-02
-2.3759640640e-02
1.2309768848e-02
-3.8218837505e-03
-1.5215312000e-02
-8.5540104165e-03
-3.7694956697e-03
-2.5321797033e-02
1.2489906975e-02
7.1007827678e-03
-1.0468935831e-02
-1.6997425079e-02
-8.7683571926e-03
-1.6423958550e-02
-2.6331632666e-02
5.7991811629e-03
-2.0321941371e-02
1.1685323275e-02
-2.0183213087e-02
-1.3855181854e-02
8.0642784601e-02
-1.9734427479e-02
2.5227994061e-02
2.9878697573e-02
1.3569464687e-03
-3.1406408301e-03
-2.6914953402e-02
4.0750706425e-02
-2.5367821943e-02
-1.3540179900e-02
2.0791315702e-02
1.4177223876e-03
1.1097466274e-03
2.4019992470e-02
-3.8868427758e-03
5.7365275535e-02
5.2099158208e-02
-3.3529841385e-03
-7.2471426363e-03
1.6415975453e-02
1.9470824439e-03
1.2914192439e-02
-2.7023713340e-03
-9.3201116900e-03
-9.7335218349e-03
-1.3791490289e-02
-2.2257810557e-02
-2.5255630559e-02
7.3866758990e-02
2.5140618357e-02
-7.5454553027e-03
-1.1544329999e-02
-1.9432643177e-02
-1.7011342153e-02
-7.6412260292e-03
1.5636863718e-02
2.0842075853e-02
2.8526683170e-02
4.2367304797e-02
2.6903565995e-02
1.8702497075e-02
-1.7979364065e-02
6.1069903888e-02
-9.6708726420e-03
1.4097419005e-02
1.9562460429e-02
1.2103744628e-02
3.2226912667e-02
-1.3077933661e-03
6.0463193525e-02
2.2078067985e-02
-2.2259458133e-04
2.3124302378e-02
-1.4039069187e-03
-1.5566743338e-02
-1.0421438060e-02
2.1868067120e-02
1.2448241547e-02
-2.0199159027e-02
2.2562692998e-02
3.2743913884e-02
-1.7877627335e-03
-3.0611765282e-02
5.1047515110e-03
-2.0459263920e-02
-1.5154137489e-03
4.5412637655e-02
-1.1813612244e-02
1.9442986125e-02
1.0474130271e-02
2.0024577738e-02
-7.3492809117e-03
-1.5389152739e-02
1.9217701385e-03
5.5258969312e-03
-2.4212360710e-02
-9.6085455030e-03
1.9646198662e-02
-2.1688580086e-02
6.5109567330e-03
4.4732950279e-02
-2.6727974913e-02
1.8805362743e-02
-2.8346184576e-02
-1.7748042759e-02
4.7417794782e-04
-1.4219623347e-02
-2.9232451576e-03
3.7411705701e-05
2.6024948662e-02
1.8639289185e-02
-2.2450401109e-02
-2.6865207513e-02
-3.8414119031e-03
1.7032303896e-02
4.0728616359e-02
-5.1030942120e-03
1.9356721562e-02
2.5951607643e-02
-2.1234401215e-02
-2.2150644963e-02
3.6031963188e-03
-2.5741994263e-02
-8.0380238210e-03
-1.7426308975e-02
1.9821951573e-02
2.5205654069e-03
-2.3529480633e-02
8.2515240574e-03
-1.3787981799e-02
-2.3651858224e-02
-1.7500231045e-02
7.5535245441e-03
-2.2004465476e-02
9.5310507866e-03
6.4434379917e-02
-2.1046708214e-02
-1.8755810055e-02
1.7847771749e-03
1.5339491508e-02
-2.7764529806e-02
-4.6778298186e-03
2.5701010373e-02
-9.4276949340e-04
2.2392028456e-03
4.7333271860e-02
-2.6474589109e-02
-1.0409601263e-02
3.9719167534e-03
-6.1912126759e-03
-7.4974085808e-03
-5.4137525888e-03
-2.6777708665e-02
3.7359663148e-02
7.9769492319e-04
-1.3069381469e-02
-2.8974004981e-02
2.2832292281e-03
-1.9093607743e-03
4.6618513171e-02
-2.2833431401e-02
2.7504810570e-02
2.0365021033e-03
-8.8982243124e-03
7.9579660230e-03
-1.3578866808e-02
1.5461798772e-02
3.6914324727e-03
1.1406628377e-02
-1.6252145378e-02
7.9613833722e-03
-1.2113859728e-02
-1.9125484340e-03
-1.1759810004e-02
-2.6711676146e-02
-1.1329621691e-02
8.6267135340e-03
-1.7576023454e-02
4.3976217542e-03
1.6735531701e-03
-3.0493539716e-03
8.9561080278e-03
-1.6213066575e-02
-2.8492760945e-02
3.5674124553e-03
-1.6667688735e-03
-2.0275122953e-02
1.8871369514e-02
-2.0265326963e-02
2.5869241324e-03
1.5206832666e-03
-1.5774760485e-02
-6.6719341382e-03
6.7162481355e-02
1.0021587184e-02
-8.8316623510e-03
-2.7286409964e-02
3.9837162921e-02
-2.2200562234e-02
5.6756637359e-03
-1.5456276721e-02
-1.2653379105e-03
-8.6640463520e-03
-2.1384054605e-02
-1.2747552690e-03
-2.6549612993e-02
-1.1115622584e-02
-1.7112844639e-02
-6.4555912305e-03
-2.6194163084e-02
-2.1827526722e-02
3.5197522712e-02
-4.5257039306e-03
1.7001322671e-02
1.3460705529e-02
2.5708701130e-02
-1.9165867911e-03
3.0701210688e-02
-1.1643587173e-02
-1.3715059754e-02
-1.0493492539e-02
3.0163742604e-02
-1.9588429946e-02
-2.7090665970e-02
-1.6508680122e-02
-2.4523194763e-02
2.9337486403e-02
3.9580415400e-02
-1.3946977408e-02
-2.3578662562e-02
2.3154911340e-02
-1.4914650318e-02
3.8092866173e-02
-3.5100550050e-03
-6.9577248630e-03
-1.8725241438e-02
-1.5598244588e-02
3.7022359232e-02
1.0758278390e-02
1.0490393076e-02
1.1765399568e-01
-2.6302920270e-02
-2.0011282461e-02
-1.4792637133e-02
7.1800356150e-03
4.0041170140e-02
1.7000365872e-02
1.1372017126e-02
-8.0027944822e-05
1.4104256630e-02
-2.8482030526e-02
1.5779603453e-02
3.3598486432e-02
-8.8555925963e-03
6.0014968015e-02
6.0795944541e-03
-1.1556659292e-02
6.5929972168e-03
2.5477638651e-03
-2.0122256058e-02
1.2118089929e-02
-1.0888566036e-02
-2.1919186346e-02
-2.0998390069e-02
-2.4121348791e-02
-1.6474005536e-02
-1.3752261534e-02
4.7015529881e-03
6.6608478368e-02
7.7860550095e-03
2.3216283025e-02
5.9844395950e-03
1.1805822816e-02
1.0244107349e-02
1.9453285769e-02
-2.3114190089e-03
-2.6529602110e-02
-2.5453793675e-02
9.7863372499e-03
4.4040371487e-02
-1.9123138301e-02
1.0141876803e-02
5.1609474860e-03
-2.5407321372e-02
4.7780737033e-03
-2.5485999907e-02
-1.9470884411e-02
-2.7436625772e-02
1.5836930818e-02
-2.0532729981e-02
2.3192786385e-02
4.9763303329e-03
6.3615940349e-03
-9.5002236714e-03
-4.2335041918e-03
-2.1515510577e-02
-2.4181899586e-02
-2.8062307809e-02
1.5164258131e-03
-1.8090213803e-02
6.3789700024e-02
-1.3343393540e-02
-1.1665717463e-03
-1.6979705715e-02
-1.8079534824e-02
-2.6137096743e-02
3.0153186030e-02
1.6384950077e-02
2.3538780095e-02
-2.4165236469e-02
-1.8431011698e-02
-1.5832056837e-02
3.6259843263e-02
-1.3939730902e-02
2.0534583341e-02
-1.6336527896e-02
-2.0174237501e-02
2.5878435396e-02
-1.9470372514e-02
-1.6265334315e-02
1.9090159394e-02
-6.1544056649e-03
-2.4819194368e-04
4.7854806027e-02
3.9833111097e-02
-1.5755239150e-02
1.4315090335e-02
-1.5153658372e-02
7.7557123595e-03
1.5597624894e-02
-2.8154987749e-02
1.9947587965e-02
-1.5510018512e-02
-1.8056250188e-02
2.9560392433e-02
3.9951045446e-03
-1.9556548248e-02
3.4326974120e-02
-1.3661081779e-02
-6.0451591623e-03
-5.3586974528e-03
4.2202471477e-02
4.2250387869e-02
-2.8762866842e-02
3.6300636645e-03
2.2844657899e-02
2.7512872937e-03
-3.8425084729e-03
2.5208245156e-02
-6.6521791071e-03
-1.2111802624e-02
-2.4416491177e-02
-1.9042233540e-02
9.0688084533e-03
5.1010776247e-02
-1.6649939695e-02
-7.1926533129e-03
-2.5456848807e-02
-9.6821823604e-03
6.1553445770e-03
5.4074455434e-03
2.7428882268e-02
-1.9647465183e-02
1.2302103016e-02
-2.6523013446e-02
1.3787021863e-02
-4.2085001079e-03
-2.5703408590e-03
-1.6396475030e-02
-2.4766774631e-02
1.4032273258e-03
-1.2704065890e-02
-1.4843968101e-02
-1.2142838845e-02
-1.2510855110e-02
-1.8086481003e-02
-1.6306915207e-03
-1.3923764726e-02
-1.4964398120e-03
-1.4336760417e-02
2.1886671534e-03
1.2744756735e-02
2.1557747841e-02
3.4816146425e-03
-1.8335045104e-02
1.5169092727e-02
5.6818340517e-03
9.8807028418e-03
-3.4931133349e-03
1.3315663035e-02
8.0393796858e-03
2.2608535498e-02
-2.5489623736e-04
-9.4597017174e-03
5.9347823755e-03
-8.0506172068e-03
-2.0061676304e-04
-1.1570265873e-02
-1.2986838111e-02
-1.8034089321e-02
9.9315984051e-04
-2.7279819431e-02
-7.0261268044e-04
-2.0642566256e-02
7.1919985521e-03
5.4536716788e-02
1.2614626586e-02
1.5522320959e-02
-1.2494456484e-02
-9.5724012017e-03
3.4727010802e-04
-1.1826683507e-02
-1.9193142610e-02
-6.7863740858e-03
2.4789609933e-02
8.5098862527e-03
-2.4097061223e-02
-2.7474069130e-02
-1.8175984664e-03
2.8323606840e-02
-6.4541067125e-03
-1.5096828613e-02
1.5273931286e-02
-2.2869867234e-02
-2.6743428407e-02
-2.6376519259e-02
-1.0487990277e-02
-8.1497847979e-03
-2.6743561369e-02
2.9790812549e-02
2.8531407769e-02
1.3584948338e-02
-9.6911980873e-03
-1.9755619254e-02
2.3641549134e-02
-1.3304223541e-02
1.1655790839e-02
-1.0985354458e-02
1.0421519981e-02
1.1170667361e-02
-3.4216562339e-03
1.5521148154e-02
-2.8090247902e-02
-2.3838393292e-02
-1.6375470615e-03
-1.6224568792e-02
4.3174767655e-02
3.9023843290e-02
-1.6143159080e-02
-1.3336248844e-02
1.0076053590e-02
2.5420955799e-02
-2.8309936290e-03
-2.6649127747e-02
-8.8832014019e-03
2.2058265744e-02
-6.1106860779e-03
-1.1110870137e-02
-4.3646779043e-04
1.5707678148e-02
1.8614572500e-02
2.6686320087e-02
-2.2574583967e-02
6.3858173383e-03
4.2398404478e-03
7.7618690886e-02
-1.3378824920e-02
1.6791173563e-02
2.7397550682e-02
3.2950835744e-03
2.1621305022e-02
-2.6514527885e-02
-2.2126676549e-02
-1.8451847021e-02
1.4072129532e-02
4.1607860933e-02
3.3545129646e-03
5.4750235461e-02
1.7123040298e-02
-2.6569576807e-02
8.5390247636e-03
-2.7747925296e-02
-1.6328646956e-02
1.2413096000e-02
2.6063585282e-03
1.2939991454e-02
-1.3848304980e-02
1.8046303911e-02
5.0590095344e-03
1.9342990504e-02
-1.9764235073e-02
6.0642642953e-03
-2.5869727861e-02
1.3980794650e-02
2.6801932995e-02
-2.7072279849e-02
-2.6072988838e-02
-1.1819214565e-02
-4.7857315212e-03
-4.8329869296e-03
-5.2968382221e-03
-1.9075471151e-02
7.1009661020e-03
-2.6135582458e-02
1.7193925907e-02
-2.6497688568e-02
-1.9716946346e-03
-9.7404488025e-04
-2.9576636583e-02
-2.5682605239e-02
3.9166637868e-03
8.6978189582e-02
2.8300360232e-02
-9.2016959390e-03
1.4690462561e-02
-1.2782267856e-02
-1.9840431124e-02
-9.9358042900e-03
-2.8440444396e-02
2.5223412171e-03
6.9561281135e-03
3.7944945726e-04
5.1189222761e-02
-1.1475515119e-02
1.0093092792e-02
-1.9334844233e-02
1.8237250755e-02
-1.9241823984e-02
-2.6416172203e-02
4.8324530962e-02
-5.0877544044e-03
5.6865037982e-03
-4.6935444943e-03
1.0769611530e-02
-2.1195306844e-02
-1.3286105156e-02
2.3671253838e-02
6.0403534455e-03
-1.5904854567e-02
-3.3062168636e-03
-2.8618138477e-02
-1.7311928960e-02
1.6193011182e-02
-4.4109797662e-03
-2.0264210094e-02
7.3768311258e-02
-2.7937919826e-02
-1.7157290997e-02
-4.4860768676e-03
1.3815557736e-02
-5.8845382243e-04
-2.4316121671e-03
-2.7167159038e-02
-1.8481451623e-02
2.4984397188e-02
-7.9435324973e-03
2.1300960666e-02
-2.4106434026e-02
-7.3227124073e-03
-2.2138915608e-02
-1.4679424539e-02
2.7936723486e-03
5.6144467738e-02
-2.1227668018e-02
3.1381824209e-03
-1.1624933834e-02
-3.9646743140e-03
3.6036013451e-02
-2.5359513399e-03
-2.1007195390e-02
4.1854204484e-02
-1.3811548909e-02
-2.0652979702e-02
-2.6780388158e-02
-1.6914638497e-02
-2.3431743723e-02
-1.9491296078e-03
-3.7425361851e-03
8.2871912133e-02
-1.3554001714e-02
-2.0317752130e-02
-2.6882019384e-02
-1.2649168877e-02
3.0510894771e-02
2.3752961321e-02
-2.0492119253e-03
6.4175608539e-03
-5.2750196694e-03
2.6778992339e-03
-2.8338200077e-02
6.1026571735e-02
-2.2555286423e-02
-2.1425448639e-02
3.5887951107e-02
-4.2077381799e-03
6.4250157008e-02
7.3494261334e-02
-3.5243988786e-03
1.1633017080e-02
-2.8597682684e-02
3.0929181360e-03
3.4596438207e-02
-1.6211765533e-02
-1.2925539110e-02
-1.4346180020e-02
3.0962154965e-03
-2.7289327202e-02
4.7473228304e-02
1.4513765471e-02
4.4468078389e-03
-1.6300900910e-02
-2.2586817214e-03
-1.4768929766e-02
-3.0107229741e-02
-3.6822812399e-03
1.1338732424e-02
1.2317748085e-03
-1.5581103197e-02
1.7178163274e-02
-1.3857919886e-02
2.4691008055e-02
-3.1617148661e-03
-1.6967521449e-02
8.8276312405e-03
-1.6640275914e-03
1.7915581514e-02
-7.5739246266e-03
6.4035046891e-03
2.3779963799e-02
1.1730356133e-02
-2.1032650712e-02
3.2722884728e-02
1.8719180261e-02
3.3246949958e-06
-4.1469043348e-03
1.6978219324e-02
-2.7043840338e-02
-2.9261496648e-03
-1.7765276462e-02
-1.1452230336e-02
8.7052539960e-03
-1.9008324447e-02
-6.9384644854e-03
-2.3303332789e-02
-1.0094324804e-02
-2.5615324484e-02
1.3739851883e-03
-8.3060527130e-03
-1.3520808498e-02
-5.1900675652e-03
3.2501699057e-03
-1.8023894800e-02
-4.9012267213e-03
-1.8188725245e-02
-2.0989254916e-02
-1.5183520102e-02
-1.2784411343e-02
-8.0102368162e-04
1.8634021681e-02
-9.1820857068e-03
1.6892645393e-02
-1.4883655506e-02
2.7771388292e-03
-2.0282929857e-02
-2.5114248272e-02
3.7363549602e-02
-2.5595247987e-02
1.0593839012e-02
2.1091781544e-02
-9.3713649462e-03
2.5560420099e-02
-5.9223714114e-03
-2.3247807705e-02
-2.1821752618e-02
-2.1171620185e-02
-1.8327444385e-02
7.4103218389e-02
-1.4335473046e-02
-2.7701834203e-02
1.1056852743e-02
-2.4136832644e-03
6.5337177505e-03
-2.0807938255e-02
-4.8245565201e-03
-1.4490784925e-02
-9.1366774210e-03
1.9074773217e-02
1.6303522401e-02
1.5543222462e-02
7.5507049284e-04
8.6439681288e-03
-2.5486705362e-02
-2.2036473377e-03
2.5814951362e-02
1.2557300569e-01
-2.6276656179e-02
-2.9772266564e-02
-5.1636215697e-03
-1.3311513808e-03
1.2415963883e-02
-1.1531782508e-02
3.4019003496e-02
3.3099781184e-02
-2.3392462008e-02
-8.7062716417e-03
2.6219669373e-02
-1.0236232795e-02
-8.6685511460e-03
1.0076108584e-02
5.2537819975e-02
-1.1270942865e-02
-7.0928307654e-03
-2.0889205969e-02
2.1850412834e-02
2.8411129894e-03
6.5548197116e-02
-1.9435791796e-02
-1.2458149565e-02
-1.8610635151e-02
8.5912730091e-02
-1.1910060439e-02
1.3460483409e-02
-2.7669872700e-02
1.2511605807e-02
-7.4914735124e-03
-1.3375622778e-03
-2.0012735998e-02
-1.2567804497e-02
8.6541889446e-03
-6.0000500664e-03
1.6936492052e-02
3.9301711644e-02
-1.5012926608e-02
9.3748927914e-03
-1.8686425859e-02
-1.9472595214e-02
-2.1970697810e-02
-1.6490609191e-02
-8.7430290530e-03
-1.1563546411e-02
2.7132661178e-02
-2.8411636338e-02
-8.6750094538e-04
1.7512417564e-02
2.4968030094e-02
7.2052806049e-03
-1.1737687434e-02
-1.1348555503e-02
1.6726186938e-02
-1.2462209499e-02
3.2736120058e-02
-1.4849280661e-02
-6.7322793750e-03
1.5785044502e-02
8.3602037872e-04
-2.6136912672e-02
1.5011811835e-02
-8.2046480388e-03
-8.8759399039e-03
2.3659009034e-02
3.2456169485e-02
3.2797020701e-02
3.6392835034e-03
1.8280042469e-02
-3.9114339078e-03
2.2134432982e-03
6.2562274229e-02
-2.1705487452e-02
3.1706579298e-02
3.1090615262e-02
-1.8992102590e-02
3.0115497451e-02
-2.9518226520e-02
-2.6721891775e-02
1.1351428180e-02
-2.7373133181e-02
-1.4590810792e-03
-2.5979235811e-02
-1.6965649787e-02
-4.3579023653e-03
1.0261586085e-02
-3.9393100313e-03
-2.9258977288e-02
-2.6849209379e-02
-2.2726187057e-02
4.9908504499e-02
1.7734761234e-03
1.4807272386e-02
6.9846243905e-02
1.5202474803e-02
-1.7017871169e-02
-6.9797211307e-03
-5.9028777375e-03
-3.0107717151e-02
7.5514669452e-02
-2.5227964617e-02
-1.3799025544e-02
-1.0984125233e-02
9.4202646087e-03
1.5259696426e-03
1.2744983944e-03
3.0073834953e-02
-2.2094280165e-02
-2.4765757908e-02
-2.1795402292e-02
1.7976990227e-04
2.9553854981e-03
-2.2427167713e-02
1.3630401050e-02
-2.3042933375e-02
1.1803456630e-02
-4.2365627067e-03
1.3060795242e-02
4.8158792454e-03
1.4817783936e-03
-2.2054332483e-02
-8.1363670176e-03
-2.5255151872e-02
-2.0437738847e-02
-1.2869360520e-03
-2.4317861450e-02
5.9166023716e-04
-1.5135853274e-02
-1.5444141761e-02
-1.5989421333e-02
1.2477284828e-03
6.6427189203e-03
-2.2310244684e-03
3.9151770980e-03
2.2492781555e-02
2.2799397264e-02
7.1606362934e-02
6.3062566289e-03
9.8096523169e-03
1.3300229170e-02
-2.1261093838e-02
1.5969950742e-02
1.7332395618e-02
-2.8648971083e-02
-1.3930535315e-02
4.4648052732e-03
-2.8849799323e-02
3.5132927415e-03
-2.5086010027e-02
2.6096965055e-02
4.2322515976e-03
-9.2949886571e-03
1.1314600366e-02
-2.0352556108e-02
-2.0077349700e-02
1.2045371469e-03
-2.3188179059e-04
2.2612734579e-03
-1.8984589824e-02
-2.4417919600e-02
-2.2997522378e-04
-5.5669988623e-03
-1.7440702612e-02
-1.5025626301e-03
-6.1418881977e-03
-2.5810708847e-02
3.0275644960e-02
-1.6241787050e-02
1.9639714477e-02
1.1313090783e-02
-2.1401965195e-02
4.7896730070e-03
4.5825008612e-02
1.6327142600e-02
-8.0286413748e-03
-1.2879013901e-02
1.7026651155e-03
-2.3242742157e-02
-1.4806734222e-02
3.9503865678e-03
1.8119836391e-02
5.0619455577e-02
-2.9293579614e-03
-1.1124178603e-03
-2.4074355602e-02
1.7736017567e-02
-1.2140788787e-02
4.4446589142e-04
6.4563688917e-02
5.3423289302e-02
-5.6440454434e-03
-7.5306963526e-03
-2.5836747125e-02
-1.8866762735e-02
-2.2602425577e-02
-1.5241111841e-02
4.0549436665e-03
-2.4560925687e-03
2.6946002020e-02
-1.2102893876e-02
-9.9609810756e-03
3.3671352671e-02
1.1677800129e-02
6.8551897758e-02
2.4144965037e-02
-1.5659181305e-02
2.7407834027e-02
-2.6491694641e-02
-5.0714403283e-03
-2.2526778557e-02
-2.7471844041e-02
1.8561241156e-02
-1.0371818593e-02
-1.5905953682e-02
-2.6223899048e-02
2.2015707562e-02
-1.7212035776e-02
-1.3842828311e-02
-2.0969715757e-02
-1.4108741013e-02
9.7865371373e-03
-1.6414649091e-02
2.0460506931e-02
-4.8562243003e-04
-2.8833688082e-02
3.7118277074e-02
1.4463015954e-02
-2.9474995881e-02
7.2844576633e-04
3.2769220399e-03
1.0388102985e-02
8.3377450978e-03
-2.0104708477e-02
3.6359626281e-02
-8.2384340677e-03
-2.1374041807e-02
-2.4455268570e-02
1.1555555561e-02
-1.7063800777e-02
-6.8717242496e-03
-2.5439970155e-02
-2.6579027549e-02
-1.2469629079e-02
-1.2519125427e-02
7.0583970079e-03
5.4488277385e-03
-6.0225729545e-03
1.2362293129e-02
-1.7139419145e-02
1.1960524253e-02
6.8007782052e-03
-3.0191498593e-03
-9.8683980453e-03
-2.3273697516e-02
-2.1860402410e-02
-2.4807633651e-02
-2.8448195425e-02
-2.4755762845e-02
1.5923230366e-02
2.1064770112e-02
4.7024923297e-03
2.6355930133e-02
5.4399305160e-02
-2.3696250456e-03
-1.4958524303e-02
5.8964409600e-03
-2.5582215294e-02
5.4816074110e-03
1.1885881865e-02
-4.8970623600e-03
1.8646014730e-02
-1.8863073096e-02
-1.4386258966e-02
1.2206477467e-03
1.2586019475e-02
-2.5549991249e-02
4.1729362574e-02
-9.9715359725e-03
-6.6456929531e-03
-1.3199556511e-02
-2.1477902537e-02
-1.4696012649e-02
-1.9667701871e-02
-1.5657810188e-02
8.7473757575e-03
9.1030406005e-03
8.0968516860e-03
-1.1295760874e-02
1.3360884047e-02
-2.8221928400e-02
-1.4928259820e-02
-1.1432687704e-02
-2.6139696476e-02
1.2101937742e-02
2.9585965890e-02
-3.1362849210e-03
-1.2855389614e-02
2.4225829227e-02
1.5495829540e-02
-6.1756505542e-03
6.8427459966e-03
-9.7523236284e-03
1.1392927503e-02
1.6175764425e-02
-1.9268597450e-02
-2.7983368721e-02
-2.1035408269e-02
-1.5154644738e-02
1.7348483611e-02
-2.7914321232e-02
-1.9299796740e-02
-1.7892994895e-02
-2.5089878649e-02
4.0065178005e-02
-1.8306768398e-02
1.3798432816e-02
2.8426770667e-02
3.0111413668e-02
3.7814143138e-02
-1.8946889625e-02
-1.1056628002e-02
5.5089796849e-03
-1.2031621276e-02
5.2409088552e-02
-3.3027375279e-03
-3.8941816151e-03
7.8430151619e-03
-3.2906454329e-03
-2.1366708544e-02
1.2891952560e-02
5.0519610607e-03
-6.8410948794e-03
-1.9209819194e-02
-1.0835404786e-02
-1.7989716263e-02
-2.7519272332e-02
2.6601679320e-02
-7.6926731462e-03
-2.2934620981e-04
2.3015542892e-02
1.7572556571e-02
4.1961710936e-03
4.1300384376e-03
-2.1249499291e-02
-2.0745853937e-02
2.6820929490e-02
-1.3240701540e-02
1.1013203506e-02
5.7554284272e-02
3.2645777321e-02
-4.2787719086e-03
4.2350115753e-02
-1.5408785636e-02
-5.3454707123e-03
-1.9607501650e-02
-5.5176018572e-03
7.0826267017e-04
-2.6610331332e-02
-8.8806649277e-03
-1.5749647887e-02
-1.7127662844e-02
2.9416746295e-02
-2.6711172296e-02
1.8050068833e-02
-1.9783053677e-02
-2.4413178570e-02
2.8925137621e-03
7.3036409025e-04
-1.2628898181e-02
1.5455668355e-02
-3.0817025511e-03
-7.2834777259e-04
3.5867374862e-02
-2.5548169028e-02
2.3071754395e-02
-1.2090152751e-02
-5.9208217652e-03
1.3467370132e-02
9.8190725588e-03
-2.3069606610e-02
-4.8964985148e-03
-2.5445057904e-02
-2.4182059176e-02
-1.6617340359e-02
-2.7741446854e-02
-2.8710774121e-02
6.6149811739e-02
-2.1541905568e-02
-1.0217842852e-02
1.3641034180e-03
9.2820204945e-03
4.1569464495e-03
1.5734775714e-02
8.5886834855e-03
-2.3070847568e-02
-7.4599470618e-03
-2.3052548950e-02
3.1711010354e-02
2.9416847885e-02
5.7894384818e-02
1.6693552653e-02
-4.4163886759e-04
4.5530097214e-02
5.7804196686e-02
-2.7408118203e-02
-2.2834188916e-02
-2.4004540421e-02
-1.0041973806e-02
-2.6562986675e-02
-2.3819875284e-02
3.4009431474e-02
1.2294935657e-02
-8.6702550498e-03
-2.2218471049e-02
-1.7542126444e-02
9.0614922362e-03
-4.2632097378e-03
-2.0269045990e-02
-3.1479036698e-03
-2.0228336413e-02
5.1874896899e-03
-2.0698318848e-02
4.7597176164e-02
6.6362192469e-02
-7.0966572320e-03
1.1990363737e-02
-2.8215534377e-02
-1.1993749488e-02
4.2654029672e-02
1.5558544595e-02
-2.7125534541e-02
3.1196255178e-03
-5.1534105077e-03
-2.2501313341e-02
-8.2082822792e-03
-5.4469172590e-03
-1.7659027464e-02
3.9409530790e-02
-3.0807660059e-03
-1.2013695500e-02
-5.3431390926e-03
-6.7931324490e-03
6.7379567111e-02
-4.8822578998e-03
-1.1611406572e-02
3.4934807330e-02
6.5988680587e-03
-7.3928074107e-04
2.0411331805e-03
-2.8060759687e-02
-1.0120946952e-02
-1.1680984490e-02
3.8035623518e-02
-8.8958594907e-03
-2.8296811690e-02
4.8534138676e-03
-1.9800454907e-02
-1.2470674571e-02
2.3873320162e-02
7.6505103645e-03
6.9252181601e-03
9.6605075221e-03
1.6681892113e-02
3.2880686784e-02
6.5754033886e-02
-1.7259279849e-03
1.4133340305e-04
-6.9153416150e-03
-2.0264364795e-03
-2.6560842224e-02
-1.4097485222e-02
2.9943902718e-02
-8.5489617115e-04
2.3430024292e-02
-9.2333128736e-03
-8.0535357153e-03
1.8283020974e-02
5.0599205174e-02
4.4196346730e-03
-1.3330222861e-03
-1.1643834670e-02
1.2514139887e-02
-2.0606672569e-02
-2.6079223058e-02
1.7949891372e-02
-1.7260113656e-02
-1.3958460509e-02
-8.0519266910e-03
-6.7639409494e-03
-1.5494048703e-02
2.4370948737e-03
-5.3542781877e-03
1.3501012687e-02
-7.2656296829e-03
-1.3086556242e-02
2.4411055562e-02
-1.3595157269e-03
-5.9775810678e-03
-8.3404576590e-03
-2.4586338906e-02
-4.6717458222e-03
-1.7484821136e-02
1.2416534972e-02
-2.2969612946e-03
-2.0237749178e-02
-1.3761877127e-02
-6.3708732910e-03
1.3019004643e-04
5.5278469069e-02
-7.9545388937e-03
-2.0823207105e-02
-1.3677862370e-02
9.3554726171e-03
-1.8769415703e-02
4.0282072833e-03
7.0030034083e-03
-7.4144865317e-03
-2.9053049525e-03
-2.8748029459e-02
-1.6785539437e-02
-1.4715419290e-02
3.8491896872e-02
5.4289352947e-02
2.8917908853e-02
-2.8350790544e-02
3.6169315648e-04
1.5428386191e-02
-1.3496385214e-02
-2.8629095931e-02
1.4724541276e-02
-1.8963223232e-02
3.7514304769e-03
-2.3698165402e-02
4.1022151153e-03
-1.7396061734e-02
1.1234593394e-02
-9.3112557100e-03
3.6122836633e-03
-2.1764990769e-02
-1.5274753166e-02
3.7325310147e-02
-1.8672413442e-02
-1.3995864535e-02
-2.4534741383e-02
6.1477013949e-02
2.4811896057e-02
3.8339719270e-02
5.9071300572e-03
-1.6427561625e-02
1.2967218516e-02
5.3489573541e-03
1.7419962613e-02
-2.2399555949e-03
-2.8549362537e-02
-2.6341944465e-02
-2.1428111736e-02
6.6705227947e-03
1.1803622072e-03
-1.0063890950e-02
-1.9081151310e-02
2.3544510998e-02
-1.4458506144e-02
3.9452900261e-02
-2.1830256028e-02
3.8563427932e-02
-1.9790218827e-02
-5.6988578974e-03
-2.6407549328e-02
-1.9887962132e-02
-1.7308690181e-02
-3.7478545569e-03
-1.6591033627e-02
-5.6310598670e-03
-2.5976467446e-02
-1.3106137035e-02
8.1725636856e-03
-1.7571602233e-02
-4.2991522106e-03
2.0158724955e-02
-2.6468708065e-02
1.3595371756e-02
2.0373495472e-02
-2.1692596403e-02
6.3383575832e-03
-1.8018726757e-02
-1.9971538315e-02
2.5313007872e-02
1.9217665569e-04
3.0868910775e-03
-6.5127891719e-03
3.3192010124e-02
-1.2696040079e-02
2.6771567656e-02
-2.2168480404e-02
-1.9031873630e-02
-2.6413914612e-02
1.9806735390e-03
-2.5959463749e-02
4.4329583178e-03
4.0002557010e-04
-1.6006488959e-02
-2.9316905356e-02
1.4431260542e-02
4.0173346547e-03
-1.5812274279e-02
-1.8082459191e-02
-1.1249621800e-02
-2.7108306536e-02
9.1552915007e-03
-1.1346533148e-02
-1.3670335953e-02
-1.4655391489e-02
-1.4422959469e-02
2.1756738678e-03
-9.4531562536e-03
-2.6754316926e-02
-5.4405748225e-04
-1.6563294380e-02
-1.3189229679e-03
-2.6990637546e-02
-1.1831359015e-02
3.2390855596e-02
-8.3757897445e-04
-3.2584801371e-03
-1.4799525868e-02
6.9868573529e-03
-8.0385130393e-03
-3.0322197723e-02
1.1053209581e-02
7.3369960977e-03
-2.5959146121e-02
3.4441109898e-02
-9.7116394070e-03
-2.7546030830e-02
6.0116682271e-03
-1.4563549642e-02
7.4388313492e-02
2.0245580101e-02
-2.2479796845e-02
-1.7250810510e-02
-1.3059513936e-02
1.8458019228e-02
-2.4282117560e-02
-1.4002882556e-02
-6.1672221197e-03
-1.7461744024e-02
2.5110963415e-02
-7.6325691680e-03
-9.2983967857e-03
-1.8117281181e-02
3.7744834088e-02
2.7527113711e-02
-4.9692585358e-03
2.5435814530e-02
-8.5440364935e-03
-2.8031756048e-02
-1.2097676034e-02
-2.4629705298e-02
8.6211918736e-03
9.1264700440e-03
-1.3092461248e-02
-2.5495437965e-04
9.0543814765e-03
-7.6996748996e-03
-1.7762763334e-02
-2.8478708910e-02
-1.3658848726e-03
-2.7805786884e-02
-1.4065319313e-02
-4.5532259389e-03
-6.2192223131e-03
-2.9463794031e-02
4.1165378207e-04
8.8319565351e-03
1.7742090597e-03
1.6517567184e-02
-3.3778309275e-03
1.8139411044e-02
-2.1406777150e-02
1.7074766603e-03
-4.9076444768e-03
1.9807127897e-02
2.6568085657e-02
-5.6411372985e-03
1.1633099695e-02
-1.1061431395e-02
-1.2691168883e-03
-2.6963457923e-02
-1.8951493225e-02
-2.1966115203e-02
-2.1000683175e-03
-2.7948698943e-02
-1.1065267323e-02
7.2090075505e-03
4.2966217297e-02
-3.0044117964e-02
-4.3652435595e-04
1.2270984428e-02
5.1384831935e-02
6.9484226059e-03
1.1067689663e-02
-1.0688029841e-04
-8.1137627267e-04
-1.6851289031e-02
1.3953983226e-03
5.8066870292e-03
-5.9487704573e-03
-1.8434425466e-03
5.7292138372e-02
1.7442014136e-02
-1.5697970335e-02
1.1795662239e-02
-1.0158313206e-02
-4.1139683962e-03
-1.0313631327e-02
-1.3417839314e-02
-1.2306262966e-02
-2.8202480582e-02
3.7086405593e-03
-2.1025438819e-02
-1.9145190165e-02
1.7750230193e-02
1.4128653331e-02
-2.7411103713e-02
4.7749948945e-03
1.6804794296e-03
-1.7465985530e-02
-2.3309901058e-02
-2.7483101725e-02
-7.9512923746e-03
-1.3032251356e-02
1.0581198025e-03
-4.9136068033e-03
1.1307041092e-02
4.4948446094e-02
1.8382085232e-03
-1.3633839332e-02
1.4983705606e-03
-2.2706998544e-02
6.7053912588e-03
3.8946625758e-03
-2.5378091899e-02
4.0705178358e-02
1.3337829588e-02
-2.1148657366e-02
-7.5499267214e-03
-2.0547453616e-02
1.7760847406e-03
-5.3349160238e-03
9.6166611292e-03
1.8122306382e-02
1.3597372104e-02
-2.5411141451e-02
3.7735811046e-02
5.6699578229e-03
2.0774883799e-02
-2.0555460836e-02
-2.4950252986e-02
-2.5349260226e-02
-1.5232132703e-02
-2.2355747599e-02
3.8585641296e-02
-1.1893588354e-02
8.6723345525e-03
-2.3995223343e-02
2.2314563059e-02
-2.5795834482e-02
-2.0675261891e-02
2.6780270756e-02
2.6993297264e-02
-2.5117474138e-02
-1.8053370352e-02
-3.5349900868e-03
3.6398810344e-03
-2.8355707012e-02
-2.2782354160e-02
4.2143063405e-03
-1.8346870260e-02
2.8158393387e-03
1.3099476590e-02
5.4388815732e-02
1.1358454346e-02
1.9461993952e-02
-2.7239055088e-02
-7.8786154988e-03
-9.3351474137e-03
-1.0923856004e-02
-3.8628317630e-03
-1.3973931292e-03
1.7923959918e-02
2.1185781371e-02
2.9288238980e-02
-2.5556479623e-02
-1.8460971518e-02
-2.7300218976e-02
-6.0207361142e-03
3.4115481220e-02
-2.0254372113e-02
-1.3571848369e-02
1.0115220888e-02
3.0785374338e-02
-4.2751485776e-03
1.5334450092e-02
2.5666645190e-02
4.1959451551e-02
-3.8257139464e-03
-1.2806351362e-02
2.0097392693e-02
-1.3205876214e-03
-5.7342678932e-03
-2.4083106970e-02
-2.1002947488e-02
-2.6604108800e-02
-7.5417119267e-03
-3.1116658122e-02
-3.9836514665e-03
-2.6941009864e-02
7.1608135004e-02
3.3862600043e-02
-2.3617740302e-02
2.6122927218e-02
2.1809950865e-02
1.4051590613e-02
2.3953000284e-02
1.1470976791e-02
5.1525155442e-02
3.9631576575e-03
4.0693140535e-02
5.5029894924e-04
1.5554453245e-02
-7.2672583681e-03
5.5351930309e-03
-1.3727421742e-02
3.7850356347e-03
1.3843948127e-02
-2.0695489595e-02
-2.5099310251e-02
7.4419250398e-03
1.7777554700e-02
-1.6912372907e-02
-1.7377506326e-02
-2.4158203571e-02
6.1453981081e-03
-2.0603804610e-02
-1.1798632266e-02
1.9172139860e-02
1.7885614875e-02
1.0057691507e-03
-2.0917691484e-02
-1.8680620013e-02
5.9762762929e-03
-8.6398325706e-03
-1.0639851605e-02
-5.0798834679e-03
4.3344409244e-03
-7.5846607437e-03
1.3405343777e-01
-1.8595092314e-02
-9.5206514999e-04
-1.4755457402e-02
-2.0310286949e-02
8.0781364040e-03
-2.1569065402e-02
9.2143329722e-02
3.8941857727e-02
3.1921533535e-02
-2.3798432052e-02
9.4530080517e-03
6.7759572620e-02
-2.1279081599e-03
5.1670406831e-03
-1.2534055344e-02
-2.8491001729e-02
-2.4233971913e-02
3.3770319328e-03
9.0147932966e-02
1.1318566745e-01
-1.3270527241e-03
-2.9498577274e-03
-3.5902309623e-03
-1.2225123006e-02
-7.6581910109e-03
6.9684280109e-03
-2.9471168338e-03
-1.8711098290e-02
-3.1043876344e-03
3.3207666584e-03
1.0444445838e-01
-1.7830352801e-02
6.7682192184e-03
-1.6928200086e-02
-2.5802404798e-02
1.4142273364e-02
-7.2515549295e-03
-1.5857150236e-02
8.5181862065e-03
8.0212343991e-03
6.6515480530e-03
-1.5446952429e-02
-2.5104995359e-02
2.1114695511e-02
1.0751453038e-02
-2.9680441520e-03
4.4328220479e-03
-2.4772185786e-02
-2.2625909840e-02
1.2803835389e-02
3.2360483328e-02
-6.6171314432e-03
-2.6397708631e-02
6.1753757271e-03
1.2777389177e-02
-3.4689456112e-03
2.6132889413e-02
-4.7794620001e-03
-1.0395977013e-02
2.3996362361e-02
-5.4255195118e-03
5.9687889387e-02
-3.8583225655e-03
-2.6783023128e-02
-1.3994309217e-03
-1.6720754640e-02
-1.4147810072e-02
-1.4002512855e-03
-2.6277203792e-02
3.7650891287e-02
-5.7298015686e-03
-1.5119258270e-02
-1.7048311447e-03
1.7473190644e-02
-2.2132278210e-02
1.9809951872e-02
2.4784846336e-03
-2.6122836386e-03
-2.8500769648e-02
7.0661518604e-03
-1.0123836092e-02
-1.5582779053e-02
2.4337825511e-02
-7.0269144320e-03
1.0934160089e-02
-1.6925342630e-02
4.2859009712e-03
-2.4104759046e-02
-2.9583847139e-02
-9.0451499310e-03
3.5584593598e-02
-4.3934584761e-05
-2.6945071754e-02
-2.3926969794e-02
8.2780894128e-02
7.8293230308e-03
1.8097119443e-02
-1.6513339696e-03
8.9342741126e-03
1.2139175120e-03
-1.8386041752e-02
9.9789705679e-03
-5.3483807637e-03
-2.2877129662e-02
9.5489924269e-03
-8.9468597889e-03
-7.1431986117e-03
-9.7726809379e-03
5.7975255149e-03
2.8321883266e-03
-1.8778773468e-02
-1.7502893446e-02
-8.1264051391e-03
-1.9489385518e-02
-2.7516127903e-02
7.5345934996e-02
-2.2196680852e-02
-1.1017066905e-02
-2.6960696536e-02
1.8591571764e-03
-1.1880753933e-02
7.8833623644e-03
-7.5532221004e-03
8.0076112819e-03
1.1443745030e-02
2.7346050490e-02
-3.4123846306e-03
8.5609555530e-03
-1.2016050087e-02
3.5470627104e-04
4.1674285439e-03
5.5791014355e-03
7.4707828183e-03
1.0535621679e-02
-1.6642910814e-02
2.3679824415e-03
2.6234828294e-02
1.8509833006e-02
-2.7027785842e-02
-1.3417426731e-02
-1.7497316468e-02
1.1760176243e-02
-7.6136461523e-03
2.1602345102e-02
-9.5990491119e-03
-8.8219749223e-03
5.1846030801e-02
-2.1881555082e-02
-2.3737254489e-02
-1.6507613250e-02
-1.0017719759e-02
2.3609500572e-04
2.6149215713e-02
2.8059418610e-02
3.0103525895e-02
5.8073163350e-02
2.6333053803e-02
-1.4235017876e-02
-3.0634025472e-02
1.2344706836e-02
6.8705454771e-03
1.1732278975e-02
5.2185770981e-03
-1.0909956028e-02
-1.2516915283e-04
-3.5433517844e-03
6.2543490979e-03
-1.2825699623e-02
-1.1676242081e-02
2.5580003859e-02
1.6840621544e-03
2.9084055098e-03
8.6496139018e-03
1.4153311452e-02
-2.6072952643e-02
2.3660495484e-02
-2.3935427414e-02
-9.3316186030e-03
-1.0990090088e-02
3.6006948743e-02
1.2079123883e-02
-2.2794514758e-02
-1.3581447813e-02
8.3661606405e-02
3.0203662567e-02
2.0464906864e-02
5.3838052801e-02
-3.2896740073e-04
3.6839578325e-02
-1.2001611041e-02
6.5072046344e-02
1.3730688433e-02
-4.7241346627e-03
-2.5638412492e-02
-4.6276216669e-03
2.1997886266e-02
-5.7151613281e-03
-1.8786638637e-02
1.7647065280e-03
1.7432485253e-02
-1.5315593580e-03
2.0226351928e-02
-4.9476283319e-03
-2.6975148994e-02
-1.5796675474e-02
1.6060158556e-02
-1.1755427828e-02
-2.6275247835e-02
2.7925011351e-02
1.2941642040e-02
3.6693874075e-02
-2.3149918405e-02
4.4547318179e-02
1.0457453522e-02
-2.2849227561e-02
-2.0213006275e-02
-7.8851057910e-03
3.6187137791e-02
2.2512540671e-02
-1.2072144346e-02
1.6838707125e-02
-2.3094081650e-02
-2.0326983039e-02
1.1270800285e-02
-1.7937047870e-02
-2.0085345768e-02
2.7501437473e-02
-1.1080922145e-03
1.3402614733e-02
1.3675682688e-02
-1.5855340492e-02
-8.4401893520e-03
-3.5389815078e-03
-2.5187248709e-02
8.2591442554e-02
5.3627336872e-02
3.3516023337e-02
-8.4476567455e-03
-5.9652778245e-03
-9.8107153037e-03
-2.3466490200e-02
-2.0042073843e-02
-1.1678628055e-02
-1.4934699744e-02
6.8652833762e-02
-1.0011217057e-02
1.3127946865e-02
-1.8511548431e-02
3.9239589196e-02
2.3142365132e-02
-2.1593254874e-02
-7.9254038770e-03
-1.8726840315e-02
5.7881622600e-03
-1.3853196617e-02
-1.3458740802e-02
1.2444642636e-01
-2.3926773226e-02
1.3404327181e-02
-2.9303256601e-02
-4.6365886875e-03
-2.4822492555e-04
3.1708425645e-02
-2.2629589117e-02
-1.3374138394e-02
2.2474344490e-02
7.8809527018e-03
-2.1377685171e-02
-1.2023663435e-02
3.5472675884e-02
-7.0984793366e-03
-1.3483628246e-02
-2.0917696424e-02
2.7173891835e-03
-2.2237790639e-02
1.9800078526e-02
2.4718491569e-02
8.8903554919e-03
8.4811853478e-03
1.2609632165e-02
-8.9936487635e-03
2.9667317297e-03
7.9807143499e-02
-4.8460734453e-03
8.3474732550e-03
-1.2123344921e-02
1.7570530405e-02
-2.7000268582e-02
-1.5468620462e-03
5.0160838118e-02
-8.8533292918e-03
2.2034822155e-02
-2.6268991693e-02
-2.2175044460e-02
-1.9097011882e-02
-1.0043929182e-03
-1.8340595535e-02
-2.0972222191e-02
-2.1181905117e-02
8.3770566705e-03
-3.3780577403e-03
2.4538841469e-03
-2.8571593100e-02
-1.5506891539e-02
5.2285927204e-02
-1.4353599401e-02
1.7297782127e-02
1.4104220221e-02
-4.4124604036e-03
2.7004428304e-02
7.3047272754e-03
-1.0909204728e-02
-2.0433027211e-03
5.3095228847e-03
-9.8223470827e-03
-2.5284809635e-02
-3.7961920080e-03
2.5755715171e-02
-1.7374565567e-02
-2.1194300707e-02
-2.4020114824e-02
-4.9259473790e-03
1.4637451593e-02
2.2323486850e-02
2.4904263414e-02
-1.8908103248e-02
1.6123351715e-02
-1.2550907493e-02
3.8203435829e-02
3.0506964278e-02
-2.0356747106e-02
2.2905924863e-02
-1.5003123179e-02
-9.5934256935e-03
-2.6035469979e-02
8.1188680853e-04
6.7050817276e-02
2.8011222731e-03
-1.8748246687e-02
1.0237641632e-02
-1.9350480082e-02
9.8766270679e-03
1.5989479194e-02
-1.7827729221e-02
-7.6099583034e-04
3.9617598773e-02
3.2252354011e-02
-1.0451155634e-02
2.6825398791e-02
-1.2142289013e-02
3.7467549088e-02
4.0623986312e-03
2.2138932639e-02
1.2287716057e-02
5.1687176563e-03
8.8754328617e-02
-1.1191030626e-02
-2.6425680247e-02
6.0135610902e-03
-3.9166419967e-03
-2.6537264023e-02
-3.9993105223e-03
-8.3547343095e-03
-2.5693151280e-02
-2.3427136451e-02
-1.7031038891e-02
-2.2922070431e-02
1.0279341441e-02
-4.3048211215e-03
-2.9092960897e-02
5.7481922816e-02
-1.9729142008e-02
6.2475123234e-02
-1.9415902210e-02
-1.7044678092e-02
4.5129569503e-04
9.4209019713e-03
1.8970799589e-02
1.3222010829e-02
-2.5301421055e-02
-1.0668118036e-02
2.5449296343e-03
-8.8970986477e-03
-1.8167727182e-02
3.5639580255e-02
-2.3109136134e-02
2.8972116436e-02
-8.3414990304e-03
-1.9508558091e-02
1.0461190973e-02
2.1390788672e-02
4.1670404690e-03
-2.4050748980e-02
-4.2730640706e-03
-1.8929728691e-02
-2.1729510944e-02
-1.0107867975e-03
8.7234558660e-03
4.0400256614e-02
-2.9428768427e-02
-3.7050851686e-03
2.8481545879e-02
-1.9678375466e-02
4.8610666825e-03
-7.5406082453e-03
-3.2615050958e-03
-4.7089663019e-03
-2.9763495827e-02
-1.9548379721e-03
1.6330465246e-02
-2.3486936168e-02
1.7545463604e-06
-2.9079281998e-02
3.7020707276e-02
4.5053763652e-03
-2.2348968524e-02
-5.4495941711e-03
-2.4652701310e-02
1.0620128076e-02
-1.1449442321e-02
8.1222633668e-03
1.8418876184e-02
-2.7812777497e-02
-2.5043199897e-02
-7.2985289329e-03
-2.6379125074e-02
-2.9249753747e-03
7.5267502066e-03
-6.5721283704e-03
5.3295167683e-02
-2.3386513484e-02
-1.0169739479e-02
-5.0472878716e-04
4.7204530682e-03
-1.0063147772e-02
1.3172328737e-02
-2.9763558737e-02
1.2999850809e-02
4.0206555023e-02
2.4384005897e-03
5.9963952895e-02
-1.8517130907e-02
-1.3660247285e-02
-1.7926434033e-02
1.0180329474e-03
1.5197707907e-03
-3.5675838236e-03
-9.3545455462e-03
3.9432017734e-02
8.7530868439e-03
1.1456856874e-02
1.6016951003e-02
-2.3134102011e-02
4.5853285918e-02
-1.4507485660e-02
2.8493737062e-02
5.7473068757e-03
1.6799874237e-02
-2.1318589402e-02
-2.6540242160e-02
-8.6699155342e-03
-2.6212640413e-02
-1.1917373886e-02
3.4737046792e-02
-2.3211564245e-02
3.4216816832e-02
-2.1305055174e-02
-1.5707191379e-02
-1.7230594582e-02
2.7508189776e-02
-2.1927163989e-02
-2.3564967407e-02
-2.6334225072e-02
-1.1863731316e-02
-2.2979738506e-02
-2.2236224905e-02
3.5013362255e-03
4.2867006635e-02
-1.4962580195e-02
1.0244038871e-02
-5.5369630811e-03
-1.6081149149e-02
-1.5098528112e-03
9.3501429937e-03
-2.6174505179e-02
-2.1594877812e-02
-7.2797341720e-04
-2.6259042311e-03
-2.8999474339e-02
1.4828893014e-02
2.8189214264e-02
-9.4107285082e-03
-8.1858090676e-03
-2.1741338190e-03
-1.8622377350e-02
-5.1675293610e-03
-3.5350592355e-03
-2.4375365254e-02
1.0544855978e-02
-1.2661129400e-02
1.6327891723e-03
5.7425718245e-02
-1.1302220277e-02
-2.5544054424e-02
2.4739031173e-03
-1.1051691039e-02
7.0631229880e-03
-2.2886632549e-03
-8.0600008860e-03
-8.6100984942e-03
-2.1289179738e-02
7.6428771763e-02
-1.5188830227e-02
-2.6152483804e-02
-2.4559494774e-02
-1.6714122123e-02
-2.9338300443e-02
-1.8183650072e-02
-1.6016763317e-03
-1.5988814235e-02
-7.7059543775e-03
4.1844511386e-03
-1.6560695386e-02
4.9030343758e-02
-8.0181656943e-03
-7.1681300965e-04
-1.9113489413e-03
-1.7486654697e-03
-1.4114668855e-02
-2.6328897926e-02
1.1675220678e-02
4.1602479434e-03
-2.3855641863e-02
1.0006982861e-02
1.9413100591e-03
2.1342581493e-02
1.7115786653e-02
-1.8506999066e-02
-2.8164283899e-02
-1.9739688739e-02
-1.1357430443e-02
-2.2434498539e-02
-2.3960859002e-02
-1.8839691078e-02
1.2014228918e-02
1.1336144923e-02
-5.3529512403e-03
-2.9057374660e-02
-1.9203482214e-02
3.7949842436e-03
-4.8238122516e-03
-1.1864655077e-03
1.9519802119e-02
-1.6423950165e-02
-1.6520839677e-02
-2.7292264295e-02
1.3453602228e-02
5.7363777811e-02
-2.6670498055e-02
5.3429418943e-04
1.2673149877e-02
1.0376308607e-02
4.0490796679e-02
-1.2995909950e-02
1.1189344283e-02
-9.9730499301e-03
5.6830006988e-03
-2.3766438948e-02
-1.0748764131e-03
-3.0012639837e-02
2.3657288224e-02
-3.5669101915e-03
-2.6224334046e-02
-5.8401177557e-03
-2.1180242978e-02
9.6628373787e-03
-2.2876064400e-02
-5.1554883731e-03
2.1285244415e-03
7.2857954142e-03
2.4271304238e-02
1.1993122887e-02
7.5037887533e-03
-2.1991760916e-02
3.7267273142e-04
-1.4077369662e-03
6.5907307143e-02
3.0137457675e-02
-3.8459231725e-03
-2.3456558152e-02
8.7628664294e-03
2.3184044523e-02
-1.8466898847e-02
3.3185473322e-02
1.7292618885e-03
-1.4944134700e-02
-4.7130877133e-03
-1.8177510334e-02
-1.7666297497e-02
-2.8607163740e-02
1.3801934351e-02
-2.7689928139e-02
-1.1568172068e-02
-1.8021466051e-02
-2.5118667989e-02
3.5963171382e-03
2.9844833821e-03
-1.1714019511e-02
-1.9126755054e-02
5.7286604980e-02
2.4474917525e-02
-1.3223322038e-02
6.8554396134e-03
-1.7170563941e-02
4.7365636514e-03
-6.2596682446e-03
2.1608774942e-03
-7.0382326104e-03
9.2797030136e-03
-2.8560459858e-02
-2.3726705116e-02
-5.3486823736e-03
6.9510960960e-03
-3.8693808368e-03
5.0514628846e-03
-6.3298924221e-03
1.2661102644e-03
3.0848435875e-02
-2.4617733434e-02
-2.3294797280e-02
-2.8281407608e-02
-1.5464270075e-03
-2.5505015448e-02
-1.3841782608e-02
-4.4301406329e-03
5.8808199798e-02
-1.6178609149e-02
-5.2253829531e-04
-1.9186739561e-02
1.9818729946e-02
-2.0104330823e-02
4.2055213261e-02
4.5358684757e-02
-2.0555551684e-02
1.1458555961e-02
1.5643433835e-02
7.4182833767e-02
4.0886097437e-02
1.6755842304e-02
2.0036272622e-02
2.1460060051e-02
7.7652814341e-03
-1.9133010089e-02
-2.8005052795e-02
-2.7013006306e-02
-3.1049062513e-03
-9.6211770595e-03
2.5081167250e-03
-1.5716903216e-02
-2.8689006322e-02
-2.1186289399e-02
-1.8965022964e-02
1.5806899952e-02
-1.3228231180e-02
1.4090003974e-05
4.1313092343e-02
-9.6630038934e-03
1.0758574715e-02
1.7123648956e-02
-2.2135280383e-02
4.4958531078e-03
7.9342026475e-03
1.8940973463e-02
3.7720809202e-03
4.8194856659e-02
-2.7852969032e-02
-1.7252330979e-02
-2.7496685018e-02
-9.2009704037e-03
-2.1513229664e-02
2.8545690935e-02
-2.8267291511e-02
-1.0181230507e-02
-2.8760549035e-02
-4.4833426185e-03
-2.3402402976e-02
1.4910294624e-02
1.4746242181e-02
-2.6025645079e-02
-1.3690748254e-02
2.3750150939e-03
-1.5300402805e-02
5.2150335027e-03
8.3248899838e-03
-8.6402455182e-03
1.2796209142e-02
-2.3674814045e-02
-5.9929444222e-03
-2.2161941312e-02
3.4038593354e-02
-8.0294605395e-03
-2.2095663605e-02
-1.8682581542e-02
5.2521915697e-03
8.0469965571e-03
1.9535085100e-02
-1.7118072724e-02
8.0890578619e-04
-2.1814032246e-02
4.2656505760e-02
9.9002892582e-03
-2.1012846001e-02
1.8397110119e-02
4.3392583208e-03
6.6890077429e-04
-1.4988867580e-02
-1.5895416503e-02
1.4527370147e-02
-2.1885905396e-02
-2.5735141141e-02
1.6035658280e-02
-9.8387551873e-03
3.1409297454e-02
-2.0205990089e-02
-2.9858309718e-02
-1.4072598548e-02
-1.2117383097e-02
-1.9330351266e-02
-2.9918218425e-02
-8.6716611027e-03
5.7776707617e-04
-1.7435248599e-02
-7.3084332164e-03
-5.4758636615e-03
1.6060533791e-03
-1.6326111157e-02
-1.7110814692e-02
-5.2564022183e-03
1.8155591346e-02
6.6979541442e-03
-2.4479086684e-02
2.5475939726e-03
-1.0070241458e-02
2.4629206092e-03
-2.4920164997e-02
-2.6046516725e-02
6.1321660649e-03
1.4603242521e-02
-6.2673321225e-03
-1.7087190707e-03
-1.9740683134e-02
8.6011486738e-03
1.9971019387e-02
-1.2652332580e-02
2.3726663615e-02
-2.2163602707e-02
4.7159192761e-03
2.0449254372e-02
3.4661143916e-02
7.5128457982e-03
-1.3777673030e-02
-2.8198076403e-02
-1.4281416104e-02
-5.4399673976e-03
-1.7456432743e-02
6.3434955656e-02
-6.9444784333e-03
2.4017669967e-02
-2.9384973220e-02
-1.2959258958e-02
1.1606768943e-03
4.2519856823e-02
1.4158914811e-02
5.5096170034e-03
-2.4080832117e-02
2.3914346105e-04
4.6895771615e-03
-2.8130740805e-02
-1.0363312047e-02
-1.6836822255e-02
-1.2580410996e-02
-1.7600850919e-02
-4.9243789811e-03
3.7232751846e-02
-8.9321339349e-03
3.3462015488e-02
1.4554534702e-02
1.7657998672e-02
-1.3913287584e-02
-1.0180217096e-04
-9.8682830850e-03
-1.8339260730e-02
-2.7839846139e-02
-1.2471395627e-02
-2.5624137548e-02
-5.8660141282e-03
2.0237316640e-03
-1.6995765084e-02
-2.4928494417e-02
-4.3053115782e-03
-2.2429966273e-02
-1.7598990802e-02
-2.0904359853e-02
-7.8224207958e-03
-2.0120852929e-02
1.3591595074e-02
-6.8757504363e-03
-2.8464382313e-02
-1.7396541945e-02
1.6307636425e-03
-1.0607380167e-03
-1.7747658769e-02
4.6421717040e-02
1.0408212393e-02
-2.3216497376e-02
1.7179345814e-02
1.4446224695e-02
2.4035194947e-02
-2.2530162621e-02
8.0272189817e-03
-6.8134168775e-03
3.1965949615e-03
3.3228275638e-04
1.9287497113e-02
-9.2541615912e-03
1.6725949500e-02
1.6599244683e-02
-2.5436981359e-02
-1.7082073915e-03
2.1758954936e-02
-2.0845829944e-02
-3.0518397350e-02
-2.2535405207e-02
-2.2732254711e-02
-1.2325994630e-02
-1.8283671022e-02
-1.2623051034e-02
1.0946512607e-02
-1.3923334969e-02
-2.4119693566e-02
3.9645793124e-03
4.0116606238e-02
1.1239068534e-03
-2.4718873058e-02
1.9387826765e-02
-2.8067574695e-02
-1.7843065913e-02
-1.8464860952e-02
6.5164090061e-03
-1.3207712581e-02
-3.3290428861e-03
-1.1465522924e-02
-2.5232188408e-02
-2.6319618210e-02
-3.0458266904e-02
-5.8005559538e-03
-2.7637693061e-02
-1.8398890339e-03
3.0506115170e-02
7.1739200885e-03
4.4180730290e-04
-2.6188733129e-02
2.9370155130e-02
-2.9683070484e-02
3.5496123267e-02
3.0464847559e-03
4.5592785123e-02
-3.2170078662e-03
-6.6897347343e-03
5.5464937084e-03
4.4350430480e-02
5.9482295116e-03
-1.6302894005e-02
-2.1269660036e-02
-3.9344105631e-03
-2.1097658800e-02
-1.0151907806e-02
2.0412311880e-02
-1.0124957503e-02
1.8747027417e-02
-2.9827063015e-02
-1.0533023238e-02
1.4192132923e-03
1.4070357364e-02
2.9443481858e-02
5.5842005457e-03
-1.2887888940e-02
-4.2193751325e-03
-2.9020968513e-02
2.8498309933e-02
-1.7471379741e-02
-2.5899888998e-02
-1.8017724297e-03
-2.8977741103e-02
2.9453641009e-04
5.6650164728e-02
-1.9237237323e-02
6.0543705089e-02
5.6894106016e-03
-1.6101567782e-02
-1.7940429707e-02
-8.8318867606e-03
-1.4204978440e-02
2.0644695407e-02
-2.4215186291e-02
-1.8386490612e-02
-1.6315442335e-02
-1.0971807056e-02
1.6909606337e-02
1.4427506453e-02
-4.7416588621e-03
1.3179568221e-02
6.8746506011e-02
-2.5246988508e-02
-1.2637480955e-02
-1.6541671828e-02
1.3236806778e-02
-5.5997554536e-03
1.8251694634e-02
-2.7133385192e-02
-5.2932337839e-03
7.1828793565e-02
3.6970906481e-02
1.4409780339e-02
3.4738436466e-03
-2.6435652460e-02
-1.0005666062e-02
-1.1741969765e-02
-1.4887950456e-03
1.6340393912e-02
7.4092982147e-03
-1.9495903339e-02
-1.4569571439e-02
-1.1194970291e-02
-4.6910543115e-03
-1.5160470493e-02
1.4540684524e-03
9.7363775807e-03
1.5627653947e-02
5.3752348679e-02
-2.7863719830e-02
-2.5115941614e-02
-2.9972584532e-02
-4.5713076862e-04
1.9968867973e-03
7.5857038887e-03
-1.3562134040e-02
1.6163509012e-02
-2.5444742286e-02
-2.5471357449e-02
-2.2330993832e-02
-2.4938844457e-02
1.4156086574e-02
9.8145747789e-03
6.5628693016e-03
-2.5608235410e-02
1.2364751962e-02
-1.1924968707e-02
2.2242371323e-02
-7.8291104371e-03
-2.5993511196e-02
1.9017158573e-02
-1.6137673948e-02
-1.3605008681e-02
-2.7634626506e-02
9.9711630469e-02
1.1105281841e-02
-2.6618149357e-02
3.8512191503e-02
-2.1428415345e-03
-2.2348543687e-02
-6.0777627536e-03
-2.7592235059e-02
-1.1247429496e-02
-9.4034672642e-03
2.6492182900e-02
-2.2651214318e-02
-1.0995673080e-02
5.2981137658e-03
-9.1681881564e-03
-2.7349265391e-02
1.0072944122e-02
6.9231064913e-02
-2.3439097203e-02
2.0083572517e-02
5.2243489191e-04
-2.5946821190e-02
-2.5013238066e-02
9.5667640119e-03
-2.0766850585e-02
-1.3485598826e-02
-9.1915535052e-03
1.4480487950e-02
7.6193685644e-02
-8.6734053237e-03
-2.3992783190e-02
4.3835238523e-02
-2.2400398377e-02
4.2965583651e-03
2.6030404616e-02
-2.1209481903e-02
1.5989514536e-02
4.2356646206e-02
2.0579082339e-02
-1.0801956672e-02
-1.0717868498e-02
2.8196155879e-03
5.7269762033e-04
1.4627367238e-02
-2.9812583755e-02
-9.8789689022e-03
1.6224944413e-02
2.4868784775e-03
3.4462917401e-02
4.2865531648e-02
-1.3640448288e-02
2.2068416726e-02
-1.5769536703e-02
-1.4797785328e-02
-7.7123444863e-04
-8.9103749801e-03
8.6413120736e-02
2.0127709759e-02
-1.7848433300e-02
-2.1730367058e-02
-2.6184282296e-02
3.2122456213e-02
-2.2707007450e-02
-1.7362902064e-02
-1.2057078028e-02
1.2308661870e-02
1.9123289287e-02
-9.9159306093e-03
1.9936448414e-02
5.4486110187e-03
-1.0757593353e-02
-3.5732340093e-03
-2.0561493409e-03
3.4576598772e-03
-1.9982085248e-02
1.6031401221e-02
2.7651762126e-03
-6.7916634414e-03
-1.1321001608e-02
-2.7839758251e-02
4.7390362997e-03
1.9363268188e-02
-1.6757839657e-02
2.4558642223e-02
-2.4359413656e-02
1.9469772330e-02
-2.8209799229e-03
-2.7419819550e-02
3.6221998172e-02
-1.2744517921e-02
3.4278456048e-02
-9.5161304796e-03
-1.9181519090e-02
4.9979892054e-02
3.2018924709e-02
-2.2623795876e-02
-2.3266097219e-02
-2.3497878228e-02
-1.2007641453e-02
4.0440170332e-02
-9.4327013937e-03
-2.4419570854e-02
-1.6102594970e-02
-5.0296476679e-03
1.2736264466e-03
-2.3318973093e-02
-7.8865002136e-03
-3.2072634659e-03
-1.1965961361e-02
-5.2196228164e-03
-2.6431706518e-02
6.0766223343e-02
-2.7134679830e-02
-1.3616261928e-02
4.6248230152e-02
4.6808964076e-03
-1.5510202239e-02
-2.3228853916e-02
-2.6058936369e-02
-1.1948641470e-03
4.6807910094e-02
8.8461314949e-03
2.8800481879e-02
4.0355470411e-02
-1.6890858728e-02
-6.0308105311e-03
-2.8404054605e-02
5.2518780236e-03
2.3306804328e-03
-2.5726031411e-02
5.1421698927e-04
2.6415767811e-02
-2.3352762765e-02
-8.8690160135e-04
2.5726463472e-02
-1.1339483167e-02
-1.9649474730e-02
6.3081659733e-02
9.6586370866e-03
-2.0067873893e-03
2.5222419335e-02
2.6618115520e-03
-2.7942674732e-03
1.3148090648e-02
-3.5206888986e-03
1.5704744053e-02
-2.2093984850e-02
-2.4427834216e-02
1.0023515763e-02
-1.7981510475e-02
-1.6427300668e-02
-1.4481929528e-02
1.0227407323e-03
1.9794118262e-02
1.4890028046e-03
4.7233050833e-02
-1.5286387879e-03
-8.3792265438e-03
5.8755573421e-02
-1.9843548403e-02
-2.2760124312e-02
-2.3608128673e-02
-1.0637782098e-02
2.8005800375e-02
-1.1457558228e-02
-1.2609881070e-02
-1.3720611643e-02
-2.3163322565e-02
-2.9953515447e-03
7.4843207601e-03
-2.6044035466e-02
-7.1979180000e-03
1.1151690286e-02
-2.8379281878e-02
-8.2109905952e-03
6.5002065199e-02
2.1411775904e-02
2.0363692888e-02
1.6126710677e-02
-7.7338777487e-04
1.1437578512e-02
-1.0888852992e-02
-1.1282857339e-02
-1.1686053531e-02
-9.0135837231e-03
4.6313412762e-03
3.3232463625e-03
2.5299125847e-02
2.5178110647e-02
-2.4051804544e-02
2.3140594395e-03
3.2842230289e-03
-2.1220197038e-02
-1.8481266658e-02
-2.7995545692e-02
1.6277576054e-02
-3.5683505661e-03
2.2622106194e-02
-1.5903257342e-02
3.4604488889e-03
-1.1557891140e-02
-3.3699878660e-03
2.9154122324e-02
-1.6828545554e-02
-1.8342045774e-02
3.5602844607e-02
1.0281652581e-02
-1.8677444746e-02
-2.6838611403e-02
-1.3464421204e-02
-2.0132982838e-02
-2.5692510807e-02
2.9846738072e-02
-2.9075431663e-02
-1.1521233678e-02
2.1608853306e-02
-9.1769297938e-03
-7.6346886541e-03
1.2110452688e-02
5.2041089213e-02
-2.2815702440e-03
-1.0351859193e-03
-1.5018912664e-02
9.5470384403e-03
5.5177607789e-03
-9.3146698096e-03
5.2215175430e-02
2.7911556267e-02
-1.6925947033e-02
2.4060776565e-02
3.7777726334e-02
-1.9834711038e-02
-2.4821188582e-02
-4.3777301238e-03
-1.7803127552e-02
-2.7404432420e-02
3.7123532926e-02
2.7361971954e-03
1.4768922007e-01
-4.6294255054e-03
2.0231553135e-02
4.4709205674e-03
-1.1267165247e-02
3.0985234261e-02
-2.2985453596e-02
2.4509161888e-02
4.1985865221e-03
1.0621595868e-02
3.3443034717e-02
-1.5336251091e-02
2.0191202786e-02
-8.0824608585e-03
-1.5959731992e-02
-2.3740474891e-02
2.1901315325e-03
2.6186387253e-02
-2.6243508784e-02
-1.1205289920e-02
-4.8569814958e-03
4.8206159080e-03
-1.3451600835e-02
-1.7084062896e-02
-6.9274401453e-03
9.2702692691e-04
-6.7098510782e-03
6.5836872685e-03
2.3839944038e-03
1.7813963219e-02
1.3198390778e-02
1.5421999932e-02
1.4439664726e-02
-2.9512242059e-02
1.2452580849e-02
-1.5257195272e-02
-1.2285432799e-02
-1.5711371790e-02
8.8600525260e-03
7.9156886396e-03
-1.6762676148e-02
-1.1750239220e-02
2.1677386562e-02
-4.2804804273e-03
5.3575272789e-02
-1.1990870743e-02
-1.9487154783e-02
-4.9313127450e-03
6.7026108851e-03
2.2988684156e-02
-1.1379133173e-03
4.8003258712e-02
-2.0872862876e-02
-1.3932024758e-02
1.3475321497e-03
2.7237157183e-02
-1.1450438686e-02
8.8761560451e-03
-1.5741930917e-02
-7.1783036807e-03
6.4505758939e-02
4.1936898230e-02
-2.6967052894e-02
4.4784635532e-02
-1.6010407030e-02
-4.6510414992e-05
-2.5415026975e-02
-2.8885054828e-02
6.2266839713e-03
-2.7032711066e-02
7.7140518108e-03
1.8043674821e-02
1.9778774899e-04
1.3339457106e-02
2.9459316649e-03
-2.8391368136e-02
-2.7562658847e-02
-1.1713580841e-02
-2.5924597637e-02
-1.6891747587e-02
-6.3273247355e-03
8.3052796955e-03
-2.6546903985e-03
5.3379446097e-02
-2.9575395266e-02
-2.0820197584e-02
-2.7445658554e-02
9.2795202070e-03
-1.9858097187e-02
1.9685089180e-02
-1.6797696495e-02
3.0959498135e-02
-2.2064444471e-02
-1.7118306852e-02
-2.1834845421e-03
-1.5610258020e-02
-1.6535109552e-02
2.9957715397e-02
-5.2130907367e-04
-9.7093501511e-03
8.3645017658e-04
-1.3778384734e-02
3.7475056663e-03
-7.7032791971e-03
1.5727899140e-02
-1.8860511062e-02
8.2604819539e-03
3.1379007336e-02
1.1445856831e-02
-7.2226167990e-03
7.7042080672e-03
-2.6592832995e-03
7.4790937267e-03
-2.6800383529e-02
1.6858582851e-02
1.7564175027e-02
1.4876825392e-02
2.6993218431e-02
-1.0341818336e-03
-2.3389017414e-02
-1.3056845509e-02
1.0710541861e-02
-2.2507617104e-02
1.8760492229e-02
-2.1630282166e-02
3.2591358261e-02
4.9485815143e-02
-8.4145782759e-03
-1.8272091428e-02
1.7888705884e-04
2.0823329524e-02
1.7076319183e-02
-1.9091062503e-02
4.0974324901e-03
8.7634746398e-03
-2.3832779346e-02
-9.1130656963e-03
1.9889775932e-02
-4.7450816249e-03
-2.4175636550e-02
5.6690805277e-02
-2.6689506540e-02
-2.8126959191e-02
-1.0136191832e-02
1.9779344035e-02
-2.4569430331e-02
4.5732173231e-02
-9.7690605343e-03
-2.1937277087e-02
-1.1370163818e-02
-2.9613104938e-02
-7.0161176657e-03
4.4517403208e-03
-8.9232041351e-03
-1.8233822388e-03
1.7471080528e-02
1.1643671741e-02
-9.9036656103e-03
3.2382986194e-02
-1.6027113426e-02
2.1694072509e-02
2.0186904009e-02
5.4121273957e-03
1.0507792120e-03
-1.9875843592e-02
-2.6831036907e-02
-2.7310386406e-02
8.7693968607e-04
-1.8481824565e-02
-4.3142724338e-03
4.3021549939e-03
-1.5269562352e-02
-2.2025213294e-02
-2.4602356354e-02
9.8632632908e-03
-1.5295735095e-02
-1.9800415601e-02
1.1752280516e-03
-4.1295152470e-04
-2.5696683172e-02
-5.3760026125e-03
-2.2556954755e-03
8.6738678404e-03
-1.8102666073e-02
-2.0957413846e-02
2.5974372982e-02
1.6521140707e-02
-9.5183567051e-05
-2.0300486422e-03
-1.1319127866e-02
5.8927011969e-02
4.7372872056e-03
-2.2439978455e-02
1.8184250571e-02
-1.6729184909e-02
-1.6084033908e-02
-2.4632662363e-02
3.2891342372e-02
3.9762751045e-02
-3.9097578683e-03
-1.6973361405e-02
-2.3402907613e-02
-1.7624963518e-03
1.4317066468e-03
-2.2088610747e-02
2.9348426286e-03
3.4862749998e-02
-2.9920348738e-02
-2.5918833105e-02
-1.5384232241e-02
1.3861962566e-02
1.8430043525e-02
-1.1570910915e-02
1.2893740354e-02
8.0690138718e-03
1.5117267493e-02
-1.0448647873e-02
-2.6697374025e-02
-8.0298440885e-03
1.4960384265e-02
-1.3945379619e-02
-2.1706324181e-02
-2.6955100917e-02
-1.0423861468e-02
-3.3020850151e-03
2.6645106879e-03
2.6681915967e-02
-5.7115470821e-04
1.0848860464e-03
-1.9417386655e-02
-1.0445120019e-02
5.8517546556e-03
9.3770052616e-03
-2.8259198598e-02
2.9154416754e-02
-8.6433043761e-03
-1.2982016649e-02
-4.8415998414e-04
1.3473120325e-02
2.0896069328e-02
-2.5552646947e-03
6.1304169985e-02
-8.1745592198e-04
-8.7972842797e-04
-2.0921346658e-02
2.2203910745e-02
-2.8584236440e-02
2.9141232138e-02
2.3276498671e-03
1.1063730418e-02
-7.4505363396e-04
2.3332392100e-02
-1.0807658503e-02
3.5898414390e-02
6.0208080001e-03
-7.9164215833e-03
-1.0753940510e-02
5.3925055964e-03
7.2433664577e-03
4.8339633755e-02
-1.4889879236e-02
-2.3628181308e-02
-1.5962451257e-02
-2.2281833872e-02
-1.1424287193e-02
-5.2454610115e-03
2.2754574065e-02
4.7251668029e-02
-2.1102496167e-02
7.1325599553e-03
1.1819749877e-02
5.0919166699e-02
-2.5989724326e-02
-2.8411975290e-02
-1.0113219730e-02
-1.0798838709e-02
-1.5445670338e-02
3.0142251235e-02
-9.3402985413e-03
-6.3646590895e-03
7.8943384065e-03
-3.5192181535e-04
-2.4669962868e-02
3.4770299212e-02
1.8091665579e-03
-1.5809859879e-02
1.8802432537e-02
-1.7411585471e-02
-2.4492491626e-02
5.9533840979e-02
-1.7724726955e-02
-1.4881489265e-02
1.6793176385e-03
-2.4921521036e-02
2.2239399137e-02
-8.5304743998e-03
4.0479247212e-03
-2.6427113732e-03
-2.1098105598e-03
5.3898411574e-03
9.8444063427e-03
-2.4842441721e-02
-2.7248376650e-02
-2.5201657336e-02
-2.2490849734e-03
-2.4674488632e-02
6.6547318956e-04
-2.4653106999e-02
1.1534981784e-02
-2.7473697362e-02
-2.6630865043e-02
-2.5752092228e-02
1.2670960850e-02
5.5823450369e-02
-2.6134661596e-02
-2.1214221632e-02
-1.7301359720e-02
4.0489975578e-02
8.7552377552e-03
1.9394288238e-02
2.7382942459e-02
-1.3328792625e-02
-2.3117108071e-02
9.6827595797e-03
-2.3115608247e-02
-2.4529316369e-02
-1.0380041900e-02
-1.8531804344e-02
-9.8803945082e-03
5.8956646440e-03
8.7407956186e-03
-4.2567436210e-03
3.1537741089e-02
-6.8366860070e-04
1.4773293386e-02
5.4410732874e-03
4.6971534445e-02
-3.8136558271e-05
5.5055145451e-03
3.0273437614e-02
5.9190571259e-03
2.1641438444e-02
1.0030904541e-02
6.0603845460e-02
1.0832088216e-02
2.3861423361e-02
-1.5681863560e-02
-1.1602999788e-02
-1.1400185344e-02
-2.2434389973e-02
-1.2456362673e-02
4.5839846032e-02
-2.1325712129e-03
1.6291377123e-02
2.8193642139e-03
-8.0726725064e-03
9.2306249660e-02
-7.2083064568e-03
1.5861829772e-03
-1.1151455310e-02
1.7703151621e-02
3.5788460477e-02
3.8258785070e-02
1.0323252453e-02
-3.3135569619e-03
-2.0451196006e-02
2.2926905473e-03
-1.3910480060e-02
1.3649689833e-02
-1.6899244604e-02
7.0497346918e-02
3.0100568108e-02
-1.3130759735e-02
1.0940730025e-01
-2.4645980691e-02
-1.4450145379e-02
-7.3922124224e-03
6.0170347699e-04
-1.1449723562e-02
8.6347252665e-03
1.6070284550e-03
3.0029861905e-02
-8.3996576073e-04
3.9386381400e-02
-9.9521356550e-03
-7.3928323538e-03
-1.3040072461e-02
2.5531998732e-02
-1.1423180219e-02
-1.9955880195e-02
-2.5399322204e-02
1.8668099412e-02
1.2098090177e-02
-1.9253161443e-02
4.1747713559e-03
2.9905755645e-03
-1.4967420961e-02
-2.3665908901e-02
-1.5719765536e-02
-2.1061160158e-02
9.2431785726e-03
-6.7284264076e-03
-2.7485595933e-02
-6.1203002541e-03
-5.4098447140e-03
-3.3830932917e-03
-1.6581430318e-02
-2.7641598170e-02
5.6098575120e-03
-1.6878607178e-02
-1.5283440791e-02
-1.4147682377e-02
2.7340045357e-03
-1.0171177578e-02
-1.3424020668e-02
1.4587269318e-02
2.2608768465e-02
1.4843179268e-02
2.2124508963e-02
1.1751557215e-02
5.8498759501e-04
5.7306713862e-02
6.9817231521e-03
-1.6640006944e-02
-2.2863528241e-02
4.0821526922e-03
-2.2054953056e-02
-1.3095331166e-02
9.7114209177e-02
5.0984005367e-02
4.3456198925e-02
-2.6470928526e-02
9.8438393991e-03
1.4600727926e-02
3.1283661351e-04
1.2933583308e-02
8.6643765264e-04
7.0993956921e-02
-2.9976286496e-03
-1.8056252982e-02
-1.1471701259e-02
-6.1471111720e-03
1.4715797979e-02
-3.2961266822e-03
-1.0535890484e-02
2.8168905460e-02
-2.5041481941e-02
-2.8109249285e-02
-1.2290542030e-02
-8.8069622487e-03
-2.8193035765e-02
-2.5071697577e-02
2.3915046050e-02
-2.4556122260e-02
1.2469585633e-02
-2.0895674054e-02
-2.9306192723e-02
-5.8526445679e-03
-1.3062817477e-02
-8.7653572340e-03
-1.8072948750e-02
2.8068973695e-03
-3.7344749420e-03
-1.7382960163e-02
-1.3177161408e-02
-2.6528690717e-02
7.5416139019e-03
9.1213336833e-02
-1.7728351110e-02
-2.5110226525e-03
2.0496568108e-02
3.0715371826e-02
2.1293582448e-02
-2.3274244341e-02
-2.6875268763e-02
3.0937322783e-02
5.1577685809e-03
-2.0128907243e-02
9.3496382969e-04
-2.5839478639e-03
1.2564672139e-02
5.5379985783e-02
-1.5590020300e-05
-6.1214074462e-03
-4.3008262574e-03
1.0631148474e-02
-8.8912969238e-03
1.1406086432e-02
3.9169023996e-02
-5.4199184294e-03
-2.2378925244e-02
9.8724080251e-03
-1.7709785828e-02
6.1143775962e-03
7.6045860721e-04
-1.0421367566e-02
-2.6737018538e-02
-1.7623109551e-02
4.8614601760e-03
-1.7025309939e-03
-2.7942913758e-04
1.0183677133e-02
-1.5960386263e-02
-4.8510750419e-03
1.8194857144e-02
-1.8812309962e-02
-9.6239996362e-03
-1.7082826863e-02
-1.3181572431e-02
7.2795535969e-02
-2.4297804753e-02
1.2223173791e-03
1.0833886807e-03
-7.4847177117e-03
-1.4703516819e-04
3.8488586369e-02
3.9904856186e-03
-1.4578655854e-03
7.3322784432e-02
8.3412696292e-03
2.0669582694e-03
2.7613374595e-02
-6.8955882654e-03
-1.7090475211e-02
1.5872688744e-02
-2.6032445925e-02
-2.0630211446e-02
-2.2278329693e-02
3.9727833974e-02
8.8016595124e-04
1.6849403864e-03
8.9262434164e-03
-2.9908186860e-02
1.9248614558e-02
-1.2631218697e-02
1.4026542890e-02
1.4406912021e-02
-2.3435087617e-02
-2.2785564188e-03
-2.0622231192e-02
-1.5696557912e-02
-4.6266396116e-03
1.0371952881e-02
7.7162080257e-03
4.8296370592e-04
-7.6510026169e-03
8.8982714927e-02
5.6044239276e-03
-1.5269283699e-03
1.2208971808e-03
-2.3425861677e-02
-9.7684766719e-03
-3.3589695155e-04
-1.0412948655e-02
6.9181392798e-02
1.4243849888e-02
-1.4806260798e-02
2.7088344431e-03
2.7303956878e-02
6.1624456992e-03
1.6802673601e-02
-1.5595971400e-02
-2.3340108768e-02
1.9348978284e-02
-2.9178150482e-02
-2.8943464035e-02
-1.4361607228e-02
-2.0176425422e-02
7.1652134751e-04
2.0692539590e-02
-3.0466196809e-02
7.0758962734e-02
2.0968231096e-02
3.3396776198e-03
-1.9597173727e-02
1.7983505139e-02
3.7362019881e-03
-9.8917169244e-03
-8.2668865852e-03
1.1316293037e-02
-3.0322212787e-02
-1.6194583147e-02
1.1678176946e-02
1.9665774803e-02
-2.1248314216e-02
-2.5360204635e-02
-7.1019205944e-03
1.3024230498e-03
-2.2791572010e-02
-1.3423017456e-02
-2.7596743207e-02
-9.2604344134e-03
1.3088493054e-02
-3.6353705728e-03
-2.3553388825e-02
-2.8756176214e-02
-1.3487046565e-02
-1.9664916930e-02
-2.7089269341e-02
-2.4444611618e-02
1.1199680146e-02
1.0821575512e-02
1.1152524248e-02
-1.2428638172e-02
1.4562990130e-02
-1.3778016548e-02
-2.3011709140e-02
-2.1449015133e-02
-1.9734934793e-02
-1.8014056046e-02
7.1581520216e-03
9.8078472349e-02
-4.3507230567e-03
1.5173646184e-02
1.7852119447e-02
-6.3897422379e-03
2.3103059087e-03
-1.3304714309e-02
-2.5138467287e-02
1.3972419944e-02
5.7772278951e-03
2.4900017920e-02
1.4164406680e-02
-2.1900941098e-02
3.5943849664e-02
1.6241521030e-02
-9.4949835961e-03
4.3873501721e-02
-2.0162387532e-02
7.2100833399e-03
-1.9591471182e-02
-1.2523741924e-02
-5.5522993380e-03
-1.2291287777e-02
1.7766315242e-03
-1.6631757367e-02
5.9230319726e-02
1.1712778759e-02
2.6860039691e-02
-4.9682673106e-03
8.8056492161e-03
3.2249984603e-02
1.7083632249e-02
4.3347768854e-02
-3.0744598869e-03
3.6254585350e-03
1.8709975907e-02
1.0410669238e-02
-2.1619024774e-02
1.7534351672e-02
9.9997237705e-03
-3.0585796897e-03
-1.1299867582e-02
-8.6553046758e-03
9.0786206543e-03
2.1148460780e-02
2.1918155649e-02
-1.0142818402e-02
2.2308490872e-03
-1.9588111218e-02
-2.1325637688e-02
9.0225346729e-03
-2.2010248676e-02
1.8374939094e-02
-8.5806336999e-03
3.7206335541e-02
-1.9067953305e-03
-5.7452596666e-03
-9.7478670982e-03
-7.6938364258e-03
-8.4977422489e-03
-1.3064585101e-02
-2.0018420121e-02
1.2976693329e-02
1.1679301608e-02
8.6466918868e-03
-2.0435719432e-02
-1.2569619739e-02
-6.4210536525e-04
1.1405922674e-02
-1.6884212279e-02
-1.1353437047e-02
-7.5807233182e-04
-2.4833260406e-02
-1.9913968028e-03
-2.0937887676e-02
2.8287368440e-02
2.8508277600e-02
-2.3675108677e-02
5.6200671682e-02
2.3766529097e-03
-2.5705589824e-02
-8.6503262915e-03
5.3104167474e-03
-3.6256255601e-03
1.2331379427e-04
-2.5148160598e-02
-2.1575133485e-02
-1.9054660416e-02
3.6107818243e-02
1.4841594783e-02
-1.7659677569e-02
-1.2299830549e-02
2.7137513638e-02
-3.7799980033e-03
3.7464133293e-02
-4.5125543601e-03
1.0925783216e-02
-1.1110099225e-02
-2.7249263797e-02
-1.8528302497e-03
2.5047255464e-02
-2.8012962397e-02
1.9252649634e-02
-1.0696967700e-03
-1.9819272270e-02
2.6178070660e-02
8.7664249109e-02
-2.5048396557e-02
6.4578090052e-03
-1.9341577497e-03
-1.7758507481e-02
-1.7604831813e-02
2.3735017269e-02
-1.2901898281e-02
-1.8135569794e-02
-7.7120493211e-03
-1.0508018984e-02
-1.3778224396e-02
5.6991475786e-02
-1.9074535706e-02
3.5221581544e-02
-2.8518720995e-02
-1.1547230625e-02
1.3371521473e-04
-2.4800253182e-02
-2.8215415070e-03
8.7975133503e-03
1.5339803563e-02
9.9977452200e-03
2.2971969839e-02
2.8199171764e-03
-2.6424962110e-02
3.6361433112e-02
2.4697881043e-02
1.9802549947e-02
4.8491397300e-02
7.0474131522e-03
-2.9059863676e-02
1.2932401547e-02
2.9849848929e-02
-2.1063831432e-02
2.3920210404e-02
9.6607507691e-03
1.1892153923e-02
-6.3480165061e-04
2.3387782422e-02
-1.6878953782e-02
1.6324451160e-03
7.1669437897e-03
1.7677546817e-02
1.7160686966e-02
-1.5787775402e-02
2.8012349169e-03
5.3016743908e-03
-2.6792454370e-02
5.2672931825e-02
-1.6497370492e-02
3.3182520403e-02
4.6262158073e-02
4.5399636146e-02
3.4793053988e-02
-7.4512013340e-03
-1.6020826448e-02
-1.8756280239e-03
1.4212847581e-01
1.6652343489e-02
-2.0638476265e-02
6.9543253640e-04
-2.5521572706e-03
-1.8596498505e-02
1.6584581711e-02
-1.3163749066e-02
-9.1098805008e-03
-1.5037558751e-03
-2.3730885060e-02
-2.9522943050e-02
-2.4290273767e-02
-2.6787118594e-02
9.2104738003e-03
-1.4032004665e-02
-9.7453783418e-03
5.8354593077e-03
1.5277310813e-02
1.5925095815e-02
-1.3990128661e-02
-1.3870960274e-02
-3.1178108799e-03
1.4399632576e-02
-2.7660275566e-02
-5.6116178106e-03
-9.8185069816e-03
-2.5470077640e-02
2.7190332621e-02
4.2455241149e-03
-1.2827930810e-02
3.0212344527e-02
2.5585808732e-02
4.1400214635e-03
-2.6629253474e-02
3.6994360215e-02
3.8211507075e-03
5.4586440741e-03
-2.3821627880e-02
1.2271769077e-02
-1.6059122716e-02
-1.1305618769e-02
5.3078741897e-02
-1.1255934471e-02
1.8632748676e-02
5.5344511202e-02
2.6922910460e-02
-9.0194743010e-03
1.3215490785e-02
-1.7197725875e-02
8.8172820355e-03
-1.9209013982e-02
3.7259250313e-02
-1.6231413377e-02
4.4101194882e-02
4.4389655007e-03
1.3131765804e-02
-1.7132853815e-02
-1.1430896041e-02
-9.4058227345e-03
-4.6716944649e-03
-8.7292013175e-03
-1.1687386208e-02
-1.1865259147e-02
-2.8298383753e-02
-1.6055531008e-02
-1.0893925956e-02
-1.9760976559e-02
-3.6865970476e-03
-2.7710980245e-02
-2.0476475109e-02
-6.1085912516e-03
-2.4705466353e-02
-1.5430673804e-02
6.0815209040e-03
-4.9410941356e-03
-1.8296471731e-02
-1.6943622995e-02
1.5661423177e-03
-8.6967408193e-03
9.2642318794e-03
-9.7128761640e-03
-1.5802520294e-02
-2.9887423577e-02
5.0574138632e-03
1.0073924197e-02
1.8323963059e-02
1.9983629709e-02
-2.5339443424e-03
7.3192441344e-03
-1.4659052926e-02
-2.1529398066e-02
-1.6862399468e-02
-1.1804216173e-02
-2.2777930990e-02
-2.5461961495e-02
-1.8840865220e-02
5.5683656105e-02
-1.0910369183e-02
-1.9346953532e-02
-1.9122313448e-02
4.6688311238e-02
1.5759438636e-02
-2.2839497481e-02
-6.5580049794e-03
