4.7816971812e-04
-9.1924524578e-05
-1.2401390586e-03
-1.0740181362e-03
1.1516170567e-03
-5.8099108035e-04
8.2342260925e-05
1.1831517810e-03
4.1879185650e-04
-2.5657359175e-03
-1.1928480441e-04
-1.1555801270e-03
1.2029354502e-03
1.6933524504e-04
-1.0896090307e-04
1.8644944543e-04
4.5669671166e-04
-3.2353438667e-04
-9.9898968343e-04
4.0607549705e-04
-1.9775292878e-03
-1.3767986248e-03
6.3222656792e-04
3.5240409735e-03
3.0615238892e-04
5.2201480932e-04
5.3066573308e-04
2.8685214137e-04
-4.9451300166e-04
-8.4014896013e-04
-1.0547103364e-03
1.8804069010e-03
3.0677600677e-04
-2.2078930400e-03
2.5103281098e-03
-1.9785238956e-03
-1.1650711465e-03
3.5995947250e-04
1.7062692399e-03
2.7255374123e-04
-5.7864467624e-04
-1.9292809703e-03
4.3679396688e-04
-2.2374076670e-04
-8.3863674973e-04
-3.8903131344e-04
-1.5320233562e-03
-1.2208445971e-03
-9.8140258261e-04
-6.3854886204e-04
-4.3429857392e-04
-2.5460737530e-03
-4.0274200071e-04
-1.0353909295e-03
-3.6811718261e-04
-2.9938040825e-04
2.2688013885e-04
-1.9679956917e-03
5.7370266159e-04
-1.3492575774e-03
1.4447610618e-03
5.5895204000e-05
-7.1986932742e-04
-1.9124779332e-03
2.3216210737e-03
-1.2161670232e-03
5.7133763593e-03
-1.0319518574e-03
1.3999205950e-03
-7.4501718762e-04
1.1037990825e-03
2.4263744933e-04
5.7715805010e-04
-5.4851382909e-04
2.6332620314e-03
4.6125817818e-04
2.8946008636e-03
-3.2168892317e-04
-7.7357157748e-04
-9.0980760203e-04
5.3364964372e-04
-7.4858231779e-04
3.0360807217e-03
-9.6151285484e-04
2.9316544683e-03
1.0677885231e-03
-1.1631640374e-03
-2.1024224195e-03
9.4449797151e-04
7.4605423727e-04
-5.0982151841e-04
-4.9166876619e-04
1.1415460339e-04
2.3121288364e-03
6.1796265296e-04
-1.3180847150e-03
-1.5191165969e-03
-2.0065930648e-04
1.0040534163e-03
1.5751835788e-03
1.3999657824e-03
-4.8267252840e-04
-9.9334147154e-04
1.1864301010e-04
-4.2889742100e-05
-2.7234206709e-03
-1.5665183684e-04
-1.0874175420e-03
-1.0301636570e-03
-6.0029345938e-04
1.8452841595e-03
4.9095507166e-04
2.2438028963e-03
3.3124707666e-04
-2.1099780303e-03
1.2213442735e-03
-3.1029008095e-03
1.2998652378e-03
5.6178261424e-04
1.9063517316e-03
-3.2613095472e-04
-5.0015944479e-04
-4.8127136588e-04
-8.7341807312e-04
1.2681042091e-03
-1.4378784126e-03
1.0438908147e-03
-9.9816842399e-04
-1.6963770020e-03
2.1525032695e-03
-2.9325121747e-04
1.3008602451e-03
-1.1620618788e-03
-2.6965836927e-03
3.1119639397e-03
-2.3976743445e-03
-1.1845352994e-04
-4.3764482535e-04
-7.2859103659e-04
1.1879671287e-04
-1.3441079788e-03
-2.6779399340e-03
1.1133895191e-03
-1.7164616294e-03
-1.7179215106e-03
-1.0166270205e-03
1.1259910311e-03
-1.5138136634e-03
1.2154745344e-03
-1.1999212090e-03
-1.4490139500e-03
2.8125053706e-03
-6.5887453147e-04
2.5544358059e-04
-6.8870914640e-05
-1.9504051042e-04
-1.7843078960e-03
-1.1688439189e-03
-2.9272580778e-03
1.4134890912e-04
-1.2602314027e-03
9.8831456878e-04
2.1386431851e-03
-4.8838774340e-07
-7.1392534532e-04
3.0607876312e-03
-1.0525057757e-03
3.2067481558e-03
-3.2705228584e-04
-9.1771003127e-04
9.0366362579e-04
-2.5327227748e-04
-2.5513417303e-03
-8.7855836656e-05
4.8837615380e-04
-1.5938096786e-03
1.0931855153e-03
5.8012349856e-04
-1.1819997996e-03
6.9441570380e-04
2.0502626208e-03
-4.9174210514e-04
1.6070545504e-06
-8.1480398101e-04
7.8858970687e-04
-3.0841642009e-05
-2.3505413384e-04
-1.1804218621e-03
-2.5365946721e-04
-1.6687680631e-03
-9.0031594981e-04
9.5207326019e-04
-4.5328357006e-04
5.4092868711e-05
1.2365488779e-03
-1.8335507320e-03
2.4486950288e-04
3.5470337014e-03
-1.9290629962e-03
-5.2115747238e-05
-2.3920227810e-04
-1.1978876344e-03
-1.0546105084e-03
-9.7165798346e-04
-4.4836035338e-04
-2.5078227541e-03
-2.7353730498e-03
1.8241030184e-03
-2.7675768137e-03
2.1445936535e-03
-5.8595504678e-04
3.3674476331e-03
-2.9844107298e-03
-5.3169087464e-04
9.2968800854e-04
-9.0823662096e-04
-2.0749536221e-03
2.1819555672e-03
3.1383937286e-04
9.3388576037e-04
-6.6476823517e-04
1.0131903035e-03
1.6643396859e-04
-9.2564490455e-05
-8.9572801574e-04
-2.7720699702e-03
-1.4934900020e-03
6.4497606122e-05
4.2389738678e-03
2.4596399841e-04
-9.5503204612e-04
-2.6410038629e-03
2.1324312473e-03
1.5546760933e-03
-7.9421321381e-04
-7.9387252473e-04
1.4345060295e-03
1.1185538509e-03
1.3445962433e-03
-1.6845768600e-03
-1.3236699213e-03
3.8883520973e-04
1.4481787431e-03
-1.3392522782e-03
3.4878386830e-04
-7.7100154525e-04
1.7062618706e-03
-2.2836394698e-04
1.5760286248e-04
-8.8113102900e-04
-4.6668461554e-04
-1.9949050125e-03
-1.1704561410e-03
-1.1055193579e-03
2.3854019571e-04
-1.3339686267e-04
-7.8645681772e-04
1.1275999904e-04
-6.2848135319e-04
-9.7535423936e-05
2.4967681311e-03
-1.4765565069e-03
1.9276267272e-03
1.1681798947e-03
1.1678014743e-03
9.5633030885e-04
2.8924013772e-03
1.2682554747e-03
-1.2865312713e-03
2.2560175163e-03
1.3442298268e-04
-4.7593480714e-04
-2.3537704708e-04
1.0022542530e-03
-1.0600534242e-03
6.5255999069e-04
-3.9475353493e-04
-1.0171951374e-03
2.5845554107e-04
3.3023495346e-03
8.8171165550e-04
4.0084334899e-03
5.1185571100e-04
4.2653154209e-04
5.8897091370e-04
1.0539664874e-03
1.5044066362e-03
2.5092689937e-04
1.9766677133e-04
3.2615076763e-03
2.6044994299e-03
2.0983816296e-03
-7.7415301259e-04
2.8099807648e-04
1.9240519224e-03
-2.5912689304e-03
2.4732782250e-04
1.2314280200e-03
1.7793286920e-04
-1.1988988159e-03
-2.0506446737e-03
1.5447531994e-03
1.5864623303e-03
2.8102764381e-04
-4.1728280851e-04
1.3116527140e-03
-2.5103774265e-04
1.5987263092e-03
-1.4569409940e-03
-2.6677062538e-04
1.0336888822e-03
-1.8982257406e-03
-1.0591166492e-03
-1.6247651679e-03
1.4565651737e-04
1.3991142216e-03
-5.2900751687e-04
1.0813155007e-03
-6.2782759802e-04
-3.8145164645e-04
-1.0116245016e-03
-7.2526499618e-05
1.6890508290e-03
1.2435327017e-03
2.4440551232e-03
1.4330458067e-04
1.1177652084e-04
1.0709203009e-03
-3.1377003332e-03
2.5456783694e-03
-1.5526698700e-03
-2.0902206902e-03
-5.7851957615e-04
6.6697402108e-04
2.3079467334e-03
7.1176385270e-04
-6.7663346245e-04
6.7544051440e-04
1.3927113735e-03
2.8853469604e-03
4.4449377083e-04
2.3930894223e-03
-8.6088157028e-04
-4.0147745369e-04
1.0265532706e-03
2.2825351332e-03
-6.4476122948e-04
-1.4584169550e-03
-1.1669286300e-03
1.9112955775e-03
2.5703257319e-03
2.1862338092e-03
-7.4014826462e-04
-1.1726326435e-03
2.4913765861e-03
1.5288511835e-04
-2.5069290310e-03
6.0975222993e-04
-3.0846356448e-04
-5.9473552577e-04
2.4722888395e-03
3.3757207649e-03
-1.8026968576e-03
-3.2537787624e-04
-5.3727683389e-06
1.2445519890e-03
1.1710000418e-05
-3.9711052954e-04
1.7035607288e-03
-6.0674417610e-04
-4.2621248610e-04
-3.4019155482e-04
-1.2321689848e-03
3.8105998441e-04
1.5380761600e-03
5.1176995758e-04
5.0121025315e-05
1.2432897307e-05
9.1859713071e-05
2.6739068144e-04
-1.7259442845e-03
-8.3319144460e-04
-2.0891903515e-04
2.4877814441e-03
-2.6476587509e-03
1.2746015223e-03
5.0070928793e-04
-1.2102680496e-04
1.3111610919e-03
-1.4725733347e-04
-2.0646774775e-04
3.2638913360e-03
1.6722095610e-03
5.3677209321e-03
-3.6726435959e-04
-4.7678173161e-04
-1.5075048578e-03
4.1400081936e-04
-1.3580021349e-04
1.4068833727e-03
5.9429506065e-04
-8.2045560815e-04
-8.2562548981e-04
-1.8314491564e-03
-5.9293333998e-04
2.4366657444e-04
1.8699763873e-03
1.9784375281e-03
9.4207674715e-06
-1.0779760101e-03
-6.5245580301e-04
1.5298127050e-03
-8.0567861530e-04
2.3292808444e-03
-1.3592497145e-03
-1.2420895773e-04
-4.5298686850e-04
3.2805112346e-04
2.5597094998e-05
-1.7405150629e-04
1.4263479911e-03
2.6080605145e-03
1.6018410060e-03
6.4854648469e-04
7.1868470315e-04
2.3255904299e-04
-1.2961954222e-03
-1.3913548682e-04
-6.3229714296e-04
1.0306485260e-03
6.4287522775e-04
6.0840207407e-04
1.0354212370e-03
2.1733142499e-03
8.6109409922e-04
-2.0712594282e-04
5.3821032558e-04
-2.5494717572e-04
-1.6892918510e-03
-4.9863333245e-04
-6.2981212247e-04
7.6642504738e-04
-6.9823233179e-04
-1.7117191150e-03
5.8265722802e-04
-9.0134194577e-04
-1.2968555012e-03
1.1364441409e-03
1.5718193598e-03
2.0984164270e-04
-1.7358812201e-04
-6.1701432575e-04
1.5191832996e-04
3.7476497595e-05
-3.7591569438e-04
-2.3827988871e-03
5.7548007307e-04
-3.0548630639e-03
2.1293931048e-03
2.0526871391e-03
9.4122394468e-05
-9.9922384392e-04
3.1712980151e-03
1.1101372695e-03
1.7465854426e-03
-4.1069644353e-04
-8.2642121137e-05
2.4812827129e-04
-1.0451685651e-03
-7.2358919612e-04
1.4212431629e-03
2.3941617898e-04
2.1085672980e-03
-1.1186619524e-03
4.6623054525e-04
-1.5472405624e-03
4.3381112226e-04
2.3324599659e-03
-5.3302288644e-04
5.8058757682e-04
2.2033034706e-03
5.0344710543e-04
-1.4526731088e-03
-1.3635353184e-03
-6.0565856207e-04
2.3895314021e-03
8.6634298084e-04
9.8926464177e-04
1.2813295414e-03
1.5717014320e-03
-5.8201644540e-04
1.3360088694e-03
-4.2650215172e-04
-2.1804459157e-03
5.6844727392e-03
-5.8339938234e-04
1.6113115657e-03
1.6916520216e-03
-9.9732158357e-04
-1.3278192801e-03
6.0245720791e-04
1.4369322584e-03
-9.2531652126e-04
-1.1560944878e-03
-8.5260344740e-04
-1.2360642577e-03
-2.5205646423e-03
1.6909316845e-03
6.0662548353e-04
4.3568667597e-04
-7.0475998246e-04
-6.3120900546e-04
8.7970781864e-04
8.3174226420e-04
1.3704476146e-03
-1.3274956326e-04
3.2824261059e-03
5.3916005056e-04
-6.8214643551e-06
3.0721747420e-04
-1.3571031696e-03
8.2858864173e-04
6.3230556941e-04
4.1811879022e-04
1.8180558730e-03
-1.0218743238e-03
-6.0633678620e-05
8.9522675143e-04
-1.0714833564e-03
7.0976456374e-04
-1.2923556058e-03
-2.2746783616e-03
-5.4845323563e-04
2.6920701190e-03
2.2751716333e-03
-5.7873716596e-05
1.2567471459e-03
7.1166184056e-04
3.6612209299e-03
-1.6223396098e-03
1.3983076134e-03
-2.4678333048e-03
-1.9525304209e-03
3.8063098407e-04
8.4859388245e-04
-8.7044308782e-04
1.5495435734e-03
4.2302575990e-04
8.8046537765e-04
9.6333460154e-04
-1.4584358048e-03
1.2968161541e-03
1.1414642618e-03
-1.2517233747e-03
-3.1513996387e-04
4.4837562560e-03
-1.2046542505e-03
-1.2351871047e-03
-3.0849323434e-03
-1.9792152105e-03
3.8453936679e-03
-3.1301717275e-04
-6.2254287999e-04
6.7362447252e-04
1.3448851170e-03
4.7968527861e-04
2.0925970310e-03
3.1816586487e-04
-7.2471402588e-04
-9.8608915909e-04
5.3642765803e-04
-1.1858338226e-03
-1.2527910789e-03
-4.8598740043e-04
-1.4601428882e-04
3.0257387019e-03
1.5701713081e-03
2.7575294354e-03
-1.3572796159e-03
-1.2533989705e-03
-1.2423109474e-03
7.4406581553e-04
-3.2245041170e-04
-6.6418812478e-04
-1.1266152607e-03
2.2359470019e-03
-1.0313339697e-03
7.6288174657e-04
-5.5462665584e-05
2.1551422851e-03
-1.1420353726e-04
-1.4325345749e-03
5.4625874858e-04
-5.2913904433e-04
-1.7907564913e-03
-9.0632238263e-04
-4.9993476652e-04
-7.1347726060e-04
-4.1356588983e-04
-1.3205660734e-03
-6.5380149429e-04
-1.0431891510e-03
-3.1976372888e-03
-7.7784267049e-04
-1.0217441183e-03
-9.5443523961e-04
-1.4287033261e-03
1.1460585871e-03
-8.9190552886e-04
-3.8008077225e-06
-4.9445585185e-04
3.3050615624e-04
-3.6594226571e-04
8.3245563730e-04
3.1995251714e-04
-1.6841131150e-03
-5.7715781338e-04
-1.7130215926e-03
1.1610446852e-03
3.1460833375e-05
2.7247275812e-04
-5.1861694325e-04
-1.1941750861e-04
-6.8912388153e-04
-3.3662332482e-03
-3.6872472352e-04
-1.3320069720e-03
5.6648094627e-04
2.9507653520e-03
1.7161593813e-03
3.8355662757e-04
-1.2495590277e-03
1.0806505099e-04
1.5811682903e-04
1.2067501587e-04
-2.0286109855e-03
1.9892489566e-03
-4.8221868251e-04
-1.2212720060e-03
9.3748393571e-04
1.5969312415e-03
9.8904580030e-05
-2.0165327878e-03
1.6555540713e-03
-6.5562705148e-04
1.8545622305e-03
2.3852550174e-03
-1.2679169214e-03
-9.1492728559e-04
1.4819091661e-03
2.8566693151e-03
3.8908709736e-04
-1.5675245888e-03
-9.5171186065e-04
-2.8267375053e-03
4.9230915634e-03
2.6693518183e-03
2.8052282892e-04
-1.1929331202e-03
-1.2287154882e-04
3.7202606572e-04
-2.6920544442e-03
-2.2588871621e-03
4.2973388166e-05
-1.8451193260e-03
-6.4983993049e-04
-4.4251057697e-04
-2.7727017042e-04
3.1798411015e-04
-1.5294370502e-03
3.8159333423e-03
-1.3491241370e-03
2.9982376846e-04
-1.7465211578e-03
4.8808056605e-04
1.2030739532e-03
-1.6953131305e-03
1.2090420905e-03
2.1824439049e-03
-5.7023460629e-04
3.0109615435e-03
9.0322511164e-04
-1.5639744913e-03
-1.5025825889e-03
-7.7352433783e-04
2.5026513550e-03
-1.0695860775e-03
2.1649663187e-04
-1.0904366326e-03
-3.1940840528e-03
1.1121615278e-03
-1.7477867426e-03
-4.9630577116e-04
-1.8187040593e-03
-8.3746754489e-04
1.2660787316e-03
-1.0285108904e-03
2.1731885549e-03
9.6165833508e-04
2.3893123674e-03
7.3035875240e-04
-1.5106120390e-03
-1.9262677315e-03
-8.0057946470e-04
-2.7619551459e-04
-1.9474383533e-03
-8.3638045358e-04
-1.9014079600e-03
2.7296125952e-04
2.0391251309e-03
1.1320504176e-04
2.7263782123e-03
7.5366344611e-04
7.5744213602e-04
-7.8145346433e-04
-5.4322733199e-04
1.8693710050e-04
1.2150838187e-03
1.7533762046e-03
6.7412440158e-04
-1.4546059394e-03
4.5770708251e-04
-2.5961255830e-03
1.2051758671e-03
-8.7720095851e-04
8.7743810556e-04
-1.2533081429e-03
-1.7476105361e-04
-8.3725909124e-04
7.5683024205e-04
-1.5034338205e-04
1.5429617097e-03
1.4983138519e-03
1.1295101633e-03
-7.3216767050e-05
1.2297795844e-03
-1.7570934106e-03
4.9959879593e-04
-8.8894576089e-04
1.4884238943e-03
-2.1571308357e-03
-8.3484597185e-04
-8.7580054517e-04
1.8351020074e-03
1.7424690283e-03
-7.1491976560e-05
-6.3490367049e-04
2.6573674434e-03
-1.5482778028e-03
-1.7070861666e-03
1.8087789535e-05
2.4218334709e-03
4.3494536123e-04
-6.3578420704e-04
-1.1796133553e-04
-2.4729680472e-03
-9.2359253806e-04
-9.8534993644e-04
-1.2364287638e-03
7.4560541958e-04
6.2808859687e-04
-1.0153228776e-03
-2.8654957867e-03
-7.0604265558e-04
1.4727465784e-03
1.4942790004e-03
2.6289710097e-03
-2.6503401425e-03
1.7305156377e-04
-6.5357937465e-04
8.9213621473e-04
-8.9534434178e-04
-1.6878284930e-03
-2.2359629886e-03
-8.1722197720e-04
-8.0992837313e-04
2.0006926588e-05
1.8827535125e-03
-7.9554396199e-04
1.9837996546e-04
1.8817275927e-03
4.4869577101e-04
-1.3099274141e-03
-1.8758843419e-03
3.4584473954e-03
2.3163520084e-03
-1.0605652871e-03
-2.8853811319e-03
-1.3482543483e-05
-5.4917932673e-04
7.6263356513e-04
3.2213402530e-03
-3.0634230493e-03
-8.5361253536e-04
-1.6277193079e-03
8.5498986822e-04
-2.9144439502e-04
7.3277275376e-04
1.6397501873e-03
2.3354796133e-04
9.9957314566e-04
7.6292247487e-04
-6.0897242321e-04
8.6112282277e-04
6.0996853557e-04
4.1711113509e-04
-1.7126911502e-03
-3.9195827287e-03
-6.2130114478e-04
-1.9949663633e-03
-3.2764177446e-03
2.0315545304e-04
1.4874797391e-04
4.6254478319e-04
7.2370866849e-04
2.6320271652e-06
3.2998508872e-04
1.2369663986e-03
3.3914750187e-04
1.2922143529e-03
2.5183684666e-03
9.5343604175e-04
3.4377739821e-03
-6.8059683976e-04
-1.7336799423e-05
4.3107687086e-04
-1.5265689284e-03
-7.5397213551e-04
4.8405507897e-04
6.6900112150e-04
3.6379195189e-03
-7.2135614812e-05
-1.7085354921e-04
7.6048923750e-04
-1.9204657647e-03
-9.4467936806e-04
-4.9828703295e-04
-5.3662713872e-04
-1.2372129128e-03
5.2428796020e-04
-9.6125483386e-04
-7.1251727918e-04
-7.6335534082e-04
-1.3030683635e-04
-4.4798988463e-04
-1.8359575008e-04
-1.0960728128e-03
-6.1110904598e-04
5.2875608796e-04
-9.0869127692e-04
-1.5504014375e-03
1.6369598126e-03
4.7218837196e-04
2.5146908769e-03
4.1508679415e-04
6.1652235446e-04
-1.9534557400e-03
3.7041475124e-04
2.9803744879e-04
-7.8894221895e-04
-1.3525303358e-04
-6.9109815862e-04
3.9205910818e-04
1.0956747387e-03
-2.4948959132e-03
1.8850123645e-03
-1.2824836177e-03
-5.6080550690e-04
1.6124855603e-03
-5.3194614654e-04
8.9323621103e-04
-3.7888888110e-04
-6.9115524015e-04
1.7647006548e-03
1.1279031203e-03
9.3214020090e-04
-1.9734435287e-03
-1.4924612262e-03
-2.4848170232e-03
-1.8206095980e-03
4.3655347992e-04
-9.2518461978e-04
3.0715835944e-03
-3.8685036985e-04
6.2811767699e-04
-4.2718845832e-04
-1.4455766551e-03
-1.2611950716e-04
7.1600126438e-04
-4.6643073200e-04
1.3835885368e-04
-1.2299325526e-03
2.7292753051e-03
-2.7682544282e-03
6.6622656618e-04
-3.0730628541e-04
5.7990980727e-04
-2.9676089505e-04
-4.3037539202e-04
1.6656961182e-04
1.1556581267e-03
-6.8294453243e-04
1.1267133943e-03
-2.1915351083e-03
1.4178426451e-03
1.4158264644e-03
-4.0378526937e-05
7.6918168655e-06
2.9384691818e-04
-1.6370850941e-03
1.9302605155e-03
-2.7107980953e-03
5.4245181670e-04
4.6112392902e-04
3.3281840716e-03
-2.2850407340e-03
2.1131592564e-03
-2.0838168029e-03
-9.7235593646e-04
7.9480120936e-04
2.4823421402e-04
1.0194254569e-03
2.4288787248e-03
1.5565709380e-03
-2.9959304448e-04
-5.3881349674e-04
1.0813098149e-03
-1.6401907990e-03
-1.3571206993e-04
7.6041073225e-04
-6.3071165673e-04
8.0636249124e-04
-5.6262551932e-04
1.6033245464e-03
-8.3280838182e-04
-3.1981720794e-04
-8.7355678638e-04
-1.1220500375e-03
1.3211203952e-03
1.7825104397e-04
2.3649775287e-03
8.7765976336e-04
-2.2982787588e-03
2.4799767730e-04
-6.7600657092e-04
1.1849095014e-03
2.4060049582e-03
-1.8329113076e-03
1.3150355287e-03
7.2977922553e-04
2.4043009552e-03
-1.4227501527e-03
7.4031380749e-04
8.8662896418e-04
-1.1362546217e-03
2.7413984045e-04
-1.4508919323e-03
1.7869720680e-04
3.6961679461e-03
3.0605997315e-03
2.3233684876e-04
5.3617855604e-03
2.7494418429e-04
1.0897287571e-04
-4.0811680694e-05
-1.6826682828e-03
1.3396865682e-03
1.4465568148e-03
-1.2853766571e-04
-2.0786632723e-03
4.9711403908e-04
7.8118161496e-04
4.2590540218e-03
2.2647530685e-03
-1.0147063818e-03
-1.6141118011e-03
8.7985921788e-04
2.6919468902e-03
-5.6313597925e-05
5.5037023685e-04
-1.3154387326e-03
6.1703538614e-04
-3.7984364214e-04
-4.9870519780e-05
6.6525248955e-04
8.7892899273e-04
-8.5709338472e-04
-5.2449828114e-04
-1.0500624220e-03
-4.9700684526e-05
-1.3874129146e-03
1.0491014772e-03
4.9845989385e-04
1.2984965603e-03
4.4677290259e-04
2.9580267925e-04
-2.4276962494e-04
1.8278588265e-04
7.2207142518e-05
1.8462442349e-03
-3.1271925270e-03
1.0923576567e-03
-3.6334981097e-04
-3.9562879853e-04
-1.2611812688e-03
-1.3350328985e-03
9.6185826103e-05
2.7424839944e-03
8.1721958582e-04
-8.2220341399e-04
-1.7636034438e-03
2.2063691784e-03
1.0468339594e-04
-8.8249044845e-04
2.6904194677e-04
1.0091531862e-04
-1.1049418003e-03
1.1670239059e-03
1.9214089691e-04
2.9922117136e-03
6.7604211844e-04
1.4765874996e-03
-2.5902355120e-04
1.6235340298e-03
1.2674891066e-03
9.4562534697e-04
-3.9107492643e-04
-1.3684783313e-03
-1.5957601420e-04
1.6137735867e-03
9.9766501360e-05
7.7804402224e-04
-2.8941932730e-04
-9.1188693144e-04
1.3019237686e-03
2.2436797672e-03
-5.8269870688e-04
-2.4355502752e-04
2.3074097068e-04
-2.8682768693e-05
-1.1712811972e-03
1.5173194357e-04
-4.3097841149e-04
9.2889123750e-04
3.7768898575e-04
-6.3633788844e-04
-1.5287829689e-03
-1.3375067455e-03
-5.4552181865e-04
2.4936859216e-04
-1.4888609424e-04
-1.3095422622e-03
-1.4201066926e-03
1.2269426310e-03
4.8053437005e-03
3.9938226262e-03
-2.7067171289e-03
-6.6690691457e-04
1.4418539827e-03
4.4784025914e-04
1.2540412078e-03
-9.0097753493e-04
6.3019676413e-04
-7.1260312843e-04
7.1618139705e-04
1.1409973385e-03
-1.3499733037e-03
-4.4718258817e-04
-1.6487838491e-03
-9.1982128366e-04
-2.0320873365e-03
-9.6451393911e-04
-8.6837760239e-04
-4.2464652395e-04
1.4123508345e-03
1.2602449285e-03
-2.2777672719e-03
6.5160322741e-04
2.4432150250e-03
9.1824081668e-04
7.7254534090e-04
-1.6863919283e-03
2.2655554950e-03
-8.8407520725e-04
-7.7988849781e-04
2.7112822854e-03
-3.2415993210e-04
-8.2572993664e-04
-6.3514361065e-04
1.2036930256e-03
1.0790443708e-03
2.8184923901e-03
-4.8641268831e-04
1.0698983507e-04
1.2300903948e-03
-3.0283906896e-04
2.3940668157e-03
1.1971612477e-03
2.8773733520e-04
1.2452026565e-03
-3.6221623197e-04
-2.3119700923e-04
5.4683116462e-04
-8.4732178574e-04
-9.1826803401e-05
1.2024649190e-03
1.0671801718e-03
-9.2996107962e-04
2.8329123904e-04
6.3063682477e-04
-9.3729569553e-04
-2.5897494887e-04
2.3329100135e-03
-8.7611247062e-05
3.7704363635e-03
-6.8933289009e-04
-1.5116892717e-03
-1.0836638895e-03
-2.0746391519e-03
-1.4413104634e-04
1.6625635322e-04
-1.0226893078e-03
1.3133344217e-03
-2.2804562609e-03
-9.3138264393e-04
2.1791179990e-03
-2.7669956473e-04
-9.0761745550e-04
1.7847582622e-03
4.4649714266e-04
1.9312409166e-03
-3.1795770303e-03
-3.3328500799e-04
-1.1816279363e-04
2.5706063138e-03
1.3575481964e-03
4.5944761161e-04
3.4717188554e-05
8.7043635732e-04
-1.8135640545e-03
-1.0041229566e-03
-1.0142362715e-03
-1.8639026721e-03
1.6461452708e-03
1.1128131221e-03
-1.5017261752e-03
1.9788535589e-03
-2.1637412452e-03
-1.7830090477e-03
5.0622490032e-04
4.4547495743e-04
-1.5429634253e-03
-1.4133448486e-04
1.9985015949e-03
-9.8408506245e-04
1.2306876685e-03
-9.1274803338e-04
-3.8445221461e-04
1.8593474510e-03
1.1202838367e-03
-1.6923977720e-03
2.2928913492e-03
-4.7555754450e-04
2.7362759249e-03
-2.6595658958e-04
9.2384145978e-05
-2.3087524200e-03
-1.0707863810e-03
1.2226752906e-03
-2.1507739463e-03
-1.1501919909e-03
-1.8378840004e-03
-3.5210955455e-04
-3.8633212418e-04
3.1667337570e-04
2.0869097397e-03
1.4980285747e-03
-1.9852575140e-04
-7.9719834099e-04
-3.4653026925e-04
1.1918493417e-03
-6.5117927667e-04
9.7127171141e-05
6.8324946744e-04
2.7081180006e-04
3.8051475680e-04
1.0916926725e-03
8.8344630161e-04
1.1650379232e-03
-1.0953218676e-04
-2.3286455927e-04
-1.4659713575e-04
-1.7662725171e-03
-5.5009013265e-04
4.5344734696e-04
-1.1798261488e-03
-1.9589610592e-03
-6.3623936412e-04
4.3643348216e-04
-1.0173712583e-04
1.3667883411e-03
-1.0607048934e-04
-1.1012888972e-04
-2.3584199207e-03
-2.1802303550e-03
3.3561323907e-03
-1.6937685364e-03
-5.5818874136e-04
-1.1365645484e-03
-1.6569043016e-03
-9.3131070429e-05
-1.5010313663e-03
3.8883362629e-04
-1.4350654615e-03
4.2308785713e-03
8.4710345648e-04
-1.6936632463e-05
1.0209153037e-03
-2.0362204381e-03
-1.4892889770e-04
8.1045256729e-05
1.1392994188e-03
1.3161722096e-04
1.6280400190e-03
3.5749634860e-04
-1.0681872195e-03
2.7074547134e-03
-9.6185935135e-05
-6.2983263957e-05
-2.8140577943e-03
-1.9539316918e-03
-1.5097704587e-03
3.0871329713e-03
-2.4103665165e-03
-1.5947908935e-04
-1.5143251597e-03
-1.4871138044e-03
8.1208668000e-04
-2.6912719604e-04
1.8577699155e-03
-2.7161052537e-04
-1.2368007089e-03
9.1698354366e-05
-1.2858980361e-04
3.9334807259e-04
1.8738596107e-04
-1.2972917995e-03
1.7334647891e-03
6.1161337153e-04
-4.3445843999e-04
1.2469653743e-03
3.1733310434e-04
9.6322839607e-04
6.8788958725e-04
1.0399206230e-03
-1.5158543618e-03
7.2683384831e-04
-9.2045280788e-04
6.5464526731e-04
-1.6311399846e-03
1.8081922980e-03
2.1926508091e-04
9.1861811586e-04
-1.5690989104e-03
-1.3159392241e-03
-4.3045291030e-04
-9.8843861170e-04
-3.3623935779e-04
-6.7894432078e-04
4.1678678123e-03
-1.7350927877e-04
-1.7083573416e-03
1.3439331517e-03
-4.4543322943e-04
-2.6760361339e-03
-1.4587995843e-04
5.3382947796e-04
2.0408537320e-03
1.3548813170e-03
5.3379090358e-04
-3.3659499794e-04
4.3005852345e-04
1.6433900901e-03
1.3731436556e-03
-3.2722410861e-03
-6.4493014490e-04
3.7312421953e-03
3.0700850552e-04
-4.1228969056e-05
-9.6751433956e-04
-1.4105519706e-04
-1.4007138291e-03
1.5603078160e-03
4.2369349942e-03
8.7639471751e-05
-1.0533739565e-03
5.1136934561e-04
2.2270105775e-03
-9.3706553260e-05
-1.2985096988e-03
-1.8811952833e-03
-3.9198912387e-04
-1.1764095705e-03
-1.5639959409e-04
1.3261731329e-03
1.3522092507e-04
1.9526226248e-03
-1.6449819298e-03
-1.8684040246e-03
-7.0871282278e-04
-1.1834557595e-03
-7.0014911215e-04
-5.4150488766e-04
1.6883408272e-03
-5.8464673954e-04
-1.3866322720e-04
-2.0832662873e-03
2.2980647458e-05
7.5809674889e-04
-1.0697892034e-03
-8.1216582067e-04
7.7181163489e-04
-1.0030282279e-03
6.6796419585e-04
-8.2238255939e-04
-9.3705112059e-04
4.4011822303e-04
-1.0813338180e-03
-7.2803998524e-04
7.1443348450e-04
-1.3336770783e-03
-1.8094415850e-03
1.3222472798e-03
-6.9736843643e-04
1.2533965475e-03
1.0744699622e-03
2.5035281785e-03
-7.8550615989e-04
-1.1591033226e-03
3.3574203800e-03
1.2624956433e-03
1.3705366633e-03
-1.0362351836e-04
2.1644051797e-03
2.7720929202e-03
-1.2064364053e-03
-5.3363463224e-04
-1.2155027865e-03
-1.7813937639e-05
-1.8876363659e-03
4.6413365543e-05
-2.0083816531e-03
9.9075927893e-04
-1.3627145749e-03
-1.0160863328e-04
1.0742087654e-03
2.2064464069e-04
2.7603564225e-04
-4.3327669809e-04
-1.1435028643e-03
1.2077352764e-03
-2.3603174346e-03
6.6921114872e-04
1.8893777129e-03
-1.0987532509e-03
2.0885386985e-04
5.1118551097e-04
1.3018565970e-03
1.6282701930e-03
7.8463260628e-04
2.8787117490e-03
-3.6449637643e-04
-1.7287023886e-04
-7.4250060477e-04
-2.4225754747e-04
-2.2883109720e-03
-2.4923973096e-03
-1.4355335484e-03
1.4032183798e-04
-8.6025103557e-05
-2.2919253847e-03
-7.4713236812e-04
8.6420634884e-04
-6.2723500206e-04
2.3492101290e-03
5.7538671400e-04
-6.0654947078e-04
-1.2898133340e-03
1.4057386326e-03
-9.8391979699e-04
1.8213270981e-04
-1.2221371410e-03
2.0362241202e-03
-5.0565568690e-05
9.5141911055e-04
-2.4184241554e-03
-6.5625404109e-04
-7.3188597426e-04
-1.7276398017e-03
2.8986525363e-03
-5.6586900588e-05
1.2252143950e-03
-7.7233348793e-04
-2.0224217765e-03
1.8459017133e-03
-1.5708466465e-03
-5.1954120860e-04
2.2279339331e-03
1.3697498569e-03
-1.9251636206e-03
-1.9779674246e-03
-1.7780399458e-03
7.5040815108e-04
2.1661166167e-03
-1.1333598216e-03
3.7401443715e-04
6.2850655506e-05
-1.5431318835e-03
1.0595722906e-03
-1.5783356323e-03
1.4049792049e-03
-4.8003721071e-04
-1.0071690243e-03
-6.4602862378e-04
6.2488117415e-04
3.3599598677e-03
2.6394021893e-03
-1.1719074657e-03
-1.1661509345e-04
5.7293468572e-04
1.7128184139e-03
2.0645294601e-04
-1.1707315067e-03
-6.3295140859e-04
1.1069162026e-04
-7.3832603897e-04
2.2895987066e-03
-2.7371307918e-03
-8.8209302112e-04
3.4082664431e-04
-1.3736131348e-03
1.3673733094e-03
-4.9664272943e-04
-1.8554501483e-03
-1.7906924457e-03
-3.9293780076e-04
-1.2891417539e-03
-6.3700221288e-04
-2.0844278084e-03
-1.9479870387e-03
-9.3087357783e-04
1.3025960090e-03
1.0928800450e-04
1.3035106182e-03
2.3379928010e-03
-9.2943036695e-04
-6.6652103396e-04
-1.4598207368e-03
9.3000142124e-04
-5.4558291705e-04
-1.6185565531e-03
-1.2395956810e-03
-1.2568629657e-03
-2.0242651117e-03
1.3191384266e-03
-5.8519841866e-04
9.0320284276e-04
1.1204108741e-03
1.7687184774e-04
1.6828282983e-03
3.8421740696e-04
-1.5884758854e-03
-1.1673772906e-03
-6.7543029013e-04
-7.1996962803e-04
3.7232662236e-03
4.6430896792e-04
7.9225385158e-04
2.8010983146e-03
-1.5714073864e-03
-6.9575055850e-04
-1.1381498490e-03
5.6095746003e-04
1.2266882255e-03
-2.3984329842e-05
-1.4008279904e-03
1.4002854496e-03
1.3673742127e-03
-1.3103120040e-03
5.9153216547e-04
-7.4755207519e-04
3.4679503013e-04
-9.6450235990e-04
-6.8731668480e-04
-1.5196122684e-03
-5.3517616815e-04
4.4974356081e-04
-3.9831663037e-04
2.3910293491e-04
-4.8998789665e-04
2.8710242545e-04
-5.8523240953e-04
1.6495623706e-04
1.5610628304e-04
-7.0450604424e-04
-1.4957681772e-03
-6.4959607724e-04
8.5251159085e-04
2.1596867976e-03
-6.8384456314e-04
-1.0927389828e-03
1.2079105055e-03
2.0738821190e-04
7.6791144230e-04
3.8534852187e-04
4.0370831968e-04
5.0726524935e-04
-4.0752613183e-04
-2.5258102023e-03
7.5608388604e-05
-4.0256647752e-05
3.5194650563e-04
1.3087207551e-03
-8.3477875363e-04
-3.4776710797e-04
4.2441702327e-04
4.9669403285e-04
-2.5609194125e-03
7.8959764795e-04
3.5009461238e-04
-1.0278049641e-03
-1.1074130198e-03
4.9955012723e-04
1.4322092959e-03
1.6093527103e-03
1.0986003014e-03
-2.1927422132e-03
-2.8613786132e-04
-9.9856883908e-04
8.3672891785e-04
2.4708631309e-03
2.5830872304e-03
9.2823635740e-04
5.7187161402e-04
4.6197955322e-04
-7.1635343202e-04
-1.3903524184e-03
-6.2582086780e-04
2.2526769226e-03
4.2044271906e-03
-1.1961905312e-04
-8.8537763487e-04
-2.5924068154e-03
9.3248233875e-04
1.6313755250e-03
1.8180848298e-03
7.9182060637e-04
1.8237989511e-03
2.0231963958e-03
-2.0641557843e-04
-5.1137649270e-04
9.3026357859e-04
-8.2256130752e-04
-1.8372515112e-03
-1.4607510768e-03
5.5206382467e-04
-1.3861885001e-03
-3.0142167071e-03
-1.5261248817e-03
-1.2322996042e-04
2.7444330967e-03
2.9583556535e-03
-2.7360403917e-04
-1.0947912884e-03
-2.4729693414e-03
-1.3056103949e-03
-3.5676546905e-04
-1.9680777137e-04
1.3897365072e-03
6.5154841689e-04
9.1262782352e-04
2.5196977061e-03
4.6493368983e-04
1.5234988226e-03
-1.1437189637e-03
1.2104037745e-03
-8.1314621813e-05
1.4911785435e-03
-6.4818913018e-04
3.7259069167e-04
-1.0869246388e-03
-8.7658220584e-04
1.9685871283e-03
4.3276208910e-04
-1.0221489267e-03
-1.1725370688e-03
-7.9648942241e-04
-2.0013743755e-03
1.1174314902e-03
2.3533439808e-03
-1.3596249597e-03
1.1483784885e-03
-1.7830547287e-03
-1.6674996637e-03
-2.5302144060e-03
1.8930808960e-04
3.0429993848e-05
-8.0017104625e-05
-1.0993049135e-03
7.2552678982e-04
-1.0090413192e-03
2.8564037454e-04
1.7981989100e-05
3.8899674641e-05
1.3532446437e-03
6.3988287876e-04
-7.7477143767e-04
-1.3403812968e-03
-9.6115148233e-04
1.0819847512e-03
4.9316934664e-05
9.2209595542e-04
8.7381895918e-04
-3.4757752297e-04
-1.8991911114e-03
2.1151824834e-03
8.2191356338e-04
-1.0987084321e-03
1.3637052900e-03
-1.3585785414e-03
5.0413676850e-04
-8.7456003796e-04
3.9985930436e-03
1.8619468571e-03
-2.7941987036e-03
-7.9084657276e-04
8.4240481337e-04
1.8230049558e-03
1.6203346933e-03
-7.3718290304e-04
-5.3119653735e-04
1.3969088422e-03
5.6081829531e-05
-1.1062360205e-03
9.4658241440e-04
-1.2056887213e-04
-2.0589199126e-03
-3.1453023550e-04
-2.0033507566e-04
3.3974764347e-04
2.2302158018e-03
-1.7000538530e-03
-1.4778690489e-03
-8.7430092075e-04
2.1759504444e-03
4.0636587694e-04
-2.5231192172e-04
5.4696211184e-04
6.9593462115e-04
5.0610482307e-04
9.5527617369e-04
2.1199489525e-04
1.0488963289e-03
-9.8139046304e-04
-1.2749599565e-03
-1.8601494295e-03
-8.2095095502e-05
4.3143746826e-04
-7.9380989823e-04
2.2752572429e-03
-6.3293170061e-04
-2.7762269089e-03
-1.3723844196e-03
-2.9269291767e-03
3.8976605028e-03
2.9516689057e-03
3.0682333173e-03
1.2410680938e-03
-4.2810091717e-04
-1.3390530735e-03
1.1496942708e-03
-1.3079570236e-03
-1.0513097247e-03
-1.4936046089e-03
2.1382880818e-03
1.2342520132e-03
-3.2092110231e-03
-1.6275967816e-03
4.7032156376e-04
-8.2261472742e-04
8.3190990403e-04
-2.4891825063e-03
-2.0265929067e-03
-2.4087911302e-04
-3.2589436001e-04
-1.0999067030e-03
-4.4217123925e-04
1.1244809953e-03
-6.7967642811e-04
-4.4577868954e-04
7.3780743271e-04
-1.6668264547e-03
1.8725755727e-03
1.7114086280e-03
3.6879703559e-04
-5.2756435468e-04
1.6875754660e-03
-1.8524224084e-03
1.5969519190e-03
1.5004994185e-03
5.3757872160e-04
4.1851006601e-04
-2.8112594421e-03
-7.2031152289e-04
1.8177662754e-04
-1.7296916359e-03
-2.2220710257e-03
1.1766193824e-03
-6.7093204893e-04
1.6319241909e-03
-1.0809187092e-04
1.4823479945e-03
2.0536545450e-03
7.2862638373e-04
1.0700236509e-03
6.9356553046e-04
-2.0414173178e-04
2.0682009228e-03
7.0813760558e-04
-9.9708836567e-04
-1.4346453843e-03
1.3017542724e-03
1.3035581855e-03
5.2451329286e-04
-9.7707026302e-04
1.1016224221e-03
1.4225582402e-04
-8.2601582311e-04
2.6047245019e-03
8.2972246019e-04
-6.5399278379e-04
4.4445819698e-03
7.6041078538e-05
-4.5493284737e-04
1.0780203102e-03
6.6396364258e-04
-2.1678628957e-03
1.3757147596e-04
-8.7875940830e-05
1.5523682788e-03
1.3018348277e-03
-8.6949781371e-04
8.2271712650e-04
-2.2350228921e-03
-1.3429441487e-03
-2.6536457503e-06
2.9933210903e-04
-1.0936042946e-03
5.5844728167e-04
2.1589575273e-03
2.8132329749e-03
-8.9645533817e-04
-1.4417248535e-04
-6.5200800863e-04
3.7286933449e-03
-2.3687648356e-03
2.9256958204e-03
-1.1419223297e-04
1.6063959681e-03
-1.1300401745e-03
1.0206931728e-05
-1.0677251259e-05
2.1890171314e-03
2.2762889226e-03
-1.8408329227e-03
8.3576124931e-04
-2.8261419873e-03
-2.4984688858e-04
-2.7044801154e-03
2.6954820589e-03
-2.2235607673e-04
-1.7439809003e-03
-1.7124597635e-03
-7.2778250723e-04
1.0868452646e-03
-7.9545879915e-04
-5.0922452982e-04
-2.2258241763e-04
1.9042289838e-03
-5.8800869103e-04
1.9574611720e-04
-1.2023815959e-03
2.0925017295e-04
-4.2446919892e-04
1.9107055091e-03
-9.1117374063e-04
2.8105314275e-03
1.4179532964e-03
-2.3537309155e-03
7.8590237975e-05
-2.9562573357e-04
2.8923258908e-03
-2.2332156162e-03
7.6315225239e-05
1.2123568664e-03
-1.2224619099e-03
-5.1542537912e-04
4.3478498737e-03
-1.2381366328e-03
-9.2971706367e-04
-1.7688757334e-03
-9.7227529795e-04
-5.4344618141e-04
-7.7166619973e-04
-1.8137367822e-04
-6.7650080240e-04
7.6682338933e-04
-2.6647101715e-04
1.8867624944e-03
-1.8938218121e-03
-7.1098481987e-04
-3.4890035938e-04
-7.6460946330e-04
1.1138425196e-03
-1.4680006760e-04
-1.9183696810e-03
2.3556886624e-03
-2.0671176342e-03
1.5871615020e-03
-3.1699321548e-03
-1.1167348107e-03
-3.6515327672e-04
3.2329925147e-03
-1.5332413057e-03
1.8791054987e-04
5.8918629114e-04
-1.4601167927e-03
2.1085291344e-03
5.2414749446e-04
-1.7608001428e-03
-1.2999288518e-04
-2.2514984977e-03
-9.0386503954e-04
-2.7926009711e-03
1.1331547234e-03
-4.9872065153e-04
-3.0411905199e-04
-9.6420796466e-04
9.6082180463e-04
3.7068810296e-04
-1.9144757191e-03
1.4011558965e-03
7.3074501190e-04
1.6661739121e-03
1.8664252889e-03
-1.9266039669e-03
-2.3775011311e-03
-1.2470126835e-03
-6.3884247242e-04
6.1870127922e-04
6.3662159182e-04
4.4327314596e-04
-2.9524720513e-03
-6.6397549039e-05
-3.3092429281e-05
-5.0769419510e-04
2.4762187594e-03
7.6106982745e-04
1.3449132635e-03
9.9183273150e-04
1.6073278185e-03
9.9704388329e-04
1.3894551533e-03
2.7572486737e-03
2.7446495185e-04
9.4271071741e-04
8.1738445962e-04
1.8964418518e-03
-3.1368498195e-03
2.2699657373e-03
-6.5588093104e-04
-8.1718514357e-04
2.1223197308e-03
-1.1857967009e-03
5.9099658333e-04
7.4943957719e-05
-4.8227730518e-04
5.0083162309e-04
2.3605235825e-03
2.5391589086e-04
-4.0673866371e-04
-1.5404077527e-03
-9.8855180097e-05
7.6625556694e-04
-8.7022198890e-04
-1.1594843046e-03
-7.9927589978e-04
1.0595279746e-03
1.2524580632e-03
1.4417614334e-03
1.0512205376e-03
-1.1452034302e-03
6.3648441058e-04
-5.6643796323e-04
-1.2478374923e-03
-1.4980043413e-03
-3.3036372308e-04
-2.8953397385e-04
1.6559957891e-03
-2.2632908026e-05
3.4714713870e-04
7.7009192719e-04
-1.0734273366e-03
-1.3662720828e-03
1.6788631490e-03
-2.4854704648e-03
-1.8037925894e-03
-4.9410898166e-04
1.3186504453e-04
3.5733982403e-04
3.1505952614e-04
1.3303561398e-04
-2.6355289766e-04
-1.5929226950e-03
-3.2230756570e-03
1.6402178042e-03
2.9937476420e-04
1.3730030841e-03
3.2189015822e-03
-2.1319771773e-03
-2.1943309794e-03
-6.4450859143e-04
-1.9804862644e-03
-5.2504480460e-04
-2.1507525374e-03
2.2898518885e-04
-1.0714463396e-03
1.6354788791e-03
1.0163817732e-03
-1.3253925895e-04
-2.1386086836e-03
2.2983856872e-04
6.1821415604e-04
-2.4153255552e-03
5.3620318710e-04
5.0345442960e-04
-9.9286112463e-04
7.6060549713e-04
-1.8335543172e-03
8.0426977409e-04
6.6988243118e-04
-1.4187534204e-04
2.2616157714e-03
-1.7771884617e-03
-1.1688720668e-03
-9.5390169533e-04
1.5804273138e-03
-1.1758162098e-04
-1.4576096998e-03
5.3686356248e-04
-9.5270239054e-04
1.9386677714e-03
-1.3203103302e-03
-1.0020769758e-03
9.8380944164e-04
-9.4594310783e-04
1.5196491255e-03
3.2473826666e-04
1.1640419895e-04
1.2710840105e-03
-6.7710853338e-04
-1.7170296596e-03
2.5151534145e-03
-1.3691587406e-03
1.7624641979e-03
-9.1347273943e-04
8.5097078258e-04
-4.6251194380e-04
-8.6945940409e-05
2.5091042825e-03
3.5482855915e-04
2.4176167367e-04
-3.4626338103e-04
-4.9487811812e-04
1.0452068300e-03
8.2783056780e-04
2.4992214162e-04
-2.5726538327e-03
-2.5425027227e-04
-1.9291572919e-03
-1.7008550497e-03
1.4871532409e-03
-8.3747344964e-04
-2.4142838683e-03
-1.2224045266e-03
-9.3041183356e-04
7.7243979399e-04
-1.0877500155e-04
-2.5809244261e-03
-5.1140463164e-04
-1.3857998860e-03
5.0750737134e-04
-1.6043753835e-03
9.5518164159e-04
-1.5471331584e-03
-9.6326209657e-06
7.3445482045e-04
-1.9905719126e-03
-1.8076342325e-03
1.1804227853e-03
-3.7575551527e-05
-1.7883532178e-03
-8.9634275175e-04
-2.0095455661e-03
-1.8203369509e-04
-8.6967246804e-04
-1.7076582075e-03
-5.4374167548e-04
-1.1607938243e-03
-1.9829884455e-04
3.9598981277e-03
-5.5874101509e-04
-4.7249667925e-04
2.6931396623e-03
-8.7147139150e-04
1.6998394472e-03
-1.5163305567e-04
1.9657963280e-03
-9.9586937331e-04
3.0084335773e-03
-1.8289686206e-03
-2.2155131270e-03
5.6168412119e-04
4.5692473952e-04
7.3179571510e-05
-7.8747406435e-04
2.7799444803e-04
-1.8074185319e-04
1.1617288209e-03
1.8051461782e-03
-1.8024250716e-03
6.8529579670e-04
9.4231395275e-04
-1.2882973738e-04
-4.3907248209e-04
-1.7482902646e-03
1.8964373974e-03
2.0476805193e-04
4.3457683915e-04
3.0401207226e-04
8.1180845287e-04
4.8337021084e-04
1.9619135979e-04
-1.9679330044e-04
-3.9821745757e-03
-4.6028622003e-04
-1.5226875198e-03
3.4671957884e-03
3.1123824200e-03
5.9016816304e-04
-5.4246461758e-04
-1.1078721745e-03
-1.1153768110e-03
-1.1056427319e-04
1.6974208983e-03
-2.5230228373e-04
-7.3005168309e-04
-1.1974240743e-03
1.4389192007e-03
3.2837882851e-04
-1.5220372952e-04
1.0913056919e-03
-3.6141332689e-04
-1.8281417113e-03
1.0314341794e-03
-4.9934720639e-04
-2.0828266196e-03
8.5178839932e-04
-2.1295628051e-04
-1.9086297734e-03
1.0288259636e-03
1.6587668331e-05
1.1064346444e-04
9.2104889489e-04
-1.1118461443e-03
5.9385677790e-05
-2.0606297244e-03
-3.4165719178e-04
5.3291309090e-04
-2.7732543949e-03
-1.7979482833e-04
-6.0051613665e-04
-7.7006857517e-04
7.3589926499e-05
-3.7387695906e-05
1.0521454565e-03
-1.4938588214e-03
-2.4602840215e-04
-1.6795394554e-04
-1.4833429944e-04
1.8079990612e-03
6.5131504178e-04
-2.1272544996e-03
-1.3265812655e-03
-1.0852699738e-03
-5.2478638903e-04
1.7977719593e-03
-1.0869078705e-03
-7.5279861047e-04
9.6951622199e-05
2.4018081086e-03
-3.2443266460e-04
-1.7289923716e-04
-1.7393642379e-03
6.3718667386e-05
1.1188515579e-03
-2.0775189043e-03
-6.4184636908e-04
1.6670877976e-04
6.2582063364e-04
1.5105537031e-03
-2.0247729154e-03
9.7534889494e-04
-4.8529173703e-05
-1.8063040768e-03
8.7606886779e-04
2.4456078990e-03
-9.0318516159e-04
2.2412168735e-03
1.5811979227e-03
1.2684103120e-03
4.1218649791e-04
5.8928865641e-04
1.9341403465e-04
-8.7880546836e-04
1.8943356902e-03
-4.6714722383e-04
-1.4868919957e-03
-1.4827755488e-03
2.1042316249e-03
1.0024843814e-03
-3.2024715365e-04
-4.0465494855e-04
-1.5107723760e-03
1.1379331629e-03
-1.8649534603e-03
3.0313502518e-03
3.0929464757e-03
-4.1079627826e-04
-1.0826551443e-03
-1.7319749087e-03
-7.2074260683e-04
8.6340832420e-04
-1.7984855645e-05
2.1872752278e-03
1.3833116847e-03
-5.8781965836e-04
-1.1546563386e-03
1.4250837408e-03
7.5953784371e-04
-3.2432661784e-05
-6.6965343860e-04
-7.1233613480e-04
-4.3262604034e-04
-3.9756131852e-04
-6.3018461659e-04
-5.6828838329e-04
1.5548051936e-03
-1.4735090330e-03
-3.1493743493e-04
4.9541522960e-04
-5.2156098340e-04
6.2830341930e-04
2.0089864649e-03
1.9112924177e-03
-1.0336252225e-03
-6.5721643386e-04
1.6177699057e-03
1.1293940030e-03
-9.5819738359e-04
-4.3795228992e-04
-9.9430321979e-04
-6.3976315675e-04
-8.2254763764e-04
2.3951989079e-03
5.8981330267e-04
-4.5553620866e-04
3.5253499592e-03
-1.1650561834e-03
-7.4599343891e-04
1.4378046226e-03
-6.8399720898e-04
1.7869877456e-03
-5.6317492665e-04
6.9898123273e-05
9.7853159861e-04
3.4391344008e-04
1.7721822692e-03
-5.5679835381e-04
-1.4950702808e-03
7.8483194629e-04
4.7171197910e-04
6.4620588537e-04
5.9720856741e-04
9.2389628659e-04
-2.8648059411e-03
-5.0157283559e-04
6.1587383908e-05
-8.8743249969e-04
1.8577604397e-03
-1.7061184346e-03
9.5755188330e-04
7.2664977045e-04
-7.8737200393e-05
-7.5147531856e-05
1.7024315318e-03
1.1427440175e-03
-1.0121268940e-03
-1.6884702206e-03
-1.0877876574e-03
5.1637722245e-03
-2.1816041338e-03
-4.9946368168e-04
-2.1811415435e-03
-5.8576793575e-04
-2.0497208681e-03
2.3100668815e-03
-4.9477434340e-04
-2.0603957896e-03
6.3573895455e-04
7.6591750630e-04
-3.7265264009e-04
2.2876522648e-03
-8.9159375038e-04
-1.4580504858e-03
-1.4887257028e-03
-2.8944823798e-04
-1.1312440972e-03
4.5901889410e-06
-1.6461013349e-03
4.5567509339e-04
5.3921519067e-03
1.4951508713e-03
2.1280547700e-03
-5.9129272083e-04
5.6651778453e-04
-1.1440536409e-04
3.0442405056e-03
2.2957653917e-03
1.0709002805e-04
6.5931801824e-04
-8.2561817438e-05
-1.3105075040e-03
-1.6841994406e-03
4.5674511772e-04
-6.8316938630e-04
6.0029538698e-04
-7.7279027730e-04
-1.0898102651e-03
-1.6476929083e-03
-6.2692717932e-04
-1.0064041141e-03
3.2934816241e-03
-1.8698153327e-03
-1.4886978144e-03
-4.0280695267e-03
1.9954931835e-03
2.0847807681e-03
4.3872576236e-04
-1.6284074948e-03
-8.8502019777e-04
3.8007647912e-04
-8.8784776561e-05
1.7651881299e-03
-1.0335976761e-03
-1.1491840644e-03
-3.3401607491e-03
4.5120597519e-04
-1.1476064581e-03
6.8904718800e-04
-8.9638259235e-04
-1.7271051836e-03
-1.2969457775e-03
3.4636637809e-04
7.0045720381e-04
1.6785468564e-03
-1.4184192757e-03
-1.5565805123e-03
1.1545041322e-03
-8.1542210258e-04
3.3529404956e-04
-2.4974268952e-04
2.7944651226e-03
-6.3080196161e-04
1.3786000172e-03
1.4364363045e-04
1.3340257307e-03
5.4432930938e-04
2.8765367637e-04
-6.4525000245e-04
1.1228291990e-03
-2.0857620801e-03
-1.2584461170e-03
1.3922161293e-05
1.1702940814e-03
-2.0972844480e-05
2.3533000182e-03
1.3095366483e-03
-9.4991959797e-04
1.7024024811e-03
-7.4279558827e-04
1.7592705740e-03
4.6894157260e-04
9.0556194897e-05
-1.1899610950e-03
-5.3952310566e-06
6.5983830660e-05
-3.5776102777e-05
1.0824898679e-03
1.3525740166e-03
-1.6183662070e-03
-7.4146955484e-04
1.5156893285e-04
-7.9064105172e-05
-2.3923370394e-03
-8.6557941669e-04
-1.6903548942e-04
1.0148370563e-03
-2.3778566374e-04
6.5734357390e-04
7.3417898829e-04
2.6605013371e-04
1.2510004555e-03
-1.6150749643e-03
3.1353121404e-04
-1.7554290174e-03
-1.6472821773e-04
-5.4206573135e-04
-7.0160167580e-04
1.7274732094e-04
-3.9993957553e-04
7.5153193201e-04
1.0894674300e-03
7.6716996972e-04
-9.0397543150e-04
8.5867465103e-05
-4.0193997967e-04
-6.0844680240e-04
-1.6987301774e-03
-1.7782039772e-03
-2.3976810566e-04
2.7777272201e-03
-1.2125961765e-03
2.9071393652e-04
3.9635721842e-03
-6.9324007556e-04
-8.1787592662e-04
-2.6543302154e-03
-1.2916789730e-03
1.4391612684e-03
1.3279597583e-04
6.3335161566e-04
2.1331501607e-05
-1.1291603080e-03
-2.1279372985e-03
1.0020017554e-03
-1.7490874324e-03
-1.5380429521e-03
-2.5452665088e-04
-1.9072898958e-04
-1.3953621423e-03
-1.1497141577e-03
1.1076491214e-04
-4.9987676186e-04
1.5354785232e-03
1.0080159111e-03
-1.1853468953e-03
-1.4348095660e-03
-1.3892411998e-04
-3.3751453129e-03
-8.7847628503e-05
5.3083596549e-04
-2.3343994359e-03
1.4321845231e-03
-1.7956199281e-03
-1.3399976479e-03
6.9773930912e-04
-1.6755868418e-04
-1.3616273102e-03
-1.9123248966e-03
2.8883354824e-04
-1.6190217013e-03
-1.5462623417e-03
-1.4178650774e-03
-1.2023096779e-03
7.0903726840e-04
3.1759590103e-03
1.3228087066e-03
5.7832419366e-05
-1.3895994734e-03
-9.3858131813e-05
-2.4301032552e-03
-2.4172676171e-03
-8.1430322035e-04
-8.4662447957e-04
1.5357469632e-03
3.0770844597e-03
-5.8560966959e-04
1.8839557607e-03
-9.2484971306e-04
-1.1858896299e-04
-4.6693533843e-04
-3.1541615107e-03
-2.7303588301e-05
-8.7511627525e-04
4.6549058172e-04
-2.3453864266e-04
1.3412786278e-03
1.7186956156e-03
1.0134385648e-03
1.1178443560e-04
1.1429130211e-03
-4.0727328765e-04
-4.9651230437e-05
-3.1895176961e-04
-1.5532599845e-03
1.0079028735e-03
-2.4312949099e-03
-5.7974876067e-04
1.1719172287e-05
-1.9590522062e-04
5.9939248778e-04
1.8192940524e-03
3.2107415061e-03
-9.2401175226e-04
1.7932561177e-03
1.9393060744e-03
2.0037078569e-03
-3.9517515291e-04
1.2499715954e-03
-1.0534100309e-03
8.7220925104e-04
-1.6392936314e-03
-3.1033367007e-04
1.1740288218e-03
3.1162477075e-05
3.4681483286e-04
-5.8903943713e-04
-2.1823444318e-04
5.1285225077e-04
-3.9886644793e-03
3.6379249139e-03
4.8306412321e-04
-6.0342839510e-04
6.8340664635e-04
-1.3613709386e-03
-5.2406239202e-04
-2.0546906206e-03
-1.1036507410e-03
-5.7458072630e-04
-2.9399241621e-03
2.7699510578e-04
-1.4970682907e-03
-8.3518482870e-05
-2.3221557668e-03
-2.4570773652e-03
3.2151579409e-04
1.9332621664e-03
-1.8146092902e-03
-7.9772913531e-05
7.1477162105e-04
-1.2837645924e-03
9.4680480798e-04
3.3876133909e-04
-1.1296315600e-03
3.0062863511e-03
-2.6305173267e-03
-1.5983882158e-03
-1.0137520091e-03
-1.0390750910e-03
-1.0056538501e-03
1.3349021025e-03
4.1688883738e-04
1.9127866953e-04
2.1134551241e-04
-2.6582095071e-04
-1.7605511918e-03
-1.6197433416e-03
-1.1031929976e-03
3.0848753190e-03
1.1654638685e-03
-3.9985550016e-04
3.3635537854e-04
9.6487127801e-04
1.8609873042e-05
-5.5254563727e-04
-3.2444653856e-04
-5.8232522324e-04
2.5660370795e-03
3.3126893286e-03
7.8249607407e-04
2.2162072053e-03
-1.3653255870e-03
-1.6743349852e-03
2.1915671611e-03
-4.0453194011e-05
1.0509684173e-04
8.1257937778e-05
7.9306753516e-04
5.2260568990e-04
-4.0885430931e-04
4.5399877611e-04
8.9235208567e-04
-1.9642255171e-03
1.3268387096e-04
-1.0574283000e-03
7.1657057809e-04
-1.8133915096e-03
5.6328359114e-04
-1.4591299091e-04
-5.3631268753e-04
-1.1563227309e-04
8.3670300784e-04
1.1790058599e-03
3.7962627636e-04
-1.6883030494e-03
-7.8005923662e-04
1.2509190500e-03
-2.7143397527e-03
-1.9278112456e-03
2.0646526470e-03
1.9316111112e-04
-1.4953551912e-03
-6.3174525564e-04
2.2947352523e-03
-2.1553412802e-03
-2.9132382801e-03
-1.5047622270e-05
1.0983634832e-03
-2.2701361048e-04
-3.9422356170e-03
4.1504558505e-04
-6.1172564068e-04
5.1022267477e-05
7.7009106365e-03
-5.9667830206e-04
2.4118475748e-04
3.2447961301e-03
4.9447893577e-04
-1.8244249313e-03
1.0398450212e-03
1.7105772386e-03
3.1941709208e-04
-1.1915087829e-03
-1.6340617869e-03
1.7840311363e-04
-5.7625418979e-04
1.5946807472e-04
2.6237101768e-04
-7.5324751658e-04
1.5191504511e-03
-2.9660909107e-03
1.4143715069e-03
3.2309321707e-03
-2.8020597376e-04
7.4506525910e-04
-7.6411864939e-04
-1.6320050692e-04
1.2684139081e-03
1.4469260529e-03
1.1215585108e-03
-8.2964588910e-04
-5.9973801548e-04
1.1457504114e-03
5.4449470294e-04
8.2972748538e-05
8.7199351091e-04
-1.4262635235e-03
5.5681727320e-04
2.0700290598e-03
-1.1118920964e-03
-1.6236487003e-03
-6.2551797153e-04
1.7409917534e-03
9.6867569308e-04
5.1415292007e-04
-3.8545720677e-04
-1.1552544202e-03
-1.5055349832e-03
6.4192089601e-04
3.8498052650e-07
1.8527237607e-04
-8.9642337544e-04
-1.3485881639e-04
-2.2587047401e-04
2.2056794573e-03
3.3666774191e-03
7.6939122725e-04
-1.7970479976e-03
1.5235588580e-04
-2.7977817575e-03
-6.9178883460e-04
8.7145842901e-04
2.4359780903e-03
-1.0574764573e-03
2.6745242652e-03
1.7946005302e-04
-1.6589801351e-03
1.7345134008e-03
-4.0439507484e-03
-2.4586416326e-04
1.5256995605e-03
-1.0125253415e-03
3.8301089074e-04
1.9188176477e-04
5.6122900996e-04
-3.7467084166e-04
-2.2447634084e-04
-1.0188916406e-03
-1.5482414196e-03
-1.7717270436e-03
1.1595090514e-03
-1.1832294855e-03
1.8552108150e-04
-5.6566656204e-04
1.5103686205e-03
-8.2342738667e-04
-4.8926196667e-04
6.3133760914e-04
1.0867419130e-03
9.7498898442e-04
-2.6013727437e-03
4.3003573021e-03
-4.9610388210e-04
3.1932664395e-03
1.5085479178e-03
2.9337028263e-04
-1.4684533829e-03
-2.3370927138e-04
7.3468329741e-04
1.1601813473e-03
-2.7266025359e-05
-1.6463454108e-03
-1.1053554453e-03
2.5336112639e-03
-1.0336226856e-03
-1.1868434114e-03
-8.6530896300e-04
2.3390599186e-04
2.9538094551e-03
3.5750258360e-04
2.6435592928e-03
5.0578797134e-04
-1.2275047990e-03
3.6719964740e-04
-1.2264713265e-04
-4.1045151451e-04
1.4830736204e-03
-9.6029738670e-04
-6.6858055139e-04
-2.9865838873e-04
1.3609984689e-03
1.5972697371e-03
2.9564858922e-04
3.4839587699e-03
-5.1499073250e-04
-3.3805707887e-04
-9.7428728023e-04
7.2446284875e-04
-1.5614355236e-03
-1.3810509250e-04
1.6843220990e-03
1.4149747867e-04
-1.0705693862e-03
3.6232609923e-03
-1.2842308856e-03
9.6973597983e-04
-1.2966766986e-03
-5.4056679597e-04
-1.8659974260e-03
1.4368583672e-04
4.7793582728e-04
7.0322131302e-04
-1.0756729745e-03
5.9520861626e-04
-5.4238218463e-04
6.8500797943e-04
1.7340839430e-03
-1.3444271723e-03
-1.2660271660e-03
-3.7592179140e-04
-8.2975842257e-04
4.7507061369e-04
-1.0208050928e-03
-3.0772842960e-04
5.4229102737e-03
-1.4619716783e-03
-6.1260724773e-04
1.1733163178e-03
7.7226251165e-05
-3.1123952962e-04
7.8251057240e-05
-1.1938062860e-03
-1.0362245638e-03
9.6074751613e-04
2.1233467353e-04
-1.1066839740e-03
9.7950088149e-04
-2.6173527410e-03
-1.4603208707e-04
1.0518275930e-03
-5.7632609673e-04
-3.2163851029e-04
-2.6426253846e-04
-8.6465894335e-04
-1.8743859825e-04
-2.9154611712e-04
-1.4965240008e-03
-2.0567959713e-03
-1.9166568677e-04
-1.0366170089e-03
-6.6588161132e-04
-2.1939345003e-03
-3.8309584246e-04
-1.5284648369e-03
-8.0220962715e-04
-1.3490516552e-03
-1.4876904197e-05
1.4997599854e-03
-8.8161464201e-04
1.8258978142e-03
2.0609475487e-03
-1.5623267824e-03
-1.0692765399e-03
6.4375189262e-04
9.4940429429e-04
2.4834786804e-04
2.2044982661e-03
-4.7857760857e-04
-1.2086635721e-03
6.9288507024e-04
2.7132151476e-05
-4.7132752325e-04
-1.6015597668e-03
4.1233472857e-03
1.3511378830e-03
1.7273468454e-04
-1.5677108825e-05
-3.0045013347e-04
2.3304292129e-04
-6.9424412893e-04
-1.1363064829e-03
-4.4127344452e-04
1.0819843613e-04
-2.8429636777e-03
-4.8166820050e-04
-1.0243374937e-03
-1.4248570992e-04
-1.6874477215e-03
-1.8830438205e-03
-1.3483132229e-03
-7.7677997371e-04
-1.1397963614e-03
3.3484203688e-03
7.4325672792e-04
-3.0276893069e-04
1.0474538903e-03
-1.6213882325e-03
-9.5562117007e-04
-1.4491502526e-03
3.8964645571e-04
6.8074630209e-04
7.0787304883e-04
2.3567752843e-04
1.0229764887e-03
-1.1222418959e-03
-7.0335281139e-05
1.5084253266e-03
1.3577221139e-03
6.0174596388e-04
3.0549740206e-03
2.3076073901e-03
-1.2151298289e-04
9.3871986228e-05
-5.6029768390e-04
2.9672263464e-03
-1.0065458257e-03
-5.2324524487e-04
-8.8367569688e-04
-1.0951970619e-03
9.6384734690e-06
3.4210574374e-04
-6.5166423564e-04
1.9865159236e-03
-1.5066558635e-03
-5.6579519521e-04
-4.5602606258e-04
-4.8281986195e-04
-1.5267622777e-04
2.4938013964e-03
-4.4208772130e-04
2.2899437656e-03
1.0024895004e-03
2.3527839903e-04
-7.4481679360e-05
-1.0733738717e-03
6.4491409276e-04
9.7997092415e-04
8.7706088596e-04
1.0876650472e-03
-1.0290320928e-03
-2.3210883186e-03
1.8334733740e-03
3.9219303226e-05
-4.1540416828e-04
-8.6945094077e-04
4.6908529805e-03
1.6767570592e-03
-1.5435810365e-03
5.1608910536e-03
7.5703305090e-05
-1.1822058688e-03
1.3160066763e-04
2.3140373002e-03
5.2633611169e-05
-7.5806810465e-05
2.1105944519e-03
1.3861752567e-03
-1.6648002295e-03
-1.6569671577e-03
1.2831812585e-03
-8.8029419007e-04
1.6844099978e-04
1.9271145929e-03
-8.6693386973e-04
5.0488113603e-04
1.0644413723e-03
5.4276069177e-04
-8.4328222729e-04
-6.9721963505e-04
-1.1770540156e-03
4.0622532662e-03
7.9447343936e-04
2.5036005268e-03
-6.1350016091e-04
8.5447357486e-04
2.1353603511e-03
-1.3211438511e-03
1.0917925230e-03
1.2221715700e-04
1.9540705591e-03
-6.6685615918e-04
-8.2743803707e-04
-1.4814396993e-03
-7.8995911030e-04
-5.6315634509e-04
-2.0484458166e-03
1.6831452054e-03
1.9815803266e-03
2.1998711749e-03
1.6197832331e-03
2.5857082936e-03
7.6235633202e-04
-1.6655799378e-03
-4.9186837109e-04
-1.0319407757e-04
-4.6582018889e-04
-1.1516327975e-03
-1.1619118932e-04
-1.4565521748e-04
-5.7537867174e-04
-2.8709560090e-04
-7.9402057268e-04
-1.4504812293e-03
-5.6181559216e-04
-1.4889924308e-03
4.8253893158e-05
-2.0852198160e-03
-1.3073452323e-03
-4.7186246594e-04
1.1903306694e-03
1.7081039650e-03
4.0964052275e-04
-5.1486298641e-04
1.7753949443e-03
7.3784706341e-05
-1.7407812071e-03
-1.1232725983e-03
-1.3722204295e-03
-8.2254733332e-04
8.3730827826e-06
-1.4282222340e-03
-1.9864400497e-03
4.9244931152e-04
1.5107174694e-03
-1.7754393599e-03
-4.1395446887e-04
-7.5294093729e-04
-5.6698796895e-05
-3.1241271803e-03
-3.8337987808e-04
-5.4262959570e-04
-1.8774123021e-04
1.0869625618e-03
5.9654672854e-04
4.5679601668e-03
-2.4049416267e-03
-9.2508928262e-04
-1.9448405696e-04
-3.1875590078e-03
9.9625102165e-04
-1.7636644623e-04
2.2769930867e-03
1.1850887261e-03
-2.6716450109e-03
-2.3536236554e-04
3.7950308344e-05
4.8595385468e-04
-1.5821906108e-03
-6.1488098029e-04
-7.8705159740e-04
-7.4771695861e-04
2.0274700501e-03
4.0219868145e-04
-1.3685776823e-03
-9.6493865047e-04
4.0613854767e-04
-8.1162019810e-04
-4.7697384435e-04
1.2964068167e-03
4.7962387242e-04
-4.2921976521e-04
-8.1669570681e-04
-2.4216855068e-03
1.1941332182e-03
7.5977313656e-04
-8.4657603674e-04
2.2377498138e-03
-9.7405304533e-04
4.3804328854e-04
-2.6342979308e-03
-6.8557794467e-04
2.3642559121e-03
-4.7862443117e-04
-5.2455589822e-04
-7.5410243686e-04
2.3538927748e-03
2.0922297207e-03
9.8157857454e-04
-6.2921214410e-04
2.2381232480e-03
-2.8636718265e-04
-2.1133127460e-03
-1.3330046645e-03
2.6728973519e-04
-3.0785665627e-04
1.2070380313e-03
-2.3721014957e-03
1.4304948648e-03
-1.5175560002e-03
-6.0700522715e-04
-3.8002392765e-04
9.0549397836e-04
4.1102191392e-05
-9.0856805532e-04
-1.4664750691e-03
-1.1704229496e-03
-5.4299462193e-04
-6.1804232525e-04
7.5907580958e-04
-1.0763511543e-04
-1.5133768619e-03
8.7303782527e-04
1.8861271268e-03
-8.6226742110e-04
1.9908876442e-04
-1.5608668122e-03
-1.2591930865e-03
-8.7737875465e-04
-3.8110873109e-04
-2.8923423019e-04
-1.6704666099e-04
-1.2028262479e-03
1.8619922949e-03
6.0024310588e-04
1.4294462451e-03
-8.0896259561e-04
-4.1574611866e-04
1.7535318930e-03
-2.8777518232e-04
-1.0317080488e-03
-1.0500248013e-04
-2.1250081033e-03
3.1070266027e-04
-1.0523711426e-05
-8.6098339938e-04
-2.4482100203e-03
6.6688721345e-04
1.2661818780e-03
2.8797803622e-04
1.0748388281e-04
-6.9356536890e-04
-6.6868914727e-04
-4.9250695664e-04
1.4068100826e-03
4.2066183596e-04
-2.9835820090e-03
-1.2533243109e-03
-2.3447613127e-03
-2.1529739808e-03
-1.4036202123e-03
2.1270862036e-03
1.4944717801e-03
1.3949148676e-03
-1.6179575083e-04
1.9025620319e-03
5.6853094055e-04
-1.8021654734e-03
-9.5867990271e-04
1.8013054898e-04
-1.6561606421e-03
-1.5443657614e-04
-1.7505246861e-03
3.2819121944e-03
-9.0278866523e-04
-7.7573653295e-04
-1.6030982479e-03
1.7017539789e-03
2.1257207518e-04
-1.2711626003e-04
1.2074554901e-03
1.0860365682e-03
-2.9322330797e-04
2.5866350880e-04
5.4943981009e-04
4.3168988820e-04
-2.1650368115e-03
2.1883897738e-03
-9.2782959944e-05
6.7429172911e-04
-8.0561233564e-04
1.9061147473e-03
1.0454542818e-03
2.7790496913e-04
2.8081935729e-04
-7.9552209775e-04
7.7319301172e-04
-8.0751261726e-04
1.0227234333e-03
-4.4342949141e-05
-1.4781924071e-03
-6.1968678669e-04
-4.9203086220e-04
2.3288268905e-03
1.1952516326e-03
-2.5539610367e-04
-5.8031477213e-04
-3.3680656835e-05
6.6150196973e-04
-9.3616104863e-04
-1.0128787396e-03
2.7554262421e-04
-1.7184440177e-03
1.4863404970e-03
-3.6175495354e-04
1.5462037347e-04
5.4610247227e-04
4.9395605613e-04
1.5510982462e-03
-4.2778975215e-05
8.3258028557e-04
-5.4835282156e-04
4.9772398113e-04
6.4202785621e-04
6.3873582936e-04
1.0020824072e-03
-2.6193906159e-04
1.3310106400e-04
2.2760597140e-03
-2.0519343129e-03
-1.7502850567e-04
-9.2990563567e-04
-2.6552485208e-04
-3.7128632395e-04
1.6420609512e-03
2.3626010250e-03
-1.6017880982e-03
2.4030304208e-04
-1.9652369560e-03
-2.9257237373e-04
2.2837978381e-03
1.5319218173e-03
4.3174661261e-04
4.2537639907e-03
1.1616213495e-03
1.2399344109e-03
-1.1595673894e-04
-3.4574215412e-04
-1.8984022987e-03
-1.6662098837e-03
9.4260132348e-04
-1.8109282040e-04
1.6702126763e-03
1.8717027030e-03
-2.2289770510e-04
9.3760823896e-04
6.5477622994e-04
7.0989414538e-04
2.1807374393e-03
4.7280108740e-04
9.8420973223e-05
1.7549517114e-03
5.8925768920e-05
3.3077806026e-04
1.4417594149e-03
1.4609831049e-04
1.5370840135e-03
1.1202845197e-03
1.8475373992e-03
-3.9484451947e-04
-1.5404230040e-03
-1.4212456573e-03
8.6979882317e-04
-1.6536328129e-03
9.4442215704e-04
-2.6530323652e-03
7.5325357448e-04
-2.4833316381e-03
8.6131243474e-04
9.8654248183e-04
1.1087461049e-03
8.2381896240e-04
-1.4382121830e-03
1.2836450083e-04
1.6830217582e-03
6.2741757322e-04
2.0290179231e-03
-1.5555405370e-03
-1.4894845562e-03
-4.8328083273e-04
-1.6260823579e-03
-2.2915049723e-03
1.7373244824e-03
-1.2868628052e-03
-2.5573997381e-03
-9.8334758993e-04
-5.0071044243e-04
7.8987136544e-04
-1.0529282422e-03
3.2620964795e-03
-1.4643378439e-03
1.2101348906e-03
-2.5444933487e-03
-2.1654599818e-03
1.7011064538e-03
-1.9533235388e-03
9.4911662662e-04
-1.6879000897e-04
5.5459309620e-03
-2.6453008300e-04
-1.0057957216e-04
-7.2150188606e-04
-1.1175284195e-03
-6.8550149054e-04
-1.2203316262e-03
-7.0646279783e-04
-1.1831212109e-03
1.8861975365e-03
-1.5375780068e-03
-2.9761949670e-03
-6.6464399345e-05
-1.8585637288e-03
4.9121586601e-04
3.1253779632e-04
-8.6587424009e-04
4.4242643708e-04
2.6390917971e-03
-1.5849922934e-03
9.0514009907e-04
-1.9690987605e-03
-1.2570987668e-04
5.7036682976e-04
-8.3128017901e-05
-5.6826390552e-04
-1.2796621030e-03
1.0035968961e-03
-2.5439465196e-03
-1.6737017355e-03
1.0409274324e-04
-4.5260774377e-04
2.6176754065e-04
1.9617341016e-03
2.1102431258e-03
-1.0407661337e-03
-2.5248607242e-03
-3.6478272206e-04
1.7486829178e-03
1.9294193115e-03
-1.3512722649e-03
-8.2816414306e-04
-1.1307937983e-03
-1.4185431784e-03
-1.1718250453e-03
9.4676252318e-04
2.9742498675e-03
1.4466114461e-03
7.7719502366e-04
2.4863039981e-04
-1.9557608788e-04
-1.6115804760e-03
4.6184344283e-04
-8.7931602618e-04
-9.6599252555e-04
1.1737735472e-03
-1.8947094301e-03
1.8005524281e-03
9.8601936131e-04
-1.8992393675e-03
2.2093891901e-03
-6.5986570306e-04
5.4029024484e-04
-1.7769329104e-03
-3.2928468877e-04
-1.7896541772e-03
2.1878356128e-03
3.1210569806e-04
6.1778855023e-04
-1.1409452178e-03
1.3203292898e-03
1.0386365719e-03
6.4111975579e-04
-1.9440249045e-04
-9.4667562007e-04
-2.6458466531e-03
1.4612706295e-04
-1.8103673503e-03
-1.8862126483e-03
6.3093061358e-05
1.2643139281e-03
2.5859252407e-03
-1.9480935148e-03
-1.5205406812e-04
-1.6661969064e-03
2.1212181349e-03
1.2690076915e-03
-3.7225748128e-04
1.7982986170e-03
-6.1614599811e-04
-2.5277331513e-04
6.8891883036e-04
2.6996246213e-03
-9.0371879028e-04
9.8511122621e-04
3.9058085277e-04
-2.3147336877e-03
1.3234496313e-03
6.6758942437e-04
4.6437112623e-04
3.0210831723e-04
-1.8605862749e-03
1.6732176658e-03
-6.1733519327e-04
6.9534876175e-05
1.1603267485e-03
7.2234075808e-04
-9.3285272573e-04
6.5641983609e-04
2.1826113668e-03
5.1703693191e-04
2.5124587899e-03
5.4187328930e-04
3.3611319105e-04
-4.6535147982e-04
-2.0592724598e-03
-1.3404884342e-03
8.9718214249e-04
1.7698873723e-03
-4.2518332243e-04
-1.4547973417e-03
-4.2138769986e-05
9.0937937939e-05
-2.9763867166e-03
1.5783126672e-03
1.4164986968e-03
-1.0029550802e-03
2.0621106453e-03
-8.2901023068e-04
-1.4075843358e-03
-1.8160446991e-03
1.6786279312e-03
1.7431187421e-03
-6.0991711909e-04
1.0324513726e-03
-2.1644018439e-03
-1.4026685024e-03
-3.8164785755e-04
3.3697158702e-06
1.0544784937e-03
1.1060564657e-03
3.7318253305e-05
3.5962206497e-04
6.0267859523e-04
1.7021684185e-03
-4.9357523810e-04
-1.1511900009e-03
2.5658489890e-04
5.1167187272e-04
-9.6256258524e-04
-4.6712822681e-04
-5.5999999445e-04
-7.0568745851e-04
2.2829822914e-04
-7.7139220921e-05
1.8516721430e-04
5.2627162225e-05
-6.2715293439e-04
-1.2953506116e-03
3.6032511280e-03
6.2170056578e-04
1.5887925259e-03
1.3456283461e-03
-4.7792216012e-04
4.5140271783e-04
1.8598325557e-03
-1.8383417156e-04
7.6883666685e-04
5.4466785936e-04
-1.1989957264e-03
7.2031715283e-04
-1.1005283290e-03
4.2869310646e-03
-3.7322942689e-05
1.9557236987e-04
-1.9840054980e-03
-5.0351893713e-04
-5.4537416235e-04
3.4436202547e-04
-6.9339859806e-04
9.5857296265e-04
6.5303659079e-04
-1.3303446263e-03
6.0273197221e-05
1.1502811184e-03
2.9690021366e-04
2.1438643572e-03
2.4338502528e-03
8.6473579680e-04
-1.0932102590e-03
-2.0269461060e-03
-2.1011613218e-03
7.2068913255e-04
9.7832022080e-04
7.2331082645e-05
-2.8242770547e-03
3.9088159883e-03
-3.7190507214e-04
2.1679887651e-04
-1.5207280656e-03
-2.2822535363e-03
-7.6617046595e-05
-2.2491562334e-03
3.7101925378e-04
1.4225277063e-04
1.6519464121e-03
6.2079831876e-05
-1.5178869099e-04
-1.6874623373e-03
-1.0821977595e-03
-7.0299987123e-04
1.7990260230e-04
-1.4767519539e-04
1.1518300741e-03
1.6408049576e-03
8.8690762598e-04
-5.9568596061e-04
-1.1936836593e-03
1.8678536115e-04
-7.3953508325e-04
-1.5410073348e-03
-1.4874169815e-03
-8.5710501096e-04
2.0254994222e-03
-1.8973711878e-03
7.0739398450e-04
2.4024456764e-03
-1.7452483436e-04
-5.5578213144e-04
-3.9039072293e-04
2.3424811825e-04
-7.6662154323e-04
-2.3385481347e-03
-4.0195063508e-04
2.3018264074e-04
9.7727631181e-04
-3.5422425110e-04
-2.3640354268e-03
-7.2645509151e-04
-1.0959865594e-04
2.9229997416e-03
-1.2446695471e-03
2.8725618569e-03
2.2334599852e-03
-6.0352065238e-04
-1.3361327041e-03
1.6704288394e-03
-2.0184487968e-03
-1.3705817209e-03
2.2023540657e-03
2.2743818988e-04
-2.2818773739e-03
1.2542426373e-03
1.3233455417e-03
1.4098270208e-03
-1.9723532745e-04
-7.1858475172e-04
9.4920575124e-04
1.0903773960e-03
2.3417667527e-03
-3.8898969409e-04
5.8953655726e-04
2.4936557439e-04
-5.7159347610e-04
-1.4982927626e-03
-8.3933629472e-04
9.8162681044e-04
-7.9461868220e-04
-1.5823842755e-03
1.4222078592e-04
-1.0301414122e-04
7.9011141695e-05
1.0490510158e-05
-3.4683354251e-04
-9.5708087445e-04
-1.2186444546e-03
1.0625404460e-03
-8.9214490610e-04
-5.6519631339e-04
1.6498610123e-03
1.1761718450e-03
-2.0554219134e-03
2.3159291326e-03
-4.0201771307e-04
-7.9810799780e-04
3.3067334772e-03
-9.6430279026e-04
4.3733726064e-06
-2.3275023957e-03
3.3323315149e-03
7.2445071344e-04
4.4392647757e-04
-7.0655917174e-04
1.3985372654e-03
7.2992950705e-04
-6.9428552453e-04
-2.2550841946e-03
-6.4525943986e-05
-3.8462625745e-03
4.3670579666e-04
1.9903627754e-04
1.4879467426e-03
-2.1801903923e-03
1.9110111275e-03
2.1861423352e-04
2.7820267718e-04
-9.4240172272e-04
9.0557096458e-04
-1.2833347036e-03
7.4619718190e-04
3.3050706685e-03
-1.8812439921e-04
-1.8733202917e-03
1.7267146769e-03
-6.0701155076e-04
2.5368931687e-03
1.0458033581e-03
-3.8111156184e-04
-7.0514950870e-04
-1.7885165456e-03
-5.8766166728e-04
-4.5115502525e-05
-3.9222891680e-04
1.3185507194e-03
-1.9632856755e-03
5.6626909494e-04
-2.0851509571e-03
-1.1455427257e-04
-1.4060055569e-03
2.2523230412e-03
-6.2150663198e-04
-3.9904574605e-04
-7.4134751198e-04
4.2626999094e-03
-1.4845417163e-03
1.0586563240e-03
-1.8704053851e-03
-2.5515614273e-04
2.8811621707e-05
-2.7995133446e-03
-5.6782645951e-04
-2.1310578335e-04
8.1047933652e-04
-8.9702335437e-04
-2.3179261632e-03
2.5880994758e-04
-2.1160142224e-03
-1.2218155291e-03
-1.9266974456e-03
7.7247042271e-04
2.7056663434e-03
8.0414792212e-04
-7.8108588878e-04
1.2640146276e-03
1.2622379581e-04
-5.0136790860e-04
-7.1306866521e-04
1.5486165042e-03
-1.3773732499e-03
6.8032046991e-04
4.5405908594e-04
-1.0817153592e-03
1.3690344405e-03
-1.6157874901e-03
5.5737770014e-05
-1.7279684171e-03
3.2005006383e-04
1.2514480732e-03
1.1213172700e-03
-1.4236761880e-03
3.4708593850e-04
-1.5986363213e-03
-1.1376701668e-03
2.9319137356e-03
-1.4591655887e-03
-7.8536097899e-04
-2.1549485817e-03
-6.5376693167e-06
-2.5820062775e-03
-6.7070513624e-04
-1.2541541216e-03
-2.6094830054e-03
5.0094631859e-04
-1.8710841298e-05
4.4384809394e-04
-6.1000293779e-04
1.0086213629e-03
-1.4536680629e-03
-3.0654096873e-04
1.5786207582e-03
2.7750093295e-05
2.7022069954e-03
8.0184105658e-04
-9.6834649771e-04
-1.5897320886e-03
7.2001515088e-04
-2.1160729381e-03
-8.7216042361e-04
-6.6465370596e-04
5.1299804013e-04
-2.0687465345e-03
1.0753418403e-03
-2.4957973062e-03
2.1532481163e-04
7.2415447229e-04
1.3873095479e-03
-3.0076541657e-04
5.1803818716e-04
-9.0824719913e-04
1.8698852084e-03
-3.6919614760e-04
-1.0828084031e-03
3.1709729133e-03
6.1700827468e-06
7.1675264875e-04
-8.9710714329e-05
2.1100999059e-03
1.1628216461e-03
4.3379211550e-03
4.7023295987e-04
1.6205573545e-03
1.9833431004e-05
1.9401336105e-04
3.1382037348e-04
3.7366765180e-04
-4.2467032757e-04
2.8696918078e-03
1.7823189754e-03
8.6116552037e-05
-5.7214184458e-04
-6.1258776210e-04
-2.8499509945e-03
-3.4445549888e-04
-6.8347701740e-05
1.9094802935e-03
1.6111473230e-04
2.6160082338e-04
-2.3385825004e-04
-4.0715625643e-04
7.8459901135e-04
-1.0927274796e-03
-1.7257577722e-03
-5.4006383471e-04
6.3635975219e-04
-1.3494208093e-03
-2.1613337014e-03
-9.5524995897e-04
-2.1850432050e-04
-3.5376757786e-04
-2.2867504265e-04
-7.1797886470e-04
-1.5962960592e-03
-1.9565600130e-03
5.0683731439e-04
-8.4484818493e-04
1.1316176093e-03
1.2437677725e-03
2.4677756427e-04
-1.2995751871e-03
5.7302340409e-04
-4.6155676584e-04
-2.0392387834e-03
-2.9854690049e-04
1.8672932587e-03
-8.2955520626e-05
5.7714039786e-04
7.9835503910e-04
3.0433640282e-03
-5.5608883142e-04
8.3794658332e-04
-1.3352555584e-03
-1.8022294414e-05
1.9723083094e-03
-9.3953277480e-04
-6.7181816125e-04
2.0134257629e-03
1.5024142119e-03
1.0290586097e-04
-6.4664928445e-04
-1.1540223965e-03
-2.9062785430e-04
1.1392549938e-04
-1.7784129194e-03
1.1204685696e-03
1.6092307678e-03
7.5512656490e-04
3.1507108328e-03
2.2133904791e-04
8.6151846202e-04
-9.2806493701e-04
-1.1785695686e-03
3.6640736608e-04
6.1665737056e-04
1.8182074569e-03
1.9489573566e-03
-4.5088880784e-04
9.2513043358e-04
6.4302796987e-04
-1.5594010113e-03
-2.3061916489e-04
9.5877946754e-04
-5.5417468219e-04
-1.8818896174e-03
1.6794778308e-03
2.6512213480e-03
9.4027520042e-05
-4.4512989904e-04
2.1207213265e-03
3.5150158364e-04
-1.3321774320e-03
1.2664141341e-04
3.8926985044e-03
3.0829851509e-03
3.4443446977e-04
-4.0596373184e-04
1.9158713052e-03
7.5768445049e-04
-1.1597185667e-03
-1.9110819412e-03
-1.8584247095e-03
-9.2374684617e-04
2.4966820684e-03
1.1684710142e-03
2.6626759682e-04
1.2689545719e-03
-1.4831306342e-03
-3.8140798565e-04
4.7988643865e-05
3.0615522531e-03
-1.8025095606e-03
-9.9181935472e-04
-6.9083160387e-04
1.9121031341e-03
-1.5305351305e-03
-1.7161097437e-03
1.6443156770e-03
-1.4899365194e-03
-1.6556074546e-04
-1.0440157811e-04
-2.2928035511e-04
-1.5232083760e-03
1.5858137412e-03
1.1923896923e-03
-1.9386954790e-03
1.5464893778e-03
-1.6837152755e-04
7.0463772110e-04
3.6701056003e-04
-8.9464029268e-04
-1.9935539643e-03
-7.9584776355e-05
-5.4431919507e-04
1.1703322773e-03
1.4684393339e-03
-1.6634138570e-03
-3.7021498860e-04
-1.3711398948e-03
-1.8103131600e-03
-1.4079161023e-03
1.7397031110e-03
-2.0755298869e-03
5.4604636359e-03
2.2921694515e-04
-3.0147804353e-03
-1.1752827987e-03
1.3387887208e-03
1.0584582155e-03
5.0330762131e-04
-1.5988061050e-03
-1.1526418688e-03
-8.9767072130e-04
1.3669009397e-03
1.1542912759e-05
2.7804376324e-03
1.4929007627e-03
-1.2058585057e-03
6.0955173755e-04
-2.1847721858e-04
9.2322567938e-04
-2.8106055706e-03
-2.0952357705e-03
1.4168015623e-03
2.7704882886e-05
2.2172207445e-03
7.5529254620e-04
-1.3449992678e-03
-1.6642865174e-04
-2.4291752604e-03
1.3034893407e-03
-9.4616257158e-04
-1.3351433816e-03
-3.4605035731e-04
3.8000233477e-03
2.0030221685e-04
8.6117136334e-04
5.7440282100e-04
-1.6030731425e-04
-4.9982422253e-05
2.1775717391e-03
1.0940157792e-03
1.5388593583e-03
1.3786795799e-04
2.1638315604e-03
-2.8607481647e-04
2.9579408333e-04
1.3611599182e-03
-1.4064577243e-03
3.0294419268e-04
-7.1287286747e-04
-4.5036264456e-04
-2.1624439167e-03
-2.4887007932e-03
1.5102245654e-03
-6.7798789609e-04
2.9910964288e-04
5.5205568618e-04
1.4959187164e-03
9.9518681623e-04
-1.0652607821e-03
-3.1012862900e-03
-8.0033282034e-04
2.1214149103e-03
-1.2112539980e-04
-1.4228929174e-03
1.9659574926e-04
-2.6874670010e-03
3.9208738032e-04
9.5426713144e-04
1.3668562110e-03
7.7586089497e-04
7.4627981705e-04
7.7485119922e-04
-3.1762003521e-04
8.5730265290e-04
-1.4278770150e-04
3.2865617855e-04
1.0636200306e-03
-1.7923448251e-03
6.9030243509e-04
-1.0426117569e-03
1.4080721607e-03
-3.2694323909e-05
1.2455266485e-03
-1.0757881042e-04
-8.4094284623e-04
1.6637372779e-03
-1.3295152418e-03
-1.3311755132e-03
1.9455603671e-04
1.9730836152e-03
-4.1269964212e-04
-8.3794671820e-04
1.3541317510e-03
1.8123997528e-03
-6.6333656529e-04
-7.7939814163e-04
-9.1694906073e-04
1.0084745768e-04
-4.4191965088e-04
-1.7780349448e-03
-3.1904037760e-03
1.6961657920e-03
-3.2549778000e-04
1.2453489784e-03
9.0019169225e-04
-4.6008690970e-05
6.5286633393e-04
1.6658947488e-04
-1.0946320278e-03
-1.0163300658e-03
-9.3063431260e-04
8.7138693048e-04
-5.0323864722e-04
9.0393790835e-04
-2.2623551799e-04
4.4480520647e-04
9.1659380452e-04
1.8930718334e-03
6.4688485573e-04
2.5236900071e-03
-1.5000865909e-04
-2.0569573611e-03
1.8426313715e-03
8.8015298698e-04
-2.0460182219e-03
-1.4739835663e-03
-4.9794743316e-04
-4.0580032550e-04
4.5405077651e-03
2.4198886863e-03
-7.7913044145e-04
-2.4208820974e-04
1.6473395226e-03
-4.7387819366e-04
-2.1822610987e-04
-1.8243909761e-03
-8.2997303651e-04
-1.6817921735e-03
5.6317568568e-04
1.7971815587e-04
2.2731370085e-04
2.5123054837e-04
2.3829218343e-03
2.0875460774e-03
-1.5701402523e-03
3.1494549021e-03
1.5230438904e-04
-7.9576521282e-04
-6.7333539480e-04
2.5656478932e-03
5.8222310836e-04
2.9339459111e-03
7.1037514978e-04
-3.0784730835e-04
-4.1550312338e-04
-1.4673763190e-03
-9.2003070248e-06
2.0057465483e-03
-1.5562291414e-03
4.9357443430e-04
1.0329228306e-03
1.7836830219e-03
3.5199654997e-04
2.8155813557e-03
-7.3856071509e-04
-1.4840772248e-03
-7.7338305568e-04
8.2495934044e-04
1.2770914954e-03
2.4496813113e-03
-5.5583188294e-05
1.8168615596e-04
5.8727839947e-05
-6.1867452675e-04
2.0515897098e-04
-1.0548415962e-04
-1.0050404702e-03
-1.5522562573e-03
1.6156442574e-03
-3.3895128830e-04
-7.8090111527e-04
-2.4186748000e-03
-1.3557693412e-03
1.2358995635e-03
-1.2932530449e-03
3.6374479178e-04
-8.7150476163e-04
3.1581822524e-04
5.8594802123e-04
4.1042335617e-04
3.5754436160e-04
-2.6021866953e-03
-1.8897218002e-03
-3.1855600063e-05
-5.1035497222e-04
-1.4612995706e-04
-1.9970758478e-03
1.8319972829e-03
-2.7707652428e-03
-8.6311141056e-04
1.1102537037e-03
-9.7925931061e-04
3.7637715119e-04
-7.7805904501e-04
1.6169837599e-03
6.1100692163e-04
9.9068600920e-04
1.2094825523e-03
-1.3893887019e-03
-5.3061991862e-04
1.3759254012e-03
-4.7906700940e-04
3.4405745187e-03
-7.8861693037e-04
-2.0132887387e-03
2.0286298373e-03
2.6220636676e-04
7.1764887182e-04
-3.8313640438e-04
-5.7599649942e-04
-6.5903149007e-04
-1.3991502008e-03
-5.5145218550e-04
-1.4295939044e-03
-9.8716863703e-04
-9.2768639332e-04
3.4533036695e-03
6.6994364634e-04
-3.0946066337e-04
2.9927975392e-03
1.5408967802e-03
-1.6641224041e-03
1.9405794163e-03
3.9424348768e-03
-7.1909323981e-04
7.4398698380e-04
-1.1661822649e-03
-2.4601760783e-03
2.5040046751e-03
2.4736781944e-03
-1.1457002685e-03
7.9909399132e-04
-4.8656170464e-04
-2.7066808379e-04
-2.0549411000e-03
5.8154477932e-05
-1.8600658298e-03
5.0423339891e-04
7.3235741539e-04
1.3391107059e-03
1.8559283647e-04
6.9396685943e-04
7.6374659077e-04
8.6538047919e-04
5.2433298959e-04
-1.3593921694e-03
1.3211409834e-03
2.3950526791e-03
-2.0529206325e-03
-1.6890794487e-03
1.1849353979e-03
-1.4067230048e-03
3.2121133267e-03
7.6357384300e-04
-1.2564681329e-03
-7.9316795319e-04
2.4393050263e-04
2.0434482555e-04
-1.6192601204e-03
2.9034471792e-03
9.4242058387e-04
1.2551218753e-03
-1.1598523335e-03
8.4116730640e-04
-1.7803090328e-03
3.3235752940e-04
-9.5976745100e-04
2.2803630039e-03
-2.5698315851e-04
-2.7025530557e-04
6.8061461867e-04
1.2357229703e-04
8.5141306095e-04
7.2120483529e-04
1.6067570673e-04
-4.5654680311e-05
7.5499623510e-05
-2.1741237504e-03
5.2788201783e-04
-5.6475856470e-04
-1.2951377175e-03
3.9104197072e-03
8.0516964891e-04
-1.6418392585e-03
9.4414035668e-04
-9.2884328354e-04
-1.8111439118e-03
7.7274926102e-04
8.0996754494e-04
-6.7408763034e-04
-2.7207883283e-03
1.4771238851e-03
1.5016538670e-03
-3.9826442077e-04
-1.4466662141e-03
-2.1537795651e-03
-3.8937314565e-04
-6.1766466099e-04
1.4193146262e-03
-2.0011809269e-03
-9.6836902582e-04
-4.3490133881e-04
-6.9764591292e-04
-4.2128254947e-04
2.4985261357e-03
3.8352542799e-05
1.0886451814e-03
-6.5853845382e-04
-8.9355517213e-04
-1.4424271907e-03
-8.9200876029e-05
-8.8965580083e-04
-7.9509848330e-04
-5.3778898789e-04
2.6467392232e-03
2.1905826702e-03
-9.2549160128e-04
8.4083004425e-04
-9.9354570318e-04
-1.1354322687e-03
2.6698166346e-03
-1.5156718044e-03
1.8852696476e-03
3.1476897518e-03
-6.0230945923e-04
-3.7082835187e-04
1.1670219821e-04
7.7819566348e-04
7.7852201055e-04
-5.8193141546e-04
1.9601803156e-04
-1.4968895249e-03
8.7538636943e-05
4.0735728904e-03
-1.1025590899e-03
-2.9411004511e-04
-2.0452607246e-03
3.9486188219e-03
-8.3995871927e-04
2.4723073055e-03
7.8356702148e-04
6.2109227517e-04
4.4520512920e-03
-3.0174486911e-04
-1.6381511910e-03
-1.3734003155e-03
-7.6890001273e-04
2.1664498228e-03
-2.1288417689e-03
3.0550496599e-04
-2.3462057262e-03
1.4956389634e-03
2.1443603362e-04
3.7132900099e-04
7.1500291378e-05
-1.4502398838e-03
5.0564782877e-04
1.5999343347e-04
-7.4886641566e-04
2.1404887105e-03
1.5984258301e-03
-4.4647991648e-04
5.0213192440e-04
-2.6150542070e-04
2.0759853025e-03
-1.1548232782e-03
1.3755675064e-03
5.6505568017e-04
-5.0111810835e-05
-2.4067337775e-04
-2.9526413542e-05
-4.8554000414e-04
-2.1283546928e-03
1.2071412243e-03
8.9266321695e-04
-5.5629535514e-04
9.2328391563e-04
-6.6727838294e-04
-3.5481881995e-04
-3.8750273008e-03
2.9232368417e-04
1.3159862026e-03
-1.6215374929e-03
4.0859656861e-05
2.0853703156e-04
2.6550225005e-03
1.2658583773e-03
-1.3996958590e-03
-2.8801599843e-04
3.6329813533e-04
-3.8985780646e-04
-4.5734743311e-04
-1.5595611894e-03
-2.1485471663e-04
-1.1012560134e-03
4.8815491916e-04
1.0282945580e-03
-7.1103101735e-04
-1.1912727585e-03
1.7060483922e-03
4.3653712366e-04
1.3926410378e-03
2.4940584066e-04
4.1619563334e-04
1.3957415835e-03
-1.6588092039e-03
-3.0365181768e-04
-1.1632805960e-03
-2.1484565853e-04
-3.7117525912e-05
2.6318454690e-03
5.8426978029e-04
7.1077584817e-04
-1.8498650674e-03
5.1903794393e-04
-4.0741809035e-04
1.7860240315e-03
-2.1092735748e-03
-5.0626636603e-04
5.3362111718e-04
-1.5148561499e-03
-2.7114511910e-04
6.4737526843e-04
2.6746644721e-04
6.6988232399e-04
-8.0780238221e-04
-1.0687725154e-03
7.4877876710e-04
-1.5469008207e-03
-1.3435003244e-03
-1.2876155789e-03
1.0724302970e-04
8.6297796577e-04
-1.9489082684e-04
-1.5316014546e-03
-1.2006207678e-04
-8.9291188995e-04
-3.9529159739e-04
-2.8014481375e-04
5.8383651445e-03
2.4535009161e-03
-7.8668802944e-04
9.8570660099e-05
2.9951050840e-03
3.1131406231e-04
-6.1362170442e-04
-7.2485828610e-04
-3.6846450099e-04
-1.7957017194e-03
-4.4558545546e-04
-1.3756935636e-03
9.6644963387e-04
3.4291419252e-03
3.3294861391e-05
-1.4833875611e-03
4.9637786746e-04
-1.7508592272e-03
3.0228508860e-03
-1.0903228342e-03
-1.7780891716e-04
-2.7862907425e-04
-7.2404251531e-04
-1.3174565985e-03
1.4011292501e-03
1.0448148448e-04
1.7070407703e-04
7.3358851689e-04
1.1985277038e-03
4.4872139479e-04
9.1612290651e-04
-1.1221085766e-03
9.8342686979e-04
-3.4017246099e-04
8.9036296785e-04
-6.5430527445e-04
-5.6286281883e-04
4.3392741020e-04
1.6385331051e-03
-8.8598016736e-04
-1.3480431108e-03
-5.1595110285e-04
3.2883119412e-03
-2.6460206043e-04
-1.3464288504e-03
8.0095680124e-04
-5.8733392757e-05
-1.5693239428e-03
-5.1672059351e-04
6.3890181003e-04
1.9180218223e-03
1.8250333530e-03
-4.1200172308e-04
4.8193442916e-04
1.1500406469e-03
-6.0173159883e-04
-9.3682407314e-04
-2.3392153254e-03
1.6991707668e-03
-3.1858209297e-03
3.0167021241e-04
-1.5427486874e-03
-9.9623465282e-04
-4.2509955153e-04
-1.4988911394e-03
2.0433654404e-03
-2.4182913265e-05
-1.2284848748e-03
-2.2818859547e-03
1.8000527659e-05
1.6307565110e-03
-2.0372640727e-04
-8.9631123149e-04
-4.1938445504e-04
4.7739199791e-03
1.8604579082e-05
-5.9148405811e-04
4.3720853264e-05
-3.9534066457e-04
2.5839426442e-03
8.8198459675e-04
-1.5501378157e-03
1.0852601369e-03
6.0686464855e-04
-1.1672277119e-04
4.7595944769e-04
-1.9440198168e-04
-1.8566611081e-03
-1.6394816889e-03
-9.9082499777e-04
-1.0465163930e-03
5.9966301037e-05
-6.5307473472e-04
-9.1188262865e-05
-1.2444618044e-03
-1.0351084741e-04
3.6445241557e-03
-2.9178688462e-05
1.7082934009e-03
-9.7352084439e-04
4.0053358865e-03
2.2370328347e-03
3.0085750552e-03
1.5606742338e-03
-1.2046632356e-03
-1.2942406335e-04
-1.0097520209e-03
1.3562079966e-03
7.2636595966e-04
8.1128536002e-04
2.3449299773e-03
1.5405140219e-03
-5.5507747536e-04
-1.8435886259e-03
-8.7319774563e-07
1.6977016997e-03
-5.7638778857e-04
-1.3110897225e-03
-9.4393254729e-04
-9.3635545607e-04
7.5148837856e-04
-1.8975931603e-03
-1.3916293865e-03
-2.7773025522e-04
3.2269500101e-04
-2.4979546949e-04
-1.2216316867e-03
4.6329427964e-04
9.4228936875e-04
-1.2120568383e-03
1.0385417121e-03
-4.4036806228e-04
-1.1509100452e-03
-3.0218981692e-04
-1.6528195548e-03
2.0793222695e-03
5.3942231558e-04
-2.3475882023e-03
-1.2837882493e-03
-3.9791263613e-04
4.4996485344e-04
-9.8576855560e-04
-2.4030532585e-04
-9.9938578975e-04
5.5379205567e-04
4.1578643884e-04
2.0193870228e-03
1.4617216726e-03
2.6381998933e-04
-5.5844801786e-04
2.5493203277e-03
-2.5301771944e-03
-1.0788770304e-03
3.0859101759e-04
1.6322952275e-03
-4.9434016504e-04
3.4851481863e-03
3.8760327040e-04
-2.4632215109e-04
2.0131351602e-04
5.0316648733e-04
-1.2024965162e-03
4.3809785482e-04
-8.6856995470e-04
1.4455721303e-03
-8.7290769332e-04
-1.7081226221e-03
1.1132056226e-03
1.4557844663e-04
1.5032466718e-03
5.2504474483e-04
-5.3803980934e-04
1.2728993052e-03
-5.3510888367e-04
-1.2835329644e-03
-2.8389432661e-03
-1.0539327902e-03
-1.8893922785e-04
-6.3287371048e-04
6.2427300710e-04
-4.1694340129e-05
2.7521794974e-03
1.5721225972e-03
3.3513186759e-03
-2.0620871117e-03
-4.9842709862e-04
-1.1835468083e-03
-1.1874485199e-03
1.9390930519e-04
1.2511231958e-03
-2.0725343503e-04
4.2428587416e-04
3.4918284342e-04
-2.0844184346e-04
-8.5404624293e-04
6.3594121167e-04
1.8436464085e-03
-8.4426467151e-04
8.2203962501e-04
-1.7938589298e-03
-2.0636114280e-03
-2.1499677566e-03
6.8718227925e-04
1.6338459174e-03
-1.9487744918e-03
-2.9778622915e-03
-1.0185607913e-03
-1.0420217293e-03
1.3106817106e-03
-7.0141833329e-04
-9.5314915316e-04
1.6129610768e-03
-7.8770675607e-04
1.5298012908e-03
2.5966086672e-03
-3.3883062539e-04
4.4853566672e-04
4.6273118417e-04
-9.2540935395e-04
-3.0821591671e-04
-7.5310350856e-04
-1.8663308569e-03
-1.3982564343e-03
1.6318547583e-03
6.0620698775e-04
2.4548067253e-05
1.0127733926e-04
8.7059384631e-04
-7.6691941309e-04
-1.4270478049e-03
-1.8661318226e-03
8.4619497746e-04
8.8571951719e-04
-1.7537424256e-03
-1.1691929623e-04
1.7780211934e-03
-5.3756957680e-04
-1.6774538859e-03
4.9434105264e-05
2.5828727326e-03
-1.4933616444e-03
-3.0471650971e-04
1.2677456170e-03
-1.3355910968e-03
-2.1291920250e-03
-2.1095653787e-04
7.1109669522e-04
1.4870828449e-04
1.4975634134e-03
-4.9601773863e-04
-2.1932282293e-03
1.5817401610e-03
-5.6706442695e-04
1.4305920510e-03
1.3053431721e-03
3.6286525002e-04
-1.2205313166e-03
-1.2454765634e-03
-1.2971592374e-03
-1.5395038886e-03
-1.3391724061e-03
1.1847906088e-03
-3.7128069831e-04
5.5445536565e-04
8.5963029798e-04
-1.7915234786e-03
-8.1905575010e-04
2.1501609197e-03
1.3182410786e-03
5.4477861735e-04
-1.7471272178e-03
1.5502630223e-03
2.3927802218e-03
2.5188437105e-03
-1.3320615674e-03
-1.7638002908e-03
5.4683462769e-04
-1.8161176256e-03
1.8198596706e-03
-1.2455789882e-03
-5.5873569997e-04
2.3109245151e-04
-1.4596436519e-03
1.3941074471e-03
3.3514275105e-03
2.4352832340e-03
8.7380643427e-04
-3.2342226002e-04
-2.8202852686e-03
-8.4447267584e-04
3.3727815686e-03
-1.0229215268e-03
3.7001633715e-03
-1.4871759494e-03
1.3178053658e-03
4.9570089585e-04
-8.9901547239e-04
8.1798310520e-04
-2.8379202190e-03
2.0955141662e-04
2.2671009977e-03
1.7259277481e-03
5.6683622654e-05
7.2028332991e-04
-1.7434902309e-03
5.0997373629e-04
2.0325857415e-03
-9.7318156089e-04
6.3170415745e-04
6.1940686853e-05
9.2939050161e-04
1.1696971285e-04
2.1761279880e-04
-1.6804518043e-04
6.9438895981e-04
8.3635670742e-04
4.2797486970e-04
2.2170605078e-03
2.3169991846e-05
-1.7026728634e-03
1.7176814977e-03
-3.0993804573e-03
-1.8489923113e-03
6.0675888562e-04
3.5334140577e-03
-1.0932303052e-03
-1.1219580710e-03
-1.9497327426e-03
-1.8199951178e-03
-2.4166339486e-03
-9.9227785978e-04
4.8416838974e-04
-5.6418423743e-04
-8.7905898803e-05
7.0983787852e-04
1.2762604655e-03
-1.5667094554e-03
7.6433877863e-04
8.9204951546e-04
3.3490620961e-03
-1.2137832273e-03
-2.0504658879e-03
4.4409942849e-04
5.1100644636e-04
3.3154608154e-04
-4.9092291185e-04
-1.6336319017e-03
-1.5774259512e-03
-1.2086722089e-03
8.4797620923e-04
-1.3048541729e-03
-1.4298045044e-03
-2.1099302572e-03
-6.1007311408e-04
-2.9454988550e-03
-4.3785958385e-04
1.7625796713e-03
6.0496397255e-04
1.0056645303e-03
-6.5114906909e-04
-1.2209413750e-03
-1.2895046791e-03
3.5907432779e-05
3.7872239986e-04
-1.3549439483e-03
6.0866242455e-04
2.7826283759e-03
-1.5299947114e-03
-2.0270396138e-03
6.6327672865e-04
-1.5951592929e-03
-1.1393598953e-03
2.7806312825e-03
-2.3427337501e-03
-2.2104092472e-03
-9.0866522828e-04
-2.7894115176e-03
-3.7138729033e-04
-1.7649194595e-03
-8.1588163278e-05
2.2456773007e-03
2.1356165069e-03
-2.5125663143e-04
1.5016330213e-03
-2.6712853991e-03
-8.7935599392e-04
5.9299122311e-04
1.3732312835e-04
1.0908636183e-03
-3.9500744345e-03
-2.4544427197e-04
-3.1240664354e-03
-7.7581865568e-04
2.4730484704e-04
-1.3565269133e-05
7.0390831455e-04
-6.2727675699e-04
-2.1205142247e-03
-3.1885526065e-04
1.9475309727e-04
-6.9722730236e-04
7.1070945041e-04
4.7736396913e-04
-3.7434061008e-04
1.6322196009e-03
-1.2500917430e-03
2.7849204755e-03
2.3842358566e-03
5.3016222461e-04
1.4886969658e-03
-1.1484525279e-03
2.5311861894e-04
-2.3357285153e-03
-1.8652085930e-03
8.2195196409e-04
-5.8150734826e-04
2.8100156315e-04
2.2790456656e-03
-6.5601176214e-04
-1.0075649382e-03
-2.6840417430e-04
-2.6479239370e-04
1.2563624090e-03
-8.3656915193e-04
-7.6107244403e-04
2.4851539891e-04
3.1797686134e-03
-2.3300229981e-03
6.9277645350e-04
-1.6263413953e-03
-1.2531200664e-03
-1.2364187465e-03
-2.8517540219e-04
1.5233432267e-03
1.6095405714e-03
9.3091047510e-04
6.4193182434e-04
-2.0838593383e-03
1.8014507203e-03
-1.3014630747e-03
2.4181671643e-04
-1.5702461283e-05
4.0256516245e-04
-1.1129006375e-03
-2.6516564763e-03
-3.9395239826e-04
2.4604765851e-03
-1.4668405906e-03
-2.2558940014e-03
-4.8109072009e-04
4.2892311702e-04
-1.5354377900e-04
-2.6750233881e-04
-1.5026165904e-03
1.1810522839e-04
-1.8548051418e-04
-2.2993072229e-03
7.7837398933e-04
-4.2253712492e-04
-2.3295357960e-03
-4.9436063212e-04
3.7920624319e-04
3.5822070319e-04
4.7331288818e-04
1.4034699525e-03
4.7194537025e-04
-2.4517186589e-03
1.1702442798e-03
-1.4627887298e-04
1.5307465357e-03
6.5197799230e-04
9.7183466501e-04
-1.4978338250e-03
2.7236149609e-04
-7.6609507915e-04
2.0436011119e-04
1.7999877345e-03
-2.2892750943e-04
3.4854905378e-04
2.1670744900e-04
-1.3944045201e-03
1.3508204637e-03
-4.3550135055e-04
2.0486518650e-03
-1.4165779358e-03
-6.7263091223e-04
-7.9040485514e-04
7.8020557303e-04
-4.5804414398e-04
2.7441021625e-04
-1.7212833829e-04
-2.0716061599e-03
2.8616061130e-04
-2.3801700228e-04
3.2589475256e-03
1.0801450788e-03
-7.0104958902e-04
7.4317984767e-04
-1.9426855284e-03
1.4310072658e-03
1.0866087394e-03
1.9051838511e-04
2.2482542162e-04
-1.7863958810e-03
-1.0978205670e-04
-1.5657185310e-04
-1.2430183562e-03
1.1994867727e-03
-6.8756931381e-04
4.6251571243e-04
1.1561515854e-03
-7.9062062436e-04
9.1033096441e-04
-1.5512881420e-03
-1.0523949161e-03
-3.6600381708e-04
-3.0984554093e-03
7.6539817056e-05
-1.9850645325e-04
3.0906278172e-03
1.0600708979e-03
1.1294455809e-03
2.3869439873e-04
1.0153988897e-03
-1.9082039883e-03
3.7059053682e-03
2.0166127757e-03
-3.2193999280e-04
-2.3018456502e-03
1.6724690578e-03
-2.6046053063e-04
1.4030974175e-03
-1.2660876730e-04
-2.4940957674e-03
7.3332289690e-04
-7.5214906273e-04
-1.2034953783e-04
-2.1039155150e-03
1.1779409341e-03
2.0399546552e-03
-2.1080274769e-03
1.9305927129e-03
8.9430815087e-04
-1.4244256898e-03
-4.1567938995e-04
5.8525022901e-04
2.2620346756e-03
-8.3891799753e-04
4.1306841162e-03
1.6662310228e-03
3.9640288076e-03
1.3544213456e-03
-2.3560750895e-04
-2.5212694097e-03
6.2482787759e-04
3.6647478593e-04
-5.0917270567e-04
-1.6214673321e-03
6.3641599648e-04
-2.3988426520e-03
-1.2118582593e-03
6.3453520833e-04
4.2421521011e-04
-2.2598641226e-03
-1.2686325794e-03
-8.2730158656e-04
-5.0202701989e-04
-1.2184443101e-04
-8.7771081338e-04
1.0046373127e-03
6.7909015317e-04
2.3939826304e-04
-1.2727347783e-03
7.7976323190e-04
3.6451667157e-04
2.0761364898e-03
-4.4254968715e-05
2.5717407378e-03
7.6323524628e-04
-7.1862966981e-04
-1.6473371005e-03
-6.0164563485e-04
2.6477192835e-03
-4.6746530283e-04
2.1466331683e-04
2.7990520681e-03
-3.2329800142e-03
1.9101035330e-03
7.9528334256e-04
1.3246643685e-03
-2.5458138878e-04
1.4694887945e-03
2.4989515322e-03
-9.4744897963e-04
1.9720118505e-03
-5.0002358820e-04
3.3340628914e-04
1.7491200311e-03
-6.7025971220e-04
1.2000411981e-03
-2.6923526790e-04
-2.1752072037e-03
1.1796318291e-03
2.2030238915e-04
-7.3590725383e-04
8.3029500507e-04
7.2767086336e-04
5.5752162118e-04
-1.8345107717e-03
8.5225504811e-04
-3.3161589373e-03
1.2278564650e-03
2.6473766088e-04
-3.1241067624e-04
6.6118642746e-04
4.1744215220e-04
-1.7691438768e-03
-9.9390907569e-04
1.0797077265e-03
-1.2121679634e-03
1.0203610444e-03
2.7659463382e-04
-4.7619137363e-04
-3.6578081383e-04
-1.0871994183e-03
1.4003050438e-03
-9.3874704006e-04
8.8395478150e-04
-6.6192953858e-04
1.4900597897e-03
-1.5629710150e-03
-2.9786266100e-03
-7.2093495358e-04
1.4581574856e-03
-3.2302585507e-04
-3.9209038333e-04
9.5560189886e-04
1.7486695872e-03
-1.4822881542e-03
-7.4663771081e-04
-2.8182792584e-03
5.1129104263e-04
-1.7998871605e-03
6.4863137154e-04
3.9959334844e-03
-8.8519010336e-04
3.8388335946e-03
9.3887583618e-04
1.2825330585e-03
9.5386353241e-04
-4.3146627392e-04
1.9890462392e-04
-1.6960372808e-03
-7.8089767196e-04
4.9244329135e-04
1.6665169319e-03
-1.6426377468e-04
5.2011315023e-04
2.1630871329e-03
4.2051965647e-04
-2.5754630492e-03
2.9156622298e-03
-1.6665877010e-03
-8.6519174302e-04
6.5551002535e-04
-6.6109606924e-04
-6.4742424398e-04
-1.5511210623e-03
-1.7767717295e-04
-2.9824309215e-04
1.2922456475e-03
7.7166113375e-04
-9.2285679844e-04
-1.6610872147e-03
-2.5959492614e-03
1.9463193731e-04
-7.4964794745e-04
9.2015853943e-04
-6.1445586129e-04
-3.1864743214e-04
1.9460967021e-04
3.5409320113e-04
-3.5548248938e-04
1.1349804887e-03
9.6039310300e-05
-1.4990905620e-03
-4.2503507367e-04
1.2180826025e-03
-1.9042110827e-03
-9.4157770617e-04
-3.9712386972e-04
1.4556431960e-04
-4.3926971251e-04
-2.1447545734e-04
-1.3898573388e-03
-2.9714412091e-04
-1.1598741581e-03
-2.6396226446e-03
-1.1785399924e-04
-1.0979541775e-03
-5.9095716126e-04
-2.6828538540e-04
-1.5703884998e-04
-1.3753004683e-03
-7.1411530371e-04
-1.3273777198e-03
8.1388592338e-04
-5.1640591747e-04
5.7732980405e-04
7.0350823720e-04
-2.8203698147e-03
1.9338053325e-03
-3.3807920074e-04
-1.9671530115e-03
5.3999389831e-04
6.7163984385e-05
1.4311097993e-03
-5.5514514833e-04
9.7640656429e-05
1.1867119946e-03
-3.0605977758e-04
-1.0454001011e-03
1.3182173721e-03
-1.3121508537e-03
9.0410776481e-05
-8.5974344308e-04
1.4884389778e-03
9.7853375900e-04
2.2843595720e-03
-1.3784088825e-03
-4.3150756237e-04
1.0378360251e-03
1.3950920056e-03
-1.4271368460e-03
-2.6874608766e-04
-9.8601896653e-04
-2.6212055626e-04
-2.9307617715e-03
-2.2981191686e-04
-1.3830595189e-03
5.4884548118e-04
5.1460151094e-03
-5.8194888576e-04
1.8461038543e-03
-3.8642757834e-04
-6.2017321669e-04
-2.5097430431e-03
-1.5731258247e-03
-2.3855355979e-03
1.1839581191e-03
-3.1413698085e-04
-7.1627624778e-04
-6.6754188802e-04
6.2615163507e-04
-1.1016725300e-03
-9.8159343109e-04
-8.6743220174e-04
1.0013889177e-04
-2.6227824290e-04
-1.0178269684e-04
4.2790073496e-04
2.3250624025e-03
1.4193658703e-03
-3.0777266114e-04
-3.3526565831e-04
-1.4673465517e-03
-1.2722437666e-03
1.7685819779e-03
8.1758429291e-04
-2.2807039738e-04
2.1946068917e-03
1.5332071441e-03
2.4740742454e-03
3.3658182205e-03
-4.3317312783e-04
1.8110477796e-03
-1.1004876248e-04
-1.4538166159e-03
1.8722814194e-03
-1.7271958027e-03
3.4164350669e-04
-3.4444477218e-04
-1.7460877935e-03
1.6341658123e-04
5.3728313062e-05
1.5976896350e-03
6.8499467691e-04
-9.6744748164e-04
1.2137674051e-03
-1.0966984901e-03
2.5445815525e-03
-8.0537168891e-04
6.0068198594e-04
6.8297043215e-04
4.1753596017e-04
-1.1885946802e-03
1.8753764374e-03
-3.6756823153e-04
-4.5433420167e-04
-6.8270107740e-04
1.5772215407e-03
-1.4912064668e-03
1.6707977920e-03
6.5649940725e-03
2.3460553834e-03
1.0726321023e-03
1.1499919258e-03
-5.4793278644e-05
-1.8297042334e-04
-2.0431893723e-03
-8.5979271355e-04
3.1251032517e-04
-1.2166490037e-03
-1.3129238811e-03
7.5706492170e-04
9.3211347943e-04
-1.1191955749e-03
4.7714028714e-04
1.7899716750e-03
3.7683717017e-04
-9.4057952045e-04
-5.1953300380e-04
1.4066048173e-03
-1.6849591343e-03
8.3271588716e-04
3.1081865173e-04
2.8840536269e-04
3.2066870378e-04
1.0009122867e-03
-1.4701574320e-03
2.8511293266e-03
-1.6153366181e-03
9.8772195108e-04
