5.8122707638e-04
8.6334602935e-04
1.6004126777e-03
6.0802049338e-05
2.6011686723e-04
-2.3474139296e-04
-1.4728696924e-03
2.3011037908e-03
4.4556571640e-04
-4.7911579972e-04
6.5979271736e-05
-1.4674811165e-03
3.8663180651e-04
-9.0217753266e-04
5.1715629837e-04
-1.0433747606e-03
-7.4277792320e-04
-1.9879857241e-04
-4.2033361829e-04
-3.3443295938e-06
-1.2875841962e-03
-1.3246681277e-03
-8.2199543109e-04
-2.4436044648e-04
7.8888245745e-04
6.0675881755e-04
-3.2393396197e-04
5.8231748298e-04
8.1363549923e-04
1.1663776004e-03
4.4445482210e-04
-5.1062980307e-04
9.9487870537e-04
6.7151463479e-04
-1.0488663019e-03
4.8122372447e-04
5.1929313310e-04
7.4973881863e-04
1.9073305783e-04
-6.4795072598e-04
-3.7395124588e-04
7.0652681653e-04
5.2628413218e-05
-7.3208618968e-04
-2.3965726685e-04
7.6757846146e-04
1.4007050919e-04
8.8371360580e-04
2.4318975372e-04
-1.3889740050e-03
4.1065058920e-04
1.0080110303e-03
5.9924375030e-04
1.5254446691e-04
5.5399450483e-04
-1.5786751398e-04
1.2018208469e-04
-1.3578933205e-03
-9.5922970229e-04
-1.0396275904e-03
-2.8896531493e-04
-6.5656325646e-04
2.4069624980e-03
4.2390249292e-04
-3.8118781779e-04
7.6417441666e-04
-2.7850099541e-04
1.0135801072e-03
6.6020799364e-04
-1.1946991128e-03
-6.4403035488e-04
-1.0278021186e-03
2.5929740533e-04
5.3192413218e-04
-2.7975217080e-04
-1.2225230781e-03
4.2229460767e-04
-1.0062862318e-03
5.5570811516e-04
1.3183748795e-04
-3.7261190120e-04
7.6595855083e-04
1.1292573238e-04
1.4322512189e-03
1.2224745474e-03
3.7719219364e-04
9.8294724842e-05
-1.2885773127e-04
-5.9090856294e-04
-1.3739857570e-03
-1.7398011954e-04
4.9771102855e-04
8.2563815115e-04
-1.2738005305e-03
-1.3161967360e-03
-4.8639512173e-04
-6.8353841787e-04
5.0419548521e-04
-1.0405970278e-03
-1.8284149016e-04
-2.0695356538e-03
5.5264669310e-04
-5.5764965997e-04
-9.6955099584e-04
-6.7412662309e-04
-3.3716693095e-04
-4.2311227119e-04
2.8635248410e-03
3.4294802140e-04
-7.4277437586e-05
-1.8869710491e-03
6.9477090102e-04
-1.7349759402e-03
1.2074477936e-03
1.8896577962e-03
-5.1669988575e-04
1.3810392312e-03
2.2951882319e-03
-4.6008250448e-05
-1.3224733455e-03
-2.8907354649e-04
6.3085759442e-04
-7.8063485770e-04
2.0374856039e-04
1.5316024123e-03
1.1639026452e-03
1.0285164181e-03
3.6860450198e-04
1.3894144630e-03
-4.3628425941e-04
-1.2916239100e-03
-1.0047291249e-03
3.0239820194e-03
-3.1590259590e-04
-9.1557740377e-04
-4.9027850877e-04
-7.3499577192e-04
4.2292232350e-04
2.1065588453e-04
-8.1242669082e-04
-2.0474854719e-03
-3.3436450477e-04
-9.4854376690e-04
1.9805458603e-05
9.8799667254e-04
2.4501415031e-04
-1.1433168807e-03
-1.4367912087e-03
-1.1616442321e-03
1.1313699962e-03
-1.1503721982e-04
-4.0841280584e-04
1.4773885332e-03
-1.0835607270e-03
-3.1890114157e-04
5.7305075068e-04
-1.1556673970e-03
1.5422883036e-03
-1.2834363330e-03
-1.3951247172e-03
6.5744847753e-04
1.9321582025e-03
2.0430371111e-03
1.2143336475e-03
-1.3332916070e-03
-3.5520189734e-04
-7.9699873332e-04
1.1283678148e-03
-4.9226593992e-04
2.3545363228e-03
-8.7207684192e-04
1.7427769863e-04
-5.4916374568e-04
-1.5604632002e-03
2.3700920848e-04
-1.0493196708e-03
1.4625207041e-03
-1.1424382560e-03
-5.7629011813e-04
1.1093772752e-03
8.6176718243e-05
7.8885536081e-04
-6.2092429140e-05
-1.2383104028e-03
2.6653588786e-03
1.8190091445e-03
-1.4542917806e-03
-1.0749196336e-03
-2.7233563171e-04
1.5665120610e-03
1.6439931684e-03
2.9716565579e-03
8.0845925302e-04
-9.9020165152e-05
-1.4351644696e-03
8.1789184128e-04
-9.7443317845e-04
-6.2243583722e-04
-3.1820722146e-04
-9.8147480409e-05
-2.0708995959e-03
-2.1193181162e-04
-6.8626093394e-04
-8.3631179123e-04
-1.3974210728e-03
5.6059974164e-05
9.7687014165e-05
1.4182310668e-03
-7.4178352562e-04
-1.3798160286e-04
1.0414173330e-03
-7.5810255917e-04
-1.5722452151e-03
-1.2227887216e-03
-1.0958666104e-03
-2.9914508019e-04
-2.2309300463e-03
8.3169622048e-04
-1.2349354179e-03
-4.7082311063e-04
1.4338994433e-05
-4.1421029476e-04
-1.0123227310e-03
-4.0535323713e-04
-4.5483077737e-04
1.2914708875e-03
7.7032444370e-04
-7.8382932427e-04
3.5996230020e-04
1.5170924283e-03
1.9378787190e-03
1.5503891499e-04
8.8364457165e-04
-1.2854652546e-03
1.0111062753e-04
8.7929810223e-04
-6.9630289781e-04
-7.7603325800e-04
2.4080086595e-03
1.4620887491e-03
9.1142124000e-04
1.4250653000e-03
-3.3416309695e-04
-5.3492245344e-04
5.6647769107e-05
1.5924992707e-03
2.2654797188e-04
1.5473832222e-05
1.7996646948e-03
-1.2423153858e-03
1.9523527613e-03
-1.0066613385e-03
-2.0356084951e-04
-5.9454786989e-04
-1.2585978290e-03
1.0228513988e-04
3.5276195160e-04
1.5857885340e-04
2.1323857415e-04
1.5331382458e-03
-1.5433789213e-03
-1.5061927449e-03
-1.0999569787e-03
-5.8641955260e-05
1.4174766598e-03
4.2711184134e-04
2.4266648327e-06
8.1389277140e-04
3.4997476304e-03
1.0672847741e-03
2.7043354756e-03
-4.6205525868e-04
1.1623431951e-04
-1.3924898357e-03
-2.3743109590e-05
-9.5314829302e-04
1.7872315442e-03
-7.3996926198e-04
-1.9977791505e-03
-2.6161553245e-04
-1.0169157421e-03
-5.6666193745e-04
2.9758745558e-04
-1.2297980763e-03
-6.2082966587e-04
-5.6605567658e-04
1.0115919306e-03
-6.1051575524e-04
4.7284247731e-04
-4.1984992276e-04
1.1294317367e-03
-6.8360446903e-05
-2.5829112267e-04
-1.7877924318e-03
-1.7364997847e-03
1.9826178645e-03
-6.1238278173e-04
8.6675499622e-05
1.6406920314e-03
-6.4965448597e-04
-3.8476835580e-04
1.3536566221e-03
-2.7429410966e-06
-1.4020499393e-03
-9.1187670432e-04
-2.8047509571e-04
-5.6389914872e-04
4.9332988960e-04
5.4752033808e-04
-9.7908130606e-04
-5.3181384184e-04
-2.3449296543e-03
-3.4653897332e-05
9.9734148919e-05
-7.4405425246e-04
1.0726782978e-03
1.5741830256e-04
-1.8212358701e-03
6.4989484928e-04
2.2111772088e-04
-7.4598203683e-04
-6.1785209962e-05
1.2943095871e-03
-1.2815705901e-03
-4.4524231189e-04
5.4656522442e-04
1.1078147816e-03
-1.6959418906e-03
-1.9782758814e-03
3.3666002235e-04
2.4838724048e-04
8.0943303924e-04
2.5761063336e-05
6.5995588892e-04
-1.6239327417e-03
-7.9999604220e-04
-7.5084947545e-04
1.1889577373e-03
-3.3428230637e-04
-1.7795350415e-05
2.5063178151e-03
-5.9979332287e-04
3.5195399777e-04
-4.9371534639e-04
-9.1982139258e-04
-1.3908352637e-03
7.9502813758e-04
-9.2588650289e-04
3.0276725281e-04
8.1362316175e-04
5.2151772533e-04
-1.4554145354e-03
-1.2816730462e-03
-7.1536495843e-04
-1.2496898777e-03
-7.4308360673e-04
3.3291713249e-04
5.2709503590e-04
8.8500282953e-04
-1.5721920192e-03
5.6818012905e-04
3.1294903834e-04
1.1953106068e-03
2.0331498262e-03
2.6934411115e-03
2.1907542101e-03
6.1230706311e-04
-9.5401404585e-04
-1.3715913909e-03
3.7792744520e-04
1.1139446668e-03
-3.7337145789e-04
1.1382083644e-04
-2.0649019077e-03
1.8309663877e-03
-1.2455761951e-03
7.6746812947e-05
-1.0517178153e-03
1.4705820115e-04
5.4065700289e-04
-7.3730330242e-04
4.7970582792e-04
1.5796896974e-03
-7.4749665128e-04
-1.0834019347e-03
-2.2795010645e-04
1.1853915264e-03
-6.0658439026e-04
1.9013497080e-03
3.7392260040e-04
-7.8076643498e-04
1.8931611100e-03
-7.4482605570e-04
9.2972303700e-04
9.6638182400e-04
1.7909569755e-03
7.4504496622e-04
-5.1198143471e-04
-4.7610587007e-04
1.6359736308e-03
2.9937747470e-04
8.3750447331e-04
6.0215541028e-04
-5.8260761522e-04
-7.3627518005e-04
-2.5022076315e-03
-3.2632116417e-04
-2.6719056983e-04
1.3453232757e-03
-3.2109219468e-04
-5.0607852781e-04
1.9315533282e-03
-1.0136459270e-03
-5.5855116005e-04
1.9472640342e-03
7.3248658663e-05
-9.8722678589e-04
-1.3304458142e-03
6.2067819356e-04
-1.1620080674e-03
-1.6721961757e-03
-7.4510905826e-04
-1.6241265528e-04
-8.7133964280e-04
-1.1596428468e-03
-2.0249546230e-03
3.1227262268e-04
-1.4770799438e-04
-6.3355424698e-04
1.2382225346e-03
-4.6419205394e-04
8.6704917609e-04
8.0923088875e-04
-9.1137886234e-04
-2.1424007057e-04
4.2461653981e-04
-1.1484984731e-04
-5.3217888095e-04
1.2948103290e-03
-3.5490280065e-04
-5.4116930795e-04
2.2685852474e-03
1.9697952168e-03
-1.5957549431e-03
4.8657114331e-04
-6.9127167929e-04
-3.7883741523e-04
-1.1591620803e-04
-2.3561585441e-04
1.6770382866e-03
1.3776006580e-03
2.0577839817e-03
-2.0179338319e-03
2.7225425196e-04
5.6517452533e-04
-3.4084514903e-04
-7.9284285794e-04
-1.6537733588e-03
5.0497526660e-04
-2.2125967689e-03
1.7891216240e-04
2.2610247283e-03
-5.4443831417e-04
-2.3761785165e-05
-1.1485987707e-04
1.9938204084e-04
1.9402773728e-03
5.1905193542e-04
-1.1214918427e-03
-1.1793551637e-03
-5.4660919982e-04
-2.6091288670e-05
2.8280091011e-04
-1.3858278198e-03
6.1718405312e-04
1.0921808904e-03
1.5966899351e-03
1.3243360229e-04
2.1917771492e-04
2.1666567783e-04
1.1146739894e-03
3.2882332136e-03
-7.3847336833e-04
2.6831222299e-04
6.7883100369e-05
1.6194428326e-03
-5.6114479210e-04
8.1945969369e-04
-1.1953279765e-03
-6.9759670029e-04
1.3662790071e-04
1.1498650534e-03
-8.8194216454e-04
1.7343959447e-03
1.6370067067e-03
6.4496466871e-05
4.4285918908e-04
5.0010312861e-05
1.1015658476e-03
3.6781033647e-04
-3.7288101203e-04
1.3596801630e-04
3.2748971274e-04
7.7052060968e-04
1.0541575556e-04
1.3355584621e-03
-8.6641823367e-04
1.6433542662e-04
7.9839094251e-04
-1.6711778509e-03
3.0891433003e-04
5.7814138235e-04
-1.1941514017e-03
2.4597795498e-04
8.2165412170e-05
-1.2623328471e-03
-2.2242324924e-04
-1.2078117378e-03
6.0364193706e-04
1.0442410803e-03
-1.5973245063e-05
-1.2664248218e-03
5.8088987347e-05
-4.6923244408e-04
-1.7203555526e-03
-3.8157410570e-06
-7.5427560675e-05
2.6286385310e-03
3.6427676968e-03
-5.8313669034e-04
-7.3529746803e-04
4.1367569820e-04
1.9165980010e-03
-1.0669394598e-03
1.0106013987e-03
-1.0565731350e-03
-1.3151721973e-03
-6.6381385688e-04
-4.9417660558e-04
1.5912144129e-03
-1.4047446978e-03
3.3297684853e-04
2.8253519855e-03
2.0894282301e-03
1.4320685658e-03
-1.0089175409e-04
-7.1105624463e-04
8.2578657714e-04
-8.3468950200e-04
1.6021249973e-03
-1.1123860691e-03
-8.7494127785e-04
6.2814000247e-04
-1.8099106397e-03
-2.4026674296e-04
-9.5590399831e-04
-2.9313408321e-04
-2.4580816955e-03
-1.2718847970e-04
-7.4520438651e-04
-8.6738405271e-04
-7.7561156217e-04
2.6278441643e-03
-8.7002872938e-05
3.5206765070e-03
-2.2653773686e-03
-4.5904131305e-04
1.7292105547e-04
-4.5985841832e-04
1.7459168318e-03
-4.9916990143e-04
1.8078845221e-03
-1.7328345749e-03
2.6192008873e-03
-1.3440655811e-03
-1.0848567922e-03
-3.4933956212e-04
-9.5594913036e-04
-1.2622027112e-03
-2.1935344184e-03
-6.9257278929e-05
1.7898755334e-03
1.4408484030e-03
-2.5234741078e-04
2.0744670524e-04
3.9851049259e-06
-3.3220197925e-04
-1.1950092805e-03
1.1066893889e-03
-1.8824695206e-03
-5.2864761588e-04
-9.8979113087e-04
5.5012071727e-04
-2.4296871459e-04
-1.1076442076e-03
-1.7871551252e-04
-4.8210681160e-04
-9.6402687405e-04
1.8254126405e-03
2.4798124042e-03
-1.8194352793e-04
8.2758917856e-04
2.7266527578e-03
-1.1532123417e-03
-1.1469733785e-03
-1.0510016901e-03
4.5026465090e-04
1.9565479954e-04
1.6744440342e-03
6.3567719148e-04
5.8459336522e-04
-7.0016862363e-05
-1.6284014378e-05
-1.2544966652e-03
3.7438718729e-04
6.1343756156e-04
-1.9807761489e-03
-1.3141543163e-03
1.3163787546e-04
1.9845277277e-03
-7.8429816637e-04
-2.0756468080e-04
-1.4141035401e-03
-1.2921791556e-03
1.9259001503e-03
5.2174206464e-05
3.6668855620e-04
-1.3756901793e-03
-1.6097069114e-03
-3.6954068301e-04
1.0983409782e-03
1.8253347200e-03
-7.7110699801e-04
6.1915061933e-04
-1.7578803469e-04
-1.9741448742e-03
-1.8315809865e-04
5.4132525173e-04
2.4769424980e-04
-5.2076024333e-04
6.8180674485e-04
-1.6698460066e-03
3.4414299557e-04
-7.1236303792e-04
-1.1664956352e-03
-1.4411644368e-03
2.4513861846e-03
-2.8277776930e-04
6.4045820669e-04
3.8566396691e-04
-2.4122465019e-03
1.4469488559e-03
2.1293715221e-04
-2.3422908908e-03
6.1567193792e-04
-1.7626058839e-03
-5.9749139162e-04
-2.8596547534e-05
-9.7102814242e-04
-1.8648865258e-03
-1.1996940765e-03
-1.0269646601e-03
-1.8244994652e-04
1.3296394493e-03
-1.7444234185e-04
-6.7258147939e-04
5.6884259988e-04
-4.6713884711e-04
1.0324751573e-03
3.5334978342e-03
-1.8919712893e-03
7.7255822910e-04
6.9298959352e-04
-1.2493723781e-03
7.3247625827e-05
1.7548649380e-03
2.8329482884e-04
-2.5095154442e-04
2.3937712628e-04
1.2431839076e-03
-1.0441699681e-03
1.0430909455e-03
6.0845338583e-04
-1.1689702592e-03
-5.9373656708e-04
-9.6200973065e-04
-8.4264600165e-04
-1.2078940854e-03
7.9713223964e-04
-2.0048684020e-04
-1.1238018844e-03
-4.1982835626e-04
-2.7882023921e-03
4.8394513949e-05
-1.2997440717e-03
2.6334127531e-03
-1.3483016325e-03
-1.1915239149e-04
-1.4721733741e-03
-1.7840257780e-03
2.9153705065e-03
-5.7227734995e-04
8.3986673077e-06
-1.8709293790e-03
-7.5092640884e-04
-2.9751600554e-05
-1.3360657103e-03
-3.7456467719e-04
-1.7100404278e-03
1.5197032812e-03
-1.1910238718e-03
-1.1525106578e-03
-1.0777683508e-03
-1.0620874910e-03
2.5590764403e-03
-2.5091014775e-04
-3.2397746279e-04
-7.6048104088e-04
6.2861235204e-04
-6.3328504289e-04
2.7068870729e-05
-3.4687485049e-04
-2.8146232183e-04
-5.0365089685e-04
9.2375976407e-04
-3.8271125171e-04
-2.2470144268e-03
-8.6429485913e-04
7.3310453246e-04
-8.7928973431e-04
2.3343512982e-04
-6.8519564176e-04
-1.1115904583e-03
-4.7702471135e-04
-1.8518795222e-04
-2.2924820321e-03
1.8195416239e-03
-4.4615049578e-05
1.5410385625e-03
1.0161579204e-03
-3.4310400743e-04
-1.2717806746e-03
-5.1498900081e-04
-2.4677880544e-04
-1.3280915987e-03
1.8654536314e-05
1.7681142881e-04
-2.3349259993e-03
-1.2482897028e-03
1.2338754413e-04
5.2294273981e-04
-1.3179850000e-03
-6.9431900791e-04
1.4771361757e-03
1.5804755039e-03
9.2631356068e-04
3.1815818605e-04
-3.5977938308e-04
1.0634990463e-03
-8.2142868965e-04
-3.9341165127e-04
-7.2252628422e-05
-9.9191890538e-04
1.8328335462e-03
6.1616746985e-04
1.1379513574e-03
-5.8701148753e-04
1.9623169089e-03
6.5731306997e-04
1.4135814854e-03
2.4557918104e-03
-1.1238184316e-03
8.2980981267e-04
1.6102180370e-04
9.0156079315e-04
7.9430945340e-05
-1.1311829422e-03
9.8519429926e-04
-9.4061327569e-04
4.0823907753e-04
-2.7032050806e-04
-1.4187966152e-03
8.3438427750e-05
-6.3272198796e-04
-1.1760048875e-03
1.5845914826e-03
3.0014454875e-04
6.8077524096e-04
-6.4767648016e-04
-3.2526309417e-04
-2.2675300656e-04
-2.6487789934e-04
1.1500961993e-03
2.4932073649e-04
6.1185237012e-04
-5.1042551235e-04
1.5799126519e-03
6.1190620211e-04
3.3893146265e-04
-6.6782323766e-05
5.8759718978e-04
2.8813713710e-03
-8.3933017615e-04
-7.3183944462e-04
8.7942596380e-04
5.1051476340e-06
-2.0702845170e-03
4.8428903823e-04
6.1031982572e-04
-1.4812027005e-04
-6.2976633239e-04
-1.1007870341e-03
5.1180527700e-04
1.0347752916e-03
-1.6264980359e-04
5.9205724443e-04
-9.8431547934e-04
-7.1894674545e-04
-1.0032692184e-03
-6.5092797747e-04
-8.2638081326e-04
1.2432788251e-03
1.0701490813e-03
1.9375835345e-03
1.6201566068e-03
-2.0898024584e-04
1.0637113584e-03
3.3384452926e-04
2.4486550493e-03
-5.1895191257e-04
-1.1280997206e-03
-1.2212731524e-03
3.2146336055e-03
8.7371177437e-04
-1.6739943545e-03
1.4670498426e-03
-7.8039655322e-04
-7.3511859395e-05
5.6181970469e-04
1.9549674506e-03
1.1828335790e-04
2.3987814701e-03
6.8844550323e-04
2.7537262199e-03
-3.1687228220e-04
2.5277222962e-04
-1.4223448384e-03
9.9723039574e-04
4.1337998409e-04
8.1782794020e-04
8.5671731163e-06
-7.7962603615e-04
-3.0422128117e-04
9.7510864586e-04
-2.3118354200e-03
-9.2106957411e-04
6.6646604770e-05
1.0517335374e-03
-1.5367411567e-03
-2.7741189061e-04
1.5880666088e-03
1.4800961467e-03
-5.1214295579e-04
-1.0205270729e-03
1.2957855552e-03
-7.5205043984e-04
-7.8512256705e-04
6.4554086821e-04
3.3040608011e-04
-2.4334657969e-04
4.0222912564e-04
-4.5347972666e-04
-3.8284735093e-04
-1.7200127587e-03
4.7826063044e-04
-1.0393397902e-03
-2.1816213883e-04
2.1121681112e-03
3.4262720731e-04
-3.1193709283e-04
-1.1694300378e-03
-2.7020784144e-03
1.9491157592e-04
-1.4043059449e-03
1.3761205567e-03
3.7885670477e-05
4.4878894626e-04
1.3020490551e-03
-7.8692937937e-04
1.0707448076e-03
-4.7513508240e-04
-1.1087603919e-03
1.1204288494e-03
-1.1723609734e-04
-2.6062556000e-03
7.7522141651e-04
2.5487815985e-03
-6.0114120603e-05
1.0044245800e-03
-1.6440774007e-03
-2.6282207867e-04
-1.9176850577e-03
1.1036875227e-04
-8.4025287285e-04
1.2973938565e-03
-5.3333663407e-04
-9.1241822537e-04
9.4139150801e-04
1.9328898400e-04
7.9941895888e-04
-6.2184045688e-04
-7.9743796341e-04
7.6735157543e-04
-7.8036642230e-04
1.1104975183e-04
2.7953981147e-04
-6.5881514084e-04
1.6577300414e-03
1.2194596263e-03
2.0358497921e-03
-1.8282978845e-03
-9.6639201473e-04
8.4065369963e-05
3.4852205975e-04
1.7790420939e-03
7.3827445990e-04
2.4228186529e-03
-2.1193715810e-04
-1.3700039112e-03
1.2615686368e-04
-1.1475784688e-03
-9.5045818110e-04
1.1726258042e-03
1.6153220962e-03
-1.4522827310e-03
1.5522425262e-03
1.0994986862e-03
1.3883116461e-03
5.5962146940e-04
-6.8784331581e-04
2.2303979902e-03
-7.1021470437e-04
1.6834569672e-03
-1.6459840099e-04
1.5232659782e-03
-4.6037187578e-04
-9.5786661566e-04
-1.3557079418e-03
1.0921768853e-04
-7.7399664275e-05
-1.4331851456e-03
-7.1662705112e-04
1.3357693653e-03
4.3720941736e-04
-1.5116143107e-03
-1.0629753048e-05
-5.1684320625e-04
2.9591582032e-04
-1.0323496634e-03
-7.6271924785e-04
-3.9874916572e-04
-5.9852812979e-04
1.3197961794e-03
-1.7174880823e-03
6.0996196765e-04
-1.2626223063e-03
-2.0364208977e-03
2.6824138608e-04
-1.5045927461e-03
-1.6394423283e-03
-1.7946752804e-03
-1.2637932566e-03
1.3489301362e-03
9.9806976459e-05
-7.2267618163e-04
-5.4613102877e-04
1.4320952377e-04
-5.5334973222e-04
-1.6509707273e-04
-5.3760014261e-04
-1.6485590710e-03
1.0933552253e-03
-5.6015687663e-04
-6.0409232904e-05
-1.1980299517e-03
2.7982079429e-04
-1.1481890971e-03
-3.5907033414e-04
4.3422268545e-04
-7.9775488059e-04
4.5182127680e-04
-2.9633813347e-04
3.7090184629e-04
1.5216268169e-03
1.8145362950e-04
3.4938796523e-04
-1.1731024574e-04
9.3385696672e-05
-2.5776401539e-04
1.0796464799e-03
4.2554672728e-04
-7.4141172141e-04
2.7228962131e-03
6.1788975869e-04
-1.2928191157e-04
-4.0203313616e-04
1.1861969308e-03
1.1240881262e-03
-2.0451780920e-05
-7.0672623789e-04
-1.5883084076e-03
1.2000220777e-03
-2.5167239501e-04
4.3310462934e-04
6.0701744789e-04
-3.9094480645e-04
-5.1578901651e-04
-2.2987401567e-04
4.5019710651e-04
-8.4153779613e-04
-1.5307427614e-03
-1.0386207934e-03
3.5436420038e-04
-1.2186876881e-03
5.9650716702e-04
1.2492147905e-04
1.9036570143e-03
-2.1527889581e-05
-4.5185997221e-04
-2.4966125738e-04
-3.7636697044e-05
8.8728573568e-04
1.2768010206e-04
-1.6700207338e-03
1.3850435069e-03
-4.4977372002e-05
1.8852104432e-04
6.1975294603e-04
4.2760541940e-04
1.0953226451e-03
1.0157108566e-03
3.8231012731e-04
9.8626877735e-04
7.3569820640e-05
-1.7252685021e-03
8.5980610873e-04
1.9565747058e-04
1.3702668925e-03
6.1639442880e-04
-2.0699557374e-03
2.5260136140e-04
-8.6315712203e-04
2.7458684804e-04
-1.0398560973e-03
3.7406987051e-04
-1.3971307736e-03
1.9902960743e-03
1.0680488676e-03
6.7221480512e-04
-1.1925129422e-04
-2.4551568931e-04
8.0514002289e-04
-4.2375718138e-05
-8.0288856586e-05
-7.6366425877e-04
-1.5179410265e-03
1.9606483038e-04
2.2455681858e-04
5.3507220896e-04
1.8562528066e-04
-1.9490710062e-04
1.3702812180e-04
-9.5738289756e-04
1.7946573340e-03
1.8342631175e-04
2.3071356480e-03
-1.2090249797e-03
1.4360418653e-03
-3.3621140261e-04
-5.0054639169e-04
1.3223456874e-03
-1.5374362310e-03
-4.6148488254e-04
-1.7802130737e-03
-1.1052042667e-03
-1.3978753454e-03
-5.7217277748e-04
-1.7477108412e-04
-1.2495445688e-03
-8.8311578591e-04
-3.9322613460e-04
-7.0340239689e-04
-2.2391531466e-03
-8.3434138838e-04
-2.7792222042e-04
9.7462061575e-04
1.4944536097e-03
1.1364195915e-03
-1.0988738829e-03
1.5935832886e-03
-5.8992543624e-05
-2.8181489687e-04
-2.3367815888e-03
-1.6443757963e-03
1.4513700696e-03
2.1312945467e-04
2.6083962001e-04
-1.2434928569e-03
1.1931278414e-03
-1.7140411977e-03
-1.0872481559e-03
-1.6649840008e-04
-1.1667521622e-03
-8.3381116429e-04
-8.6634889639e-04
5.7188142772e-04
-4.2572141416e-05
-7.4913439182e-04
-1.2559294610e-03
4.7173274347e-04
5.1069330416e-04
5.8645504453e-04
-1.4003859473e-03
3.9354310327e-04
3.3595145027e-05
-1.0353406273e-03
4.7317792714e-04
2.4433085980e-04
6.9147951236e-04
-1.0691943466e-03
1.0450925434e-03
-5.2663429920e-04
1.1956855485e-03
-3.0273231568e-04
4.7285978012e-05
4.2990251416e-05
-8.1862370061e-04
4.3557132904e-04
2.3417645368e-04
-8.1608733687e-04
1.4055706203e-03
7.3154286264e-04
-1.2149955720e-04
1.1477761344e-04
3.3440742538e-04
2.8410703261e-04
2.4109817435e-04
3.6410837625e-04
2.4016040559e-03
-1.2519197580e-03
3.3939561557e-04
1.9528043198e-03
-1.9229499217e-03
1.7768587030e-03
-6.8022752550e-04
9.5087246177e-04
8.7119414781e-04
-2.2390198016e-03
2.2330673810e-04
-9.2696122895e-04
4.3709366687e-04
1.7098885250e-03
4.2925755625e-04
1.3395086330e-03
-6.8844228389e-04
-7.7871086407e-04
-9.5675510050e-05
3.2183100285e-04
3.6853886471e-04
-9.5512921917e-04
-8.1843540350e-04
3.7057053098e-04
2.7958153336e-04
4.2227176931e-04
4.0739261872e-04
8.6196438228e-04
1.5290958930e-03
5.1112886231e-04
-2.0577183205e-03
-6.3063200743e-04
6.0392883088e-04
-3.9494207140e-04
1.0200924528e-03
-7.1492964860e-04
5.3165901946e-04
-9.3182788693e-04
7.8195184253e-04
-6.9029222341e-04
-7.1253823211e-04
-2.0485870740e-04
-1.2080478001e-03
3.5007940261e-04
-1.0849215135e-04
-7.6004037548e-05
-1.1404088026e-03
-1.5664536422e-04
-7.1132988629e-04
-8.6914925424e-04
1.3012892640e-04
-2.7533241751e-04
3.4735444285e-05
2.3378601337e-04
-1.1392667532e-03
-8.3665889146e-04
7.5666405650e-04
-8.2784286298e-04
-7.8455754366e-04
8.9793254196e-04
-3.3743021603e-04
-5.8566067127e-04
1.8115499083e-04
-1.1108799565e-03
-9.9200867856e-04
-4.6212135259e-04
1.0552401060e-03
-3.8725658503e-05
7.6298680530e-06
5.6659667322e-04
5.6382696079e-04
-4.7953026428e-04
-1.4080312791e-03
-3.9757291845e-04
-1.8277559906e-03
2.0505782409e-03
-1.2961296321e-03
9.1962657049e-04
1.8128529750e-04
8.1476742233e-04
1.7195212507e-03
5.3207861771e-04
2.0305216942e-04
3.9555734731e-04
1.4857712325e-03
-5.4912139708e-04
3.7609513657e-06
9.6960656073e-04
-1.3805213126e-03
-1.2118248527e-03
-6.9183140299e-04
-3.0297787509e-04
-1.3645917968e-03
9.7424419164e-04
6.7589885422e-05
2.0011726473e-04
4.6343364034e-04
-1.5086063594e-03
7.1325897699e-04
-8.4540494958e-04
-1.5274633306e-03
-4.6411889375e-05
-6.9182335363e-05
-1.5178996443e-03
3.3132958370e-04
8.3072995980e-05
-7.8850395306e-04
-3.3622505376e-04
3.0610917862e-05
1.5149847696e-03
6.5704229789e-04
1.5738051033e-04
1.2093569691e-03
1.3135327509e-03
1.1226303738e-03
1.3032375613e-03
-3.9454692005e-04
-1.5633016351e-03
2.7708828154e-04
1.5233210445e-04
-4.9108910420e-05
8.1024950722e-04
-1.6800972247e-03
5.2894245551e-04
2.1988026373e-03
-1.7727829290e-03
-1.2026354960e-03
-7.4017560593e-04
-5.4623036856e-04
-1.1457633559e-03
-1.2224458036e-03
2.7556114722e-04
1.6088000934e-03
-1.1440620593e-04
-4.7182803044e-04
1.4880261538e-03
-1.5852202731e-03
4.1264268260e-04
6.9406615213e-05
-1.2949897274e-03
7.4759523636e-04
-7.2045462719e-04
9.1502755699e-04
8.1116750878e-04
-6.7014202079e-04
-1.0044275971e-03
2.5461906125e-04
1.4520963340e-04
9.3399717540e-04
1.3355831731e-03
2.2069188596e-03
-2.0516959740e-03
-1.3385527750e-03
-1.3939410452e-04
1.2100138755e-03
1.1824044586e-03
1.5013280956e-03
-9.7114450707e-04
9.5017954972e-04
9.6464384765e-04
-1.1495237681e-03
-1.6850815003e-03
1.4284009424e-03
-8.0239363098e-04
6.4669333051e-04
2.4716028151e-03
-2.8641579822e-05
8.3207387198e-04
1.7355625127e-04
6.9520634494e-04
-1.4890180547e-03
-1.0375124433e-03
-8.5850134031e-04
8.2823434027e-04
-1.2026756762e-03
-6.4791030489e-04
-3.2769037253e-04
8.0077044854e-04
-6.0172226739e-05
3.0178104817e-04
-1.9415701351e-04
-2.1487257880e-05
-1.6161031152e-03
9.9359408300e-05
-4.1437005147e-05
-3.9494924432e-04
1.0930524917e-04
-4.4400129794e-06
-4.4546423499e-04
1.1904134287e-03
-8.5034760617e-04
6.7904245752e-04
-1.3187895897e-03
-3.7976699905e-04
-1.1294240907e-03
1.7385459200e-04
3.5490804946e-03
-2.0912105155e-04
-1.2121641569e-03
-8.6964034135e-04
1.6121171934e-03
2.4549361488e-04
2.3836875862e-05
-2.5090000017e-03
9.2959650611e-04
3.5614693135e-05
-1.4031569719e-03
8.6468218532e-04
-1.1075157601e-03
-7.8715038415e-04
1.6301201098e-03
-1.4063926064e-04
4.0170911575e-04
1.8256326857e-04
-1.3183673837e-03
-5.0348727215e-04
-2.1208060509e-03
6.6638729677e-04
-5.4419841640e-04
-1.8325645207e-04
-3.2673176301e-04
-5.3689569426e-04
-7.8674527838e-04
-1.1920704410e-03
6.7471423435e-04
-1.3177971690e-03
7.4043131071e-04
-1.0312939307e-03
-4.8575957460e-04
-2.1580258940e-04
-3.1485092754e-04
5.7035542340e-04
2.3362315043e-03
-6.2307921481e-04
-4.1068446590e-04
5.5501178410e-04
-1.6372941690e-03
9.2630172956e-04
2.3033051929e-04
-6.4906344317e-04
1.4659593408e-03
-1.1780183628e-03
-1.4599427107e-03
4.6275733065e-04
6.1721023776e-04
-1.0159276288e-04
1.6809973560e-03
1.1548887417e-03
-6.7550881529e-04
8.1275630236e-04
-2.7598148139e-03
5.5928847730e-04
-7.8291135358e-04
-1.2852279554e-03
1.5213446950e-03
3.0699437648e-04
7.1843023233e-04
-1.6621631127e-03
-9.1635780329e-04
3.4449009891e-04
-3.2571286743e-04
8.2898707078e-04
-8.1502742577e-04
-6.9365818495e-04
-2.9943644462e-04
-1.4006736814e-04
-1.0521668265e-03
4.7044291318e-04
1.2410827942e-03
1.1783875932e-03
-7.9575649207e-04
1.8089182102e-03
6.4252264041e-04
-1.5106717034e-03
-1.3278821676e-03
1.0683656692e-03
-6.5597411283e-05
2.9707487742e-03
1.0727109106e-03
-1.1982302494e-03
-4.2120080351e-04
-1.0448333858e-03
-2.2461745285e-05
6.1749239626e-04
-6.9481051680e-04
8.5169382370e-04
5.1989034769e-04
7.7085015092e-04
-3.9960449695e-04
-9.6204741941e-04
-1.4543185848e-05
-3.5294810685e-04
-9.1073636247e-04
-1.0165949653e-04
-6.1046827699e-05
-1.1652715877e-03
-1.8722209232e-03
-2.0638241489e-03
-9.1037234403e-04
-2.9082322735e-04
-7.8407690753e-04
6.5306435449e-04
-1.1671682285e-04
-3.1107660262e-04
1.2703159228e-03
-9.1323095424e-05
1.6196818230e-04
2.1594870413e-03
1.4719283473e-03
-1.1719217264e-03
-4.8357965126e-04
-2.2455912740e-04
-5.0023896455e-04
-1.7949767605e-03
-9.6381461636e-06
-3.9947804446e-04
-2.0052835621e-03
2.6879060478e-04
-1.6434020070e-03
6.2420450909e-04
-1.8607302756e-04
1.2265062100e-03
4.8646988542e-04
7.5773740800e-04
-1.4285768537e-04
9.0441382821e-05
9.7067398350e-04
-7.4635510401e-04
1.4159292782e-03
-1.0666124547e-04
-9.6972466206e-04
1.5602499223e-03
3.6014836060e-04
1.7547276993e-03
-1.2997265353e-03
1.5360121557e-03
8.5236600942e-06
5.5875949963e-04
1.0527653252e-04
1.6167043191e-03
6.6166141114e-05
1.4146106548e-03
-1.8899059275e-03
-7.8291883929e-04
-3.9515347998e-04
-5.2207485036e-06
8.6234790183e-04
-1.6581326537e-03
3.8102851004e-05
5.3378195954e-04
8.7044862319e-04
6.8095613561e-04
-1.2587193072e-03
3.1269419711e-03
1.3768898832e-03
-8.7521965640e-04
3.0347186575e-04
1.2199165041e-03
1.7208538161e-03
-1.7721004960e-03
1.1190790195e-03
9.4187526020e-05
6.5469127256e-04
-1.5097562270e-03
-2.9798522354e-04
4.8064686678e-04
2.6557577634e-04
-1.9224729331e-04
-8.2352534488e-04
-7.3069324166e-04
-1.7733609729e-03
3.7159254768e-04
-1.0915634082e-03
-2.2622958373e-03
-9.7003953031e-05
-2.0187366807e-04
-1.6373660548e-03
1.1323233752e-03
5.4809347207e-04
1.0597228999e-03
1.6050167828e-04
2.0260351879e-03
1.0218400508e-03
-3.0109935420e-04
-7.5384496602e-04
2.2092760111e-04
-4.2150748936e-05
1.7748653035e-03
6.8944413116e-04
1.7316779145e-04
2.3516483165e-03
1.1544723085e-03
2.6273573968e-03
-1.2897491390e-03
-1.2761235657e-03
7.7624244622e-04
8.5245721763e-04
-1.1635461076e-03
5.4184317948e-04
5.1782165019e-04
1.4694592556e-03
-2.9762040175e-04
1.3888211943e-04
-3.4297620049e-04
1.7462427385e-04
-1.1149735984e-03
-3.3093411261e-04
1.6991966735e-03
9.4765424978e-04
8.3556143850e-04
-4.1822912089e-04
1.6242395226e-03
4.7566624174e-04
1.6289854403e-03
2.0671148952e-04
9.8520027649e-04
1.6920785164e-03
2.6911583018e-03
4.4202170788e-04
-1.3274890638e-03
-8.7476315509e-04
6.3606220604e-05
2.2241869063e-03
9.9784713202e-04
-7.3721952825e-04
1.1872175818e-03
7.1336296686e-04
1.0015169574e-03
5.7852435726e-04
-6.8143870083e-04
1.6304745725e-03
-3.4323839253e-04
-4.8422624383e-04
-1.4919105693e-03
2.1770745452e-03
-3.6043022149e-04
-1.6035240921e-03
-1.1058347289e-03
7.6194003680e-04
9.9044259965e-04
-1.4070695255e-03
4.7894174724e-04
-9.8637841409e-04
-1.5025317876e-03
3.0802866688e-04
-1.3364747898e-03
-7.8632426185e-04
-6.0769993332e-04
1.4473003043e-04
-9.7515890412e-04
-9.2246518380e-06
2.7743124636e-05
-1.2582380609e-03
-5.6341606368e-04
-8.0028667236e-04
-4.8629813606e-04
8.7691188442e-04
-7.7625116838e-04
-4.8317692085e-04
-2.0674572868e-03
-6.8407985269e-04
-2.9757559430e-04
-8.3424570687e-04
2.2690397592e-03
-2.7775046721e-05
3.4643084928e-04
1.1378689093e-03
-9.0828753024e-04
-2.5968116582e-04
-1.3722800731e-04
-1.2767547401e-03
1.8891833174e-03
-2.1114362288e-03
3.1113455587e-03
-5.1075892626e-04
1.8483538121e-03
1.4591152778e-03
-1.0983535940e-03
-9.8801109889e-05
1.4682315385e-03
2.6354132834e-03
1.1052125088e-03
-3.4853585652e-04
-1.8272671737e-04
-9.8913794339e-04
-7.1606190173e-04
1.1515516977e-03
-1.6098610146e-03
1.0641100544e-03
8.9775886759e-04
-3.6832233526e-04
-1.0945354673e-04
-1.1132960968e-03
1.1526925990e-04
1.8149555674e-03
1.0505410270e-03
-1.2548061248e-03
2.0648547022e-03
-1.3291210874e-03
-6.1933442131e-05
1.8280486907e-03
2.8115986196e-04
-9.5486505089e-04
-5.9990994333e-04
6.8040609663e-04
-2.2621744627e-04
2.5902743783e-03
-1.4233763445e-03
2.7797806235e-03
1.3862811774e-04
-9.7105235051e-04
-1.1130607495e-03
5.2141540556e-04
5.8192541531e-04
8.9503900012e-04
-1.0952450552e-04
-6.6834114615e-04
4.5298413718e-04
-2.3689514409e-04
-9.5345610228e-05
-1.5232857346e-03
-5.1810111786e-04
3.6751276069e-04
7.8357951482e-04
2.2008611407e-04
-5.9073081933e-04
-1.4302818944e-03
-2.1672349438e-04
8.8567362695e-04
4.7626796220e-04
-8.0699455971e-04
-1.4496156406e-03
-1.0654236997e-03
2.0137397616e-03
4.0892371385e-04
-6.5430313722e-04
-5.4934570724e-04
-1.2171090085e-03
1.1441448329e-03
1.1790924728e-03
1.5218959869e-03
-9.6408787341e-04
-7.8029828831e-04
-7.4321311423e-04
-2.0331783651e-04
-5.9870040213e-04
-1.4008080328e-03
1.8243881710e-03
-3.0035292115e-05
-5.4505053068e-04
7.4858541295e-04
7.1337720741e-04
-1.1714329571e-03
-2.3977616042e-04
-1.5741098869e-03
4.6731436794e-04
-4.5397793483e-05
-1.0102360755e-04
6.9446530197e-04
-9.0122259263e-04
-9.2223228214e-04
-8.2613121652e-04
1.3664574941e-04
1.0001568707e-03
1.7396529986e-03
-1.0561590760e-03
-1.8468938245e-03
-1.6196507553e-03
-6.3969480680e-04
-1.2406165289e-03
2.9668626466e-03
-6.2693249357e-04
1.2478361975e-03
-2.8802280482e-04
-2.2792152505e-04
1.2112289868e-03
3.4736426445e-05
3.1752952211e-04
4.9196800801e-04
-2.8839775049e-04
-1.3833480053e-03
-1.3898082789e-03
3.6408953767e-04
1.6756334456e-03
-7.8465858455e-04
-2.0678900131e-04
-3.6920227326e-04
-1.1248158928e-03
2.5137357340e-06
5.9157396643e-05
-5.1028026591e-04
1.2891034693e-03
1.0581827965e-03
1.5804333976e-03
1.5263212533e-03
1.4856909343e-05
-8.0378267103e-04
-1.5588755956e-03
1.3431084844e-03
8.5281867917e-04
4.7116439998e-04
3.6640893976e-05
-7.2219621613e-04
7.6960356121e-04
1.9595461697e-03
4.1098907365e-05
-1.7646261503e-03
-3.2712082537e-04
-1.3799450005e-03
-8.2257342443e-04
-2.4874374149e-05
-8.4195393806e-04
6.3606661406e-04
1.7455157802e-03
1.0535254927e-03
-5.9394569796e-04
2.0452576838e-03
-2.2182234060e-04
-8.5289044674e-04
2.8231481424e-04
2.0084733024e-03
-2.2598551052e-03
-1.2243880476e-03
-9.0417706474e-04
-1.6976706686e-04
4.0412484909e-04
-1.2640542791e-03
-4.9829019489e-04
-1.1077779833e-03
-1.0812898212e-04
-9.3210125904e-04
2.5178096028e-04
-1.1272282089e-04
2.8208130556e-04
-1.3295344215e-04
-9.9461951114e-04
-1.8469543953e-03
-3.8632718714e-04
-3.5739125369e-04
1.9978197141e-05
-8.5244102990e-04
5.1850799347e-04
-2.0773203004e-03
-6.5813784666e-04
1.0034330412e-03
2.6124402510e-03
1.5623888139e-03
-1.4463741531e-05
2.2042660632e-03
-5.3014182781e-04
1.6890048341e-03
-5.0790368310e-04
-4.4563254918e-04
2.1947901509e-04
-9.3220223725e-04
-6.1906267257e-04
8.3922230599e-04
-3.5067493146e-04
1.9535988285e-03
2.1203426980e-04
-1.0811734211e-03
1.7200903681e-03
-1.3417787581e-03
-8.2521719870e-04
5.7104459567e-04
3.2290276152e-04
-1.1637121747e-03
-3.1953150094e-04
-9.9076806831e-04
2.7837119328e-04
-1.5576318428e-03
3.1930358791e-03
-1.2699405860e-03
-8.0203096084e-04
6.9753820659e-04
-1.2091594904e-03
1.5190629990e-04
-4.8275074058e-05
1.9929551302e-03
6.7086075710e-04
-4.5910481582e-04
-1.0445140937e-03
2.5976507764e-03
-3.9839912225e-04
-1.2829552948e-04
-5.5429079910e-04
-5.2593621824e-04
6.3792843847e-04
1.6275148263e-03
3.0621469786e-04
8.9597784261e-04
1.7371932580e-03
-1.0527332128e-03
1.0359840185e-03
-2.1741690552e-03
5.8661280377e-04
-6.2150480603e-05
2.0374291119e-03
1.7782981731e-04
-4.3480800084e-04
-5.0448668083e-04
-7.8177289535e-04
7.7886913921e-04
-1.0137166119e-03
-4.2519025839e-04
-2.5174586939e-04
3.8632150044e-04
-1.4523982715e-04
-7.1881052499e-04
-8.1334125077e-04
1.5590818335e-04
1.0900104585e-03
-7.4943940153e-04
2.9000078472e-04
8.5237871968e-04
-3.0765296836e-04
6.4027654868e-04
2.2227982477e-05
1.7578380726e-03
-7.4455104602e-04
1.7334036511e-03
-1.5903339835e-03
2.8032271322e-04
9.4687935911e-04
-1.7457414759e-03
-9.6400221901e-04
9.2820463587e-04
4.4998189919e-04
2.4703741147e-03
-1.1907741337e-03
1.0171284424e-05
5.5364360869e-04
-1.4775256598e-03
3.6021950765e-04
-9.4076860650e-04
1.0594959423e-04
2.2131219764e-03
-1.8558961587e-03
6.6063605746e-04
-1.6133547406e-03
-9.2573260878e-04
1.8568911565e-04
-1.3934358151e-03
-5.0256274230e-04
2.6149405494e-03
-2.6162825980e-04
-2.4276495094e-04
3.6438803597e-04
4.3371958697e-04
5.4517836639e-05
-2.4933887199e-03
-8.8912116067e-04
2.2149505343e-04
-1.1614580183e-03
5.1461780583e-04
-7.6512251881e-04
-4.9421275470e-04
1.1773739804e-03
4.8854182669e-03
7.6419748833e-04
3.5206294470e-03
-1.0368058752e-03
-1.3033097127e-03
3.0958630817e-04
1.4241192531e-03
5.7730197963e-04
6.7772734326e-04
1.2028804718e-03
-2.6906049103e-04
-4.8079992016e-04
4.5472938997e-05
1.8642262987e-03
1.6589095904e-04
-5.4072124752e-04
2.1647526688e-05
8.6180064717e-04
1.3634248614e-03
3.0810648965e-04
3.1966495347e-04
4.7847923616e-04
8.3081927326e-04
-1.0286296543e-03
-9.1801216567e-04
-1.1710768556e-03
2.0195127470e-03
-1.1440715456e-03
-5.7151005109e-04
3.2118380056e-04
1.6244153206e-03
1.3047647408e-03
-9.7644890002e-04
-7.8218617247e-04
-1.6911699443e-03
-1.2759255722e-03
-3.7869363001e-04
5.1135922963e-04
-6.3709048986e-04
2.2411873605e-03
4.0233316987e-04
8.6121598008e-04
-1.1181708388e-03
-2.9226232988e-04
-9.3928359667e-04
-1.1519492193e-03
-1.4413694354e-04
6.7389168687e-04
-1.5954703172e-03
7.6815598403e-04
5.6417431450e-04
1.6956570851e-03
1.5193917365e-03
4.0516393641e-03
3.6770067532e-04
-4.4264344607e-04
-2.6080675880e-03
-9.0519970662e-04
5.4478798043e-05
1.4828275610e-04
3.5475442871e-04
-6.8301202821e-04
-4.7333037065e-04
8.1997595191e-05
-1.7406150126e-03
7.0339663037e-05
-1.8760198962e-03
-5.9669800670e-04
5.6941492899e-04
-4.8275777705e-04
-1.1508127195e-03
3.2034010219e-03
-1.4877886533e-03
4.1515201470e-04
-1.4219841695e-03
3.2919377442e-04
-7.0140288409e-04
2.1670085479e-03
5.2994557163e-04
1.5325115989e-04
5.4435953336e-04
1.1142126160e-03
-4.9662107767e-04
6.6846670408e-04
-6.1545668422e-04
1.2654730074e-04
6.0176245170e-04
-9.1104662760e-05
-2.3344785691e-05
3.0786982996e-04
-7.0486871087e-04
1.1482264973e-03
-1.4075395491e-03
-1.1847070103e-03
1.0469936993e-03
-1.3604216690e-03
8.2828045517e-04
2.1981778709e-04
1.4473588091e-03
1.9853026660e-03
-6.9191134016e-04
-4.1691018377e-04
2.9934249391e-03
-5.6168473369e-04
9.3893286258e-04
1.6413912155e-03
3.1401766209e-04
-2.5823107954e-04
2.0025247943e-03
1.0913184154e-04
1.4027279706e-03
2.4369974610e-03
1.5458422058e-04
1.8339762944e-03
1.2470175073e-04
2.2797517673e-03
-7.9816081974e-04
9.5925057148e-04
1.4852665023e-03
-1.2134077166e-03
-1.6990199830e-04
-3.0503145783e-03
2.1555343815e-03
-1.4540192520e-03
5.2188068197e-04
1.1360530534e-03
-1.9752312402e-05
1.8775929442e-03
-6.5782235664e-04
-2.3584958967e-04
-3.9484102138e-04
-4.8185603097e-04
4.2401251245e-05
1.5469481536e-03
-9.9601328581e-04
9.0482569005e-04
-3.4878393262e-04
2.6597669067e-04
-2.1540412550e-03
-9.4766465110e-05
-3.8260888923e-04
-1.0668576118e-03
1.6179699047e-03
-2.9813918741e-05
-2.3107401906e-04
-8.8913510814e-05
-1.5166336925e-03
4.2280745037e-05
-4.7416706799e-04
6.0913502005e-04
1.3162899465e-03
1.5638646225e-03
1.7163392760e-03
-3.6493105961e-04
1.3532487347e-04
2.1260128046e-03
1.0340066508e-04
-8.4185405224e-04
2.0947166846e-04
-4.7327531011e-04
-2.7039845701e-03
3.3482646747e-04
1.0686453759e-03
-2.0271713761e-04
-1.3506844637e-03
-9.9288754507e-04
5.7349832976e-04
-1.8283943122e-03
-8.8235218586e-04
6.4670167295e-05
8.8890732375e-04
-6.5347168982e-04
1.8709328508e-03
1.2040252808e-03
4.9857160886e-04
1.1285528613e-03
-6.0052913881e-04
9.3198950887e-04
1.4540991276e-03
-8.0670490834e-04
-1.2975508270e-03
1.0601107758e-03
-2.3137453983e-04
-1.3409426810e-03
6.0257106558e-04
9.3990060211e-04
2.4429406487e-03
-1.5633981084e-03
2.2685797334e-04
-1.1382502084e-05
6.1452614371e-05
1.0522618182e-03
-3.8351628407e-04
1.2110742906e-03
-5.3839357743e-04
-1.2274711634e-03
-2.0972644196e-03
7.7556175582e-04
6.1376760709e-04
-4.2122440791e-04
8.7846675676e-04
-2.5747683860e-04
1.3616155927e-03
1.0526667668e-03
-7.3889530819e-04
-6.8863447724e-04
-4.5082980836e-04
-1.3046933364e-03
-1.4159560800e-03
9.3091153817e-04
2.3867216210e-04
-6.0083397738e-04
1.2485399874e-03
-1.0146798870e-03
-1.1709588869e-03
3.3274766095e-03
4.4658073365e-03
-6.6782164758e-04
-1.8966136182e-03
6.3972343678e-04
1.0599636042e-03
1.1026216557e-03
9.6650479766e-04
-8.1578138196e-04
-2.5561550123e-03
9.8260944490e-04
-1.6193578591e-03
1.5272856927e-04
1.8213427962e-03
1.4522355144e-03
-1.1681787264e-03
9.4573988518e-04
1.0314763269e-03
-4.9822707744e-04
3.6373452774e-04
1.7326304861e-03
2.9910077579e-05
-4.4660757078e-05
2.1333501453e-04
6.9933885568e-04
9.1994380762e-04
1.8152933998e-04
-1.6855978732e-03
1.8591028958e-03
-7.6913062289e-04
-1.0575630083e-03
2.0024834064e-03
-6.0659300475e-04
5.4323595560e-04
1.6453085492e-03
-1.0399980643e-03
-3.6490007282e-05
2.4883003547e-04
2.7568213889e-04
-4.8931618470e-04
-1.6704954351e-03
-7.6923330997e-04
1.6101032854e-04
-2.0115601547e-03
-6.5686391866e-04
-7.7023366178e-05
-8.9256448801e-04
1.5295372626e-03
-3.9617300322e-04
4.9371256148e-04
5.7954026857e-04
5.0601467857e-05
-8.1429279411e-04
9.8413403366e-05
5.0255703130e-05
-2.2382604057e-04
4.2064843693e-04
-6.2023523975e-04
2.2972626270e-03
7.5388835081e-04
-3.4018318941e-04
-1.1128344907e-03
-1.1404611751e-03
1.1414812047e-04
-5.8540323555e-04
1.6809626993e-04
-5.2468933919e-04
-6.8341775449e-04
-4.9824189425e-04
-1.7078728526e-03
2.8165339395e-04
-1.3735797619e-03
1.4178220069e-03
2.0706152990e-03
-2.8263718375e-04
5.6429756648e-04
1.0106519413e-03
5.9701990346e-04
3.4785708093e-05
4.0274893309e-04
1.5054731503e-03
-1.6906488500e-03
2.1847694109e-04
1.2296336309e-04
1.4938801551e-04
1.2104541265e-03
1.3543371582e-03
-6.2360965206e-04
-1.7891301529e-03
1.3386361658e-03
-5.5527940363e-04
2.5070750245e-04
-5.1596836963e-04
4.9592966297e-04
2.8372150593e-04
-3.7823321298e-04
1.3499894213e-03
-4.7991986457e-04
-3.2552321529e-04
-6.6049933685e-04
6.2823637251e-04
-6.3146673166e-04
8.5140886363e-05
1.5942793213e-03
-5.3772898638e-04
-1.3904661904e-03
1.2961490979e-03
8.7979830474e-04
-1.9677210766e-03
-1.7871946700e-03
2.7308904287e-03
2.4408097856e-03
1.9552772600e-03
3.2363058313e-04
1.4033906431e-03
-2.8567735981e-04
1.1541502321e-03
-5.5967646570e-04
-1.2631941340e-03
-8.9039962567e-05
-6.1613077392e-04
3.0076009034e-04
-7.3347029760e-04
-5.6729228045e-04
4.0556688404e-04
1.2855360460e-03
9.2548977694e-04
7.0094047066e-04
4.4493888286e-04
-1.6710557088e-03
9.0919886811e-04
1.0169084369e-04
-9.1723123966e-04
2.2127378262e-04
1.6313586485e-03
1.5991352576e-04
-1.0120961873e-03
-1.4285001030e-03
1.3318455527e-03
-1.3413305768e-03
-6.3635920067e-04
4.0602921256e-04
4.3042935675e-04
5.7127002565e-04
-1.3579463091e-03
-1.8847950031e-03
3.6629197213e-04
2.5888357687e-04
7.3237572199e-04
7.1727283746e-04
1.4884256947e-03
-6.8056305499e-04
1.0182954825e-03
1.7933242630e-03
-1.4843641983e-04
1.2645291734e-03
4.8916343282e-04
-1.5122113556e-03
8.4055376339e-04
2.4445821921e-03
-9.7862963954e-04
-8.1790909740e-04
-5.9440953611e-05
2.5628047021e-03
2.4696390587e-03
5.8134724666e-04
-4.7007218897e-04
-1.4827748708e-03
3.8944393536e-04
7.9169624852e-04
-1.2248646479e-04
3.5297335683e-04
2.1177365044e-03
-3.1484796744e-04
-1.1688652813e-03
-2.8631705093e-04
-2.3087093184e-04
-5.3776942663e-04
3.6788540808e-04
1.2120906814e-03
7.1281518673e-05
-1.4943967328e-03
3.3803414339e-04
5.2888663684e-04
4.1502524762e-04
-6.3273622240e-04
-2.0001130538e-03
-2.8536278948e-04
-5.6269062172e-04
1.6950671917e-03
-1.6793043028e-03
1.0818758390e-04
-1.2308674315e-03
4.0760791352e-05
-1.7090975646e-03
1.8317229974e-03
1.1437908082e-04
1.5855334570e-03
3.5452126434e-04
-5.5737950026e-05
-6.5559873265e-04
6.0528290672e-04
-7.7531245745e-04
-1.9828708421e-03
7.8663773605e-04
1.6179283654e-04
-8.6710888757e-04
-7.6992899593e-04
1.1553353739e-03
2.8194142960e-03
1.1236658761e-03
1.3352419151e-03
-5.7920793105e-04
1.6971019670e-04
2.4890497734e-05
8.0765525885e-05
-1.6014833371e-03
-4.5221812026e-04
-8.8476701829e-04
6.7826108296e-04
-3.9269033665e-05
-5.2244345563e-04
-1.8345420552e-03
1.4055802256e-03
7.5284535426e-05
-5.0661026858e-04
-1.1578187135e-03
8.1272447054e-05
-9.5167371937e-04
-9.2397118976e-04
-1.4096691816e-03
5.0995507088e-04
-1.8642453034e-03
1.6958959006e-04
-8.3385359809e-04
5.7746582461e-04
5.9472281717e-04
-1.8650938554e-04
-5.4120705199e-05
-1.4996917742e-03
-4.6764217651e-04
-7.4404448045e-05
-1.0092461470e-03
1.0736489797e-04
6.8126912971e-04
-3.5990196457e-04
6.2749046287e-04
-1.6460706473e-03
1.2263289732e-03
-3.5100175046e-04
8.3821797072e-04
1.6863321033e-04
9.0260833382e-04
1.5930702623e-03
4.5809914756e-04
1.6085412830e-03
1.0095568014e-03
-2.0128805600e-04
4.5822561228e-04
2.2216158273e-03
-3.7938690987e-04
-6.9004369683e-04
5.0488561120e-04
2.3963465309e-03
2.6776308766e-03
2.9194051084e-04
1.5018815692e-04
2.6107835561e-03
-3.7348633253e-04
-6.5867451156e-04
1.8200902375e-03
4.0363457554e-03
4.1168741475e-04
-2.5914001173e-04
-7.7514910093e-04
-8.5594466676e-07
-7.6709199157e-04
8.1102057048e-04
-5.9259018001e-04
9.1674807484e-04
1.8995290237e-04
1.7118424234e-03
-1.3680421783e-03
-5.6925538764e-04
-1.6237563959e-03
6.5784477334e-04
4.2667935219e-04
-2.0821232165e-03
7.1262081449e-04
4.1867464814e-04
-2.1307552761e-04
-6.5906543624e-04
-1.5490234085e-04
7.7948719136e-05
-8.2357331659e-04
-9.5615979812e-04
-6.5514035157e-04
-1.3996523807e-03
-2.6224879295e-03
-5.6918155995e-04
-1.2701225421e-04
-1.7749952905e-04
7.8292729700e-04
3.1061795744e-03
2.6583058484e-04
9.4493824752e-04
2.9726159779e-04
-8.6241319128e-04
-6.2565386402e-04
4.0889537327e-04
1.0303978499e-04
-9.5753256271e-04
1.9134617905e-03
-1.4503011399e-03
-1.2010197875e-03
4.9852791617e-04
-1.9278011318e-04
2.4039751708e-04
1.7903997178e-04
-7.6193842650e-04
8.4537272148e-04
8.9621774340e-05
1.2554813841e-03
2.0074331456e-03
2.4524881558e-04
-1.0412776243e-04
5.1187763680e-04
1.2591120853e-03
-1.0317526896e-03
2.5379677744e-03
-1.1468135076e-03
-3.4158387043e-04
-1.0248333735e-03
1.7745282850e-04
1.0088882084e-03
-2.5687416797e-05
-3.3454680095e-04
1.2711927542e-03
-1.6730104873e-03
-6.9193337737e-04
1.0855600701e-03
-5.0705607180e-04
3.3009295741e-04
-7.5542119566e-04
-3.6491056821e-05
-1.8257992077e-03
-3.6997756138e-04
-3.3419363984e-04
-1.1304698104e-03
1.0114768727e-03
3.2965114528e-04
2.1105402186e-04
1.6103320740e-03
7.6933450809e-04
-6.2568614468e-05
-7.0502061152e-04
-4.3454072840e-04
2.0884399384e-03
3.7706393139e-04
-7.1664600878e-04
-3.0395074702e-04
3.6924217689e-05
-4.6844660004e-04
1.0050451800e-03
-9.2751392354e-04
1.7845523774e-03
-1.2820063198e-03
1.2788707123e-03
-1.2115592976e-03
-1.0160704123e-03
-1.2722053047e-03
9.1270282655e-04
-7.0198363527e-04
8.9108104668e-04
-1.5526442930e-03
-4.8703494654e-04
-8.9092709605e-04
-6.0013699929e-04
-4.4197574559e-05
1.2689989952e-03
4.8236594959e-04
-3.4308778252e-04
2.3946552879e-03
5.2425646239e-04
8.4067156737e-04
-8.1035692031e-04
2.8257091623e-04
-1.0094977507e-03
5.9653550632e-04
2.0625807855e-03
-1.0271566262e-03
2.8589602863e-04
3.8182630838e-05
-6.1480819734e-04
-9.4008721820e-04
1.5102585501e-03
2.1802397858e-03
8.2372602460e-05
1.6361566318e-03
1.4157016445e-03
2.4859691536e-03
5.9152806712e-04
-1.1275930696e-03
4.5389997617e-04
-9.7076268188e-04
1.7104748642e-03
-3.6049720850e-04
-6.0494604035e-04
-1.0791442608e-03
-1.1627318810e-03
3.9516214032e-03
1.1533150821e-03
-9.5955243647e-04
-1.2481903006e-03
-1.4568124115e-03
-1.6881274845e-03
5.7946048162e-04
1.7994627369e-03
1.2843386113e-04
-8.8275759379e-04
-1.6937642813e-04
9.5791549571e-05
-2.8860344462e-04
7.2221814547e-04
-1.9034306024e-03
-1.3572020759e-04
2.0886185346e-04
5.3680715958e-04
-7.1373933977e-04
-1.2581460780e-03
1.5507957523e-03
-3.6882699322e-04
8.0397460788e-06
-6.9821096075e-05
1.3901421279e-03
-6.7610866646e-04
-1.2450286593e-03
-4.3374101682e-04
1.8041087107e-04
-1.3727653870e-03
-1.8831445455e-03
7.7950480535e-04
-1.4982648251e-03
-1.7054917819e-04
-2.5184518219e-03
-2.8887136582e-04
1.8924899585e-03
1.2174940482e-03
6.3712315961e-04
-1.3700763826e-04
-2.0435182018e-04
7.2994780969e-04
1.2561016747e-04
-4.2790427938e-04
-1.1564868664e-05
-3.7554677346e-04
-8.3524871181e-04
2.0618808081e-03
1.7068566119e-03
3.9837671716e-04
3.4985274422e-04
-6.1544207087e-04
7.0027161277e-04
-9.3611686533e-04
-2.1293030953e-04
-9.6157563703e-04
7.6043268727e-04
6.8542356390e-04
-1.0212451131e-04
1.8671553896e-03
1.4140907637e-03
6.6180973317e-04
-1.6221316056e-03
1.3351371729e-03
5.5633794359e-04
-8.5648818079e-04
1.3836921443e-03
-4.9564943781e-04
2.6447092641e-03
2.8836510177e-04
1.4849125265e-03
-1.1511094443e-03
-8.9451398325e-04
-1.2599620342e-03
8.3979110713e-05
2.7292434806e-04
2.5847602499e-03
1.2628524766e-04
1.1868486471e-04
1.7301727809e-03
-2.3487357653e-04
-1.9971924440e-03
2.6313861103e-04
6.1678957728e-04
2.1351174234e-04
-1.5001615141e-03
-2.6136992070e-04
-2.9948190125e-04
-1.2731436456e-03
9.0108064644e-04
2.9508429507e-03
-2.7498091902e-03
1.3504870019e-03
-3.1395636752e-03
-2.2352925213e-03
-2.8291626744e-04
3.8267853679e-04
-1.4355664107e-03
3.3248447382e-03
2.7408907515e-04
2.3244203410e-03
-1.1380287979e-03
-1.4265918879e-04
4.3473343798e-04
2.9611155078e-03
5.8549704415e-04
-2.1749459345e-04
-3.9003839609e-04
1.9324886154e-03
8.9072600561e-04
5.4512771302e-04
-7.5760399610e-04
-2.5625794022e-03
3.3576430507e-05
5.4951099756e-04
1.8527974313e-03
-4.3109080695e-04
1.5229671650e-03
-9.7781957139e-04
-4.9383759709e-04
-4.0778623754e-04
1.1150324282e-03
9.8808022650e-04
-7.7489073632e-04
-1.2568860263e-03
2.8453330089e-03
-3.9862083194e-04
-4.9279215674e-04
2.7877481309e-03
-1.2209723745e-03
-5.5826033571e-04
-1.7124258331e-04
-2.4071936920e-04
7.9122370957e-04
3.2718946547e-04
2.5242504654e-03
2.1378953728e-03
-1.7845539420e-04
5.8097855255e-04
-3.5811627118e-04
1.0421926882e-03
-1.4301710561e-03
-4.5664145628e-04
-5.0353154110e-04
-2.7946451879e-04
-2.2813015597e-04
-2.3316094534e-03
-6.8780685573e-04
-4.2033769336e-04
7.5729975582e-04
-1.2516690678e-05
-3.2790165980e-04
1.0436718163e-03
1.4985492393e-05
-6.0135479577e-04
8.4961299864e-04
6.5454771615e-05
-3.1830889639e-03
6.7182824635e-04
1.0169584239e-03
3.2493310211e-04
-1.0030301176e-03
-8.6885658209e-04
-4.0002674391e-04
-8.6409658486e-05
3.0637493357e-03
-3.7845516400e-04
-2.6279121121e-04
-4.9764303410e-04
8.3495808206e-04
9.4482938384e-04
5.7765304846e-04
5.0381523428e-05
-6.8497789641e-05
1.3467663113e-03
-5.0299202072e-04
-5.4241931381e-04
-9.9041023826e-05
-4.7443258023e-04
-2.0429584426e-04
1.0973660206e-05
-2.6478976311e-03
-5.5596578774e-04
-1.9990992307e-03
-3.1399897425e-04
1.2001103376e-03
-2.8866436624e-04
-1.0418890770e-03
-3.3753914176e-04
-2.9701210265e-04
-2.4413929546e-04
1.7451092466e-03
1.0182315570e-03
-1.4544915468e-03
7.7304833820e-04
-3.0337395824e-04
-1.3178150247e-03
-9.9336330451e-04
-8.0736464791e-06
-1.8359141151e-03
-1.1659718943e-04
3.0122793471e-04
6.0907555159e-04
2.8674680738e-05
-8.6303994065e-04
2.2537308563e-03
4.5732477818e-04
2.1242294927e-03
-1.5373313099e-03
-4.9924752381e-04
-2.3708050115e-03
-1.7900281999e-03
-5.6440223456e-04
1.0585567901e-03
4.0827201631e-04
1.3354625990e-03
-1.5968750748e-03
-2.2534547549e-04
1.4133593994e-03
-7.3025383729e-05
-1.7755524662e-03
1.9873385792e-04
5.1356176865e-04
-4.4233362237e-04
3.1234708728e-04
9.8837318664e-05
-3.5283310990e-06
1.0375798672e-04
6.8501894680e-04
7.4256166985e-05
-7.1748569210e-04
9.8191135644e-04
-2.3640269662e-03
1.6812819512e-04
3.2849039000e-04
-1.6293663439e-03
-7.6297881880e-04
-8.5316211541e-04
-1.1035831029e-03
2.6655140149e-04
-4.9899147367e-04
3.9001138580e-04
7.1269852562e-04
-1.1715122337e-03
-2.6230347953e-05
-1.3455495132e-03
1.8756967766e-03
2.1230373716e-04
-6.2520197315e-04
-1.0370842742e-03
6.9620639441e-04
-5.4383821274e-04
-1.3022563831e-03
-8.7025328474e-04
-1.0107423969e-05
9.0128836166e-04
7.9084378563e-04
-1.3578895566e-03
4.1469430784e-04
8.0145052914e-04
4.4268933509e-04
-3.8396343871e-04
1.9888481637e-04
-2.0693844175e-05
2.1692149172e-06
-1.2728358689e-03
2.2308891492e-03
-9.6840894557e-04
-4.7713492523e-04
2.0240322610e-04
-8.6821023963e-04
-4.5357801345e-04
1.3975294884e-04
7.9347862784e-04
-2.6719251757e-04
5.9226150103e-04
7.8643127171e-04
-2.7576103764e-04
-2.0307264733e-04
2.8560701903e-04
9.9774173893e-04
-9.8601339036e-04
7.6241512698e-04
-1.6213764078e-03
5.8207299344e-04
9.4479100026e-04
-5.7940834581e-04
-1.5001581211e-03
1.8047741224e-04
4.0311996568e-04
1.7152235233e-03
-4.6757947517e-04
-1.4789738756e-03
-1.7746107616e-04
3.3998814927e-05
4.1348472379e-03
-8.8732312293e-04
-6.5652080454e-04
1.5332089866e-03
-1.0830967264e-03
-1.1480831133e-03
5.7864187788e-04
1.2494933213e-03
-1.0977414250e-03
2.4083426939e-04
1.3936052714e-03
-3.2500580426e-04
3.8085468682e-04
4.6313272724e-04
1.3897286530e-03
5.6307379645e-04
1.1076408801e-03
1.6030560135e-03
-1.4294989658e-04
-1.4027369182e-03
-6.4788918467e-04
-1.2188137564e-03
1.5034957429e-03
1.9229695386e-03
1.5875702241e-04
4.5932960019e-04
1.3561988840e-03
1.5352116096e-03
2.3764005743e-04
7.4381833388e-04
-5.5978818381e-06
-3.3280551275e-05
-1.8863658439e-03
-1.4435403433e-03
-1.4382455980e-03
-1.1340962624e-03
1.7722749821e-03
1.5585119085e-03
-5.4438108768e-04
-6.2459750870e-04
-2.9248460985e-04
2.0818369917e-04
2.8190988015e-04
-2.8755097356e-04
9.4179721802e-04
-1.6870199952e-03
-9.5051917339e-04
8.2417244397e-04
-1.0496713993e-03
-6.5085037242e-04
-1.8709313096e-03
-1.4520092461e-04
-1.9835793566e-03
5.7511337849e-04
-1.8549489152e-03
1.1121998269e-03
-7.9698599763e-04
7.6802411560e-04
1.7980490866e-03
1.1734179227e-03
-1.5680121660e-03
-4.5160948266e-04
-3.4937135065e-04
1.6446364927e-04
5.3392290969e-04
9.0652787049e-05
4.1302149815e-04
-2.7233372723e-03
8.8650294179e-04
-1.2022019983e-03
4.6818577395e-04
-1.1822670783e-03
1.8620785885e-03
3.6432399393e-03
-5.5766307138e-04
9.9817428476e-04
-1.9546310956e-03
-2.5202882747e-03
1.4368641862e-03
1.9731996113e-03
1.3598144044e-04
-1.6000314306e-03
-7.5389299177e-04
8.7969186266e-04
5.3897059617e-04
1.6830192907e-03
1.3137129897e-03
8.4441313007e-04
-6.6818210053e-04
-9.1597862447e-04
4.3517993585e-04
8.7376083373e-04
-8.7228200256e-04
2.6042385678e-03
5.3189412534e-04
1.3851931226e-03
-2.1339445558e-03
-8.2861728682e-04
-3.0976000490e-04
-7.6245716066e-04
1.5188936258e-03
-3.3220187594e-04
5.7367733038e-04
1.2489061851e-03
-1.5182360042e-03
5.0706672350e-04
5.7935334776e-04
1.1460205437e-03
-3.1729052399e-04
9.6591315250e-04
-5.0726320715e-04
-3.8738369058e-04
6.1467718218e-04
4.2644484501e-04
4.3956728533e-04
7.1066705435e-04
-1.0037703530e-04
1.6826221102e-03
6.5016532335e-04
-2.1267749274e-03
-3.4529221843e-05
-1.5277453802e-04
-2.7137604096e-04
1.3726765887e-03
5.7404445292e-04
-8.5436543012e-04
2.7510159318e-03
-1.4257291902e-03
-1.5703806273e-03
9.5858677653e-06
6.6868640534e-04
2.8110342440e-03
1.3668767808e-03
6.4238955645e-04
-4.8928024745e-04
-2.2164529902e-04
8.6603990719e-04
7.3803133005e-04
-2.9457215553e-04
1.3659394881e-03
-3.1431883987e-04
-1.8836977110e-03
-1.0239116573e-03
2.5985224079e-03
1.1126150710e-04
-1.9111549025e-04
-8.6986311481e-06
-5.8388705133e-04
-2.6573177547e-04
2.1954954907e-04
3.7210620768e-04
1.3635305791e-03
-1.3591999249e-03
2.5815770586e-03
-2.7716279175e-05
-3.3874069292e-04
-1.8421570419e-03
-2.2786591756e-03
-1.9026448768e-03
-1.2444067262e-04
-1.7720426383e-03
-7.6809380290e-05
-4.3359754427e-04
-1.5902408741e-04
-9.5712224088e-04
2.1078348416e-03
2.3875901136e-03
-3.5436358317e-04
1.8919939066e-03
-9.2619963984e-04
-8.1416284374e-04
-4.4477585480e-04
-5.6346866117e-04
1.0482442043e-03
1.5853316024e-03
1.5317561955e-03
1.8546113858e-04
3.8590214131e-04
-6.6016625449e-04
-1.3545547012e-03
4.4958567783e-04
-1.1169053672e-03
-2.0183009635e-03
1.9270107168e-03
-5.8721122910e-05
-5.0291318161e-05
-1.2651350866e-03
8.5152707077e-06
-1.1598275791e-03
-7.8937659115e-04
-5.0953733169e-04
-1.7259489399e-04
1.0316145570e-03
3.4938555226e-04
-4.6616241587e-04
7.7941367812e-04
-7.1682950218e-04
-1.3722661305e-03
-3.3101125922e-04
8.8816886250e-04
-2.9744401326e-04
3.7164383715e-04
-1.2965411317e-05
-1.2317556474e-03
1.0296597240e-03
-1.2006480792e-03
8.8494394917e-04
-1.0400362315e-03
-7.8001104579e-04
-1.4284655766e-03
-1.9500073468e-03
-4.3835663581e-04
1.5350711053e-03
-7.9194382574e-04
1.2235597945e-03
4.5521357230e-04
5.6686726060e-04
6.8619638373e-04
3.4833994964e-04
-3.7280300564e-04
-6.6501728485e-04
2.8052932259e-04
1.0825178300e-03
-2.0437126072e-03
-1.6648228826e-04
-1.9099279660e-03
-1.3700448575e-03
-1.3643934561e-04
-1.0384671417e-03
6.6827257519e-05
-9.3428771566e-04
-1.8355565667e-03
-1.5567068710e-03
-6.7300973664e-05
-4.2628591916e-04
-7.0441572013e-04
-3.0299215986e-04
1.3893569324e-03
1.6578219126e-03
-6.9154995537e-04
-6.9861760067e-04
5.1686953511e-04
5.2795922393e-04
-4.4663987865e-04
-4.4627229040e-04
-1.1514449261e-03
7.2941309255e-05
-9.9229014417e-04
-1.8027472933e-03
1.6194123975e-03
2.1683462586e-03
-6.0913488981e-04
-1.9385260042e-04
-9.8489634595e-04
1.3092252349e-03
6.1419607080e-04
-1.7130023699e-03
-8.5655688497e-04
-5.5239130450e-04
3.9368702541e-03
-1.8043505157e-03
-8.6541639915e-05
-5.5763882736e-04
-8.2070165239e-04
1.4645530705e-04
-8.9546033005e-05
-9.8531253398e-05
-1.8361478942e-03
1.2791113090e-03
3.1304702712e-03
-5.4866473710e-04
-1.5535560028e-03
-2.0155075432e-03
4.5959319942e-06
1.6296282181e-03
2.2255200223e-04
-1.0515580734e-03
-1.6875236179e-03
1.3382121736e-03
1.1639331897e-03
-9.3247365844e-04
-4.0950865609e-04
7.0805220217e-06
-5.0676642496e-04
-1.0936859198e-04
-1.1341907890e-03
-7.2900148959e-04
9.4735667047e-04
6.8759888543e-04
9.2266147557e-04
-1.8444370035e-03
-3.6511773587e-04
1.7935008695e-04
7.2854223134e-04
1.1943604410e-03
1.8577988659e-03
3.4757880060e-04
1.3893111420e-04
-4.2669741806e-04
-1.3398015846e-03
1.1622057537e-04
-9.3267147171e-04
-2.2448015759e-03
-2.3973907606e-04
-1.2856015716e-03
-3.6032788458e-04
-8.5965854734e-04
3.1585441787e-04
5.1382286532e-05
-7.3121287809e-04
-2.1496228783e-04
2.5022946156e-04
5.7562377167e-04
8.7966903100e-04
2.0885089199e-03
1.4222692132e-03
6.4900870484e-05
-1.8372302969e-03
-3.0046247489e-04
-1.6409002339e-03
-1.5511777116e-03
2.9851474907e-04
3.6147402564e-04
-5.5333059371e-04
-4.6475321139e-04
-3.5841925173e-04
-2.3420067766e-05
-9.8236476194e-04
2.3843565235e-03
1.6666956258e-03
9.9721721213e-04
7.3322294254e-04
-1.2012189818e-03
-5.6138095783e-04
-1.3460012657e-03
-1.2760662194e-03
2.3231575652e-04
7.7379737558e-04
1.9609377870e-04
-1.8887454694e-03
1.0681713280e-03
-6.6113718584e-04
-2.0778549581e-04
-1.2430709513e-03
-1.9071637779e-04
-1.4542350969e-03
-6.9803746538e-05
-2.1574060888e-03
1.0470794495e-03
1.1788771622e-03
-1.0315470786e-03
-2.1432937793e-04
-6.1255566217e-04
-1.0169575111e-03
-4.8520844443e-04
-6.8286832957e-04
8.1447582519e-05
-1.3164790236e-05
-6.0684675113e-04
3.5224842955e-04
7.9404596862e-04
9.1275507888e-05
2.7533241289e-04
-3.3704164089e-04
7.3289096988e-04
-3.6918046014e-04
1.4575330357e-03
-2.4440449622e-04
2.1360418519e-04
4.6048402506e-03
-5.7570438898e-05
2.4223397779e-04
4.7609066226e-04
5.9946448600e-04
-9.0834694863e-04
6.9754237328e-04
1.2918197256e-03
-1.3710114682e-03
1.8690704513e-03
8.7855803260e-04
-5.5698368756e-04
-5.5247286664e-04
2.6395977861e-04
-1.7537773938e-03
-1.1786129711e-03
-1.9160009551e-04
1.4260014360e-04
1.0614865878e-03
-1.1952862326e-03
9.9761540787e-04
-2.1155627511e-04
9.5270403835e-04
1.1058257190e-03
8.6550594915e-04
-4.2275907939e-04
9.7875472910e-04
1.6983652521e-03
1.3657889962e-04
1.0103851685e-03
-9.2217751021e-04
7.9900006272e-05
-8.9785779168e-04
1.1989851675e-03
5.8223546599e-04
-1.1861636427e-04
1.5440989533e-03
2.2583290940e-03
1.1646283639e-03
-2.8076080683e-04
-1.0417881690e-03
-2.8350064148e-04
6.5119886332e-04
-6.6740918245e-04
2.6485226235e-05
1.9562591404e-04
-4.0802382421e-04
1.3823128513e-03
8.9516882360e-04
4.6516464640e-04
-6.9631532090e-04
-1.3811903786e-04
-1.1610697912e-03
-1.0559373896e-03
-2.0255004412e-03
8.8217035896e-04
-1.5749415144e-04
-1.2581741958e-03
-5.5972126884e-04
-2.2939107027e-03
3.3737491607e-04
-7.2608944261e-04
1.6845779575e-04
1.0271165961e-03
-1.0614214457e-03
1.1939225558e-03
-1.7895054915e-03
2.4705886771e-03
1.0422069498e-03
5.1628088001e-04
-2.8753474770e-04
4.9728960796e-04
-6.5161672121e-04
-2.3360774406e-04
-4.2723918035e-05
-1.5272872604e-03
-3.4895300239e-04
2.3333611899e-03
2.0778046256e-04
2.5520522855e-04
6.0487630682e-04
-4.0707686707e-04
4.8784385874e-05
1.3109928446e-04
-3.0888465236e-04
-9.7259841613e-04
1.9878218473e-04
8.7303177727e-04
-3.2745853453e-05
-1.8407494146e-04
1.2987315273e-03
-1.0028689147e-03
2.0100770202e-03
9.2661464498e-04
-2.3597522505e-03
2.0777488626e-04
-5.8359528103e-04
-5.9581147285e-04
-6.9821849513e-04
-5.3112364014e-04
-4.5034028550e-04
-1.2698061519e-03
-1.3661094293e-03
1.3995156203e-03
-1.7978260301e-03
-3.6343794997e-04
8.1040473187e-04
2.0124532406e-03
-2.1202837147e-03
-9.9057413724e-04
-9.7025218149e-04
5.6425965456e-04
1.2432159521e-03
8.1400971859e-04
-2.2048262172e-05
2.5448110747e-03
3.2632802503e-04
-5.1965218957e-04
2.1315881337e-04
2.0861697908e-03
3.2959566172e-04
-7.3436405037e-04
7.1354529504e-04
3.6643544014e-04
-1.5875270766e-04
-1.5069297620e-03
1.1594458784e-03
4.2341942954e-04
-4.2348890270e-04
-2.0513022665e-04
-5.7060298789e-04
5.9461998161e-04
6.1353297941e-05
-5.9538147458e-05
3.9668642882e-04
-3.1076173608e-04
1.8990469857e-04
1.9535393740e-03
-1.9437249241e-03
1.4542615942e-03
-7.3352017652e-04
-2.5767594815e-04
-6.9621980281e-04
4.0836349621e-04
-1.0154747921e-03
1.4137693649e-03
-5.9767493401e-05
-4.5314564087e-05
1.0738212580e-04
2.9298496166e-05
9.2694152893e-05
-2.4397493419e-03
7.8070154906e-04
3.9688850133e-05
1.0693967445e-03
8.7828722444e-04
-8.2228313929e-04
-4.7696573696e-04
-2.9499983353e-05
-5.0681245835e-04
-4.0648923151e-04
1.1126145919e-03
-6.3933931083e-04
3.2328130048e-03
1.0745411623e-03
2.0090207606e-03
-2.7445105690e-04
6.7546847889e-04
1.6239877392e-03
-4.4264297143e-04
1.8806577192e-03
-1.1326561738e-03
-2.4678386796e-04
-8.7668137790e-04
1.6688147300e-03
-3.8881759205e-04
2.0741160996e-03
1.2026035031e-03
4.9717346692e-06
9.6734585993e-04
2.3658918448e-03
-7.8796693376e-04
2.0848802383e-03
-5.3276725506e-04
2.6371055817e-04
9.6705837436e-04
-1.3292518842e-03
-4.2335689929e-04
3.5075737679e-04
-1.5779172791e-04
4.0027442002e-04
-3.7477002540e-04
-9.5010612632e-04
-1.6843431173e-03
2.7132507941e-05
-2.6892823544e-04
-3.2913117196e-04
1.5171342130e-03
2.0358607105e-04
-1.0929988582e-03
1.1588297293e-03
-1.1584593843e-03
2.4283170770e-03
1.1133810572e-03
-1.9035093335e-04
2.5401883593e-03
-4.1382901176e-04
-1.5037211665e-03
1.9458588299e-03
-5.5144395948e-04
-5.3470366072e-04
1.3750394864e-03
-6.6450002241e-04
3.8882444065e-04
-2.3517566334e-04
2.7618960696e-03
-5.7112473523e-05
3.4314242615e-03
-8.3893912275e-04
-2.4627467424e-04
-7.7166928859e-04
1.9985718398e-03
-3.9508951493e-04
8.4366313946e-04
-1.1705940450e-03
1.8120267931e-04
-5.3513384912e-04
3.3140991180e-03
2.4165974930e-03
-1.3762410727e-03
1.2034378861e-03
4.8723265689e-04
-4.8870758416e-04
1.2353399056e-03
1.0824501346e-04
9.1621396516e-04
-9.2511292327e-04
-4.8710696823e-04
9.2385564222e-04
4.8028029543e-04
7.4015264012e-04
3.8386669521e-04
-9.3238304691e-04
1.8731877662e-03
7.1516553240e-04
-7.5550494048e-04
-1.7835795204e-03
-1.8203281262e-03
-1.1041711458e-03
1.5179001416e-03
-1.4870674254e-03
-3.7377653984e-04
8.0863440055e-04
-1.3206908156e-03
8.1703756426e-04
-3.0509313826e-04
-1.9940329999e-03
-1.1856817377e-03
-1.9821663474e-03
-1.3607404983e-05
-1.0452548265e-03
9.9532570998e-04
1.9643449560e-03
-8.9251163960e-05
-1.4975806695e-03
-5.0513786555e-05
8.0314300954e-04
7.3501499971e-04
-6.9902345183e-04
1.6728972537e-03
7.9818270100e-05
1.6210371612e-03
-6.3719631904e-04
-1.6507290402e-03
1.9306465225e-03
-1.4839622820e-03
-2.0895293105e-03
3.7696255838e-04
7.5334956723e-04
-8.3882043812e-04
-8.3977062358e-05
1.8553338618e-03
-1.1682534216e-03
-4.0617785640e-04
-1.2219072301e-03
-5.6878689691e-04
6.5241711097e-04
7.9242843227e-04
-2.8724511824e-04
1.7256363761e-03
6.6229998132e-04
3.5390254088e-04
1.8248045373e-03
-5.7406560645e-04
-8.3690432009e-04
7.1120557205e-04
6.5596255418e-05
-5.9554631557e-04
4.3515828169e-04
-2.1416625026e-04
-1.2235619409e-03
-2.0922486588e-03
1.8536206821e-04
1.0962084890e-03
2.0693531688e-03
-3.4093069621e-04
8.5328506711e-05
7.4220338042e-04
-9.4428434887e-04
-1.1541759396e-03
-9.0177675605e-04
-2.0172808057e-03
1.9788794379e-03
-7.6490298084e-04
-2.7243713955e-04
4.8045331896e-04
-1.9371219556e-03
6.5544749778e-04
-3.7449100340e-04
-6.2610661464e-04
-1.3452692409e-03
3.8968628927e-04
1.1244735806e-03
-1.2007324220e-03
2.9980771373e-04
1.9566477787e-03
1.5492152981e-04
3.5081912842e-04
1.2475352199e-03
7.2766125450e-04
5.0231797850e-04
3.3698544888e-04
8.2029128012e-04
-3.1204294941e-04
1.4664080003e-03
1.9355129148e-03
2.2856753775e-03
-6.3071157657e-04
7.1816011378e-05
-1.1375838516e-03
-6.5964328880e-04
-1.6609444121e-03
1.2966303924e-03
2.2676963779e-03
1.1823528510e-03
-3.0678130678e-04
3.3262996728e-04
6.5410183140e-04
1.3118030073e-03
-1.0052088494e-03
1.7057230713e-03
8.8000706112e-05
-1.6339028908e-04
-4.7056259777e-04
2.3358165169e-03
4.9913776288e-04
4.6056739582e-04
-1.6809459894e-03
-1.0368358462e-04
8.3113479996e-05
2.7286402024e-04
-1.2038563991e-03
-2.1031974105e-04
-1.1562384112e-03
-2.9915568701e-06
-6.1775649022e-04
-1.0771321857e-03
1.3257047983e-03
-1.0849359698e-03
2.3716244859e-04
2.3178803321e-04
-2.7233706198e-04
1.0525945868e-03
-1.4086297880e-03
8.3757527998e-04
3.1990623755e-03
-1.8233291665e-03
1.2513132162e-04
1.7681204597e-03
-6.4389708392e-05
-1.2386382181e-03
-2.8089369368e-04
-2.1954662603e-03
1.4217358256e-04
6.6449501910e-04
5.8324444381e-05
2.7222287986e-04
1.0085620709e-04
-2.4597191907e-04
-4.2585795171e-04
4.5924041684e-04
-6.8798913326e-04
-1.2644415963e-03
5.0687622465e-04
-6.0355348910e-04
5.4095409316e-05
-3.0047584313e-04
8.2295486168e-04
-8.5424776690e-04
-5.3260422386e-04
8.6222778229e-04
3.0236916039e-04
-9.2703261323e-04
7.0759444905e-04
1.1364502215e-03
7.4971786601e-05
-7.7332972241e-04
-2.8321225375e-04
-1.7766927422e-03
1.1664392014e-03
-1.0572594117e-03
-1.3082891711e-03
-2.7434869552e-04
5.9619760963e-04
1.2101353363e-03
-3.9914088722e-04
-5.7095969376e-04
-2.1839065667e-03
-6.5297000985e-04
2.0825178328e-04
-9.8536492451e-04
6.3422181997e-04
1.4681563044e-03
1.3568753202e-03
-6.0867728645e-04
2.0082132615e-05
2.5943209752e-03
1.6783390465e-03
-1.1615364885e-03
-9.5071284517e-04
-8.8002347931e-04
-4.3715090035e-04
8.6807267278e-04
1.5637148023e-03
-1.7379493045e-03
-8.5608567753e-04
1.2632427714e-03
-1.4040003785e-04
-4.4427744210e-04
5.0780559598e-04
4.1313654600e-04
7.3089679842e-05
-6.1917396275e-04
1.4512891548e-03
5.8059523633e-04
-1.1166154871e-03
-1.3619448970e-03
-8.8016029139e-04
-2.8903355738e-04
3.7947123961e-04
-1.5692877588e-03
-4.7057469618e-04
3.7890938764e-04
4.2313615964e-04
2.8867454560e-04
3.5727582027e-04
-9.3437571780e-04
-9.7138777011e-04
-3.4616375037e-04
-1.2872688711e-03
-8.1435983063e-04
1.5947770645e-03
-1.2858423120e-03
6.9688222705e-04
-9.6044913737e-04
-1.0044785770e-04
-5.7086644368e-04
2.1296309284e-03
4.4106096728e-04
6.5935267783e-04
6.3875380175e-05
4.9051667020e-04
6.0860026076e-04
-9.1559707655e-04
2.6559434597e-04
-3.4462615655e-04
2.8119990978e-04
9.6124742776e-04
1.1392463884e-03
5.4726164207e-04
-1.1357903121e-03
-4.7239459726e-04
-1.7643644626e-03
-1.6445183109e-04
-7.1912644336e-04
1.2303782686e-04
-8.8868406785e-04
4.4799013820e-05
-1.7376918129e-04
-5.6272239384e-04
1.2423810398e-03
2.2569004870e-04
1.0143725023e-03
-1.5013050845e-03
-3.4646062244e-04
4.3569220068e-04
-1.0395702274e-03
-7.1401227946e-04
1.4257622775e-03
1.7701957290e-03
-1.4804677186e-04
-2.7255183649e-04
5.8241102178e-04
-8.8566373315e-04
8.6003344116e-04
-2.7886040994e-04
2.8458293758e-04
4.7083905898e-04
6.0497926794e-04
1.2283063945e-04
2.9799023114e-03
-2.5371098846e-03
6.0199263195e-04
-7.5287603622e-04
-1.5689736439e-03
5.8005457728e-04
-2.2025637664e-03
1.8841771230e-04
1.1032071234e-03
-5.7667264667e-04
-2.9225785733e-04
7.9850789255e-04
1.7937366169e-04
7.1863650093e-04
-8.2023951469e-04
1.5937717325e-04
-1.9347843146e-03
9.6294265208e-05
2.0084592325e-03
-9.1041045019e-04
-4.9052569498e-04
-8.8610898479e-04
9.6785630901e-04
-9.6442944939e-05
-1.0075029097e-03
3.7173515053e-04
-6.3424845910e-04
5.1842679283e-04
1.4638169613e-03
-8.4426115617e-04
-2.4061840257e-04
-5.6342042124e-04
1.0337922611e-03
2.8501967528e-03
-1.4507855460e-03
-1.6644694220e-05
6.2333304675e-04
-1.2655047260e-03
-1.2981220677e-03
7.3322166296e-04
3.7353791021e-04
-1.3893563771e-04
1.6992200222e-03
-4.3974278878e-04
-5.7040142970e-04
5.6785279612e-06
-1.2027384936e-03
1.1769836839e-03
2.4777047684e-03
-6.0077720176e-04
-7.5993366042e-04
3.0401691054e-04
-9.5176768685e-04
-1.0969202468e-04
1.5905970339e-03
-4.6565077063e-04
2.9474374867e-04
1.9914414482e-03
-5.1223813830e-04
1.6484012817e-03
-2.1886731129e-03
5.4131613918e-04
7.7691979371e-04
-1.7861970862e-04
3.7314265721e-04
-1.2744499919e-03
7.3663280744e-05
2.3086887607e-03
1.6134395209e-03
-1.1031296641e-03
-7.9267037694e-04
-2.0485924464e-03
-1.5115347750e-03
4.2051337256e-04
1.3206813509e-03
4.0020861683e-04
1.4751714996e-03
1.6146894401e-04
2.5984521332e-03
-1.4060173452e-03
1.0575845354e-03
-1.9311870743e-03
-1.2284954181e-03
-1.5560709288e-03
-2.7305264999e-04
-8.5130301149e-04
-1.6090929829e-03
2.8714282479e-04
1.3239848493e-03
-6.8889459038e-04
1.9953557870e-04
-1.4543202235e-03
1.9406732488e-03
8.8826136817e-04
1.5663379615e-03
3.8901102851e-03
-4.8388988406e-04
8.2038055776e-04
7.8706922660e-04
-7.6441471458e-05
-1.4870753667e-04
1.0183501454e-03
-1.4006468395e-03
4.0422167388e-04
9.2410134056e-04
-1.0547174390e-03
-6.3350096685e-04
3.0525390568e-03
-5.8971088333e-04
3.5978974498e-04
-5.5167661817e-04
-1.7803070808e-04
1.0169313459e-03
4.4745877533e-04
8.7370673404e-04
8.6638538985e-04
-1.0762570473e-03
-2.9325959337e-04
1.7087693669e-03
4.3131986614e-04
2.1188373948e-05
-5.6396056186e-04
-1.2789613867e-03
2.4056494814e-05
-1.1237346002e-03
-1.2781836628e-03
6.6077483057e-04
1.3200667065e-03
7.5923846435e-04
8.8784530671e-04
3.8950136474e-04
-1.2699517971e-03
9.4210432622e-04
-7.5767533005e-04
5.8820031244e-04
2.8568520085e-04
-2.8081716262e-04
-5.5417879200e-04
-1.3412774304e-03
4.1263002413e-04
-2.4295724399e-03
-8.4796690562e-04
-1.7798330500e-03
-1.1595147130e-03
-1.8500506350e-04
1.4209222669e-03
-1.8665174944e-03
-3.9110983203e-04
-1.7827764337e-03
1.4096514312e-05
-1.1867231578e-03
8.6686882795e-05
-2.6982536234e-04
-9.5975014992e-04
1.2289328447e-03
-1.2545819637e-03
-1.6154513723e-03
-7.7014568039e-04
-5.5866216187e-04
1.8159784276e-05
-2.4571891758e-04
8.2035265699e-04
-8.9699361288e-04
1.1314390905e-03
3.6330860336e-04
-1.0979076551e-04
-1.2027929403e-03
-3.8696019136e-05
-1.9101959870e-03
1.2447018877e-03
-1.8294228316e-03
4.8813819787e-04
-6.3750562795e-05
-8.5716620944e-04
-8.6995251989e-04
-5.9009835618e-04
8.0294287651e-04
-7.0883721981e-04
3.1879431256e-03
-5.0638873608e-04
-4.4467760821e-04
-7.9586110404e-04
1.3860355332e-03
4.3733182042e-04
7.1283729928e-04
-1.7289437632e-03
-1.0185272369e-03
7.3100332500e-04
1.0349567010e-03
3.3296278706e-03
-1.3372598270e-03
-5.9173490058e-04
-1.4174382246e-03
-3.8380404547e-04
4.8364848276e-04
2.1973514653e-03
2.7190204863e-04
3.0233645159e-04
-2.0618499000e-03
-9.5096590916e-04
9.6244060808e-04
7.0695832392e-04
-1.3037592908e-03
-8.0399749024e-04
-3.4328166635e-04
-8.8768480498e-04
-1.3686299958e-03
-4.3706046933e-04
2.9372106496e-03
-1.3238402387e-03
-7.3011599760e-04
7.8647543735e-04
1.9047012277e-04
7.3389567979e-04
1.3401534776e-03
-7.6075784874e-04
-8.5533238391e-04
-5.0673813774e-04
-1.4125609244e-03
2.0621808722e-04
7.3557460412e-04
-6.9925760213e-04
-2.1218780152e-03
-3.1452048769e-04
6.3548760988e-04
-4.6150162882e-04
2.1159476069e-03
3.2494079694e-04
-3.5442482758e-04
1.2815108691e-05
1.3934244634e-03
-9.0103456281e-04
1.7652012642e-04
3.7525731621e-04
8.3653339623e-04
-7.9526143703e-04
-9.2316598744e-04
1.2084497458e-04
-1.0513085311e-03
2.2568842127e-05
-7.0705354215e-04
1.2080465611e-03
-9.2186330197e-04
-7.1741115644e-04
1.3737407536e-03
1.1654730555e-03
-1.9518633761e-03
-1.1114602166e-03
1.0861773890e-03
1.2137580433e-03
9.5891739245e-04
-1.3640499904e-03
5.4027047137e-04
1.7749581905e-03
2.8698935126e-04
2.0240583652e-03
-2.0293808780e-03
-5.3725444917e-04
-2.0301395498e-04
-3.3664285598e-04
-1.3075966118e-03
9.0355368001e-04
3.5813094481e-04
-1.4164733193e-03
4.5018825698e-04
-1.2557770693e-03
-8.3125301730e-04
-3.2987168763e-04
4.8619669483e-04
9.1226029426e-04
-5.3809221527e-04
-1.4278816991e-03
-9.7272038230e-04
3.2575267366e-04
-1.2289155525e-03
-4.6903437789e-04
-5.6718117129e-04
-1.0311763892e-03
3.3680990481e-04
-2.1560999511e-03
1.6735013598e-04
-1.7853837631e-03
-1.9466499854e-04
1.0356565921e-03
-2.6972036797e-04
-1.4569452612e-03
-4.9038458796e-04
-6.7164678446e-04
1.3301565518e-04
-8.7968646204e-05
1.6411695833e-03
-1.0402864315e-03
1.1212625489e-04
1.0119654916e-03
-7.7109806061e-05
-7.1232168293e-04
3.4784175232e-04
4.7614428015e-04
-1.5990373006e-03
-9.5926554897e-04
6.0513501640e-04
-4.7010203428e-04
7.2709744049e-04
-5.1294076729e-04
-5.5502779862e-04
1.1088071585e-03
-7.1046503398e-04
-2.3969328955e-04
-8.0103732480e-04
3.5058029208e-04
-7.7538785274e-05
8.7567214540e-04
1.0109213519e-04
-6.1223168624e-04
1.8632632331e-03
-1.0706349580e-03
-4.9892212454e-04
7.3359146917e-04
8.1514608735e-04
-2.4722284942e-04
2.0230610317e-06
1.5261955877e-03
-2.5492335606e-03
7.9720609984e-04
1.9234960975e-03
-1.9615471201e-03
-4.4053527439e-04
3.5400631351e-03
2.0822645204e-03
-1.5651591909e-03
9.5341858139e-04
-6.5710523289e-04
-2.5400975907e-04
3.7965404939e-04
1.2248354126e-03
-1.8915993306e-03
1.5771187293e-03
1.5814268078e-03
5.0451120250e-04
2.1472358645e-05
9.4738208582e-04
-5.2308150355e-04
-1.4394333318e-03
1.0885816277e-04
-2.6410640401e-03
1.5214749272e-03
1.9084751765e-03
6.3344489491e-04
-5.7974903951e-04
2.2421242799e-03
4.7379839656e-04
-1.2686861958e-03
4.8378735370e-04
1.2405576212e-03
9.7231701804e-04
-2.3960715408e-04
9.2268127470e-04
3.5134193046e-04
-5.0128379194e-04
2.4999600521e-03
1.2889050238e-03
-1.1034243685e-03
-1.6719445302e-03
-2.6567651542e-04
-1.7478627203e-04
-1.2281476316e-03
-1.8350153240e-04
2.6916707921e-03
3.1647510963e-04
-6.8411932872e-04
1.0846384221e-03
-1.4215075722e-03
-6.7683790048e-04
-9.4262194137e-04
2.7210830349e-04
1.2210671340e-03
-1.8721448030e-04
1.8697347764e-03
8.7154019667e-04
3.8664822879e-04
5.8667111808e-04
4.9172171504e-04
8.9307133721e-04
3.6994090270e-05
-1.7664200302e-03
-3.7559283256e-04
2.1399856662e-03
9.5436251246e-04
-3.9781305574e-04
4.9384346440e-04
1.1799608659e-03
3.9676775914e-04
-6.9269435792e-04
-6.6494521410e-05
9.3375869863e-04
-6.7884001063e-04
-9.9570058252e-04
-5.7524728247e-04
-5.2783096375e-04
2.0503040774e-03
-7.7348633393e-04
-3.7987844741e-04
3.1698021410e-04
9.6136957256e-04
1.3238912479e-03
-3.1384269907e-04
9.9295157489e-04
-1.8324477482e-03
-4.6717789268e-04
9.6077759802e-05
1.1037452732e-03
-5.2046604655e-04
-9.2137405006e-04
-1.1741016944e-03
-6.9222002989e-04
2.5689778428e-03
1.8944865494e-04
-5.0598463308e-04
2.7278123125e-04
-1.7812794532e-03
6.2306779008e-05
1.2684281315e-03
-3.1601914607e-04
2.1216070532e-03
7.3043109286e-04
-5.5322759802e-04
2.3350085918e-03
4.8846582773e-04
-1.7833921289e-03
3.3042672756e-04
6.5391181636e-04
-1.0172529210e-03
1.0737082714e-03
-2.3271497663e-03
1.2795420759e-03
1.1893596993e-05
1.6653302523e-03
2.4006407886e-03
-2.0280670586e-03
-1.2937007258e-03
1.2874624922e-03
-1.1273836884e-03
3.0689451352e-03
-5.8407861669e-04
2.3204207748e-04
3.0949989339e-04
-6.5911953823e-04
5.2804489442e-04
7.3132469508e-04
7.7127802464e-04
-2.0776708960e-03
-1.4885636334e-04
-4.4244494981e-04
-4.3693369054e-04
-9.5392503110e-04
5.9604134165e-04
-1.6456941017e-03
6.3845895075e-04
-1.3272209920e-04
1.3415930504e-03
2.1045082359e-03
-8.1095304294e-04
-1.6592877511e-03
-1.2496478985e-03
1.8872833035e-03
-8.5427249634e-04
-9.6170644287e-04
9.2307890684e-04
-5.2617522881e-04
-6.0619837081e-04
-1.1342509113e-03
-3.7239278943e-04
2.0177203056e-03
-5.3912516816e-04
1.7965113764e-03
-1.0139174896e-03
-6.5214465649e-05
2.2170687164e-04
5.2205172925e-04
3.8950611648e-03
1.1426950971e-03
-3.3245454356e-04
2.2224256294e-03
-1.5621988989e-03
5.5181934027e-04
-5.7102453777e-05
2.7205810092e-03
-1.9123709105e-03
1.9447978377e-04
6.3076377126e-04
1.5330166664e-03
-1.8130560163e-04
-1.0281991660e-03
2.3799631819e-03
1.3292484284e-04
6.0215764731e-04
1.5020515463e-03
9.7777999359e-04
-1.1371687432e-03
-7.9053301432e-04
1.1523354238e-03
-1.7816696145e-04
9.6910080270e-05
-3.5338132376e-04
-1.0729431978e-04
-1.1740146750e-03
-1.3511216450e-04
5.0334739460e-04
-3.5607414183e-04
1.8043832799e-05
1.0816425703e-03
-3.6613585414e-04
9.5629351729e-04
-2.2818520463e-03
2.3435557336e-04
-1.0101773829e-03
-9.0214204581e-05
-1.6110865894e-04
-1.7050865864e-03
4.4783332623e-04
-2.0739737671e-03
-9.2864948147e-04
-1.9982976517e-04
-8.8408844309e-04
2.8600547106e-03
-3.3362648778e-04
1.5934794443e-04
3.0147938787e-04
4.7904092478e-05
-1.3492820474e-03
-1.1969516396e-03
-1.1570472923e-03
4.1015783263e-04
-4.2699682223e-04
2.4826562514e-04
-4.9713319794e-04
-3.7634100750e-05
-2.7316453966e-04
-8.7534540785e-04
1.1671996018e-03
-7.3306442770e-04
-1.1030247891e-04
1.6192691187e-03
1.4061933371e-03
1.0100546559e-03
-2.6068110533e-04
-3.2441969005e-05
-8.1311117016e-04
-5.6365289323e-05
1.0289604081e-03
2.0844302096e-04
5.8488931709e-04
1.9740149114e-03
-8.6716808189e-05
-2.3696631786e-03
1.0578612693e-03
-7.9126358046e-04
-1.2884823748e-03
-1.0873852094e-03
-1.5784707551e-03
-6.1396319125e-04
4.7595807371e-04
1.1082390585e-03
1.3296114881e-03
-1.0376937388e-03
-1.2028598067e-03
1.3069387170e-03
2.0765451288e-03
3.9169254662e-04
3.2225854863e-04
-8.1092861066e-04
-1.2296950430e-03
1.3555049388e-03
5.7478604410e-04
7.5442466548e-05
1.3596007154e-03
-1.0120269164e-05
1.1940677754e-03
1.7372207646e-03
-4.7576935288e-04
3.2365278979e-04
1.2646055846e-03
-1.1578458860e-03
-9.8920542677e-04
-5.9988247953e-04
1.5214674963e-03
1.4271596990e-03
-1.3798243661e-03
-9.8751783094e-04
2.6677827340e-04
1.0085178776e-03
-2.5635425310e-04
-9.4928667042e-06
-5.2127163785e-04
-9.6095258780e-05
-1.4676296285e-03
2.9874834710e-03
-5.0777916262e-04
-1.6266707126e-04
7.8183842197e-04
-1.6084850543e-03
-9.2414506162e-04
9.2195983816e-04
2.3118985781e-03
-2.2104069095e-03
8.0322907191e-04
6.6617244735e-04
1.4100293790e-03
-1.3079438942e-04
5.6166718937e-04
1.5511942142e-03
6.5691576146e-04
-2.3284174470e-03
-6.3131962470e-04
-1.6020806027e-04
-1.1627343533e-03
-5.8324253749e-04
8.2904863940e-04
-1.5833236237e-03
2.2254847659e-03
1.4676030343e-05
1.9054570983e-03
1.1007803750e-03
7.2698077682e-04
-7.8977404632e-06
1.7281008993e-04
3.1268243400e-04
-1.8687769144e-03
6.4627619452e-04
1.1410961532e-03
7.2298475701e-04
7.6717500789e-04
8.9313255116e-04
5.2514938764e-04
3.1466512134e-03
1.2537020995e-03
-8.0734600795e-04
-1.1716627273e-03
-3.8969815277e-04
-1.4643481841e-04
3.4377588482e-05
-9.4529909967e-04
1.2130127804e-03
2.2158567265e-03
2.9483983351e-04
-1.4094751732e-03
-1.1929056429e-03
-5.6609104715e-04
-1.3078328682e-03
6.9262673517e-04
-6.5050835793e-04
-3.8324372373e-05
9.9104907039e-04
8.4477423402e-04
5.6949187411e-04
-5.2385218526e-04
1.9043508436e-03
-6.0621102490e-04
-8.9504075529e-04
-8.2296065339e-04
-1.7786913507e-03
-7.4197750400e-04
2.4199822031e-04
7.7917262692e-04
-5.5506100526e-05
-7.3997903060e-04
-7.8674020428e-04
-1.9761303740e-03
-1.6196710772e-03
-3.8932742993e-04
-9.1217611685e-04
-5.6156692567e-04
-1.8438240709e-03
1.1313523713e-03
-1.4178565188e-03
-2.5989676957e-04
-5.6531421915e-05
-2.2653419520e-03
1.8423651656e-03
-1.8830723583e-03
-4.8747070561e-04
-5.1115571007e-05
5.4344576330e-04
-1.5900501695e-03
-7.5963468530e-04
-2.2885974548e-04
1.1966270441e-04
7.4318858592e-05
-1.4468270095e-03
-2.4256797896e-05
1.2725102232e-04
5.7382857959e-04
1.1739443990e-03
-1.1699231167e-03
-8.0385915281e-04
-7.5233390446e-04
3.5639495990e-04
-1.5253885529e-03
4.1583349242e-04
-1.0134627805e-03
8.8944751614e-04
-1.1998492010e-03
-5.7999868797e-04
-1.0954244430e-03
1.0310313384e-03
2.2214491763e-03
6.7301663623e-04
-9.9165523551e-04
-5.1492650696e-04
-8.8681062410e-05
-1.6423553714e-03
6.4154434101e-04
8.4170763890e-04
1.1535532446e-03
-8.8409596675e-04
4.3220924852e-04
-8.4307166480e-04
-9.1410549536e-04
-1.9593266082e-03
1.6091771381e-03
1.6408205195e-03
-1.3745464880e-03
-4.0994438332e-04
-9.5327743734e-04
5.8988081706e-04
5.7868165141e-04
1.1393510563e-03
2.2609233159e-03
7.5358568636e-04
-1.8797519947e-04
-1.3367557204e-04
-3.9169991146e-04
4.5313717584e-04
-1.2651584706e-03
-7.4263449842e-04
-2.0502824696e-04
7.7035550743e-05
8.4187496704e-04
2.3799957872e-03
-8.0724339728e-04
1.9991313109e-04
6.0274825906e-04
-1.8994470543e-03
9.5154970634e-04
1.4625326395e-03
4.2648588670e-04
5.6017751470e-04
-8.2024297457e-04
1.2264776125e-03
-1.9202980046e-05
1.2915208789e-03
-1.5425096644e-04
1.5232293814e-03
-6.7075363963e-04
-3.8353785897e-04
-2.3023833365e-04
-1.9323247038e-03
-9.3202699751e-04
9.0195721612e-04
-1.4201877774e-03
1.0276660733e-03
2.3256140906e-04
-1.5636887782e-03
-7.2120622088e-04
-1.5095635803e-03
1.2446370285e-03
-3.1284189031e-04
-1.2213273911e-04
-2.5302589685e-04
-1.2610709791e-03
-2.1056087277e-03
-9.3392297698e-04
-3.7569066316e-04
-1.3687485640e-03
2.3870550686e-03
7.0922381771e-04
-8.3576020876e-04
-5.6361379181e-04
5.1319188898e-04
6.5169949203e-04
-3.2605353500e-04
-4.0244719939e-04
-2.0004426422e-03
-5.0040423487e-05
1.0620889358e-03
-1.8796799089e-04
7.8992464264e-04
-7.3130045862e-04
-3.0051834832e-04
-1.2082485933e-03
-3.6917521324e-04
1.6257730456e-03
-7.2873106141e-04
-1.3827172570e-04
-1.3706524488e-03
8.7716186358e-05
1.6906527763e-03
3.4435623584e-03
-1.6084598799e-03
-2.5047948319e-04
-1.8822201602e-04
1.8336120399e-03
3.9903886592e-04
-2.1629115735e-04
4.0339559722e-03
-6.0954659676e-04
3.0471327514e-05
-7.4956250234e-04
2.7654796485e-05
-1.4368464541e-03
8.3411156247e-05
-1.5024553349e-04
-2.2200401697e-04
7.9407726313e-04
-1.6736236673e-03
-8.0373029388e-04
4.1055936519e-04
-1.6367516923e-04
3.3714893996e-04
-7.9851363977e-04
5.0209867843e-05
-1.7349716406e-04
9.7067257128e-04
9.2075727754e-04
-1.9249890482e-03
-5.6456683668e-04
-3.1989715933e-04
-5.9748378697e-04
-6.1306529004e-04
-9.0299445458e-05
8.7178433231e-04
-4.8757132400e-04
2.2316127526e-03
2.1622172211e-04
-1.4916097961e-06
-7.2989341523e-04
7.2628241319e-04
-1.4567667752e-04
1.4305063440e-03
3.3771300073e-04
-8.5574803584e-04
2.5640995256e-05
-1.1140741199e-03
1.5082713885e-03
1.2672747441e-03
-2.8145261668e-04
3.5692480150e-04
3.4798861987e-03
7.9478823278e-04
-5.9568660402e-04
-3.0626859677e-04
1.0030746659e-03
-1.0902079967e-03
5.8021169566e-04
-2.8044011436e-05
-1.0083102570e-03
5.7402669676e-04
-2.0434004662e-03
-1.7065590480e-04
1.6446308297e-03
6.1403241762e-04
3.1779628770e-03
-5.6715381866e-04
1.0655390159e-03
3.6373364202e-04
7.0921036383e-04
3.1120090846e-04
-1.4505505720e-03
-1.3419701167e-03
-5.9449526888e-04
-5.0263876724e-04
1.0276733215e-03
-1.6785013415e-03
-3.3573626285e-04
2.4722138219e-03
-4.0012197426e-05
-1.0783876593e-03
-8.9988028528e-04
-2.9989047413e-03
-4.0514020840e-04
-5.4021741992e-04
2.2790208352e-04
1.0833344691e-03
-8.4127870041e-04
1.4247415542e-03
1.5061968918e-03
-7.8547763929e-04
-1.1797992879e-03
1.6369231962e-03
-1.2561954611e-03
-1.3521121820e-03
-1.0058311761e-03
-5.0331370702e-04
1.4001084312e-03
-9.6901279103e-04
7.5065148133e-04
1.6296852742e-03
-1.8958231050e-04
5.1444630712e-04
-2.8833218861e-04
5.5410622592e-05
-1.5271872705e-03
2.4020422556e-03
3.2462615205e-04
2.1694526290e-03
-1.3905810048e-03
-7.3488833509e-04
-1.1596851765e-03
1.7764690865e-03
2.4289047206e-03
-8.0209930170e-04
5.1847784914e-04
2.8243041081e-03
-8.9131487301e-04
2.6775380546e-03
-2.4702202975e-03
-6.0071244326e-04
6.8769868329e-04
-1.5554021325e-04
4.8196016032e-03
6.4212464915e-04
-1.0852317254e-03
2.4213522059e-04
2.1225521336e-03
-1.5384005883e-03
-6.7000074403e-04
-4.8367374002e-04
3.3600513766e-06
-1.6006397771e-03
6.7716991212e-04
-2.2783965961e-06
2.1410724527e-04
-1.2698230548e-03
1.8724578109e-04
-6.0068564355e-04
-6.1004314713e-04
1.0435084111e-03
7.6133267395e-04
-1.6145969487e-03
8.5035397700e-04
-5.7311366499e-04
-3.1104483453e-04
-4.2836521299e-04
3.5917613740e-04
1.8124827783e-04
-1.9025637384e-03
1.6668974325e-03
-9.8983730913e-04
-1.0486180381e-03
7.5424318272e-04
6.7790460498e-04
-4.6398865309e-04
1.5417515751e-03
1.0500352338e-03
8.6554120612e-04
-1.2272489558e-03
9.4756214229e-04
1.6805720361e-03
-1.6840368693e-03
1.7554708441e-03
-1.4371876880e-03
2.6314894581e-04
-6.3509231762e-04
-6.8578186088e-04
1.3475354277e-03
-1.8840884422e-03
-1.6336578067e-03
1.4554224101e-03
4.6261118085e-04
-7.0480368823e-04
-1.0068417774e-03
-4.3314261459e-06
-1.1928335394e-03
-6.0327218597e-04
7.7791402048e-04
6.3075546280e-04
1.1671853103e-04
-1.0971723161e-03
-4.1335720699e-04
-8.5228820543e-04
-4.8032058910e-04
1.6011131090e-03
1.5853041252e-03
-2.2375606965e-04
4.7552558854e-04
9.0794401174e-04
1.1088456044e-03
1.5330145621e-04
2.1332964748e-03
-1.4853378312e-04
4.8002716422e-04
-6.9213187452e-04
-7.1023181335e-04
1.7247569187e-03
3.0375459747e-04
1.8150488475e-03
-8.4944146172e-04
-1.3434896266e-03
1.6788014027e-03
4.2193005574e-04
4.6300049618e-04
-6.5876215646e-05
-1.5804970916e-04
1.2890854898e-03
-3.3577644354e-04
4.9920135390e-04
3.4906128635e-04
2.3673713731e-04
3.4765438185e-04
2.0511014711e-04
8.3495157260e-04
1.4111992415e-04
-4.9912155350e-04
-1.9692636232e-03
9.1353587707e-04
-9.8987661901e-04
-2.5007563328e-04
-4.9746468291e-04
7.4061881276e-04
4.6343153138e-04
-9.4453026503e-04
7.8928861080e-04
-1.8453360429e-04
-1.3690794868e-03
-1.8327864079e-04
-8.0271550512e-04
5.4597096452e-04
3.0345264736e-04
2.2603212767e-03
1.2364063035e-03
-2.2061026320e-03
-1.4460418981e-03
-1.4401883369e-03
5.7172026356e-05
-8.4613231366e-04
-6.2874523674e-06
-6.8198874654e-04
-1.2028035406e-03
-5.4658418141e-04
4.7675392402e-04
1.4624112841e-03
1.0129705104e-03
-8.4813835542e-04
8.8423099161e-04
6.3259664817e-04
-2.0347147624e-03
-2.4286625315e-04
8.1489001830e-04
1.7630899706e-03
1.0725704391e-03
-7.1669171104e-04
1.3329998733e-03
8.8626685355e-04
-1.6604674685e-03
2.4055791138e-04
-4.0655184321e-04
1.2216659034e-03
-1.4976156582e-04
-2.8943736236e-04
-1.2543330868e-03
-1.0555252779e-03
1.6059721990e-03
4.5963694674e-05
4.3481782471e-04
-5.1101516954e-04
-1.2437585082e-03
-8.3089333587e-04
6.9336894192e-04
-9.7421022780e-04
-5.1621415289e-04
1.8562383737e-03
-6.4610876652e-05
1.7804033557e-03
-8.2876459277e-05
9.7976998111e-05
2.8075284518e-05
-1.4228891363e-03
3.0998128137e-04
-1.0158704462e-03
1.5352642900e-03
-7.4789716901e-04
-1.4888446475e-03
5.8262750128e-04
-1.6724934263e-04
-5.6156927836e-04
2.5342432615e-04
2.4481714152e-04
-1.2003780981e-03
6.0825849884e-05
-2.3446970240e-04
-8.2649302986e-04
1.9377241912e-03
1.7195466759e-03
-1.6112333524e-03
1.6644014704e-03
-1.3278187224e-03
-3.9885819558e-04
-9.0611106466e-04
-1.0123749539e-03
-4.9075521850e-04
2.8116792483e-04
7.6976341879e-04
1.7888315548e-03
1.8205153863e-03
-1.8367730884e-04
-1.4136664869e-04
3.2723432985e-04
1.3506293115e-03
-7.0442317655e-06
9.0099775646e-04
-1.8659010330e-03
7.8498000005e-04
3.6873725353e-04
5.2004449542e-04
5.9720038486e-04
-1.1149613481e-03
-1.9124131818e-04
1.3696204923e-03
-4.7757898121e-04
1.3059740183e-04
1.6086665903e-04
-6.2515936956e-04
3.3933400846e-03
2.5945130750e-03
-6.9408407791e-04
-4.3569642753e-04
-9.2139467090e-04
1.3780597749e-03
-7.1025209759e-04
-9.7556322953e-04
1.6685562901e-03
-3.2748677168e-04
-8.2424772136e-04
1.4716474744e-04
8.8304182924e-04
-2.4128276781e-05
-1.4724437204e-04
-1.9489309925e-04
6.8016532637e-04
8.2199196818e-05
1.0903457475e-03
2.4734877942e-04
-1.1043140797e-03
-1.0482674580e-03
3.0527671352e-04
6.0611254681e-04
7.1911296290e-04
-1.1538609553e-03
7.9655706626e-04
-8.8799549856e-04
-8.4430211900e-04
-1.0275617564e-03
-1.1537947565e-03
-7.2897666307e-04
-1.4221270482e-03
9.6787839914e-04
-1.5637379553e-03
-6.3897310641e-04
-4.0838299128e-04
9.7951143917e-04
1.5840456152e-03
8.2629961606e-04
-3.4272496301e-04
1.0398897603e-03
-1.1419593848e-03
-1.2770198723e-03
1.2438261875e-03
-1.2582805553e-03
3.0409679283e-03
-2.8890792339e-04
-1.0628032191e-03
-4.8219289451e-04
-2.3675459446e-04
-6.3400601091e-04
-3.4326182778e-04
-8.8389575150e-04
-1.5061986218e-03
-7.0522149179e-04
4.0867057460e-04
8.3057706066e-04
4.4808168776e-03
-1.1312634520e-04
-7.1212654001e-04
-1.3619686408e-05
-1.4798986485e-03
-3.1156673653e-04
-1.2913148831e-03
-1.7168475731e-04
6.1675995774e-04
2.5834610153e-04
-1.3766557196e-03
-2.7609486877e-04
-8.1109326806e-04
-2.4288282841e-04
-9.8115953609e-04
-7.4632296757e-04
1.6032302636e-04
1.9692992118e-03
-3.7182467261e-04
6.8713637481e-05
1.3191515888e-03
-4.3164896137e-05
-1.5285275773e-03
4.7246259330e-04
1.5542286878e-03
-4.3439846499e-04
-8.6046048036e-04
2.9970220579e-04
-7.8467904633e-04
7.1787838274e-04
1.4506600936e-03
7.7377427524e-04
-1.0321164001e-03
8.2046519885e-04
-7.7534820888e-04
-1.2173406547e-03
2.6049305531e-03
-6.3690413774e-04
9.3584278632e-04
8.1986260037e-04
2.8714989071e-05
-6.2447785761e-04
2.7201413583e-03
2.4681059439e-04
8.5528140018e-04
-1.0127977082e-04
1.1671622723e-03
-1.0852865469e-03
-2.2938259458e-04
-6.8532422321e-05
-1.2307985536e-03
-1.0520649824e-03
-1.4069744294e-03
8.8196082955e-05
1.7910365685e-03
1.1054948067e-03
9.0951763378e-04
1.7211889594e-03
7.8372884401e-05
1.7888551585e-03
-1.3424580085e-03
2.3972521025e-03
-1.0048107725e-03
-5.7132573857e-04
5.2578010688e-04
1.0909029913e-03
-1.3506449256e-03
-1.7838477654e-03
2.5647272987e-03
-8.3515775145e-04
-3.6069111439e-04
-4.7947662259e-04
-9.2641229131e-04
1.0407334929e-03
9.3052245194e-04
4.8029806541e-04
-2.1045265393e-03
-6.9860192112e-04
-8.3033186175e-04
-2.9457682259e-04
3.5289309800e-04
3.3033890210e-04
6.4496005581e-04
-2.5852622485e-03
-6.2243210125e-04
3.1842887516e-04
-7.4966350881e-04
1.0403352413e-04
-6.0431480105e-04
-8.6061156404e-04
1.9212518212e-03
-1.3288796162e-03
-2.1412289716e-04
3.1059010168e-04
4.6117833015e-04
1.4416014932e-03
4.0831138265e-03
1.0992926212e-03
-1.1246044085e-03
5.8877063931e-04
-1.0097198375e-03
-6.4591338546e-04
6.1340140118e-05
-3.6963015491e-04
1.6414885345e-03
2.2840111056e-04
2.2285239216e-03
-8.7153128998e-04
-5.2709993290e-04
-1.8378712264e-03
1.1089650732e-04
-8.2252605559e-04
-2.5783394255e-04
1.5560119945e-03
1.1756016627e-03
