-2.7728099827e-04
6.0830896879e-04
3.0920039832e-04
-4.2425522275e-04
1.0030107722e-03
5.9748730867e-04
-7.4054265921e-04
-1.2093546766e-03
-1.5814193566e-04
1.3726884966e-03
6.4219454009e-04
-1.0027029721e-03
-1.5081559732e-03
1.5977495985e-03
-5.5411335868e-04
-6.7536904381e-04
-9.7236497591e-04
5.3651475595e-04
6.6659360104e-04
-5.4053157158e-04
1.1506813281e-03
-5.2152166511e-04
-2.6098639643e-04
1.5913277006e-03
-5.5126945567e-04
1.2224286865e-04
-8.9237545893e-04
1.4028339642e-04
-4.9576280702e-04
-6.2350872223e-04
3.4382480858e-05
1.3106952504e-04
5.0001858862e-05
-1.0381381231e-04
-6.1348266000e-05
-1.1570182142e-03
-3.2828630815e-04
4.9132346897e-04
-1.0375779082e-03
-1.7068488141e-04
2.9863330096e-04
-7.6693961899e-04
2.7492350947e-03
2.8665129193e-04
-1.0905894553e-03
-7.9823041397e-04
-1.0889310852e-03
-2.0804236554e-03
-6.7838950970e-04
-2.0737086265e-04
-5.6367407447e-04
-4.5596171358e-04
4.6078904701e-04
3.6513259182e-04
-1.4338454383e-03
5.7208049750e-04
1.2429006525e-03
-1.8844098575e-05
-1.4994406271e-03
-3.0329430499e-04
1.3061308145e-03
1.4395021290e-03
-8.6590399868e-04
1.1024219068e-03
-1.0396596452e-03
-1.0259073802e-03
-2.2534718195e-03
-1.4755865424e-03
1.9876949505e-03
-2.1289978259e-03
1.1592630140e-04
1.2288769678e-03
-3.3534452897e-04
4.5951884483e-04
1.7175898405e-03
-1.0489051497e-03
-2.3978576181e-04
-1.3628776902e-03
5.4479044929e-04
-8.1649916880e-04
1.0517150867e-03
-1.0601789233e-03
1.4838102269e-03
-1.2810149980e-03
-8.3971619570e-05
7.4143736980e-04
-1.2818422879e-03
3.8735315172e-03
-5.4376450996e-04
1.4698446688e-03
-7.0769095829e-04
1.1944999135e-03
3.6025053262e-04
2.5996111950e-03
1.2859768817e-04
5.0918008653e-04
-1.0881833303e-04
2.6634259481e-03
-8.1248616191e-04
-6.6861694702e-04
1.6222670168e-03
-6.9821116114e-04
8.8803154590e-04
-1.3822428088e-03
1.0350853937e-03
1.4724957867e-03
-3.9810299826e-04
3.7203441338e-04
1.4345574389e-03
5.7756553159e-04
-1.3192683898e-03
9.7388631163e-04
-3.7578918174e-04
-1.1770729766e-04
9.7505959815e-05
-9.4391277073e-04
9.0450555227e-04
9.3165707130e-05
1.0624651112e-03
-5.9407429457e-04
-1.6128532437e-03
-1.0793108734e-03
5.8824276056e-05
4.2575047349e-04
2.2221873624e-04
8.4178893934e-04
3.1301941954e-04
-7.3575133721e-04
-6.6772284516e-04
6.2362343936e-04
-4.6837427947e-04
3.3039534358e-04
2.5867301551e-04
8.8278572569e-04
-1.5294285288e-03
-2.7107871238e-04
2.0643613885e-04
-9.1193043262e-04
-2.0911784851e-03
-2.3097159023e-03
-7.8341929325e-04
7.8608933456e-04
-1.9261796596e-03
-8.7386623971e-04
1.3146225766e-03
-8.7318640800e-04
-6.9501692260e-05
7.4976517104e-05
3.6237916586e-04
-5.6645299923e-04
8.7712466449e-06
-3.1440241981e-04
-4.2353585849e-04
-1.0170061114e-04
5.2215997133e-05
-4.5078462004e-04
-1.5719231422e-04
4.3270186362e-04
2.4192238990e-03
8.4806947828e-04
-4.4442991894e-04
7.6025103334e-04
6.3595820664e-05
-2.3041769207e-04
1.1925354439e-03
-1.2496238000e-03
1.7501290702e-03
-1.5826149498e-04
2.1981787309e-04
7.1458288123e-04
8.2410921950e-04
-2.3940961051e-04
-1.7214133330e-03
1.8879770409e-03
-3.6158727809e-04
-1.1444352208e-03
-1.3763486883e-03
-1.2515024850e-03
-9.0506201038e-04
4.5621839793e-04
-1.7939913386e-04
-2.1942463080e-04
7.1325650903e-04
1.0512556001e-03
5.9618974469e-04
-3.6713047342e-04
7.8083287361e-04
-1.2729626062e-03
1.6911002821e-04
1.1187140217e-03
-7.2153625669e-04
-2.7154359046e-04
1.0154987098e-03
-1.3228028383e-03
-9.7783070891e-05
-7.7311961311e-04
-2.1433863070e-03
-1.1628882347e-03
1.3470554991e-05
6.2141543497e-04
3.4276028771e-04
-1.3534546420e-04
-3.0479432705e-05
5.3520619503e-04
3.6444455037e-04
3.2457473183e-04
9.7849517406e-04
-6.3711697572e-04
1.1619127235e-04
2.6005084764e-03
-2.2784526563e-04
9.7544906072e-04
-3.2016172105e-04
3.3127838317e-04
8.9850839088e-04
-3.4173356439e-04
9.0006070657e-04
4.4608365456e-04
3.7496774280e-03
-1.3629040917e-03
-9.6185677511e-04
-3.7400692119e-04
8.1086492293e-04
7.7069177855e-04
1.0010041686e-03
-5.9856503243e-04
-4.6979456530e-04
3.3063371319e-04
3.7890962426e-04
-9.6644196992e-04
-2.2269860481e-04
-1.5232927155e-03
-2.7389597518e-04
6.9807818692e-04
-1.1068007524e-03
-4.2799697642e-04
7.9196256574e-04
-2.8269156588e-04
-7.9882480192e-04
-3.3621343648e-04
7.6613869873e-04
-1.7284694779e-03
-6.5365311026e-04
4.3394919790e-03
2.8345681591e-04
-7.1837095266e-04
-4.3232644030e-04
2.9661337597e-04
9.5441894498e-04
-4.1359236717e-04
1.1472955824e-03
-4.2712058494e-04
2.5828944946e-04
-9.3368339848e-04
-9.4936763241e-04
-7.1954166193e-04
5.0699910477e-04
3.6345307870e-05
-1.4691157643e-05
-6.5434430762e-05
7.3213154382e-04
8.5212065676e-04
9.1342044590e-04
5.5642248588e-04
1.1901508669e-03
4.6354458467e-04
3.1980078165e-04
1.1705046337e-03
8.2571966070e-04
1.3309752984e-03
3.5891289144e-09
1.3611539445e-03
-6.5035103641e-04
2.0473320735e-04
-4.9557595631e-05
-1.6127223047e-03
-3.1903146740e-04
-1.3071742731e-03
-9.4940063460e-04
1.5773913713e-03
-8.5885667905e-04
9.0095357494e-04
-9.8338763395e-04
-4.1283784157e-05
3.3128847236e-04
-9.8219241542e-04
-3.2048734704e-04
4.5083475231e-04
1.9459206882e-04
-5.8677021477e-04
-6.3938279053e-04
-2.5430842889e-04
-1.2835287446e-03
2.3192830115e-03
-4.9480980848e-04
1.2641694144e-03
-3.6572763744e-04
6.9995192000e-05
5.5960361278e-04
6.7345625672e-04
-1.1248559796e-03
-1.2272558298e-03
-5.4414429128e-04
4.5028599085e-04
8.6607824801e-04
1.6637634925e-03
-1.7028268960e-04
-8.2920205372e-04
-7.0774789208e-04
8.2538293756e-07
-9.3222966220e-04
-6.8375790471e-04
-4.5209523815e-06
2.5439952209e-04
-1.3598247521e-04
-1.9407330085e-03
-4.0276678545e-04
2.0130148719e-05
9.3779184950e-04
1.5960916240e-03
1.2861329006e-04
-1.0263038124e-03
-6.5823920526e-04
3.5616666426e-04
-6.4755320736e-04
1.5072832944e-03
1.3058518807e-03
-3.1567580275e-04
-8.8866953585e-04
-1.1551660747e-03
-5.4858912909e-04
1.6757075213e-03
1.0952747789e-03
-3.4805278680e-04
5.1748041554e-04
-1.0841298480e-03
-4.5810715867e-04
-5.0549662175e-04
1.3385457672e-03
1.5318594449e-03
-9.0951610563e-04
1.4985094002e-03
1.3321399722e-04
-7.0696121233e-04
-1.9267339635e-03
2.3545524367e-03
1.3654196060e-03
3.1674648393e-04
-2.4462879026e-04
-2.7460846140e-04
1.2824239841e-03
-1.8146359776e-04
-7.7463456108e-04
-1.0802683917e-03
2.4157339592e-04
9.6141302920e-04
-9.6183216946e-05
-1.4909714577e-03
1.0983450252e-03
2.1924899762e-03
-8.4240047606e-05
-3.0364756338e-04
-1.3864475036e-03
2.1567126214e-03
-3.4337034492e-04
-1.2498798635e-03
-1.1561559049e-03
-2.0627802191e-03
-1.6708487827e-03
5.3295197414e-05
1.7977346662e-03
-1.2050608310e-04
1.6524564241e-03
1.3473913138e-03
-3.8752199468e-04
-4.5637541332e-04
-5.7211072837e-04
-6.2543751020e-04
-8.4554321520e-04
-2.3834546209e-05
-6.8164690918e-04
2.7428794699e-04
8.4094428129e-04
4.5148840996e-04
-4.2930085026e-04
7.8552265833e-06
-6.7258414981e-05
-7.4560415369e-04
-3.2537666402e-04
1.5198060312e-03
-2.2010615141e-04
6.5628596492e-04
-1.0508374333e-03
-5.2686737404e-04
1.4057424592e-03
2.8179055156e-04
5.6192775743e-04
-7.3913550153e-04
-3.7393712813e-05
-1.2930265025e-03
-7.2122310997e-04
3.9949917573e-04
-1.4967834974e-03
9.6884547951e-04
3.6733280702e-04
-6.3331004903e-04
1.1850877023e-04
-1.2926688797e-03
-1.0608799844e-03
-6.8789222773e-04
-7.2635914586e-04
-3.9698598818e-04
1.2903249236e-03
5.8162317177e-04
2.1749738843e-04
-1.7155929207e-03
-6.1671543445e-04
-9.5215435080e-04
1.3534022959e-03
-1.8518116275e-03
-1.3022543432e-03
-2.5837304226e-04
1.5856867913e-03
6.5462233903e-04
4.0305625394e-04
5.0425660941e-04
6.2080005748e-05
1.1903347948e-04
-3.4459458148e-04
-1.5333904602e-03
-1.1436288926e-04
-1.1816979638e-03
-2.2285558334e-03
1.0447255595e-03
1.9859484896e-03
1.1678438370e-03
-4.2709811040e-04
-6.5667992596e-04
2.3194796693e-03
6.0332770369e-04
-2.5904537497e-04
2.3517234520e-03
-4.2998390788e-04
-1.2938621361e-04
-5.0114278863e-04
1.0655899793e-04
3.1999490551e-04
-5.7756461050e-04
2.2729200171e-03
-1.2266107894e-03
9.2319569821e-05
-6.1923698600e-04
7.7783627539e-04
2.5767611824e-04
9.3354629716e-05
-4.8797890198e-04
-1.4266912110e-03
-1.5454186185e-04
2.6242889864e-03
4.6457759962e-04
1.9418375948e-04
-8.3820590634e-04
-5.9358966899e-04
-1.8364425174e-04
2.8969984746e-03
5.1788361399e-04
-4.8423885240e-04
4.9595754245e-04
2.9965150762e-04
1.4788496256e-03
-9.5539033564e-04
-1.3001110162e-03
-1.3537937297e-03
9.3413826670e-04
-5.8858228065e-04
-5.8592530569e-04
-1.9024251786e-04
-1.7928837793e-04
2.0613111227e-03
-1.3922633275e-03
-1.0057411117e-04
-1.5058345643e-03
-4.8143586965e-04
-7.6615863547e-04
9.0048997103e-04
5.9530857389e-04
-2.2358620042e-03
-1.2748405506e-03
-1.0059269320e-03
-4.6727762792e-04
4.3689349433e-04
-7.9444174493e-04
1.2672399769e-03
2.5045738828e-04
9.6935453390e-04
6.0869818830e-04
-1.8479229909e-03
7.7926433309e-04
-3.4655995860e-04
3.4526922183e-04
-8.0656002444e-04
-2.0077812655e-04
-2.6928792658e-04
-4.8775178896e-04
-2.7319479525e-04
-6.9148886181e-04
-7.9671954256e-05
2.3736493882e-04
-1.9514455272e-04
-1.0805687066e-03
6.2143312051e-04
5.8536079463e-04
-3.9924410203e-04
1.7139637232e-03
7.8623315645e-04
4.5744815544e-04
-8.9209276874e-04
6.7582130775e-04
-4.8343645939e-04
-1.1972437066e-03
1.1193302243e-03
-7.1520871759e-04
-1.2483250079e-03
-2.1948217141e-04
-6.5411576577e-04
8.6056152273e-04
1.1605770336e-03
-8.2408181537e-04
1.3555132222e-05
3.3617827510e-04
-1.0051362762e-03
-4.5556336450e-04
-6.7760387789e-04
1.4261757655e-03
-1.0879558075e-03
-4.3253613585e-04
4.0419238004e-04
-8.9735543257e-04
4.1669530340e-04
-5.4358609666e-04
-1.5959443640e-03
-5.1034740885e-04
4.3756405719e-05
-2.2000872292e-03
9.1926904645e-04
6.1760269659e-04
1.5085142649e-03
-1.3585009242e-03
-5.7010250402e-04
7.1328164894e-04
8.7312071019e-04
-4.9475401360e-05
7.9773283542e-04
4.6065118864e-04
4.9125481131e-05
-3.6756168650e-04
2.0887876685e-04
-5.9066589786e-04
8.9308822977e-04
1.2182600476e-03
-1.4219079514e-03
-1.8657808132e-03
-7.9104341422e-06
-1.4242301793e-03
-1.7390439001e-04
-4.6508177812e-04
-1.3405196234e-03
-7.5950296940e-05
-2.0470479997e-04
-8.5894598295e-04
6.4307630737e-04
2.0815985650e-03
-8.4669905995e-04
-9.6912712362e-04
3.8677754320e-05
-3.7121375180e-04
-9.5601363985e-04
-8.8788498359e-04
-5.8281094188e-04
-1.7059301696e-06
9.8333751652e-04
-8.3566757177e-04
8.2332993977e-05
5.9541082890e-04
-1.6059652380e-03
2.8180266562e-04
-1.2170990339e-03
6.9141591098e-04
-5.9972253382e-04
2.3717965137e-04
2.1363497558e-03
6.7525345459e-04
-6.8674231933e-04
-6.3196694073e-04
7.3630425417e-04
-4.1702232605e-04
-1.1233395415e-03
-2.0642462672e-03
-1.8236102283e-04
-1.2365135789e-03
-1.6735769613e-03
-3.3593864967e-04
1.5176832969e-04
1.4827624949e-04
-1.5112812224e-03
-3.5830553892e-04
-1.5074519120e-05
2.4746561916e-04
2.0201502866e-03
-2.9189057838e-04
-1.3114941663e-03
-1.5952718670e-03
1.2282506708e-03
-7.7520652069e-04
6.5501004082e-04
-2.6994354065e-04
4.2140636145e-04
-4.7136303387e-04
-1.5101929375e-03
-2.4660635062e-04
-2.4272666951e-05
-3.2970775361e-04
5.4858229647e-04
2.2132098494e-03
-3.5598888567e-04
9.5022857515e-04
-3.7759022809e-04
-3.6164312595e-04
-1.1545026624e-03
-2.3782860111e-06
-7.3462645063e-04
9.6431856558e-04
-9.6362630713e-04
2.0458235230e-04
3.2131267135e-05
2.9919929928e-04
-6.4467430335e-05
4.5598034279e-04
9.8321869469e-04
-2.2856340679e-04
-1.6753387448e-03
-1.3871525045e-04
-2.7022288526e-04
9.5994864286e-04
-6.2081525448e-04
1.0286712224e-03
5.5589659980e-04
4.3874682022e-04
-4.4345573656e-04
2.2702251559e-04
-1.0903282123e-03
-1.1232402021e-03
4.3183691858e-04
-4.3471253833e-04
1.3365767899e-03
1.2736422622e-03
1.3366477976e-03
2.3163285234e-03
-1.4359729143e-03
1.0176315060e-03
-4.1171940118e-04
2.5191016406e-04
8.1987800961e-04
4.7609111877e-04
1.1553820254e-03
-6.4270943780e-04
1.2126418899e-03
2.1744625936e-03
-1.0799844815e-03
2.0087788062e-04
2.1609396982e-03
8.9601028226e-04
-8.3849210810e-04
-8.6009103990e-04
-2.2386441867e-03
-8.4298304945e-05
-2.4353786012e-04
-2.1440799921e-03
7.4292635499e-04
-1.0679338241e-03
-7.9362022073e-04
-7.5344274977e-04
-2.1448740842e-04
-1.2696113277e-03
-2.2139141703e-03
-1.5241582490e-03
-1.8691807173e-03
-6.2238193316e-04
-1.8233184193e-03
4.8818699040e-04
-8.9014504875e-04
2.2127436231e-03
1.6258633813e-04
-1.2355772365e-03
5.5491916799e-04
-1.5357043975e-03
-1.2135710816e-03
9.4603373160e-04
-8.5788569537e-04
6.1673905908e-04
2.7961458643e-05
5.1823033077e-05
1.8800064500e-04
-1.9709393687e-03
-1.7873389326e-04
1.1779684147e-03
2.1673569572e-04
1.2083918809e-03
-1.2444582716e-04
-1.8348989813e-04
-8.5700860919e-04
7.8059732417e-04
2.3809780683e-03
-3.1628096690e-04
-8.3833665236e-04
-1.4782557503e-04
1.1997243107e-03
3.3736121821e-04
-1.1932630586e-03
1.2774964279e-03
-4.3790872197e-04
3.7581094989e-04
-4.3690147158e-04
-7.8677344028e-04
8.3480176565e-04
1.6587097814e-04
4.8610297283e-04
-8.2246118888e-04
1.8246402012e-03
-4.8239773046e-04
2.6657995128e-03
3.6556749791e-04
1.3023466529e-03
4.5107428238e-04
5.6350804783e-04
-1.6478408522e-03
-2.2483936014e-03
-2.4000692517e-04
-1.4577740374e-03
-1.6459093785e-04
-1.6843350691e-03
-1.2841246573e-03
-2.5135084322e-04
-7.7033684524e-04
-5.2586201775e-05
-1.4090432548e-03
-3.5173579352e-04
-1.1272179579e-03
-8.9382365212e-04
-6.3211635729e-04
9.5332601954e-04
2.9434260880e-04
1.4644830533e-03
1.3559636535e-03
1.0022823238e-03
-3.0049440481e-04
7.0706775590e-05
7.5063743902e-04
-1.4131835371e-03
1.1865524531e-03
1.0179099311e-03
1.6256809063e-03
-9.5507746483e-04
-1.2043572439e-03
2.8519721727e-04
1.5067748600e-03
9.5487273513e-04
9.9170332280e-04
1.4425487381e-04
4.3795435360e-04
1.9512875709e-04
-1.4468984574e-04
4.8825161420e-04
1.4514195807e-03
-1.2221137819e-03
-4.2488726203e-05
-1.5062080913e-04
-1.5502017209e-03
-1.4101591070e-03
-9.2987962353e-04
4.3232791311e-04
-1.7668017192e-03
-1.7902481958e-03
6.4755155435e-04
3.4168965926e-04
-9.2350469115e-04
1.2097783033e-03
1.6204665764e-03
-3.4217296444e-04
5.3486028081e-04
2.5420013675e-03
1.5456155054e-03
2.5023196141e-04
-1.8580122980e-06
-5.3653274000e-04
2.8379735319e-03
-1.1738554135e-03
7.1379729066e-04
-4.0757094259e-06
3.8885237605e-04
5.2505772528e-05
1.1458509859e-04
-1.7192599906e-04
-1.0025674924e-03
3.4544572807e-04
-1.6208852473e-03
-2.0121784676e-04
1.2819370568e-03
-5.9225062988e-04
3.4251242264e-04
-1.3470059983e-03
-1.5822724163e-03
-1.2460955381e-03
1.3132368083e-03
-4.0938387015e-04
-1.9776816109e-03
-1.4818904552e-03
1.4983268287e-03
3.4510443959e-03
2.2395779326e-03
-9.1060404281e-04
-4.9889168736e-05
1.1449694933e-03
-6.6593921255e-04
-6.2260041280e-06
4.1806321708e-04
2.3536165588e-03
-9.1341580888e-05
4.0492874497e-04
2.7826084160e-04
-5.3519921713e-04
8.7893271101e-04
-4.3640295491e-04
-3.3658856120e-04
-5.9204743305e-05
3.6304601884e-04
-1.4627154653e-04
-1.0204045979e-04
1.0524585879e-03
-1.0889592393e-03
-4.0128640022e-04
-3.8329405625e-04
-1.1213351088e-03
-8.4215721251e-04
-5.5758810416e-04
-5.3161252642e-04
9.7451872852e-05
-5.7103801394e-04
-2.4806742659e-04
2.8559312419e-04
-1.8053039747e-03
-3.4433344944e-04
-9.6026931021e-04
-1.5061247802e-04
-1.3873284393e-03
3.1009994815e-04
1.0114587128e-03
-1.0753861800e-03
1.3250883945e-03
1.6385468557e-03
1.3676265364e-03
-1.5247761005e-03
-5.6276454268e-04
-6.4698287997e-04
-6.4613790176e-04
-3.9918093665e-04
6.5162558085e-04
1.3735846113e-03
7.3311778614e-04
-1.9818240898e-05
-1.9043134158e-04
2.1294858166e-03
-7.2715775300e-04
-1.3711909326e-03
-4.3897386598e-04
-1.5652456603e-03
-5.0414987704e-04
1.9681458527e-03
1.1024472482e-04
2.3771624654e-04
2.0364365799e-04
1.2448518670e-03
-1.1578292969e-04
-4.3743949398e-04
1.9217910048e-04
-6.8929072256e-04
-1.0963943945e-03
4.8596634325e-04
1.1649728978e-03
-1.0737463057e-03
-3.1978501503e-04
4.3883989456e-04
1.8443283099e-03
6.9032828620e-04
2.4706891209e-03
-1.0326550417e-04
1.3234203707e-03
4.1915246808e-04
7.7771074676e-04
3.4310049790e-03
1.5016007963e-03
4.5805728345e-04
-1.0592289590e-03
1.7119863597e-03
5.5248835918e-04
-1.5169646951e-03
-7.0075525645e-04
-1.7233029267e-03
-1.6477451566e-04
-6.4107246537e-04
-3.3431977764e-04
-8.0993774970e-04
-3.9365806786e-04
1.6665758909e-03
-2.4247286237e-03
-7.2754678456e-04
-8.1499959131e-04
1.8720259920e-03
4.5130118480e-04
-9.9062124701e-04
-1.3280786948e-03
-1.1853054767e-03
-9.3133048172e-04
4.0380525121e-04
-1.1537458695e-03
4.3662960489e-04
-1.3084779773e-03
-1.2867191936e-03
-4.3135184014e-04
1.5359310499e-03
-2.3352746779e-04
-9.4025042032e-05
-1.0276589987e-03
5.5172816001e-05
-1.4819381180e-03
-1.8881505787e-04
1.0223170920e-03
-7.0478031757e-04
9.0785658302e-04
7.9280271082e-04
-1.5121960831e-03
6.2304246538e-04
-9.6222098697e-04
-5.4741550771e-04
-1.3767890545e-03
8.3214603231e-04
1.2810181891e-04
-8.1158477622e-04
-1.3422130765e-04
7.8905130598e-04
1.4437124899e-03
1.3366381430e-03
-6.4093603668e-04
-2.8627697874e-04
-1.7859871086e-03
1.7123600585e-03
-6.0616800778e-04
-1.0875754225e-03
6.1701747017e-05
-2.5895164222e-04
-5.6618103653e-04
3.7236602785e-04
-5.5912205728e-04
-1.0519375623e-03
-6.2265876260e-04
-2.1683268683e-03
-1.1845462681e-03
1.2572647650e-03
2.0843637653e-03
1.5541907483e-03
-8.7894935500e-04
9.2032117641e-04
-1.7902772252e-04
-1.2222896316e-03
-1.4698259295e-03
-3.7883914308e-04
3.8817374642e-05
-4.0365512463e-04
1.0077532612e-03
-2.1120208482e-03
-5.1921066287e-04
-4.4816926302e-04
-2.8052852993e-04
9.9958282942e-05
2.7574351401e-04
1.4643759077e-04
5.3421438732e-04
-9.4549038272e-04
3.7339696429e-04
2.6522101585e-04
2.4821848563e-03
1.3961589651e-03
2.7838620170e-04
6.8726362112e-04
-6.8668750722e-04
-8.3358103936e-04
1.1238429866e-03
-1.5879515269e-04
-4.6902790501e-04
7.4042552995e-04
-1.2772239523e-04
1.1791397935e-04
3.4550998283e-04
-2.1848816824e-04
-1.1609340387e-03
4.4543052726e-04
5.0104440015e-05
3.1665322806e-04
-2.5146250187e-03
-8.8762879760e-04
1.6275342216e-03
1.1341246052e-03
-4.9429646242e-04
-7.5147277039e-04
8.2983069947e-04
7.4106460277e-05
-3.7302587650e-04
1.4082165898e-03
1.1146732592e-03
6.7892808917e-04
-2.1887040013e-04
-4.4049335426e-04
-1.9314027751e-04
8.3008191685e-04
-1.2626125973e-03
-2.8831581771e-04
1.5078025632e-03
-6.3370181869e-04
-6.1484841190e-04
-7.9607255802e-04
1.2821797614e-03
-4.2587443914e-04
2.5663646294e-04
-1.3831248156e-03
-7.7426722366e-04
7.0775377663e-04
1.0182700067e-03
2.6286938928e-04
8.5353407940e-04
7.2084596509e-04
5.8257796471e-04
5.7035155025e-04
6.8837886930e-04
-1.4445115733e-03
1.2935040471e-03
-2.1333019716e-03
1.1796365242e-03
1.1084243178e-03
-1.8938398627e-03
1.6098022299e-03
1.4531171071e-04
-2.2885962529e-04
-1.7803856062e-04
-5.1205170038e-04
8.5481068840e-04
-9.9908450080e-04
1.5238939989e-03
4.7386995348e-05
-7.1531718701e-04
2.5461483757e-03
-9.2648974467e-04
9.0008839835e-04
-1.4255457919e-03
2.2951939515e-04
-1.3837446248e-03
3.2986089158e-03
9.9603406807e-04
-2.0950347424e-04
-1.1147480687e-03
-2.1259216142e-04
-7.6315359955e-04
-5.2884491561e-04
7.3599865179e-04
8.4499717399e-04
-4.7525983969e-04
-8.1181970178e-04
1.1923775931e-03
3.0930893676e-04
1.3135210148e-03
-1.0704599576e-03
4.6538450616e-04
-2.0480061922e-04
-3.0415423224e-04
-1.2594824858e-03
-5.8549870965e-04
-1.0884180984e-03
4.5153512420e-04
-1.1164378279e-04
-1.7761227282e-04
6.1330132695e-04
-1.3469452234e-03
-1.2449947556e-03
1.0611939655e-04
-8.3928530970e-04
-2.2220275243e-05
6.6164057590e-04
2.1148369199e-03
8.4637986480e-04
-1.0146403240e-03
-1.3594056636e-03
-2.4633331079e-05
2.2664300984e-04
-1.7602619786e-04
-7.6192328499e-04
-1.5161995519e-03
2.0476412453e-04
-5.5752499473e-04
1.0421653928e-03
2.5035443785e-03
-8.2176109249e-04
-8.4598767247e-04
1.5377969275e-03
-1.5271077119e-04
-1.2322707487e-04
9.1697183959e-04
6.1736555967e-04
-2.8378300380e-05
-8.1881713250e-04
-4.7190366372e-05
-1.5092702501e-03
-1.4626474999e-03
-3.8732441849e-04
-2.8312805420e-04
-1.4210698902e-03
-5.1573816661e-04
-4.9192035394e-04
1.0167133400e-03
-7.6516394988e-04
-2.6637440550e-04
-9.2685575421e-04
-1.0611399217e-03
2.6968636304e-05
-9.7643991699e-04
-1.3269282660e-03
1.1673062059e-03
1.4212057421e-04
4.3940258545e-04
-2.2961263318e-04
6.2925832838e-04
1.3990499874e-03
-2.2484188216e-04
2.6304621164e-05
1.5615908206e-04
1.6273963932e-03
-3.9896051652e-04
-7.1482728609e-04
9.9914961892e-04
-1.0330079515e-03
7.4335406243e-04
-4.2338159589e-04
-3.5606723479e-04
7.0561930755e-04
-5.5265739465e-04
8.3505663059e-06
-6.0997078873e-04
1.1078035924e-03
7.6378712981e-04
-9.8832153554e-04
-5.0543332475e-04
1.6093108315e-03
-5.3313663837e-04
1.1775546379e-04
-3.3718154884e-04
1.2635337588e-03
-9.4633324081e-04
-1.6290233493e-05
5.2871533799e-05
5.2735867450e-04
-6.3703257811e-04
5.7079104688e-04
-5.2027100799e-04
-2.6499408388e-04
-7.0869847041e-04
-1.5634945361e-04
8.9958266094e-04
-3.3411591287e-04
2.1506753812e-03
8.8583363054e-04
5.8312742939e-04
1.5249921735e-04
-8.7613938073e-04
-2.1382763542e-04
9.9557559467e-04
-3.4628426377e-04
-7.6588384627e-04
-1.3807294215e-03
-6.5269086939e-04
-7.2454673656e-04
8.7682622142e-05
8.6737483084e-04
-7.5097524670e-04
6.2276760907e-04
-9.0845967270e-04
-5.8323868597e-04
-8.3283365448e-05
-7.8319069595e-04
-1.1635514791e-03
-9.0396264313e-04
-3.3903261915e-04
2.7888932309e-03
1.9116369873e-04
3.6321861861e-03
2.0032916878e-03
1.9297113866e-05
-7.6348058266e-04
6.0377759345e-04
1.2225911805e-04
-3.7341902313e-04
1.0924206414e-03
-1.0781710179e-03
1.6913211268e-03
-6.5604791268e-05
-3.8565040074e-04
2.3317512865e-04
-1.9624691704e-04
4.5462685122e-04
3.5521973423e-04
2.4461286963e-03
4.5204518267e-04
3.0608176603e-04
3.0934006237e-05
-1.4635337774e-03
1.0785855019e-03
1.6902469771e-03
-7.9323738439e-04
2.1799712966e-05
1.6145576903e-04
-4.3852658720e-05
-4.3651067917e-04
1.7692787221e-03
3.1011987916e-04
-5.7367547932e-04
-5.7039470389e-04
1.3836983812e-03
-7.7360099390e-04
4.6206778496e-05
1.1913807785e-03
6.8378744608e-04
-7.1461409788e-04
7.1705146150e-04
-1.0489448421e-03
1.3497573245e-03
7.4876469556e-04
6.3844580072e-04
-4.9955447493e-04
-5.2149916993e-04
5.7227624282e-04
-4.9615525763e-04
5.1672226469e-04
-1.1340937895e-03
5.6295258896e-04
-2.4345989485e-06
-3.2781353280e-04
-1.3701353194e-03
-5.4686832374e-04
2.3876503035e-03
-3.7881775746e-04
2.2763533978e-04
7.6397149923e-04
-1.5284678730e-03
4.2848595004e-04
3.5007601768e-04
1.0434367009e-03
5.0287869863e-04
1.9841694136e-03
-4.1115031409e-04
-6.8469135126e-04
4.6954792009e-04
3.2057437825e-03
1.7304174003e-04
9.1239000689e-06
1.9891331886e-03
1.3030820715e-03
8.5781530634e-04
-9.8846738814e-06
-1.2232911066e-04
-9.8936892361e-05
-1.5757395924e-03
2.4635391496e-05
1.8427028033e-03
5.0964236201e-04
1.7149802395e-03
-2.7962147932e-04
-1.0989971486e-04
2.5097474370e-04
-2.2305212551e-04
-2.4433614991e-04
4.6010388334e-05
-8.1929575675e-05
1.7136266469e-03
8.1461903398e-04
-1.4140955333e-03
7.7994610948e-05
5.1758321524e-04
-6.4994650883e-04
5.4208147792e-04
-1.8529204537e-03
1.5514208211e-03
1.1735033773e-03
-1.5948877802e-03
2.2718075797e-03
-3.4794429711e-04
7.5251430942e-04
9.5785768018e-04
1.1993107679e-03
-1.4664883068e-03
-3.3098264198e-05
1.0097512175e-04
3.3775518317e-04
-7.9378963951e-04
1.7845291418e-03
-1.8311928457e-03
-1.9327122505e-04
2.9116033447e-05
2.1174885640e-04
-1.9136510179e-04
-3.2205942844e-04
-1.6270946227e-04
-5.0988907590e-04
2.5935889088e-03
-4.4431596774e-04
-5.7529551677e-04
-1.6608587559e-04
-2.3245593542e-04
-1.4078719669e-04
1.5039888788e-04
-5.5218320667e-04
-2.7029747298e-04
-1.1234776691e-04
2.4066709513e-03
1.5769035988e-03
-4.3145218360e-04
-1.2600615642e-03
4.9103049895e-04
4.1665681346e-04
1.0889287448e-03
-1.0999313690e-04
9.0959863353e-04
9.8071164876e-04
3.8248257628e-04
-6.4055994700e-05
3.6778664424e-04
6.1742470538e-04
3.0699257589e-03
-3.4292418661e-04
1.4700854259e-03
6.7101321105e-04
2.5731136282e-03
-1.2185745546e-03
2.2952079288e-03
-2.3384009022e-03
-1.7443269727e-03
2.0063971338e-03
-8.1615112592e-04
7.2497481057e-04
-1.3429568887e-04
5.2613713233e-04
1.1317961848e-03
1.1457589364e-03
7.1161071975e-04
-8.0586250873e-04
-6.0502778029e-04
2.7130252484e-04
-1.0795459097e-03
1.4870651947e-03
5.7447203208e-04
-8.7311070792e-05
-1.5501650855e-03
-2.7599954690e-04
2.8818884317e-04
-6.0690983255e-04
-1.5137014689e-03
-2.0054828306e-03
8.2336678881e-04
-2.5017314406e-04
2.0865733396e-04
-5.2372423136e-04
8.6088556815e-04
-4.7837336817e-04
-1.8609808890e-04
4.7663552760e-04
5.9485468377e-04
2.0766383625e-04
2.1021197636e-04
-9.6619177442e-04
-8.4277466330e-04
-1.4642383417e-04
-1.4658103363e-03
7.3386460030e-04
1.8431193452e-03
-1.0424849408e-03
-4.4738021237e-04
5.1719794881e-05
2.8427710208e-04
-5.5420973492e-04
2.0517474280e-03
1.3897003217e-03
2.8083386953e-04
8.4435993607e-04
-4.8846230763e-05
1.6840594425e-03
-1.2694666909e-03
3.1094030321e-04
-7.0395204391e-04
1.7961953469e-03
-7.7902932997e-04
-9.8507410010e-04
-3.0769196406e-04
-4.2623201346e-05
-2.0418847679e-03
1.2230730540e-03
9.0977814626e-04
5.2021696616e-04
-1.6201761917e-04
-3.0558329813e-04
1.0621646546e-03
-5.7151061203e-04
-2.4164641307e-05
5.0112397826e-04
-5.3804524274e-04
9.6761839782e-04
8.4237156383e-04
-2.5709898676e-04
-7.4255033453e-05
-2.2778105482e-05
-1.5900591747e-03
1.2272270909e-03
6.6559004304e-04
-2.2490190511e-04
-7.4726542003e-04
-6.5756833314e-04
1.9750244206e-03
-7.7927188267e-04
-3.5512712572e-04
-1.8262124221e-03
-1.8882364281e-03
7.6986596270e-04
9.7989777481e-06
-8.2750494381e-04
4.4381590652e-04
1.0663625616e-03
5.5879884991e-04
9.1937575094e-04
-2.6194972775e-04
2.0810890974e-03
-3.1851879856e-04
-3.4047305416e-05
1.6002429423e-04
7.7764796662e-04
9.8380980974e-05
1.0578275725e-03
-1.7017652570e-04
-8.3075851500e-04
2.5582153881e-04
1.8034231009e-04
2.8814460444e-04
8.8388733318e-04
-2.5784810756e-04
5.2998933234e-04
-7.2846495772e-04
-1.6116079197e-03
-2.3814579003e-04
-8.2951033006e-04
1.4012014822e-03
-9.6218885858e-04
-1.0353691093e-03
8.7533184387e-04
5.7469430324e-04
6.6008321854e-05
4.3824092025e-04
-1.1507813310e-03
-2.0161425602e-04
-6.3436628157e-04
-1.2330784023e-03
-3.4543033637e-04
1.5109005292e-03
3.5196831829e-04
1.1058555007e-03
7.9318115474e-04
1.8499685205e-03
-1.0488881505e-03
-1.6868888201e-03
2.7765412460e-04
8.1305753101e-04
4.3386470113e-04
-8.5063521892e-04
-2.5035602154e-04
7.7727318057e-04
-1.8976859567e-03
7.4238933554e-04
4.0417485595e-04
-1.0538033880e-03
-7.8128491931e-04
-1.8739180168e-03
1.2718411149e-03
1.2506805148e-03
8.6989404408e-04
-1.9263857741e-03
-8.3375035989e-04
8.3236049666e-04
-1.0041382603e-03
-2.9241045937e-05
-3.1109332594e-04
-6.8321045209e-04
-5.5665819217e-04
-6.7860395615e-04
-8.6191585797e-05
1.3758588716e-03
-2.7716246702e-04
-1.1938812262e-03
2.5935651860e-04
4.7237598736e-04
2.0276664309e-03
-2.1623153505e-03
7.7994099316e-04
-2.0660390579e-03
-5.8020576309e-05
-6.5295022756e-04
-9.9997152439e-04
7.1932530049e-04
5.3937367363e-05
1.3664989722e-03
-1.1971008689e-03
1.2136418473e-03
5.1544886267e-04
1.2446378515e-03
3.4427621609e-04
1.9605949761e-04
3.7810460545e-04
-1.2140217913e-03
1.2497264033e-03
-5.7625929364e-04
4.5095528869e-04
5.0209559351e-05
-7.9048817507e-05
5.6395743716e-04
-1.1446730503e-04
8.8990948280e-04
1.0670616963e-03
-6.9730780589e-04
-2.3394026405e-03
4.0501868617e-05
-7.3956805077e-04
-1.2762102282e-03
3.4918738514e-04
-2.9324715459e-04
-2.1568493323e-04
-2.9697084478e-04
-7.0908655370e-04
-9.3384092620e-04
2.7087201883e-03
-2.2352127784e-04
1.1074261611e-03
-7.5961877445e-04
-6.0402266648e-04
1.0678668356e-03
1.0063667499e-03
6.6109799781e-04
7.9550392874e-04
1.3316885044e-03
8.9814868113e-04
5.9566708210e-04
-5.3784821512e-04
-7.2512342328e-04
2.4815205397e-03
-1.0242617600e-03
7.2190234613e-04
9.8767088885e-04
-8.9626656033e-05
3.5941851560e-04
-1.0980867570e-03
-1.5751354594e-03
6.3659516099e-04
9.6445170967e-04
2.4278536624e-05
-5.1850217454e-04
7.1169041140e-05
2.5514203724e-03
7.7114253402e-04
-7.5223573168e-04
-1.3869157937e-03
6.5149072576e-04
2.6746087076e-04
-2.0741105088e-04
-1.1573719228e-03
-9.5054256199e-04
7.5896457520e-04
3.2956105577e-04
1.8039237348e-04
-1.5566110098e-04
-4.0914852377e-06
9.8263358013e-04
-1.0426324107e-03
1.2053567741e-03
-5.4862419401e-05
1.0959744455e-03
-3.4151293395e-04
4.2918197615e-04
-1.0702955694e-03
-1.1666216612e-03
6.9606594095e-04
-2.7374953940e-04
-7.9988643385e-04
-1.5732261147e-03
-1.2657890517e-03
3.3544330998e-04
-1.8224166890e-03
6.0901871369e-04
-1.0264633318e-03
3.2958569093e-03
-6.2373892669e-04
-2.2455913314e-04
1.6960342831e-03
1.4540741172e-05
1.8197528912e-04
-8.6027909634e-04
-2.6857700668e-04
-1.2883653255e-03
-1.5609532087e-03
3.5008637607e-04
-7.3384382392e-04
-4.4104588204e-04
9.0572429716e-05
-7.0761150570e-04
2.0749973792e-03
3.9856779284e-04
-7.1381175531e-05
6.6267882723e-04
-6.4480822617e-04
-6.3843767347e-04
-1.3313349566e-04
-1.0010217580e-03
-1.2479459639e-03
2.7822129100e-03
-5.3698650834e-04
-5.7283638314e-04
2.5726292222e-04
-3.8737600062e-04
-7.2296434219e-04
-1.7460579053e-03
1.4313356336e-03
-7.3148218887e-04
-4.1022047541e-04
-1.0274461504e-03
1.2633311700e-03
1.3516850501e-03
-8.3916272439e-05
-2.7242008800e-05
2.1437129796e-04
-2.0585705878e-04
-1.1895341559e-03
-2.9028455107e-04
3.1269361436e-03
2.2402371687e-03
-6.8263103406e-04
1.4039895056e-03
1.2053459304e-03
4.9281197821e-04
-7.4467442360e-04
7.7433359541e-05
1.6847567913e-04
-1.0687266819e-03
-1.7296471565e-03
-1.1625084611e-03
-5.6183574224e-04
1.9601972241e-03
-9.9749641278e-04
-1.2986129373e-03
7.9526080198e-04
-7.2674119177e-04
4.4276993174e-04
-1.4514499077e-03
-7.1984406559e-04
-2.2402699659e-04
1.1014521478e-03
-7.7887155405e-05
1.8418643610e-03
7.3276098480e-04
1.3976027159e-04
-2.7459941709e-04
9.8139119290e-04
-3.2943314819e-04
-1.4478303081e-03
-3.0738830096e-04
-3.3652838825e-04
-1.2717570868e-04
3.7005552532e-04
-1.3924902605e-03
-7.7309881149e-04
-3.6935197758e-04
-8.2443358865e-04
1.8416350738e-04
1.7376719680e-03
3.0741349774e-04
3.0337675403e-04
-6.0148932250e-04
4.3144550356e-04
-9.2894043998e-04
1.1900420697e-03
1.1428701490e-03
-4.5179462693e-04
-3.7556905882e-04
1.4464048262e-04
-1.3944912176e-03
-1.8095708975e-04
-1.4653437508e-03
-1.0012090244e-03
1.1823132251e-03
1.0549924908e-04
1.3988109439e-03
1.3002307687e-04
-1.0056520536e-03
-1.2878800158e-03
7.7052197084e-04
-1.7513647118e-03
9.8977272104e-04
4.1440702144e-04
9.8023770300e-04
-9.6188124366e-04
2.4593425652e-05
-1.4622850495e-03
2.7827251983e-03
6.4648763126e-04
-5.0333960273e-04
-5.7291768749e-05
-9.8646309941e-04
6.0277291100e-04
4.0299062032e-04
-6.4234216620e-04
5.1124393163e-04
-3.8249440400e-04
2.1243693585e-04
7.6612717187e-05
-2.1415671989e-04
-1.0056006976e-03
-1.5410309674e-03
-1.6222757205e-04
-3.3364850890e-05
-1.1736954423e-03
-8.1092963837e-07
1.2531501146e-03
7.9982741345e-04
1.7659553786e-05
-9.1153785020e-04
9.2521844505e-04
-1.6357053540e-03
-2.0721349971e-03
7.2008579890e-04
-9.4133573682e-04
1.1091234140e-04
6.6874576285e-04
8.1805945464e-04
8.0202233521e-04
-3.5170729384e-04
-1.0975657266e-04
-1.6997601260e-03
9.0112544959e-04
2.2720766610e-04
1.2714966595e-03
-8.5166331442e-04
8.5302896042e-04
9.8965302610e-04
-6.1914731184e-04
3.1099924281e-04
-1.9310602821e-03
-1.2138451153e-03
-9.1767165095e-04
7.4618406909e-04
-1.2377784264e-04
-1.0572869618e-03
1.8634579270e-03
8.5444851464e-05
-7.5056656985e-04
1.1608611608e-03
1.2041591646e-03
9.7622868567e-04
-1.3447861907e-03
1.6125232740e-04
2.7424030758e-03
-1.1949560102e-03
-1.5243828309e-03
1.6486270843e-03
2.1853401665e-03
-1.1951397492e-03
-1.2652628516e-03
2.1710185916e-04
1.2871733519e-03
-4.6231997498e-05
-8.5995057219e-05
-8.5544884768e-05
1.6216762042e-03
1.4300499449e-03
-1.4452261758e-03
5.2173249578e-04
1.0442997632e-03
-6.1933555028e-04
-1.0329243861e-03
1.0723004057e-04
1.0926723456e-04
-9.5621847410e-04
1.2603788404e-03
-7.4842453180e-05
-4.0571918252e-04
-1.5794705522e-06
2.3421151128e-06
-8.0472207204e-04
1.5458374010e-03
1.6781730473e-03
6.7600206842e-04
-4.5548660533e-04
3.8362069215e-04
1.6809494801e-04
-1.5211725623e-03
1.4609570872e-03
-5.2859694225e-05
2.9467220665e-04
-3.7119915155e-04
3.3692561922e-05
-4.8921858719e-04
-7.2290525468e-04
9.2415920276e-04
-1.3030165510e-03
3.8216241345e-04
-5.5340431711e-04
-3.1724969251e-04
1.2928697949e-03
6.0225008675e-04
-8.8492576957e-05
4.9414295508e-04
1.1373659689e-03
-9.8279836232e-04
3.3765555960e-04
-5.7545567031e-04
-8.3719552181e-04
-2.9181400267e-04
1.2518786890e-03
9.1813744171e-04
-7.9824666636e-04
4.1829750402e-04
-1.2154770324e-04
-8.8289306276e-04
2.2402360835e-03
-2.5683864078e-04
-5.3258796367e-04
-9.0511388284e-04
-1.8312338176e-03
-6.5439785380e-04
4.3806270200e-04
1.5603460220e-03
1.1425092634e-03
2.0807663808e-03
1.1500384415e-03
-7.5437133642e-06
-1.4737756132e-03
-7.6320812272e-04
-2.8694023926e-04
-8.7782341155e-04
-9.2913677257e-05
4.5861793522e-04
-6.2363690441e-04
9.0994924670e-04
-9.3853397995e-04
4.7021329483e-04
3.9962423964e-04
-2.0201689982e-04
9.3850935200e-04
5.1815145004e-05
3.1035684930e-04
-5.1237151935e-04
-1.3448732375e-03
-3.8463716451e-04
-1.2874842688e-03
-9.8907934134e-04
2.7423732745e-04
-6.6985275349e-04
1.3391733522e-03
-3.4090252031e-04
-7.0258901689e-05
5.4654096442e-04
1.7843414821e-04
1.4746516345e-03
1.1184292069e-03
-2.3316109937e-04
-9.9317428956e-04
4.9630098137e-04
3.5423825817e-03
4.8719874974e-06
-8.7911226497e-04
1.4699159307e-03
1.0265834129e-03
-5.2532100723e-04
-9.7723739773e-04
-1.4308767332e-03
-1.0431161770e-03
1.7752457158e-03
5.8909289713e-04
-1.2048941894e-03
1.7630304390e-04
-6.0606121103e-04
1.0550434142e-03
7.3600314830e-04
9.1633215219e-04
7.1120680453e-04
-7.8450403517e-04
-2.0459988856e-04
-6.6039322156e-04
-1.9880620907e-03
-3.6457040589e-04
-7.4883235916e-04
-9.5618959122e-04
2.0552641560e-04
-1.8499860643e-03
-1.1643333852e-03
5.0268325287e-05
6.6643273741e-04
-3.9417104843e-04
-3.7733350008e-04
-1.8030298533e-03
-1.2939858507e-03
-4.8656369436e-04
1.0580528932e-03
-7.5719894806e-05
-7.5516362117e-04
5.8214413870e-04
-1.2776899424e-03
6.1280223438e-05
9.7276751352e-04
-6.6496272863e-04
-2.5864199586e-03
-9.2990903564e-04
-8.5793138941e-04
6.4892167585e-04
-6.8925439108e-04
3.4689433144e-04
-2.6585807081e-05
-1.2349832921e-03
-8.7785380723e-05
1.7326034846e-03
-1.6073109507e-03
5.9655900257e-06
-6.3032058471e-05
-4.3134494292e-04
-3.5749537608e-04
-1.6799336272e-03
6.8192634633e-04
-9.1805801069e-06
1.4556363490e-03
1.4594554805e-03
-1.1540816598e-04
2.3302671905e-03
-2.1679604771e-03
-3.8701588537e-04
-1.0019810831e-07
-1.1303369324e-03
-3.5126532958e-04
-4.7504557555e-04
5.9508035897e-04
-1.0885315495e-03
-1.8297538614e-03
1.6440380258e-03
-3.3785782174e-04
-5.8722629089e-04
-1.0011063491e-03
6.1712303091e-04
-7.0914319307e-04
-5.2821079389e-04
-1.0210566938e-03
3.2663679858e-04
-6.8803242211e-05
-2.2645397435e-04
-4.8865176705e-05
7.3925244138e-05
-1.2384008864e-03
1.6746093809e-04
-2.9967570162e-04
-1.1006523841e-03
-3.5295914950e-04
6.4398446786e-04
-6.4914587088e-04
8.7688698504e-04
-1.8924789197e-04
1.6101252836e-03
-3.7247641727e-04
-7.5273669714e-04
-1.8011331481e-04
1.3572042756e-04
1.1332004746e-03
1.3595220671e-04
-5.9417055576e-04
-3.0200243469e-04
-1.2618689465e-04
3.4941884034e-04
9.1274885827e-04
-6.8280822460e-04
3.5327020399e-05
-1.3838089267e-04
-1.1446329813e-03
-3.8906051618e-04
1.9847355658e-03
-2.6668862496e-04
2.9849380809e-04
2.3269053263e-03
1.2914823607e-03
-4.2855369024e-04
4.9398583466e-04
1.0639249569e-04
-1.0830234331e-03
-6.7997895867e-04
-9.6595970712e-04
-3.0067660719e-04
-6.2287824722e-04
3.3659847564e-04
-1.3310731408e-03
6.0717625843e-04
4.4268423098e-04
1.0582778046e-03
-1.1678292838e-03
-1.1764873278e-03
1.6717723365e-04
9.0808971840e-04
2.7378448260e-04
1.4072206893e-03
-1.1263017006e-03
4.7764805593e-04
1.2025366075e-04
-1.5033178775e-03
4.9592359752e-04
3.2916698341e-04
-1.4482465439e-03
-9.8390026725e-04
-7.4762444028e-04
5.3164091441e-04
-6.9787600628e-04
-1.3646431716e-03
1.6285851506e-03
4.8207197741e-04
-2.0149690595e-03
-3.6768057679e-04
6.8024271947e-04
-1.1859900905e-03
7.9757008467e-05
7.4466230803e-04
-5.6041938537e-04
1.3337861491e-03
-1.1010940062e-03
8.0026036249e-04
3.1237807307e-04
-7.2538395986e-04
1.0601632521e-03
-1.0425790226e-03
2.0424297239e-03
-1.6660054233e-03
-3.3524914474e-04
-3.3400761644e-04
-7.5467437534e-05
-3.3137099955e-04
-1.3217445619e-03
-3.4873766857e-04
2.1010640772e-03
1.4272554554e-03
-2.1184211587e-03
-4.0014192039e-04
-6.6382558775e-04
-8.5677255712e-06
-1.2425249386e-03
-1.1472115085e-03
-1.4850116514e-03
-2.0445038458e-03
-1.7053581048e-03
-1.2381520579e-03
1.1188728607e-03
-8.2579466929e-04
3.8261062895e-04
-1.3133575172e-03
-2.6280182543e-03
1.0445638502e-03
5.4264457003e-04
-5.1840435501e-04
4.0193434889e-04
2.6483938652e-04
4.5561897962e-04
8.6574122591e-04
-6.1899163023e-04
8.7872059215e-04
-7.1413005018e-04
-1.2183015382e-03
-1.0632760998e-03
-9.2241806660e-04
-8.1638434120e-04
-3.4452736259e-04
-7.4983122219e-04
-5.1178041658e-04
-1.2667536962e-04
1.2657631009e-03
-1.7901429114e-04
-2.5565715504e-04
1.5352761207e-04
2.9025677674e-05
-3.0567402254e-04
1.8120982313e-03
4.9025568270e-04
-3.8357149307e-04
-8.1747566400e-04
-4.6161895847e-04
-2.1818792590e-04
-2.6710222377e-03
-1.0067256128e-03
-1.6106088835e-04
3.4983319383e-04
1.5364043923e-03
1.0257761336e-03
3.8600507675e-05
-1.8935098832e-05
-9.2115130878e-04
-1.2535087563e-03
1.0073732750e-03
6.4199359300e-04
6.6690743235e-04
1.1446446228e-03
6.2524664690e-04
1.2610439864e-03
1.5587406890e-04
2.8566813363e-04
-9.0520438394e-04
-1.0238324529e-03
-2.8647363284e-04
1.5227282605e-03
5.7249826288e-04
-6.6389306524e-04
1.1223326159e-03
-4.5307306696e-04
1.2021214273e-03
-1.1675467404e-03
-1.2015458409e-04
-1.1437222559e-03
1.2251738566e-04
-1.1097429183e-04
-1.1875569166e-03
-1.1028070027e-03
-6.9030704027e-04
-1.5289591952e-03
-1.8455040660e-03
8.0252097846e-04
6.6298137981e-04
8.7932028763e-04
6.7343389820e-04
3.3264906654e-04
-3.3047661350e-04
-9.0487349605e-04
-8.2782023260e-04
-8.7242732155e-04
-5.1897965201e-04
-8.1814615995e-04
2.9965768374e-05
1.7922981275e-03
1.2722573299e-03
-1.6341290690e-03
-7.2343598299e-04
6.2607487324e-05
1.1445070256e-03
5.6311709075e-04
1.2815302042e-03
7.9381669640e-04
-3.3293541303e-04
4.1868497200e-04
2.1013931536e-03
9.0548015669e-04
3.3590440129e-04
-4.7790033408e-04
-8.0368218223e-04
-1.7219131268e-03
2.0987556198e-03
-7.4595630274e-04
-8.0362495476e-04
-8.5435091471e-04
5.4300111878e-04
1.0975082485e-03
-3.5073254082e-04
-1.1213587937e-03
6.1827148347e-04
-8.3111625343e-04
-1.0439268584e-03
2.1175188070e-04
6.6784297423e-05
-9.6981255896e-04
1.6724796526e-04
-9.9566888421e-04
-9.7399543133e-04
-1.3649343068e-03
4.1771441934e-04
-9.1502166531e-04
-2.2830673561e-04
1.6386223814e-03
8.5049172470e-04
-1.7408902742e-03
4.1179876853e-04
-1.2884748404e-03
-1.7501220135e-03
3.2373365691e-04
5.2402607865e-04
-2.0575157683e-03
-1.2859547924e-03
-1.3671390501e-03
1.0093613691e-03
-1.3664212549e-03
4.0339837821e-05
5.2297553571e-04
2.7842652089e-04
-1.2898523455e-03
5.5426680535e-04
7.3704937717e-04
1.1389684719e-03
-1.5988962354e-03
-2.7336322528e-04
4.2325182917e-06
3.4471821303e-04
-2.2163471637e-03
-1.0257840762e-03
1.1160611800e-03
-1.0701255923e-03
-8.5334090163e-04
-6.1402132857e-04
6.3504838262e-04
-9.7636497712e-04
5.3919295234e-05
-6.3509160686e-04
-2.5935681692e-04
1.0240588535e-03
1.2307802467e-03
-2.7960342515e-04
-2.6167557827e-03
-4.5617995917e-04
-2.1722624150e-04
-1.0064063394e-03
-6.4380923076e-04
-4.3318983578e-04
2.2954294788e-04
-2.5122452981e-04
-6.8108772713e-04
1.4386347284e-03
3.3028836622e-04
-1.8515324309e-04
9.2746006904e-04
1.6133254375e-03
-1.3100833668e-03
-8.5029394237e-04
-9.6639075984e-04
5.7650606694e-04
-1.0640673333e-03
1.3187248426e-03
-4.8591600422e-04
-5.8326010420e-04
1.1669238254e-03
7.2182638541e-06
4.5561701443e-04
1.2955677978e-03
-7.9652718298e-04
1.0494291022e-03
-1.9391964957e-03
1.2878542683e-03
1.0435036542e-04
6.9982246518e-04
-1.3021550685e-03
3.4556586822e-04
-1.4417564633e-04
1.5036885625e-04
1.6266535920e-03
2.3995455955e-03
-5.5567838175e-04
-1.4019022712e-03
-1.2932174892e-03
1.3270638062e-03
4.2360384698e-04
3.7683489756e-04
2.8858402611e-05
-8.9253545365e-04
1.7960607952e-03
-5.3974702909e-05
-8.7518223832e-04
-1.5629488816e-03
1.0592513226e-03
4.8968714564e-04
-9.8508983483e-04
8.9691235035e-04
-3.9607476079e-04
1.2608759321e-03
-5.6730042597e-04
8.8942812161e-04
6.5902155120e-04
4.4395926961e-04
-3.7593546287e-05
1.3454541859e-03
-8.8292513812e-04
-6.1339104664e-04
-1.0706704936e-03
5.7498238062e-04
3.0472341682e-04
-2.0343128199e-04
1.2835405360e-03
-2.4787930950e-04
-1.8919655734e-03
-1.1622850863e-04
1.7400677770e-03
1.2591809942e-03
-9.0254413784e-04
1.5655271587e-04
1.2507719634e-03
-4.3367819629e-04
1.1798187033e-03
2.9318556045e-04
8.4297029451e-04
-2.1786592521e-03
-3.9777472219e-04
1.0114862339e-03
-9.2483756309e-04
-7.4579340358e-04
4.8520630668e-04
3.0592325937e-03
-1.1685098116e-03
-1.7338109635e-03
6.6789370038e-05
6.7209346569e-04
6.7267208196e-04
-5.7137546315e-05
-6.5921750351e-04
7.2692339889e-04
8.4342145333e-04
-2.3756945948e-04
1.0720124921e-03
1.7780371802e-03
-9.6513550896e-04
-8.2042002292e-04
-4.4832396668e-04
-1.5895892069e-03
-5.4679120440e-04
1.7260288203e-05
2.0018779008e-03
1.1447461335e-03
4.4555140856e-04
7.1465535131e-04
-1.0467044603e-03
-1.0534060408e-03
8.5312747098e-04
-5.9320561704e-04
-8.2502414285e-04
1.2266994858e-03
-1.1427196750e-03
7.8045527621e-04
7.3826402371e-04
-3.3164233144e-05
-1.4673986347e-03
6.5053644335e-04
3.2475641337e-05
-2.8372767103e-04
-2.8548777845e-04
-1.0626298249e-03
2.0381218646e-03
-4.4998278228e-04
1.0880008130e-03
2.3524559073e-03
-4.0179267334e-04
5.5026372009e-04
3.8085585152e-04
2.4392541598e-04
-5.2181508453e-04
9.2491896239e-04
1.1717322764e-03
-2.0702973744e-04
1.0939406863e-04
-5.3900424996e-04
-1.0113116063e-03
4.9191391835e-04
-6.3253117572e-04
1.5748840081e-03
9.3595480546e-04
1.0876039928e-04
-1.9894439709e-04
-6.8716920369e-04
7.0385085607e-04
-4.2186528971e-04
5.1740214723e-05
-1.3332824431e-03
1.2415022875e-03
-4.9452443837e-04
-1.3065949477e-03
9.4529558121e-04
-1.4291046547e-03
7.2064911674e-04
-5.7950405742e-04
4.6496675489e-05
5.5598803021e-04
1.1793190851e-03
-3.5175657521e-04
4.7445946581e-04
-4.5080009471e-04
-5.6859922066e-05
-1.6126246362e-03
3.1276644133e-04
1.5696182148e-04
-2.3915559041e-03
-6.0654639278e-04
-7.2856016976e-04
-1.5758566736e-04
4.9126751424e-04
1.6466219117e-03
5.9813491905e-04
2.2611495349e-03
7.2708744007e-04
-9.2066206721e-04
1.1707024577e-03
-5.9104500982e-04
-1.8059195742e-04
7.4041460113e-05
2.1144100567e-04
-5.8283815316e-04
-2.5577183013e-04
-3.0722594898e-04
5.5214656633e-04
-9.2473448722e-04
-1.4696206566e-03
-8.3253030196e-04
-1.4028344807e-03
-1.6788679372e-04
-6.5610778373e-05
9.1004329486e-04
-1.3362238827e-03
-2.6691664650e-04
2.1227058210e-03
-8.3742859608e-04
1.1607244339e-03
1.0773443981e-03
3.8261163389e-04
2.8631696104e-04
-1.2463523761e-03
5.8741972494e-04
1.0334715554e-03
-1.2491803595e-05
7.6728563534e-04
-5.2392545913e-04
-8.0771725305e-05
-7.6948928080e-04
-9.7332930239e-05
2.5709446381e-04
-7.6595988745e-04
-1.7787760138e-03
-1.2223141494e-03
-1.2962940787e-03
3.9160336973e-04
6.9140171949e-06
8.5890649353e-04
-5.9396611544e-05
6.1176111857e-04
-1.1799949790e-03
-6.6351166464e-04
-7.9765391105e-04
-9.3492027603e-07
1.4754779600e-03
7.4585564695e-04
2.8026226515e-04
-1.3583239785e-03
-5.2741442527e-04
5.0323568881e-04
1.0947661337e-03
-1.0807540519e-03
-1.1601420181e-03
6.5060242427e-05
-3.9402908172e-04
-2.0092956743e-05
-2.5410679015e-04
8.6362121724e-05
-3.3246364508e-04
-3.1958328904e-04
1.1106058608e-03
-2.1199455718e-03
-1.2545591746e-03
2.2060858883e-04
2.3906526351e-03
-7.1109818109e-05
-1.7626009981e-03
8.0288977136e-04
2.2089103327e-04
-9.7538337155e-04
-1.4498709884e-04
2.1011202829e-04
1.5758125009e-04
-9.3526845411e-04
-9.6941471813e-04
8.5284507977e-04
1.9115197552e-04
4.1602455771e-05
1.4883601969e-03
-5.4261250389e-04
6.6496478571e-04
-1.9855849384e-04
-1.6071392864e-04
-1.9574529051e-04
1.3512243148e-03
-1.0136350649e-04
-2.2490654919e-04
-4.2424566682e-04
-5.4734976987e-04
-6.4740807884e-05
2.7927876838e-04
-8.8769833730e-04
-9.9777891522e-04
-7.8118521543e-04
-4.3303377753e-04
-5.1122595538e-04
1.4018316042e-04
-5.9109100850e-04
-4.1833904255e-04
-7.1400653440e-04
6.1277338989e-04
-7.3401746981e-04
1.0662190976e-03
5.5830163790e-05
5.2968098437e-04
-9.8082505301e-04
1.1363412872e-03
1.4478099054e-03
-2.6528978796e-04
-1.1645156632e-05
3.3225736141e-04
2.0756063786e-04
2.6306918097e-04
1.1144110213e-03
-8.5242361691e-04
4.8067310842e-04
6.5600833074e-04
4.5790047843e-05
-6.1975116742e-04
1.2976791293e-04
1.0428149095e-04
-7.8799849258e-04
-8.9466461582e-04
3.1087568880e-04
3.2199814275e-04
1.2015386185e-03
-1.3794616075e-03
-1.1990965410e-03
1.5054835821e-04
-1.1167794321e-04
4.9982390293e-05
-6.9213219988e-04
-1.5692060492e-03
-7.7314296574e-04
-1.1392213586e-03
-8.4673922686e-04
9.3150118559e-04
3.1620332555e-04
3.1100805376e-05
4.6440784354e-04
4.0941085808e-04
-9.0293809702e-04
-3.0331116629e-05
1.0910519399e-03
-1.8125984879e-03
-1.1645426638e-03
-1.6335513367e-03
2.1393974798e-04
-8.3074133840e-04
-4.7073049997e-04
1.4070662794e-03
6.5932104207e-04
4.5736627847e-04
7.3348860564e-04
5.3799155611e-04
-1.0723198137e-03
3.6886933069e-04
-6.3415839363e-04
5.3010355885e-04
-9.6806876512e-04
-7.7345204517e-04
-1.5272932568e-03
-5.6208799309e-04
-3.0144882238e-04
-5.0055652138e-04
-1.1638695838e-03
-3.1736990861e-04
-1.4178229031e-03
1.6641013855e-03
-1.1157631478e-03
1.7451371681e-04
1.3244844479e-03
1.1263454535e-03
-1.7897767926e-03
-7.6907311048e-04
-7.7160322434e-04
3.0722497314e-03
1.5884606816e-03
1.1822386140e-03
-1.5921946596e-04
-7.8542751496e-04
1.0405256895e-03
9.7269961887e-05
-5.4623187925e-05
5.9506681414e-05
7.9533787200e-05
1.8510296685e-04
6.7418320177e-04
6.7177988832e-04
9.8555399150e-04
1.6825214671e-04
-5.7949791545e-04
-1.8279514509e-04
8.0983484942e-04
-1.6801294736e-03
1.2381383219e-03
1.4548593600e-03
5.4690849123e-06
7.6898245252e-04
-3.2759538294e-04
-1.3620872121e-03
1.1366337583e-03
1.6923480478e-03
-3.0564700814e-04
1.7995197163e-03
3.4699881396e-04
6.7076383002e-04
8.0105667730e-04
-5.8265695817e-04
1.2331884877e-04
-7.4710983253e-04
-5.6150241392e-04
-2.2043581394e-04
1.1264334678e-03
5.5622536681e-04
1.6904172854e-03
3.9685517403e-05
5.5378143831e-04
-1.7781250835e-04
-7.6592298177e-04
-1.2697054114e-03
-1.3878545467e-05
4.3742564102e-04
-3.6144081371e-04
-5.1149895176e-04
5.5441502268e-04
-8.4521657932e-04
2.5200360218e-03
-9.1448789546e-05
-7.3574418051e-04
-2.3278451284e-04
-9.5551300857e-04
-1.3319053882e-03
-2.7820442300e-04
4.0007514487e-04
7.9176492926e-04
-1.1744139570e-03
8.8682111366e-04
-3.4697885668e-04
1.2966480783e-03
-2.6393973798e-04
-1.0656659750e-03
-7.6067992052e-04
-1.9411455642e-04
7.9087739291e-04
-6.1527492146e-04
-1.6482922699e-03
9.9256656178e-04
8.5787221339e-04
2.2668540759e-04
-5.1176307040e-04
1.0136264733e-03
2.9260003178e-03
1.3874901836e-03
-2.8935278551e-04
-1.3257300863e-03
-8.4866665357e-04
-5.9193199068e-04
1.0478247894e-03
-2.8195038898e-04
-1.3620073964e-04
-1.5625333066e-04
-2.9323342493e-04
2.2973197264e-03
-6.6263060535e-04
1.0633313238e-04
3.3485907858e-04
2.1270059181e-04
-1.5686317808e-03
1.0689006106e-03
6.4969307180e-04
9.7719313269e-04
8.0705545050e-04
-1.8964100032e-03
-2.0638094168e-03
-9.6029557603e-04
-6.7130146153e-04
1.4874097175e-03
2.3283265475e-04
1.3222608953e-04
1.5792875293e-03
1.0617954967e-03
1.8260545697e-04
9.3110790926e-04
-1.4236303397e-03
-1.3887943401e-03
7.9328238477e-04
-5.0102229866e-04
1.1289542514e-05
-1.3283732831e-03
-6.2510256264e-05
4.4128110583e-04
1.8379297396e-03
-1.8993465169e-04
2.2050309185e-04
1.4182346585e-03
-8.4553316565e-04
-6.2317053838e-04
3.4695700110e-04
6.4688192079e-04
-1.4472928577e-03
-7.2022938764e-04
1.0981880067e-03
6.2209751130e-04
6.7657963209e-04
-2.2419467520e-04
-6.4146246070e-04
-1.7071817765e-03
1.1512356572e-03
1.3922534413e-03
1.0081259126e-04
-5.5709758428e-04
9.4692110611e-04
1.4974473063e-03
-1.4334082792e-03
2.9261026889e-04
-1.0523930097e-03
-4.5026695318e-05
-1.6994177733e-04
-4.0799388280e-04
2.4691522528e-03
-2.4500534875e-04
2.7197034925e-04
2.8104802889e-03
1.3003079233e-03
-7.7992146078e-04
4.8595473208e-04
1.9558803084e-03
2.9428524905e-03
-8.1819945415e-04
-1.3748199725e-03
-8.9735818794e-04
1.6602757482e-04
-2.5121455913e-04
-7.9297812510e-04
1.2247295354e-03
-1.6173679130e-03
1.2647264717e-03
1.9312981412e-03
-1.3734188205e-03
5.2521235073e-04
4.1201856759e-04
-7.8791502362e-04
3.4599263234e-03
-8.0726975581e-04
-2.9064955845e-04
5.5664697758e-04
4.0645387867e-04
-3.5853553212e-04
4.7426371418e-04
-1.7159686905e-04
-3.4520692519e-04
1.0590510339e-03
1.4897566226e-03
-1.8200014387e-03
-7.1390453189e-04
6.5088437563e-04
3.4598784814e-04
7.3351321593e-04
3.3789288608e-04
9.8345918807e-04
6.1341453846e-04
-5.5552203842e-04
-3.3285889247e-04
2.0185792884e-03
9.5894833210e-04
-3.3920391957e-04
9.8006030464e-04
2.5916790560e-03
-8.6786542969e-04
3.4557110564e-04
3.5697780530e-04
-1.4644902019e-03
5.3206999148e-04
-8.8591386856e-05
5.7879020926e-04
5.0264945655e-04
1.0705610384e-03
-6.6362205299e-04
-1.2245313226e-03
1.5199308916e-04
6.1550047211e-04
5.7196223119e-05
9.1203513027e-04
4.3383823641e-04
-5.4754272332e-04
-4.5213283398e-04
-7.7245045364e-04
4.2736908220e-06
-8.7299344497e-04
-1.4261620174e-03
2.0163290576e-04
1.0894474765e-03
1.4063916049e-03
1.2371057934e-04
6.8545944371e-04
-7.8466344531e-04
5.6838750353e-04
1.2299590278e-03
-1.9348678479e-03
4.1740427943e-04
-1.1811765602e-03
-9.9522327988e-04
8.0498102713e-04
3.1241840191e-04
-7.6190666304e-04
-3.5675124779e-04
1.1510267409e-04
1.4544205017e-04
-4.4846698401e-04
3.7925085574e-04
-1.4864493630e-03
-1.4678055536e-03
-7.6405808120e-04
7.7802172612e-04
2.3471961718e-03
2.8336704024e-04
-1.5526565830e-03
-4.7011559036e-04
4.3311361011e-04
-1.2361368816e-03
1.1987129593e-04
-8.7291085097e-04
-3.4821567460e-04
-9.0113354199e-05
-6.9963317210e-04
1.6500248907e-04
-3.4246205569e-04
-1.6736199763e-03
1.5985534032e-03
4.1809554824e-04
-7.3101536003e-04
-4.9713921458e-04
-1.5286260055e-03
2.8907461646e-03
1.4064103806e-03
7.4157853987e-04
1.7537237470e-05
-2.7083010280e-06
2.1594358532e-04
-2.0921212966e-04
6.8201511621e-05
1.3271185185e-03
3.1135181995e-04
-4.0549544245e-04
-7.1940274029e-04
-6.5865382636e-04
-2.4579678827e-04
-1.2424541696e-03
-2.8224838124e-04
-9.6526862501e-04
-8.0001750694e-04
1.1395480399e-03
-4.0629680950e-04
-1.5219375395e-03
4.5275119266e-05
1.4005065548e-03
-7.9487144454e-04
-1.1173914628e-03
2.0859775084e-04
1.3001278901e-03
-4.3810063832e-04
2.9392152526e-03
9.4234448424e-04
-7.8772635573e-04
7.5822005197e-04
1.2724614589e-03
6.8974142234e-04
7.2342735469e-04
-1.1528242650e-03
-2.2816941529e-05
-1.2179275128e-03
-6.3775532710e-04
-1.2842488685e-03
-2.4749280781e-05
2.8009354618e-04
1.4519209035e-03
-2.8826776168e-04
-5.4917857299e-04
3.9393748561e-04
4.8269078194e-04
6.1296975430e-04
8.2657357296e-04
-2.6326761892e-04
9.1442771115e-04
6.8160822466e-04
-4.0776782416e-04
5.4554544934e-04
-4.6885839097e-04
1.6877014962e-03
1.3184052115e-03
-1.0555377597e-03
1.9367015582e-03
8.9511207327e-04
-2.9306753161e-04
-2.0141184441e-03
2.5045352676e-04
-1.2700165812e-03
-4.1810962780e-04
-8.0240613848e-04
8.6403208209e-05
-2.1943047036e-04
-2.7685454206e-04
-3.0470537306e-04
1.4274571786e-03
-3.7927638767e-04
-1.1717887153e-03
1.9215781939e-03
2.4828547340e-05
-5.8152332643e-05
1.1753867491e-03
-1.2155121684e-03
-1.6399220783e-03
-4.6048258252e-04
-1.2428456836e-03
-8.3049250938e-04
8.5948327053e-04
1.6204746291e-04
-7.1625120484e-04
-2.0442650770e-03
-5.6102317558e-04
6.6403454538e-04
-5.0930053170e-04
-5.0209249643e-04
-3.0237569768e-04
-3.0956439971e-04
1.9411527624e-03
1.0940399375e-03
-3.1696662041e-04
8.2946822344e-04
6.8294483256e-04
-1.1717015134e-03
1.1610050466e-03
1.6637982266e-03
3.7176783969e-04
-9.1419372392e-04
4.3823181021e-05
-3.1267990099e-04
4.6654988178e-04
-6.1588791706e-04
-2.2958456052e-04
3.4058756155e-04
-1.9357042311e-03
-1.2053295375e-03
-1.0253917884e-05
1.9589884488e-03
-1.4204569934e-03
-2.0117136486e-04
9.0361506461e-05
-3.3774883362e-04
-2.4285347250e-04
-1.5835896947e-04
1.0360358470e-03
-6.7121185921e-04
-1.0047944653e-03
-3.7959349571e-04
1.5879921923e-03
7.7296707488e-04
-1.1096187302e-03
1.1833733834e-03
3.5783693017e-04
-2.6346340136e-04
2.4407947367e-03
-1.0252911359e-03
-1.9369089016e-03
-3.3821766719e-04
8.4291372343e-04
-2.1266842251e-03
-7.7071741206e-04
-4.0996536042e-04
7.4639999628e-04
-1.5454035202e-03
1.3726841649e-04
1.1524460911e-03
2.9345110406e-03
6.1133958190e-04
-5.0778433920e-04
-1.5154910147e-04
1.8478546090e-03
6.4986567796e-04
2.1746104510e-04
-1.6867523186e-03
3.2382945153e-03
7.5490924256e-04
-1.3433803785e-03
3.6037076989e-04
-1.5295055663e-03
2.5736434327e-04
6.8719604345e-04
-7.7340085651e-05
2.3268082590e-04
6.4166587386e-04
-1.1491805927e-03
2.6883159261e-03
-2.2359819198e-04
1.2256168811e-04
1.3117334686e-04
-2.0032624176e-04
-6.4774697455e-04
-1.3997546019e-03
9.1527747336e-04
-1.4978988684e-03
4.6402366019e-04
4.5708187708e-04
3.5988242807e-05
1.2776274567e-03
-7.1893092246e-04
5.3114720849e-04
2.6891560758e-03
-1.9188302137e-03
1.0532795590e-03
-7.4156327470e-04
-1.0251288817e-03
9.4721873264e-04
-6.6103746154e-04
-1.0044940499e-03
-3.5229447866e-04
-4.3025950954e-04
-4.7997746635e-04
-8.9586291548e-04
3.7028552659e-04
-1.4355543387e-03
-1.4461514745e-04
1.9666203421e-04
1.3667193400e-03
-9.6212523995e-04
1.6417716904e-03
-6.3784265470e-04
-1.8348551382e-04
2.9475582811e-04
-6.9047767991e-04
-2.5670362754e-04
1.4926961697e-03
5.6818833935e-04
2.0170826825e-03
2.7453404056e-04
-8.1333021625e-04
-4.7961803589e-04
8.0509931354e-04
-8.6407194344e-04
2.5534947207e-03
-5.9253624497e-04
-1.1550885795e-03
-1.0033415401e-03
1.0055890889e-03
-4.7243776205e-04
-4.7281393446e-04
1.1282215617e-03
-2.1004687979e-04
-1.3579130880e-03
-4.5448915656e-04
8.4639167632e-04
2.0958138934e-03
-4.1792634846e-04
2.0850900397e-04
-8.8030906630e-04
-2.9486087265e-04
5.7852778460e-04
-2.4848462031e-04
-2.7549535928e-04
4.0288451437e-04
-1.4559455778e-04
1.7383719873e-03
1.6393260050e-03
-7.8842990500e-04
4.0354875969e-04
-1.0686167088e-03
-5.6243923686e-04
-1.3917336363e-03
8.4027424240e-04
-8.2018236784e-04
-9.0001749731e-04
2.5263749248e-05
-3.8142069782e-04
8.2197275824e-04
-1.5189292333e-04
1.7405123088e-03
4.3515195001e-04
9.6983454341e-05
1.4602112376e-05
-8.1725917342e-04
-5.5543270749e-04
-4.2306500433e-04
-1.6440668606e-03
-3.1013598521e-04
9.5999376363e-04
-4.3173182748e-04
8.2854387538e-04
8.1331430910e-05
-1.2101822619e-03
4.1817987198e-04
-5.6435629781e-04
1.0342995580e-03
-8.1983652926e-06
-6.7834802779e-04
-7.5162940284e-04
-9.8389767369e-04
-4.3682715035e-04
1.8864050806e-03
1.8844527441e-03
3.5776248811e-04
1.4121067785e-03
-1.0401277813e-04
-1.2283419789e-03
-8.6732334882e-04
-1.7185578940e-03
1.4018340160e-03
-4.0994955602e-04
2.4872808216e-05
1.7429397630e-04
-1.0017401005e-03
3.3424064632e-04
7.0285860400e-04
8.2799740403e-04
-2.1303880327e-03
6.9426015894e-04
-8.8681518731e-04
8.9474536951e-04
8.4299883282e-04
3.1913101550e-04
-2.1338910327e-03
-6.5417874814e-04
-8.6409187753e-04
-8.4234683268e-04
-8.8945394374e-04
1.1314907210e-04
1.1229658435e-03
2.1028359934e-04
-6.6713931291e-04
1.0781823879e-03
4.2303636264e-04
1.0481222722e-03
-1.0545475329e-03
-8.5126965369e-04
1.4747159803e-03
-8.4379349811e-04
-2.6724895871e-04
-3.8464228683e-04
8.6336151651e-05
8.4483397357e-05
2.5391976013e-03
-9.0550207454e-06
-7.4888763025e-05
-2.8397779922e-04
5.0376364246e-04
-1.0635342184e-03
1.0856660066e-03
5.2981937734e-04
-9.8910212266e-04
1.2312276229e-03
-1.1928500922e-03
-9.8509109391e-04
5.3660158532e-04
-1.0932353429e-03
-2.1524285820e-03
1.2429264691e-03
-5.7947615506e-04
-2.0678672786e-04
1.8249559418e-03
2.6112930551e-03
4.8177966020e-04
-9.0505109093e-04
6.3647275855e-04
-1.4441703594e-03
-4.8713944712e-04
9.2185804519e-05
1.5892379108e-03
1.3564986748e-03
3.1923524445e-04
1.0554709239e-03
7.9612141797e-05
1.3418545257e-03
-1.1211783773e-03
-1.0360065207e-03
1.1120844435e-03
-5.0563802596e-05
7.5663489171e-04
-9.0309936187e-04
2.1880059580e-04
1.6653845318e-03
9.2499550571e-04
7.5638666828e-05
4.2980552563e-05
1.4278246871e-04
3.6576558822e-04
-1.5163387676e-04
8.2439793817e-04
-1.4067809907e-03
-1.0505475588e-03
6.5133322516e-04
3.1701083579e-03
7.0274613596e-04
1.8979142853e-04
-5.3853454682e-04
-1.5593528911e-03
-9.9401506851e-04
-4.6473523460e-05
1.2290937979e-03
8.1516007065e-04
-1.7734969093e-03
-1.8911726493e-03
-2.9273068375e-04
3.9910792685e-04
-7.7535726559e-04
1.1409726203e-03
-4.7432931753e-04
7.0935426660e-04
-1.2794184206e-03
-2.7212853552e-04
8.7815677662e-04
-1.1550749988e-03
-4.2359622444e-04
-1.3028270664e-04
-5.2194122361e-04
5.5375861719e-04
4.9091165055e-04
-2.5547516329e-03
-1.4110386630e-04
-1.3188977289e-04
-4.1810946786e-04
1.9601763544e-03
-3.5174888048e-04
7.0118214970e-04
9.9125244343e-04
-1.1543718371e-03
-7.6645176739e-04
4.3687809033e-04
-7.3716174598e-04
2.1846131895e-03
4.9002904449e-04
5.0794721002e-04
2.6930504705e-04
-3.1182730962e-04
4.4893131459e-04
1.3182939389e-03
6.2073909382e-04
2.7248266403e-05
-1.3277872100e-03
3.7159463658e-06
8.9548112256e-04
-2.8582248282e-04
6.8807883604e-04
-1.4770626786e-05
1.2745724283e-04
7.3040241303e-04
-2.3611188263e-04
7.0076893284e-04
-1.5136933578e-04
-1.1909002379e-03
2.2345240620e-04
-2.6290179250e-04
6.4875471820e-04
-2.6003122771e-04
-1.5368730324e-03
5.7979863953e-04
-2.5378342140e-04
-3.3210445024e-04
-3.3590803525e-04
-8.6471838745e-04
-5.6211926558e-04
-4.9738530976e-04
6.3037670935e-04
9.0777633374e-04
5.9255527309e-04
4.4461432831e-04
-6.0783674879e-04
2.0742849016e-04
7.9316974911e-04
-1.0836420718e-03
3.6805141704e-04
3.8694086881e-04
1.7687755699e-03
2.3876859043e-03
-1.7432531532e-04
-2.1816806239e-04
-1.7125927999e-03
3.6008038858e-04
2.9280074972e-03
1.5259986301e-03
2.9223621674e-03
-6.9849348117e-04
7.1882654812e-04
-8.3242882669e-04
-6.5508083375e-05
-2.1427808685e-03
-2.8795206472e-04
1.8437613503e-03
-4.9778178518e-04
1.0356341138e-04
1.3332883899e-04
-1.0874110008e-03
-7.0663621100e-04
1.5902873642e-03
-7.7786137809e-05
9.5881743225e-04
-1.0330054304e-03
-2.5439570665e-04
-5.8369242344e-04
-1.5158389157e-03
4.4683381739e-04
6.5818221612e-04
-3.2186357848e-04
-3.1781881106e-04
8.5137093336e-04
6.1449584769e-04
-1.3714471028e-04
-6.2218063796e-04
-3.8629779723e-04
1.1451519618e-03
-1.5551399138e-03
5.7009470316e-04
1.2931217121e-03
-8.1508681261e-04
2.4287886210e-04
-1.8706746576e-04
1.3489271217e-03
-1.1275857835e-03
-8.6696462272e-04
-1.3297985160e-03
1.4661937031e-03
-1.7243754287e-03
1.9667348060e-03
-1.0929951044e-04
1.4834782865e-03
-5.9914776125e-04
1.5459573994e-03
2.0508406216e-04
4.9212098231e-04
-4.8335661530e-05
1.0527180394e-03
-1.2556321699e-03
-6.5406284466e-04
-1.5496912234e-03
5.7410833865e-04
1.1038059095e-03
1.1219559523e-04
1.0110774690e-04
-1.8377991282e-05
1.6254677608e-03
2.1077006307e-03
6.6576427443e-04
-1.8054555705e-05
3.8778473356e-04
1.5051475084e-03
-1.2878407251e-03
-9.3394765332e-04
-1.4834218369e-03
7.4708719178e-04
-4.1827144612e-04
-9.8138325284e-04
-4.6247187926e-04
3.5348467329e-05
4.0795993794e-04
7.2067943084e-04
8.6929594928e-04
-1.6925621431e-03
-1.2814487790e-03
-4.2781611916e-04
1.0479961347e-03
2.6541887138e-04
-1.7209039384e-03
-1.3690327049e-05
-1.5729372401e-03
-5.2246581776e-04
-2.5904936230e-04
1.6075174751e-03
5.2438990856e-04
2.5598007305e-03
8.3326886168e-04
1.1223311546e-03
-4.7177528266e-04
-3.6166001319e-04
7.8422812848e-04
-1.9140845708e-03
-7.1361266698e-05
-1.1516044336e-03
1.2348387291e-03
-2.0124949894e-04
2.0306635639e-04
1.2158800150e-03
6.1510443699e-04
2.5635000605e-04
4.6168043484e-04
-1.5461990207e-03
-1.9459919827e-03
-3.9228124675e-04
4.6464833352e-04
-7.4393236166e-05
1.7487418887e-03
-3.0678420250e-04
1.1704286331e-03
-8.9811582747e-04
-1.8659152928e-03
-1.9736108452e-04
1.2978300274e-04
-6.9967348000e-05
1.6955241414e-05
1.8585634629e-05
-6.5672078964e-04
2.5400708667e-03
-7.1449031694e-04
2.4838368149e-04
-1.2781057229e-03
2.9538336366e-04
2.8514778256e-04
9.4592894995e-04
8.7737635382e-04
1.0104842605e-03
-7.7940676316e-04
-9.9622430310e-04
1.3704461908e-03
1.1801616737e-03
-1.0835777160e-03
5.8433213645e-04
-5.0519707147e-04
-2.2102431279e-04
1.8370728185e-03
-2.2241031248e-04
1.1498144194e-04
-5.1260108444e-05
2.0466618193e-04
5.2197111102e-04
2.2255903933e-04
-7.3013634636e-04
-3.8018843352e-05
-6.5544053665e-04
-1.4671516766e-03
2.7346002598e-05
-8.6927394344e-04
1.9033463024e-04
-1.5265862938e-03
-6.8978868767e-04
-5.7638007414e-04
3.9483834839e-04
1.3988861318e-03
-4.6656425646e-04
-5.5917060555e-04
1.6115775464e-04
-8.1970134725e-04
-4.3719688503e-06
6.4536372164e-05
-4.2082005308e-04
-1.9540023944e-04
-7.3812638918e-04
4.4539482502e-04
1.2972403664e-03
2.2277014222e-04
3.5858117591e-06
6.7344816684e-04
-6.3449247156e-04
1.0478482268e-03
-1.0464021715e-03
-8.1315242983e-04
-1.1803603396e-03
-2.2583041894e-04
2.1757216781e-04
-8.2791594959e-04
5.4178300610e-06
6.8596625071e-04
-1.6028345285e-03
9.4588188812e-05
-5.1806154689e-04
6.5345612393e-04
1.5332195535e-03
-1.0930181822e-03
-9.2829537312e-04
-9.4241777617e-04
-2.0951695039e-03
1.1228672831e-03
-1.4130617834e-03
-1.7704330076e-03
4.3956482715e-04
2.0722010714e-03
-7.3851073022e-04
-1.7104866666e-04
-1.0782037994e-03
4.1977711627e-04
-2.8698224728e-04
2.4163341653e-04
-2.2224486149e-04
1.0155032924e-03
-1.0285439127e-03
1.9032567092e-03
-9.3850491352e-04
1.1474161603e-03
1.7420797760e-03
8.7783452842e-04
2.1633961892e-05
1.2155499929e-03
-3.3154804433e-04
1.9285140729e-03
-3.1329757809e-04
-8.4794441856e-04
-4.2665812513e-04
8.3013319308e-04
8.7277586050e-04
-2.4576588146e-04
2.1099472336e-05
8.5193707117e-04
2.0086555966e-03
-1.8837162398e-03
2.5276198366e-04
-3.2221967520e-04
1.4833604059e-03
-1.7007362343e-04
2.6436153882e-03
-9.0763168201e-04
-1.7726231672e-05
2.4166061625e-03
-8.6341040118e-04
-2.8452853220e-04
2.4877078610e-04
-7.9034227272e-04
-7.3249730586e-04
-2.7604087275e-04
-2.2000733675e-03
-1.8087209551e-03
-1.1407659817e-03
-5.0882253069e-04
1.9788810318e-03
1.7860307705e-03
-5.1550933295e-04
-7.2350127749e-04
6.1626941647e-05
-1.4660767664e-04
1.3843676596e-03
1.2451767329e-04
-2.5411209282e-03
-4.0608546246e-04
-1.4583512780e-03
-5.1828651715e-04
1.5714295797e-04
1.2689141338e-03
7.4552326492e-04
-4.1781855508e-04
2.4183987264e-03
-1.1041826290e-03
5.0377565345e-05
-1.4994916111e-04
-5.1744625078e-04
6.2267558825e-04
7.3809040115e-04
7.0798995037e-04
-1.2933831715e-03
2.7459811992e-03
1.3846040818e-03
2.6511610800e-04
-1.3866515633e-03
-1.5977302415e-03
3.0287694955e-03
-8.1345377509e-04
5.3925764117e-04
-6.8458041478e-04
-5.6900916431e-04
-7.1540900355e-04
5.6125264104e-05
-1.2493645412e-03
1.1942849816e-03
-6.7395103478e-04
-4.8662364106e-04
7.1829560859e-04
2.0274929884e-03
5.8890758225e-04
4.5999793473e-04
-9.2467032590e-04
1.5181032184e-03
-7.9573371508e-05
-5.6334428653e-04
5.9493565319e-04
9.8385200599e-04
-6.7483852325e-04
-4.3104643904e-04
4.8989097330e-04
-4.0506938673e-04
3.3870016697e-04
4.5975520075e-04
6.8911913970e-04
-5.7474125645e-04
-1.1214802617e-04
4.9522583229e-05
-1.9828656216e-03
1.3093919239e-03
-7.1548613020e-04
6.1191989778e-04
-1.0087977850e-05
-1.1766881384e-03
9.4989167662e-04
9.7109802353e-05
1.9928392419e-04
-8.3913277806e-04
1.5812689341e-03
-2.0841766883e-04
5.4708129843e-04
9.2826191561e-04
6.8259143191e-04
1.2830097738e-03
-9.5156531330e-04
-1.4888721272e-03
-1.3232132578e-03
2.9634265921e-04
1.0013213386e-03
7.7231634869e-04
1.8282706621e-04
-1.7738105403e-04
1.0679414782e-03
-4.6952038781e-04
4.8995713574e-04
2.8757275620e-04
-1.5134632672e-03
7.8103088327e-04
-5.6503902514e-04
-1.3346938709e-03
3.6310224853e-04
1.5698917302e-03
3.5990056295e-04
1.0784070851e-03
-1.5679886369e-03
-1.3405541637e-03
-9.3551667875e-05
2.1589134252e-04
1.5989501676e-04
-1.0046292210e-03
-9.4293143797e-04
-1.5669727972e-03
-1.6280531119e-04
2.0132690933e-04
-3.8816019651e-04
2.1930870472e-03
-2.2935094447e-04
3.0443749622e-03
1.0036183202e-03
-8.5177626624e-04
-2.1014642406e-03
-3.0752813490e-04
1.1409799244e-03
1.8228261406e-03
-2.2440659408e-04
4.5914786338e-04
-6.1951439565e-04
4.6686724247e-04
1.0214973464e-03
-1.3997992238e-03
-3.3863297439e-04
1.0347400824e-03
3.0574810536e-04
-3.2842571060e-04
6.8141145008e-04
4.0514433349e-04
-3.1840296708e-04
-4.7854260428e-05
-6.3765898462e-04
-8.0073928465e-04
-1.2028346172e-03
1.0103101842e-03
-5.5539586385e-04
-1.8960021204e-03
-8.1789172291e-04
7.0133004171e-04
-1.1468219968e-04
9.9293123947e-04
-1.5319824150e-03
3.3250181054e-05
5.3950097649e-04
-9.8737882697e-04
2.0663416352e-04
6.4646103181e-04
-1.3393237701e-03
1.4428626066e-03
2.9472406140e-04
-1.0698872118e-03
-1.3453036916e-03
-4.2283750428e-04
1.0257170492e-03
3.9883780204e-04
2.0799781940e-03
-7.5735030564e-05
-2.4971828360e-04
-6.3326689953e-05
-5.6769463273e-05
3.7435589757e-04
-1.6775410826e-03
-2.0025574616e-04
-1.4391407742e-03
-1.4106695519e-03
1.4983640735e-03
-2.2576493966e-03
-7.7459070193e-04
-1.0853004406e-04
1.1546436740e-03
-1.3528322488e-04
-1.0444394701e-03
1.1392223514e-03
1.9096783381e-03
9.5695053861e-04
-2.8995584944e-04
-7.9700396414e-06
3.1757446183e-04
5.6601621647e-04
9.5253266018e-04
1.2599236394e-04
-1.2340177569e-03
-1.4350997135e-03
1.9420444559e-04
-6.4759814902e-04
-7.6044485168e-04
2.0702500108e-03
1.2322935185e-03
2.9646114561e-04
8.6850263173e-04
-1.4229486131e-03
-4.3303155581e-04
-2.8351868486e-04
5.0312301129e-04
2.0524553413e-03
3.4631985802e-04
-5.1297502860e-04
2.1336465059e-03
-1.4778498721e-03
-1.0351328739e-03
3.4014614777e-04
-9.0284702754e-04
1.3456828613e-04
-1.9537241053e-04
-5.8783299807e-04
-3.2141950569e-04
-2.0914952724e-04
9.2661591244e-04
1.4902940617e-04
1.7893858796e-03
7.3085310793e-04
-1.9661000819e-03
1.1967756777e-03
-1.1870105111e-03
-4.0197165708e-04
-2.8166869154e-03
-1.3975739912e-03
-3.1530240408e-04
-3.3772739471e-05
-2.1434915202e-04
-1.0542386652e-03
2.4820539208e-04
1.1832513809e-03
-1.8845775673e-03
2.4194118543e-03
1.4390320762e-03
-6.6779105299e-06
-9.2004250565e-05
-3.4307150663e-04
-5.9451070353e-04
2.7111005879e-04
8.4976345883e-04
-1.2897652568e-03
-7.7636899978e-04
3.7146849837e-04
-7.7155118719e-04
-1.8558770650e-04
2.0464750289e-03
6.4576934631e-04
1.5247392606e-03
4.8063556084e-04
1.3177600738e-03
-8.3141841687e-04
-7.1663224972e-04
-5.9240496614e-04
-1.4462361129e-03
-1.2327240117e-03
-7.1585519092e-04
-7.1926252315e-04
1.2283319259e-03
-2.4031766656e-04
-1.5602080532e-04
-1.8925593424e-03
8.4972839029e-04
2.0630810261e-04
3.2605674833e-04
1.4477870351e-03
2.9679693969e-04
4.1337075616e-04
1.3663480811e-03
1.9009580437e-03
-8.5642690156e-04
-5.6841766127e-04
9.2268333063e-04
2.3939429321e-04
1.9896054027e-04
-4.0649542114e-04
-1.0221655776e-04
-5.5855584531e-04
3.7758571432e-04
2.4423884362e-04
-4.3244299438e-04
1.0821062262e-03
1.5721457210e-03
6.4072177571e-04
-1.4919893266e-03
1.4779676791e-03
-6.5240410929e-04
6.2471474706e-05
3.7010349632e-03
-1.1843183627e-03
1.3413874349e-04
-4.5538966512e-04
-4.4589872874e-04
5.2629073618e-04
-4.7708499411e-04
4.8242308916e-04
2.2412874320e-03
1.3565726812e-05
-1.6102423724e-03
9.9629224920e-04
5.0134030570e-05
-3.1425486455e-04
-5.8258696577e-04
-1.4057173074e-03
-5.5970259241e-04
-1.0863890185e-03
-6.5528875294e-04
-5.7177345760e-05
1.5265067865e-03
8.6835194133e-04
1.0959409938e-03
1.3031817015e-03
1.7108183923e-03
-1.5057585359e-04
1.3478808456e-03
3.8945241895e-04
4.4141942412e-04
1.8000763520e-03
6.0651909752e-04
5.1886938941e-04
-2.2024594467e-03
1.0543603651e-03
-1.2839248050e-03
1.9977034032e-03
1.4537913602e-04
-1.2479067447e-03
-1.1785137357e-03
1.2103760553e-03
7.3320171544e-05
3.6655606399e-04
-1.0643368201e-03
1.3647261140e-04
4.0515697582e-04
7.4920322457e-04
-2.7013487746e-04
-3.5018554006e-04
-1.7817356844e-05
-3.3365062943e-04
3.5507391804e-05
-1.4261768662e-04
-1.3636270130e-03
1.3815963659e-03
3.3590242360e-04
-1.7155141265e-03
1.2204497893e-03
-1.8028154825e-04
6.5190063987e-04
1.0432804076e-03
-1.3264565063e-03
-7.6442980459e-04
-5.7054593074e-04
1.0647704300e-04
-7.9181665132e-04
-3.1532627820e-04
1.2411427775e-03
4.2212104578e-04
8.0018732388e-04
1.7009626742e-03
1.8670494332e-03
-1.5851598058e-03
3.5319967638e-04
8.8864394345e-04
-1.3143148777e-03
3.5833107254e-05
-1.2145598623e-03
-1.6879978693e-03
-8.1031210935e-04
-2.6162958293e-04
-1.4441711812e-03
-1.0751790194e-03
-2.2839022886e-04
7.3450522405e-04
7.6831934277e-04
6.1610319667e-04
1.3242521229e-03
-1.0373602173e-03
-7.8474352655e-04
-1.6801283050e-03
1.1045006355e-03
6.5204699047e-04
-8.4552796141e-05
1.1351766482e-04
-8.6885191794e-04
2.3609964241e-04
6.3733901398e-04
1.7532522948e-04
1.8094619049e-03
5.6690799021e-04
-3.1139211621e-04
-2.0437341846e-03
4.0913588643e-03
-6.8166773438e-04
-1.2555702221e-04
1.2854787071e-03
1.2543105455e-03
1.2119515641e-03
-9.7985924397e-04
4.7142629669e-04
-2.1117913553e-04
7.8987581823e-04
-1.0449252873e-03
2.4553570412e-03
-1.3777185230e-03
-9.5503036654e-04
2.1438368968e-03
-7.4159004335e-04
2.6714491970e-03
3.2943724308e-04
-1.9558931904e-03
-1.8734209194e-04
5.1348299936e-04
-9.5197138234e-04
-1.2626549776e-03
-1.3581422330e-03
9.6424685608e-05
1.8515772915e-03
-9.3003047152e-05
1.7675896941e-04
3.3292089090e-04
7.6839634335e-04
-5.6257530377e-04
-5.1092629666e-04
-1.1799786845e-03
-1.0986250744e-03
5.2990923436e-04
-4.4826488871e-04
-2.3750698100e-03
2.2691905266e-04
-4.2587227423e-04
-1.3458172690e-03
-5.4632719627e-04
-5.3354397749e-05
4.4567427235e-04
-3.8142072410e-04
3.1336152006e-04
6.5404650741e-04
-1.0460946855e-03
-1.5980748403e-03
5.1856917273e-04
-8.2721379548e-06
1.1810958014e-03
2.0065976351e-04
-4.5769073132e-04
9.7683272981e-04
2.1938387625e-04
-1.7940709418e-03
1.7939246428e-03
-9.7406013011e-04
-1.1815599199e-03
1.1572817524e-04
-1.3630076720e-04
-5.2378571676e-04
1.0511135397e-03
3.8852818731e-04
1.3592481298e-03
1.0741446567e-03
3.1316270772e-03
-7.5999085963e-04
7.2668350607e-04
2.8800912075e-04
1.3854392192e-03
-4.1436531796e-04
5.6122876866e-04
5.2360998664e-05
2.0600346321e-03
-1.4907711200e-03
3.9862053073e-04
7.1513166164e-05
4.0528060674e-04
8.4955626781e-04
-1.7818786847e-03
4.9981565027e-04
1.6151785910e-03
1.8374047541e-05
1.9091432156e-03
-4.4478784678e-04
-7.0693338162e-04
-1.9481639841e-03
1.2021240677e-03
-6.1674868897e-04
-6.7640227425e-04
7.1300036712e-05
-7.5882207836e-04
-6.8380066691e-04
-1.5538742186e-03
-4.5951513099e-04
-8.1012281469e-04
7.8865252665e-04
-1.0396305335e-03
3.4651268207e-04
9.4455889362e-04
2.8918894621e-04
-1.4022781797e-04
1.8004653781e-04
-6.9008849538e-04
-1.5526828594e-03
-7.0955682858e-04
-2.4079842639e-04
-1.7346018705e-04
-5.7756249779e-05
-7.1644213789e-04
-3.1986183449e-04
-1.6629512727e-03
4.5569831742e-04
1.2292170920e-03
-6.4127951249e-04
-1.0752972275e-03
-2.2768596849e-04
-2.5971859279e-05
-2.3432379580e-04
-1.1346880510e-03
-1.2783438862e-03
1.7025504691e-03
-8.1676107928e-04
-1.4104076649e-03
-1.3020821638e-03
7.1277498687e-04
-3.6218746504e-04
-8.3824169221e-06
-1.1917136533e-03
1.8692487137e-03
-9.3469055389e-04
9.2604744462e-05
1.0264707203e-03
-2.5812968067e-04
-3.5435585056e-04
-8.8944603440e-04
-1.3744558241e-03
-9.3448806963e-04
1.1116982204e-03
9.6959664773e-04
-2.9759843207e-04
-1.5413838743e-04
-3.6718867559e-04
1.4173020139e-04
-1.7149651303e-04
-4.2033689205e-04
-1.4562544716e-03
-3.9979171380e-04
-2.8760037515e-04
2.0120458301e-03
1.0716054600e-03
-8.3927126135e-04
-1.4193788545e-03
9.7946871602e-04
-1.3011545764e-03
-1.1863919645e-03
3.0543030665e-04
-8.4000654514e-04
3.9566254781e-04
3.0237275595e-04
-1.1435692521e-03
-8.8575030634e-04
-1.8017198996e-04
-1.6033476964e-03
1.1858698893e-03
3.7254655648e-04
-3.9329372325e-04
-8.1640340464e-04
-4.4837849679e-04
9.0149132975e-04
-2.5642058889e-04
2.7415616888e-03
-8.7950723369e-04
5.5122925194e-04
8.0076317428e-04
-7.5281863352e-04
3.2641296164e-04
-9.2690413519e-05
6.3522240860e-05
4.7181429240e-04
-1.1417968236e-03
7.9318522060e-04
1.2534666273e-03
-6.8632180500e-04
3.9029888492e-04
-4.1175261828e-04
1.0992942752e-03
-1.4295248893e-03
1.8998863339e-03
7.7751025954e-04
1.5661571478e-03
-1.5088912623e-03
-1.4387625476e-03
-5.1736421003e-04
-5.5773614664e-04
4.6788424393e-04
1.1998548035e-03
-6.2230248038e-04
-1.8759838555e-04
-1.5643407420e-03
-1.2710578058e-03
1.7793498977e-03
3.5202009779e-04
-6.6656721512e-04
-8.6495883824e-04
-8.2916359101e-04
-9.4837360050e-04
-1.2811397943e-03
1.8024929912e-03
-2.3487986249e-04
-1.3347530105e-03
4.8506734958e-04
1.6274864163e-03
4.5520761394e-04
-3.3331263379e-04
-1.2572041940e-03
8.6525067778e-05
-3.9478687441e-04
9.2744122861e-05
-5.7320934905e-04
-1.0334187317e-03
-3.0925562294e-05
8.6634532929e-04
7.8020343782e-04
1.3745771767e-03
-4.5677432464e-04
-7.8297010417e-04
-7.9885420372e-04
-7.7273021736e-04
4.3724369473e-04
1.4770831471e-03
-6.0648528567e-04
-1.5305783836e-03
-3.2697340263e-04
-1.1323287015e-03
-8.5691077907e-04
1.9803400892e-04
1.1369772392e-03
-6.6427462823e-04
1.0369648412e-03
8.1003553495e-05
5.0217380770e-04
-2.5213699888e-04
-2.6737724077e-04
-2.6914333231e-04
-7.6837834795e-04
-2.6550651495e-04
5.4351891012e-04
1.5370441102e-03
-3.1681160958e-04
-9.1820400004e-04
1.5486680244e-03
-1.5103747815e-03
3.2984470495e-04
2.0408496314e-05
6.0736834367e-05
-1.3965867702e-03
-6.6181731156e-04
-1.2123883407e-03
-2.5719647620e-04
5.8667503226e-04
-7.1372807235e-04
2.8473668805e-04
-7.6951729577e-04
-7.4124641468e-04
2.8030619210e-03
1.1233614084e-03
5.9988896604e-04
-1.8852227595e-03
6.2590502146e-05
-4.6722053001e-04
2.3665890001e-03
3.0594335165e-03
1.2572752989e-03
1.1588035832e-03
9.9102761269e-04
-4.5481116371e-04
9.5596269762e-04
-1.5487644335e-03
-1.1312960194e-03
1.4607963467e-04
5.2860833772e-04
3.2174116575e-04
2.2122066437e-04
3.8283814368e-04
1.3252553025e-03
-9.7250628596e-04
-1.1872444799e-03
-9.2774736479e-04
-9.5714689847e-05
-1.5182338941e-03
-6.0566631825e-04
6.4264770198e-05
-7.9410140477e-06
2.9448425302e-04
5.1904188728e-04
9.0228104005e-04
9.3323513413e-04
4.6941331121e-04
-1.0392632644e-03
-7.5717696815e-04
5.6914220652e-04
-2.2626823107e-04
-5.1911031472e-04
-1.4876524259e-03
9.2799624954e-04
2.1328294095e-03
2.9962664975e-04
2.5020024484e-04
8.3404048578e-04
4.1470494606e-04
1.2537432968e-03
-1.1490075354e-03
-9.2784644003e-05
7.7117661906e-05
-8.2489559057e-04
-1.0255883166e-04
-2.4289561795e-04
2.1263891519e-04
-2.4178219613e-04
1.1282940915e-03
9.0760026011e-04
-1.6528539721e-03
-1.3045602476e-03
7.6118838623e-04
-1.4934600065e-04
6.0890614744e-04
1.0950855122e-03
3.0279606657e-04
1.2874354906e-03
-7.5359760373e-04
-5.7703437888e-04
1.5730003492e-03
5.4883493026e-04
-9.0255767317e-05
-4.5120193203e-04
6.8609724268e-04
2.6481468057e-03
-1.0943928322e-03
1.7701675398e-04
-1.0869563972e-03
9.3129370384e-04
1.2838401276e-03
6.1287138372e-04
-7.9539208149e-04
-4.0978055852e-04
4.7770827679e-04
4.4935984417e-04
-7.1476972885e-04
-8.8532970337e-04
-1.0747188340e-03
2.1512398964e-03
3.6153222813e-04
1.7227770403e-03
-2.5995060843e-04
-2.2387519422e-04
-1.3047787606e-04
3.1784307367e-04
-7.1296410943e-05
5.9704539009e-04
-1.8087604448e-04
2.2388548056e-03
-1.0941845732e-03
6.5335131481e-04
-8.3868275114e-04
2.6194452896e-05
9.4074761695e-04
-6.1421903680e-04
-7.4838431009e-04
-6.6813254252e-04
6.3631491089e-04
6.1128323778e-04
1.4508243186e-04
-1.1585357832e-03
-5.5774754418e-04
1.0450004223e-03
-1.9274566578e-04
-3.2712170115e-04
-1.1830130981e-04
-1.0287736770e-03
-1.0586358056e-03
4.5804835822e-05
-9.1673346747e-04
-1.8092763324e-03
-7.2326749061e-04
-2.0880805909e-03
-7.9489720272e-04
1.9647955841e-03
-6.9707449611e-04
-3.2355485147e-04
-1.2841519396e-03
2.9779879357e-06
1.7209113096e-04
3.8281509174e-05
-2.3080041224e-04
5.8563521265e-04
-8.0028663584e-04
-8.6093262180e-05
3.5371616235e-05
-1.6812034893e-04
-1.1847130111e-03
6.7732283896e-05
-8.8737150156e-04
2.1080863980e-03
-1.2146279961e-03
-1.1374660909e-03
1.6632324934e-03
-4.1436252464e-04
-1.2954420745e-03
-1.6170247509e-03
-1.9845069483e-04
-1.4096501970e-04
1.8479562418e-04
4.3391963957e-04
-1.5452605686e-03
-1.5634639376e-04
-4.7023200469e-04
-1.2519650604e-03
1.4526770013e-03
8.6947944579e-06
1.6986249968e-04
1.3203784483e-03
-1.4979443912e-03
4.2892252334e-05
1.5458933251e-03
-5.5095100247e-04
1.8534107088e-04
-6.5836178710e-04
6.7639610050e-04
-3.7198131708e-04
9.7240402240e-04
1.5725205212e-03
-1.0629025746e-03
3.9567969950e-04
-2.3945625871e-04
3.8502458484e-04
-1.1503922883e-03
1.1844182791e-04
-1.1698660005e-03
7.6170813392e-05
1.5569705945e-03
5.0215482107e-04
4.1027124849e-04
3.4103925828e-04
-7.9132976154e-04
-1.2748299125e-03
-6.6630044755e-05
-1.1705658766e-03
-4.3373262975e-04
-2.6172973790e-04
-8.7520184088e-04
1.6296841997e-03
-1.9078396188e-03
-4.7424137262e-04
-9.3110354666e-04
-7.7787588041e-05
-3.9339012165e-04
-1.1788758148e-03
3.1334483400e-03
-7.0291965493e-04
-1.2661518872e-03
3.0240470623e-03
3.3304888559e-04
-2.3762776237e-04
-1.2496074689e-03
1.4778149479e-04
9.4423985517e-04
1.9042289434e-04
1.4239817025e-03
-1.2685227773e-03
-1.2661310460e-03
2.2136213456e-03
9.0190558188e-04
1.9665603170e-03
-1.0244109337e-03
-6.1161590073e-05
-1.2776921675e-03
1.8886512821e-03
2.5513096943e-04
1.7336997009e-04
-1.5317326727e-03
-1.4303166469e-04
-3.7007684853e-04
1.8908400446e-03
-1.5655860610e-03
-2.3208643121e-04
1.3103951899e-04
1.1169345961e-03
-2.1570820515e-04
-2.7392891426e-04
1.1338942030e-03
-1.7841592460e-03
-1.4442954043e-03
1.1598045412e-03
-9.2965313184e-04
-8.3419921916e-04
3.5749896851e-04
-8.1116050983e-04
1.1106565892e-03
1.1539052089e-03
1.8489787980e-04
-2.5569327886e-04
-1.5325953547e-03
-9.8299420299e-05
1.2840941173e-03
-8.6923486972e-04
2.8617135143e-03
-1.9717684848e-04
-1.7019916235e-04
8.3272295791e-04
6.6429978266e-04
1.2167176632e-04
-5.4631371866e-04
-2.3770720300e-03
-5.4447135386e-04
5.7804413892e-04
4.5975143617e-04
2.3797672538e-04
-1.1266813881e-03
-1.5234023886e-04
-1.6096539329e-03
-2.0197367307e-04
1.6484877264e-03
-9.3938354100e-04
7.6457220053e-04
1.4876049376e-03
5.1540315178e-04
-5.0259215435e-04
1.3943383486e-03
1.5920750835e-03
3.8020258480e-04
-2.4814499682e-04
1.8883357415e-03
1.9411337782e-03
-2.5840536469e-04
1.3918152613e-03
-1.7897661315e-04
8.6791758124e-05
-1.8723989823e-03
3.6960226084e-04
-6.4813946357e-04
-1.9097363270e-05
-3.3865881861e-04
-1.5176432906e-03
-1.1167903229e-03
-5.0831714495e-04
8.8840189660e-04
-3.6249185684e-04
-6.2610652067e-04
6.3518132577e-04
-1.6658231353e-04
-3.0043734767e-04
-1.9368992271e-03
1.1500738963e-04
-8.8538339362e-04
1.6587840446e-04
1.4144350265e-03
-1.0842771803e-03
-1.6910516100e-03
-2.7480941980e-04
-5.5488077566e-04
6.6701252574e-04
9.6457598009e-04
1.9286721021e-03
-1.0358238840e-03
1.7621695869e-03
-1.5788097781e-04
1.7573574504e-04
8.1905969802e-04
-5.5209891799e-04
-8.3895784852e-04
9.0129582478e-04
-9.0025437731e-04
5.9202875520e-04
-4.7635809461e-04
6.5308414964e-04
-6.5100432572e-04
-6.3943888917e-04
-1.7395256805e-03
6.5078249327e-04
3.1496851761e-04
1.1446131101e-03
-1.7984797350e-04
1.0584919524e-03
2.1118385889e-03
-1.2328107519e-03
7.5211935891e-04
1.1755189886e-03
-4.7967665615e-04
2.3905833413e-04
1.4699546284e-03
-4.5431182516e-04
-3.0010187813e-05
1.8235658762e-04
-4.5341087153e-04
-1.0286981181e-03
2.5831476036e-05
-8.4297111312e-04
6.5444622323e-04
-1.3787317846e-03
-9.7722984267e-04
-3.6158555917e-04
-1.9611883498e-03
8.3529925624e-04
-1.0121337509e-03
-8.1492563182e-04
-6.0697084893e-04
-3.8107248039e-04
1.4273054561e-03
-1.6549543186e-03
-3.4805334440e-04
-8.1551644677e-05
1.0048196828e-04
4.4829135661e-04
8.5357451151e-04
3.9584735465e-04
-6.1517758845e-04
1.5231267336e-03
-2.4075798541e-04
2.8868369076e-03
-5.0546631016e-04
-1.1485585740e-03
-8.8330171449e-04
-1.0640198786e-03
1.7874259022e-03
5.0575381229e-04
-4.1216971271e-04
-1.0478725846e-03
-1.4575073539e-03
2.3856993441e-03
-6.7187635700e-04
1.2813239534e-03
9.5579623406e-04
-7.7604226820e-04
9.5850670833e-04
2.5773536803e-04
-4.8887384896e-04
4.5503478692e-04
-3.6228557920e-04
4.9662039628e-05
3.5232232691e-04
4.7439065712e-04
-5.1533427119e-04
-1.1121701524e-03
-2.0348473705e-04
8.7795844454e-04
-2.1330622134e-03
-1.9860309106e-04
2.6679797471e-05
9.0239419300e-04
1.1096265487e-05
-1.0845161086e-03
-9.7637299635e-04
2.7241020412e-04
-9.1159696756e-04
-1.3281140062e-03
1.4085152722e-03
9.5580785349e-04
-6.7001135231e-05
-6.2058112879e-04
-1.9953732389e-03
9.0012947992e-05
8.3008428326e-04
-1.4016146152e-03
-7.5939371644e-04
-1.1651358660e-03
3.3483645440e-04
-2.4136154168e-04
-2.8901883173e-04
2.9839796280e-04
-1.8183120775e-03
1.7978933618e-04
-1.6179220286e-03
1.9322028535e-03
9.3725869521e-04
-1.5097738365e-03
9.4987161691e-04
1.8824096887e-03
1.3796801661e-03
-1.1062039309e-03
2.5744500257e-05
-2.0674479880e-04
-6.9775529049e-04
1.2809992074e-03
-2.5862628719e-04
-1.0281246225e-03
8.3933789772e-04
-1.6123128686e-03
2.4691366332e-04
4.1522280362e-04
-9.7804710597e-05
1.6976210506e-03
2.9213588524e-04
1.2950898725e-03
2.0532539977e-04
1.0036728670e-04
1.9486323550e-03
7.9913532795e-04
-1.2498132738e-03
6.5517400946e-04
7.1535925487e-04
2.0468329065e-03
-8.7555158964e-04
-1.3040982332e-03
-6.3008778912e-04
-8.2693072859e-04
1.4897812879e-03
2.0816541154e-03
-2.7492842556e-05
8.2476667227e-04
4.8442407922e-04
-1.4706324676e-03
1.1298916951e-03
5.2435109659e-04
2.8371177992e-04
2.1652884606e-04
-1.5497890718e-03
3.8643757990e-04
1.2501249362e-03
4.1231275847e-04
-1.9970306792e-05
-9.5681798878e-04
7.5341305807e-05
-1.0547585736e-03
-8.9700896718e-04
-2.5477267924e-04
1.2974070846e-03
-7.0043529090e-05
-2.8451035889e-04
1.5258319214e-03
5.5275101096e-04
1.7617540099e-03
5.0779012882e-04
1.2741851623e-03
-1.5764771667e-04
-4.1560004320e-04
-5.0027749372e-04
-6.0753218923e-04
8.3999685567e-04
1.3234837649e-03
1.6253573385e-03
-5.9512334646e-04
6.6782142688e-04
-2.2202725387e-03
1.8928839947e-04
-1.3012292571e-03
8.8116319044e-04
-3.4675714759e-05
3.7719173843e-04
-5.8959344024e-04
-6.2266755340e-04
-1.1093178786e-03
-2.1841913620e-03
-1.3284158501e-03
5.5712540683e-04
-2.0519480158e-03
6.3224411960e-04
-9.8741008155e-04
-2.6463815538e-05
5.3077990024e-04
8.3391851277e-04
9.0306828764e-04
2.0679625120e-04
-6.9954011869e-05
9.1236383733e-04
-7.5861032834e-05
8.3545780698e-04
-9.5114851666e-04
-3.7745921398e-04
3.0745833507e-04
-9.8613256014e-05
-4.9920524655e-04
-2.4149155880e-04
1.3105906177e-03
1.6135437627e-03
1.0524608094e-03
3.8092161035e-04
-8.0021629363e-04
-3.5603343289e-04
4.8176389259e-04
-1.8090289147e-03
2.5575109603e-03
-1.0557229419e-04
8.7289549085e-04
7.7431077605e-04
-1.0604694702e-03
-1.4990762037e-03
6.7062783226e-04
1.1663615792e-03
-2.0042045574e-03
-8.6634164216e-04
-1.1928381200e-03
8.2101062595e-04
-3.0451312153e-04
-4.1100330577e-04
-1.1083389058e-03
2.8964024958e-04
1.7132192175e-03
5.7547521353e-04
6.2367282249e-04
5.6116108603e-04
-2.0456456226e-04
4.1103146055e-04
-2.0715343800e-03
-2.5277847375e-05
6.2026281005e-04
1.3552976758e-03
1.4238516914e-04
8.5277210571e-04
7.0960036430e-05
-6.6394733069e-04
9.3786935817e-04
-9.0292020762e-04
-2.4254538599e-04
2.2546349441e-04
-1.6148332568e-03
-9.0063612454e-04
-1.1391414333e-04
-2.5164791780e-04
-1.0388178322e-03
-2.4366381547e-04
1.6190147030e-04
-9.9161733330e-05
1.2547390789e-03
5.9648301870e-04
-5.8121883294e-04
6.0085880450e-05
3.4783432857e-04
2.0771916022e-03
6.2779401138e-04
-3.7676746327e-04
3.0971667422e-04
-8.9344418300e-04
2.2627204274e-04
2.6776720547e-03
-1.0449028175e-03
1.4690316233e-03
1.4728006953e-03
3.0691992871e-04
-7.1026028488e-04
-5.1997039269e-04
2.8265724592e-04
6.3264309486e-04
1.5363295328e-04
-5.9830027245e-04
5.0178701031e-04
7.2040782788e-04
-1.4432257539e-04
4.0229961581e-04
1.0938428359e-03
-8.6640832411e-04
4.7807247110e-05
-4.0331453238e-04
-1.2839642027e-03
-6.2908104830e-04
-4.0175486435e-04
1.2435834598e-03
-5.6546176449e-04
1.6494457347e-03
2.8660079895e-05
-1.0311653560e-03
-2.1323884322e-05
1.8074224887e-04
9.8353103509e-04
5.5777131938e-04
1.1613144506e-03
-1.1192359179e-03
-5.0470677821e-04
1.5388605180e-03
1.0986987464e-03
4.7354319079e-04
1.3921241160e-03
-1.1997402183e-03
-6.3395018965e-04
4.9087673258e-04
-2.4725627925e-04
-1.5015731276e-03
-1.1792902341e-03
-4.6953381230e-04
1.1535464641e-04
4.0886891026e-04
-1.0273476438e-03
-8.9024082576e-04
2.1963179713e-03
1.3633047778e-03
-1.0952099940e-03
-4.2559834895e-04
-1.8648399344e-04
-6.3835467043e-04
-1.4074114304e-03
-9.8592870830e-04
-6.8824333036e-04
8.9920853491e-04
-1.4543456807e-03
-7.4450416478e-04
7.8123819630e-04
-5.1027014627e-04
1.4986850226e-04
4.0211957601e-03
-1.0857152067e-03
-1.2060071692e-03
1.2516320691e-03
-7.7065958317e-05
-1.3189082349e-03
-1.3483320609e-03
-1.5256128445e-04
1.8931400941e-04
-7.5504380431e-04
-3.7729805315e-04
2.7007441542e-04
1.8689528124e-03
-6.0580461555e-04
-7.3980540438e-04
-7.7594420825e-04
1.1611970537e-03
1.4857398008e-03
-6.4455829626e-04
-3.5511944517e-04
6.9281572237e-04
-4.9170872087e-05
2.3327622065e-03
-7.1040540087e-05
-5.2458634536e-04
-1.4289508106e-03
-4.0626963592e-04
-9.6721820742e-05
-8.6697521917e-04
1.3685589193e-03
1.2708747206e-03
2.7430221210e-04
-2.3011593197e-04
-1.3658612078e-03
-2.1933089747e-04
7.7940203685e-04
-5.6260708859e-04
1.3520950451e-03
5.7178982047e-04
1.8591138696e-04
7.2776746405e-04
3.7102869551e-04
1.3121397287e-03
2.0377918360e-04
4.6524742292e-04
1.3273898165e-03
1.0966578929e-03
-3.0550561606e-05
3.4201938695e-04
-4.0563716480e-04
-5.3451751598e-04
1.9476950581e-03
1.9217330639e-03
-1.4441636823e-03
1.6921013005e-03
3.7395060619e-04
1.7831834098e-04
1.0877906817e-03
-8.8118524728e-04
6.2660150400e-04
-5.6960041950e-04
2.4538727400e-05
-5.6265062744e-05
7.7422745677e-04
8.9881393308e-05
-2.6094158334e-04
-1.4031042792e-03
4.9225775866e-04
6.8226605244e-04
-3.4079157121e-05
-2.4652718189e-03
2.8009479379e-04
6.3496363827e-04
-1.1686880970e-04
8.5136630071e-04
2.3334814637e-04
1.0022223880e-03
-9.4148631597e-04
8.6296170747e-04
1.2801682885e-03
2.6926999073e-03
-5.1780324934e-04
1.1060114673e-03
8.1043498125e-04
1.1776749437e-03
-1.3656573417e-03
4.0932104865e-04
1.6504283252e-04
-6.4642071760e-04
7.5623526921e-04
4.9921484249e-04
-2.0239786673e-04
-8.3170529262e-04
1.5743654437e-03
-4.9981004484e-04
3.3693782203e-04
1.5050892485e-03
5.5898912019e-04
6.5003020267e-04
-4.5046156526e-04
-5.0171299603e-04
-1.6563852006e-03
-1.6688877930e-03
-7.0667006043e-04
1.6517212832e-05
2.7957068008e-03
1.0117504658e-03
9.8025810687e-04
5.5707863290e-06
1.4241752152e-03
1.0226803452e-03
-1.2211102673e-03
-5.0552391118e-04
3.9090595324e-04
1.0820701759e-03
1.4725231837e-03
-5.9281565956e-04
-1.4576221720e-03
2.3115058781e-03
-1.1049763457e-03
1.5479143194e-03
3.9314670474e-04
1.7824163851e-04
-9.2437049871e-04
-4.0419076564e-04
-2.3240806551e-04
-3.5168271771e-04
1.5504631144e-03
-8.2748521210e-04
2.5998712709e-04
-5.4654306162e-04
-6.9503902493e-04
-1.8240862714e-05
3.3175674761e-04
3.1452947866e-03
-1.4233352103e-03
1.6950451903e-03
-1.3131533077e-03
1.5689647458e-03
-4.7498970632e-04
3.4297614916e-06
4.7394330958e-04
-9.4584680036e-04
3.5446956660e-04
-1.5292223208e-03
-5.9360114673e-04
-1.3089281453e-04
-7.2225470095e-04
-1.0982217671e-03
1.4805139041e-03
-1.3174138057e-04
6.9218419767e-04
-1.2727645487e-03
1.3535416061e-03
1.2918604234e-03
2.5173637894e-03
-3.8099206643e-04
1.4433336517e-04
1.1538106072e-03
-1.1017837319e-03
-5.4717855651e-04
-7.3146548384e-04
-6.1216331620e-04
-2.1477328029e-03
2.4219976299e-03
2.5593663518e-04
-3.7492829418e-04
-1.3835287024e-03
1.0116464485e-03
-6.3902313902e-04
-2.6494351967e-04
-2.6368954542e-04
1.0177823760e-03
7.0743619558e-04
-4.7119946909e-04
-3.9526388875e-04
1.8743657872e-03
-1.6940917588e-03
8.0080457413e-04
2.7900101381e-04
7.8908758979e-04
3.4561578272e-04
-5.1631110217e-04
1.3769657548e-04
2.0504136458e-04
7.6469990957e-04
-7.3350391584e-04
-6.1111546326e-04
-1.0072716610e-03
