-4.5569810242e-03
1.1119549889e-02
7.6754379129e-03
5.8191921312e-03
5.1080263899e-04
6.3375069696e-03
-4.6365749263e-03
-2.3954109422e-03
1.6796763157e-02
-6.2202623662e-03
-6.0673108349e-03
5.9564773908e-03
-9.0182472940e-03
-2.2783901502e-03
-1.8439669423e-03
2.5771527504e-03
-1.5779826477e-03
-8.5945153072e-03
3.4792771658e-03
-7.5142063219e-03
-1.3632004120e-02
-2.8118781514e-03
-2.6063431015e-03
-8.4911456503e-03
4.7366361594e-03
3.6924821781e-03
5.9432167923e-03
1.2806516924e-04
-4.2988640828e-05
-1.3232140586e-03
-2.7013135072e-03
1.7934158484e-02
-3.1701838299e-04
-9.6125168662e-03
-8.9447012657e-03
-8.5658375047e-03
1.0539202106e-02
1.1188252560e-03
-3.6742512551e-03
-1.0423271823e-02
-5.2531422684e-03
-6.9116285963e-03
-1.2266222257e-03
-2.9520188932e-03
-3.8871664388e-03
1.8020031201e-03
-3.9348135725e-03
3.3911433027e-03
-1.1866128676e-02
6.8875416748e-03
6.4350115876e-03
-1.0827160502e-02
-6.4157256691e-03
-2.9832129289e-03
2.2094495584e-03
-3.6306558812e-03
6.4000089970e-04
1.6257183707e-02
3.6941357613e-03
4.0540295541e-03
1.8339409709e-02
-7.0027683906e-04
-1.0411375568e-03
-9.7927638547e-03
-8.5588490748e-04
3.1509739984e-03
-4.9967905807e-05
1.0532966107e-02
9.6649824479e-03
-2.9389215494e-03
-3.9041074512e-03
4.6252906067e-03
-4.5743185999e-04
-5.6855041260e-03
-2.2932018645e-03
5.2142374201e-03
1.9976335825e-02
-3.9730379124e-04
-5.0795551200e-03
1.0200889963e-02
-1.2004946875e-02
-1.9395859205e-03
-7.3187262618e-03
1.0309595655e-02
4.7581746232e-03
3.7866391760e-03
6.7477291047e-03
1.6601401167e-03
4.8298869910e-04
9.0815735284e-03
-3.0810754812e-03
4.7771322727e-03
-1.1313518983e-02
1.8157858208e-03
-8.3711853140e-04
-1.3903823846e-03
-2.9103961231e-04
-1.9017521677e-03
3.4971931101e-03
-2.1915673850e-03
4.1628433646e-03
-8.1693230110e-03
-4.8430185289e-04
-7.8080250314e-03
-7.9387348082e-03
8.9402609293e-03
7.3505762665e-03
-7.3036746104e-03
5.5586278031e-03
-1.0720695119e-03
2.4169453642e-02
-1.8461145264e-03
-3.9488924257e-03
1.4637292028e-03
-6.7667916840e-04
-5.3150132361e-03
7.7373968251e-03
-1.1992333495e-03
-4.4934531513e-03
-2.8213365191e-03
-7.0801433945e-03
9.1382744885e-03
-1.2887408578e-02
1.4440033269e-02
8.0940749347e-03
2.2680119576e-02
2.3811765975e-03
-3.1466118780e-03
-7.0538444889e-03
-8.0136702695e-03
-8.9292369484e-03
1.5612383425e-03
-1.2352382532e-03
4.4850826824e-03
-4.1349360484e-04
-8.4573022220e-04
-7.0847714202e-04
-4.2524693991e-03
4.9490466678e-03
3.8739854429e-03
-9.3510894237e-03
5.1036730270e-03
1.7673984114e-02
5.6423194772e-03
2.2946194365e-03
1.7404305454e-03
1.1859263478e-03
4.3123606449e-03
1.1861603625e-02
8.4442857853e-03
-8.2366306465e-03
7.6215735969e-04
2.9530293520e-03
3.1217292036e-03
-4.0247519307e-03
-4.7510601991e-03
8.0074204864e-03
-4.5246465266e-03
3.1058745689e-03
4.9594248305e-04
3.2507011026e-04
3.0600814122e-03
-7.6967522725e-03
1.7384208541e-03
8.1644769057e-03
-1.0424246272e-02
5.3940041883e-03
-1.1478352114e-03
-1.3087829938e-02
2.8110237507e-03
9.1388643832e-04
-4.0639037504e-03
6.2918898348e-04
5.3853149784e-03
-4.3149636271e-03
-6.8153629606e-03
-1.3332264670e-03
3.0338440646e-03
-5.1449588332e-03
-6.5343253338e-03
4.7966905568e-03
-9.0198189163e-03
-5.5096076194e-03
3.7669975309e-04
5.6733429026e-03
-4.9462153098e-04
-3.4498451119e-03
-2.2674800623e-03
7.0549479883e-03
-5.0731852456e-03
-8.1178559714e-03
-7.0426601406e-03
-6.8887784125e-03
4.7280134759e-03
-3.2910134807e-03
9.0055660619e-04
2.5116412185e-03
-3.9395245558e-03
1.6730582762e-03
-9.0878581249e-03
-1.2470010390e-04
-5.4555878971e-03
5.7811233212e-03
8.4296495231e-03
4.8619938219e-04
-6.5392482375e-03
1.7420311660e-04
-6.3498459998e-03
8.5109353170e-03
2.0713574327e-03
-4.4526398189e-03
-5.1561177721e-03
-2.9264089129e-03
3.0339407588e-03
6.5752027971e-04
7.7093704007e-03
-7.5072934782e-03
2.9224064518e-03
3.1255494729e-03
-1.7670422417e-03
5.6117076240e-03
-9.3438548778e-03
-5.9658248280e-03
-6.1717606859e-03
1.2071763138e-02
5.6357343878e-03
-3.2659741001e-03
5.8678093480e-03
6.6940542108e-03
-1.3144381706e-02
4.1369105757e-03
-3.4585747339e-03
5.7569542138e-03
8.7392992926e-05
-1.8186003495e-03
-1.4349029518e-03
-1.1623153766e-02
-4.1118067403e-03
5.5050354493e-03
1.1433161847e-02
-2.7168749095e-03
-7.0746859269e-04
-1.7396167672e-04
1.0531642492e-03
-4.5777064125e-03
-8.9661174673e-03
8.3273061363e-03
6.2364682059e-03
-4.0951252651e-03
-5.9761713245e-03
-4.1560909989e-03
-1.1762592427e-02
1.6639890281e-02
7.8611888904e-03
1.0825151200e-02
3.2952038774e-03
1.5146700876e-03
2.3960238314e-04
2.8158984145e-03
-4.2651670392e-03
1.2579862148e-02
-1.9499757410e-03
2.4940684987e-03
5.7678580157e-03
2.5953118568e-02
1.3109624874e-03
-8.2218148449e-03
-6.6913470034e-03
-3.9539478175e-03
9.9687555408e-03
-7.8989245138e-03
-1.9079399281e-03
2.9729200682e-03
3.3781164942e-04
-3.6620408745e-03
-5.8598464891e-03
3.8860557985e-03
-6.1254980927e-04
-1.7199735263e-03
-2.0528454496e-03
-8.7853984453e-03
-1.8095395321e-03
3.9488984432e-03
3.9502380805e-03
3.4845647523e-03
1.5180461220e-04
-5.2511731780e-03
-5.8570905765e-03
6.6255203553e-03
-2.8040026871e-03
-5.3152386335e-03
-1.1524241775e-02
-9.1509589121e-03
-2.9080581089e-04
-4.9135556790e-03
-1.5644520970e-03
-7.6788128070e-04
-4.1821473586e-03
-2.0597768279e-03
-7.3090993471e-03
1.3402285961e-02
5.2826996970e-03
3.8983073644e-03
3.8366688389e-03
-5.8086347187e-03
-9.2195615133e-03
-2.8290610384e-03
1.3474230893e-02
1.6286463199e-03
-4.6236759878e-03
-1.9681496766e-03
1.2061606858e-03
-5.1895075135e-03
-5.6115566394e-03
-8.3275466927e-03
4.2154693270e-03
1.4549611590e-02
-1.0747826785e-02
-9.4165399516e-03
-1.4858724780e-03
1.3670866988e-02
-3.3083183729e-04
8.6055030075e-03
4.1939692598e-04
8.1695025829e-03
1.4560563728e-02
7.7131407618e-03
-1.3993465130e-03
-2.9465729406e-03
5.8446214166e-03
1.0280372976e-02
7.6320645224e-03
-3.0538095412e-03
-5.7246500329e-03
1.3111145615e-03
5.1580966984e-03
8.6746173805e-03
3.2056100310e-03
1.9484529905e-03
1.3258596701e-03
2.3537219620e-03
-2.3320238412e-03
-3.8704977163e-03
-5.1143426154e-03
2.8265671182e-02
-5.1819872277e-03
8.6990923653e-04
4.4269444721e-03
1.3923536465e-03
2.1297616689e-03
2.9230387293e-03
-6.4384829846e-03
8.0757968705e-03
-5.3254974401e-03
1.1927002316e-02
1.4182363211e-02
2.9661654284e-05
3.3102151336e-03
-4.1704520751e-03
1.1924452917e-02
-1.8918418415e-03
-1.9586620231e-03
4.0213405065e-03
1.0798307097e-03
-5.1896407256e-03
1.2297567006e-02
3.2259861398e-03
4.6286908357e-03
6.2345256195e-03
-5.2694676017e-03
2.2583956791e-02
-5.0716076733e-03
1.4036408803e-03
-4.4858282937e-03
1.1521374060e-02
-2.8634130392e-03
-3.6380370291e-03
3.1362856171e-03
5.9826600617e-03
-2.5180667223e-03
-1.2143375017e-02
-1.1435214005e-02
-1.5749918597e-03
-5.6537401267e-03
6.8587429238e-03
1.2278350771e-02
-5.5124856673e-03
2.2810216837e-03
2.9426917907e-03
8.2446540941e-03
1.7955983028e-02
-8.3982862967e-03
-8.1097019416e-03
-1.0664347443e-02
7.1898199203e-04
6.9229602821e-03
-5.6938498686e-03
-8.4616064432e-04
-3.2751614027e-03
1.5684659358e-02
-4.2206251125e-03
-3.7539051858e-03
-3.2670809313e-04
1.3047129070e-03
1.4265231028e-02
9.6433173975e-04
-2.6630788287e-03
4.6207281350e-03
-6.9390897647e-03
5.8357157434e-03
8.4363496684e-03
1.4628136943e-02
-1.2569318160e-03
-5.9302228057e-03
1.1777717885e-03
-1.3628291084e-02
-5.2352764975e-03
-1.3579737037e-03
-7.8415242945e-03
-3.4394771335e-04
-5.7652217960e-03
-6.2786784317e-03
7.7501830720e-03
-4.5385890366e-03
-1.1443589962e-02
-6.7249670404e-03
2.3532898595e-03
-4.5891562181e-03
5.2154479555e-04
2.7906905271e-03
-4.1039125282e-03
7.2048464348e-03
-1.0632843122e-02
7.9784272177e-03
6.8251359594e-03
-2.9593249345e-03
6.5795380979e-03
-3.5927460561e-03
-4.8162537190e-03
-4.2058248965e-04
5.3188312380e-03
-7.0322418010e-03
-1.1451272812e-03
-8.4162500237e-03
-5.2000058412e-03
-9.7971230203e-03
7.5389421893e-03
-6.0830991919e-04
1.0061172852e-02
-1.3387724204e-02
-6.3542180503e-03
5.8345458855e-03
5.6260308837e-03
-5.8344002917e-04
2.1411398488e-03
3.4685853120e-03
-2.5856441415e-03
-6.9773365138e-04
2.9198854135e-03
-1.4565496528e-03
-1.8938266128e-03
-4.1919602661e-03
-6.7763101760e-03
5.9886583732e-03
-9.0947662491e-03
3.2028758269e-03
-1.1945378946e-03
-4.3556286764e-04
-3.3866587379e-03
-3.3919655314e-04
-5.6844819163e-03
-1.5563544953e-03
-1.5032281802e-03
3.9954735329e-03
1.0010011460e-03
-4.8163088990e-04
-4.1657306450e-03
-5.7662858664e-03
-1.0492428309e-02
2.0371966342e-03
3.0711046687e-03
-8.1084989111e-03
-3.2735198305e-03
-1.3735947811e-03
7.7473555198e-03
1.7440285742e-02
-2.3948431717e-03
-4.1860494529e-04
-1.1302201871e-03
1.3368784988e-02
5.4532589427e-04
1.1990826889e-03
6.6770918460e-03
2.3355235387e-03
1.5066928064e-03
-2.6467513949e-03
-1.0643498415e-03
7.1012241623e-03
4.3543678813e-03
-3.4568009871e-03
-6.8830117986e-03
4.6315259514e-05
-6.9514388469e-05
2.2775147855e-03
-3.7081262888e-03
-1.4789344809e-03
4.5424079462e-03
2.7434447825e-03
-3.6612828840e-03
-2.1880705816e-03
4.4199014187e-03
9.7336681342e-04
-4.5426433806e-03
-7.2298879688e-04
-1.4749137845e-03
-4.6507862457e-04
2.4850115974e-03
-1.2005762521e-02
-7.6077223354e-03
-8.5579469676e-03
1.2983089007e-03
3.3452086829e-03
-1.3069650663e-02
-3.4745292167e-03
-1.2785770505e-03
7.6835039358e-03
-3.7177869494e-03
2.1694101001e-03
1.7654937455e-02
1.5208228476e-02
1.5642862220e-02
1.1508731429e-02
-5.5245775938e-03
-3.1740508664e-03
-1.8283296921e-03
1.6967634047e-02
-7.7878335049e-03
4.7619755326e-03
-4.1501693483e-03
1.7019752165e-02
-1.1298538064e-03
7.2644033392e-03
-2.9581302975e-03
-6.1214473099e-03
1.8531260411e-03
-8.4269541547e-03
4.9802387831e-03
-4.6812072805e-03
3.3518623720e-04
6.6416976398e-03
6.7902468910e-04
-4.8681525072e-03
1.4122391837e-02
6.8921617478e-05
2.1230488330e-03
-6.9844908054e-03
-1.9917156673e-03
-4.9524133408e-03
-5.4649943204e-05
-3.1996356559e-03
1.1709960816e-02
3.8580757545e-03
-5.6870779119e-03
1.3905605412e-02
-2.3318927312e-03
-9.1983333265e-03
1.9002017480e-03
-3.9481035735e-03
-2.7109334049e-03
-6.4430831459e-03
-6.9567834596e-04
-3.3712684392e-03
-4.5827426626e-03
1.1383220815e-03
8.3345499872e-03
-1.0692254506e-03
-4.7357895921e-03
-2.5265578529e-03
-3.5515945999e-03
9.9671526852e-03
1.4002677204e-03
2.4378946966e-03
1.4140445584e-03
9.5465912215e-03
1.9692820257e-02
-7.9513857513e-04
4.5709211121e-03
7.5218969158e-03
-3.4325045852e-03
3.1380061150e-03
1.6318544185e-02
7.8171220512e-03
-1.4682936078e-02
-1.0430356552e-02
6.5529708514e-03
-9.3225869126e-03
-4.4480568633e-03
3.0585000771e-04
-2.9470319454e-03
8.3996390092e-03
-7.6851858616e-03
-5.6297958231e-03
-2.9290429486e-03
1.5212541817e-02
-3.5480550066e-03
2.4284559159e-02
1.9220367264e-03
-2.0398795738e-03
2.3709350058e-03
-5.3858849608e-03
2.1222298327e-03
3.0246191365e-03
-7.1887654114e-04
9.6244984158e-03
-7.8505356741e-04
6.8249894185e-03
-3.5636556151e-03
-2.0663673322e-03
2.0752694543e-03
-6.8645785806e-03
-2.2318443324e-03
-3.2106224578e-04
-8.7055914166e-03
-2.5232230857e-03
1.0930110205e-02
1.1713714101e-02
1.6877562916e-02
-1.0979724444e-04
-8.6485648979e-03
-1.0982440104e-02
-3.2309387688e-03
4.2518360800e-03
-5.7018573200e-03
-2.2749236923e-03
-5.6067585823e-03
4.1108027767e-03
2.4493258600e-03
1.4734356767e-02
5.0853336267e-03
-3.2414938614e-03
-3.4868817199e-03
-2.2188380541e-03
7.1904946583e-03
-5.3633682260e-03
-1.7495558713e-02
-1.8568498965e-03
-5.4335031060e-03
-5.1910358312e-03
-1.6366202403e-03
7.4383084061e-04
7.9329106533e-03
2.4475823662e-02
9.7695158588e-03
3.8113951179e-03
9.8397703952e-03
8.3578671871e-03
5.4538802078e-03
-7.4484597768e-03
3.1251052261e-03
6.4273619053e-03
4.1329529203e-03
1.6010646407e-03
-7.3167776480e-04
-5.6015721838e-03
-4.5535741914e-03
-4.3347829286e-03
-6.7596396646e-05
-2.7590354658e-03
2.7478569598e-03
-4.9228861315e-03
-1.1075810830e-02
2.8095492673e-03
-1.2118490364e-03
-1.6137385535e-04
-2.2674076834e-03
3.0963769731e-03
-4.9139996805e-03
-1.1230545535e-03
-5.9358816535e-03
4.1828446298e-03
-1.1923164193e-02
1.4624177362e-03
8.3352388468e-03
3.0353766692e-03
6.9149110633e-03
8.3430609759e-03
9.2527139039e-03
2.6925109159e-03
4.5997622886e-03
1.5637536964e-03
4.5821823934e-03
-6.4048003681e-03
-1.4515608572e-03
-8.3602397390e-03
1.9322528435e-03
1.4874335350e-03
1.1683789034e-03
-4.3412649832e-03
-8.5621942647e-03
-2.2323776980e-04
-4.1764584588e-03
-9.2754355526e-03
6.1501745825e-03
-2.4277886154e-03
4.3369179343e-03
2.2122816906e-03
-6.5410346226e-03
-6.7869635358e-03
8.1229624942e-03
-3.6359687341e-03
-1.2239818451e-02
3.1167623637e-03
5.7117327664e-03
-8.5965196536e-03
-2.7246769379e-03
1.7487651193e-02
-1.3777168171e-03
-2.7028172612e-03
3.4214209915e-03
1.7795667147e-03
-4.7688957040e-03
2.9430728155e-03
5.1814085143e-03
9.2027806661e-03
-2.6624900062e-03
4.0493663534e-03
-7.4553663868e-03
1.9988646698e-03
1.0713292369e-02
5.7159503100e-03
-8.9640844393e-03
-1.1023513478e-02
3.4756687856e-02
-9.4506502851e-03
-3.6845822077e-03
-6.8210965237e-03
3.3769426283e-03
3.6213094724e-03
1.3332677579e-03
-5.9007560133e-03
1.1407495523e-02
-9.3784441380e-03
-6.1875163542e-03
5.6227703238e-03
9.0152584799e-03
1.6212164003e-02
-1.0854778558e-02
1.0835455374e-03
-1.7406784758e-03
5.5857713654e-03
4.6947434539e-03
-3.7106098324e-03
3.9075355131e-03
2.5134032880e-02
6.7243805905e-03
-1.3200797367e-04
-7.2361444559e-03
1.5360308617e-02
-1.0048964886e-02
8.4577394526e-03
-8.1129392280e-03
-1.0277143137e-02
-1.3347236781e-02
-4.8850212636e-03
1.5386281202e-03
-2.1000596973e-03
1.3915341932e-02
-8.7870983809e-03
-6.7285461556e-03
9.1893345736e-04
-7.3703722639e-03
-5.1141851923e-03
-1.7428529240e-03
-9.7194346907e-04
5.8366038198e-03
-5.6822815291e-03
-9.6939057294e-03
1.2564198624e-02
-5.6445892134e-03
3.1884685436e-03
8.8984188623e-03
-4.5974257995e-04
4.8629308769e-03
-7.1055586656e-03
-6.1762731504e-03
-2.0470361148e-03
-9.5852859784e-04
-5.4186380622e-03
-1.2553890828e-03
2.1638390913e-03
7.0575691717e-03
-7.1516613966e-03
1.5190211876e-02
-1.6313228064e-03
3.0889961705e-03
4.0899139146e-03
1.0952585960e-03
-7.1303384626e-03
-1.5231416638e-03
-8.5412625423e-03
4.6475821387e-04
5.2978719857e-03
-1.7660130768e-03
-1.1556414812e-03
1.0459408639e-02
2.5214282475e-03
-5.7711216658e-04
-1.1571746044e-02
-5.3006460683e-03
8.8250140308e-03
-5.4947527067e-04
4.7321514523e-03
5.0660374533e-03
-3.6937663647e-03
-1.0729512485e-02
3.1633920977e-03
-3.1521514717e-03
-6.1423217502e-03
-9.6242737545e-03
8.5764603055e-04
-6.3638570480e-03
-8.1047053655e-03
9.2443743354e-03
-6.5792118543e-04
1.9262951683e-03
1.6572820308e-03
-2.3311521527e-03
-4.4538851888e-03
3.4244349001e-03
-5.9969257309e-03
6.9364100835e-03
-8.1279935682e-03
-7.3847081313e-03
-6.3960279906e-03
-4.8070280036e-03
5.4117584488e-03
-4.6200000463e-03
1.2437038983e-02
4.5556597349e-04
-8.3772766199e-03
-3.7685766897e-03
-7.9859438468e-03
-1.8943835478e-04
-2.5162456162e-03
-1.8627118823e-03
7.4406872772e-03
-4.1479529804e-03
-6.2731272707e-05
1.4351838156e-02
-6.8699141828e-03
-8.7820994438e-03
7.1033697222e-03
3.3162294721e-03
1.0445974586e-02
-4.9608345536e-03
2.1914352793e-03
3.0107775725e-03
7.7995578813e-03
-1.1170210120e-03
-8.0681656569e-03
2.7987269927e-03
2.1946318775e-02
1.5486366786e-02
2.4072039674e-03
5.4693294871e-03
2.3522001716e-03
-3.3564794328e-03
3.7924112293e-03
-8.3832328182e-04
-1.1664467390e-03
-2.3819265137e-03
3.9306775852e-03
2.2233769488e-03
7.6568774674e-03
-1.0277651408e-02
-3.4744528614e-03
-8.4149811236e-03
8.0085836227e-03
-2.3735250187e-03
-4.9256445985e-03
-2.1059797273e-03
2.3133310646e-03
4.2197270030e-03
1.4647642002e-02
-9.5419274226e-03
-1.6643884252e-03
8.3494772360e-03
-7.8173729518e-03
4.5365974827e-04
-8.0309344195e-04
3.3742335279e-03
-2.6407328344e-04
-3.5444624965e-03
3.9185491677e-04
-8.0687061879e-04
-8.3014946414e-03
-4.6030326794e-03
-4.2223417788e-05
1.1958437570e-05
-9.6690710025e-03
-9.1469374959e-03
1.9224054113e-03
-3.0997152976e-03
8.7880447924e-03
-7.9977225696e-03
-2.9215186317e-03
7.8124084757e-03
5.3885431576e-03
-3.9915582205e-03
7.7196618766e-03
1.0732813048e-02
-3.9611548428e-03
-6.4274880097e-03
-4.0881341207e-03
-7.3051626469e-03
-5.2764763636e-03
-5.1609689834e-03
3.3551884267e-03
-1.3589243283e-02
-7.5943865077e-04
1.2377955389e-03
2.5361420476e-03
-5.5587497691e-03
-7.3557076633e-03
-5.6483559153e-03
-5.1149509997e-03
1.7207088635e-03
-4.1969729031e-03
1.4334381687e-03
-3.3743246838e-04
8.5555052643e-03
2.5394053184e-03
-5.1391389686e-03
1.7512792246e-02
1.3622636676e-03
5.1445370578e-03
-4.9835550615e-03
-3.9377589401e-03
1.3920523203e-02
-2.4576751481e-03
-2.5782942779e-03
5.3609595503e-04
6.7494097030e-03
9.8279764888e-03
8.0576726283e-03
1.9896010481e-02
6.5456733924e-03
-7.2790992765e-03
9.1836806179e-04
1.3408208529e-02
4.5650114629e-03
-1.1880052728e-03
1.1168002221e-02
-8.5033339887e-04
1.3208552077e-02
-6.8076407623e-04
3.9497552106e-03
-5.9720255986e-03
1.7454963913e-02
-3.2049255839e-03
5.0523999655e-04
6.3326219519e-03
-2.9740229273e-03
5.1015109403e-03
2.8704520382e-03
5.6308831402e-03
-4.3899807879e-03
4.9871528185e-04
-3.7529268324e-03
-5.6227427661e-03
-1.0576815410e-03
1.7483687544e-02
-8.6659360573e-04
-5.8373274279e-03
5.9348660380e-03
-4.1536446398e-03
1.6218580127e-02
-1.4119823672e-02
-6.4341209832e-03
-1.9497797063e-03
-7.4859071189e-03
-2.6438674661e-03
1.4077294070e-02
-8.3838141411e-03
-6.2643004957e-03
-1.1171959751e-03
-2.8242879748e-03
5.9181199425e-03
-1.0358160759e-02
7.2456209955e-04
1.2292026249e-03
-1.4998532040e-03
-3.4764142005e-04
-6.4375701484e-03
-4.1768916514e-03
4.5917447151e-03
1.0677807958e-02
-3.5270975578e-03
-5.5604825310e-03
-1.0383076939e-02
-8.8020242019e-04
-4.0324790538e-03
-1.3298223982e-02
4.2485755698e-03
-3.2035550358e-03
7.0152267985e-03
4.4414731804e-03
1.5795310531e-03
3.9816611588e-04
1.5448240657e-03
1.3745369771e-02
3.5173325583e-03
-4.0502071788e-03
-9.1115981365e-03
-1.0215482622e-02
-7.3795393450e-03
-3.0459687932e-03
-8.3284217328e-03
4.9516249217e-03
-2.0872337917e-03
-2.2625045699e-03
-8.4104965567e-03
5.5525665248e-03
3.8888209773e-03
-8.7613782616e-03
-1.1863664106e-03
7.7211440189e-03
8.3637940099e-04
3.3841109342e-03
-6.3074191715e-03
-8.2211492210e-03
-1.3046644426e-02
-7.1013598602e-03
2.0183428657e-04
3.4927162775e-03
7.3224644214e-03
-2.2041459140e-03
1.0710713049e-03
-1.3122604833e-03
5.2335243604e-03
2.2728276129e-02
3.5663994899e-03
-8.3937169255e-03
-3.9309285257e-03
-1.4881925581e-03
-1.3139605516e-03
-8.2198844619e-03
-1.0269082629e-02
-6.5491319466e-03
-5.7634881774e-03
3.1638381051e-03
-2.5204561152e-03
9.4501189404e-03
-2.0737050008e-03
-8.3692746799e-03
6.9937173243e-03
-1.7133886040e-03
-6.7049454360e-03
8.5054869249e-03
-1.1466088791e-03
5.1691167194e-03
-5.4377319778e-03
-4.3990647313e-04
-8.3213267684e-03
-6.9627415874e-03
4.2046634423e-03
6.8745573958e-03
6.1620174583e-05
3.1846253185e-04
-1.0450588044e-02
-3.3373711190e-03
4.5347818703e-03
8.5280650609e-03
3.6595491631e-03
2.6300345649e-03
5.9564599258e-03
-7.7183297790e-03
-4.3274384629e-03
6.4635755827e-03
-4.3230274511e-03
-4.0156563508e-03
1.3554886587e-02
8.0484055320e-03
-1.0860548109e-02
-1.4882232171e-03
5.3878550988e-04
-6.9456964239e-03
-3.8306485457e-03
3.4724273408e-03
1.1289925071e-03
9.1832977983e-04
-2.3331743988e-03
-1.2047202351e-02
3.1345793710e-03
-7.9419920892e-03
8.2115113455e-03
1.2296547806e-02
-6.7769307938e-03
3.3260952705e-03
-1.4534022118e-03
1.2856504279e-02
-1.7176052621e-03
-5.4255715226e-03
-6.0853701901e-03
1.0539230186e-02
2.3713028884e-03
3.9880795927e-03
1.2781935543e-02
2.4872587062e-02
-2.2708346378e-03
-3.4836518660e-03
7.7803361827e-03
1.6564005738e-03
1.2955884680e-02
4.7512728521e-03
-6.9602366581e-03
1.3082085538e-03
-3.9122695946e-03
2.4064118773e-03
-1.1788532786e-04
-6.5470252485e-03
-2.5467095399e-04
1.4908093345e-02
-4.4090663928e-03
-3.1895518370e-03
8.5618461669e-04
1.7218762073e-04
-7.0907647070e-04
-5.6262517350e-04
-4.1515114316e-03
-7.3431087112e-03
1.8136624575e-03
-8.0605453945e-03
-3.1869295917e-03
-1.0129739343e-02
2.4617264440e-03
-6.0312255884e-05
-8.8036301770e-04
-4.1548463790e-03
-2.8692786025e-03
-7.7603540921e-03
-5.8885225909e-03
2.4001244418e-03
2.9198906182e-03
-1.1267516215e-02
-5.7056714645e-03
-2.9984956745e-03
1.3366340626e-02
1.8360359221e-04
8.1862842329e-03
2.3058088692e-03
7.9197286628e-03
-1.5308331951e-03
1.8098058026e-03
6.5071891390e-03
6.6116973133e-03
-6.6025179957e-04
3.1477136116e-04
4.4703203034e-04
-4.7164009737e-03
-6.8610807945e-03
1.5392322485e-02
1.4753015193e-03
1.8753722413e-02
-9.1280518598e-03
6.3187925403e-03
7.4039990847e-03
6.8747539016e-03
-3.9384255976e-04
-8.3493773945e-03
3.1723954541e-03
-1.0054522210e-02
1.3649405760e-02
-4.2369662100e-03
4.2462043931e-04
-7.6793113302e-04
4.9461109858e-03
-6.1324050859e-03
-6.9862641029e-03
-9.1099190261e-03
2.1796131303e-02
-9.5653900624e-03
-7.3428543791e-03
-2.0229898419e-03
-2.2598987366e-04
-2.0344948393e-03
2.2601009782e-03
2.2357464917e-03
-2.0646582167e-03
-2.2521874535e-03
7.1734433774e-03
6.1132470821e-03
1.9972295261e-03
-4.5161958636e-03
4.2431677862e-03
-1.7110033784e-03
4.3474819693e-03
-4.6128578703e-03
-6.7884390982e-03
1.0477904901e-02
-4.5002494524e-03
-1.5071958632e-06
-7.4172722396e-03
-3.5042811934e-03
1.0837432818e-02
-4.7322245543e-03
4.2533793210e-03
1.0387270858e-02
1.7315900762e-02
-3.5439254199e-03
3.2313738365e-03
4.3325506676e-03
1.3502623348e-03
-3.4405006877e-03
7.4074335472e-03
6.9196142524e-03
1.3911249999e-03
1.3777131347e-03
-2.1355077885e-03
2.7419875552e-03
-4.4548919296e-03
1.4377330325e-03
-3.0052309184e-03
-7.1344490998e-03
-2.2418524950e-03
4.3827285136e-04
4.6252254087e-04
7.4994403935e-03
1.3781830870e-03
1.6262019572e-02
1.4177592937e-03
5.7159037869e-04
6.4354029761e-03
-1.2167879788e-02
-9.4793581455e-04
2.9414900701e-03
8.8634544109e-04
1.1342063017e-02
-4.5748552036e-03
-6.0182843714e-03
-1.1289375721e-02
-8.4457190084e-03
-1.9525886804e-03
-8.5864188875e-03
-9.4656351126e-03
1.1768798528e-02
7.4130746852e-03
-8.1565836919e-03
-4.7011326561e-03
-4.2452580805e-03
-1.2544578831e-02
4.5388334092e-03
8.9095318966e-03
-6.8933195420e-03
-4.1692146528e-03
1.9801422523e-03
8.2174184651e-03
-2.7021424553e-03
1.0970675475e-02
-9.0868351942e-03
-2.0802559044e-03
-5.5904183009e-03
5.2949486694e-03
8.5932255937e-04
-1.7077736895e-02
-4.5016013201e-03
1.7918749640e-03
-6.6924775631e-03
-9.2845872747e-03
2.7732408578e-03
3.0878931929e-03
-7.8041079725e-03
1.6388501089e-03
-8.1118957953e-03
-5.1676417510e-03
1.2681613488e-03
-1.1100628023e-02
3.1016811699e-03
-1.4355116724e-03
3.2562609397e-03
-2.6576245582e-03
-7.3707341594e-04
-1.9244356040e-03
1.3794756778e-03
2.4364416165e-03
2.8788216551e-04
-2.2594816267e-03
-6.5056242158e-03
-6.4934238986e-03
-4.9067444200e-03
6.1112636338e-03
7.7778145351e-03
1.4877877625e-03
1.6270765327e-02
-4.8710708830e-03
2.0310226720e-02
-4.8843671892e-03
7.1488161266e-04
3.0212479127e-03
-2.5224450585e-03
-3.6956694961e-03
6.8655945561e-03
-1.4752301261e-03
-1.5454556370e-02
-3.1119158025e-03
-4.9980179953e-03
-1.2888229023e-03
8.0940601867e-03
7.6163255087e-05
1.5911797733e-04
4.5211932361e-03
5.6634339375e-03
1.8775570779e-03
3.3205297935e-03
-1.1223966101e-02
-4.3208472452e-03
-6.0489426383e-03
-6.6247561175e-03
-1.0023261207e-03
-1.1062396888e-02
-2.7834007456e-03
1.0478691349e-02
-3.9324558073e-03
7.6152166658e-03
8.4302177876e-03
-7.9612304344e-03
4.2666851122e-03
-8.8152023177e-03
2.5398596581e-03
6.6514200723e-03
-1.5231309043e-03
3.3199553886e-03
8.8608217674e-03
-2.0511210926e-03
-4.9351500152e-03
-7.4395396339e-03
5.7171113452e-03
-3.4284784214e-04
8.1221173004e-03
-5.8148166808e-04
2.1888257058e-03
1.2474248445e-02
-7.0192175896e-03
7.4851366944e-03
-4.9874401325e-03
-8.6143058973e-04
2.8837722311e-03
-4.4901203891e-04
2.7188793989e-04
-9.9028621185e-04
1.5100303975e-02
-1.3368090153e-02
1.9983750002e-03
-4.2184235021e-04
-1.2370235892e-02
4.2583122223e-03
-5.3781890948e-03
1.0496862126e-02
-7.4768213250e-03
-4.7900889251e-03
-2.9743818401e-03
1.4680352196e-03
2.0468732174e-03
5.0596345189e-03
2.7466217813e-03
-4.1696942109e-03
-3.7512642470e-03
-1.0068629451e-02
-8.0758557226e-03
-1.0931314386e-03
2.9999450914e-02
-7.1509243460e-03
4.2741262571e-03
3.0688305207e-03
-3.1007686761e-03
-9.3012884168e-03
1.1221114654e-02
2.9783395565e-03
4.2906936143e-03
6.0182778112e-03
-4.2123793126e-03
6.6866680492e-04
1.1164446013e-02
-3.2708016414e-05
-1.1669291185e-03
-5.0003836256e-03
-4.5087561458e-03
1.6810734358e-03
-4.4243960288e-03
2.5068310508e-04
9.6596683208e-03
-7.4671582790e-03
1.0355444279e-02
-1.3227101116e-03
-1.4584579754e-02
1.8100850459e-03
-3.0421499804e-03
2.7077013498e-03
5.4616548915e-03
1.5652893558e-03
-6.0452341195e-03
-2.0300983761e-03
-5.8691602106e-03
3.6194563021e-03
2.4518407444e-03
-7.0753718847e-03
-8.3588310409e-03
1.9583825794e-03
1.2340007150e-02
-4.6881428782e-03
-4.4336070327e-03
-2.4741982711e-03
4.5307408720e-05
-6.8243506379e-03
-1.4128227082e-03
-4.1062643474e-03
7.2473340774e-03
1.9633674946e-03
-8.2817821590e-04
-1.4419535506e-02
6.6586934495e-03
-5.5036829305e-03
6.8000677252e-03
4.9053954403e-03
-4.9133566097e-03
-8.4935879875e-04
1.6274019841e-02
1.1112469887e-02
-1.1817688106e-02
1.2469834231e-02
1.5802479187e-03
-7.0842591695e-04
-9.6155006730e-03
6.4116432380e-04
-2.9371677928e-03
-7.3150286085e-03
2.7860353795e-03
5.1327207347e-04
1.6568074999e-02
1.2294516077e-03
1.2390480053e-03
3.5131788236e-03
2.4072824567e-03
8.7827975389e-04
7.6176179464e-03
-2.1471722459e-03
6.5187764115e-03
-2.9782193436e-03
3.9113796246e-03
-6.4740251424e-03
-4.1575748522e-03
-3.1065744849e-03
1.0244157333e-02
-4.4486285324e-03
2.6590522662e-03
-4.6891503767e-03
-3.9867061155e-05
-3.3781496704e-04
-7.5371727294e-03
-6.3351730455e-03
-9.5033138415e-03
1.0755366474e-02
-2.0653596354e-03
-1.6636956946e-03
1.0814336730e-02
-4.3486905834e-03
-3.4202855307e-03
-8.1062136372e-03
-3.5964589174e-03
-1.3039353368e-03
3.6035604536e-03
-6.5362781728e-03
7.3455935837e-03
-8.5928768956e-04
7.0468040195e-03
-3.1973539637e-03
-1.2591682141e-02
4.1085929587e-04
7.7903392701e-03
-6.6957666279e-03
2.1437842866e-02
-1.6389102537e-03
7.0185128908e-03
6.5154649130e-03
3.0963968099e-03
-1.2578397735e-03
2.0343508349e-03
2.1906888511e-03
2.1064469369e-03
1.2319477828e-02
-2.4827662312e-04
-5.6722044386e-03
-2.5813308170e-03
1.0119939567e-02
-2.2653798232e-03
2.8751436022e-03
-1.2282557249e-02
-3.3316636045e-03
2.6212980322e-03
5.6004709806e-03
3.9586666673e-03
6.8151677171e-03
7.8058435591e-03
1.6153686213e-02
1.0382299472e-02
3.4975689935e-03
-3.5251698301e-03
-1.4494164887e-02
-6.1229942075e-03
-7.5707720532e-04
-6.7695604322e-03
5.3460993656e-03
-3.3053736775e-03
-6.5147415612e-03
-1.1258115492e-03
-1.6089311897e-03
-3.8198802201e-03
8.4376555354e-03
1.0195090940e-02
3.2682091774e-03
8.5844879053e-04
1.1392350324e-02
9.8221137914e-03
-2.1630153076e-03
-3.3368146861e-04
-7.4860489943e-04
-9.0235575801e-03
-2.2147138939e-03
7.0573263239e-03
-6.0237653468e-03
9.2948564731e-03
-9.1418519084e-03
5.7392929194e-03
8.1734789329e-03
8.1029286973e-04
-1.1034168536e-03
-3.9587617510e-04
-9.5248901459e-03
7.7703384487e-03
-6.3947168080e-03
-1.1096777467e-03
-9.7528358132e-04
1.2357762929e-02
6.0421113614e-03
-3.2360533192e-03
-4.4059122252e-03
1.6631045817e-03
3.7046487920e-03
1.1055029584e-03
-5.8584780737e-03
9.0742115693e-03
3.4044594278e-03
9.0911146271e-05
-4.7754775390e-03
-4.9719326026e-03
2.5036171758e-03
7.4881331056e-04
-2.7695800389e-03
-4.5222290792e-04
-3.7068741339e-03
-1.4055673052e-03
-9.9087268841e-04
-4.0036638240e-03
4.0503979354e-03
-7.0073756417e-03
6.2111079957e-03
3.4971473414e-03
-4.4124398815e-03
-5.3510113563e-03
-8.6007580068e-03
-5.6835846482e-03
3.9247126133e-03
-1.6851213355e-03
-8.9782094133e-03
3.2027813688e-03
-1.3105157598e-02
-4.0207254481e-03
4.8246347561e-03
-1.0926076207e-03
-1.0813397408e-02
-4.2099736023e-03
-9.8207625553e-03
-5.1101166222e-03
3.2783255843e-03
1.9278780001e-03
-2.9040870831e-03
-1.0662702421e-02
-2.8385126928e-03
3.6124401073e-04
-4.5364267596e-03
2.6523309827e-03
-1.0704964394e-02
1.2469477197e-03
-4.0806869884e-04
-3.0046582577e-03
-4.2797035362e-03
1.5189083715e-02
4.4540770552e-03
-1.8301003531e-03
3.4133564549e-03
-2.6288927630e-03
7.8805459984e-03
-7.3141121658e-03
3.5047511193e-03
5.4640711720e-03
2.9415366381e-03
6.9034387993e-03
-2.0816764102e-03
3.8537235880e-03
3.4661639494e-03
-2.9439165382e-03
-4.1405396557e-03
-4.1348856205e-03
1.0121732903e-02
1.4309392448e-02
-2.7487453972e-03
-1.3320402910e-03
-3.2464779673e-03
-3.0058097907e-04
4.6267070014e-03
-3.5843562762e-03
1.8636834560e-03
-6.7151455832e-03
5.9891154254e-03
5.1899194623e-03
-1.2195707428e-02
-3.5079407338e-03
-4.7106172302e-03
-5.6971575481e-03
-9.4773720552e-03
-2.4137137881e-04
-7.0956908490e-03
-3.1477494347e-05
-7.1156288920e-03
3.3314221006e-04
-6.4898511575e-03
4.5525086672e-03
-1.8360605215e-04
-2.3620072975e-03
-4.7620840801e-03
-5.4877253749e-03
3.5549350723e-03
2.5787675234e-03
1.0924109576e-02
1.1474868125e-03
4.2207081007e-03
-3.6135122713e-04
-1.0964632718e-02
4.3353285676e-03
-1.0656933958e-02
-4.3583433360e-04
9.6505480476e-04
-9.5781375975e-03
5.2194784283e-03
1.0696843712e-03
6.0614171970e-03
-1.1537376046e-02
-8.2594536228e-03
-7.6750456213e-03
-8.9214022954e-03
8.5201895977e-03
-8.2469148686e-03
-5.8503543174e-03
3.0918448814e-03
-3.3390238105e-03
-8.4018978430e-03
2.7754771457e-03
-6.6612303912e-03
4.3983952308e-03
-7.2250728232e-03
2.5346085061e-03
1.0107891010e-02
-9.4331725704e-03
-6.0353979195e-03
-2.8261916193e-03
1.0834613939e-03
-7.7801077173e-03
-3.6097428380e-03
-3.5508362354e-04
3.9297318844e-03
8.8725918682e-04
5.6994124305e-03
2.3707472549e-04
9.6224903600e-03
-1.0442812703e-02
2.7254314145e-03
-7.5217281548e-04
3.7843066033e-05
-6.7858327719e-03
-9.0141453453e-03
-7.9683666442e-03
-1.8791424509e-03
-8.0107078191e-03
-1.3667161076e-03
2.9240332786e-03
7.6743286107e-03
7.8198710482e-03
3.5448635645e-03
-9.9657509335e-03
-2.0777047220e-03
6.5610377605e-03
-8.2178046187e-03
4.1594632259e-03
-1.8953682980e-03
2.9136712123e-03
1.7594689720e-03
1.5966416825e-04
1.9427810986e-03
-6.2708937918e-03
-4.2951654019e-03
4.2503607004e-04
-7.1012573260e-03
9.4589806694e-04
-1.1645844550e-02
1.6804429469e-02
7.1933580190e-03
4.4801770895e-03
-6.2843585016e-03
4.6116374974e-03
1.3597496237e-03
1.0247825453e-02
-1.2897150432e-03
3.8348207805e-05
-1.6036435813e-03
-1.2636893418e-03
1.7605294652e-03
-3.4239646251e-03
-3.7791669550e-03
-3.3769451206e-04
-2.7610723305e-03
3.2281048405e-04
-3.3344691447e-03
3.2011404887e-03
-1.4105436591e-03
-5.4275757802e-03
1.9753013430e-03
-2.7732802020e-03
2.1888974117e-03
-3.3903841876e-03
3.0530636738e-03
4.0809594822e-03
-9.7038132967e-03
6.3312133880e-03
-4.7818699711e-03
-2.6726308216e-03
-6.5193651121e-03
5.6390451838e-03
-4.1603027316e-03
8.0772337364e-03
4.0422629691e-04
9.9766618093e-03
1.4210270771e-03
-1.8499382727e-03
-1.8550049139e-03
5.1743434957e-03
4.3252457605e-03
-2.3187440036e-03
-2.6266422303e-03
-2.9690353582e-03
-7.6573331493e-03
-2.9518713801e-03
-5.4144793884e-03
-9.9819341958e-04
-5.8148462423e-03
1.9707168108e-02
-9.1417150448e-03
2.8274148358e-03
-4.9333731760e-03
7.7967279444e-03
-8.9958133140e-03
4.4369003402e-04
5.4282670757e-03
-3.2798414249e-03
1.1293758539e-02
1.1597219414e-02
8.2968223200e-03
-4.1545421697e-03
-1.3836121337e-03
9.6746491618e-03
-9.1655547679e-04
-7.1353994151e-03
1.7463779154e-02
-2.2199961659e-04
7.4078811470e-03
1.4236755614e-03
-8.5213233904e-03
-2.2024180655e-04
9.8568090037e-03
-1.2657345563e-02
1.1266483229e-02
4.2050530932e-03
8.8155055115e-03
1.2950850965e-02
8.9037021357e-03
-1.9486588155e-04
-4.3102975180e-03
-2.8727977212e-03
3.8175535603e-04
-2.3938847663e-03
2.0734871686e-04
9.9352359995e-03
6.0445113024e-03
5.0290461917e-03
-2.9110965717e-03
1.3289837262e-03
-9.5498701860e-03
-1.4111667567e-02
8.0168777283e-03
1.7001302755e-03
-4.6410658719e-03
-5.2983503121e-03
-1.2327703835e-03
-6.7165119395e-03
6.4174549543e-03
1.3165889333e-03
-2.7326258855e-03
-3.7073316501e-03
-2.6630780640e-04
2.1912720511e-03
-2.7077959566e-03
-4.5963345782e-04
4.5267087759e-03
3.6118078391e-03
7.5928598735e-04
4.1194682792e-03
1.9080992251e-02
-7.6153115021e-03
-3.2017481491e-03
-1.8953973487e-04
-5.3549517827e-03
4.6231517868e-03
-6.9037891326e-03
-1.3765813497e-03
2.6228709523e-03
-7.4918733738e-03
-8.6660651675e-03
-6.2993117387e-03
-5.2798281651e-03
-6.3468430673e-03
6.4430824730e-03
-7.3670096819e-03
-7.0924922992e-03
-9.6309185233e-04
5.5954503619e-03
-9.8382178807e-03
-8.8778138166e-04
-2.2306348964e-03
-6.3735392002e-03
-8.1300819930e-04
-5.0096065568e-04
-8.2784103107e-03
-7.6536515361e-03
-1.1089290851e-03
2.3618413129e-02
-4.9517468365e-03
-4.2805606086e-03
-6.3191670021e-03
1.2625501346e-02
8.9824478099e-03
-4.4177990803e-03
1.4047605380e-04
-7.0215357727e-04
-4.2796111285e-03
-1.0215899968e-02
5.7017783476e-03
5.1649758254e-03
6.6225525692e-03
4.5006862830e-03
-2.4840854929e-03
-5.1983881138e-03
-5.5589088965e-03
5.5304147334e-03
3.0012403681e-03
5.8736913231e-04
-1.1761694574e-03
-4.4739438683e-03
-3.3031002999e-03
2.8599450305e-03
-1.8542625655e-03
9.9405493449e-03
-5.6920676271e-03
1.3463768519e-02
7.7726419355e-03
9.3042145088e-03
4.2920135618e-04
-5.5177712737e-03
8.1225847184e-05
3.4634287628e-03
-3.0512577007e-03
1.1740719496e-02
-2.6525278836e-03
3.8202740549e-03
1.9092374665e-03
1.0592359342e-03
-4.5895532714e-03
-7.8220733149e-03
-9.6640325767e-04
1.6165161487e-03
1.4730466470e-02
-4.6769749301e-03
1.2991501516e-04
1.8188452153e-02
1.9253136522e-03
3.4421319965e-03
1.5706043035e-03
-2.0989247833e-03
-5.6341262458e-03
-1.2239183666e-02
-1.0404327435e-03
5.6653209709e-03
4.7095516030e-03
-6.7750178649e-03
-5.3547106456e-03
-3.3477018358e-03
-9.8516063123e-04
-7.8395496140e-03
1.3056902032e-02
1.9314903530e-03
-2.8865407109e-04
-2.6757168743e-03
4.7511511259e-03
-7.7961950132e-04
2.4401958837e-02
-1.1193363138e-02
-4.0351135885e-03
6.1631393366e-03
-7.6582510361e-03
-1.2532014026e-03
7.7349437397e-03
1.0655767435e-03
4.4405088321e-03
-3.2721471231e-03
-3.4045683921e-03
-2.9307010667e-03
1.2914061672e-02
-4.8504876086e-03
5.2343127237e-03
-1.5920174960e-03
-3.4614195410e-03
5.1606915596e-03
-2.0234765253e-03
6.3903245932e-03
-8.9613476041e-03
-4.2639190952e-03
-7.2639946443e-03
9.9195306047e-03
-1.1229613043e-02
-6.0640691385e-03
-9.6964283979e-03
-5.9820505977e-03
-1.4732422861e-03
-6.0064582350e-04
-8.4188753523e-04
-6.4138316517e-03
-5.6504775708e-03
-4.9212335479e-04
1.0867138502e-02
5.1698121455e-03
-4.5249003313e-03
-1.1513414449e-03
3.5894544613e-03
-9.3191091547e-04
-2.0290465705e-03
-1.6557552449e-03
1.1009527255e-02
-1.5661823083e-03
3.7845199849e-03
8.4552314753e-03
-2.0733652171e-03
6.3398654179e-03
9.6193256194e-03
-1.1299406276e-02
2.1549612966e-04
1.2172356657e-02
2.7592492156e-03
-5.6218211529e-04
-6.8949793262e-03
6.2280966157e-03
5.5966220569e-03
4.8982105356e-03
2.7658518637e-03
-6.3778189720e-03
-9.8959802073e-03
4.0598774005e-03
-5.0612179637e-03
-7.1955341054e-03
2.0706761981e-03
-5.6402605913e-03
-7.8264547586e-03
-3.7693796793e-03
-4.4548222868e-03
1.3962681121e-02
1.5463097442e-03
-1.0574315523e-02
-7.5209369575e-03
-3.0699797340e-03
-3.4619200541e-03
1.5985841785e-02
7.4554506264e-03
8.1211779703e-03
2.1075336109e-03
3.2615148155e-04
-2.6644979731e-03
1.7454475855e-03
7.7373359281e-03
3.5421372191e-03
9.3710238118e-04
7.2637605238e-03
-3.4545201152e-03
6.8731817138e-04
1.5965640156e-02
-7.4614553781e-03
2.0897553084e-03
-2.1510618787e-03
1.2508772412e-02
2.6661993918e-03
4.9712019129e-04
-5.4230200640e-03
2.1914284924e-04
5.7361994849e-03
-3.7924636343e-03
-1.5130210151e-03
4.5276517647e-04
1.9715941689e-03
2.7196206014e-03
-5.8838143832e-03
9.7607956802e-04
-9.4638607574e-03
-4.2188617039e-03
9.1124993371e-03
9.4849246415e-03
8.7217718450e-03
1.4731624620e-04
7.2979558958e-03
-6.5021550354e-03
4.8685220748e-03
-6.7528223188e-03
4.4849889408e-03
-6.2884924336e-04
-7.0702248644e-03
5.5149833541e-04
-6.9321297733e-03
4.0545383759e-03
-5.4140676261e-03
-6.8210619353e-03
1.0278167436e-02
1.3168021538e-02
-5.4945241103e-03
1.3532675752e-02
-6.2195111546e-03
3.1515417165e-03
-6.8920184984e-03
-9.2393104618e-03
-7.8807367634e-03
-5.4022353023e-03
-1.5231665507e-03
-5.3516085886e-03
-2.2610123930e-03
5.1576744789e-03
1.5213459584e-03
2.5341905713e-04
-2.9453119871e-03
-6.2597125263e-03
8.7718397073e-03
2.1130662674e-03
1.8016421222e-03
-6.3867928512e-03
-8.0112519721e-03
-4.9209177995e-03
1.2876505500e-03
-6.9933646924e-03
-9.9692122721e-04
-1.8960644839e-03
-3.8123209160e-03
6.6139600096e-03
1.0317988745e-03
3.0500359299e-03
3.5866175785e-03
5.1544678616e-03
3.2295038853e-03
4.2023434276e-03
3.8397787576e-04
-2.7952377831e-03
4.5392706635e-03
2.9446127180e-03
-4.8497069810e-03
1.1817965291e-02
4.9590568220e-04
2.8964248645e-03
9.6012858596e-03
5.4011768518e-05
-6.1844506181e-03
-3.7454272721e-03
4.0594460359e-04
-5.6922210641e-03
-5.8450579838e-03
7.6607061807e-03
9.2314416406e-04
-2.4323766854e-03
1.5503930033e-03
-9.5559016514e-04
4.3165395524e-03
2.3250343996e-03
-1.1316188758e-03
-2.0380569770e-03
-4.2569729505e-03
3.8257280787e-05
-5.0717400321e-03
1.9572916982e-02
1.9230724239e-03
7.7552697930e-03
-7.8318474715e-03
-1.6135048059e-03
6.5618080876e-03
9.5076901214e-05
1.6833890496e-02
-1.4082151897e-03
-1.0965063833e-02
-2.1682806229e-03
9.8169627056e-04
4.5242177590e-03
5.8241844997e-03
-3.7057439553e-03
2.5744402240e-02
2.0058133594e-03
-1.1101720044e-02
-5.2112432289e-03
-4.5511381595e-03
2.5660594331e-03
-3.9896357289e-03
-1.3974870794e-03
-9.6575405413e-03
7.6292806849e-03
-2.9851707899e-03
1.0358751742e-02
-1.2013635381e-02
9.9742284391e-04
1.0224380933e-02
1.5581117107e-03
-5.3914995340e-03
7.4600840026e-03
-5.6601042204e-03
2.0967002889e-03
-8.0740794629e-03
-3.0593192990e-03
1.0889809655e-02
9.6728909959e-03
-1.9226850966e-03
2.4604903661e-03
-5.5008017578e-03
-8.4919903112e-04
-1.2996985667e-02
-1.0163269912e-02
-7.7391158781e-05
2.0998860935e-03
-1.4922825495e-03
-9.6530381684e-03
2.3107678452e-03
-5.3012503352e-03
1.3459941221e-02
-2.2215163460e-04
1.9025884140e-02
-8.3486809661e-03
5.3952056137e-03
-5.8157323050e-03
7.9812439853e-03
1.4280723362e-03
-2.9411558388e-03
1.9766970343e-03
-3.8926531828e-03
-6.3388460689e-03
4.6955007132e-03
3.8695459706e-03
-3.8355558880e-03
-4.0066425629e-03
4.3937112677e-03
-9.0553485096e-03
6.2317828213e-03
3.2878618628e-04
1.0954402561e-03
-6.2793431643e-03
-4.2224320501e-03
-4.7180452116e-03
2.6365613344e-02
-1.2242596191e-02
6.4555084459e-03
-3.3411012280e-03
1.1792676994e-03
1.3021245863e-03
-1.0583658095e-02
2.7747237556e-03
-3.7687832618e-03
4.5916032580e-03
6.6247951108e-03
-9.1467751341e-03
4.0367359300e-03
-1.6504909312e-04
9.7153527705e-04
-1.9722192596e-03
-3.0862709147e-03
-5.0532291403e-03
1.2050210075e-02
5.5706078051e-04
-8.9575976879e-04
-6.5564728192e-03
9.3577076004e-03
7.6657518336e-03
3.3379170014e-03
4.5859578045e-03
-5.6409322871e-03
-5.1217964727e-04
3.8378281258e-02
-6.2187856186e-03
-3.2578681677e-03
-3.3993998098e-03
3.2438406861e-03
-5.2274158488e-03
-6.0826799903e-04
5.6791215862e-03
5.3129061716e-03
-4.0708161645e-03
6.2932826216e-03
-5.1031756430e-03
5.1138186541e-04
-5.6265459363e-03
4.4132737896e-03
3.7529297239e-03
3.6828297682e-04
2.6652956074e-03
-4.0779914470e-03
-1.3415093447e-03
-1.1356906212e-02
-4.2179005053e-03
-8.8510263995e-03
2.9022381681e-03
-1.4083352404e-03
-4.5674464321e-03
7.3409109514e-03
-9.8711047567e-04
6.3211084363e-03
1.1282131455e-02
8.1058829056e-03
3.4204558211e-03
1.8806833041e-02
8.9640138379e-03
9.4308499363e-03
-3.4021821446e-03
-5.1861277236e-03
-1.0377077754e-02
-5.9296549742e-03
-2.1459908789e-03
-1.4161262505e-03
2.1845200326e-03
-2.3233497625e-03
6.8706310245e-03
-4.4441542507e-03
4.5663845582e-03
-1.1912696782e-03
1.1605610324e-02
-7.7626460041e-03
-5.2743792410e-04
-8.7596829088e-03
1.0382407392e-02
2.8024418647e-03
-2.8504079877e-03
-1.7148781487e-03
-6.2358994125e-03
1.4971217592e-02
-3.3957925588e-03
-1.8729210352e-03
-4.7483938945e-03
1.6605223905e-02
-2.7600592747e-03
1.1699244060e-03
3.1145342821e-03
2.2079175944e-02
2.2157466835e-03
3.7434999526e-03
-5.0595739870e-03
1.8530806609e-03
8.0199785572e-03
1.3867784534e-03
-3.9620176398e-03
-9.2859798846e-03
-9.0389275680e-03
8.2846702535e-03
-1.2085477895e-02
-1.1240151046e-02
5.2146240107e-03
-5.0982380287e-03
-2.0198396364e-03
-3.6221116252e-03
1.2742395232e-03
-2.5905944195e-03
4.2537146546e-03
-3.1584619361e-03
7.8472956387e-03
-1.1126755793e-02
-6.9017425541e-03
2.1347026885e-03
-8.8297860015e-03
-3.2184473598e-03
-4.9784623108e-03
-1.1626399639e-02
1.5373836516e-02
-3.3353829730e-03
-3.3077176995e-03
1.2893242728e-02
-4.5942541929e-03
9.4618567737e-03
1.3197932722e-03
2.3503032961e-02
4.7892138979e-03
-7.5510082869e-03
-6.2631002998e-03
-5.2385192878e-03
1.2244477505e-04
6.2373062061e-03
5.6231419463e-03
-9.0661195302e-03
2.7106372427e-03
-9.2531956857e-03
8.1507172923e-03
1.0869626736e-02
-3.4392234688e-03
1.2088352593e-02
2.8091705541e-03
-1.6535914880e-03
-4.4210019385e-03
-1.9507848781e-03
-1.7928224342e-03
-7.2032472219e-03
2.8777240335e-03
-1.0602122681e-02
-3.6993457614e-03
-6.4958169573e-03
2.3386349049e-03
-2.1949930833e-03
-7.6294538671e-03
-2.9403604513e-03
1.3610018323e-02
1.0459145300e-02
3.8255592175e-04
4.5099958595e-03
5.4474582435e-03
8.7126477436e-03
-5.1012889620e-03
4.9940885952e-03
1.7137805484e-03
-3.5616054659e-03
-8.7200991197e-03
-3.8319810819e-03
-2.3955628337e-03
-5.4257729775e-04
-1.9637318837e-03
6.1584494604e-04
-9.9355942548e-04
-4.9441038642e-03
4.2344568319e-04
8.9601806630e-03
-5.7667722136e-03
-2.4605878934e-03
-1.0923845521e-02
-6.3131677110e-04
1.3949163581e-03
5.2737050604e-03
7.8499860236e-03
-4.3602155769e-03
-6.3060435510e-03
-1.2661794659e-03
-6.7699227126e-03
-4.6268570157e-03
-1.4187217564e-02
2.2933735821e-03
-1.3031811631e-02
-1.2987399631e-02
-5.9309625163e-03
-4.6382257354e-03
-7.9038499986e-03
-9.3801904943e-03
-1.4169489855e-03
1.4815046896e-03
8.0400366504e-03
7.8629027847e-03
-3.0743351861e-03
-2.0922530817e-03
2.4574242842e-03
-6.9928595432e-03
1.5593651327e-02
-7.8998252599e-03
-6.7509340178e-03
-6.0403079557e-03
5.9707923047e-03
-9.7920058333e-03
-3.0984695520e-03
-1.5795305183e-02
2.2950775904e-04
3.6065174740e-03
-7.9142981556e-03
6.1257128835e-03
-5.3048308075e-03
5.2461334616e-03
-3.9743871441e-03
1.8617171903e-03
-8.2456061303e-03
-3.1553940454e-04
-4.4036784343e-03
-5.4453695226e-03
-5.2422612106e-03
-1.3160334624e-02
5.1705333784e-03
-9.1040617016e-03
-4.9838640709e-03
-3.2471730669e-03
-4.8199326765e-03
3.8091104646e-03
-3.0736100903e-03
-5.3761746946e-03
-2.2154525166e-03
3.3353951549e-03
2.2211647320e-02
1.0100704774e-02
1.9129735047e-02
9.5795446876e-03
-5.6340114165e-03
-1.5626171856e-03
-9.3466773424e-03
-5.2031205302e-03
4.4111394547e-03
-5.0816197724e-03
-2.6927674421e-03
1.1065597326e-03
1.1813024327e-03
4.9830889805e-03
7.9409666967e-03
-2.7347806116e-04
-4.0489742022e-03
-1.0404491742e-02
-1.8805291205e-03
-7.2403286154e-04
3.5538543677e-03
-4.5972991795e-03
3.1551958667e-03
7.9350628230e-03
1.1492186997e-02
2.0934637992e-03
1.0124737005e-03
1.0490811841e-02
7.5763191731e-03
7.7049512992e-03
-3.9143743355e-03
1.6529812256e-03
-2.9604100608e-03
-2.5240863421e-03
-1.8990978028e-03
-8.5440729679e-03
-1.0435346658e-02
-6.5151655116e-03
4.0292322146e-03
3.9486878639e-03
-3.1255210210e-03
1.0026403964e-02
3.1361050653e-04
-1.8738346976e-03
7.5021494896e-03
-2.2592197424e-04
5.1669168777e-03
2.7075937282e-03
2.6053309713e-03
2.1621544827e-03
-5.7157461343e-04
-4.0485828873e-03
-6.4550691972e-03
-1.4555731746e-02
-5.6110433098e-04
1.6504586424e-02
-2.8230627270e-03
-8.8995745915e-03
-4.7221408376e-03
-1.4965714520e-03
2.1622202865e-02
-7.1276144712e-03
-1.1345679769e-03
5.9586551319e-03
1.8651573970e-04
-3.2930523034e-03
4.6723037780e-03
-5.9132681492e-03
-4.0257999807e-03
-7.8380492085e-03
-6.9986709292e-03
7.7633457017e-03
-2.7855310076e-03
-2.6321655276e-03
-2.9787007960e-03
-4.0504567497e-04
-4.4970456785e-03
-6.0253850927e-04
-1.7826791344e-03
1.6463888262e-02
-1.6383278936e-03
-3.2152023436e-03
1.3609384989e-03
1.1608703057e-02
1.4478123017e-03
2.6745311448e-02
7.6300367053e-03
1.7225668640e-03
-3.2441912235e-03
1.1915034695e-02
4.1581963579e-03
-5.6487182377e-03
1.9377111681e-03
-6.3014918167e-03
-7.9361073123e-03
-1.5185256148e-03
3.2216041472e-03
-2.6903166375e-03
2.6660172627e-03
-8.7037354853e-03
-3.1847801618e-03
2.0075520939e-03
-4.0999207350e-03
6.8078848126e-03
-3.9253930357e-05
1.5172354638e-02
7.7474923645e-03
-4.8579411572e-03
1.7915599928e-02
-5.0074100625e-03
-1.8466376821e-03
5.2269779355e-04
2.8377571749e-03
-6.7452249733e-03
-1.7449345585e-03
-4.6986366952e-03
-6.1214866748e-03
-7.7044168338e-03
8.9821593022e-03
-2.1023160832e-03
-6.4737208830e-03
6.8236563708e-03
3.9160744115e-03
1.2198026390e-02
-1.5655641506e-04
6.2611913168e-03
1.3553894554e-03
-7.3157850643e-03
-2.3230216891e-03
2.1370475629e-03
-3.2412126105e-03
-1.0730482174e-02
7.1694713867e-03
-7.2796729644e-03
-2.1693746584e-03
-2.4341876024e-05
-1.2407152409e-03
-6.9173629561e-03
-9.5129205933e-03
1.5420630426e-02
-7.8311290224e-03
1.1261773987e-03
-1.6012063627e-03
-3.2720943264e-03
2.6559836403e-03
-2.6248947953e-03
4.6673286326e-03
1.2305852501e-03
8.3666593237e-04
-5.1968559835e-03
-1.1359210339e-02
4.4338281921e-03
-4.4138528867e-03
2.1506917963e-03
1.2088617471e-03
6.4774618764e-03
-4.0253452916e-03
2.2423591438e-04
-9.8072131134e-03
-3.5182897364e-03
-5.3821068723e-03
-7.5059963954e-03
-8.3179348108e-03
7.4791941054e-03
8.7503686182e-03
-4.0747538470e-03
-1.9431673480e-03
-9.8636827042e-03
3.9963362004e-03
-4.8347559955e-03
2.9757087774e-03
-8.3402989444e-03
-9.5628744705e-03
7.3694905432e-03
5.2530415524e-03
-5.3583722239e-03
2.9329412664e-03
1.3790485177e-03
9.7447169589e-03
-3.2840904837e-03
2.4815661413e-02
-8.5671494105e-03
7.2832390958e-03
-1.9520183006e-04
-8.2778553181e-03
1.0819945040e-04
-6.8307988837e-04
9.7675442419e-04
2.5125407266e-02
4.2017307046e-03
3.7960924070e-03
7.8333914653e-03
-1.8406249804e-03
-5.4724656442e-05
-1.1220236176e-02
-5.4601884388e-03
2.9568595161e-04
7.5653778630e-03
-8.4863603992e-03
5.6885467122e-03
-7.4081848275e-03
-1.4649623081e-04
-9.4986952309e-03
-2.4459848297e-03
-4.7331467151e-03
1.9817901594e-03
-8.3750855870e-03
1.1172957806e-02
4.3670250560e-05
-4.0124755822e-03
7.2750011436e-03
1.4208378002e-02
-1.4654988031e-04
-9.6389283489e-03
-2.7262688565e-03
-7.1568891497e-03
-5.4647199344e-04
3.0265800529e-03
-8.3961132953e-03
-5.6070811536e-03
1.7630900829e-02
-1.2734502793e-04
3.5943566687e-03
-2.0100136840e-03
-1.4821965381e-03
6.0369753985e-03
-6.5295647381e-03
-5.3765664290e-03
8.7944847518e-04
-2.3674339311e-03
3.3445617965e-03
7.5532289054e-03
-7.2478281887e-03
-2.9140373873e-03
-6.6126222263e-03
-3.1560444907e-03
3.9739353419e-03
-8.2319192895e-03
9.7276394396e-04
-3.5170591244e-04
-2.5719659589e-03
-1.2374112368e-02
9.7059879325e-03
-3.7573544911e-03
4.1266394972e-03
-4.2050625384e-03
9.0012113381e-04
8.5978111783e-03
-2.8871154746e-03
8.0330431901e-03
4.4608327317e-03
-3.2931033175e-03
1.3161560162e-02
-2.1156125892e-03
-6.8240514820e-03
-1.2163717031e-02
8.1576922266e-03
2.7380897625e-03
-1.8281149548e-03
2.1767557961e-03
3.1231077951e-03
-4.3156662880e-03
8.8021837300e-03
9.9193753369e-03
-3.4821246898e-03
1.3941262462e-02
-8.3021170145e-03
1.8122248245e-02
-1.1897930501e-02
-1.0946867850e-04
-4.4457557017e-03
-1.0806582590e-02
-7.9397249555e-03
2.1412854530e-03
-1.2110913399e-02
-7.7397792788e-03
-6.0507189252e-03
2.4728621369e-03
7.0151210264e-03
1.7338606404e-02
6.8043319940e-03
2.5522387851e-03
-1.2885761608e-03
1.4355889172e-02
-9.9440600100e-04
1.6203121961e-03
-1.8383708729e-03
2.7853213006e-03
-7.5834441879e-03
-1.3234139154e-03
-4.1142024561e-03
1.3726260748e-02
-1.8450334900e-03
2.1604894527e-03
2.7191170987e-04
2.4437051619e-03
-6.4687856315e-03
3.6509633601e-03
-5.7455675042e-03
4.3943916680e-03
-5.3432260020e-03
8.0823740338e-03
5.6805260007e-04
-7.1446178160e-03
1.9952400085e-03
1.6650242306e-03
-2.6173105507e-04
4.7023377269e-03
5.5804744656e-03
6.1848965146e-03
-1.3249019315e-02
6.3898842880e-03
1.3494501045e-03
-1.3090736753e-03
-6.7306891784e-03
-5.0323289537e-03
-1.5715004569e-03
7.2934748786e-03
2.4889406875e-03
3.0578677176e-03
-9.1050631063e-03
-4.3156842929e-03
-9.6406519174e-03
8.4683984853e-03
8.9918370403e-03
-4.4762857158e-03
3.1139735649e-03
-4.8105731419e-03
-2.9628180326e-03
-2.2962635357e-03
2.0025964904e-03
-7.3119026201e-03
2.4688182352e-03
-3.6202169965e-04
-9.2572769405e-03
2.4301015291e-03
-1.2658473129e-02
6.0169768941e-03
6.8155960459e-03
3.2724724061e-03
-4.3020454309e-03
-6.0667994872e-03
-6.0026405627e-03
5.5572556019e-03
-2.4547434168e-03
9.7034125010e-03
-1.6879740575e-03
-6.3715478790e-03
-2.8446165389e-03
-5.5149384137e-03
-3.3713508305e-03
1.4239958470e-03
-5.8313969846e-03
-9.5628914763e-03
3.5637653169e-04
-7.0212676662e-03
-8.3055288130e-04
6.0206092798e-03
-1.0454968143e-03
-3.1459427873e-03
4.0245047897e-03
4.5538762013e-03
-7.7657518392e-03
8.9146715641e-03
1.3530920061e-02
5.7023043328e-03
-9.9002282202e-03
1.7448875475e-02
6.8154489716e-03
1.1730325510e-03
9.2141758796e-03
9.5370153337e-03
1.1099852967e-02
-4.0802865126e-03
1.5669666490e-02
-5.8213709695e-03
4.4623782601e-04
8.9932371589e-03
9.1486882556e-04
-4.7921943109e-03
1.5771558102e-02
1.6410638762e-03
3.5603010958e-03
6.8848550714e-03
-1.8682340013e-03
2.2597695353e-03
2.1664690448e-03
7.8016559194e-03
-3.5357636022e-03
4.7632451629e-03
-3.1570983590e-03
2.5271935535e-03
-7.6583330428e-03
-1.7449613519e-03
6.7823229466e-03
2.9520580020e-03
-8.6656578564e-04
-2.8541814280e-03
7.4405150767e-03
-3.9456244308e-03
7.2237224124e-03
-2.1881027338e-03
-7.3365260645e-03
6.8343314571e-03
1.0123346258e-02
-5.7219395179e-04
-3.8434275437e-04
-8.2031716298e-03
1.8183848495e-03
5.3489412067e-04
9.4625387942e-04
-5.4490743301e-03
7.9995743407e-03
1.1026303680e-02
-3.7562675753e-03
1.6217272842e-02
6.5769207480e-04
2.2997547629e-03
1.8849870122e-02
5.9998129002e-03
-1.2662231275e-04
3.9183606894e-03
3.7122583374e-03
-6.7493292345e-03
4.5881917435e-03
1.3134735258e-03
-1.4411187261e-03
1.3648453588e-02
8.8577660592e-03
-7.2571845409e-03
9.0997619191e-03
3.1966842283e-03
-8.8084817012e-03
-1.2059939316e-02
-1.5601659283e-04
-2.6066125443e-03
5.3112353282e-03
-1.5481875357e-03
4.0925265354e-05
-4.6044571444e-03
-3.8123870582e-03
6.4261061476e-04
5.4757800954e-03
-2.5051888157e-03
-5.3891876875e-03
-1.2360814448e-02
-1.8298828967e-03
-4.3785391178e-03
5.1967329697e-03
2.0170311854e-03
-2.1096682258e-03
6.7421528765e-03
-9.2908286534e-03
-1.1972328490e-02
-7.3402083430e-03
1.5942387051e-02
7.2286303101e-04
5.9455227188e-04
-2.2400882310e-03
4.2466999127e-03
3.9829399163e-04
-2.5769299518e-03
-5.3326187430e-03
-6.3002468935e-03
6.5436231493e-03
9.4515525843e-04
2.2915927293e-03
-6.1618620168e-03
1.3410254580e-03
-5.8320432578e-03
-6.9442898646e-03
3.0140395836e-04
-6.4437247093e-03
-2.1389673418e-03
-1.2205835175e-03
-1.2205380846e-02
-6.3476034674e-03
-2.7283757599e-03
5.8926765466e-04
-1.7897363546e-03
-2.5079456773e-03
-4.9997784265e-03
-8.1378513122e-03
-9.5921035880e-04
1.1570871659e-02
1.5397961168e-02
1.0790942891e-03
-6.6528792014e-03
-6.5128558018e-03
-1.0742018549e-02
1.0138757218e-02
1.2914178726e-03
-9.1105936653e-03
5.6941284010e-03
-1.8773769844e-03
-3.3585887675e-03
1.4550077606e-02
2.5670570875e-03
-1.1262928507e-02
7.4430131619e-04
3.0150088515e-03
1.1147103519e-02
1.6116038966e-03
-9.6150886421e-04
-8.4064199246e-03
-2.0673178876e-03
2.0336868193e-03
3.0179710159e-03
-8.1530186744e-03
-6.5456140058e-04
1.7538988864e-03
-5.9618397312e-03
-3.7343770614e-03
-2.3514715671e-03
-4.6546116516e-03
-2.3786890389e-03
2.5597035763e-03
-3.4027086223e-03
2.6416405261e-04
-4.4178977542e-03
2.2256202080e-03
-3.1836660106e-03
8.7257035732e-03
-5.1556291604e-04
-4.0228103816e-03
-4.2686012921e-03
4.8803332293e-03
-1.3795705280e-02
1.2922338940e-02
1.1759675250e-03
-3.9611231453e-03
-1.5149742683e-02
3.2193469969e-03
9.0770055677e-03
4.8333081768e-03
-2.1583447199e-03
-3.9400926315e-04
9.4409795063e-04
-6.0301440329e-03
-5.4008587375e-03
-2.6790744938e-03
-7.0919637079e-03
1.6632046845e-03
-5.3161170659e-03
9.4431412140e-04
1.2033058212e-02
-7.6378309347e-03
-4.6623243332e-03
1.2601587454e-03
-3.7174520461e-03
6.3410913554e-03
1.9017706545e-03
-6.7025858877e-03
6.0555805340e-03
-2.8697456666e-03
-1.6362502435e-03
6.9292388100e-04
-6.5443157551e-03
3.4217618192e-03
1.8976808322e-03
-1.3682708115e-02
-2.0978457079e-03
1.8239661299e-03
5.2948108583e-03
4.4206674481e-03
6.1236890277e-03
8.8446607718e-03
-6.2354873285e-03
-3.2461706410e-03
1.0083402244e-02
3.1438422450e-03
-7.0607434503e-03
-1.3997137449e-02
9.6004043992e-03
-6.0497482034e-03
6.3200266422e-03
6.3307507819e-03
-3.0320305570e-03
-4.8598119554e-03
6.5959585514e-03
-5.3552370139e-03
1.9279703075e-03
-8.8986236237e-04
-5.1548845176e-03
-2.9035152071e-03
-8.1961789476e-03
4.5203195931e-03
-5.3951924092e-03
6.9083847854e-03
-2.8399936672e-04
-5.8589844773e-03
1.1246034964e-02
4.7880004870e-03
-7.5154176170e-03
2.1340340154e-04
-1.9642910407e-03
-3.0915994644e-03
-1.2824276024e-03
-5.7990399319e-03
-1.8710574302e-03
-4.7451502448e-03
1.0660185459e-02
1.4943669063e-02
2.6079789108e-03
6.3961584854e-03
1.1345882606e-03
6.1524480067e-03
-2.3886727246e-03
-2.1496773079e-03
-1.0960475269e-02
-4.7478293592e-03
8.0084444600e-03
7.5622814330e-03
-3.2467213303e-03
-1.1258714827e-03
-5.4407625420e-03
1.1756831917e-03
-5.3476168234e-03
-2.6851793573e-03
5.4879256919e-03
8.7362274237e-03
1.1552886562e-02
-1.4408385827e-03
5.6185638034e-03
-6.3523389003e-03
4.1902097612e-03
6.2402404300e-05
-5.5275925763e-03
-1.5281055733e-04
1.7507398320e-04
2.4900445661e-03
1.3575830291e-03
-9.3073356560e-03
-7.7594287432e-03
1.3782541381e-02
1.7568999416e-03
-4.1604771767e-04
1.1322329634e-03
-9.0794269568e-04
-1.0552039725e-03
-1.4998689544e-03
9.9889765777e-03
6.6495283213e-03
9.7485346673e-03
3.1558620925e-03
-3.1479278772e-03
9.2105775314e-03
-8.3628552620e-03
-1.1109992838e-02
5.8842189269e-03
-6.9731382537e-03
-7.3002983702e-03
4.2529128364e-04
9.7930525498e-03
6.9303513250e-03
2.6768751137e-03
-3.5227630790e-03
6.2801029559e-04
7.2699899027e-03
-2.6002539157e-03
8.9735304247e-03
-2.2916683820e-03
-8.8615041889e-03
-2.8307976730e-03
-2.8523709428e-03
-3.8078363738e-03
1.6130746529e-04
-9.6745704738e-03
9.1764058198e-03
-7.7787158448e-03
-7.6701404674e-03
2.8090778579e-03
5.2921853684e-03
-5.5266112626e-03
2.8114807517e-02
-9.5971411165e-03
-7.4835502184e-03
1.5504078904e-04
4.6049137915e-03
1.8413473675e-02
-7.2833780458e-03
1.4611634481e-03
-4.9642719704e-03
-1.4916229140e-03
-9.3158331358e-03
-1.9099994190e-03
-8.2214329825e-03
-5.6605422619e-03
1.7714768520e-02
-4.6240609881e-03
-1.7508923893e-03
-4.3745440320e-03
8.1268650224e-03
-8.3155123670e-03
-7.8579732614e-04
7.3571585743e-03
6.2388011946e-03
6.8236426832e-03
1.1263152670e-02
8.0554228965e-03
2.3128631247e-03
-5.5940363106e-03
7.5874603481e-03
2.7347022051e-03
9.6501504607e-05
1.0421822858e-03
-1.1098968664e-02
8.8770720806e-03
3.6558675517e-03
1.9414189082e-03
-3.0270274053e-03
-1.9086751392e-03
-9.3608681772e-03
8.9190464022e-04
-8.5522540871e-03
-1.4020119005e-04
-6.2310715407e-03
5.8760828798e-05
-1.0301092642e-02
1.3069143051e-02
-6.5328571681e-03
-5.2076303135e-03
-1.1851009066e-02
1.8686311387e-03
-4.3231043265e-03
5.9549358340e-03
-8.9137681782e-03
-1.1850905133e-02
-3.0225689561e-03
3.8569730642e-03
4.0070052221e-04
-5.8538160456e-03
1.4261320034e-02
-2.6849482091e-03
6.0822905588e-03
8.0149697950e-04
-3.1211876850e-03
9.8700475817e-03
-5.5722460091e-03
-1.2713476269e-02
6.6076495864e-03
1.3767314999e-03
1.0839207379e-02
1.5929596068e-03
-2.4537369848e-03
2.0371383012e-02
-1.1617596326e-02
2.0133710907e-02
1.0260994717e-03
2.0101661485e-04
1.0338814217e-02
-7.8033398509e-04
6.8007070353e-03
-7.9752157257e-03
-7.9902508729e-03
-4.4440172697e-03
1.8242473845e-02
1.9049396803e-02
3.9232836917e-03
-1.0863605899e-02
1.6245522877e-03
6.3299107391e-03
9.4071846437e-03
7.5187725547e-04
-4.4934366682e-03
2.2933517096e-03
-8.7383817952e-03
8.0253980825e-03
-1.7793798833e-03
-5.7468799912e-03
-5.4366535455e-03
-9.6785936790e-03
-1.2036813007e-02
-2.1917749383e-03
7.6558041737e-03
2.8957142097e-03
6.9538434463e-04
-2.2297823259e-03
2.8019873192e-02
-6.7261898808e-03
1.2204604525e-02
-9.9544566682e-03
-3.2405174256e-04
-1.0332430076e-02
-6.4747627764e-03
-6.7714898386e-03
1.0295655099e-02
6.4634728611e-03
6.4890060556e-03
6.8405612263e-04
-1.2400644875e-02
4.2851588832e-03
-7.8461033622e-03
5.7669409160e-03
-8.5937673472e-03
-3.0657441655e-03
-2.6195957633e-03
-5.0605966225e-03
-7.8987994903e-03
2.3123702492e-03
-8.8893345827e-03
-6.0587750779e-03
2.3830416005e-03
1.2858852168e-02
-9.3172505100e-03
9.3573463305e-03
-9.3797118949e-03
9.3950925440e-03
5.1499746642e-03
-8.8932457975e-03
-3.1829834613e-03
5.6502812819e-03
9.1098715885e-04
4.6982988226e-03
2.6674311426e-03
-4.3736562472e-03
-9.3446870610e-03
4.9051876541e-03
-1.4278188808e-03
-4.7555661012e-04
-4.8864282837e-04
-3.5845460301e-03
8.1364335273e-03
3.0001992381e-02
1.0506265482e-02
9.2902564027e-03
-2.0505793516e-03
3.5735153461e-03
3.0361685235e-03
-9.0623416875e-03
8.3240523414e-03
-8.4870807796e-03
-1.9915511645e-03
3.6714846118e-03
6.3731956365e-03
-2.2228896986e-03
-3.5782352572e-03
-5.1015862606e-03
5.5751974241e-03
-8.9302079969e-03
-4.0601410519e-04
-4.9566479636e-04
9.7709509455e-04
4.5132851883e-03
-4.5792405876e-03
-3.8474842061e-03
9.9280268106e-03
1.0423921675e-03
-4.3631490374e-03
5.4286116829e-03
6.7877585260e-03
1.2536226024e-02
-2.9351132053e-03
-1.0327469074e-02
3.0357654113e-04
1.5967180917e-02
-1.2207678422e-02
-6.6738957818e-03
-9.8182689312e-03
3.9285018773e-03
-1.9608305600e-03
8.5177798880e-04
8.4438167828e-03
3.2387680918e-03
7.2909103563e-03
-3.2689710136e-03
6.0856388451e-03
-2.3848064610e-03
6.7907180404e-03
1.5962181309e-02
-1.0753355730e-02
-1.3352415755e-03
-3.4874359411e-03
3.0261818145e-03
-1.4597798351e-02
1.0244065192e-02
4.0276835635e-03
-7.6789790040e-03
2.1796291330e-03
8.6336182331e-03
1.5027969166e-02
-2.7400664509e-03
1.8608791276e-03
5.0629915532e-03
3.9848808088e-03
-2.0378644047e-03
5.0545344827e-03
4.8910837819e-03
5.0573182047e-03
-1.0227524708e-02
-1.1362013437e-02
-1.2621239727e-02
-4.2585703665e-03
3.9226132507e-03
-6.4621633796e-03
-3.5325457920e-03
-3.3375416802e-03
-1.9629971053e-05
4.5928586698e-03
-4.0113957100e-03
4.1934696767e-03
3.8985050189e-03
6.0116447305e-05
9.8396650179e-03
-5.0587580582e-03
5.7837121767e-03
-3.7007121239e-05
-4.8690561375e-03
-3.3570688591e-03
-6.5632494431e-03
1.2050573782e-02
3.0095296116e-03
-3.3128523878e-03
1.0984590689e-03
-1.7869290211e-03
6.8732002311e-03
-9.4299453013e-03
-9.1131113225e-03
1.2938215554e-02
3.3142641665e-03
3.8626468372e-03
1.4420981271e-02
-4.6648838356e-03
-4.5103027379e-03
7.5629528145e-03
2.8326019267e-03
3.8648404653e-03
-2.0588072802e-03
8.8194025417e-04
-9.2656812460e-03
-8.2441561533e-03
-5.0085923612e-03
-8.8434147591e-03
-3.4062878365e-03
-2.3325295123e-03
-3.8308671473e-03
1.3600562908e-02
2.5592493778e-03
2.1797507025e-03
1.5019537295e-02
4.9505495127e-03
-2.9485521348e-03
-4.3666548332e-03
-3.2611343731e-03
6.7115028483e-04
7.5336814203e-04
6.7865942071e-03
4.2996482006e-03
-3.8148336025e-05
7.0681032118e-03
-1.0836820853e-02
1.6264370991e-02
4.1533250939e-03
-1.3791814536e-03
9.4901140196e-03
-4.4589086952e-03
1.4757236680e-03
-1.8000105871e-03
-9.4935950040e-03
2.1772832269e-03
-5.5588081144e-03
1.2649450962e-02
1.4551364455e-02
-4.1383389989e-03
-3.6010811259e-03
5.1502352517e-03
2.4396176541e-03
-8.1652800438e-03
3.1040162710e-03
-6.9394225431e-03
-7.7913898317e-03
-4.4799155932e-03
-2.3088327168e-03
2.1437896136e-03
3.9925711797e-03
3.5680587135e-04
-7.7830123027e-03
-6.9893526224e-03
-2.7764383973e-03
4.8590874410e-03
6.8204530162e-03
7.0577507935e-03
5.9011795595e-03
-6.0021339945e-03
-2.5866256595e-03
-2.0805846519e-03
2.6924197747e-03
-1.9521929783e-03
4.0784846647e-03
3.9837913251e-03
1.9639762787e-03
-6.0182667657e-03
-4.6224410206e-04
-3.1770410675e-03
4.6470296303e-04
1.5748294821e-03
-3.0297804835e-03
-5.1853200533e-04
-6.6678325695e-03
-5.9553049388e-03
8.7362909428e-03
-3.3480378434e-03
8.6398523027e-03
-2.6314960283e-03
1.1394062534e-03
4.4218388154e-03
5.4063172900e-04
1.7708128219e-02
4.4408513438e-03
3.4344439628e-03
-6.9130001376e-04
4.0724982190e-03
-1.1129333850e-02
3.9232902161e-03
-1.0354828697e-02
-4.9079419460e-03
5.2301795287e-03
-9.6153657212e-03
-5.4871086365e-03
-4.1468857615e-03
1.8039267230e-03
-5.1464429149e-03
-2.8461961234e-03
5.5166119014e-04
1.3188569200e-02
2.7252832324e-03
-1.4861262457e-03
-1.0614422339e-02
1.9797231646e-03
-1.8509559411e-03
8.5299552427e-04
-3.6733505991e-03
-6.4322789870e-05
3.5211556553e-03
-7.3797825427e-04
3.0291632891e-03
6.7811332241e-03
-1.2557801455e-02
-1.4712916744e-03
-4.6873440291e-03
-3.1565317592e-03
5.5270556704e-04
-1.4194606744e-02
6.8676754296e-03
1.4923840818e-03
-5.0264297441e-03
1.3654393941e-02
8.6208731703e-03
4.2566863947e-03
3.3917235320e-04
-2.4828715110e-03
1.9374921137e-03
4.9093483476e-03
7.0876393289e-03
-3.8296306411e-03
-5.5395981399e-04
-5.2494370385e-03
-1.5280098187e-02
-5.1272312848e-03
-8.2186785371e-03
-4.2580030583e-03
1.7310134215e-03
3.1536634881e-03
-9.4178496021e-04
-9.3243174356e-03
1.9038463727e-03
-2.9977226116e-03
-5.9537120037e-03
9.8938710947e-03
-7.9423626386e-03
1.6483843207e-04
-3.3195527455e-03
5.7618682990e-03
-1.2633738797e-02
6.6873670113e-03
-1.1752655947e-02
-5.6651242683e-03
6.9972266695e-03
1.3212479952e-02
3.0684593080e-03
-3.8836270645e-03
-4.8941472062e-03
1.3909231593e-03
3.4916410572e-03
6.5936977001e-05
-4.9928322523e-03
-6.2979011775e-03
2.1188554923e-03
-9.7608596314e-03
4.5929613816e-03
5.1435171468e-03
1.9070244655e-03
-1.0105630267e-02
3.1271954759e-03
-6.1558143380e-03
7.3859181709e-03
-2.5477197020e-03
6.5105704695e-03
-6.7582922757e-03
6.1366415971e-03
-2.5801598503e-03
-9.0105707552e-03
1.0984569976e-03
-4.9948640998e-03
-9.5702346955e-04
1.0444583700e-02
4.8821737781e-03
6.1307910410e-03
-5.4524724727e-03
-6.1792153550e-03
-1.9568176593e-03
5.8511861940e-04
-3.8327831847e-03
5.1170511441e-03
6.9321731736e-03
2.5487865347e-02
7.0527236281e-04
1.8337749883e-03
1.5543125085e-03
1.3044231381e-02
4.1292264373e-04
5.3340491314e-03
-8.0010486873e-04
-3.4789353133e-03
2.8987782497e-03
-5.9979239617e-04
-7.0960627397e-03
2.2429522919e-03
-3.4672451309e-03
-1.6915877107e-03
1.4117708085e-02
-4.3262002158e-03
2.6190403687e-03
-1.5586021166e-03
5.9829896927e-03
-8.1242914266e-04
-2.3199516326e-03
6.4557876864e-03
-7.3965302821e-03
-5.6056898973e-03
-7.8820475028e-03
-5.6606153154e-03
4.8380472825e-03
9.8594261638e-03
5.9100323863e-03
1.2510814101e-02
1.1783653626e-03
2.5203584435e-03
-4.1568954405e-03
-9.0027049435e-03
-4.2417506739e-03
-1.1037290309e-02
2.0243777378e-03
-5.9647375777e-04
3.9717734850e-03
1.0371699996e-02
4.3067707817e-03
-2.8305805839e-03
1.2361672601e-02
-1.7564824963e-03
-1.9186712873e-03
-5.8666261796e-03
6.1800307574e-03
-1.0429909146e-02
-9.8121149292e-03
7.5746610478e-03
-2.3321957298e-03
2.8429654649e-03
3.0422179097e-03
-6.5039748258e-03
-2.5246079862e-03
-8.8177727488e-03
-3.9420168311e-03
-9.3551273256e-03
1.0542720893e-02
-2.6879675874e-03
3.9867996507e-03
-4.6458968195e-03
-8.8378162656e-03
-9.2953353647e-03
1.7544256739e-03
-7.8797856298e-03
-9.5926353555e-04
2.7001038702e-02
-1.0230340204e-03
2.5347098423e-03
1.0258182046e-02
1.0507581567e-02
-9.6073826710e-03
-3.9429795011e-03
4.2752472435e-03
-1.0469485535e-02
3.7839479172e-03
-2.4141404565e-03
9.6730693203e-03
5.9794665716e-03
-7.6399855888e-03
1.4428460243e-03
-6.4286851663e-04
-6.2060174499e-03
-5.7118518769e-03
1.0887144746e-03
2.9553488180e-02
1.4385308001e-03
-5.2615127090e-03
-5.0505643786e-04
-4.8878497342e-04
-3.3448821033e-03
7.0827147703e-03
-5.0244504363e-03
3.3401068646e-03
6.5270410527e-03
4.7571930801e-03
2.8581498088e-03
1.7177126758e-02
7.3830655923e-04
-2.7348109339e-03
6.3699163496e-03
-2.8565594980e-03
-2.4125853409e-03
5.1517361827e-03
6.2223782789e-03
5.2991854066e-03
2.7959797369e-03
-1.6488215636e-04
1.8735901897e-04
1.0652532708e-03
-1.0011162877e-03
-3.5620499440e-03
-5.6192025701e-03
8.1750397644e-04
6.1634321521e-04
-1.3065749025e-03
1.4533775163e-03
-1.0358252697e-02
3.8611137831e-03
4.8193466491e-03
-1.0612506494e-02
-2.6170407397e-03
-2.2283599115e-03
7.6719897192e-03
-3.2493941982e-03
-6.6433005524e-03
-7.0814209714e-03
-7.3509230337e-03
-5.4805634123e-03
1.0088093161e-02
-8.3692583022e-03
-2.2520785471e-03
2.6315796508e-03
1.5573464277e-02
4.9376581216e-03
-4.6493008980e-03
4.4662983255e-03
-1.0470382074e-02
1.6713375961e-02
-8.9802222099e-03
1.7225884747e-02
-8.7168904512e-03
-6.5602367393e-03
-2.9923867769e-03
-5.6792367275e-03
-8.8355814687e-03
-7.4259789327e-03
1.2802291484e-02
-7.5433563876e-03
1.9279495349e-03
6.4504184583e-03
1.1664993534e-04
-1.3481659095e-02
4.4428301305e-03
5.3152379980e-04
-6.1249561864e-03
-7.1212267787e-03
2.1875635766e-04
1.9252217455e-03
2.2889843231e-04
-9.6601989296e-03
-6.0446665909e-03
6.9797491126e-03
-1.2568910515e-03
-5.5668365258e-04
8.0091761641e-04
1.0228531543e-02
2.5828195140e-02
-4.0290130891e-03
-1.6281138229e-03
-6.9918502273e-03
-5.5488807331e-03
-4.4291432036e-03
-4.8401634331e-03
-3.5668667270e-04
1.2046919613e-03
-1.0732683397e-02
5.2818696709e-03
-4.2484726809e-03
3.9687069020e-03
-6.8487317231e-03
-3.6001703076e-03
-6.4349610850e-03
-7.7814715891e-03
-3.9820376080e-03
1.4854894991e-02
1.1369481514e-02
1.0316897145e-02
-2.5650127571e-03
1.2562446805e-04
1.1064974410e-02
-2.8151778136e-03
-7.6257996683e-03
7.3067909258e-03
-3.5497881124e-03
3.5586359210e-03
9.3022997502e-03
-4.6849442179e-03
-3.5145978827e-04
8.2369056375e-03
3.6093921800e-04
-1.4845530138e-03
-2.8561319885e-03
1.1670720924e-03
-4.0703469637e-03
3.9820111413e-03
1.2747118576e-02
6.8508353276e-03
8.6846839945e-03
1.9407737014e-03
-5.6369951070e-03
-4.0147862116e-03
4.1969346428e-03
-5.7256835799e-03
7.4654209107e-03
-5.4402164789e-03
-1.0358876078e-02
4.9783179957e-03
-1.6449529101e-03
-1.6746665521e-03
5.8944738968e-03
-9.7399932815e-03
-2.1943539983e-03
9.7953897897e-03
6.7222035372e-03
-6.6323557580e-04
2.2858889584e-02
-9.2437948680e-03
-1.0628986089e-02
-6.1026854780e-04
-4.1727708861e-03
1.9094471629e-03
-1.4370616843e-03
-6.9848812436e-03
-1.1030790878e-02
-1.0826160885e-02
1.0093615605e-02
-4.2033099104e-04
4.0828373053e-03
7.6018160135e-03
8.5717380478e-04
-6.3007119533e-03
1.0006781609e-02
-3.1507298069e-03
-1.7069957092e-03
2.9433446841e-03
-3.6494956922e-03
3.4049771439e-03
-6.3847241647e-03
-9.1802311890e-03
-2.8395514958e-03
-3.7332070032e-03
-1.9577122165e-03
6.8271902423e-04
1.7074638675e-03
-3.3499530267e-05
-6.8772798589e-03
3.0871064207e-03
-5.8477329988e-05
-2.1008716174e-03
-8.3406656557e-03
-4.3378473750e-03
-8.8694428663e-03
-1.3496933763e-03
-9.9759233905e-03
2.8347994603e-03
4.4192947015e-03
-5.2350751577e-03
3.3685831283e-03
-5.7077111072e-03
-4.9871657091e-04
1.8722233027e-03
4.5577089396e-03
9.9265259218e-03
2.1922832936e-03
-2.9928561611e-03
-1.9646280134e-03
-6.2888736239e-04
1.8010875690e-04
-1.8527123720e-03
7.7860157877e-03
2.8617187442e-03
-8.2168289642e-03
7.7760266000e-05
4.4869782599e-04
-4.5661645675e-03
-6.3752520340e-03
-6.6290551769e-03
3.1119048704e-03
-5.9329349893e-03
1.0911067385e-02
-6.7565732674e-04
-6.4831732018e-04
7.1850420562e-03
-8.7719604378e-04
-1.1333773948e-02
-4.5741847988e-03
1.6505798163e-02
7.7128032620e-03
1.2593486409e-02
1.1516849694e-03
-4.8567127370e-03
-6.4823567293e-03
4.9069830745e-04
7.5738050427e-03
-3.8012472386e-03
3.4111380445e-04
1.4769238854e-03
-8.7111834185e-03
-7.3642583190e-03
-5.1555463126e-03
2.6887626065e-03
-1.9647628631e-04
1.0244514106e-02
-4.9901218087e-03
4.9785600691e-04
-4.9826201229e-03
9.8551832900e-03
4.4500985625e-03
-2.8482180831e-03
2.7707743965e-03
-7.0267238566e-03
-3.8306379156e-03
-2.4983451027e-03
7.2120092917e-03
-1.0204988260e-02
-2.4042398956e-03
1.3233400506e-02
3.8741312677e-03
-2.3730953226e-03
2.8375803664e-03
3.7702002131e-03
-7.9248793802e-03
9.5100868982e-03
-3.1300194783e-03
2.4831895607e-02
-2.5601506104e-03
-5.3520668334e-03
-5.8895674902e-03
-2.9199237789e-03
-7.6090019531e-05
2.0084141806e-02
1.6940882798e-03
-1.1213338125e-03
6.7668732439e-03
-4.3659902413e-04
-4.6853157499e-03
8.3667920045e-03
-5.1561356307e-03
1.4121941382e-02
-6.5975655633e-04
-1.3087000176e-02
-4.2184751253e-04
-3.2002356631e-03
8.1156063447e-03
-5.0293580086e-03
4.1419913865e-03
-2.7682590077e-03
-6.6338688890e-03
-4.6710259109e-04
6.7139449664e-03
2.7808688590e-02
-5.8663558332e-04
-2.6659343601e-03
8.7659931504e-04
-2.8109125518e-03
1.8258380250e-03
6.4887530199e-03
-1.9179078787e-03
-5.5205357360e-03
-1.1290915321e-02
1.0425102105e-02
-5.4550715662e-03
-9.9762516129e-03
-9.6912128449e-04
1.5217617642e-02
6.2259693481e-03
-1.8094399056e-03
2.1774937005e-03
-5.2033058657e-03
3.9190394136e-03
7.6050911249e-03
4.0611779102e-03
1.8431700539e-02
-7.4774371448e-04
5.0795105300e-04
3.8147104244e-03
1.0635349482e-02
-1.9233503665e-03
1.3487991315e-03
6.3086422213e-03
-1.3311841261e-03
-4.9475560708e-03
7.9808949209e-03
-5.1049539174e-03
2.6253415294e-02
-3.2294624657e-03
4.1209248301e-03
1.9989910383e-03
7.3167969092e-04
-7.1723215648e-04
1.2818024144e-02
-9.6334053390e-03
1.6754817009e-03
5.2369520026e-03
1.0330561853e-04
1.0393929123e-02
-6.0998163546e-03
2.5309443239e-03
6.5495805147e-03
3.1821754612e-03
1.5941946153e-03
-2.4393106721e-03
-3.2835984135e-03
1.8931615863e-03
-2.3067246213e-03
1.0315681943e-02
-8.3053364437e-03
-7.8912907108e-04
-4.6104920527e-03
1.1568728636e-03
-4.3246608607e-03
3.9366944108e-03
1.7721446881e-03
-1.2918677959e-02
4.3699031760e-03
-1.2789910240e-02
2.4583327548e-06
-9.3968210721e-03
4.5107338981e-05
5.9079207979e-04
-6.9759967217e-03
3.0130574246e-03
1.9731081876e-04
4.2976730079e-03
-4.3004245233e-03
3.4668353172e-03
7.2793558190e-03
-8.2907343019e-03
6.0686136938e-04
-7.6076040329e-03
-8.6718026511e-03
4.4472009331e-03
2.3468299722e-03
1.0492083713e-03
-1.5056884172e-03
-8.4450283888e-03
2.5460988635e-03
-3.4891049994e-03
9.1616621224e-04
9.4375931364e-03
1.2436713053e-02
-9.4325968488e-03
-8.3510945287e-04
1.2669370354e-02
-9.5125571919e-04
2.7910938057e-04
4.3325837549e-03
4.0083204045e-03
-1.2583152679e-02
1.6439283640e-02
-8.9453869741e-03
-2.0030228028e-03
8.5516647148e-04
1.8062940680e-04
-5.5554728229e-04
-1.0423616691e-02
6.0284310686e-03
8.9221947281e-04
2.3715319555e-02
1.3465776113e-02
-2.6983962849e-03
-3.9451781762e-04
7.7209669333e-03
-7.3325781755e-03
-2.8622578233e-03
4.7364677090e-03
6.0923379052e-04
-9.3873626302e-03
-4.4629656433e-04
-4.5482973958e-03
-8.3074925057e-03
-8.9751084002e-04
-1.1893656882e-02
-6.8924054433e-03
1.0764524720e-02
1.2324092174e-02
5.9318023410e-03
3.6697374484e-04
8.2793378805e-04
1.1146412464e-03
5.0950365138e-04
-6.6739974324e-04
-2.0307349879e-03
1.0693491009e-03
-7.8785425076e-03
-9.7845771447e-03
3.1855082730e-03
-5.6573292120e-03
-6.4224097876e-03
-9.6960133408e-03
-6.9958540172e-03
8.4253696649e-03
2.8964036064e-03
1.7182252045e-02
-1.1799244135e-02
4.2440789995e-03
-5.7372716257e-03
-7.2182582042e-03
1.3421823780e-03
-6.0772984299e-03
9.6699269481e-03
-1.0171307539e-02
1.4449735659e-02
9.8229498612e-03
-5.0249691498e-03
8.7646341973e-03
-2.6841180176e-03
1.3819212719e-02
8.3394423646e-03
1.9728268133e-03
-1.5093204916e-03
2.4987331361e-02
-4.1349041027e-03
2.0135134700e-03
4.4670737734e-03
-1.1643862582e-02
-9.3864531557e-03
2.4232380134e-03
-6.1364462896e-03
-1.0185741271e-02
2.6223477808e-03
6.0811546860e-04
-9.4788555533e-03
-8.5814113451e-03
1.1581840772e-04
-1.3803999779e-03
-1.0749831089e-03
-1.3573273427e-02
-7.1712349650e-03
-4.9657970301e-03
-5.4595879084e-04
-1.8670046161e-03
-3.3790282274e-03
-5.8094788302e-03
2.6067400744e-03
-4.5769348682e-03
-9.2022903589e-03
6.6086025396e-03
2.3689340228e-03
1.3486499971e-02
-9.6552872793e-03
-6.6627157367e-03
-4.1321157881e-03
1.4995208598e-03
4.9276220877e-03
1.7194047927e-03
1.0595082612e-02
-6.9146455977e-03
-1.3243322810e-03
-4.7250714444e-03
5.6673881470e-03
1.1665403675e-03
1.1645700987e-03
6.9396517405e-03
1.8104787645e-02
8.4540060215e-03
4.6447556637e-03
-1.1700791223e-03
-4.6140145399e-03
-4.6352131436e-03
8.6946115816e-03
-7.0656692902e-03
4.9928771585e-03
3.6441523028e-03
-2.1929913937e-05
-3.4629940588e-03
4.9621198496e-03
5.5092274753e-03
-3.3802706159e-03
1.0086540850e-03
4.4247421781e-03
-3.3015086239e-03
4.5948438150e-03
-2.6475931077e-03
-6.5723710502e-03
-1.9436278716e-03
-4.6329636664e-03
-1.6699270089e-03
-7.4201866394e-04
1.2396232508e-02
4.6175784873e-03
-2.2487021694e-03
3.8240618939e-03
-5.2549447463e-03
-3.8816515158e-03
5.9833082306e-03
-3.3151585155e-04
2.2307759189e-03
-1.7703331760e-03
-6.1805720334e-03
-1.7374198324e-03
3.1264983976e-03
-4.1840269415e-03
2.9289286392e-03
-2.8652532145e-03
1.0498643091e-03
-1.0025212435e-02
-6.5556285194e-04
-3.0014055799e-03
3.8415631985e-03
-9.9230423669e-04
-1.1116704598e-03
-8.0609862656e-03
1.8957259739e-02
6.0032279785e-03
-3.7519408055e-03
-8.8976499108e-03
2.2582059660e-03
-1.0758999630e-03
7.1899488542e-04
1.3068423710e-02
3.3125556650e-03
-4.1454860349e-03
2.4872860985e-03
-5.2353140193e-03
3.4660945595e-03
1.6904651560e-03
2.9071291448e-03
-6.5833353066e-03
1.7044397536e-03
4.3357499624e-03
-5.4681557024e-03
-4.6608407878e-03
8.6347824074e-03
-4.7116971337e-03
4.4257585913e-03
-1.1181539815e-03
-8.6443277262e-03
1.2426777610e-02
-7.9707294658e-03
9.7915186618e-03
1.8740485856e-02
-1.3181754608e-02
2.7560459825e-03
6.3610272513e-03
-2.2954661384e-03
-6.6779637849e-04
2.0853168893e-03
-7.2340643872e-03
9.0067218517e-04
5.7171877945e-03
-6.4650361575e-03
-3.5724622442e-03
5.2604705402e-03
-2.8558483651e-04
7.5544011437e-03
-5.6761156201e-03
1.7086900469e-03
8.6818050339e-03
-1.3488877256e-03
1.0271784401e-02
1.0509731745e-03
9.0942916161e-03
5.9652574227e-03
1.7110147847e-02
-3.4814563612e-03
2.8685602592e-03
1.5598649087e-03
-4.1464116214e-03
-4.9160981934e-03
-9.6372492533e-03
3.1410389535e-03
7.5563802664e-04
-1.9692720859e-03
-2.1410924529e-03
-8.1346995344e-03
1.6320327645e-03
-3.5602148912e-03
-2.6060097359e-03
-2.7467961864e-03
-9.1921473884e-03
1.7811386250e-02
-1.4268574534e-03
5.6479111482e-03
3.1450875004e-03
-8.5865854614e-03
2.4166919358e-03
-5.3531601038e-03
2.5932958400e-04
-3.9553148750e-03
-2.5498394946e-03
5.1895130880e-04
2.1824956443e-03
4.1345053789e-03
1.3297035281e-04
-1.3241798080e-03
4.5316238725e-03
-4.0955268123e-04
-1.1928102575e-02
-5.9947465237e-03
5.8086860428e-05
-8.4514196438e-03
7.4699737968e-03
7.3829279476e-03
1.1971463650e-02
-3.8842943290e-03
-1.7923007420e-03
1.6716167911e-02
-4.2617855394e-03
3.1271839315e-03
-2.4494141229e-03
-7.5354821957e-03
-6.8800574000e-03
-9.2432101932e-04
1.0351920363e-02
-2.0754080601e-03
-6.3872322062e-03
-7.8591544059e-04
1.4210646533e-03
-2.4395348024e-03
-5.8972693454e-03
2.6905792991e-03
-5.0399238240e-03
-5.6878042008e-03
2.9623922818e-04
-3.6310400786e-03
-7.6542360349e-03
9.8096258150e-04
1.1472970176e-02
-8.5399219662e-03
-2.0283654541e-03
-1.3960721205e-03
7.2051193153e-03
1.8335604359e-03
-7.0099753316e-03
-3.4015770046e-03
-6.1044193517e-03
-5.2769326192e-04
5.3110794873e-03
-3.9731208772e-03
-4.9369251629e-03
6.2092689263e-03
-1.0734200907e-02
-3.3848626959e-03
-8.7704061812e-04
-1.5905714147e-03
-3.8390163157e-03
2.1590902243e-02
1.4760982063e-02
9.1541571867e-03
1.9569664923e-03
-8.1942183844e-03
-5.8549286441e-03
-1.4271538551e-02
-4.5526842702e-03
-1.3450047657e-02
-5.1628085697e-03
-2.7275390840e-03
-3.5982113194e-03
8.0994115668e-03
-1.4102634327e-02
5.7313128406e-03
3.7812056901e-04
7.0122545726e-03
-6.6435539451e-03
-9.6549910410e-03
6.7846086816e-03
1.5628742487e-02
4.4668404202e-03
-2.4189621554e-03
-3.7589913727e-03
4.3564468883e-03
1.2533559948e-02
8.6139885558e-03
1.2276080252e-02
8.1743881969e-03
2.2304647135e-04
1.1893474082e-03
4.4507667951e-03
1.0172543125e-03
3.9307428162e-03
-2.7479017260e-03
-1.3812103376e-03
2.5361902814e-03
-7.4678672221e-03
-4.9919343415e-03
-7.8295216882e-03
3.4243060700e-03
-5.1993164096e-03
9.2645417303e-03
-2.9760774715e-03
1.1615140354e-02
-4.4138655917e-04
-1.4065914024e-03
-1.8930435464e-03
-8.7100321641e-03
-1.4112407104e-03
-2.8587146009e-03
3.3649877962e-03
-1.5447685089e-02
-1.0452048462e-02
6.0712446892e-03
-5.1710338385e-03
-7.2417296845e-03
4.8388347288e-03
-4.9359993137e-04
-6.3635813011e-03
-1.2587989338e-02
3.3831456922e-03
1.2775580425e-02
-1.2191887244e-02
1.1690420464e-02
3.3790027278e-02
1.3602867547e-02
-1.3257701701e-03
9.8259958506e-04
5.7832158548e-03
3.0289946883e-03
-1.1711642131e-03
-5.7715044067e-03
4.1804622716e-03
-6.4327028160e-03
-3.8638978372e-03
-5.5787949752e-03
-7.4093779122e-03
1.5345571722e-02
4.3215051969e-03
1.9509958074e-03
1.1503451137e-02
-8.4123280975e-03
-1.3759029174e-03
-1.1668055131e-02
-3.0971365057e-03
-4.6268849698e-03
-3.1153060918e-03
5.5177025782e-03
-6.5951152127e-03
-4.2140581138e-04
-5.0929565076e-03
-5.1757540543e-03
-3.8143260995e-04
-8.2772684044e-03
3.7361716778e-03
7.2242226185e-03
-1.4189136101e-04
-1.1744971526e-02
-2.5985127440e-03
4.0351212421e-03
2.2418948733e-03
1.4028090104e-03
1.5466737846e-03
1.5926981180e-02
-9.2264163876e-03
-6.8895001165e-03
5.1693922792e-03
-8.0316323529e-03
1.1430040256e-03
-5.1684618374e-03
-3.4358003540e-03
3.4169676209e-03
1.3145186799e-02
-8.8987415391e-04
-3.9165041372e-03
-7.6287499888e-04
8.8396909759e-03
4.3226643741e-03
-4.5457527392e-03
-3.0048831398e-03
-9.7773556820e-04
-3.5040255263e-03
1.0274479803e-03
6.3413907597e-03
-6.6614549285e-04
-9.1951422160e-03
1.3124884063e-03
-3.8873820749e-03
-3.0561506058e-03
-7.0549794525e-03
8.1918147834e-03
-2.1831803979e-04
-4.2375490726e-04
-3.9008163586e-03
-6.9479114009e-03
-3.6398273529e-03
7.9872386150e-03
-1.9766336046e-03
-1.8370605547e-03
-7.7005618967e-03
-3.2992765358e-03
-1.0954009568e-03
-1.9451178300e-03
-6.8704130568e-03
1.4586016104e-02
4.3365957065e-03
2.3468005192e-04
1.1412046219e-04
6.6683591568e-03
-6.3047514285e-04
-2.9362960151e-03
4.0856732988e-04
3.3666111714e-03
-2.4936732130e-03
-9.5920681548e-03
-1.9786091956e-03
7.5468106520e-03
-4.4336309630e-03
-9.2355398379e-03
-8.0475742036e-03
-2.4572777808e-03
4.2448548441e-03
-5.3911249533e-03
1.6952872499e-03
6.3804844694e-03
-4.1273835020e-03
-4.2228609361e-03
-3.6850488679e-04
8.3168867785e-03
-8.3540360916e-03
-5.6872623219e-03
-4.6860035012e-03
-9.1473576138e-05
-2.8992215733e-03
9.4761766855e-03
-7.2727012578e-03
-4.2296097290e-03
-5.6062038832e-03
-4.5132470276e-03
1.9717788538e-03
6.0335784216e-03
5.0622611492e-03
1.5309538171e-03
-6.2744051695e-03
4.9176778712e-03
-1.8081588614e-03
4.9394612742e-03
5.1244937161e-03
1.2018157547e-02
6.9389613009e-03
6.1962749606e-03
-2.9400164959e-03
-4.6268140703e-03
-3.9912287686e-03
-9.1766834506e-03
-9.2720209465e-03
-7.6026227000e-03
-1.1117343330e-02
1.1630119006e-02
6.2574683299e-03
4.4665455248e-04
-1.1322270892e-03
1.7720483625e-02
-8.5512116488e-03
-1.5318547084e-03
4.1388598394e-03
-1.8967109318e-03
5.4232564928e-03
8.9018811147e-03
-3.0684920593e-03
1.1288260368e-02
-8.6774732358e-03
1.4243921820e-04
-9.0255185156e-05
-2.6600799284e-03
7.2099121796e-03
-2.8142883348e-03
-4.4705214621e-04
3.1834667586e-03
-1.7179924237e-03
1.3231426611e-02
1.0735367550e-02
5.1682511360e-03
8.4821110551e-03
5.2448619069e-03
-4.8784784090e-03
-1.1006869869e-03
-9.9496781159e-05
-4.5086332318e-03
-1.3380365952e-02
1.2711421182e-02
-7.9684543852e-03
7.3939694529e-03
-3.4944517688e-03
1.2504621629e-02
4.2736990304e-03
1.7174895328e-03
-4.4930485826e-03
-1.0174310125e-03
-3.3662727981e-03
9.3139919236e-03
5.0021463614e-03
1.8648285485e-02
6.2620474726e-03
5.0891508529e-03
4.8550841595e-04
6.0771826446e-03
-5.6980252876e-04
1.1507318777e-02
-5.2046897570e-03
3.4437938323e-03
-8.7769407737e-05
3.7708163147e-03
-2.4169973699e-03
-6.3580729926e-05
-3.8631401804e-03
2.0410333771e-03
5.0962014218e-03
3.9341796137e-03
1.1080481232e-02
9.2968765524e-03
-6.2637000311e-03
5.2054157747e-03
1.2768152160e-02
-7.0622841773e-03
-7.5748906604e-04
1.1109983322e-02
-3.5832441912e-03
-4.2838127622e-03
-1.3910138935e-03
-6.2856843488e-03
-7.9119040049e-03
-7.5737446286e-03
-7.7044402141e-03
2.2706717719e-03
7.6124624413e-03
-7.3730339244e-03
-3.6081608811e-03
-5.2095946253e-03
2.6224922362e-03
-1.2382701054e-03
-1.1096621531e-03
2.5978383076e-04
1.2436290847e-03
1.3258450042e-02
-3.3459744672e-03
-3.5720264133e-04
-5.2760148916e-03
1.1848799723e-02
-5.1122291491e-03
4.6218474407e-04
-1.7840081161e-04
1.3130918427e-02
5.3507524929e-03
4.8854554931e-03
8.9391646457e-03
-9.3847887663e-03
4.6568987218e-03
9.8134258184e-03
1.3592594401e-02
2.6056173475e-04
-3.5406393412e-03
-5.6306139785e-03
-3.1656812160e-03
-5.4971057642e-03
-5.8799845990e-03
1.8871553410e-03
-7.5538054130e-03
-2.1275744562e-05
-4.9639412733e-03
-1.0438732983e-03
-2.8780623383e-03
-1.6396695425e-05
-3.5192880434e-03
-7.5342782200e-03
-2.6649824018e-03
-8.6786216653e-03
-2.6726225425e-03
5.5037223733e-03
-2.5885312074e-03
1.8149530957e-03
-3.3579423082e-03
-5.4269217418e-03
1.2509532597e-02
-2.7903493128e-04
1.9508402246e-03
-3.1280013831e-03
5.6452162107e-03
-8.9341970347e-03
4.6047453890e-03
5.3276724887e-03
2.6407870688e-03
-8.3151385310e-03
4.3715954605e-03
-2.3218844384e-03
-5.7563875574e-03
-3.8610341783e-03
1.7553543416e-02
-1.3524236172e-03
-4.9214810868e-03
-2.9160736095e-03
4.6221470828e-03
-2.7879861099e-03
-7.4206425901e-03
1.3247351436e-02
-1.4831734652e-03
5.3184775918e-03
-4.3222957455e-05
3.6398968753e-03
-9.0131929248e-03
7.5937279155e-03
-2.9615080987e-03
-1.1698116650e-03
-5.9283085169e-04
-1.6686849663e-04
-5.9643379835e-03
5.0224216431e-03
-8.9768643250e-03
1.0621442229e-03
-4.5891967859e-03
-6.8735739897e-03
-3.7682904491e-04
-1.0142304019e-02
-6.2810838084e-03
6.3501339343e-03
3.0352848383e-03
-4.4520296693e-04
-4.5473756262e-03
5.4019217320e-03
3.3554744117e-03
-1.3937640264e-03
-4.6339641202e-03
-4.3211249104e-03
2.9803691964e-03
2.3823372733e-03
2.0263304725e-03
-4.3684518079e-03
-8.1055486134e-04
-2.4400532510e-03
8.3465510550e-03
-8.3180160109e-04
4.3525853087e-03
-7.7784955755e-03
1.5756214045e-03
-8.6990030509e-03
1.2774840738e-02
-4.6241538826e-03
1.3814216953e-02
6.5982322409e-04
5.5290542625e-03
-9.0030266149e-03
8.5341580453e-03
1.3634692275e-02
3.2551312054e-04
-1.4648786202e-03
1.6410423707e-02
6.8884333367e-03
1.6101761491e-03
-9.2020828136e-03
-1.2020952179e-02
1.2461061902e-02
-1.6122012402e-05
-1.7987486462e-03
-8.8614412828e-04
4.5946790094e-03
-9.3094661849e-04
6.9187031601e-03
7.4725397171e-03
-4.1411344754e-03
-7.7776019154e-03
1.9185542849e-03
2.1029860136e-02
-3.5435428129e-04
3.8465892252e-03
1.4827828108e-02
5.1951034750e-05
-7.7140706886e-03
-9.0415277331e-03
2.6910692054e-04
-7.6031224741e-03
-1.0125911059e-02
-6.8736733318e-03
4.8987777679e-03
6.3389770854e-03
-3.8307527923e-04
1.3840971658e-02
-9.5340070423e-03
-2.2055216173e-04
-9.0351684041e-04
-4.7166606958e-03
2.7442542857e-03
1.5340489442e-02
-4.2684000257e-03
-2.4660884140e-03
-3.1144597820e-03
-2.3531318256e-03
1.1620207491e-02
-3.9276471352e-03
-7.0456427342e-03
-6.2351596365e-03
-3.2500775265e-03
2.7151801710e-04
-4.8763213785e-03
1.6476268140e-02
1.2964243844e-02
-7.9815617392e-03
-5.1339480412e-03
3.8105290085e-03
3.8392516619e-03
-1.1539189956e-02
1.0939191549e-02
1.2283247579e-02
-1.7400840860e-03
1.6946811347e-03
-3.9863108901e-04
-1.8477693603e-03
-6.3407864918e-03
-3.8698483036e-03
4.8955469771e-03
-1.6310742412e-02
1.3116608009e-02
-9.4289607908e-03
-1.0416539951e-02
9.0143550574e-04
4.1171101749e-03
-5.1542661568e-03
1.7091893765e-02
8.8861362666e-04
5.4719676416e-03
-6.1482205614e-03
-2.4614374886e-03
-3.6314358376e-03
-2.8994607894e-03
-5.0166131314e-04
1.0351056586e-03
2.4827752412e-03
1.1462388524e-02
-9.1754599542e-03
4.3598094353e-03
-8.2181367573e-03
-1.2365550780e-03
1.2144488053e-02
-6.0151392813e-03
-6.7370115633e-04
5.4234168708e-03
-4.8899665016e-03
6.9330287325e-03
-5.1401781799e-04
-4.3377505584e-03
-7.9674502228e-04
-4.0098139767e-03
-1.9962260707e-03
-9.4695156035e-04
1.7531995225e-03
6.7592529063e-03
-3.3937735970e-03
-9.1408160367e-04
1.9722177692e-03
-8.8983972535e-03
1.4150525999e-03
3.2735116601e-04
-2.8844010867e-03
-8.8187447550e-04
5.3019419242e-03
2.2185917416e-03
-4.7828894560e-03
-6.9590114866e-03
8.0062141494e-03
-8.1973954071e-03
-2.9587974624e-03
-4.8380613702e-03
9.6620533211e-03
4.2564445126e-04
-1.1636721082e-03
-6.1154875701e-03
-1.3044574038e-02
-8.2514573032e-03
-1.3260437881e-03
5.5644873587e-03
-4.2528474179e-03
1.4738473047e-02
3.5401677670e-03
-1.0198137896e-02
-9.0912476152e-03
4.7727279776e-03
-1.8690962088e-03
3.7883181479e-04
5.5527118644e-04
-7.7843929613e-03
-7.4310510107e-03
-8.3253381725e-03
-4.5622998961e-03
6.6467504783e-03
-4.5415869662e-03
2.7870692987e-03
7.1173623909e-03
-5.7883775789e-03
-4.7869775238e-03
-4.7008482007e-03
-9.7413678740e-03
9.6450768304e-03
1.2904118658e-03
-1.3743276809e-03
1.0082887742e-02
5.5058640006e-03
-4.5512908474e-03
2.5685214409e-03
5.8882370080e-04
8.5356671482e-03
1.3618737126e-02
6.8294381542e-03
1.2025671689e-03
2.1720942657e-03
8.0139978527e-03
7.7706265877e-03
-3.2929053568e-03
-5.1150513783e-03
9.4770777251e-03
-9.0213670859e-03
6.3294430806e-03
2.0896149995e-03
1.8528632874e-02
4.1229752144e-03
9.7154263590e-03
-3.6742238385e-03
1.5407346224e-02
3.6324782819e-03
-2.7807079402e-03
-8.9740605281e-03
1.0080611008e-02
-1.0292871853e-02
-3.6229807911e-03
-6.4635324049e-03
-6.9699795932e-04
1.2554338747e-03
8.9392994475e-03
-1.0033714326e-02
3.4989480147e-03
5.5098920434e-04
-3.3696502864e-04
1.6075403469e-03
2.8242367861e-03
-1.8534803423e-03
-1.9568163931e-03
-1.0266427172e-03
-2.2556767365e-03
-1.5078373123e-04
1.6609329980e-03
2.8497325504e-03
1.0319477822e-02
-3.0504991798e-03
-9.7234539241e-03
-4.0690006538e-03
-7.7646509994e-03
3.5875077850e-03
-7.8415608260e-03
-4.4058117907e-03
-5.9997370778e-03
9.0079905994e-03
-4.0755007932e-03
4.3278552868e-03
-4.6663479033e-03
-5.7610552586e-03
1.0697153721e-03
-8.7989960776e-03
1.4158712183e-03
-1.4312466532e-03
-9.6153223560e-03
2.3143647691e-03
1.1528608273e-02
1.3668381690e-02
-3.5310019671e-03
9.9609926107e-03
-1.5581814739e-02
-6.9567733501e-03
4.5521720240e-03
-7.2912607941e-03
2.1633288231e-03
3.1206747393e-04
3.5243877391e-03
-5.3228941666e-03
-4.2410188268e-03
4.0050936462e-03
1.3712682900e-03
-5.9105508282e-03
1.1181441603e-03
1.0464222773e-02
6.2489194827e-04
1.0442092203e-02
-1.0150809256e-03
-7.3945625594e-03
1.2480862054e-03
-9.8427212463e-03
4.1205143531e-03
1.5305028477e-03
5.4870701033e-03
3.5922800998e-03
-4.9116012434e-03
3.0993199133e-03
-3.3315938730e-03
-3.2229915037e-03
-2.5779035363e-03
2.3585190021e-02
2.5803504224e-03
-2.7580538208e-03
-1.4888403254e-03
4.5868981120e-03
-6.4114830617e-03
2.8890577029e-03
-1.6412518026e-03
-1.0373458164e-02
4.3961780644e-03
-5.6374493633e-03
-5.2127611306e-03
-2.3779437571e-03
1.9488283517e-02
1.3331994497e-02
3.3746804992e-03
5.7459291176e-03
-1.5257991837e-04
-9.4964810381e-03
2.3162626402e-03
9.4873555536e-03
-6.6620054427e-03
3.6662586384e-03
-5.2601483137e-03
-9.2121392155e-03
5.9260175065e-03
5.7132315718e-03
-1.4590321097e-02
7.4737460741e-03
-7.1487610891e-03
6.0809380745e-04
4.1455567610e-03
2.5602172010e-03
-6.3239227304e-03
4.0147182983e-03
-3.9864160911e-03
-4.5800679234e-03
-1.4454738619e-03
7.1621958846e-03
-1.1185212310e-02
1.4010040622e-03
-5.2156686038e-03
-5.1917594141e-03
6.6251707413e-04
3.0032127500e-04
-1.2020997368e-02
1.2710487798e-02
-6.5212297554e-03
2.2789335693e-02
-5.9087710259e-04
2.1783827339e-03
1.7697841822e-02
2.2401557553e-03
9.0690103816e-04
-6.8112703260e-04
-1.0981865532e-03
-1.5305809817e-03
3.8188396731e-03
8.5067509060e-03
1.1078147611e-03
1.4150081176e-02
3.8870679202e-04
8.1268983599e-03
1.8584274653e-03
-6.2200650805e-03
-1.0485407602e-02
3.3371096909e-03
1.6241309497e-03
-2.7289153428e-03
-2.4268821776e-03
-5.5160930007e-03
3.3913442302e-03
