7.6269973996e-03
-4.9453277786e-03
-4.1115597453e-03
-2.1250808045e-03
7.7109827912e-03
-8.1964643800e-04
-7.4863770751e-03
-4.1592332917e-03
5.7003494586e-03
2.1410109887e-03
-2.0491611962e-03
4.4563924138e-03
7.0140233250e-03
-6.3630202015e-04
-1.9272297872e-03
-2.2505909171e-03
9.2784366553e-04
3.8972873707e-03
-3.9055472021e-03
7.0343137452e-03
1.5380981589e-03
-5.2104320566e-03
-3.0543721720e-03
-4.1389539721e-03
3.2323416436e-03
-4.1998598641e-03
1.1844503718e-03
4.2365247246e-03
1.8689395454e-02
6.9485877415e-03
-3.8043981348e-03
-6.0779755308e-05
6.9403562099e-03
1.3156957175e-03
-4.7207682465e-03
7.1579371510e-04
-6.3335408385e-03
1.5225279976e-03
-2.1257626114e-03
2.4319424847e-03
-2.2813645229e-03
1.1344146978e-02
4.2372447007e-03
-5.0537326899e-04
6.0026771201e-04
-3.9751435225e-03
3.1233975209e-03
-8.4965454485e-04
-1.4739031179e-03
7.3005261829e-03
-1.6114815094e-03
-1.7213010976e-03
1.1435810748e-03
3.9747774433e-03
-1.1753030881e-03
-2.3555832420e-03
3.1072889695e-03
-6.5817439200e-03
-1.0294793672e-04
-3.3260012500e-03
1.5537692291e-03
2.6917427261e-03
7.4477111234e-04
1.2372380219e-03
-4.3243649869e-03
-1.6531477394e-03
5.2342299487e-03
3.7920071447e-03
-5.9606524496e-03
8.1757077530e-04
-9.8016423690e-04
-6.9828065372e-03
1.4403176883e-03
-3.0490812663e-03
-2.7602088422e-03
-8.5168407851e-04
1.6314458348e-03
-4.6918643524e-03
-5.7617321656e-04
-4.6025814792e-03
2.0627213791e-03
4.0974089334e-03
3.9900001430e-03
-5.7220712676e-03
-4.9625264782e-03
1.4768670233e-03
4.9031326135e-03
1.7064427895e-03
1.3489732461e-03
-5.1675914090e-04
2.4514279467e-03
4.5908558332e-03
6.4481923511e-03
-7.1770831028e-03
4.6916697645e-03
-1.1200765894e-03
-8.4887743785e-05
4.0389720363e-03
2.9235659961e-03
-7.9458970717e-03
5.3603606428e-05
6.0238556191e-04
-5.8044839115e-04
-1.4528688753e-03
3.8454201035e-03
2.9875478721e-03
1.0696787730e-03
7.2326313711e-03
-2.9523639816e-03
1.0637869003e-03
-3.5822737915e-03
5.0065845332e-03
-6.7973108674e-04
-5.4338267630e-03
2.9062105111e-04
1.5055717336e-03
9.9496032882e-05
-2.1079259121e-03
-3.2685314463e-04
7.5955848668e-03
5.1145976218e-03
-2.6911781504e-05
-8.2450971678e-04
5.8543909695e-03
-6.1667442710e-03
-4.4523616525e-03
2.2633292016e-03
-3.1377007059e-03
1.3767514352e-02
-3.5109277898e-03
-9.0443734338e-04
5.2101777986e-03
3.1268975331e-03
4.0935310944e-04
-2.5987189967e-04
9.6368972987e-03
-7.9370886312e-04
-5.9368675442e-03
6.7591682264e-04
2.9661371049e-03
-2.7904632070e-03
2.5900624666e-03
2.0043060844e-03
-7.3625573481e-03
-2.8708311732e-03
-3.7048733957e-03
3.9537601387e-03
7.1332576962e-03
-8.8754953738e-04
3.7600923177e-04
-1.8218836428e-03
-3.9838205275e-03
4.6528206860e-03
3.9280585182e-03
6.7760967391e-04
3.7383893577e-03
2.3192744956e-03
-3.2898897406e-03
-1.2311956898e-03
2.9425160865e-03
-1.6924590355e-03
6.7519209240e-03
2.4863354617e-03
-1.0739962312e-03
8.6264877417e-03
2.8155020812e-03
-4.9544694404e-03
-7.8403352639e-03
5.9253647661e-03
6.1180131372e-03
9.8554928255e-04
1.0405544034e-03
-2.4105057932e-05
-1.3451749689e-03
-5.1014293756e-04
-2.2327578229e-03
4.4236287388e-03
1.5487778827e-03
2.3480817613e-04
8.3550578802e-03
-8.7939306426e-04
-3.6490296843e-03
4.5176937121e-03
5.5243710782e-03
-6.3547143448e-04
6.0603373701e-03
1.2282123685e-03
-3.6830889212e-03
1.1049082203e-03
-7.2990316721e-03
-1.9613195372e-03
1.1942999400e-02
-5.6336618777e-03
4.2114583753e-03
-1.5759254794e-04
-2.3015933976e-03
3.7918416188e-03
-3.8461469553e-03
1.8024048538e-03
-1.0866951869e-03
-3.8410810121e-03
-2.5514194725e-03
1.6578019053e-03
-3.8297456309e-03
-4.4052752313e-04
-2.8202807424e-03
1.7945013547e-03
7.9155219451e-04
5.1235063804e-04
2.5161623032e-03
3.6450714211e-03
-1.6616013761e-03
9.3163898568e-03
3.1875470489e-03
-1.1010436989e-04
-1.8218804833e-03
8.4004162715e-03
-2.9081648678e-03
7.0724773558e-03
5.6365266623e-03
6.7440114398e-03
2.5479596160e-03
4.4107581622e-05
-2.5271498986e-03
-2.3082965866e-03
4.1608517532e-04
-1.1492670530e-03
-2.4905275888e-03
6.2979243453e-03
2.4381304902e-03
-6.9150796438e-04
-2.5753617769e-03
4.9163666176e-03
-1.0477433048e-03
-4.0810761595e-03
-3.1278113375e-03
1.0399873479e-03
5.2448025659e-03
1.3484819973e-03
-4.1142388892e-03
7.3667273775e-04
-3.3713480384e-03
2.7426339568e-03
-5.6833610148e-03
-5.6638992114e-03
8.9348362160e-04
2.0488051464e-03
-1.8757183144e-03
7.2273467173e-04
-9.8556637712e-03
-1.0507056952e-03
-1.7289754195e-03
-1.8771032637e-04
9.8304104925e-03
8.2385542681e-03
-4.8691575189e-03
-7.2980429909e-03
5.3382802729e-03
-6.7690895281e-03
-6.1674063570e-04
-1.9804934437e-03
-3.7488352461e-03
4.9097880583e-03
-5.1094400981e-03
2.3086870879e-03
-4.0747195333e-03
4.0136387645e-04
-5.0318737370e-03
1.0562364207e-03
-4.5748793856e-03
-1.9203898241e-03
9.2774832569e-04
-3.4879322114e-03
1.4165163194e-03
1.0085139755e-03
6.7092664155e-04
-1.2551064829e-03
6.2876105139e-03
-1.5599552993e-03
-5.2942678052e-03
6.2964855080e-03
9.8339721394e-05
3.4452311975e-03
-1.5603300589e-03
3.2990101503e-03
-6.0823031415e-03
-1.9174178562e-03
4.2123698551e-03
2.0907432770e-03
1.1154820070e-02
2.9554174744e-03
-7.4803423713e-03
-2.5842931046e-03
-3.8771956177e-03
-1.6538028194e-03
2.1602332959e-04
5.6376933329e-03
1.1570427220e-02
2.3214084982e-03
1.3890642557e-05
-2.2072705216e-05
-6.8110253173e-03
-2.4749074906e-03
-3.2852028099e-03
-4.0790934940e-03
1.1123686513e-02
-8.8743997925e-04
-2.4746584165e-03
5.9678651542e-03
-7.8026307730e-03
-2.3636268836e-03
-1.0452389392e-03
2.6045645740e-03
-7.5502403867e-03
2.4607157689e-03
1.0455794283e-03
-4.4485631806e-03
6.4153035435e-03
-1.6658644484e-03
1.5951388323e-03
1.4215769916e-03
-6.1239583252e-03
8.0320836345e-04
-6.0656107090e-03
-2.0752179587e-03
-6.5250406577e-03
2.2669822786e-03
-3.7804208913e-03
-9.1037830842e-03
1.6386625071e-03
-4.5897023342e-03
1.4674133400e-03
-2.1728712631e-03
-1.7348576263e-03
3.8641995474e-03
2.7530929535e-03
-1.9163017822e-03
3.5025020384e-03
5.6333232934e-03
6.9132672118e-03
3.4889137231e-03
-1.3757396641e-03
3.4974709496e-03
-3.2595261583e-03
7.1456253797e-04
5.1604517125e-04
2.6875677301e-03
-7.7089428726e-03
-7.3211864581e-03
2.3008980839e-03
-2.6566138400e-03
-1.0561385910e-03
7.9168594719e-03
-3.7809961840e-03
-2.7907689641e-03
-4.6866699339e-03
3.4181010168e-03
6.0849280557e-04
-1.8138235129e-03
5.5933095305e-03
6.8508103558e-05
-2.4312640040e-03
-3.8582752987e-03
-2.6011361190e-03
1.3556018335e-02
2.5609612150e-03
-4.3728250984e-03
-6.7688853176e-03
-2.5270920592e-03
-2.7724462759e-03
1.0084404277e-02
-3.7821195891e-03
1.8551408127e-03
-4.6777023669e-03
-3.9337194908e-03
-6.1728668386e-04
7.2199612094e-03
-1.4984727079e-03
2.7090144325e-03
3.7253831217e-03
-4.0707472565e-03
1.1323227273e-02
4.8880765421e-03
-4.4039550640e-03
4.3497564463e-04
2.7415454988e-03
-4.1433063128e-03
3.5366067177e-03
-1.5145646106e-03
1.1345061558e-03
3.6279273706e-03
1.2649478722e-03
-7.8133762956e-04
-6.8640035094e-04
-5.9312029945e-03
3.2893448913e-03
-2.0120405140e-03
-3.4407776483e-04
-1.7444249788e-03
7.5089598533e-03
1.6174295044e-03
-3.4440518546e-03
-3.5885585322e-03
-2.4417350804e-03
-8.4946587985e-04
4.5419132924e-03
-1.9012647213e-03
4.9041149062e-03
5.9154948961e-03
-4.0064191726e-03
2.8868365318e-03
-8.6263667159e-04
-3.1044246113e-03
-2.1662893969e-03
8.3688511872e-04
1.7811388372e-04
7.4741244804e-03
8.3661232028e-03
-2.8398399242e-03
-3.1037176656e-03
8.2504665926e-03
-6.4245181638e-04
4.5783521347e-03
1.7007215128e-03
-3.5185339646e-03
6.0104335633e-03
1.8197810678e-03
1.5425687602e-03
1.5384425841e-02
-1.8006928005e-03
1.4088181099e-03
8.1284340796e-03
6.5154628554e-03
1.6929998141e-02
8.9709712376e-03
1.7186775835e-04
-5.8685755582e-03
5.9118011264e-03
-2.9279950323e-03
-2.7160193379e-03
1.2594999543e-03
4.0497565018e-04
-6.7646986488e-03
2.8407492993e-03
-1.4052148397e-03
2.2600138590e-04
7.5705641926e-03
8.9923417223e-03
-4.9759944749e-03
-3.7639318402e-03
8.9781743616e-03
7.8786226434e-03
1.0373620649e-03
-5.5528668833e-03
-1.4856601268e-03
4.1300123458e-03
5.9062513808e-03
1.9831263766e-03
-2.1180560867e-03
-4.7544843374e-03
2.7720536243e-03
-3.3593112601e-04
-3.4046380975e-03
5.9691027395e-03
-3.1031384330e-04
5.3857157855e-03
-5.5314729274e-03
-7.2594730998e-03
-6.1974887338e-04
8.4992972242e-03
4.4546529203e-03
1.0818817012e-03
8.3844607691e-04
3.8283954496e-03
-2.1171285026e-03
-5.9166706346e-04
-5.0191897365e-03
-5.7683743051e-03
-6.7042120974e-04
2.5137749021e-04
-6.1903051039e-03
-8.3443351364e-03
-3.4861025733e-03
6.9106812635e-04
2.2214435872e-03
5.7396752953e-03
-9.9266796809e-05
-1.8937928968e-03
-3.4611910786e-03
4.1000660556e-03
3.5800860576e-03
2.6440526334e-03
1.0830236064e-02
-1.7385193849e-04
2.0848888774e-03
-2.3459632077e-03
-1.7108527703e-03
-9.1302509698e-03
-5.7894603249e-03
-3.8574322342e-03
6.3953701016e-03
-1.4365509522e-03
-1.4361364843e-03
-8.5834009977e-04
-2.8030689713e-03
-6.7223055455e-03
-4.4688483958e-03
3.4309230598e-04
5.4433412062e-03
-7.4565908777e-04
1.3485592226e-02
3.4754188734e-03
-5.8844291171e-03
-3.3847576301e-03
2.2452977376e-04
-5.1369576939e-03
-3.3945948514e-03
1.0255500346e-03
1.4425342836e-03
-4.7439457624e-03
-2.2927052467e-04
-1.2460321612e-03
4.2428404826e-03
1.5147753949e-03
1.0162550268e-03
1.0578946454e-02
-5.7204352904e-03
5.4509247742e-04
-2.4787332936e-03
-1.7113515057e-03
-1.6454295749e-03
1.6084103529e-03
-5.7435755223e-03
2.9678661015e-03
1.1446401473e-02
8.2328098698e-04
-3.2006065762e-03
-2.0976369528e-03
-6.7791505105e-03
2.0495255605e-03
-2.7262092152e-03
3.2435332467e-03
-4.7959342117e-03
-6.0007302395e-05
4.5902893854e-03
7.6508592263e-03
-3.1912941621e-03
-6.7551223723e-03
3.7174824111e-03
3.7551384659e-03
3.0907802104e-03
5.9586389389e-03
9.7796395870e-03
9.1639101770e-04
-4.6188409222e-03
3.5797386486e-03
4.3082628269e-04
5.3284377023e-04
-5.1402775565e-03
9.2303317506e-03
1.9839232056e-03
-8.3194939797e-04
-2.6332335150e-03
-4.1280111590e-03
9.9115263119e-03
5.9326853574e-03
-2.0531325716e-03
-8.6658358418e-03
-5.2786988539e-03
-2.1149504521e-03
5.4386558285e-04
-3.2845877239e-03
-6.0879621256e-03
-3.9553393381e-03
4.7813111173e-03
-6.5750265276e-03
-7.9051202457e-03
-5.3550250040e-03
1.2702791342e-03
5.1415751125e-03
-2.9530640068e-03
-3.8532684469e-03
1.8510568180e-03
6.0521903159e-03
9.1305144233e-04
-2.1918930888e-03
1.1113934497e-02
2.1254987134e-05
1.1091530163e-03
-4.1284688632e-03
6.4409980523e-04
-1.2611438033e-05
2.8366999064e-03
1.0504105080e-03
5.9236314026e-03
1.9690140711e-03
-2.6704230227e-03
-2.5130321458e-04
-5.4841429210e-03
-3.8118108287e-03
-3.1111167553e-03
2.0628856457e-04
-4.1372402778e-03
3.9778424769e-03
3.6497529024e-03
-6.2168881139e-03
-3.3793412938e-03
7.1850982554e-04
1.3567723591e-03
-8.1821243552e-04
-2.2701735860e-03
-4.4250345665e-03
4.2431378212e-04
1.9919118123e-03
1.1401479227e-02
-3.6833799727e-03
-2.0441126073e-03
1.9800254317e-05
2.8524787729e-03
-6.5805009529e-03
2.7662117125e-03
2.1017074428e-03
3.9431731300e-03
1.9304490152e-03
-3.3091522187e-03
-1.7258222003e-03
-2.6702647844e-03
1.6276445496e-02
3.4481610652e-04
-4.4437752863e-03
1.4746779738e-03
1.0084077811e-04
1.8191006017e-03
4.3228086128e-03
5.5835706868e-03
4.2945319199e-03
4.0745451782e-03
1.0728123633e-02
-1.5003251814e-04
-5.9199352374e-03
-6.3688728629e-04
-9.9240923655e-04
-3.6266740478e-03
1.8224041030e-03
-5.2121437567e-03
5.1353686155e-03
-2.7297563155e-04
-2.9751708812e-03
-2.1496965428e-03
-3.7287785890e-03
-4.7088121521e-03
8.4443749765e-03
2.7660054172e-04
-4.0795421581e-03
6.0369300018e-03
-1.8041033808e-03
4.9184437614e-03
-2.3398441435e-03
-4.2187097342e-03
-2.2431799691e-03
5.1930908616e-03
2.1043240651e-03
-2.1338758927e-03
1.6875091403e-03
-3.9020975803e-03
-4.4278852316e-03
1.2888770289e-03
6.7294007537e-03
-1.7311971269e-03
3.6712385796e-03
-4.9810321033e-03
-2.8105706032e-04
3.7663517048e-03
1.6972208375e-02
5.8154904608e-03
-4.4688401054e-03
3.3096279096e-03
-9.9101706795e-04
-1.3032255574e-03
-1.8917088137e-03
1.0061384863e-02
2.8436345389e-04
-5.4994974095e-03
-4.6473433217e-03
1.0430327749e-02
2.3028677622e-03
5.6620197604e-03
-5.1081486820e-03
-2.8485705219e-03
-2.5236940338e-03
2.2095406139e-03
9.2023353527e-03
3.4746056258e-03
-6.7724503541e-03
3.2579765633e-03
-2.1111919042e-03
-7.7908537226e-03
-1.8799865904e-03
-7.0657725825e-03
-6.2098357848e-04
3.5151456177e-03
-3.7559055473e-03
-1.7689088522e-03
5.0316928405e-03
-4.7842078320e-03
-8.1567104892e-04
-1.8019986076e-03
4.6507759553e-03
-3.4435744548e-03
-2.6276195005e-03
-5.0364121644e-03
1.1638296048e-02
-5.3783175838e-03
-3.3507094559e-03
-2.0587755395e-03
-5.0360362085e-03
3.3996320016e-03
3.0503308444e-03
3.1033858739e-03
6.5595950335e-03
6.5105783189e-03
6.8166806183e-04
-3.9770974680e-03
-1.1301508675e-03
6.0251404466e-03
-1.9260594536e-03
-5.7699900239e-03
4.7624801609e-03
-2.9777241855e-03
-3.2351500162e-03
-4.6835206370e-03
-1.2845802542e-03
-5.4192460566e-03
-5.5652994342e-03
-1.7028405176e-03
-7.7763984077e-03
1.6656958074e-03
1.0321601558e-03
4.7818745517e-04
-4.2938406494e-03
-2.8075290368e-03
-3.8225788688e-03
-2.3193343717e-03
7.8171480705e-03
5.1035412924e-04
-1.8375072659e-03
9.1323495629e-03
-5.1248826233e-03
2.6162958610e-03
2.8798823667e-03
-3.2388971903e-03
-7.9996936405e-03
1.2022882023e-02
-1.2754306754e-03
6.7018272433e-04
-6.7057960063e-03
-4.3191962980e-03
5.0814151684e-03
3.4611055544e-03
-1.1966450591e-03
-1.2084249401e-03
2.9713432800e-03
8.6382462083e-03
-4.0936256994e-03
-7.0401973127e-03
-9.8677974759e-04
-4.4495381661e-03
-4.9559525937e-03
-1.0523658169e-03
5.0433811310e-04
-4.8207325184e-03
-3.0217018430e-03
1.1057500234e-03
-6.9805867444e-03
5.2394733144e-03
-7.6493711306e-03
-1.2232334567e-02
-2.1406198596e-03
-7.2508320515e-05
-2.4400326026e-03
-1.4443428007e-04
-2.5688761704e-03
-7.5825667124e-03
-4.9290945373e-03
-2.2623188042e-03
1.1681912513e-02
-3.6952090932e-03
7.3510417851e-03
-3.7796135752e-03
1.6833628838e-03
4.5318384120e-03
2.9711922940e-03
1.1013791903e-03
5.7826880119e-03
3.2686582871e-03
1.8176764165e-03
1.3963791873e-03
-1.3904190758e-03
4.9490374027e-04
-2.7809219795e-04
2.3447600624e-04
-1.0700794493e-03
-5.5123335905e-03
-1.5343975822e-03
-1.1659926109e-03
6.0010225047e-03
2.8744336168e-03
-1.8537543790e-03
-3.2031854027e-03
4.2342533659e-03
-4.5104662682e-03
-6.3744026655e-03
2.7269327699e-03
-2.7175550019e-03
1.7134485687e-03
-4.5107476444e-03
3.1851603302e-03
7.9249052767e-03
-6.4336958320e-04
-5.3455772750e-03
-4.3719716390e-03
2.9945617807e-03
-1.6859387491e-03
-5.5748176777e-03
2.2329546280e-03
7.7803747696e-04
3.9856795521e-03
4.0840960926e-03
4.9385242581e-03
-8.3976914524e-03
-6.0255433774e-03
2.8625422134e-03
-1.5990261488e-03
-2.3751865862e-03
4.8457997175e-04
-1.3049695609e-03
-2.4486556320e-03
2.0530447831e-03
-2.2158692233e-03
-1.5752495388e-04
2.6510240924e-04
-3.6495737177e-04
-2.6317892302e-03
7.0224760138e-04
-3.3851241532e-03
2.4669062947e-03
3.4509328487e-04
8.9757536530e-04
3.4037685863e-03
9.8361245617e-03
5.4315625205e-03
1.3604426665e-02
-3.0842943421e-03
-7.6295410625e-03
4.7034930461e-03
-7.0586689733e-04
1.7463460249e-03
4.5098155142e-03
9.1822134797e-03
-8.7480297955e-04
3.8880588523e-03
9.8187607953e-03
-4.0995504769e-03
-3.5296832410e-03
3.3552866156e-03
-2.2703677369e-03
3.5708023671e-03
-2.5559900556e-03
6.2617880414e-03
3.6310323110e-03
4.6427309611e-03
3.4975714855e-03
2.3545584374e-03
8.4228617913e-03
-1.6694046891e-03
1.9125755165e-03
7.4107356950e-04
4.3761774810e-04
8.9220608439e-05
-3.8812354444e-03
-2.1563939842e-03
-3.2400827384e-03
-6.0181256927e-03
4.6915800091e-03
-3.5254407713e-03
2.4621063428e-03
-4.0687637623e-03
3.8469300089e-03
-2.5477528607e-04
-1.1567988345e-03
1.6710235316e-03
-3.1973627617e-03
-3.7597043455e-03
-5.8785359264e-03
-8.8482205169e-03
3.1199210406e-03
-6.5368234140e-03
-7.4732037956e-03
-3.4500169557e-03
-2.5962715815e-03
-1.1661615468e-04
-1.9514254298e-03
3.6219478262e-03
-1.0801152328e-03
-2.9737520314e-03
-3.3339925482e-03
-2.6772638413e-03
-6.9302173773e-03
3.9358797376e-04
2.1197742000e-03
-5.5687955871e-04
-8.4124859706e-03
2.5860253431e-03
2.5537665788e-03
-8.2473933437e-04
-2.6957181760e-03
-7.0373101676e-03
9.5338132276e-03
-2.3173354503e-03
3.6549588327e-03
1.6975764076e-03
-5.7563732233e-03
-5.3444895866e-03
-8.0232394158e-03
3.4535352997e-03
-6.1866056576e-03
-3.9207647413e-04
1.7181942906e-03
1.1683559895e-02
3.3315331188e-03
-1.2337259361e-03
4.8389336893e-04
3.2320345560e-03
-5.6912714397e-03
6.5009819864e-03
6.3225465107e-03
-2.1762013306e-03
-2.0929688699e-03
2.2796190006e-03
-3.6601434192e-03
-5.6384765431e-03
-5.0392416982e-03
-2.8169490970e-03
-2.0051802661e-03
4.5249785260e-03
-1.7262679028e-03
-4.8901102327e-03
1.3570840948e-02
-3.7519054582e-03
2.3351787390e-03
2.5112197394e-03
-1.3034606541e-04
8.3568310094e-04
-9.1743875069e-04
-4.9394309606e-04
1.0205185229e-03
1.5494667298e-04
7.7245846191e-03
-3.0704470587e-03
1.4240278715e-03
-1.0123910974e-03
6.0014897066e-04
1.8532766554e-03
7.5575411017e-03
-4.7796224329e-03
-5.0332773978e-03
-3.5517043140e-04
-5.0731473726e-04
-2.4088932933e-03
6.3477399824e-04
-1.2729402234e-04
-1.2971699013e-03
-4.3368726626e-04
-1.6989925091e-04
1.2300572044e-03
3.2816955301e-03
8.2148019649e-03
3.2589791038e-03
9.5151995670e-04
-6.8702905175e-03
-7.0286504934e-03
-2.3240207337e-03
1.6965489740e-03
-4.4278394779e-03
6.0084700912e-03
-1.4687432908e-03
-1.4152038274e-03
7.6139014625e-03
-4.8344239875e-03
-2.4842017662e-03
-4.8927532516e-03
9.5083321960e-03
-5.3645470023e-03
1.5768119536e-03
-5.7725460706e-03
2.1720537795e-03
-4.4508968932e-03
-3.9131158021e-03
5.0289701625e-03
6.5839298927e-03
-7.7261667276e-03
-4.1266500859e-03
7.7573531623e-03
-3.8369224701e-03
-8.0038805582e-03
-2.6957583390e-03
2.4029636222e-03
-3.7883601284e-03
8.0912703085e-03
-3.1616050963e-03
-3.1961686808e-03
6.6875245843e-03
4.8961316521e-03
-2.9993689946e-03
2.3626499469e-03
-3.7670686682e-03
7.0951422232e-05
9.2837676870e-03
3.3110364695e-03
-4.3423558389e-03
4.2084737881e-03
-2.2265434182e-03
7.1209401143e-03
-1.9807032702e-03
-5.5141663660e-03
1.0480543890e-03
1.8694552602e-03
-2.5828496070e-03
-5.5278572919e-03
7.2364949574e-03
9.1236698007e-03
5.7634740568e-04
-6.2075398541e-03
-2.3519675452e-03
-5.7070139111e-03
-1.0281131072e-03
2.1806813787e-03
-1.2765529686e-03
-8.1401269085e-04
-8.4416499069e-05
1.0531618009e-02
-5.5186289298e-03
-5.8006455817e-04
3.4207136701e-03
5.0601387463e-03
4.1713396933e-03
-2.4732822657e-03
-3.9553260141e-03
-4.5803293783e-03
-2.4671579567e-03
-1.0781234271e-03
-9.8352652518e-04
2.7010959696e-03
4.3022832765e-03
1.3513998511e-03
5.6845837665e-04
1.4394743155e-03
2.1865307394e-03
-6.3188228422e-04
-1.1943591816e-03
-2.8358354631e-03
-3.1205023474e-03
2.8972956948e-03
4.2654926891e-03
-6.1730492787e-03
-6.2423443884e-03
7.6517004975e-03
1.6451670138e-03
-2.8089669003e-04
6.8892130535e-03
1.9750038368e-04
9.4414170741e-03
-1.3239720335e-03
-4.5131671793e-03
1.0078845108e-02
3.1707875018e-03
1.1308862239e-02
-2.7181126822e-03
3.6547973592e-03
1.1160728008e-03
6.7170243674e-04
-5.2359699187e-03
1.0023640579e-03
-2.2408892899e-03
-1.4510458725e-03
7.7207291669e-03
5.5608827884e-03
2.7529389514e-03
2.0397248623e-03
-5.4266628252e-04
-5.2677526698e-04
-3.4226046845e-03
4.8349833754e-04
-3.6793562863e-03
4.7741959263e-03
3.0976505146e-05
-4.4741673592e-03
-3.3839785736e-03
3.5676418785e-03
5.6883204277e-03
-3.2759365325e-03
-6.3316047355e-04
-3.9475861587e-04
1.5504135441e-02
1.8499898256e-02
-3.3684869095e-03
-6.1485855098e-04
5.3893806678e-03
8.1602563814e-03
2.6784581525e-03
7.9960263691e-04
-4.6907638857e-03
-3.2725000664e-04
2.9952183949e-03
-9.6564645779e-03
4.0577144941e-03
-2.2011549101e-03
-1.3487599179e-03
-2.1195191658e-03
-4.0033765745e-03
2.3348386654e-03
-6.8911319330e-03
1.5867948869e-03
1.2830770032e-02
6.6664053582e-03
1.9746931231e-03
7.1736140794e-03
-1.4451221476e-03
5.3590219563e-04
-8.5398362329e-03
-3.7670078949e-03
2.1130399880e-03
4.7779787422e-03
7.1948219845e-03
6.0609633797e-03
4.4980437322e-03
-1.5317194467e-03
4.9411329285e-03
3.6807519301e-03
-4.7103301261e-03
4.5177745730e-03
-3.5147483904e-03
-2.1142138456e-03
-1.9514299984e-03
3.8562470572e-03
8.0546198717e-03
7.3422444949e-03
1.5666747734e-03
-3.8063677504e-04
1.7960335951e-03
7.5509778088e-03
3.5061480792e-03
-3.2569619758e-03
1.2568069396e-02
-5.0772077198e-03
2.1822386758e-03
7.6119545961e-03
-2.0482012056e-03
1.1738484147e-03
-3.7726151223e-03
-5.5677363753e-04
-3.6274661672e-03
6.5929789390e-03
-2.5485445232e-03
-5.1180779459e-04
5.5481547279e-03
-2.4326046137e-05
-6.0306669935e-03
9.6087953817e-04
1.5630576656e-03
-6.7776312757e-03
-1.7028834500e-03
4.9593644600e-03
-1.3723442869e-03
-1.2027646348e-04
9.8092740883e-03
-2.4868731447e-03
-8.2620372042e-03
-1.2231304076e-03
-8.0127690104e-03
-4.2733728472e-04
-2.0171951642e-04
6.2237671628e-03
-1.5059517104e-03
7.3936812953e-03
-5.0191853362e-03
6.6868565530e-03
4.6456215331e-03
-4.2898674047e-03
-5.9180542174e-03
-3.5575800412e-04
2.0211055108e-03
1.2199508098e-03
4.6940216083e-03
-2.8940534402e-04
1.6805827359e-03
1.3917456655e-02
-1.7940527174e-03
-1.2801811175e-03
1.8427003934e-03
3.6400979230e-03
6.4555663885e-03
-4.0637861388e-03
-2.1650348158e-03
1.1255617567e-02
-5.5796618486e-03
4.2793939579e-03
-4.1680788533e-03
-2.9721732326e-03
-1.8220572125e-03
-3.3925073593e-03
-4.4619929118e-03
4.6969615654e-03
-1.0342940198e-03
-3.1334007970e-03
1.0948432397e-02
-4.7726357189e-03
1.2527055207e-03
-3.4719520136e-04
-1.1638538423e-03
-6.7439935227e-03
-9.8803354643e-04
1.2698209017e-02
-1.8169938255e-03
-6.7582478729e-03
1.7618338151e-03
-4.2947065897e-03
-1.7858341892e-03
-2.3096144224e-03
-1.9228863413e-03
2.9481990353e-03
1.9464280457e-03
-5.3291321976e-04
-3.0249751726e-04
-2.3438662318e-03
-4.6912100626e-04
-1.0338440439e-03
2.3005625746e-03
-3.3640267182e-03
1.5498517803e-03
-4.3805091652e-03
4.5128294340e-03
9.3463075540e-04
-5.0469889890e-03
-6.3641141453e-04
-4.0081992077e-03
1.2109957442e-03
-2.3969241005e-03
2.6448872236e-04
6.8965272428e-03
-3.8839186576e-04
1.0626140080e-03
7.3340882598e-03
6.3877974070e-03
-1.2694209275e-03
-4.8801004875e-03
-5.1930499132e-03
5.7993834520e-03
-2.5024193341e-03
-2.8072447085e-03
3.0961796960e-03
3.0574995751e-03
-4.2020926292e-03
-3.4932822734e-03
-3.3258501030e-03
2.4079487913e-03
-9.5848815673e-04
-4.7983526739e-05
1.9690655350e-03
6.1437217699e-03
-3.1639652463e-03
9.3415078515e-04
-3.0817904717e-03
-1.1472272386e-03
-1.4438471652e-03
1.1082786418e-02
-2.1506187574e-03
2.5031560183e-03
1.6166423498e-03
1.3415114618e-02
-1.9967682842e-03
5.2071063959e-03
-2.2523287948e-03
3.0821391742e-03
-4.7312832608e-03
-7.8091873344e-04
2.9558452649e-03
-4.0768170465e-03
-1.5209585009e-03
-2.7089173702e-04
1.2571062884e-03
-8.1408693665e-03
3.1574883727e-03
2.7814960520e-03
7.3312480689e-04
-8.3101278180e-03
-3.9409729851e-03
-1.7431448090e-03
7.8346339529e-04
-7.6084014065e-04
-2.1572529430e-03
-1.0059182661e-04
5.7802153746e-04
-1.0277126852e-03
-1.4025743036e-03
3.7613183861e-03
-3.4875266556e-04
1.2900052531e-03
1.8866962197e-03
7.7887785999e-03
-8.7438268877e-04
-3.7634245408e-03
-5.5232969177e-03
9.3564707576e-03
2.4637916885e-03
-2.6385634135e-03
1.1923529053e-03
-1.6125988391e-03
-9.1588001587e-05
6.4658097779e-03
-6.2056546327e-03
-4.0717953612e-03
-2.0238210814e-03
1.8164822285e-03
1.3505592578e-02
-3.0336628748e-03
-2.0546555443e-04
-8.4248402166e-04
1.0799091144e-03
7.8867824286e-03
2.7165609030e-03
1.1934739010e-02
3.3677008891e-03
9.8018436488e-03
1.1826102366e-03
-3.4000204460e-04
2.0896909933e-03
5.7309845680e-03
-5.0572903280e-03
1.4601797122e-03
-5.2016802574e-03
2.5180992793e-03
9.1248699781e-04
-6.5571507845e-03
2.5926208977e-03
-1.7455950154e-03
-7.2742157524e-03
-6.9947388347e-04
9.2449832766e-04
-4.1606695241e-03
-9.1258094199e-05
2.1699886507e-03
-8.4001261178e-03
1.7221465572e-03
3.5367288681e-03
-2.7466656391e-04
3.4168339604e-03
6.6359758979e-03
1.4067934175e-03
-2.0373329423e-03
-1.2679102498e-03
6.9759600566e-04
-4.3709586239e-03
2.2624364231e-03
1.7254580099e-03
8.4284645157e-03
-4.3401158012e-03
5.5688546065e-03
8.7686304445e-03
6.8383812906e-04
-4.1392343305e-03
-2.3271005945e-03
9.6987246029e-04
-5.6750119895e-03
3.2064649760e-03
-4.5057013943e-03
-9.6603591148e-04
-2.2694020333e-03
3.0520338257e-03
-4.4964710571e-03
2.3607799234e-03
-6.3637801372e-03
-6.2203733216e-04
5.5571321441e-04
-6.3616869570e-05
-8.3912436876e-04
-5.5888996287e-03
-2.7354165072e-03
-1.8963478834e-03
-1.4023693104e-03
-3.7248432417e-04
-5.2185694310e-03
4.2382910228e-03
-5.2297118180e-03
-1.6286154701e-03
-2.9182904124e-03
2.3929859270e-03
4.4525342739e-03
-3.2516157039e-04
-3.8714945025e-03
-4.7801952739e-03
-6.7105411522e-03
5.5379413711e-04
-4.3910036387e-03
4.9572525642e-03
-3.2872144656e-04
-2.5309177435e-03
2.6259624746e-03
-2.1079474752e-03
-2.6007444662e-03
3.9610369711e-03
1.0937265288e-03
3.3522208677e-03
2.8815912486e-03
1.3632801382e-04
4.5231616098e-04
2.1143561631e-03
1.7478419154e-03
1.3298021888e-03
-5.3733310853e-03
2.8577371123e-03
3.2502570329e-03
6.0206853805e-04
-5.7226207624e-05
5.5081864038e-03
-4.3516630901e-03
7.1241104349e-04
1.3884418607e-03
-7.3150690711e-03
2.6009886406e-03
-5.3702190751e-03
5.3075177731e-03
-5.5681854749e-04
1.9320136306e-03
-1.0033065488e-03
8.4013989443e-03
-1.8942586319e-03
6.2882077964e-04
-1.2302912353e-04
-1.6348883923e-03
2.0731028752e-03
-3.0332947994e-03
-1.9803490183e-03
-1.3042208903e-03
-1.7391439846e-03
2.9569892416e-05
-2.2103057030e-03
-7.3688065665e-04
2.1985872316e-03
-5.2485861492e-03
-4.5528086759e-03
6.0255409206e-03
1.6053466660e-03
1.5765643062e-03
3.4994620575e-03
-1.1573030460e-03
5.2399087038e-03
1.8064583782e-04
3.5999615768e-03
3.2656548739e-03
-6.2939125961e-03
2.9677375988e-03
-5.0354249695e-03
-5.3696674667e-03
5.3678563211e-03
1.5801252145e-04
-6.2498581076e-03
3.7091889665e-03
4.6132478902e-03
-4.3786748662e-03
-8.7494772901e-03
5.3847507654e-05
2.0866776839e-03
1.1797924228e-02
-3.2990051926e-04
-1.6181597302e-03
-5.8470487429e-03
4.0589175854e-03
6.2170178297e-03
-2.9026413971e-04
2.0445545231e-03
1.2405160573e-03
-3.2519256125e-03
-4.5823777351e-03
1.7034754550e-03
1.6318480183e-03
-4.7287342392e-03
6.8953196011e-04
1.6918268247e-03
-6.5613537103e-03
-4.8346564887e-03
8.1172684898e-03
-7.6632577093e-04
-5.6027008870e-03
-2.6252163370e-03
-3.5447596421e-03
1.1965713744e-03
-4.0403185270e-03
-4.3254291466e-03
4.3716097370e-04
-2.4526208109e-03
6.0708513551e-04
-3.0241620824e-03
6.8238282076e-03
8.3151748549e-04
6.9885869811e-03
-4.1073888712e-03
-3.8471997956e-03
-1.0211991302e-02
2.3734759880e-03
7.1446253605e-04
3.9761048759e-03
4.5218824878e-03
-3.2439748264e-03
-4.9913841624e-03
-7.5638378390e-04
-1.0051666622e-03
-3.5107814313e-03
-1.3542219036e-04
6.7531460343e-03
4.3717300785e-03
9.4134277828e-03
-2.3253031076e-03
-1.0204330549e-04
2.0190510732e-03
1.6060803993e-03
2.9851279624e-03
4.3875690370e-03
-4.4294421781e-03
1.8451279493e-03
-1.6601531554e-03
1.9704794672e-03
-4.9783520390e-03
-3.7050607484e-03
1.4336885242e-03
-1.6512445323e-03
-2.1553122969e-04
-1.6159127846e-03
-5.1535871021e-03
1.5583254723e-03
5.2304684486e-03
-6.7094125547e-04
2.6533498997e-03
-1.1317477066e-03
3.7867795731e-04
-7.0366889566e-03
-1.5345430073e-04
-4.6630001953e-03
1.1162002238e-03
-1.3524792587e-03
-4.3886131952e-04
1.1832042750e-03
-4.3706282403e-03
-8.4782979924e-04
-7.4791364795e-03
3.1213912149e-03
2.1519890540e-03
-3.9491941218e-04
1.3686409639e-03
-4.1992137492e-03
6.8048466090e-04
4.7475558152e-03
8.5730801060e-04
-8.1180990705e-03
5.9850165340e-03
4.2288916097e-03
-5.0305923253e-03
-2.3665843518e-03
6.7137737478e-04
-6.1614713558e-03
-3.4104162296e-03
-2.9310074774e-03
7.4332470848e-03
-2.0658379922e-03
-5.3856259570e-03
4.3496563707e-05
3.9273284234e-03
-3.8705786824e-03
5.9237247977e-03
7.9191794808e-03
-2.0705014396e-04
1.1195145538e-03
-2.6241603259e-03
-1.6445553656e-03
-1.2826107158e-03
1.6332162320e-03
3.9193327336e-04
9.6198759780e-03
5.4967054461e-04
-2.7637219359e-03
-4.9528747152e-04
6.4920030533e-03
2.7849440506e-03
1.9820940455e-03
3.5335293817e-03
5.5494893950e-03
2.3445124397e-03
-3.9502573307e-03
7.1301985666e-03
5.6492830941e-03
-5.9801415120e-03
-3.2977971361e-03
-5.2280565052e-03
1.2206228885e-03
7.1495292974e-03
1.1058753355e-03
2.3171848009e-03
5.9238135951e-03
8.4211935698e-03
-5.7502732476e-03
4.1251140108e-03
5.7445495582e-03
-5.5541730158e-03
-2.4804726347e-03
-9.8391246222e-03
-6.8972321236e-04
-4.9833234378e-04
-7.3065510135e-04
5.1172217384e-03
4.7705585588e-03
4.2860437942e-03
-6.8077911024e-03
-5.6070936919e-03
2.5073764152e-03
-8.7753360923e-03
-4.9531250844e-03
9.9704772161e-03
4.2704680605e-03
5.3686747855e-03
-6.6500571030e-04
2.7102012684e-03
1.3531766136e-03
-4.9179867996e-03
2.7263540286e-03
1.6161361174e-02
-1.5829640184e-03
6.3653457579e-03
5.0961167267e-03
2.4388105640e-03
2.8766138397e-03
-7.2400099241e-04
4.8152712611e-03
-4.4826943737e-03
3.4649124518e-03
-5.2115429924e-03
3.3163249673e-03
4.4388711731e-03
9.2304713011e-03
8.7264000658e-05
-4.8894003442e-03
2.0390867778e-04
3.4907099632e-03
-2.9291889122e-03
-7.4176656329e-03
9.1316203962e-03
-5.7020316198e-03
-7.5602815629e-03
1.6002505248e-03
1.2633695578e-03
1.6030759906e-03
-8.3315438460e-04
3.7992970081e-03
-5.2525981857e-03
-4.2249418295e-03
-9.2716981612e-05
-4.7823153760e-03
4.8170153138e-03
2.7852305054e-03
-6.4326493082e-04
-3.1870664599e-04
-4.3317220971e-03
-8.6623588762e-03
1.6238514102e-05
8.4076953611e-03
2.6404829736e-04
1.0885060412e-04
1.0961743385e-02
-5.1061348001e-03
4.0785365184e-03
-4.0681251647e-03
3.0883694469e-03
-1.7668956463e-03
1.4256841387e-03
-1.8582489156e-03
3.2335369046e-03
-6.8551439038e-03
-1.8504201625e-03
2.3318335390e-04
-4.2689326038e-03
7.1054675077e-03
-2.4960021496e-03
-1.7365897496e-03
-9.7794854466e-05
9.7046709078e-03
-4.8248963553e-03
1.6446511150e-03
-3.1392251585e-03
-1.7233469296e-03
-1.4690771560e-03
7.0811368482e-03
-7.2264074048e-04
-5.9993297379e-03
2.1715991456e-03
-4.2963918496e-03
2.4022285115e-03
-3.9669831695e-03
-9.7083409569e-03
-7.5718553071e-03
-1.0948140547e-03
1.1094827094e-03
9.9010256649e-04
2.0687001835e-03
7.5178431771e-04
-1.3566973944e-03
-4.4206756102e-03
4.3400315258e-04
4.1960393951e-03
3.6410042700e-04
1.0655823150e-03
-6.0622265628e-04
-2.5042380684e-03
-2.4743224689e-03
-1.5924623170e-03
1.5364231342e-03
-2.5948202171e-03
-5.0117850415e-03
-8.5871494959e-05
-2.7691942219e-03
-2.0287743090e-03
-2.6622740457e-03
-3.6449386666e-03
3.0062855490e-04
4.9924461389e-03
2.1281899869e-03
9.2639528791e-04
-5.2265223555e-03
-1.4071863957e-03
-3.2350284383e-03
-1.1504640623e-03
1.6149605861e-03
2.7678464022e-03
1.7681285618e-03
-1.0004612379e-03
-2.1226276326e-03
-3.8476928220e-03
-3.7056687010e-03
1.4204550225e-03
-8.0283974673e-04
-4.7998525017e-03
3.9488587507e-03
4.3077166800e-03
-3.1870867006e-03
-2.6492597906e-03
-1.7112305634e-03
-6.4786636412e-03
1.3359255578e-03
1.7410136712e-03
1.0534521154e-03
1.4173175910e-03
-1.5133760569e-03
-2.4127738673e-03
-4.6914488636e-03
-3.4112251431e-03
2.1638438452e-03
5.1885797182e-03
-5.9319737564e-03
-3.7591099253e-03
-7.8609272328e-04
6.4965619951e-03
7.4766772091e-04
2.8372133196e-04
-3.0932553530e-03
3.4421309475e-03
-1.8986870865e-03
-5.6123294828e-03
4.6197952197e-03
-3.8913160667e-03
3.8381839592e-03
-1.1105770062e-03
1.2261146491e-03
-4.8733624316e-03
-5.5750982443e-03
-4.6407158827e-03
-2.8724806738e-03
5.7048062949e-03
-1.7692036688e-03
-4.4236797090e-03
-5.6090533881e-03
5.8699244314e-03
-4.7686118646e-03
-6.3428337520e-03
-2.0962283369e-03
1.9240915520e-03
-2.3521407582e-03
2.9062595099e-03
5.8799972807e-03
-1.0518220698e-03
-3.5270186361e-03
4.6621994059e-03
-2.5627021189e-03
2.3237788357e-03
1.0586640428e-02
2.4120596040e-04
2.5854656457e-03
4.5645214709e-04
-5.7705124400e-03
-3.8528500901e-03
-3.5420506122e-03
-1.6300624802e-03
-2.8231231296e-03
1.6173330192e-03
1.0686242595e-02
-2.7313487280e-03
4.3492030772e-03
7.5571967246e-03
2.1766448931e-03
-1.3039590720e-03
-6.0478655327e-04
-2.6624680426e-05
-5.6837757223e-03
-9.7208218305e-04
-5.0467861139e-03
2.1095277388e-03
1.4548057849e-03
-9.2862735656e-04
1.1148297658e-02
-3.9904335782e-04
-4.4052722673e-03
5.1686656282e-03
-2.7491195778e-03
3.0735136590e-03
6.6121507046e-04
-4.4307002329e-03
-1.4042266140e-03
5.1288901214e-03
-6.7089871973e-04
-3.1984939242e-03
-1.3555954891e-03
5.7582580723e-04
3.6009947188e-03
1.1215964626e-03
-4.1552581104e-04
-2.7663640400e-03
5.5108431000e-04
-4.6044080161e-03
6.8065324035e-03
4.5911754386e-03
-7.3935961699e-03
-1.7287334714e-04
-4.5398995301e-04
-3.3057992222e-04
4.2132757524e-03
1.2154551248e-04
2.3373959651e-03
2.9637417751e-03
-4.8671200707e-03
1.5955180207e-03
4.9153966668e-03
5.8981884990e-03
-3.3656642647e-03
4.4097607467e-03
4.5534614613e-03
3.6459962184e-03
-3.1392495699e-03
1.0225237518e-03
-1.4759264225e-03
3.0274209266e-03
-2.4782190345e-03
-1.8370304672e-03
-6.2225608722e-04
3.9553364097e-03
-8.4515261237e-04
2.4588003285e-03
8.0537182589e-03
1.3689178506e-05
-8.9333606451e-03
-7.3752274603e-04
-4.2012383787e-03
2.0288703255e-03
-5.0327062885e-03
-1.1325012676e-03
-9.1708827584e-04
-1.6732577707e-03
-1.3544884574e-04
-4.9783682217e-04
6.0034099844e-04
-2.4944321263e-03
-5.5748665244e-03
-1.3644039207e-03
9.4602778918e-04
1.0656872893e-03
2.8480736603e-03
1.9221606691e-03
-7.9056605340e-03
-4.5739506945e-03
5.2022908320e-03
-1.6176798705e-03
6.3121844061e-04
4.6572916320e-03
2.7508579105e-04
-8.5543505423e-03
-1.7329505515e-04
-5.5371199276e-03
-8.5954008989e-04
-4.0457535965e-03
-5.3101429936e-03
9.1960708090e-03
4.2918289058e-03
-1.2757267440e-03
2.7935355280e-03
-1.3964457162e-03
-2.3271891255e-03
5.2756057911e-03
-4.0151517997e-03
-2.1841520613e-03
-2.7652464132e-03
-4.4432281046e-03
-3.0743328394e-03
8.6785464664e-03
1.1212048717e-02
3.0410233867e-03
-3.3064743607e-03
1.3191109196e-03
-6.6658602564e-03
5.0155923975e-03
-3.7525333847e-03
-3.0936336509e-03
4.1771792441e-03
-2.7753652854e-03
-2.5897439851e-03
5.6690528183e-03
-5.7506265452e-03
1.8179108513e-03
-1.4801957147e-03
1.0569436869e-04
3.9955225727e-03
-2.3147627135e-03
-2.7486278092e-03
1.4693877508e-03
4.0598958525e-03
-3.5353124886e-03
-5.3035440120e-03
-3.9448832339e-03
-5.0984667970e-03
-4.4541881226e-03
-4.7777426999e-03
2.8260053027e-03
7.4369140271e-03
3.1555583926e-06
-1.6105832575e-03
-4.0539550929e-03
1.0605385026e-03
-1.8302572750e-03
8.3299045262e-03
-4.9866217048e-04
7.4404986876e-03
2.7308084060e-03
6.7000211365e-03
-4.8375265499e-05
-4.8949706292e-05
-1.0635898810e-03
-1.7111809755e-03
9.9870166485e-04
-3.6940867680e-03
-4.5698236013e-03
-3.3876856803e-03
9.3165747114e-04
2.8947057018e-03
8.2319968104e-03
-4.0861012290e-03
1.2057553192e-02
-3.0262950759e-03
1.0437382515e-03
4.6118612929e-03
1.5741354381e-03
8.8901107591e-04
1.2990582294e-03
-3.9154907245e-03
-3.9868349561e-03
1.2929895402e-03
-3.1751399463e-03
-1.2311066641e-04
-4.3885551665e-03
-4.7982342330e-03
3.3334044244e-03
-2.3261522634e-03
-5.6358939701e-03
-1.3967954882e-03
1.5175521161e-03
-5.5425531538e-04
6.2191496436e-03
7.5737002316e-03
7.9704093786e-04
-4.0531484981e-05
7.1245233357e-03
-7.2550450024e-04
1.7177501364e-04
-6.3525374301e-03
3.8656009118e-03
4.7593188640e-04
1.8075565967e-04
-5.6788028599e-04
-9.4997551434e-04
2.5991579886e-03
-2.9480868271e-03
-5.9891460907e-03
-8.1205890249e-03
-2.2003704148e-03
2.4613833249e-03
-6.6670841310e-03
2.2411277187e-03
-8.0565269084e-03
-6.0932506933e-03
8.1532514825e-03
-9.2686846868e-04
1.1522634763e-03
-3.9080376117e-04
-6.9807133992e-03
-5.8467011302e-03
-1.8499866347e-03
-5.0030151389e-04
5.5615971866e-03
2.7962868118e-03
-6.0465001324e-05
3.5268121523e-04
-6.3585929750e-03
9.9851298103e-03
-5.2014984415e-03
6.5805929563e-04
1.6016058375e-03
-4.7035326748e-04
3.0689104721e-03
8.0555972600e-03
-6.2963366024e-03
-1.9111188971e-03
-5.4324496958e-03
-6.0270920643e-03
7.3939818346e-03
-9.1054871338e-04
2.3563260150e-03
-3.8979239962e-03
6.4721940536e-03
2.7763497162e-03
2.3011316194e-03
3.6652559691e-03
-3.2173465509e-03
-5.3280937617e-04
6.0113618824e-03
-3.4547713584e-05
-1.6019853502e-03
1.6140335821e-04
-4.7342775836e-03
5.3136032027e-03
4.6990581219e-03
-4.9373538464e-03
-2.5740285604e-03
3.4257805898e-03
-1.4314611034e-03
-2.1753018371e-03
7.1910832145e-03
2.6700771941e-03
-6.9451175033e-03
-9.2623642123e-03
1.6032678102e-03
1.8911091083e-03
-1.4309859650e-03
-5.0987434152e-03
1.5703008286e-03
6.1628230843e-03
-6.8490240170e-03
1.0567324189e-04
-3.1634672115e-03
6.3848104946e-03
1.0674166639e-03
6.7355295561e-03
1.6734780117e-04
1.9650002247e-03
5.1532582666e-03
5.4376510854e-04
-2.8148961345e-03
1.4487969798e-03
-6.3681234392e-03
-6.8375293290e-03
-7.4508750408e-04
2.7496713936e-03
-9.3234624577e-04
-4.4835730906e-04
7.5300952591e-04
8.7563535047e-04
2.4541070523e-03
-5.1714000465e-03
1.6043721388e-02
5.8207721449e-03
5.1426144270e-03
-3.8670106072e-03
1.3317093131e-03
4.1277834874e-03
-1.6938824990e-03
-3.6395623609e-03
-3.8951546518e-03
-2.3982102430e-03
-1.5730313652e-03
-6.3415124324e-03
8.3911016291e-03
5.2162583885e-03
-7.2707547175e-04
-2.8616295879e-03
1.0721527710e-03
-2.0384319550e-03
-8.2827205418e-05
-7.5727237978e-03
-9.4126733982e-04
-5.8968559779e-04
7.0535296686e-04
8.4264943074e-03
7.3977684445e-04
1.0646083850e-03
-2.8052623631e-04
-6.1208104032e-03
8.6413144744e-03
-4.6708886787e-03
4.5890893002e-04
5.4538842398e-03
-4.9498693058e-03
2.2313200458e-03
-1.9135018298e-03
-5.3645177287e-04
1.0509924079e-03
-2.3692670513e-03
3.6006002514e-03
5.9509924171e-03
7.6373596348e-03
1.0209535476e-03
8.9244918216e-03
-4.6390238998e-04
-7.5741162670e-03
-5.5925328238e-03
-3.9708460882e-03
4.7614051175e-03
3.0643220888e-03
1.9262857879e-04
8.8166455369e-03
-6.9615510965e-03
-3.2537219601e-03
-6.8296025909e-03
-2.6122268009e-03
-1.2730566174e-03
2.7532786265e-03
4.8606944253e-03
-1.8653060332e-03
-2.4952562454e-03
1.1587347094e-02
8.9528238057e-03
-2.4229368979e-03
3.7845690745e-03
4.4955813251e-03
-1.1768247974e-03
-2.1118463597e-03
-2.1306293102e-03
5.2231245326e-03
3.0763306705e-03
-7.3591631958e-04
1.0441606522e-03
-3.0015155567e-04
1.1923526953e-03
4.0081558177e-03
-3.6842160264e-03
-1.6829764060e-03
3.1798557679e-03
3.4022990342e-03
1.4939935636e-03
-3.2151183383e-04
2.2809625239e-03
-1.0814561676e-03
-7.2305388390e-03
3.9369462880e-03
2.0823618604e-03
1.6657829977e-03
1.6091896119e-04
6.6546285139e-03
2.7362256433e-03
-2.2318720195e-03
9.8067022691e-04
-4.3286550679e-03
3.9874536494e-03
9.9935386472e-04
-3.0761685043e-03
4.5712371159e-03
-3.7022943363e-03
7.3761478600e-03
-3.0895430718e-03
3.5261731204e-03
-1.1413769898e-03
-3.0258377376e-03
4.3011308575e-04
-3.7900184966e-03
-5.5119637717e-03
8.8538837133e-03
4.7885948384e-04
5.8408897932e-03
-2.9917836357e-03
6.8749334917e-05
-4.9046023348e-03
-6.5786418857e-03
-6.1028596710e-04
-5.0967509298e-03
-2.9873785449e-03
-5.2681698304e-03
1.3843670811e-03
-2.4008738081e-03
1.6172560995e-03
-1.4931886520e-03
3.7738110998e-05
-4.3387322297e-03
5.2482536307e-03
-5.5087156810e-03
-4.4222681760e-03
1.7324124593e-03
1.0122710016e-03
-2.0551560411e-03
-2.0772084937e-03
-6.1976264950e-03
-3.4260140760e-03
-1.4227664690e-04
1.2957313399e-03
6.2792074866e-04
-6.3821294183e-03
3.2004220483e-04
1.2179864340e-03
6.3827901817e-03
-5.3930190941e-03
-2.9346321383e-03
-5.0277233431e-04
2.4280976661e-03
1.2337642506e-02
2.3556591296e-04
-1.9093193685e-03
-1.9403958509e-03
-3.0209585906e-03
-5.8833344929e-03
-4.3129567258e-03
1.9304662334e-03
-3.9128695295e-03
6.1995527125e-04
-6.6191540191e-03
-4.8251179306e-03
3.2090907704e-03
1.8023883068e-04
1.6729295679e-03
-2.8870651874e-03
3.6984129993e-04
-4.0028904604e-03
-2.3674033908e-03
9.6632528539e-04
-1.6161531514e-03
3.5367218310e-03
-3.4975518128e-03
2.8126076699e-03
7.5475569242e-04
4.5162554934e-03
-1.5544835519e-03
-6.8606471333e-03
3.1709207462e-03
5.8808347656e-03
2.0937738593e-03
8.1005136079e-04
-5.3971456970e-04
-3.4053827111e-03
1.2550854738e-02
1.0926421635e-02
-7.1972597543e-03
-1.6182986967e-03
9.7162970341e-03
3.8402030455e-03
1.3388430002e-04
4.5408354285e-03
5.9131217862e-03
-5.0159040365e-03
-7.0462879758e-03
-2.3976821840e-03
1.8276733790e-03
-2.1207443994e-04
-2.2619889559e-03
9.9511986073e-03
-3.5316369769e-04
-2.3187747365e-03
1.0631730305e-03
7.6885410683e-03
5.1089050906e-03
-9.6672544573e-04
-9.2572279241e-04
4.7125783688e-04
5.8468398494e-03
5.8301850244e-03
3.7749387769e-03
1.0170574437e-03
-1.8529461225e-03
-3.2164538619e-05
2.8556087109e-03
-1.7470669813e-03
-5.7017087698e-03
-1.0826658169e-04
2.2167023465e-03
1.6155956489e-03
-2.2337663052e-03
3.6498446853e-03
-3.8171159421e-03
3.1118132360e-03
-7.9356967311e-03
-1.6024691009e-03
8.0517770592e-03
-3.0191418031e-03
-3.0715407536e-03
-6.9876876179e-03
4.2711152164e-03
-2.4476001101e-03
-1.6680840324e-03
-2.4744292001e-03
-5.0544434488e-03
-6.1907799013e-03
-3.3563911356e-03
-2.3337437851e-04
-2.6963505940e-03
1.4519518767e-03
-6.4528537884e-04
-4.4666481033e-03
2.2257962778e-03
-2.5761986722e-03
3.8198364048e-03
-1.4301553975e-03
3.5802286381e-03
-2.3334315290e-03
-2.9932364902e-03
-2.0248077983e-03
5.7583375316e-03
-6.2816648750e-04
-1.5555204130e-04
-8.0262913758e-04
6.2682801391e-04
-5.9770838836e-03
-2.9330354771e-03
-2.4433302080e-03
4.7017270266e-04
1.6313936700e-03
-2.1213846055e-03
-5.5159327598e-03
-6.4551824006e-03
4.1505789667e-03
-8.1097974153e-03
-3.9861935390e-03
-1.7002520567e-03
2.2144601693e-03
5.2795229694e-03
1.8377602715e-03
-4.3444901547e-03
-6.0384558419e-03
-2.0547259405e-03
-7.0479540366e-04
4.2673318886e-03
-9.8358490547e-04
2.6156916236e-03
1.4221631588e-03
4.6473734101e-04
4.2375026242e-03
1.1280075781e-04
7.2245377324e-03
2.3615477203e-03
-2.6392558398e-03
1.7639257180e-03
2.9594269808e-03
-3.3922853827e-03
-3.3276628892e-03
1.6245895698e-03
-4.6799290236e-03
-3.5811531638e-03
9.6963142234e-03
-5.0508723710e-03
8.8931354646e-03
-6.6091896954e-03
-7.1755154542e-04
-5.0892464371e-03
6.0316010007e-03
-2.7666374247e-03
6.3946082476e-03
-7.5124691461e-03
-6.4843734126e-03
-9.7674215018e-03
-6.3046169150e-03
5.6404666153e-03
6.6032274207e-03
-1.0607130662e-03
-1.7889060305e-03
1.8609624819e-03
1.3032110028e-02
-2.3021882940e-03
-3.7115486539e-03
1.7810979642e-02
-1.4036270015e-03
5.6838256906e-03
-1.6610125551e-03
8.2155376069e-03
-2.6842894549e-03
-2.8716061568e-03
-1.4981808989e-03
-6.8201660438e-04
2.1750258508e-03
-2.1511861699e-03
-1.1638070260e-03
-3.4272326665e-03
-5.8324021568e-03
-2.6852922388e-03
4.6868010539e-03
4.3675006947e-03
-1.2192056163e-03
-1.5741329008e-03
3.6137470863e-03
7.0061329167e-03
-4.8077879077e-03
-6.2508691449e-04
5.2058269672e-03
-3.0411926744e-04
-5.4066395902e-03
2.7017548143e-03
-2.2356091574e-03
-4.0245075506e-03
-5.9841762937e-03
9.7672508448e-05
-4.8652239781e-03
-3.7484353604e-03
3.1069245828e-03
-6.2260197628e-03
-1.8716883493e-03
3.8423730896e-04
2.4211752056e-03
-3.4213447383e-03
-4.0171422339e-03
-6.1305116929e-03
3.5238091753e-03
5.0689967506e-03
-2.3834306221e-03
4.8561753509e-03
-1.3752032951e-03
8.7070167998e-03
4.0311625994e-03
1.0080027709e-02
3.0404153174e-03
-3.9644602988e-03
-2.9481008016e-03
-1.1621386613e-04
-5.2039003342e-04
6.1079018246e-05
4.5132074932e-04
-2.1898821576e-03
3.7895110421e-03
2.1712134844e-03
-2.4350264093e-03
-3.3745071652e-03
-4.2585848165e-03
-1.3089216855e-03
-9.8312818111e-04
-2.0285534625e-03
-4.6363105075e-03
-3.5083356584e-03
-2.0389694435e-03
-1.9533194273e-03
1.6226660452e-03
-1.5634834979e-03
1.0209865046e-03
-6.8706785387e-03
6.1215999736e-03
3.9824027168e-03
-3.8493464306e-04
-2.5539689861e-03
-8.7568155449e-03
-6.6436154212e-03
-2.2359680579e-03
6.6130708100e-03
-1.4683287187e-03
2.5779511193e-03
-3.8952321943e-03
1.6678320920e-02
-9.7049628597e-04
-3.4753889127e-03
-5.8907008320e-03
-7.9418886349e-04
-1.7432151781e-05
-1.6892842014e-04
7.2452342602e-03
1.3121531049e-03
-6.1840067437e-04
9.1741661179e-04
3.2915049247e-04
8.2423767344e-04
-2.7380458713e-03
2.0949499244e-03
1.0907949669e-03
6.5888470166e-03
-2.6843143533e-03
1.6519550830e-04
-9.2507969736e-04
-3.7815159149e-03
-4.1139475273e-03
-5.5623107225e-03
2.6838457560e-03
-2.3507732554e-03
-1.4029766114e-03
-3.3530713978e-03
-8.0794114784e-04
4.8334946846e-03
-3.4187659801e-04
3.3369556034e-03
2.3048260239e-03
5.4927421026e-04
1.2021399835e-02
-2.7577967889e-03
4.6502482317e-03
-2.1228528832e-03
-3.6037744884e-03
-5.3125703918e-04
-8.9615474904e-04
-7.6998670614e-03
3.1652323029e-03
-3.0349200841e-03
-3.6971386406e-03
-5.2718473487e-03
-1.6201175435e-03
2.2732461155e-03
-1.2672126420e-03
8.1479453298e-04
3.8467155119e-03
-6.8294114041e-04
-1.3681022693e-03
3.2761470738e-03
-1.9757612325e-03
-6.5683907968e-03
-3.9640893882e-03
1.5768757019e-03
-6.4909022706e-03
-5.8159069378e-04
3.0680817757e-03
1.4872603423e-03
2.5686863905e-03
2.1422643345e-03
3.9265110258e-04
-3.1852327284e-03
-3.6368310899e-03
-5.3691511131e-04
-4.5380035957e-03
-3.0899646255e-05
-3.9767886846e-03
-5.2166446259e-04
2.4525053164e-04
8.9852072924e-04
-6.3582728500e-03
3.8920814256e-03
1.1420340998e-02
1.9028525997e-03
-3.2488879596e-03
7.2570114657e-04
-2.0139486509e-03
1.1504138185e-03
-3.6967228354e-03
-4.8360557815e-03
6.0095586125e-03
5.5026427877e-03
-2.0054303559e-03
-2.5358120853e-03
7.1436382801e-04
-2.2138965929e-03
3.3279738312e-03
8.9132481364e-03
-3.1701455121e-03
6.2469565625e-03
-2.8522468666e-03
-2.0447129530e-03
-8.6380923148e-04
-2.1238918408e-04
-5.7681764512e-03
1.9820967692e-03
1.5578588525e-03
-2.1328310034e-03
-3.0768541201e-03
1.7881213484e-03
-1.2200024695e-03
-8.2768678804e-03
-1.1252051847e-03
5.2748786571e-03
-4.1895699381e-04
7.6697875554e-03
1.3654165536e-02
1.4204969770e-03
1.0471801026e-03
-2.0067503541e-03
1.5228802017e-04
2.2471841650e-03
2.3626951876e-03
-4.8342182431e-03
-2.4709261299e-03
-6.2085272914e-03
9.3557143001e-03
1.1131820251e-02
-7.9174788310e-04
-3.5481117693e-03
2.1038666482e-03
4.2725310318e-04
3.0892782375e-04
2.2935418228e-03
-2.7939310163e-05
-3.4830201067e-03
-7.7223902564e-03
3.5566333044e-03
-6.7343758122e-03
-1.4077635943e-04
3.6663788028e-03
-4.9357167176e-03
1.3883326540e-02
-6.7226790026e-03
-1.1802867649e-03
2.9080871267e-04
1.0650774288e-02
-1.2937053578e-03
3.1287613720e-03
-2.6101667820e-03
-3.8842668858e-04
-5.2150551415e-04
-6.4432839775e-03
-7.5645255020e-04
-1.8368825698e-03
-2.3379427862e-03
1.8666864059e-04
4.4458363359e-03
-2.5876391352e-03
1.5057589289e-03
6.4200809515e-03
-5.3351108214e-03
4.8008066898e-03
1.5985614722e-03
-2.1571462221e-03
8.4143141710e-03
3.8169930471e-06
2.4766496434e-03
2.4833562285e-03
-1.3153548819e-03
2.0847652269e-03
-2.0185906120e-03
-8.4970946072e-04
-5.5903296042e-03
1.7765704999e-03
-2.4093053080e-03
-1.4868114919e-04
-1.6238804693e-03
-2.5689184912e-03
-1.0385710766e-02
4.6533547049e-03
-3.7505075517e-03
-2.4882952893e-04
5.0248000639e-04
6.6668567969e-03
-9.8663962627e-04
-6.3462052188e-03
3.5454912716e-03
-4.1882966679e-03
3.5196983381e-04
-1.0467084649e-03
-3.2801726700e-03
-2.9327200601e-03
-7.9063072774e-03
2.7557903251e-03
3.0963956482e-03
3.7172515502e-03
1.0977729585e-04
4.7038592500e-03
4.2348527518e-03
4.7743089370e-03
-2.1621949495e-03
-2.1412898029e-03
8.9738643431e-03
-2.1143067798e-03
1.0311413464e-02
-4.5423891603e-03
5.3689424311e-05
7.6813685647e-04
3.5362081928e-04
5.4578864986e-03
1.1876802834e-03
-4.4048790869e-03
-1.2173132415e-03
-1.3230984135e-03
-9.1893491321e-04
6.0887435528e-03
7.6994128560e-03
-6.5419157773e-03
-2.7334409471e-03
3.9380683573e-03
-1.7681363407e-03
3.0302599734e-03
-2.3828162840e-03
-1.1693730020e-04
5.9495725336e-03
8.4241028658e-03
2.5803306146e-03
-5.0505764088e-04
-2.0239920002e-03
-1.2268870189e-03
-5.9738987267e-03
-5.3960477989e-03
-7.4625737505e-04
-4.5244442038e-03
2.9082637812e-03
3.1541411739e-03
-4.0598835230e-03
-2.4285620310e-03
5.3587255067e-03
4.8592432558e-03
-1.9192164602e-03
2.2839013613e-03
-3.3706050924e-03
-5.1067503931e-04
-8.1280015142e-04
2.1684339645e-04
-2.2386307307e-03
1.0482163279e-02
2.8192458674e-04
4.0501082772e-04
-3.0700437978e-03
4.8754238548e-03
1.4536338185e-03
-1.7731575394e-03
-5.2625833254e-03
-2.4738395252e-04
-3.5928678247e-03
-3.1876317646e-04
1.3758242956e-02
-1.4084361717e-03
2.3985152423e-03
1.9232331960e-03
-5.0863590354e-03
-3.4615518899e-03
4.8061659378e-03
-2.9901368967e-03
4.1095132337e-03
-4.2139255355e-03
-4.9392166452e-04
-1.5375905075e-04
-2.7612434394e-03
-3.6022398595e-03
8.0853355247e-03
3.8233938588e-03
4.3184038334e-03
-1.9625119462e-03
1.2753669295e-02
-5.6319646806e-03
-2.4471777864e-04
-4.4470072298e-03
-7.1532954285e-04
1.4860936386e-03
-3.6159379685e-03
4.8185666405e-03
-4.0234683929e-03
1.9261547323e-03
1.1614548579e-03
-1.9709633584e-03
-6.2422943475e-04
1.0907099039e-02
-3.6451804928e-03
-6.3088056297e-03
4.4040264236e-03
3.5410034560e-03
6.0322847952e-03
3.3244326319e-03
3.1771132753e-03
1.7300467920e-03
1.9317305405e-03
-1.8664803902e-03
7.1596826406e-03
5.6357891669e-03
4.1054130038e-03
8.2959726913e-04
-2.0400504515e-03
-4.3667566011e-04
-1.0242031520e-04
-3.9483104050e-04
4.9765195696e-03
6.0283853588e-03
8.0644706385e-03
-4.0258565634e-03
3.2314900194e-03
4.1705257131e-03
2.9540518795e-03
-5.8252761149e-03
-1.9744767522e-03
-9.2830303138e-04
3.5037122714e-03
-5.1317336188e-03
-3.4883379947e-03
-8.0829757308e-04
8.9524583034e-04
-8.9453990109e-04
-3.4871923968e-04
-7.3622458758e-04
-5.0987354368e-03
3.1231103531e-03
6.3834001695e-03
5.6108558845e-04
-6.9412246822e-03
-4.5521069639e-03
-2.4486080602e-03
4.8828746906e-03
8.5164035536e-03
2.0580456505e-03
-1.8346126709e-03
-4.7794768120e-03
2.3348959170e-03
1.0182588124e-02
1.7110754952e-03
-3.8797785195e-03
1.3958128079e-04
-4.1713920697e-03
2.5305068851e-03
-5.1998636466e-04
1.7804637936e-03
2.3005585731e-03
-6.9927939683e-04
4.5105146380e-03
-4.4897592535e-03
-3.8343362309e-04
-7.7745095313e-04
-5.6928331959e-03
4.3437330900e-03
3.7141520748e-03
-3.6181501756e-03
1.1487849403e-02
4.2459324982e-03
-2.5860310935e-03
-4.8048934041e-04
-1.5101389968e-03
3.3320119077e-04
-3.3436607613e-03
1.7669950253e-03
5.3764385951e-03
4.7960191764e-03
-4.9990960342e-03
4.0168878130e-04
1.6901644872e-03
-4.0146867856e-04
8.3988015303e-03
-4.7259515360e-03
-2.8001924903e-03
7.5307229676e-03
4.0265454443e-03
-2.4898239066e-03
-6.8569120044e-04
-2.7619829449e-03
8.7038816044e-04
-2.1432988001e-03
-4.5964622590e-04
-6.9854009537e-04
-6.6917407418e-03
3.8483425382e-03
3.7666874141e-03
2.7169030523e-03
-1.8495630730e-03
2.8224500400e-03
-5.7716022212e-03
2.3119907824e-04
-4.0140795858e-03
-3.2486582628e-03
-3.6381513391e-03
-3.1986203245e-03
-1.4873375815e-03
-5.0736049295e-04
1.3101940118e-03
-4.3633970981e-03
-3.6371167984e-03
-1.0338885461e-02
9.4052083118e-03
1.0585210707e-03
1.3253793754e-03
2.7244701825e-03
-1.5919319388e-03
-2.2099033118e-03
7.8004367524e-04
6.4216314940e-04
-4.0961649328e-03
-4.8810156122e-03
-2.7640149471e-03
-1.1751924111e-03
-2.3687962515e-03
4.8130583835e-03
-1.4093488916e-04
-3.0627920964e-03
6.2219705608e-05
-5.9666784219e-03
8.3118090253e-03
-4.9870978033e-03
-1.0608789655e-03
-1.1076524552e-03
-3.1442222155e-03
-5.6928763368e-04
-1.7636126838e-03
4.8138178988e-03
6.2380134543e-03
7.3718419999e-04
-7.4382315098e-03
8.0001555456e-03
-9.3256417775e-04
-1.5406323776e-03
3.5916367685e-03
-2.6358390588e-03
-3.7560382161e-03
1.6868623207e-03
1.4875032646e-03
-4.2590890897e-03
-2.5831069281e-03
-4.0675661831e-03
-9.0101046291e-03
4.4860691043e-03
-9.3343806026e-05
-4.5393500828e-03
6.8125522203e-04
9.5447960149e-03
1.5358640424e-03
6.4380006308e-03
-1.6865844813e-04
1.1540157966e-03
1.0935891063e-02
6.8680998032e-03
-3.7499159716e-03
-4.1059968723e-03
-6.8058609179e-05
9.1806070815e-04
-3.1997265854e-03
-7.1240185932e-03
-4.5610011105e-05
1.4925620202e-03
3.2440425009e-03
-5.7971247382e-03
-4.9040193776e-03
-9.2113388053e-03
-2.8426341230e-03
-7.3280228494e-04
-8.7671930773e-03
1.4370036078e-02
2.0422845533e-03
1.4666539781e-03
1.3909173597e-02
1.7537282274e-03
1.2199685897e-02
-4.6089768789e-03
-4.0533015298e-03
-5.1101916504e-03
-2.1720681621e-03
4.3497143100e-03
-3.8112695139e-03
-1.2166950885e-03
-7.4113322792e-03
-4.4571800916e-03
-8.4460609025e-04
-7.5641080620e-04
6.6931591571e-03
-6.4261724598e-03
-5.5415902209e-03
2.4030531976e-03
-7.8816051131e-03
-2.9784529193e-03
-2.5826501755e-03
-4.4777961105e-03
-1.3201704555e-03
4.4667834213e-03
3.1648522784e-03
1.6883748468e-02
-9.1915938054e-04
3.0798751024e-03
4.8338059097e-03
-6.8551913371e-03
3.6103296618e-03
-5.3533536463e-04
-4.3655857774e-03
-7.5190400023e-04
-2.8559658563e-03
-2.1262497754e-03
3.0012443002e-03
-2.7831089596e-03
1.9560738945e-03
1.2533920271e-03
2.5357030653e-03
2.8808656608e-03
4.2390671300e-03
-4.6171451304e-03
-2.8645152845e-05
1.1794346970e-02
3.9916820570e-03
3.8238340773e-03
1.6641453437e-03
2.2964642815e-03
-4.2583430091e-03
6.3582115200e-04
2.0952714131e-03
2.9437223040e-04
1.0140224261e-02
1.5850016273e-04
1.3469514558e-03
5.1385037829e-03
5.3051807253e-04
4.7216154455e-03
-2.3472804787e-03
2.1483849411e-03
2.9734257353e-04
-7.4538086226e-03
-6.5530664216e-03
-3.9750866705e-03
-2.5940066832e-03
-4.3219105964e-04
-1.2213611378e-03
-2.4544759063e-03
5.0058600970e-03
5.2286494268e-03
5.6545778654e-03
7.5639382482e-03
3.6806102288e-03
1.1169556443e-03
5.8802352991e-03
3.3215038429e-03
-7.5089606708e-03
3.1096909610e-03
-4.1346039868e-03
-5.7330558235e-03
5.0142827194e-03
-2.9044494384e-03
-1.2825141306e-03
-3.0906131147e-03
-8.8324087871e-04
-3.1940630662e-03
3.0225390632e-03
-4.9951568555e-03
-3.1607721113e-03
-7.0041154365e-04
8.5347742507e-04
-3.5701789359e-03
5.9980983073e-04
-3.7563094395e-04
5.8438194361e-04
1.1510185372e-03
-5.2063085877e-03
-1.8127943125e-03
2.6479238160e-03
-5.4361583846e-04
-6.1303334328e-04
-4.4550795709e-03
-5.5499347827e-03
4.2185369529e-03
6.8436185701e-04
-1.0358262461e-03
-5.1164090756e-03
-1.1097143849e-03
-5.0455681279e-03
-7.5779852242e-03
-1.8276258302e-03
1.7673504983e-03
-1.4179113665e-03
9.2087110101e-03
3.4076064067e-04
2.3213794624e-04
7.4943681926e-03
2.6051031935e-03
4.4473627699e-03
4.0274037022e-03
-7.4541421241e-04
-3.9903920817e-03
1.1679065506e-03
-1.0356508172e-03
-1.8221936364e-03
1.9858404555e-03
6.3547686712e-03
-3.5305827932e-03
1.1204152572e-03
7.2167865280e-03
5.9569312855e-03
1.0180077147e-02
-2.7098101179e-03
-4.8168269395e-04
1.0145380889e-03
1.1278335464e-02
-4.2565618237e-03
6.4563763723e-03
-3.8420276188e-03
4.1790514380e-03
1.2488866719e-03
3.9596465707e-03
-1.7435389332e-03
-7.3851191543e-03
-3.7040640999e-03
3.2155488187e-03
2.3506196846e-03
-9.7623359958e-04
-5.9291397443e-03
-1.3993431060e-03
4.0238306278e-04
-2.1523791150e-03
-5.5579446231e-03
1.2593615748e-03
-4.0991314836e-03
5.6342033787e-03
4.5082416386e-03
1.9558380068e-03
-5.0896447773e-03
1.1840565026e-02
5.2152482262e-03
-3.6256233234e-03
-2.3252714233e-03
-1.6150762237e-03
2.5817440717e-03
2.2829012726e-03
4.6603964756e-03
-4.3315064561e-03
6.0111197103e-03
1.7089086206e-03
-4.1338916574e-03
-4.8676206896e-03
-7.0377555198e-03
8.4193126662e-03
1.2608227015e-02
-1.1895320412e-03
1.9071684247e-03
-4.0665312398e-03
1.0947233608e-02
2.5284128479e-04
2.4636846505e-03
-7.1960718176e-04
-1.7392595085e-03
-1.6657343687e-03
4.1257845466e-03
3.8280548875e-04
-4.3995859190e-03
8.4607647475e-04
3.9484458123e-04
-4.8363275662e-03
3.7790472674e-03
-5.8815071432e-03
7.5399885342e-03
1.9016893344e-04
1.4772384062e-03
2.9461246206e-03
6.3450035602e-03
-3.2404248451e-04
-3.4216403486e-05
-3.9579319691e-03
-3.0822511063e-03
8.6836445593e-03
-4.6274449696e-03
3.2201453054e-04
2.3705765337e-03
6.8030376770e-03
3.7095248284e-03
1.2678061244e-02
-6.8268878712e-03
-6.2761225703e-03
2.2598156547e-06
2.2870647405e-03
3.4438459217e-03
-3.1302454868e-03
6.6970298584e-03
5.7064075627e-03
2.9270235585e-03
-4.7271028895e-03
2.4182714956e-03
-2.9721286964e-03
-1.5866020358e-03
9.1492496303e-04
-3.8620067607e-03
6.1485997753e-03
-4.3774959789e-03
6.0167618738e-03
5.1140984469e-04
8.8362663625e-04
-4.9085390928e-03
6.1247874211e-04
-4.6028404416e-03
8.8107644359e-04
-5.3239615401e-03
3.0004075344e-03
-3.5947360295e-03
-2.5432811006e-03
1.0137913695e-03
-2.2444389672e-03
-6.3891505774e-03
-4.6084020614e-03
-6.4077262370e-03
-3.2824700060e-03
-7.0714047149e-03
-1.2753533793e-03
-1.1835707840e-03
4.3835701949e-03
1.9928055546e-03
1.8750748224e-04
-3.6681779349e-03
-1.9297275960e-03
-8.6381613234e-03
1.1955016413e-02
7.8007676557e-04
-1.8968818851e-03
-1.2144987744e-03
-3.1599025694e-03
1.0036350934e-02
-7.1222000416e-03
-7.5900321956e-03
9.8294144339e-03
3.9020928764e-03
-1.2487919966e-03
-2.4414003510e-03
-3.1105139566e-03
-3.4517316505e-03
-3.4940069520e-03
-5.2400825464e-03
-2.8477532833e-03
-1.3687154900e-03
-1.0682053810e-03
-1.2702711477e-03
2.3367683404e-04
1.0444907960e-03
8.4058530233e-04
-3.5572657359e-03
-3.6098399437e-03
3.0564259924e-03
-4.7968255469e-03
3.7913328069e-03
4.9274356519e-03
2.1314455620e-03
8.9469843223e-04
2.8147342980e-03
-1.1740894695e-03
1.5732725298e-04
3.5219903439e-04
-2.6707919619e-03
-3.5045786505e-03
-2.2025800761e-03
-4.7031744541e-03
7.9859023578e-04
-1.5788356866e-03
1.9116235463e-03
-4.9695854950e-03
-3.2683319803e-03
-3.5593923411e-03
8.4684521675e-04
-5.2330898398e-03
-2.2536450908e-03
-4.5714205537e-03
1.0078897199e-02
-2.9842490481e-03
8.3730846996e-03
5.5862874358e-03
7.1050971255e-03
-4.1989351847e-03
4.7622220552e-05
3.6149866470e-03
2.0600945080e-03
1.8326055386e-03
1.5637813087e-02
-1.2315649271e-03
-2.9754391590e-05
-8.3991628241e-04
4.8193070932e-03
-1.8186566620e-03
-7.2842070989e-04
-9.3385641697e-04
4.9718037745e-04
4.7713337185e-03
-8.7125693667e-03
5.8897798654e-03
1.3766583181e-03
1.6774227942e-03
1.0460199856e-02
1.2127445728e-02
-2.6576232094e-04
-2.0605552001e-03
-5.0747066485e-03
4.5851962638e-03
6.5681089948e-03
1.9044135378e-03
2.4416379162e-03
4.7912632578e-03
2.0178037388e-03
-1.9397562889e-03
-2.7327165929e-03
-3.0729584015e-03
6.0329200447e-04
-4.2961409681e-03
5.3345873531e-03
-1.3117049529e-03
-2.2240614251e-04
-2.9449512602e-03
2.6074531657e-03
3.5163634770e-03
-2.3953055976e-03
2.9467247949e-03
7.1576941561e-03
-1.1782640970e-03
-1.4579165660e-05
-5.3244947047e-04
1.7717067775e-04
-8.3588069055e-03
8.0881754286e-03
-7.0697909394e-03
-2.2638452946e-03
3.7206388453e-03
1.0263308203e-03
-6.6380206540e-04
1.8872931602e-03
6.5268855829e-03
4.2430894224e-03
1.8107139015e-03
-1.4602659383e-03
-5.7830519431e-03
7.1397998088e-04
6.2644997767e-03
6.9645100828e-03
6.0370518296e-04
1.6314073979e-03
5.9931909460e-04
-4.5420814526e-03
-1.3144850237e-03
2.5997761824e-03
1.6453929635e-03
1.0997339112e-02
1.4898833146e-04
5.6603462672e-03
-2.0794240034e-03
7.3673380662e-04
-6.3205670509e-03
6.6523638600e-04
-9.8978576632e-04
2.0795247666e-03
9.6868496860e-03
9.2280077679e-03
6.7239401896e-03
-2.3571450163e-03
-2.0398725628e-03
-2.1587015034e-03
-3.7125266848e-03
3.3211076133e-03
1.1470720851e-02
2.1893131689e-03
-2.7335340590e-03
7.3016286193e-04
9.2502911070e-03
4.9488263489e-04
-5.5154758002e-03
-1.9729745428e-03
-1.2778888559e-03
8.2288387903e-04
-6.8118978220e-04
6.7257140597e-03
-1.1418404353e-03
1.8534893417e-03
1.7654009632e-03
-1.4661802439e-04
-7.4481732939e-04
-2.7256047887e-03
3.1678855841e-03
9.1751037134e-03
-4.2799630550e-03
1.9111402833e-03
2.6947161707e-03
-4.5297328461e-03
-5.6640402163e-03
-5.2785674031e-03
8.2005363373e-03
-9.4818964472e-05
-2.8605026572e-03
1.4460473570e-03
-4.4856785241e-03
6.4113956889e-03
-1.9940917955e-03
-2.0484075941e-03
-3.1462542279e-03
-2.5255332523e-03
3.9176313676e-03
9.9212781071e-04
-1.9397473078e-03
-4.1201137824e-03
-6.6787552486e-03
-5.9432109136e-03
-2.4466813829e-03
1.7739343869e-03
-8.9215778247e-03
-1.0527102715e-03
-7.2344285860e-03
-5.0009153533e-03
3.5493038973e-03
6.3697071969e-03
-4.5182201813e-03
-3.8631523785e-03
3.2036250025e-03
-4.2526514382e-03
3.2169753997e-04
1.0243332600e-02
-5.5739656803e-03
-6.2476623423e-03
-4.3426483310e-03
6.3130293260e-03
-1.4955114141e-03
-2.7085418592e-04
-5.8577803979e-03
2.7471321630e-03
-3.5888237083e-03
8.0201224414e-03
9.3876465020e-03
-7.2983460720e-04
-1.0336666670e-03
6.0479255698e-03
3.1816055216e-04
3.4601452145e-03
1.0719909332e-03
-6.0801921821e-03
-3.0039514982e-03
-5.6608137682e-03
-7.5484861806e-05
4.0548655586e-03
8.0842465249e-03
4.6522466940e-03
1.3435641462e-03
1.9304950067e-04
-6.2508668831e-03
8.7689418175e-03
2.4650793712e-03
-1.7239044690e-03
-5.4408849123e-03
-6.0127412055e-03
2.7100421785e-04
2.3735776883e-03
-6.1415158236e-04
4.0697297589e-04
3.9155730104e-03
4.7342055175e-03
6.9371471581e-03
4.4026260276e-03
-1.8651754194e-03
4.8715345027e-03
-1.9982963371e-03
1.2034955030e-03
3.2935007686e-03
3.3580584717e-03
-5.7517667383e-03
1.2002636691e-02
-7.5000416277e-04
-7.1616249153e-03
-3.0845957858e-03
1.3521405921e-02
8.0073051578e-03
-5.5285683523e-03
-6.2752330071e-04
1.2355733617e-03
1.1315909183e-02
-9.0411012691e-03
-1.9262143862e-04
-1.3082922351e-03
1.3870150245e-02
6.3658196677e-03
1.1497682716e-03
2.7805462098e-04
-6.6771335198e-04
3.3980568863e-04
4.7801382262e-03
-5.9871728486e-03
9.2017294365e-03
-4.1568858949e-03
9.9300210324e-03
-2.7504047252e-03
1.9185753289e-03
-8.6931470264e-03
-2.4967860952e-03
-4.7786527737e-03
-1.4476843002e-03
4.6078926429e-03
3.1287914739e-03
6.0466368258e-03
2.1357767969e-03
2.2268890476e-06
-7.6040992804e-04
-1.8100625418e-03
3.8314611642e-03
6.6498619521e-03
5.7869502142e-04
-3.1597388957e-03
2.2172184434e-05
2.2802851883e-03
4.0693404633e-03
2.6485537020e-03
-7.3580374545e-03
-2.0992737387e-03
-2.3273181471e-03
2.4125399759e-03
9.7626088727e-03
4.1128244016e-03
-2.2439394265e-03
4.1744046574e-03
-2.3660388800e-04
-4.2537288780e-04
3.6755165616e-03
5.3880352256e-03
3.2153057120e-04
-1.3056177764e-03
4.5199318322e-03
-2.4489431694e-03
-6.0431258350e-03
-3.7609507196e-03
3.6235528871e-03
-1.4498070100e-03
-2.0648742367e-03
1.4859244431e-04
1.5468357297e-04
-3.8187952169e-03
6.3708077017e-03
-4.8984621206e-03
2.5471110269e-03
-3.6722061530e-03
-1.0174892957e-03
4.8707908620e-03
2.8651300455e-03
-1.8126333056e-03
9.2144025404e-03
-2.4779541263e-03
-3.7792367597e-04
-1.0312394806e-04
3.2824088558e-03
-5.2167571689e-03
5.7953701769e-03
5.4636119709e-04
6.3357090281e-03
2.5363223069e-03
-1.2946387575e-03
1.0473466708e-03
-5.3358537443e-03
1.0015937908e-03
5.3571524516e-03
-4.2858853411e-03
-1.4325458033e-03
4.1903549856e-03
-1.6275653639e-03
1.7763371720e-03
-2.5315346426e-03
-3.0417570264e-03
-6.0897515739e-03
8.5938705442e-03
-2.3751000651e-03
1.9552384646e-03
1.9024564500e-03
1.2838516061e-02
-7.9334661655e-03
-7.7338034824e-04
1.4327893465e-03
-9.8782708065e-04
-4.4422398172e-03
-1.5553172083e-03
5.2536048048e-04
5.4036215998e-03
4.0590745534e-03
-8.2223312380e-03
-7.1352216354e-04
-7.9390800095e-04
-4.5760267897e-03
-3.9963645702e-03
-8.3106264467e-03
-1.3821921940e-03
-1.0945739624e-03
3.2718267233e-03
4.0278784756e-03
-2.7425974471e-03
-5.1138786620e-03
-1.4594927588e-03
-4.8072075473e-03
-4.4765643308e-03
5.5633100022e-03
5.9414965400e-04
6.2620682940e-03
-5.2566075809e-03
3.9779891558e-03
-6.2622634139e-03
-8.3575936453e-03
9.8022029954e-03
2.0831289444e-03
-5.6358213001e-03
-9.6641371787e-04
-6.8244847760e-03
7.7327916141e-03
1.4701482002e-03
1.3867751299e-03
-2.3403935822e-04
-4.9404402507e-03
1.1505153487e-03
-8.3213167591e-03
1.1101522374e-03
-7.4425313169e-04
8.4455298800e-05
-3.0235741651e-03
-3.5268561444e-03
1.0379785304e-03
-4.0183796625e-03
-1.7804074897e-03
2.8707657005e-03
-1.9770193582e-03
3.1428077488e-03
-3.6661221715e-03
1.7439574667e-03
2.8420484769e-03
-4.0465615100e-03
7.5518827947e-05
-3.9838051053e-03
3.7244029035e-03
6.7891432797e-03
-7.2242096838e-03
-3.9671769740e-03
-3.3393238828e-03
-5.2884489043e-03
1.9475222719e-04
3.8798642528e-03
7.0253649477e-03
-3.8831850871e-04
-5.2820782713e-03
5.0485858379e-04
-1.9848223381e-03
1.5052958935e-04
2.2387501584e-04
3.5407064653e-03
4.0760151968e-03
-3.4255021919e-03
-2.6054722443e-03
2.6517965534e-03
-3.1393991121e-03
-8.1182727743e-04
3.3634531975e-03
-5.0933527081e-03
-6.2134057495e-03
1.3843983405e-03
1.3450874631e-04
5.7162061329e-03
-6.1947619748e-04
-4.1947221161e-03
-8.0071414633e-03
-1.4035237428e-03
-1.5507382780e-03
-7.0633555427e-03
-4.4271860551e-03
-1.7399480177e-03
-1.6700665794e-03
-3.6500361129e-03
3.2662891574e-03
-8.6666657010e-03
-3.7537260769e-03
-3.9671973783e-03
-3.6990923838e-03
2.3050544446e-03
2.2032691754e-03
-4.5930732329e-03
-2.3975962640e-04
7.2906812355e-03
-4.5750758958e-03
-3.7908405556e-03
-1.1917732001e-03
5.2838302631e-03
7.3354414244e-03
6.3072568902e-03
1.5571369608e-02
-1.6172427345e-04
-6.6129648305e-03
3.2519376369e-03
-7.2506968163e-04
4.5846753501e-04
3.4106044383e-03
7.4505389446e-04
4.7265284133e-03
-1.5049221165e-03
-4.8223510901e-05
1.5867648185e-03
3.2839552235e-03
-4.4050727763e-03
-4.2215307339e-03
5.0371599138e-03
1.4814220082e-03
4.5103825616e-03
-6.3615709217e-03
3.1134217165e-03
-1.2395671017e-03
5.9272117512e-03
7.3560911969e-05
-2.9829878447e-03
-4.4133601053e-03
2.9025952301e-03
-6.4169313411e-03
-3.3466651283e-03
-8.6430651981e-03
-4.3716642643e-03
-5.9161453306e-03
-6.5332314490e-03
-1.1015161695e-03
6.9047028273e-03
7.9099729925e-03
1.7255603450e-03
9.2509704914e-03
6.6160805523e-04
-1.6987899941e-03
3.4082279043e-03
-1.9118058093e-03
-3.3291956601e-03
-2.0561493093e-03
9.8611703227e-04
1.1885168345e-03
-1.7231349183e-03
4.9673561950e-03
6.0658976346e-03
-6.5906939744e-05
3.4574149097e-03
-9.8126112646e-04
-1.4021072700e-03
-1.3152137806e-03
-6.9669092908e-03
7.7783402444e-03
1.5897067336e-03
-4.4848589913e-03
-4.1728699697e-03
-2.4684476013e-03
-1.2307065261e-03
-3.5171500710e-03
-5.1611784997e-03
-6.9433893234e-03
8.0903848903e-04
-3.9624881712e-03
2.5982117476e-03
2.2856934459e-03
1.7203353787e-03
-4.9468143587e-03
-6.0950605197e-03
-1.2594708554e-03
-3.7219099635e-04
7.0106103051e-04
-6.6138557625e-03
2.6095433984e-03
4.6143424587e-04
-6.4252841009e-04
6.2932301296e-03
-3.6993699136e-03
6.8107711838e-03
2.4026994092e-03
-4.0626636551e-03
-6.3454743291e-05
-7.4748490358e-03
-3.5765405481e-03
-1.5026456803e-03
-2.5588334227e-03
-1.7165944053e-03
-5.4842628077e-03
1.9814215380e-03
-7.0026451222e-03
-5.2944345330e-03
4.0983824527e-03
2.8136252928e-03
5.0137711462e-04
-2.5629939048e-03
-2.9243756721e-03
-3.7793634924e-03
2.6741133951e-03
-1.0732186170e-03
-1.1782104450e-03
-9.4534417125e-03
4.6420535789e-03
6.9909076482e-04
-5.8030564679e-03
-4.2150262122e-03
2.9646140059e-03
-2.3959611526e-03
1.1273323920e-02
3.4691869918e-03
-5.5155246359e-03
1.7458668297e-03
5.2253428339e-04
-2.6228475870e-03
3.3884926198e-03
1.0104699362e-03
6.3159057630e-03
-1.1045907633e-03
-2.0436431794e-03
-1.6011693642e-03
1.4671720413e-03
-2.1747629104e-03
6.4298663829e-03
-4.9762683577e-03
5.8419246209e-03
1.3626452403e-03
5.5849644631e-03
-3.7373499767e-03
3.0564943118e-04
4.8098250911e-03
2.6287378399e-03
-2.8869005164e-04
-5.0629986056e-03
6.4147503249e-03
4.5717873722e-03
6.6990040128e-03
2.0294071625e-03
2.1029860553e-03
-1.2075778734e-03
5.9442412583e-03
-5.3084180366e-03
1.3801557233e-03
6.3473902636e-03
-4.4336302063e-03
6.6806562558e-03
-4.8622450620e-03
-3.7453400883e-04
-2.6437375486e-03
-7.9464690841e-03
-6.8840141429e-03
-3.0962425421e-03
-2.9882278784e-03
7.0076379043e-03
1.6647746362e-03
7.4742432012e-03
7.3036883773e-04
-5.6573890681e-04
2.4275259698e-03
-2.9783593738e-03
-3.4936648273e-03
-1.7013680446e-03
-2.9443943871e-03
-1.5520320065e-04
1.4605106805e-02
-2.1331500011e-03
1.4471970967e-03
-2.5973827286e-03
5.7302919857e-03
2.2121381883e-03
4.5138561921e-04
-3.7211938712e-03
-4.3590986572e-03
-3.6986526206e-03
-3.5459782765e-03
-8.6505663058e-04
4.4603401786e-03
-3.0097112760e-03
-6.0995523942e-03
-6.1307362016e-04
-4.1439971160e-03
2.3032594973e-03
-3.0876933724e-03
3.6352050556e-03
2.7521733540e-03
2.5893547660e-03
-1.9446794978e-03
-5.2810070636e-03
-2.5838436859e-03
7.0027653510e-03
-5.9635509247e-03
4.2074274214e-04
6.6111553756e-03
6.3990573746e-03
-9.2591799807e-03
-9.3544415238e-04
1.1863078800e-03
4.1466564071e-04
-3.3601164770e-03
5.2123906147e-03
-6.0442716910e-04
-2.2300931235e-05
3.0781663582e-03
-1.9099721238e-04
-3.1610195616e-03
-3.4640352731e-03
-4.4629650015e-04
5.9758067029e-05
-2.5042891870e-03
-2.0473220822e-03
1.1622858916e-03
-6.1152050923e-03
5.0450970334e-03
1.3408861936e-03
1.4407609802e-03
1.7481371475e-03
1.0885297340e-03
-1.0905777521e-03
-1.1067865610e-03
-4.3576125547e-03
-2.9800530206e-03
1.5148718572e-03
5.2256809802e-03
-4.0240747024e-03
1.5512325995e-03
8.1341936784e-03
-2.5614301282e-03
4.9909491741e-03
2.6909174254e-03
-6.4922650479e-03
3.8703679106e-05
1.4616648400e-03
1.4438185718e-02
2.0031679475e-05
-2.8084675847e-04
-6.2500732245e-03
-6.9315137575e-03
1.9386745458e-03
7.3869673543e-03
1.4180035290e-04
2.5874710294e-03
7.9777468173e-04
-3.8070455968e-03
-3.1722843229e-03
2.3482662968e-03
5.2505550935e-03
6.1993275539e-03
1.8875922247e-03
-8.1293728127e-03
2.0910454810e-03
-3.0177902804e-03
-2.2013284190e-03
-1.8438046746e-03
-4.3838833773e-03
-4.7897636007e-03
2.1437073654e-03
-2.9269848704e-04
-8.5539039854e-04
-2.7515233606e-04
1.6318902977e-03
-2.4451663253e-04
-2.5255481369e-03
-5.8590997144e-03
2.4052737148e-04
-1.7993350867e-03
-4.8546768650e-03
-1.9003961199e-03
7.4780360267e-03
-2.6643273732e-03
-3.2657666280e-03
-5.8947106054e-03
1.3753362737e-03
8.0223794557e-04
1.1833691102e-03
-4.3494347447e-03
-3.1886851555e-03
3.7451311328e-03
2.7687619431e-03
-3.3582099704e-03
-4.2075443681e-03
-1.7200066963e-03
-1.4788123519e-03
-1.5929328658e-03
-3.2511602300e-03
2.1120038483e-02
-1.6480149965e-03
-3.6868502846e-03
3.3090971818e-03
1.8376050553e-03
2.4135845413e-03
8.8200637744e-04
-2.3819216160e-04
-1.3521840828e-03
-7.6920786272e-04
5.5143221539e-04
4.8199372510e-03
1.6157095618e-03
7.5196320356e-04
-5.4306667246e-04
-9.1436381325e-04
4.5517730232e-03
2.2054527158e-03
2.9899366242e-04
-3.6436642531e-03
-2.6770832382e-03
1.1471460376e-02
1.8371634847e-03
-8.4803142453e-03
6.5295295685e-04
-5.3808044626e-03
-6.6976995314e-03
4.0736261489e-03
-1.8583861228e-04
-3.4861800933e-03
1.3049836854e-02
6.7306771832e-04
-5.2758783509e-03
3.9159826921e-04
-4.5359317150e-03
4.7121268314e-04
9.5165066938e-03
5.2535233261e-04
8.1329253056e-03
4.5765098817e-05
5.9000815187e-03
2.0554799994e-03
-1.4357147845e-03
-3.3642982219e-03
7.9683792983e-03
8.5230858186e-04
2.2420838171e-03
3.0593341620e-03
1.2922279616e-03
1.8092603499e-03
-1.9264233050e-03
1.6338337990e-03
1.1579675444e-03
-4.8937501366e-03
-1.5603368616e-03
-4.5473526214e-03
-4.7230511223e-04
-7.6192771140e-04
1.3552336460e-05
-4.8941662649e-04
5.8166242953e-04
3.1153950865e-03
8.3461300896e-04
-5.1183854398e-03
1.6385655354e-03
-7.3084612359e-03
-6.0618074451e-03
-1.4597104934e-03
-3.7097998675e-03
4.4858836492e-03
-6.7454328186e-03
-1.3412067871e-03
3.6642038585e-03
-5.5020229612e-03
1.1647234766e-03
-2.0347161572e-03
-5.1239100554e-03
5.1562080176e-03
-1.4800123832e-03
3.4127148645e-03
-3.6175760079e-04
2.0015301658e-03
-5.9649481871e-03
-4.6559347677e-05
-1.2392896839e-03
-1.4425720748e-03
-2.3812080165e-03
5.3207268909e-03
8.2849430367e-03
-5.3304137936e-03
5.7873476268e-04
4.1229258215e-03
1.0066483889e-03
7.3864479077e-03
-5.1918102736e-03
3.1853050288e-03
-3.3546424701e-03
8.1025685043e-04
2.0963187750e-03
8.9209455867e-05
-9.4313045832e-04
-3.1122401493e-03
1.8857413559e-04
1.0713064853e-02
-2.4623430577e-03
-3.2291934464e-03
1.1302661127e-03
3.4320843946e-03
-2.5635757668e-03
-4.9366692296e-03
-4.4925568454e-03
-1.8258642506e-03
-6.6464664074e-04
6.5691559150e-03
1.0362492981e-03
-6.8352967687e-03
-8.7318544132e-04
1.7103549218e-03
3.4152986185e-03
9.6874522757e-05
2.3233679371e-03
7.1618991328e-04
4.2820014032e-03
-1.0553179558e-02
-3.4304486000e-03
4.0818883048e-03
-3.9390087115e-03
-4.7081419130e-03
-8.0188859280e-03
1.0364678604e-02
3.0450788540e-03
-6.6165241986e-03
3.0248197201e-03
-3.4507139578e-03
-1.3393862184e-03
-5.6038757179e-03
-7.7751535931e-04
-2.4449987015e-03
6.8357890158e-04
-3.3398357137e-03
-1.9717698379e-03
-9.5457653451e-04
5.7765827349e-03
4.6648924362e-03
4.8130552158e-04
4.9340720772e-03
-5.4224152857e-03
-1.9711587086e-03
5.4133823571e-03
-1.1071190300e-03
-3.6164734230e-03
7.4611816854e-03
-4.5773404633e-03
3.5662994106e-04
-2.9399744001e-03
-5.1802115456e-03
-3.7950099308e-03
4.0196849591e-05
1.5562095265e-03
8.3167487558e-03
8.7374354563e-04
-5.1376694104e-03
4.1662363055e-03
4.9898487073e-03
9.8685191771e-03
1.6188958716e-02
5.9942643867e-03
-1.3114171922e-03
-6.6303241960e-03
-6.0351689562e-03
-5.9410518242e-03
-4.1619330563e-03
2.8759269471e-03
1.2741827067e-04
-1.1065157506e-03
-6.3434649620e-03
6.5116120290e-03
5.7250350064e-03
-3.0670754887e-03
3.5185419745e-03
-2.3483416372e-05
-3.7420828999e-03
5.3167904211e-03
2.7285464533e-03
-4.4522941718e-03
-6.2085717511e-03
5.7772209451e-04
1.1062410102e-03
-1.9249227429e-03
4.7961288183e-03
1.1774097506e-03
2.1188025725e-03
4.0324461203e-03
-2.2120858254e-03
3.3023239516e-03
1.8128521634e-03
-4.9224366524e-04
-2.6559266039e-03
2.5886627203e-03
-3.8810275280e-03
1.1154621888e-03
1.5789327138e-03
-2.4757095571e-03
-3.0938229974e-03
3.7802342207e-04
3.2737897981e-04
2.0047203870e-03
-4.7734553854e-04
-5.4450659843e-03
-1.9222536775e-04
-1.5622798422e-03
3.3338342441e-03
8.8386873157e-03
3.3125041783e-03
1.1604899465e-03
6.2634722862e-03
2.2347664681e-03
7.4546557689e-03
-5.9061165912e-03
-1.0938579684e-03
-3.4791772332e-03
-1.2105626045e-03
-2.1003393205e-03
3.7342080155e-03
-9.0642016833e-03
2.0589321035e-05
-1.3907236587e-03
9.0225817400e-03
9.2683354515e-06
6.9146490677e-03
7.3074957431e-04
5.5174266907e-03
-1.6727237591e-03
-9.1846754694e-04
-3.6729183289e-03
5.7075565858e-05
-3.0331010064e-03
-8.5599595609e-04
3.5306990297e-03
7.4164718973e-03
-3.9269600267e-03
-3.7623242557e-03
9.3149537406e-04
-3.5198343097e-03
2.4813599181e-04
-3.8681883999e-03
-5.3269679877e-03
1.6265964362e-03
-5.6323130115e-03
1.3781393576e-03
-2.5465779232e-03
-2.3103176323e-03
-3.0659474298e-03
-5.4602016244e-03
7.2386440909e-05
1.7411634422e-03
-9.8252265840e-04
-2.1779692375e-03
-3.7742171773e-03
5.2215024545e-06
-5.8356433764e-04
3.7066811218e-03
2.4776478433e-03
-4.1723340774e-03
-7.4418064498e-04
-8.3931450856e-04
-8.1208465063e-03
9.6703904622e-04
-2.2927986331e-03
1.0674277118e-02
3.8882061315e-03
-2.5420812628e-04
-7.3192912921e-03
8.1217438828e-03
-3.4307991043e-04
-3.6055633382e-03
4.6755329887e-03
-2.7348892402e-03
3.9793890752e-04
6.8045992150e-03
-1.9603654183e-03
7.4779751708e-03
-6.3449645697e-03
7.0936212290e-03
-4.0855016391e-03
1.6514144749e-03
-1.2441467666e-03
6.9777606187e-03
5.9673416222e-03
1.8450145341e-03
-1.2189653344e-03
-6.2829211892e-03
-6.0206741759e-03
2.6511785721e-03
-5.4373716633e-03
-1.5759411337e-03
1.8937846123e-03
2.2817491291e-03
6.5325473318e-04
-2.8452535736e-04
-6.1603017106e-03
-5.1692943090e-04
4.5845356076e-03
-1.1407710841e-03
-3.5460211861e-03
-1.3116819419e-03
8.3130630361e-03
-1.1961968658e-04
1.3269807500e-03
8.9648324690e-03
6.5279737832e-03
7.6851276651e-03
-4.0563705677e-03
1.9175446371e-05
-2.2248873015e-03
-4.4316057007e-03
8.6087519287e-04
-2.8818951749e-04
-8.0923591928e-04
-2.0382409413e-03
2.8106023659e-03
1.9990103746e-03
-1.3424232863e-03
1.2666617551e-07
4.4157378380e-03
3.4506334050e-03
-6.2171676448e-03
-7.4157185766e-03
-1.0323582362e-03
7.7979971851e-04
3.5327209840e-03
-3.8107091436e-03
3.4415742181e-04
-1.8571214717e-03
-5.0394602468e-03
4.8501696406e-03
-1.3774103877e-03
-4.0664272266e-03
6.8596492084e-03
-1.0593181162e-03
-2.0914031494e-04
-1.2482285016e-03
1.2735606576e-03
1.0916227303e-02
6.4562262389e-03
-7.7038457137e-03
-2.3244504557e-03
9.3509328056e-03
-6.0723213996e-03
-9.4347018148e-04
-2.7251013504e-03
2.1794007560e-03
2.7849555243e-06
-2.4766992282e-04
3.9891439454e-03
2.7599339510e-03
2.0986026625e-03
1.6261631851e-03
-4.3070070597e-03
-1.1523171101e-03
1.3475568780e-02
-3.2782256728e-03
-1.1142777679e-03
6.4390597129e-03
-4.1879082950e-03
-1.2818110940e-04
1.2471510771e-02
3.9056192290e-04
-4.1178878904e-03
-1.7679871152e-03
5.4294724623e-03
-2.9741184516e-03
3.2178382874e-03
1.2428934593e-02
-1.1381446243e-03
7.2987323340e-04
3.3398654917e-03
-1.4727886540e-03
-4.8293506667e-03
1.1820674874e-02
-2.6718050615e-03
-1.0703138939e-03
-2.3063278096e-03
-5.8266312205e-03
-2.9169515862e-03
7.3523807762e-03
4.6186597057e-03
6.3480771528e-04
9.4579188981e-04
-2.9908315514e-03
-8.1951812168e-04
5.3935375504e-03
-5.1423600999e-03
1.1365099944e-03
-5.0136771891e-03
-3.2096495576e-04
-5.0846677361e-03
-6.6932658430e-03
-7.9320352428e-03
-3.7507828998e-04
-9.1162730871e-03
-2.3570634286e-03
-3.7058145221e-03
4.4037275064e-03
5.3717273321e-03
-1.5052717379e-03
-3.4669607126e-03
1.7170737931e-03
-1.7390946084e-03
3.8599204892e-03
1.1496363124e-02
-5.8512269024e-04
2.0523338429e-03
-3.6327281306e-03
-8.8311457851e-03
6.5986181448e-03
2.7647110907e-03
7.5721260429e-04
-2.3446804165e-04
1.9580135623e-03
-1.3898721890e-04
-9.3179280996e-04
-4.6574240184e-03
2.6711274091e-03
-2.6009188123e-04
-3.7746075488e-03
1.2898107853e-02
1.2876755383e-03
3.0873061850e-03
1.3062489858e-03
-1.8088825601e-03
-7.2849506486e-04
-1.5652225908e-03
-5.2718279909e-03
5.8400688326e-03
4.5572256952e-03
-2.9804465536e-04
-5.5408829508e-03
-5.3739881996e-03
3.8797769703e-03
-6.5452592468e-03
-6.2752562632e-03
7.7340914890e-03
5.1366586497e-03
2.5674150226e-03
-4.4996265189e-03
1.5137661609e-03
2.4869800460e-03
-3.0852538449e-03
-1.3854071824e-03
1.2096888444e-02
-2.9661208421e-03
-3.7224937783e-03
-1.2290885921e-03
-1.7181744976e-03
-2.1610078937e-03
3.7010028275e-03
6.2343931583e-03
2.3148015929e-03
4.1646556826e-03
-7.2791808263e-03
-5.7959185985e-04
-2.9061820641e-03
7.0756896253e-03
1.2327282988e-03
-4.3700655188e-03
1.2989163316e-03
-1.0526978348e-02
1.5414558608e-03
3.0358657062e-03
9.0432470567e-04
6.4427299066e-03
-2.3284734089e-03
4.7536012819e-03
-9.1358545348e-04
-3.8433918560e-04
1.5310800889e-03
1.1253856007e-03
-5.6077523245e-03
7.5494811061e-05
2.6249691329e-04
-5.8174506029e-04
-2.7209321643e-04
2.7132482493e-03
-1.1060329804e-03
1.4642714666e-03
8.7842848281e-04
-4.0924720006e-03
1.1611153811e-03
8.2173309930e-03
-8.7956935580e-04
5.0716926146e-03
-3.9648529487e-04
5.5634099801e-03
-5.3451101255e-03
7.7823983184e-03
-8.1348345909e-03
-2.6330919490e-03
-4.2484286957e-03
6.5608747988e-04
-2.0065165956e-03
3.6940702186e-03
-4.3838495102e-03
3.2736962573e-03
1.2160355573e-03
3.7797867976e-03
4.2441841385e-03
2.7804187205e-03
2.4012308498e-03
-7.0987974539e-03
2.5269766630e-03
-3.6172985869e-03
3.1389948522e-04
-7.6825948503e-04
-5.0089625435e-03
3.6708850101e-03
3.7301282024e-03
-2.4041982257e-03
-5.4569168154e-03
-3.4645875133e-03
-5.0540809623e-03
-2.3686831547e-03
7.2719252874e-03
-1.2826341708e-03
-6.0284662129e-03
-3.2514042604e-03
-1.3876241516e-03
-3.4720833186e-03
2.7328404931e-03
1.3784731741e-03
3.1111150293e-03
-5.5888657908e-04
-2.9215117034e-03
5.6078434944e-03
-5.4204543359e-03
1.0348510130e-03
1.4438758672e-02
-1.1171465597e-02
9.0279308764e-04
-8.1946294536e-04
-1.6845877187e-03
7.9439271636e-04
7.2223473970e-03
-3.8897545464e-03
7.0249636082e-04
7.8354002203e-03
5.4474011932e-03
9.5003388321e-03
-1.7547072278e-03
1.0723439932e-03
-4.5386620190e-03
8.9291426490e-03
6.9150124680e-03
-4.7703873709e-03
2.6560576597e-03
-5.4966738151e-03
1.6187656980e-03
3.1870993554e-03
1.6197421036e-03
-2.5946173441e-03
-5.3943817829e-03
-3.5615503900e-03
7.3968233051e-04
-1.4092512705e-04
-3.0897532271e-03
2.4760965613e-04
4.2527141621e-03
1.5639784518e-03
6.2930563439e-04
-4.1351230208e-03
-5.2976224263e-03
-3.4854351857e-03
3.1286879203e-03
7.3679349139e-04
-3.2701933456e-03
4.2438206943e-03
-3.1234545735e-03
5.8279111412e-04
1.5410324377e-03
-9.9725212537e-04
-4.1806369895e-03
1.0922621350e-03
-4.7014603832e-04
1.0359670907e-04
6.3617520250e-03
-2.0052751854e-03
7.3201705640e-03
-3.5262429598e-03
1.3389746787e-03
3.1725505540e-03
1.8848720604e-03
4.7758735086e-03
-5.7786276091e-03
-1.8938298970e-03
-8.8466094767e-03
-1.4324830501e-03
2.0900460630e-03
8.2996706604e-03
-1.9302531397e-03
-4.2482626523e-03
4.6745076113e-03
3.4204745893e-03
-1.3946144341e-03
9.9989995747e-04
-1.6858677829e-03
-1.3995314977e-03
4.1724373951e-03
4.4693748268e-03
-8.1163346030e-03
-1.2796983134e-03
-6.1171498754e-04
-4.1346982190e-03
5.7233855313e-03
4.4264313040e-03
3.4799573826e-03
8.7497987843e-07
4.7098520168e-03
3.5547410418e-03
-2.5249379318e-03
5.5990560392e-03
2.3593376660e-03
-3.4374730574e-03
-2.3622793174e-03
2.2593138858e-03
1.0302981023e-03
5.0979703494e-03
3.0997916554e-03
-2.8586814886e-03
-2.9083175329e-03
-4.9597270914e-03
-3.6980913262e-03
-2.9172175361e-04
7.6339498208e-03
-6.5690510828e-03
-2.1173810488e-03
-4.1283385425e-03
-6.5442115562e-03
-4.7198777440e-03
3.4667426876e-04
-2.5279536595e-03
7.0704525031e-03
-1.8423234200e-03
2.3630782038e-03
-7.3296605868e-03
1.4516959375e-02
2.9637422657e-03
-4.4825833437e-03
8.4333452511e-03
1.4171309814e-02
1.6520790313e-03
8.2182947648e-03
-5.7557265011e-03
6.1903626767e-03
5.3749328526e-03
-3.4703631186e-03
-3.3978782642e-03
-5.2215813261e-03
-6.7648040115e-03
1.0613368816e-03
1.1076324892e-03
1.6328181511e-03
-3.0237399245e-04
-2.2640039737e-03
-7.3865827422e-03
-2.1616652260e-03
-1.1177069564e-04
-1.4717057535e-03
2.3280679718e-03
3.4736557814e-03
4.9028614049e-03
-4.9904457993e-03
-2.7347774638e-03
7.0190477964e-03
-6.7774754778e-03
8.9985514652e-03
-2.6222158821e-03
-4.2670298353e-03
-5.0309282463e-03
2.4694287415e-03
-1.9990546763e-03
-2.5156016104e-04
-4.4325373119e-03
-3.2823749492e-03
-8.3107364983e-05
-4.9784606947e-03
-1.0547280577e-04
-4.9390958648e-04
1.4034977162e-02
5.0805088491e-03
-5.8257897500e-03
-1.5996229411e-03
3.7436026765e-03
-1.2889447152e-03
-7.5358716446e-03
6.6854438691e-03
4.1564738813e-03
-2.1661956277e-03
-1.7961616494e-03
1.1163202984e-03
-1.0956504878e-03
6.2138956908e-03
-8.5091295810e-03
-5.7792654999e-04
-1.2385515617e-03
-3.3564577873e-03
-4.2641356125e-04
-4.6140020901e-03
4.3957721023e-04
-7.6607033708e-04
3.7126204796e-03
6.7907993899e-04
-9.4958309303e-04
-4.4642222491e-03
-2.0951316269e-03
-3.7376539087e-03
-3.2064893263e-03
8.3578325581e-04
-2.5144560704e-03
4.0365549381e-03
4.3647237452e-03
-5.1310312741e-03
-3.5109230314e-03
-2.5861125428e-04
-3.1809506695e-04
-9.6196065491e-04
-3.8279674265e-03
1.1009806187e-03
-4.6423171082e-04
4.1281364749e-03
-5.0785528203e-04
-6.3621015832e-03
1.2825144264e-03
-4.0657640859e-04
1.5097102583e-03
-8.5829399644e-04
1.0419767938e-02
2.0085311057e-04
4.5374693290e-03
-3.0187139672e-03
5.6478649757e-04
-3.9381398775e-03
-7.9629496657e-04
4.3634798472e-03
-3.8956625067e-03
-3.7049043500e-03
-5.5693804838e-03
2.8112027742e-03
4.4990057509e-03
1.9495298577e-03
-3.1142765920e-03
-1.1018475318e-03
-7.3353104474e-04
-3.2940913698e-04
-2.9025003006e-03
-2.5481005031e-03
3.8162225427e-03
1.9799122361e-03
9.9965102591e-03
-5.1988238893e-03
-1.0701637954e-04
6.2840880479e-03
1.2793033007e-03
-3.3898688494e-03
1.6102142404e-03
1.0420012035e-03
1.4783954597e-02
-1.8264751792e-03
6.8894761915e-04
9.0533619748e-04
5.1131008741e-04
7.4753157624e-04
2.1228533056e-03
2.0899803887e-03
1.1619736473e-02
1.2924512882e-03
4.6300576591e-03
-3.2215616430e-03
-2.4254824074e-03
3.8221349783e-03
-3.1010619206e-03
3.4324971072e-03
7.2529813274e-03
-5.7174134678e-03
1.4577972485e-03
-6.6770715653e-03
3.3687135819e-03
8.8708147506e-03
-1.7189773588e-03
-2.2735631731e-03
2.1131369898e-04
2.0486395742e-03
1.5058432362e-03
2.6147202282e-03
2.5442404630e-04
2.3180729715e-03
7.8688003475e-04
-1.0582125546e-03
-6.3756926774e-03
-8.1715114732e-03
-1.1808716557e-03
-1.5141378009e-05
-3.9771763292e-03
8.1107933673e-03
-6.1635259905e-03
7.3220784054e-03
-2.8590822006e-03
-1.3589821683e-03
-2.2479228505e-03
7.6798874988e-03
2.4365862910e-03
-1.7610371198e-03
-1.5973063601e-03
4.4103869666e-03
-1.6321952963e-05
1.1434397786e-03
-2.1222087900e-03
8.1615957463e-03
9.7108001226e-03
-2.9923082682e-03
-4.6319140673e-03
-2.9281542752e-03
-4.8854007555e-03
-1.6023959328e-03
2.6832739584e-03
2.3916030682e-03
-2.4537492551e-03
-4.1081304360e-03
-2.8900931205e-03
-3.2998677155e-03
-2.8231809094e-03
8.0842126715e-04
-1.9879245279e-03
-2.0505732325e-03
2.0391753958e-03
1.7851136425e-03
3.6134514837e-03
1.2450652459e-03
2.9160564945e-03
-5.9033097659e-03
6.4086219474e-03
-4.9775050114e-03
1.5652322481e-03
-9.5332544385e-04
1.6802697513e-04
-3.6179589948e-03
-3.0168230410e-03
1.6035496439e-03
-2.7468746924e-03
3.0100343822e-03
1.4271075120e-04
-3.4402897563e-03
1.2992850403e-03
-1.7066683815e-03
2.5669678998e-03
1.6776320418e-03
-4.6650318667e-03
-8.1368855767e-03
4.8535643392e-03
-5.8735974500e-03
6.3706122760e-03
-5.5825619725e-03
-5.8508268367e-03
-1.0599637392e-03
-2.3768877052e-04
-7.0643589780e-03
8.5643825903e-05
-3.8317798012e-03
-4.6621545601e-03
3.8875255678e-03
-9.1415154680e-04
4.8051009499e-03
1.3963119364e-03
-9.6586508004e-04
3.5698832362e-03
-2.9322393576e-03
3.7736366303e-03
-1.5097021878e-04
-1.7846929128e-03
-5.0342221227e-03
-3.1938890802e-03
-2.5030391725e-03
7.1915808504e-03
-1.2911357163e-03
-1.6669782907e-03
8.3588985881e-04
8.1663704247e-03
1.7309384839e-03
-3.5247941937e-03
1.3479632035e-02
-2.8933366287e-03
1.5751666855e-03
7.7334553201e-03
-2.0039845788e-03
-2.4312502786e-03
-4.6651351573e-03
-1.8249004516e-03
-3.4915325500e-03
7.6143107087e-03
7.6150038963e-04
-2.1578982677e-03
3.0626806576e-04
4.9846983419e-03
4.6454549735e-03
-6.5512303577e-04
-4.3789470646e-04
-1.7324770773e-04
-7.1841175145e-03
-2.6118692737e-03
-2.3930950171e-03
5.3202454746e-03
-5.8367590104e-03
8.3433236870e-04
-1.5078734120e-03
2.9089835561e-03
9.7829122320e-04
-3.5285541732e-03
-7.8666653066e-03
-3.9515070146e-03
1.6181784004e-03
3.5934932199e-03
8.3508540024e-03
-1.4622164073e-03
-5.8736076066e-03
-3.4362554847e-03
-7.9049334595e-03
1.1678432477e-02
4.2065563373e-03
-3.4739894849e-03
2.4958527574e-04
8.1169982693e-04
3.6764845329e-03
4.7151858904e-03
3.4579800129e-03
-1.2781299447e-03
3.8013837110e-04
6.5246025279e-03
-7.8754570848e-03
-4.0322339415e-03
-3.8430649477e-03
3.1159931833e-03
-3.3136917939e-04
-3.7913302224e-03
1.7070701439e-03
3.1773376486e-04
4.2979348471e-03
-8.4522434114e-04
1.6215407693e-05
-4.1437537981e-03
3.2005099659e-03
5.8671805308e-04
-4.7183926077e-03
1.9731839041e-03
-6.3721281798e-03
-1.4698640561e-03
-1.4082903711e-03
2.8292972358e-03
5.6592510831e-03
-3.1999802945e-04
-2.3582880391e-03
-2.1269900614e-03
-1.0146975062e-03
2.0053217700e-03
5.7229690544e-04
5.4079264581e-03
4.6539294702e-04
-4.7386508560e-03
-1.1788606642e-03
-1.0756464474e-02
-4.0415759007e-03
1.2942578336e-02
3.3120133711e-03
2.6274613804e-04
-1.7983902862e-03
3.7271935215e-03
7.9296511301e-03
-1.2874340558e-03
4.8569990976e-03
2.7291107403e-03
-1.1666710140e-03
4.1502903845e-03
-7.8625791148e-03
8.5436801367e-03
-2.2090701580e-03
5.3146127646e-03
1.0305492103e-03
-8.6068776312e-03
-3.6614671786e-03
-1.7949686952e-03
3.6112739059e-03
-4.3659780919e-05
-6.6679150557e-03
3.3394690461e-03
-5.2018843079e-03
-9.7007848732e-04
-4.2409097070e-04
-1.9157202843e-03
-2.3781370963e-03
7.8372814008e-04
1.5510065105e-03
1.9263456126e-03
2.2020126791e-03
-4.6795689940e-04
-5.6148280965e-03
-7.0053278023e-03
-5.0482776127e-03
-5.4202986555e-03
3.3536794995e-03
2.1066677073e-03
3.9723995502e-04
-5.5082747237e-03
-3.6198891025e-03
-9.4919703516e-04
-1.1545726287e-03
-6.0392462745e-03
5.1222735920e-03
1.1085471234e-03
-5.6813930616e-03
6.4243526570e-03
5.0329319163e-03
2.2659839758e-03
7.5613328670e-03
3.8205632536e-03
-3.0133093939e-03
-5.5571604019e-03
6.2340386112e-04
7.6763700940e-04
4.6685729434e-03
2.0918540678e-03
-5.3581978064e-03
7.1114229980e-05
7.3305280674e-03
-7.1091885796e-03
-2.1844402330e-03
-3.5306123007e-04
-4.1830285995e-03
5.1691216805e-03
-4.5765812340e-03
-5.0862781098e-04
-1.7785158561e-03
4.3710988073e-03
1.5188334892e-03
-5.5973884161e-03
-3.2100218696e-03
4.0489102865e-03
-1.3686386776e-03
-3.4366846030e-03
2.6272760435e-03
-4.7192262272e-03
9.4956861001e-03
-3.6098772080e-03
9.2167563941e-03
8.1932531194e-03
2.9327512451e-03
-9.8742125334e-04
8.1873466004e-03
