-2.1243332756e-03
-5.2984179838e-04
-3.0515578615e-03
2.3045410479e-03
-7.8587184530e-04
1.3914424620e-03
2.9684524701e-03
-7.5953971812e-04
-4.8797874340e-03
-2.5374301803e-03
7.6900009995e-03
1.0769996111e-03
-4.0120974836e-03
6.1176539708e-03
1.1258134406e-02
-3.8473955385e-03
-6.8160225843e-04
-3.5222406276e-03
-1.2180357128e-04
2.3363285485e-03
2.9045615111e-03
-1.2566164799e-03
-8.4473529371e-04
4.4990221103e-03
-2.2727206212e-04
5.4347582609e-03
-3.2310739067e-03
1.8248874151e-03
-4.0040412719e-03
-1.7101150615e-03
2.0317378178e-03
-5.4516330724e-03
2.8442005102e-04
-1.7291068380e-03
8.2860331156e-05
-1.5767794051e-03
5.0750918345e-03
5.2632958164e-03
2.4136744283e-03
-1.1800375037e-03
-3.2600902489e-03
-1.6018406764e-03
-2.5169592155e-03
1.1449361735e-03
4.8756698001e-03
3.0188106693e-03
4.3110129834e-03
1.8600864751e-03
-1.6191700625e-04
-1.7040987050e-03
9.0225163919e-04
4.1354813773e-03
3.7752438443e-03
3.7264887907e-03
-2.0255113058e-03
2.3715896016e-03
-1.5737967356e-03
-5.6005978638e-04
2.9643078325e-03
1.4638189349e-03
-1.6249455268e-03
-5.6725323120e-04
1.5145317278e-04
1.5844644006e-03
-1.9276633121e-03
4.7526218511e-03
1.9410706545e-03
-1.6956679988e-03
-1.3815107389e-03
-3.9818104537e-03
-4.8601088210e-03
7.6447871887e-04
-9.9433099394e-04
1.8258973573e-03
-1.9729224366e-03
-1.4949267033e-03
3.2215895839e-03
-3.9966378907e-03
9.0117658041e-05
3.5030311628e-03
-7.4011560158e-05
3.0929950157e-03
-3.4439961291e-03
-1.0502990772e-03
-1.6520585882e-03
3.9212473336e-03
3.4221298667e-04
-2.8442403665e-04
1.3286136438e-03
-1.5231061882e-03
6.9091997020e-04
-8.9976554699e-04
3.1420999101e-03
-5.7168027052e-04
-3.1910131921e-03
1.8559030337e-03
-1.4998282088e-03
-2.9337045073e-04
-4.0736640565e-03
-2.8926469705e-03
1.6037442240e-03
3.4773184275e-04
2.4984429301e-03
1.3090184813e-04
-2.7464028939e-03
-7.4781138574e-04
3.1792096943e-03
2.2263051796e-04
-2.5812969027e-03
-1.1547006486e-03
1.1052263172e-03
5.4172781133e-03
-2.3079058468e-03
-8.0435243959e-04
2.9674470795e-03
-1.8509063879e-03
-3.1606837766e-03
9.8309439139e-04
4.8317674878e-03
-2.7012513761e-03
-1.8089491006e-03
3.3712089233e-04
-1.3670271130e-03
-1.6888513035e-03
1.6607282106e-03
3.5753309470e-03
-2.9504202952e-03
-9.9052237312e-04
-2.2671751982e-03
-1.3406559775e-03
1.2994423945e-03
4.8422161579e-03
-1.6542246818e-04
-8.4146000089e-04
2.6367989815e-03
1.4376630168e-03
9.0924706030e-04
-2.8370663743e-03
4.4577951401e-04
-3.2299473277e-03
7.8120302537e-03
-1.8860367144e-03
-3.6900015829e-05
-5.1700989025e-04
2.9172096461e-03
-5.3307073486e-03
2.1198911377e-03
-2.2116748617e-03
3.5752777122e-03
-2.2964644211e-03
-4.5202725105e-04
1.9833433857e-03
4.5569560158e-03
-1.6978279265e-03
-2.7886247877e-03
8.8719128439e-04
4.9040274604e-05
-2.5675976227e-03
-4.5780658768e-04
2.8888214196e-03
-9.2890014199e-04
5.0812634270e-03
-3.6162432678e-03
-2.7996695660e-03
1.5985067020e-03
3.5899163916e-03
9.3952821040e-04
-2.5582926660e-03
-8.1025235637e-04
6.1770718535e-03
-2.1963839350e-03
-3.2718496065e-03
6.5104702527e-04
2.1250419115e-03
-1.9986559527e-04
-9.5523415745e-04
-2.5910620040e-03
-8.5591556082e-04
2.2881525288e-03
6.8032790760e-03
-1.6310783442e-03
1.6315203640e-03
-2.7807099066e-03
1.8685083098e-03
-1.7944057671e-03
-1.4325285379e-03
-4.4709524835e-03
6.9741076325e-03
-4.2550936077e-03
-1.8409126244e-03
-7.9774876468e-04
-2.1624463968e-04
-2.2298953664e-03
4.1836707447e-03
-4.2113385924e-03
-2.7453918076e-03
-2.7197531965e-03
7.1518932900e-03
-1.3863821717e-03
1.2111654391e-04
2.9836535451e-03
-1.2312396069e-03
3.2084558450e-07
4.8129290458e-03
-3.6890339961e-04
6.1541932429e-03
-9.2304162105e-04
2.3768662961e-03
-3.6596188227e-03
2.2773848725e-03
-3.6634032770e-03
-1.4772330250e-03
-2.4036619805e-04
2.6673130621e-03
-4.0167965502e-03
-2.0351569264e-03
-9.9249833592e-04
-2.5126415997e-03
2.3076912786e-03
2.6813183397e-03
-1.4701418855e-03
-2.0609313620e-03
-4.0167211280e-03
-7.6525400976e-04
-4.8794497538e-03
8.4135882503e-04
1.2416909995e-03
6.2335591674e-03
6.4269366683e-03
2.4941313301e-03
-1.7236679404e-03
-5.2027342687e-03
1.2491069128e-03
-1.0805679628e-03
-4.4365785435e-03
3.1459381898e-03
-1.8000245913e-03
-9.8875028214e-04
-1.4590580721e-03
-3.1952775492e-03
-5.9845172365e-04
-3.3462052337e-03
4.2113308467e-03
1.9352161620e-03
4.1779988290e-03
-3.3994639071e-03
-4.0183536184e-03
7.4558969904e-03
6.9920684634e-04
-3.3771535442e-03
8.3653425095e-04
-2.7920343260e-03
-2.4636879351e-03
-1.7707477754e-06
1.2360468031e-03
-3.8797563208e-03
-1.8371253094e-03
8.8241859806e-04
-1.7227650114e-04
5.9736463987e-04
-3.8214713592e-03
4.0602980306e-04
-2.4916396453e-03
6.1986838598e-06
-8.6678609478e-04
4.3779972333e-03
-2.2031202172e-03
2.5663548776e-03
-1.5325293029e-03
-3.4278952945e-03
3.9647638605e-03
2.3181947415e-03
5.6788777485e-04
-2.7486629453e-03
-2.5467907371e-03
-8.5967961253e-04
-6.4152684857e-04
-1.1541195858e-03
-1.8529120751e-03
-2.0217345778e-03
3.0478464302e-03
1.0954295212e-03
3.2224029886e-03
1.8473634282e-03
-3.3364804588e-03
-1.0518461386e-03
1.0872880564e-03
-3.1552000993e-03
6.5214835097e-03
-3.9644748901e-03
-6.8424715536e-04
-2.2031326543e-03
-1.7925453409e-03
-2.6020501566e-03
9.8465493466e-03
-2.8621396265e-03
4.7782185670e-03
-1.5741165008e-03
1.4417913339e-03
4.8826716833e-03
7.4019433930e-03
-6.2328259555e-05
6.0880738917e-03
-2.6258192044e-03
-3.2758984265e-03
-1.9650558845e-03
-1.7187360971e-03
-1.3074355589e-03
-6.5693326380e-04
7.7943023142e-04
-1.4470198883e-07
8.6966204043e-03
1.9294160083e-03
-4.9368962711e-03
-1.0075802956e-03
-2.7411212930e-03
-2.0997793663e-03
8.3941870595e-03
4.3908660943e-04
-1.1145753033e-03
-3.9332202767e-04
-3.4688136966e-03
-1.7198868033e-03
4.0581053228e-03
6.0923418292e-04
-2.2877086196e-03
4.9000130011e-03
-3.8145721078e-04
-3.8214954638e-03
7.7399592002e-04
6.4125762628e-04
2.1045678679e-03
-3.0498691093e-03
-1.7245868255e-03
-1.0389724051e-03
2.0082630674e-04
4.3268176005e-03
4.4800209216e-03
-2.9613178901e-03
1.6312067255e-03
-5.5090974997e-04
-4.0507138261e-03
3.3641994073e-04
1.7990152840e-04
-1.4668828048e-04
1.2455914734e-03
-1.9484485815e-03
9.2393874824e-04
-1.8392399747e-03
-1.9262615387e-03
-4.1305503093e-03
-1.7846230018e-03
4.7898676868e-03
7.4694361989e-04
-9.0773646286e-04
2.4046021345e-03
1.5344685596e-03
-3.0879964201e-04
-7.5510591928e-04
-4.8520568654e-03
-2.4231773837e-03
-1.9278776371e-03
-1.8183903770e-03
-2.2418686987e-03
1.1794056163e-03
2.6627467091e-03
-1.9875618222e-03
-2.2715344271e-04
-3.0721631357e-03
-2.5917645469e-03
-3.8221742024e-03
-3.0111467064e-03
2.3725029035e-03
1.1951629113e-03
-2.7563388309e-03
-1.2502597506e-03
-4.4396575530e-03
-4.4125177862e-03
1.0460208680e-02
-7.2054402340e-03
3.2875662213e-03
-6.7050922617e-04
-3.9397526741e-03
-1.9972970618e-03
-3.4327110729e-03
1.5379816861e-03
1.9977989701e-04
2.8395614478e-04
-1.5448892252e-04
4.2789249944e-03
5.3837172234e-03
-1.7127201274e-03
2.1033389041e-03
-3.2403656331e-03
-1.0089320960e-03
-9.9112778096e-04
-2.1354322653e-03
-7.5409037001e-03
4.4521360486e-03
-1.0459811124e-03
-1.9788970481e-03
5.0119082316e-03
2.7954100490e-03
8.1161431706e-04
3.7224411271e-03
-1.6288194958e-03
3.3067488803e-04
-5.2109596088e-03
-4.0398247965e-03
1.7292897573e-03
7.9280759846e-03
-3.6336829335e-03
-3.0061633227e-03
-4.5248158171e-03
6.8825966782e-04
-4.0666855442e-03
1.8689312803e-03
3.8747940050e-03
-3.6757814586e-03
5.9246787417e-03
-2.2992268148e-03
-1.9256980252e-03
5.1545095359e-04
3.8774060070e-03
-3.2589730358e-03
-8.8788917694e-04
-3.3558485978e-03
-7.5122588751e-04
2.4006411758e-03
3.9078516426e-03
5.7419708973e-03
7.5975823131e-03
-2.0060136151e-03
-2.2707565235e-03
6.3417664157e-04
-2.9983242774e-03
2.3793336334e-03
3.4986469277e-03
5.5868094800e-03
1.8878448636e-03
5.9714845912e-04
-5.0246327986e-03
2.8551311561e-03
-1.8406815679e-03
1.1736006581e-04
-5.5334075457e-04
1.6895626169e-04
-1.7485661894e-03
3.7505403862e-05
2.9494055094e-03
2.2318524705e-03
3.6751076934e-03
-7.1442345822e-04
-5.7225678440e-03
-2.2980206602e-03
-4.3450047069e-03
3.5791276875e-03
2.9604346919e-03
4.8527795770e-03
1.9846173480e-04
6.4283444639e-03
-2.1276843169e-03
6.3139866353e-03
-2.4038882490e-03
-2.5044095580e-03
-9.7826229095e-04
1.2193240641e-03
2.7127108144e-03
-2.9219017191e-03
-5.4626147032e-03
-4.6031713982e-03
-9.7972380096e-05
2.7135499290e-03
1.5815308802e-03
-2.2717735358e-03
5.8164842523e-04
9.5139592447e-04
2.0465519453e-03
3.5779916474e-03
-7.8113104142e-04
1.2203702059e-04
1.7172732646e-03
-6.5808275989e-03
2.6211905544e-03
1.6617952168e-03
3.1538917981e-03
2.4809022152e-03
1.5529159817e-03
5.8611007031e-03
5.4216814530e-04
-3.0909377494e-03
2.8094375907e-03
1.5355643064e-04
-2.8289802911e-03
-4.4317960237e-03
-5.7595762000e-04
2.7272423030e-03
4.1120132701e-04
-3.7825481406e-04
-8.1873614929e-04
-8.0775461575e-03
-4.5907120176e-03
2.4002051910e-03
8.5383543889e-04
-9.6055341662e-04
-7.9934298192e-04
1.6542162658e-04
-8.0046818521e-04
-1.6062656385e-03
8.2082279539e-04
5.5683254646e-03
7.4123239537e-03
-7.5341322736e-04
1.8745464758e-03
7.0708944270e-04
-3.1303013135e-03
7.7259171659e-03
-6.0493176422e-04
-1.0177899106e-03
-1.9666585472e-03
5.2602801187e-03
9.1448590781e-05
2.4298034199e-03
-1.9043941891e-05
3.3392064543e-03
-2.2271458309e-03
-1.2329428955e-03
8.0088135064e-04
4.1682908605e-04
2.3832055789e-04
-2.5110789343e-03
3.3779103831e-04
2.2523768660e-03
-1.9351773670e-03
-1.6978740041e-03
3.4073750681e-03
-4.7913877861e-03
-4.1176402101e-03
-1.8434815724e-04
-3.4502664524e-03
-2.1614053421e-03
6.2631908913e-03
1.0962114568e-03
3.3394830153e-03
1.0700414469e-02
2.1832219575e-03
3.0246082736e-03
8.9829505807e-03
-1.5177889138e-03
5.0178225059e-03
-3.2292415611e-03
-1.8854141760e-03
5.0736855168e-05
-2.3454922928e-04
1.0903272763e-03
-1.6240426136e-03
2.9272990420e-03
5.9862050685e-03
3.7050899554e-03
-9.7885612346e-04
-1.8709115994e-03
-4.9381510167e-04
1.0027735389e-04
-2.9229062115e-03
-7.3344109794e-03
4.1571455176e-03
2.6460294614e-03
2.4437883033e-03
-2.2106364547e-03
6.4994383315e-03
1.1324975780e-03
5.8541333180e-03
-2.2602084257e-03
-7.7679587108e-04
1.3402311585e-03
3.1094425318e-04
-3.0909795780e-04
-2.1245259033e-04
-2.8937887356e-03
-4.2333340555e-03
-2.2702251163e-03
-2.1848645621e-04
3.9995381815e-03
-1.1769461210e-03
-2.5590186638e-03
-1.4187664492e-03
4.5172036122e-03
2.9900518351e-03
-2.0258896869e-03
-4.2466026460e-03
5.6921724928e-03
-2.2799669487e-03
3.7787806402e-03
1.0074581314e-03
-2.9209246430e-03
-1.8274599468e-03
-3.0840900760e-03
-3.3185815380e-03
3.9138749470e-03
-2.3536224899e-03
-1.3771846516e-03
4.8069874370e-03
-5.4274759941e-04
-2.0564092930e-03
6.7644840339e-03
3.6309563439e-03
-5.3124831601e-04
-2.7366696926e-03
1.3373089019e-04
9.5828600581e-04
-3.1942116805e-03
1.3373985062e-03
-1.0153332322e-03
6.4691433698e-05
1.1937318417e-03
3.2600354849e-03
-2.0332034615e-03
-2.9655656855e-03
4.5224919686e-03
8.7600456970e-04
-4.2231613882e-03
-1.5823977590e-03
9.4281276393e-04
-1.4030921539e-03
-4.4535606805e-04
5.5883260780e-05
-2.6182861783e-03
-2.7293826283e-03
-5.4417770701e-03
4.4199610624e-04
-1.0337070410e-03
-3.5355294351e-03
2.4222646894e-04
1.3595026862e-03
2.9165771384e-03
1.1284580505e-03
1.6461457615e-03
-5.0283442822e-04
1.5770837502e-03
-1.3224568203e-03
-2.4979339723e-03
-1.5061844124e-03
1.4736104156e-04
-2.6323884376e-03
1.5657446806e-03
-2.0369277289e-03
-1.7805021430e-03
-9.8383731749e-04
-1.9892440126e-03
-4.1368314855e-03
-3.0672736225e-03
1.2036569127e-02
3.2624983489e-03
-7.3338834718e-04
7.3138751831e-05
1.2612922272e-03
2.0934594031e-03
4.8991222692e-03
-2.2249536115e-03
4.9696880109e-03
4.5465061767e-03
-2.2071229561e-03
-1.8718996533e-03
-3.8677116550e-03
4.1574144762e-04
-1.0908643575e-04
1.0872063049e-03
-3.9882723624e-03
1.4978839917e-03
1.9773370228e-03
4.2040308634e-03
4.1876525806e-04
5.8795040828e-03
-2.0812647538e-03
-2.1420440957e-03
3.4896631769e-05
1.6456052393e-03
5.3774390457e-03
-5.9414237453e-03
-5.7848610296e-03
1.6829998734e-03
-3.0334099292e-04
3.0756474850e-03
2.2650018462e-03
-1.1508861544e-03
2.6209636156e-04
-2.4316572110e-03
4.8930958067e-03
1.3858321462e-03
2.3375009905e-03
8.3780127466e-03
-6.0075093431e-03
1.4098579250e-03
4.9788729378e-04
-1.3756571817e-04
2.2614061631e-04
-1.8872269197e-03
-2.7685338172e-03
-1.5530251229e-04
2.2490968550e-04
-1.1506036403e-03
-4.2058211773e-03
1.1381193005e-03
-2.6903208096e-03
3.0582592387e-03
1.0335391713e-02
-5.7149383515e-04
-2.5092454387e-03
1.1848625654e-03
-4.6364352654e-03
5.3344544713e-03
-1.4696974065e-03
-3.1595207600e-04
1.1765022966e-04
-2.7876177628e-03
-5.0065425286e-03
-1.2117098251e-03
2.3032729907e-03
-4.0284794469e-03
-3.3119429580e-03
-5.2862214839e-03
2.9417632884e-03
2.0613911431e-03
-1.1538534090e-03
1.3576315094e-03
-3.3601856518e-03
-3.2024835812e-03
-3.4348731284e-03
-4.7160681480e-04
5.3044088436e-04
-1.7762967854e-03
-3.7265477439e-03
-1.4504442935e-03
1.5006988256e-03
-1.6010913731e-03
-3.4196964198e-03
3.0819980050e-03
-1.6582983751e-03
-8.8751766850e-04
-7.3675106159e-04
5.5224633703e-03
-5.9907629049e-04
2.2004892516e-03
2.3806412207e-03
-5.0005558112e-04
-2.1398313746e-03
-1.6518356004e-03
-4.4951794648e-03
-4.7639766582e-03
-4.5399524721e-03
2.4308550889e-03
-3.2458465997e-03
2.5927753541e-03
-1.5187959668e-03
-2.6283213938e-03
-3.6517620047e-03
-6.8578767101e-03
-1.3291566035e-03
-1.4381963244e-03
-2.3619072847e-05
5.0638992037e-03
2.6983526707e-03
9.9829409770e-04
-1.4708051182e-03
-1.4611931073e-03
3.5278431220e-03
-3.1731333177e-03
2.4791325326e-03
1.7050119478e-03
1.4903940722e-03
-8.8638165038e-04
1.4903327163e-03
-3.1127263487e-03
2.9178659842e-03
-3.9875560341e-04
1.0663030251e-02
2.2551173559e-03
4.2693925465e-03
1.5698564960e-04
-3.3445960054e-04
-5.1955089259e-03
-1.0715179773e-03
2.4143719225e-04
2.4828677782e-03
-4.0503101969e-04
-1.4213416901e-03
3.0657778511e-03
1.3341887346e-03
-7.0750529994e-04
-2.1038476312e-03
-3.0203177778e-03
1.1454949645e-03
-1.9507101687e-03
5.7845429597e-03
2.3383488136e-03
-4.9978877538e-04
3.4262725500e-03
1.5341370923e-04
1.8921836128e-03
-7.2750113259e-03
-1.3498533170e-03
1.5482144226e-03
-5.7721005067e-03
-2.0289626339e-03
-6.2101186019e-04
-1.6278024403e-03
-1.0445631507e-03
-8.0685505877e-04
-3.1077236905e-04
-2.9793161236e-03
3.7338741949e-03
-2.1883885401e-03
-1.8864673970e-03
-2.0879880822e-03
4.1122620975e-03
-2.6363545616e-03
3.0516269365e-03
-5.6724138797e-05
-5.1670094719e-03
2.0731164496e-03
2.2220411830e-03
-1.8049673409e-03
-2.5272949955e-03
2.1770488600e-03
1.4655301179e-03
-4.7243273738e-03
-2.2040286189e-03
-3.6662583552e-03
-1.1179592546e-03
-3.2585651081e-04
1.7211125326e-03
-2.2344030681e-03
3.3504730866e-03
-8.0722831779e-04
1.2878990004e-03
1.9159594476e-03
2.5535963979e-03
1.3093625387e-03
1.8580092156e-03
6.6902489861e-04
6.0574074282e-03
-2.6318351751e-03
1.9341886247e-03
2.8408825004e-03
3.4616971616e-03
-3.2923344492e-03
-5.1344882696e-03
-1.3607284348e-03
3.5285321024e-03
-5.8031432969e-05
-4.1233496816e-03
-4.9435855886e-03
-2.2640339758e-03
-3.9285609827e-03
1.3190432926e-02
2.7936847828e-03
-2.1436336406e-03
-2.5784327155e-03
-3.4210082800e-03
5.8957188889e-03
-2.9533766519e-03
-2.2281788765e-03
-5.4373900367e-03
1.6056694200e-03
4.5487449244e-04
3.7781171326e-03
-2.7523615535e-03
-2.2314189487e-03
4.0451995137e-03
2.9363670468e-03
2.5066171516e-03
-3.5274284674e-03
-4.1564119154e-03
7.2412701120e-03
-1.7255351856e-03
1.6618023060e-04
6.3563951977e-03
-4.6505096034e-03
7.2038541437e-03
-2.0374365843e-03
3.7918891428e-03
2.1294241388e-03
5.9321023087e-03
7.9972508279e-04
2.0819471235e-03
-3.5941619925e-03
5.3665039950e-03
-1.2280377637e-03
1.0052774680e-02
2.7674574592e-03
1.2984466733e-03
-2.1127189257e-03
-4.2356464787e-03
2.9157497250e-03
-2.4388921043e-03
-1.6517861920e-03
1.3166253234e-03
-2.5437413162e-04
-7.1156968133e-04
2.3378064637e-03
-2.6790089147e-03
-4.7982869836e-04
4.2232905694e-03
-1.5529333438e-03
-2.6079303503e-04
-4.7927123587e-03
4.4656725153e-03
-9.6630019213e-04
-4.0930024245e-03
1.0753226279e-03
-3.4937135267e-03
-8.5047380148e-04
6.9045129855e-05
-1.4367965418e-04
-3.9190461122e-03
-4.7500204599e-04
-1.4176803267e-03
1.1199314501e-03
1.7542060046e-03
-6.3289318787e-04
-3.5141224850e-03
-3.1240325242e-03
7.9234154998e-03
-6.8780093341e-04
5.6268467382e-03
6.7284070647e-04
1.0268351886e-04
-6.7317008957e-04
4.5822331485e-03
-3.5588254086e-04
-2.5628686310e-03
3.0565914022e-03
3.4743479267e-03
-2.6557453905e-03
-2.8879732782e-03
-8.1061000201e-04
1.1773435020e-03
-5.2903345485e-03
3.6850511573e-03
-5.0533764582e-04
-2.4349989119e-03
-3.2029663095e-03
-1.1292711635e-03
-1.2295255372e-03
-2.9219234601e-04
-3.2583861091e-03
-3.2930011383e-03
-6.6251549412e-04
-1.2588775836e-03
9.4985083336e-04
3.8901388568e-03
-2.2559355496e-03
3.1907146851e-03
5.5197456648e-03
1.5929310965e-03
-2.0597754235e-03
4.9510123363e-03
-3.9916677165e-03
4.8343332746e-03
3.5333951297e-03
2.2322576151e-03
-5.6700008769e-03
5.8964223034e-03
-2.0656063320e-03
-2.3702200303e-03
2.2045583133e-03
4.0020721914e-03
5.7587919052e-03
3.9374346423e-05
9.2824063647e-04
2.3207196498e-03
-7.7163925606e-04
9.6157207942e-03
3.8595456684e-03
1.2614544390e-03
-1.5603442408e-03
-3.3991147420e-03
3.8028112035e-03
-4.2660322077e-04
6.1371766012e-03
-7.4266546399e-04
3.0251792909e-04
-2.3819171683e-03
-2.6406996579e-03
-1.8261790345e-03
8.5333642090e-04
-1.2159110535e-03
-2.6772921643e-03
-1.5241979655e-04
4.1697302988e-03
8.1323617904e-04
-1.8194596435e-04
1.7033442841e-03
6.5566060730e-03
-2.5242056229e-03
-2.2985429387e-03
-3.3183919085e-03
2.6010748911e-04
-1.0947152455e-03
-9.9648893762e-04
-4.9163181178e-04
2.6136720103e-03
2.9284794331e-04
-2.2624346823e-03
1.5481757234e-03
2.4167424926e-03
-2.6776528076e-03
-2.8507899940e-03
-3.9148288194e-03
-2.4788729836e-03
-4.1731496384e-03
3.1550201126e-04
-5.0608455456e-03
-5.4484786845e-03
-2.6292013344e-04
-1.6461096724e-03
3.7913800126e-03
2.7654367849e-03
-8.3349024335e-04
5.6315196259e-03
-3.2625151454e-03
7.2353696708e-03
2.9992487337e-03
-1.7800570086e-04
-1.2382323468e-03
2.0076683729e-03
2.6824661958e-03
-1.3518122991e-04
4.8775237594e-03
-9.0532976998e-04
3.6370396221e-03
-3.6041521589e-03
-6.2587622026e-04
3.1245728632e-03
-5.6952811536e-03
6.0058086250e-04
6.6785886067e-04
-2.1626852096e-03
-2.1084752867e-03
-2.6649859554e-03
3.0162825965e-03
3.7782916984e-04
6.8018428997e-04
-3.0375242139e-03
-2.4904315406e-03
5.5601117998e-04
5.8437441790e-04
-1.3669395436e-04
-4.9558882245e-04
-1.6752526293e-03
-2.1642138002e-03
-5.7532055839e-03
3.3829289985e-04
8.6728081744e-04
5.0471841280e-04
-1.1878622151e-03
5.3082443678e-03
-1.8465254319e-03
3.4935332659e-03
2.8509097773e-03
5.0267095816e-04
-1.3847523318e-03
-3.8085124030e-03
3.6889670503e-03
-4.8798624897e-03
2.8718741606e-03
2.7103478614e-03
-6.7692568451e-04
4.9593223296e-03
2.0133520521e-04
3.9648877749e-03
1.2874220044e-03
-2.8469521141e-03
2.0773478999e-03
6.6998266541e-04
-5.8454511969e-03
2.6285977747e-04
-3.7729942506e-03
1.3832085772e-04
2.0527143405e-03
-3.8064452904e-03
-1.0315646452e-03
-2.9438016193e-03
-1.5952178815e-04
3.2975726674e-03
2.9285968745e-03
-7.3865315936e-03
1.2004398856e-03
-3.3072120851e-03
-1.4284416313e-03
-3.5605507465e-03
-2.5500925934e-03
-2.6230830982e-03
3.5905257652e-03
-4.5980952081e-03
-1.0103115707e-03
2.0090024066e-03
6.4760970847e-04
7.8712830347e-03
-5.5016259678e-04
2.6698657066e-03
1.3037950819e-03
-3.4795482102e-03
2.9151635892e-03
-7.3253039264e-04
-2.8390904685e-03
-3.6502405799e-03
2.5416477434e-04
-9.6812697567e-04
-2.8056250749e-03
-1.7225845947e-03
-7.3714632758e-03
3.7773751619e-04
4.6425430345e-03
-2.6058159937e-03
2.6279255319e-03
1.2326234251e-03
3.8633225289e-03
3.9452636245e-03
5.7376258298e-03
1.9227624925e-03
-4.6966506875e-03
1.5040981469e-03
-3.8856928459e-03
4.4424511812e-03
3.3690334348e-03
-2.0151060996e-03
8.1584337329e-04
4.4355676123e-03
1.0433687989e-03
8.9745232244e-03
-2.1548880610e-03
-1.6823397967e-03
6.0968656687e-03
-2.6547183831e-03
-1.0747786356e-03
-7.3739484984e-05
2.6338601492e-03
2.7291453331e-03
-3.5364716888e-03
8.4788156441e-04
5.1916777150e-03
1.0417161792e-03
1.1913467284e-03
4.8357558791e-03
-1.9911218502e-04
3.2306595666e-04
-3.2649307829e-03
2.3131221495e-03
-7.0118670825e-03
3.0363193832e-03
6.5136242964e-04
-1.3698170205e-03
-3.7276010390e-04
-1.6999730881e-03
4.2868357046e-04
7.5974483986e-04
-4.1959733913e-03
-4.5644665971e-03
2.6668992322e-03
2.1570519907e-03
-1.3611514296e-03
3.4308069951e-05
3.6162452743e-03
3.9194330362e-05
-3.7346835030e-03
1.4739241110e-03
-5.9550171044e-04
-1.6288749920e-03
2.3170430924e-03
-4.7443275696e-04
2.1461325093e-03
8.5132521510e-04
-2.8580461316e-03
2.1977633439e-03
-7.1700955617e-03
-1.2892952475e-03
7.1108546063e-04
-1.3638472292e-04
2.2734042827e-03
3.8740832581e-03
-1.3123658606e-03
5.5524599262e-04
7.8953573315e-04
-2.5994884038e-03
1.9599432752e-03
2.6451955841e-03
-2.7197382038e-03
-2.4994508373e-03
4.2681246659e-03
-5.4113471748e-03
2.6636812790e-04
1.7183166097e-03
1.7407347272e-03
-1.0231065753e-03
-2.2675365934e-04
2.1214023394e-03
3.1917444098e-03
-7.3288398031e-04
1.1421188306e-03
-2.9622540997e-03
2.4334814633e-03
1.5015927330e-03
-1.9784218501e-03
-3.1109233174e-03
3.7365097754e-03
3.6192003495e-03
-2.4617660474e-03
-1.4671761071e-03
-4.5677209339e-03
7.1371614967e-03
-3.7951867974e-03
-7.4491811214e-05
9.5863528351e-04
3.7169673345e-03
2.2108771776e-04
9.1427818847e-05
-4.3012506874e-03
-2.5315381074e-03
1.1865645485e-03
-2.5051182617e-03
-3.9699266777e-03
-4.6956495696e-03
-1.0358300724e-03
-3.8838682701e-03
-1.1687549597e-03
-3.2171905462e-03
6.9054875973e-04
5.3163625152e-03
-8.7718720498e-04
1.6034636779e-03
-2.7192176211e-03
8.8943093953e-04
-1.7880993343e-03
3.8259674978e-03
-3.3168519918e-03
5.7817238298e-03
3.3247336316e-03
-8.9658083533e-04
4.7435616038e-03
-5.6373090805e-04
1.4439514537e-03
-2.4194080862e-03
6.4477270164e-03
-9.6026981222e-04
8.7110546915e-03
-4.5863384944e-03
-2.1859184985e-03
9.2464793094e-04
1.1066213123e-02
-1.8799035644e-03
-2.2144286740e-03
-6.5266543699e-05
-3.7724403519e-03
3.1019892167e-03
1.0655500077e-03
-8.7641981922e-04
1.5193455729e-03
-2.6172463830e-03
1.2769397639e-03
8.6509340251e-04
2.6751778986e-03
-4.9725617992e-03
7.3081835562e-03
7.9692971385e-04
-2.1810830186e-04
1.6821578060e-03
1.4137413949e-03
-3.2400457091e-03
5.4130633744e-04
6.9602204620e-03
4.4413648542e-03
-6.5783437241e-04
4.4981616413e-03
1.2232492541e-03
-3.9070304595e-04
-6.1780057758e-04
-1.4500042697e-04
2.0912959755e-03
-2.7222672520e-03
1.3466337109e-03
4.3946270880e-03
-1.7740060394e-03
-3.1812075260e-03
-3.9509317823e-03
1.8376152072e-03
1.4849442012e-03
7.5842038477e-03
-1.0614362520e-03
3.5866096557e-03
2.5493019292e-03
-3.0721048219e-04
-5.4349656625e-03
-3.8750638468e-03
1.0020261038e-03
-3.3114807559e-03
-6.2348319054e-04
2.0815362307e-03
1.2896301117e-03
-2.0830470992e-05
-5.1989745931e-03
-2.8890812684e-03
-1.0903982437e-03
1.9926476532e-03
3.4509264565e-03
5.7513643740e-04
-4.2467408563e-03
7.0087828297e-04
4.4536795618e-04
5.6069118645e-03
8.6007431865e-04
-5.6994607646e-04
-5.5743086064e-04
1.4338492950e-04
2.1558568541e-03
1.6483358945e-03
-1.0343727890e-03
-2.5270001495e-03
7.1713668462e-04
1.6644015148e-03
-6.0875611525e-04
-1.5543501104e-03
1.7425325094e-03
-2.7401869235e-03
-4.2960887037e-03
3.6168243905e-03
1.5975950746e-03
3.0721594626e-03
-1.0361943517e-03
1.2375368238e-03
-3.7733764609e-05
-5.7485618610e-03
-2.2578868018e-03
1.7249870898e-03
1.3459530631e-03
1.7835601179e-03
1.2282889630e-03
1.2297476479e-03
-8.4885150556e-05
-3.0313043137e-04
-2.8747871192e-03
2.5635245167e-03
-5.0394315972e-03
-8.9212781723e-04
1.4161660584e-03
-1.7545026110e-03
5.1803783766e-03
5.1719536596e-04
1.1582586473e-03
5.6418901127e-04
-1.3823407224e-04
3.2639648494e-03
-1.3235597682e-03
-6.8063010021e-03
2.8541456066e-03
2.6678662169e-03
2.9537601993e-03
-4.4861064646e-03
4.4982337086e-03
-1.3964494177e-03
2.0521408057e-03
-1.8257108605e-03
-1.1852509048e-03
-1.0887629350e-03
4.7816221678e-04
-2.7507738878e-03
-9.1866121321e-04
-4.2290820069e-04
-1.1406243142e-03
-5.0916288047e-03
9.3409825602e-04
5.3881389868e-04
-7.5619929564e-04
-1.1249179791e-04
-2.2131842835e-03
9.7683792845e-04
4.0365091614e-03
2.8040097969e-03
-2.3617532430e-03
3.5662670166e-03
-1.4751036586e-03
1.7470850716e-04
2.1139389688e-03
2.3632152261e-03
3.3459323952e-04
-1.2792893502e-03
-1.6400149152e-03
-2.0816971961e-03
4.7616267362e-04
3.3999653442e-03
5.6230653366e-03
-1.3093615954e-03
8.2488618984e-03
-1.6142330198e-03
-4.8731414274e-03
-2.8678089978e-03
-6.2696998805e-04
3.6279892926e-03
1.6601916064e-03
-3.9045477287e-03
-2.4085230993e-03
2.7868364692e-03
-3.4480151940e-03
2.6173008801e-03
2.1688503562e-03
3.8676258648e-03
-2.5592565009e-03
-2.5923710037e-04
-1.8492067485e-04
6.1529276771e-03
7.5766345463e-04
6.1967261762e-04
-3.4040216983e-03
1.0481404860e-02
2.5059766955e-03
4.2777579018e-03
5.7537592380e-03
-1.6905727534e-03
-6.6808708124e-04
4.7189830449e-04
-3.0589128494e-03
7.7687554939e-04
-1.7609609814e-03
-3.6165059751e-03
-5.3410017380e-04
1.7440002100e-03
-1.3231018347e-03
-2.5652587511e-03
1.2825755768e-03
-1.8589687684e-03
6.9092628122e-03
4.1658595787e-03
2.4654005511e-03
-1.2512949096e-03
3.5471454386e-03
-1.8543631082e-03
-1.6064012347e-03
-1.6634687670e-03
-1.6530661244e-03
-1.6535872337e-03
-2.4929674836e-03
1.2551554805e-03
-3.2350539073e-04
-3.6960331112e-04
-4.0863511743e-03
-1.5624805286e-03
1.2913575361e-03
5.1163469086e-03
7.2236868698e-05
-3.0251222979e-03
-1.4074821753e-03
2.1223850061e-03
2.1085239223e-03
3.7638308077e-03
2.6283637854e-03
-2.7785847946e-03
-5.5110155411e-03
2.8285651536e-04
7.9229945578e-04
-7.8087421822e-05
-3.5163477536e-04
-3.8527344671e-03
-2.3870722065e-03
-1.5912531857e-04
-1.0726933543e-04
-3.7000898075e-03
-2.6879967103e-03
-1.1056458407e-03
-2.1545989230e-04
-3.2844551982e-03
5.8140685369e-04
-2.0429364004e-03
3.1250706799e-03
-1.4450252973e-03
-2.5406212206e-04
4.6790088796e-03
-3.6360055628e-04
-1.5216073074e-03
4.3423923527e-03
-2.5837225665e-03
5.6927272830e-03
1.4085997211e-03
-2.7868690421e-03
4.3829022229e-04
-6.4249587251e-03
-1.2517226185e-03
-6.5243840875e-04
-4.9312769336e-03
-2.2229368583e-03
3.8698064208e-03
7.2409508490e-04
7.6124276039e-04
-9.1799426371e-04
-9.5582145324e-04
-2.2862444649e-03
-2.2812209154e-03
9.2854313843e-03
-5.1394203814e-03
-1.2685276746e-04
-1.6442108274e-03
-1.9361814970e-03
-2.6130899359e-03
-6.1491739931e-05
3.6342898271e-03
2.3780071481e-03
2.4225157068e-04
3.4141785283e-03
-2.7356181864e-03
-2.3637600015e-04
-7.2640697063e-04
1.8664441984e-03
-3.9388126641e-03
3.9745775271e-04
1.3266537282e-03
5.3102911569e-03
-1.3898023599e-03
-2.2397517102e-03
-2.3358434129e-03
-1.4722151423e-03
3.0386276641e-03
-1.0595604791e-03
-3.2086300030e-03
-9.1392010076e-04
-2.0026529111e-03
1.7529244237e-03
-4.5880701115e-03
2.8831248336e-04
3.3641149367e-03
3.5231976183e-03
7.5983224610e-05
-1.0856638520e-03
1.1232147627e-03
8.3066733362e-03
2.6968978654e-03
-3.1323734054e-03
7.2229989047e-04
5.1432099298e-04
1.4236255375e-03
-4.0169791116e-03
1.0897277362e-03
4.1670274620e-03
5.4379599810e-04
-2.5412353964e-03
-4.8317617095e-04
7.1986137776e-03
-5.0534926013e-03
-2.8713516331e-04
7.0899769263e-03
-2.3735710907e-03
-2.5104454086e-03
-4.3182003775e-03
-4.0851225184e-04
-2.6174841127e-03
-2.5755611633e-03
-1.0136806492e-03
1.5255681707e-04
-3.3182922943e-03
-5.0651521088e-03
1.3286631765e-03
-8.4839745752e-04
1.8261666071e-03
-5.1265796122e-03
-8.3052912629e-04
-2.0892847378e-03
1.1069572206e-03
2.6713221070e-04
-3.2730567971e-04
-4.5504328261e-04
1.6262142872e-03
-1.5624424895e-03
-2.2152576875e-03
2.2438612719e-03
-1.1582578640e-03
1.6426768281e-03
2.0554879132e-03
5.4763032105e-03
1.4397112302e-03
4.7180202079e-04
2.9233175572e-05
2.8513835205e-03
-1.6217969276e-03
2.4869958154e-03
7.7126754907e-04
9.3720998427e-03
-3.1496441585e-03
-1.6092546205e-03
-2.8998211051e-04
-9.7064196895e-04
5.1783956854e-03
-1.9374602625e-04
1.9004601665e-03
1.6337098467e-03
-2.4876055080e-03
6.9257199967e-03
-3.1843177029e-03
-1.2845319992e-04
4.7078283004e-03
1.6730816658e-03
-4.3178512485e-04
-4.0132208192e-03
-2.4606874288e-03
4.4938716153e-03
1.1762354956e-04
-1.2794964595e-03
8.4087018414e-04
-8.3992340865e-04
-3.3244454833e-03
-3.6374300646e-03
2.7648562256e-03
-4.1464588529e-03
9.0108297390e-05
2.0610128325e-03
4.2424591879e-04
-6.7154827104e-03
-1.3372857756e-03
-1.3028214536e-03
-3.7662051326e-03
-2.7198351917e-03
3.1883995842e-03
-2.6448717663e-03
-1.1883041967e-03
6.0300533324e-04
-5.3905187706e-04
-1.8071683389e-03
-1.1591744519e-03
1.3922703160e-03
1.8182596134e-03
1.3552690610e-03
-4.7865834275e-03
-1.6311820640e-03
2.0646168832e-03
5.7120124573e-03
2.0236647787e-04
1.6360501718e-03
-3.2748331528e-03
1.3844286610e-03
-8.5037350209e-04
-5.8483754468e-03
1.0413538902e-03
-5.8458399383e-04
-1.1108356147e-03
-6.9725521720e-04
-4.0608730484e-03
-5.6362562216e-03
-2.4178719921e-03
-1.7086644220e-03
-3.3465075905e-03
-4.0331618121e-04
1.9959177740e-04
-4.3988694113e-04
5.8333244508e-03
-2.5669749184e-05
5.6981808329e-04
4.6888028877e-05
-5.3529513893e-04
5.7921587982e-03
-1.1475776696e-03
-1.9281250786e-03
-7.6654142227e-04
3.5835236677e-03
3.1474015401e-03
-1.5746054318e-03
3.3079845823e-03
6.8979538118e-05
-8.5985826088e-04
1.4752751802e-03
-7.7306834415e-03
3.1832512698e-03
-2.3791749997e-03
-2.5008270256e-03
-8.4965522352e-04
-2.3816253206e-03
-3.3206839048e-03
-2.7255917958e-03
1.0619117568e-03
1.3790236683e-03
7.6655934699e-04
-9.0639153327e-05
-8.9227083236e-04
-1.4704881215e-04
-5.3240564986e-04
4.0548999387e-03
4.0637107702e-03
4.5142560050e-03
1.4159785234e-03
-2.0509547211e-03
2.2328791270e-03
1.1356949782e-04
1.0288437861e-03
6.0562630456e-03
-9.9326895709e-04
2.9345014919e-03
8.7718158266e-04
-3.5738002936e-03
-1.3259446213e-03
1.5681365551e-03
-5.1450016844e-03
4.6850700045e-03
5.4008808497e-03
2.4572960558e-03
-3.8881786564e-03
-3.5994765321e-04
-9.7824096260e-04
2.6436228846e-05
8.5988971108e-04
-5.6095172727e-03
2.2651311701e-03
-3.2256579276e-03
3.9408825212e-03
-3.9233618698e-04
1.2081447461e-03
-4.4628679596e-03
1.7906484543e-03
-2.2380242115e-03
-2.7648863632e-04
9.4156628438e-04
-2.4596373432e-03
-4.6053074582e-03
-3.3981913580e-03
-1.4274190428e-03
1.8039978519e-03
-1.3065445348e-03
-2.9420000777e-03
-7.9372691859e-04
-2.0028122107e-03
9.0178141906e-04
1.1504542880e-03
-1.3999534682e-03
-5.7391745605e-04
2.8245099248e-04
-2.4897866615e-03
5.7390284438e-03
-1.9502666585e-03
9.9825329130e-03
1.6923668399e-03
2.3832787448e-03
-1.2537438340e-03
2.7863968521e-03
-3.9286369841e-03
2.0903641913e-03
-3.5679869237e-03
3.7977606860e-04
-7.4104846267e-03
6.3133931205e-04
9.1375689140e-06
-1.5844513454e-03
2.0938434467e-04
1.8962037146e-05
5.9645352811e-03
-2.6404423528e-03
1.2975360132e-03
-9.8329627049e-04
-6.7313257229e-04
3.2144002236e-04
1.6411919341e-03
1.0723814229e-03
9.5599190461e-04
3.1381411106e-04
-7.8048721252e-04
1.6410603359e-04
4.6300293123e-03
1.1762916064e-03
-1.5974984392e-04
2.1059788442e-03
4.5414500861e-03
-4.1352717425e-03
-1.5868203056e-04
-2.4929020612e-03
1.2336091627e-03
2.3123193129e-03
1.1916152788e-03
2.8047774868e-03
5.3623546131e-03
1.0108672215e-02
-6.5782829767e-04
-3.8237572584e-03
-5.6044676565e-03
3.0638724180e-03
-1.2097249418e-03
-3.6399522367e-03
9.7857845872e-04
-4.3666703255e-03
-3.9639741216e-03
-2.9866668809e-03
-2.6824848961e-03
4.6199301288e-03
1.4636688420e-04
4.5041904112e-03
2.8834718675e-03
-3.1458217455e-03
-5.6119379263e-05
-2.4058672151e-03
3.9331099974e-03
-1.6120307626e-03
2.0249529526e-03
2.2201550409e-03
8.0754594797e-04
1.6708543450e-04
-3.0859135432e-03
8.8780989565e-04
-1.7859193486e-03
1.7458984188e-04
1.9697274787e-03
-1.7779260220e-03
5.4177964837e-03
6.2806756698e-03
-6.1188662801e-04
2.8026191725e-03
-1.9312027366e-03
-2.8128597143e-03
1.5924366858e-03
8.7122189055e-04
1.0565800500e-04
2.4129839791e-03
2.3110002780e-03
-8.7935885315e-04
1.8908836511e-03
7.4888559494e-04
-3.2363073138e-03
3.9752213443e-03
3.4775448994e-05
-4.0344503221e-03
1.1144355945e-03
5.6451499066e-05
-2.6200863346e-03
-3.9160349506e-03
-1.1546249455e-03
2.1693430307e-03
4.7131552189e-03
-2.2735909010e-03
-1.9633354107e-03
1.6209069300e-03
-1.4160078804e-03
5.1900701654e-03
2.2297302101e-03
-3.1891659627e-04
-1.1149468670e-03
-4.6834634737e-03
3.6145695338e-03
3.4683697732e-03
-6.5142587610e-05
-2.0993029623e-04
-7.0623276309e-03
1.6677407272e-03
-3.6317429355e-03
-3.3222380801e-03
6.2969606810e-03
-9.1899935278e-04
-4.3504514729e-03
-1.5604115505e-03
-1.6767537554e-03
3.8919617418e-03
-2.9308662762e-03
-3.5979879485e-03
-5.6186312742e-04
1.5316178036e-03
-8.4315719335e-04
-1.6852529686e-03
-5.2192578249e-04
7.8746258374e-04
3.3493546755e-03
6.5106511562e-03
-3.1963162044e-03
6.3197016310e-03
1.8526524262e-03
-4.7659326108e-03
-3.1596771644e-03
-5.5315585118e-04
2.5989561647e-03
4.7482056464e-04
-2.9613239110e-03
3.1623796192e-03
-1.3474325299e-03
7.4491035854e-03
-9.6922580495e-04
-1.1680321216e-03
-1.0984487454e-03
7.1966941658e-04
1.3183656793e-03
-1.6642183422e-03
1.2685911575e-03
8.7391248291e-04
-9.3137202683e-04
-2.5796967339e-04
1.6331856513e-03
5.2586265340e-04
2.9469404538e-04
-2.1469789775e-03
-3.2661575147e-04
-2.4605613668e-03
-2.1552337300e-03
1.6405912485e-03
-4.4985407233e-03
-2.1844422190e-03
7.3594949823e-04
6.1906259771e-03
-6.4647142739e-03
-1.9168660477e-03
2.6527498795e-03
-8.2601691030e-04
-3.8454107068e-03
3.9974179319e-03
2.2775411932e-03
-2.0138344346e-03
2.1539521008e-04
-2.7233101596e-03
-1.4531526771e-03
3.1916335316e-03
-3.2386184673e-03
1.7793235854e-03
2.6906663112e-04
-2.9477258950e-03
-4.2318441432e-03
-3.2306062275e-03
3.7160121792e-03
-6.9000462696e-03
2.6555415492e-03
4.0448879760e-04
5.0208488166e-03
-1.7458989728e-03
8.4042615739e-04
7.1341758797e-03
-6.3152740936e-05
-7.6632112349e-04
5.9311291875e-04
-1.2509243683e-03
-1.6416434489e-03
-4.1254148566e-03
3.0343547296e-03
9.0803266424e-04
-1.6777710200e-03
3.8031031634e-03
1.0071208051e-03
2.5157808201e-03
-4.3166537711e-03
-3.0401832479e-03
5.0189921910e-03
-6.4323587277e-05
9.0532262375e-03
4.8362334709e-04
3.8398467152e-03
1.5064338013e-03
-5.1808770589e-03
-1.9687529912e-03
3.1340654018e-03
-3.5175793894e-03
-2.3930651206e-03
4.8613775974e-03
1.9715456930e-03
-3.4952013563e-03
-2.0603824907e-03
-5.9584776635e-05
5.7380220867e-03
-3.8655970965e-03
-1.1774447378e-03
-5.7621326941e-03
-6.2271882087e-03
-6.3471985876e-04
2.6548497229e-04
4.3594015684e-03
-4.7904548362e-04
-1.4376130049e-03
-1.1391496448e-05
6.1283168066e-04
-3.3204049266e-04
-4.1014109693e-03
2.0408071650e-03
-1.6830479546e-03
6.5115660623e-03
8.8969334816e-04
-6.0643828370e-05
-2.5475088265e-04
-1.3321411390e-03
-2.2793068786e-03
-3.2298372887e-03
2.1392688802e-03
2.8848641870e-03
-2.6165524878e-03
5.2150010821e-04
-1.1299951883e-03
-3.1858663073e-03
1.0203257533e-04
2.9295906899e-04
-4.2168993925e-03
8.7415766950e-04
2.7269619059e-03
-3.6965267543e-03
5.9054892563e-03
-3.5324731761e-03
-1.9975290996e-03
1.5167581570e-03
3.0432690553e-03
5.9589158023e-03
-4.0284415812e-04
-1.3662680343e-03
2.8871999506e-03
3.1882250472e-03
-5.2975345553e-04
3.6488206699e-03
8.3115126429e-03
-4.1995782104e-03
1.5787369447e-04
-2.7964579179e-03
-1.4194417517e-03
3.7819501437e-03
4.8126066115e-04
7.6474772468e-04
-6.0412095299e-04
1.1088889495e-03
2.0900830960e-03
4.6964616490e-04
-2.6109579579e-04
-3.0448401961e-03
1.1691337565e-03
1.8841585161e-03
1.5714327505e-03
6.8996867080e-04
3.5446506686e-03
-1.2984792542e-03
-4.2807298419e-03
5.6568130562e-04
6.9501097598e-03
7.2871085538e-03
-3.3873074783e-03
-3.1376541272e-04
2.9253241937e-03
3.3198767016e-03
-5.8980114893e-03
-1.3774675241e-03
-2.6171505211e-03
1.9771417646e-03
2.2178473050e-03
-2.4871507981e-03
-2.6807217132e-03
-4.3405427283e-03
-2.0956390319e-03
-1.5288510886e-03
6.1066037457e-03
4.4006809072e-03
-1.2770184720e-03
-1.8567437610e-03
8.4697487107e-04
-4.1579422405e-03
6.4881139354e-03
-4.4231746720e-03
-2.5466555109e-03
-2.4847868072e-03
1.1308039321e-03
-1.8548175169e-04
-9.3638092050e-04
-2.5411405916e-03
-1.9933652447e-03
4.6813521530e-04
9.7569293812e-04
9.5012067574e-04
-3.5276485702e-03
-2.1079450473e-03
7.3140751136e-04
-2.8370646884e-03
-1.3108820490e-03
-1.1565164621e-04
5.3606677549e-03
3.6741745791e-03
-2.7596278236e-03
-2.1324746115e-03
-2.2377025955e-03
-3.3620516589e-03
-2.7589804019e-03
2.4560351591e-03
3.7036638230e-03
-2.8801323246e-03
-5.5243774009e-03
4.6393417251e-03
1.9918145473e-03
6.3492930592e-04
6.8566051375e-03
5.8764447136e-03
-1.5383188598e-03
-1.1217509206e-03
-8.4157236013e-04
-1.1484535789e-04
1.5295481563e-04
-3.1346303858e-04
1.9152276523e-03
8.2574333172e-04
-2.3693397453e-03
1.6279536056e-03
3.8659621022e-03
9.2448971503e-04
3.3986566319e-03
4.7502246632e-03
-3.0090760923e-03
1.1358081798e-03
1.8730931420e-03
-1.3865206963e-03
-2.4845948373e-03
-4.8774161341e-03
1.4917853324e-05
-4.0135985697e-04
-2.9925459505e-03
-4.7535890294e-03
-2.2001677566e-03
7.7839038037e-04
1.1394869990e-03
-1.4066669366e-03
-5.7437564370e-03
-1.5548345746e-03
5.3756741407e-04
-3.1887474972e-03
-2.9920664231e-04
-4.7011943318e-03
2.6121167842e-03
-6.5923346352e-03
-2.2297051220e-03
1.4385135782e-03
5.1997576959e-03
5.5874351703e-03
2.3110267652e-03
4.6889424832e-03
-3.3703773945e-03
-8.9002230751e-04
-4.3828694206e-04
-4.9207572051e-04
-1.4895763060e-03
-3.6418358226e-04
1.1483647446e-02
-1.2995748234e-03
-1.5316677787e-03
4.1269435469e-03
1.2109721338e-04
7.9087662661e-03
2.7444623614e-03
1.7062123186e-03
-2.5513024577e-03
1.0626575095e-03
-1.1194412200e-03
-1.0074368649e-03
-7.3234569397e-04
8.7132646068e-03
-3.9558398353e-05
3.7219590753e-03
-3.9098771274e-03
-1.0292530182e-03
1.6943741593e-03
2.8437263136e-04
-2.0118812850e-04
-2.0732019738e-03
-3.5741735918e-03
3.8494049831e-04
-1.9664960198e-03
1.8044012200e-03
1.3896805050e-03
-2.2535225602e-03
7.1442800048e-05
1.0105575360e-03
-1.9520183571e-04
-3.8821518379e-03
-2.0839234834e-03
1.1446369429e-03
7.4778690818e-03
7.5757933272e-04
1.6209574069e-03
4.7953234665e-03
4.4124108326e-04
3.8548806101e-03
-8.1848446462e-04
-1.1979488271e-03
-1.4124425999e-03
3.7542130034e-03
-1.9886064396e-03
8.0536953928e-05
-1.7994961194e-04
-2.9909429706e-03
1.9931296511e-03
4.7512401053e-03
-3.1601785985e-04
2.8210238933e-04
4.2866746752e-03
1.1926887605e-03
-2.7022098348e-03
1.1907412161e-03
-4.0643097566e-03
-2.6279966062e-03
-2.3452873787e-03
-1.3108291215e-03
4.7733194219e-03
-9.1583422888e-04
-2.6780788792e-03
-6.2992153297e-04
-3.7834949093e-04
-7.9248199404e-04
8.7240998168e-04
4.2747954373e-04
6.0655449991e-04
-2.4576827010e-03
-5.9515521015e-03
4.6022875874e-03
4.8688849327e-03
-3.4058936378e-03
-1.8464277797e-03
-2.9504938503e-03
-7.5104648898e-04
-9.3850618632e-04
3.7939532922e-04
3.3935316250e-03
-5.8585108804e-04
6.7890621476e-04
-4.4973009931e-03
-3.4628024905e-03
-4.1534168740e-03
3.8145148510e-03
5.0816263249e-04
6.2582250426e-03
1.8440709271e-03
3.0198410919e-03
-8.0064257153e-04
1.3577545137e-03
-7.3819600420e-04
6.9959446630e-03
-1.3645482289e-03
-3.3034791999e-03
-1.6233403739e-05
-2.2956445881e-03
-8.3853931299e-04
8.5413657849e-03
2.3955403633e-03
2.6655092531e-03
-3.7064890914e-03
-3.5259973580e-03
6.7840759643e-05
6.8513851086e-04
1.4526236396e-03
-3.4776554790e-03
-1.2103952166e-04
2.1154013220e-03
-2.8060627046e-03
-2.3850069250e-04
-1.4324983480e-03
-4.7404905355e-03
2.4653867605e-05
-1.7918219242e-03
-4.2728954088e-03
1.0612037899e-02
-3.3745797629e-03
-2.7547010045e-03
1.4583459418e-03
-9.1802897493e-06
4.4988982020e-04
1.1601178047e-03
-4.3542678961e-04
-4.1664958106e-04
2.5550347796e-03
1.1213583961e-03
-3.1565776512e-04
-1.5609392948e-03
4.9930937927e-03
2.3609119074e-05
1.4560972638e-03
1.8824637295e-03
-3.3056518888e-03
1.6684943425e-04
-1.2797616601e-03
-2.3530422075e-03
2.0239905115e-03
-2.9881747837e-03
-2.6952447536e-03
2.9801189775e-03
-1.2413090414e-03
2.2005790668e-04
-1.0119828693e-03
-1.8930592272e-03
6.0275704377e-04
1.3752989632e-03
-4.6653002035e-03
-6.6542083869e-05
-5.2573096500e-03
-2.9653441957e-03
9.7827144894e-04
-5.2525520703e-03
5.1206651184e-03
-6.0816446242e-05
1.0727322782e-03
-3.5744729063e-03
5.7038930420e-04
1.9291156460e-03
-5.5244683729e-04
2.8301444602e-03
1.3752447565e-04
-4.2158139880e-04
-3.2583756085e-03
-1.3722551657e-03
6.4470438737e-04
1.2952081656e-03
4.4737307813e-03
1.4020853164e-03
7.9861904013e-04
1.8276886629e-03
1.2982924531e-03
1.4558338685e-03
1.0056920499e-03
5.0973821606e-03
-3.0762879158e-03
-3.7262475788e-03
3.2276564409e-03
2.8339455743e-03
4.7621040196e-04
5.4751614262e-05
4.0933024413e-03
-4.6839950258e-03
1.7215716794e-03
5.2307561499e-03
-1.5386256765e-03
1.9078871568e-03
1.6940173473e-03
8.0894783170e-04
1.1949526819e-03
3.3129315714e-03
2.0899136967e-04
-2.7013522825e-03
2.2051866764e-03
-4.5582687220e-03
9.1259922663e-03
1.6962405803e-03
8.7978762125e-03
6.3622410155e-04
-2.8432155278e-03
-8.1160883939e-04
1.8499315378e-03
1.5483234202e-03
1.5254269967e-03
-2.7857415318e-03
-1.9782065673e-03
-4.2886270843e-03
-1.1895312051e-03
2.5106433132e-04
-1.5511632935e-03
-1.7326395309e-03
-1.7524893794e-03
1.5554762604e-03
-2.7686363806e-03
1.7502523084e-04
-1.3720791407e-03
-2.5952763672e-03
3.7898861030e-03
1.6154337633e-03
2.3411989349e-03
-3.1186403981e-03
8.4709124776e-04
-4.1573210245e-03
2.7506627059e-03
-1.5078588008e-03
1.1807340565e-03
-1.0650882780e-03
-2.8265187021e-03
2.0005518614e-03
-4.8768851051e-03
1.4845214896e-03
2.0743718422e-03
-1.8351111239e-04
-5.2470159330e-03
1.6072854488e-03
-3.3430344406e-03
5.3023911703e-04
5.2407045241e-03
2.9802996543e-03
1.4804653002e-03
6.4944866402e-03
1.5227976169e-03
-4.5199108969e-04
2.8502899127e-03
-3.1291887957e-04
2.0777104399e-03
-1.1180520930e-03
5.6768705161e-04
2.3459135209e-03
2.6170759044e-04
3.0409940362e-03
3.4758057445e-04
-5.5472611999e-04
3.5970033782e-03
-8.4321879703e-04
5.9779435257e-03
-2.0605267664e-03
-1.8799966004e-03
-1.0110310540e-03
-1.1366243532e-03
-3.6572587167e-04
-1.9494809316e-03
-6.7176889082e-04
-1.4422641197e-03
-1.0008760297e-03
-7.3289853361e-03
5.1513129038e-03
-1.3719659634e-03
-1.7751778747e-03
1.3161414829e-03
-2.4834347272e-03
-7.1124341772e-03
-5.3800942150e-03
7.7675149851e-04
7.0173760961e-04
-3.4561308449e-04
1.4968213882e-03
1.0182358727e-03
-3.8729426731e-03
-2.1985866201e-03
1.5993998731e-03
-5.4975152848e-03
2.4942710636e-03
3.3886014407e-04
6.2685125339e-03
3.1227435854e-03
1.2198479518e-03
-1.0227908949e-03
6.7940900328e-04
8.4912266274e-03
6.8063116973e-05
-2.8744087171e-03
-1.2612957303e-03
4.8228540500e-03
-2.7522812188e-03
1.8339327579e-03
-2.1139660247e-03
-2.6169133564e-03
-2.4534045964e-03
-4.0108354941e-03
-2.2582934607e-03
4.2004550795e-04
2.0631311424e-03
-4.3696669442e-04
2.4498459122e-03
4.1737653030e-03
1.4004820288e-03
5.2954296573e-03
-2.0490086599e-03
5.2885245205e-03
1.8180510888e-03
9.3153537868e-03
2.1228093474e-03
2.6715049841e-03
-4.5191893783e-03
6.9036269917e-03
4.8924670094e-03
-1.8054562362e-03
-4.0329337990e-03
-2.8275095735e-03
1.2073478038e-03
4.1880867829e-03
-7.0890651700e-05
-4.8062671485e-04
1.2449764533e-03
3.4448465556e-03
-4.3372285661e-03
-2.9474343727e-03
1.4469224649e-03
-2.0824609455e-03
2.1651606717e-04
6.0628656821e-04
1.9213910462e-03
3.5870561315e-03
2.1264004908e-03
-2.2758122193e-03
6.7894210746e-04
-2.9470860217e-05
-1.3577607249e-03
6.4789366888e-03
-4.2718726718e-03
1.0743110513e-04
-5.8532879486e-03
-2.5012436182e-03
-2.5676471315e-03
3.8720657810e-03
5.8306603429e-04
-5.7509112726e-03
-2.1601832402e-03
2.1498348446e-03
3.8225599354e-03
1.4856192653e-03
4.8551609686e-03
-1.3979930147e-03
1.5176347633e-03
1.6973657020e-03
4.0745318517e-05
-3.3927413970e-03
-1.8509230548e-03
-1.9276217412e-03
-6.5030212444e-04
1.4001382976e-03
-1.0753289763e-03
1.0804162232e-02
-5.3330246907e-03
-2.2178765750e-03
-3.0511749453e-03
1.1709071883e-03
-4.6660084953e-03
1.8371152770e-03
1.7116626817e-03
-1.0268015043e-03
1.5417065094e-03
-8.2490781945e-03
-1.9351587369e-03
-2.2284783646e-03
3.2098198133e-04
-1.1826613755e-03
3.1349731374e-04
-9.7024628208e-04
1.1210312278e-03
-1.8918258060e-03
-2.9509433609e-03
1.6935033795e-03
-3.4409279194e-03
5.0412385496e-04
-6.1051530203e-04
-4.8020609912e-03
-3.8923977527e-03
-1.4888405608e-03
-1.0809028617e-03
3.5940844726e-05
-4.1592599365e-03
-1.8518139061e-03
-5.3834837142e-04
-1.3300782634e-04
-2.3405401271e-04
1.3497664667e-03
-3.5916492653e-03
1.7474299639e-03
3.1677029553e-03
1.0460468234e-02
6.2437157410e-03
-2.1185422224e-03
-1.7050650263e-03
1.0605371431e-03
-6.1252875596e-04
1.3127726086e-03
-6.3173189347e-04
8.2488823434e-03
-3.3787854513e-03
-3.4271697143e-04
-2.7368614964e-03
-6.3927716493e-04
-4.6424134755e-04
1.3530244053e-03
2.4508385865e-03
-3.9617106496e-04
-3.7056165235e-03
-2.4259950681e-03
3.0195394373e-03
-1.3665340204e-03
2.7037114857e-03
-1.3742684727e-03
1.0333102272e-02
-4.1164465567e-03
-7.0014479131e-04
-4.4898800901e-03
-1.9512678183e-03
8.3458769524e-04
2.8394590333e-04
-1.2782831178e-03
-1.3704760354e-03
-1.6851525197e-03
-4.3685286073e-03
-2.6196267217e-04
-1.2731627704e-03
3.4193930398e-03
7.6203698885e-03
3.9313577951e-03
-6.9149670532e-04
-2.4461579141e-05
-2.7794580404e-03
-2.8062169425e-03
-4.4657219784e-04
-3.3253835484e-03
2.2876846872e-03
-1.4616668268e-03
-1.4852982384e-03
-3.1037266980e-03
1.5157990843e-04
6.8173685854e-03
3.3999971745e-04
5.6820965304e-03
4.2687793613e-03
2.6416910842e-03
6.5074342740e-04
-2.6549866603e-03
8.4036823511e-03
-4.6755106744e-03
-1.5011581810e-03
-2.5990666465e-03
1.5343504599e-03
6.3728019163e-05
1.6271608519e-03
-4.5995937880e-05
-3.3182835642e-03
-4.5131565016e-03
2.3895470465e-03
3.1104164003e-04
3.5095025239e-03
4.9727251956e-03
-2.0464996490e-05
-1.5953068976e-03
-1.5163660506e-03
4.8280467047e-03
4.0998499926e-04
2.2456863094e-03
-1.0187383966e-03
7.4992889301e-03
4.6619629719e-03
6.4716447333e-03
5.0429004215e-04
-2.6377713798e-03
9.0931663325e-03
9.8436603824e-03
-8.5055268719e-04
-1.5984154937e-03
1.2875107176e-03
-3.3721953334e-04
-4.8670283077e-03
3.5635670711e-03
7.4993286836e-03
1.0667276764e-03
2.4552870331e-03
2.9058545614e-03
7.9546738247e-03
-4.5411957584e-04
1.0488465610e-03
-6.1017200374e-05
1.2851801649e-03
-4.5677038450e-03
6.6516585049e-03
-6.7042996499e-04
2.4199345970e-03
-3.2167432404e-03
-3.7553476405e-03
1.4996484310e-03
5.8304906960e-03
2.6502591195e-03
-1.1687920835e-03
-4.0377440769e-03
-1.8350959431e-03
-1.8254904049e-03
5.6972729574e-03
-1.6924552050e-04
1.5043786540e-03
1.6581459147e-03
3.3386315284e-03
4.0571077432e-03
-3.0330444748e-03
-2.3385476656e-03
-1.1716381100e-03
-1.3069954489e-03
-8.2641024679e-04
-4.8829800586e-03
-2.2574306926e-03
-1.8043371055e-03
9.5615924124e-04
-1.6915835106e-03
3.9881431265e-03
-5.6015058629e-03
-3.4211301277e-03
2.9372747807e-03
-3.3455919946e-03
4.9807614942e-04
7.2664236853e-03
-3.3712897161e-03
3.1557963647e-03
-2.0569561229e-03
-5.3008396236e-03
6.8417278501e-03
7.3623617920e-04
-1.2867821206e-03
5.8791099722e-03
7.7068093369e-04
8.3131363330e-03
-4.9330889946e-04
-3.0860893339e-03
3.2534878338e-03
-1.4600734718e-03
-2.0069773488e-03
2.2988924094e-03
1.8969076105e-03
-2.7688871650e-03
3.8008880857e-03
3.3884931299e-03
-3.6423167792e-04
1.5830184076e-03
1.5476847485e-03
2.9792350496e-03
5.7614092655e-04
3.5129907419e-03
-1.6121899799e-04
-2.1585735911e-03
-7.2241793755e-04
-3.0350731535e-05
2.8664385423e-03
1.5400384614e-03
-3.1778390417e-03
-3.2564172764e-03
-7.0553905675e-05
1.3444980572e-03
4.3367588123e-03
-2.9333209196e-03
5.3808225523e-03
-4.0750357129e-03
-1.0003595889e-03
2.6259552550e-03
-2.9774655917e-03
8.2367776748e-04
-3.3582676199e-04
1.6881983962e-03
9.8704087178e-03
7.7716607187e-04
3.9502157002e-03
2.3415888206e-03
-2.0401400744e-03
1.5897688272e-03
1.2718879601e-03
-5.6858509280e-03
8.0691527524e-04
4.4930876769e-04
7.4207580371e-03
1.8695104111e-03
-4.0557681006e-03
-2.1071096595e-03
2.5471740785e-03
4.5717355333e-03
2.5358541452e-05
-8.2195983875e-04
-1.0624281237e-04
-2.6877911643e-03
3.6224815028e-03
3.3628012731e-03
-4.3907297502e-04
-2.5146077955e-03
9.3970798775e-04
-9.8850634757e-04
3.9017934955e-03
6.3075309320e-04
1.9028712967e-03
-3.8328155767e-03
-3.9950163810e-04
4.4861115541e-03
-3.5619130042e-03
-1.8188493140e-03
-3.5053425135e-03
1.0279681329e-03
4.7872385292e-03
1.6565392802e-03
-4.8830068437e-03
2.5932090931e-03
4.9509939349e-04
-2.5763872157e-03
9.0971424359e-04
-2.3978569377e-03
2.9245161743e-04
6.6824845870e-04
-1.3736471569e-03
-2.6803607455e-03
-4.0322479452e-03
1.4308552093e-03
6.2931998755e-04
-1.2094491387e-04
-5.3175027693e-03
-5.2978154590e-03
-2.9544459932e-04
-5.7626069526e-03
-4.5633724731e-03
-4.5940352745e-03
9.0182842685e-04
-1.2222131810e-03
2.1086446200e-03
4.8482295368e-04
8.0030218574e-03
-1.1718847234e-03
-3.2908348902e-04
-4.8187019830e-03
-2.5993776026e-03
6.1218707858e-03
-7.1102033702e-04
3.8725493181e-03
1.0933924249e-03
-4.3916604083e-03
-7.8843777855e-04
5.5321862627e-04
-7.7164729247e-04
-3.5039134674e-03
-3.2985822091e-03
4.6012837951e-03
-5.5833816531e-03
-2.3554425485e-03
2.9008144563e-03
1.5846532503e-03
4.5716331453e-03
-2.9081649846e-03
-2.6824103303e-03
2.9055556877e-03
-3.0051524264e-03
-1.0663131750e-03
-1.9690170021e-04
1.6504660429e-03
4.2566501590e-04
5.2164182877e-04
-1.0704862285e-03
-1.5415006350e-03
2.7941261354e-03
1.0023912974e-03
5.7640576836e-03
-1.4233427509e-03
1.5154183466e-04
1.1668741054e-03
5.7417099382e-03
4.5435194910e-03
-9.8639286511e-04
3.1987680285e-04
2.2174836277e-03
-3.8202421986e-03
-4.3515654474e-03
-1.7696065964e-03
-1.9368458641e-03
-1.6150882097e-03
-6.4544768499e-04
-1.0047873338e-03
2.0140925152e-03
2.5792174096e-03
4.2621869536e-03
8.9644011331e-03
-2.1719732194e-03
3.4093234497e-03
-6.9941820075e-03
-6.2147172133e-04
-5.0789376757e-04
-1.2757925847e-03
-3.8922702032e-03
3.1648198515e-03
5.8702872231e-03
-5.0722747545e-03
-2.8113790455e-03
-2.6516503898e-03
-1.6242916333e-03
1.7531020235e-03
-2.7949753448e-03
-6.4094802067e-04
5.1325978236e-03
3.1614719930e-03
3.7209942493e-04
4.3843464638e-03
-1.2253652396e-03
-1.0201421835e-03
2.9506526620e-03
1.0347860603e-02
5.4742188072e-03
-2.3974800615e-03
5.3954956426e-03
2.2654324234e-03
3.9899282652e-03
-4.0548253354e-03
-4.4872309449e-03
2.0812948465e-03
2.4276639282e-03
3.9790537364e-03
-1.6608160759e-06
-4.2477758635e-03
2.6503304547e-03
-6.4436081081e-04
-2.4928175867e-04
2.5325994370e-04
-2.1226361062e-03
7.2219193415e-03
7.9756830098e-04
1.5201440883e-03
9.7509752021e-04
-3.9671612215e-03
-5.5740111254e-03
2.9871702980e-03
6.6052802565e-03
-2.9899909026e-03
-7.1380964067e-04
3.3325383990e-03
5.7375858216e-03
-1.1403889742e-04
-4.0541195864e-03
-3.6129084438e-03
-9.5187143086e-04
-1.9580664716e-03
-3.3798575302e-03
4.5357289137e-03
-3.5578951698e-04
3.8683173599e-04
1.5245044007e-03
-3.2419826787e-03
-3.8282243095e-03
-1.0928618533e-03
-1.3392871265e-03
3.2181309722e-03
-1.1689073200e-03
2.6417840252e-03
-4.2301889059e-04
-1.5387463814e-03
-1.3917249086e-03
1.5464947692e-03
4.2527634791e-03
4.6430505312e-03
2.8412154984e-03
1.6933872679e-03
9.6986808806e-04
1.5933080897e-03
4.7326328042e-03
-5.5110617776e-03
-5.2341836574e-03
-3.6536139183e-03
4.8966067194e-03
1.5936075854e-03
-2.2194174619e-03
9.2045754474e-05
-9.6933255644e-04
1.7214492461e-03
-2.5853159128e-03
1.8401840081e-04
-1.3127893466e-03
-3.8607781343e-03
-2.2490112175e-03
7.1432665793e-06
2.1602069977e-03
5.8130729972e-03
-1.4674157977e-04
-3.0033009058e-03
-5.5960305119e-03
-2.5441045690e-03
-1.8579632367e-03
-2.0409332161e-03
-3.5442444445e-04
-4.4758020069e-03
3.6047325815e-03
-8.0332446387e-04
4.6736119209e-06
-3.4436282312e-03
1.9744155575e-03
6.4443837656e-04
2.6519742354e-03
-4.2705486443e-03
-4.6827661504e-03
1.5908306209e-03
-9.1676750302e-04
2.7247093000e-03
-3.7492037465e-03
-3.5958124360e-03
-3.8864304433e-03
2.0556250760e-03
2.4628252939e-03
-2.1264113705e-03
-4.4833864006e-03
3.5341047238e-04
-2.3817360932e-03
-2.9534031724e-03
-7.5014360855e-04
3.1707789294e-04
-3.5873260350e-03
3.9011502385e-03
-5.4610784671e-04
2.6286105079e-03
-3.9076469234e-03
2.5826218261e-05
-6.5079798769e-04
-2.8717652576e-03
-6.9820814749e-06
2.2022929287e-03
6.8320856257e-03
7.6365236611e-03
3.3494192049e-04
-3.0962782792e-03
-3.8780553546e-04
-5.8187578857e-03
-7.3824022621e-04
-4.9980965067e-03
2.1014710385e-03
-8.3374830935e-04
-5.3593425046e-04
-1.5589023200e-03
-4.0228301946e-03
7.1353621654e-03
-7.1060049072e-03
-4.1815242887e-03
6.3921459664e-03
-3.8445922040e-04
-2.4238816687e-03
9.9195176595e-04
-4.1173656531e-03
-2.7717915470e-03
1.6028928383e-03
1.4621775343e-03
5.7594814396e-03
-2.1418558572e-03
2.1480655716e-03
-3.2793700832e-04
5.4130912264e-03
3.5662861985e-03
4.8994053766e-03
-9.2567024446e-04
-2.0697824548e-03
7.3049702024e-03
-3.5143924323e-03
-2.0169781084e-03
-3.5586034829e-03
4.6882929436e-03
1.6469483217e-03
2.1816433934e-03
1.5076581388e-03
-4.4816913829e-03
9.3338532196e-04
-2.4663877975e-03
-4.9592813408e-03
2.5712431097e-03
-1.8659669953e-03
1.0716644612e-03
-2.0438595255e-04
-5.4275226393e-03
8.1744714945e-06
-6.7100517780e-03
2.3098693686e-03
-6.9078542895e-04
-6.0319988456e-04
-3.1116573053e-03
-6.0630637334e-03
-1.9251130230e-04
5.4806880759e-03
-3.1005409542e-03
-2.3928701387e-03
-3.2053367708e-03
-4.3567579097e-03
4.6558482749e-03
4.0673997738e-03
-5.8579799088e-03
1.6438819952e-04
2.4890784467e-03
3.6285659990e-03
-2.1048252346e-03
-2.0306821971e-04
2.9152442518e-03
3.3054758280e-03
6.1238011528e-04
1.5932034990e-03
-6.8314118020e-04
4.1332984615e-03
-1.5843227226e-03
2.5016061407e-03
-1.3206465842e-03
6.6981042490e-03
3.6468887392e-03
1.6148023338e-03
-5.7979234950e-03
-3.6479205764e-04
1.1566187962e-03
-1.5485435794e-03
5.4521538119e-04
1.6948564892e-03
5.2562529285e-03
-1.3859797614e-04
-3.6737374703e-03
-1.1779438273e-03
-1.0713068355e-03
-1.7768262940e-03
4.8459660430e-03
-1.6188247993e-03
-2.0730900152e-03
-2.3964321602e-04
-2.9841954402e-03
-4.3448918943e-03
5.0115077682e-04
-1.8109109784e-03
1.6490403342e-04
6.7460739076e-03
6.3591389250e-03
3.2513142903e-03
-4.8095311610e-03
3.3712373778e-03
-1.1161926615e-03
1.2562389107e-03
2.8064982358e-03
-5.7742268553e-03
7.4315912767e-03
-3.3696873804e-03
2.2003053965e-04
-3.6399206147e-03
-2.2412208219e-03
-2.6069763536e-03
3.1479600957e-03
-2.2068089592e-03
-9.9177301779e-04
-2.1837776209e-03
-2.4933234955e-03
-1.1518638396e-04
-2.4695393759e-03
-4.1935213514e-04
-5.3395938438e-03
-3.1181837049e-03
-2.8649661263e-03
-3.7355189403e-03
1.5775919628e-03
2.2037485350e-03
-3.1286611127e-03
-2.3581580102e-03
3.9858048731e-03
3.4408958088e-05
-3.7779865226e-04
4.2483240411e-04
2.7029289640e-03
-4.4095049103e-04
-6.8746313652e-04
2.1385733046e-03
-3.4136961629e-04
-3.3452616732e-03
5.1712590964e-04
-6.1457591450e-06
-1.1191205723e-03
-2.4520718823e-03
-1.0821425470e-03
-3.5221672968e-03
1.7450270790e-03
-2.9328410271e-03
-2.5931926388e-04
-1.6624315652e-03
1.0129286243e-03
-2.6473952343e-03
1.6678353954e-04
-2.5668583597e-03
-2.2603597861e-03
1.2391435799e-03
5.1162402755e-03
8.4233854270e-04
3.2912871380e-03
4.6164842513e-03
-3.9830264853e-03
-1.9862436309e-03
1.2532540812e-03
4.9424457141e-04
-1.9430134306e-03
6.9825534570e-04
4.6977948276e-03
1.0693660949e-03
2.3343410904e-03
4.7688405511e-04
1.7340670338e-03
-5.1600288964e-03
-7.0351727825e-04
-1.2405562111e-03
-4.0347545389e-05
1.2823319374e-03
-2.4980874492e-03
-3.8881595667e-03
-2.4515192053e-03
1.4583117254e-03
-1.9448591497e-03
1.5212598952e-03
-8.5260470255e-04
1.8488108353e-03
-1.0615757472e-03
1.6038707058e-03
3.3375276953e-03
1.1278363631e-04
8.3214157959e-03
4.0303488842e-03
3.8916409943e-03
2.9845785128e-03
2.0363880078e-03
-2.4128930227e-03
-3.3398894610e-03
3.0060615057e-03
5.0772470757e-03
-1.8722863313e-04
-1.1150515394e-03
-8.5362836712e-05
-2.3057545276e-03
-1.5318957932e-03
-2.1962006307e-03
-3.3160705269e-03
9.2789973804e-04
-2.3063153313e-03
-4.1218928184e-04
3.0620563287e-03
-1.0223336066e-03
1.1122332808e-03
6.4564497026e-04
-1.5635005548e-03
3.9451073837e-03
8.2737111752e-04
-2.5892613411e-03
8.6196210446e-04
-1.9839614147e-05
3.0027028269e-04
-2.7467854868e-03
-2.2023137850e-03
-2.7514737263e-03
-3.6970713672e-03
-9.8658206160e-04
3.1684065639e-03
1.1770157993e-02
4.9338550622e-04
-2.5253394642e-03
-1.9669465017e-03
4.4168843594e-03
4.0242584765e-04
-1.2868264144e-04
4.1798190930e-03
-2.4702832669e-03
-5.1154181549e-03
2.4923607521e-04
4.4502289772e-03
1.3958689149e-03
-2.0622631501e-03
7.3505687625e-03
4.1982842159e-03
-1.2129543199e-03
-3.2805394528e-03
-1.8033229848e-03
2.7207041288e-03
-4.0730171093e-04
5.2992403925e-03
-3.6895341894e-04
2.9229841991e-03
-2.7580831816e-03
-1.2272268141e-03
-1.6608045613e-03
1.2010872698e-03
-1.7420012762e-03
1.2441898759e-03
-1.3482236618e-03
3.3292654432e-03
-5.0614844396e-04
-2.4964059250e-03
-2.7365039050e-03
-2.5361955864e-03
1.8400348784e-03
-4.3816247162e-03
-1.7013317844e-03
-3.0181731023e-03
1.6158142026e-03
8.3209859502e-04
8.3225739507e-04
-1.3452088543e-03
5.7110639181e-03
2.7278029596e-04
3.3170269755e-03
-2.3440065406e-03
-8.7762825265e-04
-2.1900828384e-03
7.8737350372e-03
3.1697804451e-03
7.7140735079e-05
-6.6789248237e-05
-1.3722200897e-03
-2.2254615956e-03
-9.3039263105e-04
-2.4620353058e-03
5.3933137786e-03
-4.5987015150e-05
-1.9393452274e-03
-5.2580731009e-03
1.9753000039e-03
1.2196585345e-03
-2.8222341072e-03
-2.7162605832e-04
1.4715436974e-03
-4.5914920518e-03
6.4579869366e-03
-2.0213188779e-03
3.0019836513e-03
-3.2689813923e-03
2.4142709640e-03
1.2978286228e-03
5.8556811582e-04
3.4280717385e-03
-2.3300623247e-03
-3.4762802989e-03
-5.3329437679e-04
-2.6404745114e-03
-6.3278006772e-04
-2.8488698182e-03
-1.3556279836e-03
5.4977927348e-03
-2.2004350280e-03
-3.1737073077e-03
2.5453830397e-04
-1.8393131813e-03
1.1603310650e-02
6.6436385567e-04
-1.5632013616e-03
-7.1965026084e-03
-4.7541028016e-04
3.0162063558e-04
4.5825732494e-03
6.6549169588e-06
-3.0571895541e-03
3.9858509587e-03
3.2391152211e-03
1.2825820108e-03
-2.5214019252e-03
-3.4199054013e-03
-1.7497385211e-03
6.6824288173e-04
-7.7706366500e-04
1.7024750716e-04
2.5624819917e-03
5.2998234261e-03
1.4217976309e-03
1.5923427433e-03
-4.3913349177e-03
4.7683185365e-04
-2.1016507016e-03
-3.2271488665e-03
1.5720673871e-03
-4.5705323749e-03
-3.2975939954e-03
-5.1471391147e-03
4.3538036439e-03
-3.5399905198e-03
-3.1100371160e-03
-3.4041226851e-03
-3.0620536751e-04
-5.7337265605e-03
6.0767526494e-04
2.0956797781e-03
3.0258173564e-03
-6.4095917898e-05
8.7509866532e-04
-2.4254385193e-03
-6.7692127367e-04
3.5393176552e-03
2.8189328858e-04
-2.9299213876e-03
-1.7837461472e-04
-3.2607701697e-03
3.6090486566e-03
2.0099772295e-03
-6.4655353381e-03
3.6378837767e-03
-2.6469235218e-03
1.0520789268e-02
-2.3170607950e-04
-1.4174502678e-04
1.4914186300e-03
2.4445872089e-03
1.2672748670e-03
1.8180007087e-03
-2.1489758524e-03
-4.5610344054e-04
1.9709799995e-04
9.4076126403e-04
-1.7148259191e-03
9.7767393439e-03
-1.2198619159e-03
6.5589078355e-04
4.4861914902e-03
-7.6015142062e-04
-3.9001780823e-03
5.3825698198e-03
1.4429686705e-03
-3.3237070601e-04
-1.9222428281e-03
2.0900730764e-03
1.8273887879e-03
1.6198067704e-03
-6.0656554018e-04
5.6471428831e-03
-6.4465517913e-04
2.3314662237e-03
-4.4508221269e-03
-4.3219979668e-03
-4.7489687844e-03
6.9646266808e-05
-2.7942274689e-03
-2.7535311894e-03
2.2878406915e-04
1.9945148730e-03
-2.5907279513e-03
-5.2589564016e-03
4.7386655602e-04
-1.6363139352e-03
-4.0740896833e-04
-4.6000815252e-03
-2.9768438003e-03
4.9401707168e-04
3.0518563360e-03
-1.3687901017e-03
2.5665877292e-03
-2.4809684048e-03
-5.9167458208e-03
-1.9000891400e-03
-1.0714056531e-03
1.9386780560e-03
-6.6693244776e-04
-6.5653068498e-04
-2.6641048719e-03
1.8023201347e-03
-9.1857874947e-04
-1.4253829979e-03
-4.3926521658e-03
1.3120666432e-03
-1.9330841399e-03
2.0941480866e-03
2.3776599823e-03
-3.5760405179e-04
4.5777182439e-04
-1.2524972195e-03
-1.6556895560e-03
-2.4147521539e-03
3.6178179572e-03
2.1058823897e-03
-9.1568292050e-04
-1.0290119738e-03
-1.8446764913e-03
1.5588456014e-03
-4.9731293358e-04
-9.7314341911e-04
1.7806532764e-03
2.5694513693e-03
-5.2041769015e-03
-1.6660533562e-03
-4.4888719607e-03
1.0009062122e-03
1.1744873104e-03
-3.9459856823e-03
1.8799023063e-03
4.0635908784e-03
-1.3752523632e-03
-4.1777104059e-03
-3.0957205389e-03
2.8228829092e-03
2.3068712204e-03
2.7445956796e-03
-4.2768777537e-03
-2.6107130113e-04
-7.3108913503e-04
2.1707023270e-04
-7.5069308258e-04
6.3773262227e-03
7.4357810439e-04
-1.2253605409e-03
-2.6206765842e-03
3.9386806645e-03
-3.2508173090e-03
-5.4949175309e-03
-1.4069124858e-03
1.1167607640e-03
-2.4342251173e-03
-2.3999847750e-03
1.4928444646e-03
-5.3284503427e-03
1.1215012525e-03
7.5514201269e-04
-2.8859442188e-03
-1.3042580487e-03
-1.8285496358e-03
2.7980007599e-03
3.3432994690e-04
-3.5494297313e-03
4.2281951195e-03
-1.5583393806e-03
1.7089319573e-03
1.7378947785e-03
3.2019370401e-03
5.9055835044e-06
7.2023999245e-03
7.1593463698e-04
-8.0104507417e-04
5.0945348227e-03
-1.5620842318e-03
-2.3772938992e-03
-5.8538285790e-03
-5.0374962191e-05
6.8921227443e-04
-1.1057133642e-03
3.3295604919e-03
-4.8389907759e-03
1.9154238972e-03
-4.6547729258e-03
-1.0221485751e-03
2.3463327007e-03
-1.3063721558e-03
-3.0749865299e-03
5.9792943512e-03
1.2325534399e-03
-5.2969585323e-03
5.2201986129e-05
-1.0696725400e-03
-1.3371617484e-03
-7.9815159660e-04
3.5581807023e-03
4.6840341193e-03
-1.1094452946e-03
2.5053010256e-03
-2.1513671524e-03
-1.2266808853e-03
-5.3917971584e-03
-2.8678934649e-03
2.6882910547e-03
-1.6476944433e-03
-7.0058117160e-04
-1.4339048417e-03
1.7201411559e-04
-1.4757962508e-03
-2.2184233769e-03
-7.0891533760e-03
1.1812869560e-03
3.2688128099e-03
-8.2153208879e-04
-8.4151242638e-04
-5.5801120797e-03
-2.4251907774e-03
3.3018605894e-03
2.8778058738e-03
-4.9828872275e-04
-4.2404770705e-03
2.3276898475e-03
4.4327438403e-03
5.6398470704e-03
2.1574397977e-04
9.3255151223e-04
-2.7679557910e-03
6.4139911217e-03
1.9354696172e-03
-4.7213237948e-03
8.3176951033e-03
2.2794768044e-04
-3.8810923149e-03
2.6166493791e-03
5.0858289544e-03
-1.9478229785e-04
7.9363464405e-04
-2.5529857540e-03
-2.7634450242e-03
3.1121366136e-03
-2.2408127463e-03
-2.0588398280e-04
-2.3985323997e-04
-2.3628246901e-03
1.1163178325e-03
7.2818646563e-03
4.9172605898e-03
-2.3720578474e-04
3.4362047833e-03
7.0794122752e-04
5.1732291656e-05
-1.5638359108e-03
1.3653189300e-03
-5.4527255400e-04
-3.8727492105e-03
6.1264922380e-03
-3.8576710089e-03
7.2740939871e-04
1.6459727200e-03
-3.4100995331e-03
5.5534523178e-03
-1.5892950420e-05
-5.8138697565e-03
-3.2651149336e-04
-3.7062262772e-04
6.9603280505e-04
-9.2551951670e-04
2.1329035453e-03
2.0783131713e-03
3.4541374087e-03
-2.3365906274e-03
-3.7572233855e-03
-1.1517640481e-03
-2.3726054161e-03
3.0067861060e-03
6.6859117266e-04
4.5237006436e-04
-1.2437535163e-03
-1.8971272554e-03
1.4341930074e-04
-1.5235133980e-03
-1.5741328458e-03
-1.5362586405e-03
3.4659910149e-03
-3.3613538419e-03
3.7411241225e-03
9.6952054581e-06
1.0809054695e-03
-3.3139226656e-03
-2.0741072066e-03
1.8184795076e-03
2.5580831203e-03
-8.1593857111e-04
-4.5483054763e-03
3.2074008266e-04
4.0918388090e-03
-3.6365185818e-03
-4.4718651334e-04
-5.2139732972e-04
-3.1297922931e-03
-4.8411012698e-03
-1.6335889181e-03
5.2815687061e-03
-2.7355688685e-03
-3.0698796615e-03
9.8525595105e-04
1.5488650722e-03
-3.5383152030e-03
-1.6484046551e-03
1.6928939243e-03
1.0862155365e-03
-1.2179701599e-03
1.0542606471e-03
8.1233062920e-03
9.8265651941e-04
-5.6284444162e-04
-2.9180926744e-03
-3.4587948375e-03
-2.8388643403e-03
4.9708803834e-03
5.1015109687e-03
-3.5662348829e-03
4.8777680305e-03
3.6786174792e-03
-1.7740304260e-03
-1.1257914331e-04
3.2170672243e-03
-6.2237194763e-04
6.8060962647e-03
1.9206518762e-04
3.7377186433e-03
1.6834069683e-04
-5.2789451435e-04
1.2399766177e-03
-1.4344763168e-04
-3.4617041432e-03
-1.3538172694e-03
9.3033921540e-04
-1.0777506791e-03
3.1748855386e-03
1.2804905737e-03
-1.4485189731e-03
1.3523914673e-03
-2.9299365721e-03
-2.5446837524e-03
2.0605264184e-03
-2.7684783073e-03
1.0729246716e-03
1.2344771222e-03
-7.5983347826e-04
1.6369570219e-04
-2.0358957143e-03
-2.0195623601e-03
-5.0536158488e-04
1.1221361387e-03
-4.5514201639e-03
4.9694128501e-03
1.4122673428e-03
-3.7226440804e-03
-5.6275913379e-04
4.7641805515e-04
-2.0358405036e-03
-2.9758859593e-03
9.0251838464e-04
-2.0605378800e-03
1.9571679699e-03
-3.7386134626e-03
4.0991572286e-03
5.3978341108e-03
1.2125092234e-02
3.2531333200e-04
-7.6349317485e-04
1.8835355430e-03
-3.0461527094e-03
5.8726850365e-05
5.2364007255e-04
-2.5815936333e-03
-1.5952383090e-03
-3.5343123899e-03
-1.5976157856e-03
1.7261267154e-03
-4.2836213556e-04
-1.1445242725e-03
1.1424553338e-03
-3.6229581143e-04
1.1488047213e-03
2.4545221886e-04
-6.9833567303e-03
-2.1660073877e-03
-1.0528273955e-03
-4.9052682796e-03
2.1842131526e-04
3.9455153244e-03
-2.5851494102e-03
-5.0121973647e-03
-3.2817563891e-03
9.3016715050e-03
-1.1344059116e-04
1.4145608590e-03
-5.8219068841e-04
-3.3110802702e-03
2.1754053666e-03
4.8042920295e-04
7.9438140994e-04
4.2362609906e-03
-4.1223741219e-03
-6.0437067341e-04
5.4276847064e-03
-5.7965079560e-03
3.6142793144e-03
-2.2762751772e-03
9.1444779209e-04
5.0819789133e-04
1.6605020585e-04
1.7336149188e-03
2.1863571034e-03
9.9652787042e-04
-1.8970955037e-03
2.1334213210e-03
5.0760225811e-04
2.6744676935e-03
2.5538562017e-03
2.7879857377e-03
1.9817167152e-03
3.6630438494e-03
7.4736217186e-04
-9.0335314748e-05
1.1756579444e-03
-2.2163140538e-03
4.2513147765e-04
-4.3711180246e-04
5.3022405459e-03
5.8537512051e-03
9.1872644745e-03
-1.9112991022e-03
-2.1908885924e-03
6.2706535925e-03
1.2436750871e-03
-5.1903092124e-04
2.2667070586e-04
-1.7930376779e-03
-1.1772186243e-03
-1.0480993399e-03
-2.1001773537e-03
-2.1351531709e-03
6.7247195735e-04
1.8784636947e-03
1.9920235612e-04
1.5660530454e-03
1.6803931343e-03
-5.5053051145e-05
1.8814646242e-03
-3.3382076509e-03
5.7830346085e-03
-2.6870806255e-03
-1.8326661823e-03
-1.4703727522e-03
2.6121504609e-03
-1.2190570973e-03
-5.8380072984e-03
-3.7631602958e-03
-2.8221001163e-03
1.9467533756e-03
4.7525717410e-03
-2.0166654340e-03
3.4828613780e-04
-7.0079179067e-06
8.1438063816e-04
-1.2397544845e-04
-2.7256172653e-03
7.9460380755e-04
1.7450329228e-03
4.1179877554e-03
-2.5664173676e-03
3.4110583952e-03
7.4305047632e-03
-2.8591950603e-03
2.4895097839e-03
2.2884566887e-04
3.9530476110e-03
1.2185816221e-02
2.8163256376e-03
2.1898431833e-03
-1.4957747509e-04
-1.0266883487e-03
-3.7133025553e-03
-1.1455500283e-03
-4.4602800458e-03
-1.1643587603e-03
7.5159394232e-03
2.1760478281e-04
-3.4023721834e-03
-3.5763427676e-03
-4.0209005048e-03
-1.7474522396e-04
-2.0625832461e-03
-3.1628616674e-03
4.3908874454e-03
-2.2471089608e-03
-2.2640489226e-03
-7.5267858383e-04
-3.4130350119e-03
3.9854408124e-04
-2.5076283354e-03
1.4393091016e-03
1.8764140319e-03
-5.6924700812e-03
7.8383893492e-04
-3.0700226425e-03
-6.1217983651e-04
-1.5991944289e-03
1.7508890299e-03
6.3904696940e-04
2.1921599294e-04
3.7800358066e-04
4.9121311432e-04
2.7398958053e-03
1.0489692953e-03
2.0207165541e-03
2.7260621237e-03
-4.4889766082e-03
1.1594648346e-04
-4.3397659488e-03
-2.6271267428e-03
5.0527643630e-04
-2.8792333537e-03
-7.5275614964e-04
1.7583473813e-03
-2.2579816997e-03
6.4305185677e-03
9.8705060005e-04
-1.6649838995e-03
5.8366925989e-03
2.4510365641e-03
-1.2323702546e-03
-4.7168504331e-03
-2.9418297291e-03
-3.1411558468e-03
-2.2752083169e-03
-1.2412794691e-03
-3.4020548342e-03
2.3719712205e-03
6.6706630985e-04
-5.7478884621e-03
2.5304760078e-03
-4.1321500087e-03
2.2274097385e-03
-5.8184000407e-03
-6.6288045285e-04
7.8327519085e-04
1.1309239615e-03
-2.0876814362e-03
3.1364212303e-03
-3.4477915755e-03
-2.8838032502e-03
4.0385430848e-04
1.8545254809e-03
-2.5321812566e-03
4.6921541699e-04
-4.6878495185e-03
1.4216302696e-03
-7.1911837550e-04
-3.8569964998e-03
5.2222742343e-03
4.1449826170e-03
-3.5850645370e-03
4.2219832282e-03
-1.4206727221e-03
-2.5689397955e-03
5.2574957673e-05
3.8320789531e-04
-9.7674141483e-04
1.0706915706e-03
-1.4861999426e-03
2.5300858646e-05
-5.8694802702e-03
3.4806094321e-04
-4.9325756443e-03
-1.0582005752e-03
-4.2781071762e-03
2.3266586174e-03
6.1974514621e-04
-4.7161326674e-04
2.6726948293e-03
-1.9350276548e-03
6.4801522399e-03
-3.3624844699e-03
-3.3464444783e-03
3.4262848783e-04
-1.7520081719e-03
1.3335070714e-03
-3.7109148700e-03
2.3054583721e-04
3.5442005418e-03
-1.2976731912e-03
-5.5672381772e-03
3.9998428024e-05
1.3173802040e-03
-9.3006718933e-04
7.5040194446e-04
2.2629309639e-03
-1.2432077899e-04
3.7694708932e-03
-4.2850732398e-04
2.7126894851e-03
3.0999075558e-04
3.0496565573e-03
7.2782906697e-03
-5.5063110417e-04
-1.6536224340e-04
-1.0686927381e-03
-1.6886521617e-03
-4.0186566781e-04
-4.9940104770e-03
-5.1484636987e-03
-1.6665797846e-03
-2.6624646545e-03
-8.8839562958e-04
1.0116379428e-04
-3.0949773067e-06
-1.9828781537e-04
-1.0241062820e-03
7.2378516900e-04
8.7168560095e-04
-5.9454830136e-03
-2.4585146909e-03
-1.7653901700e-03
-1.7936840530e-04
7.6874205235e-03
-1.2485587397e-03
-2.0065605712e-03
4.9293481139e-03
-5.2482979777e-04
7.0649612274e-03
1.0422192795e-03
2.6588656075e-03
2.2304668549e-03
-1.5463193295e-03
-2.9705571926e-04
4.6230722070e-03
4.5087888522e-03
8.8671489156e-04
1.2338943498e-03
-4.3229791967e-03
1.3504940007e-03
4.3504359074e-04
3.8817171418e-04
-8.7667903840e-04
1.8257026543e-03
-2.0790296640e-03
1.6388312970e-03
2.7820820077e-03
2.2663774219e-03
4.5805665661e-04
2.4442812519e-03
3.5237267583e-03
-6.8270669927e-04
-3.3431356324e-04
4.7489468523e-05
-5.5192694940e-03
5.5696907655e-03
-1.2139321689e-04
7.8886716692e-03
-2.5424329111e-03
-1.3738733461e-03
-4.5763398413e-03
5.4250375635e-03
-2.0343688810e-03
3.4831220909e-03
-2.0184776243e-03
-2.5642202527e-04
2.2613147535e-03
-5.2353719757e-04
-3.2388918412e-03
1.4000608012e-02
1.0637132641e-03
-2.4981307271e-03
-2.5988515817e-03
-1.2966070336e-03
4.5007951612e-03
-1.9841573803e-03
-2.3456942942e-03
-5.1711239180e-04
1.1091288981e-03
-2.6140172412e-03
3.3790227420e-03
-1.5030326118e-03
3.0906767059e-03
1.7253529883e-04
-1.4534160851e-03
6.3990531857e-06
-2.4821623550e-03
-2.8512372419e-03
-4.4294640658e-03
-3.6532072190e-03
-1.9885008493e-03
-1.8549985482e-05
-1.9546702467e-03
-8.4298198415e-04
-4.1532322979e-05
-2.3745369266e-03
8.7185704731e-04
1.7950135892e-04
-1.3319256328e-03
-2.7511909123e-05
3.5446050897e-03
1.1931818623e-03
2.4349309171e-03
1.0983788698e-03
-1.4724927654e-03
4.6975475352e-03
-2.4097977670e-03
1.7033445357e-04
-1.0959015063e-05
-3.1548716543e-03
-2.4763906702e-03
3.2766697131e-03
3.1562010391e-03
4.8513636009e-03
5.7921281810e-03
3.9768750928e-03
5.1854627989e-03
-1.0387032105e-03
-2.7031672225e-04
1.6831583518e-03
7.8588109794e-03
-1.6552667762e-04
4.8421572387e-03
3.1073235121e-05
-1.3232620192e-03
-2.6356982214e-04
-2.0519054699e-04
-3.6242528307e-03
-1.3512078487e-03
1.1358339726e-02
-2.1169236305e-04
2.1224742872e-03
2.1931530125e-04
-1.3131317316e-03
-3.1305943490e-04
-3.6445989183e-03
-6.2126551535e-03
1.8826454361e-03
-4.5744310936e-03
-1.5553922405e-04
2.7706598135e-03
-1.4188409775e-03
1.5128455096e-03
3.8181887907e-04
-3.1876453926e-03
-1.3863044558e-03
3.1315518502e-03
-2.2091152793e-03
3.3947749608e-03
-3.6478209926e-03
-2.2346998433e-03
2.6470721455e-04
-2.0064725956e-03
2.4416525606e-03
1.5728367234e-03
-2.2969955395e-03
-1.6946362664e-03
7.3051000349e-04
7.1471634361e-03
-7.9328607699e-04
-3.2728127852e-03
-1.1255531043e-03
9.9190507905e-04
-3.5619450188e-03
4.3600406235e-03
-3.0261036381e-03
-3.6003686910e-04
-2.5736823078e-03
-2.0654586661e-03
6.3813627006e-04
-5.9672400603e-03
-6.3929587985e-04
5.0447752148e-04
-1.8693860664e-03
-2.0743502338e-03
-1.6571730524e-03
-3.5532055765e-03
4.2400862735e-04
-3.7048208120e-04
-5.1296466107e-03
-1.1422409721e-04
4.8255825476e-03
5.5468608963e-03
1.2800730152e-03
-4.7233179197e-03
8.1555999876e-03
1.9715222468e-03
-3.4717714398e-03
-2.0253005524e-03
5.3831158664e-03
1.0303596254e-03
-1.1247634221e-03
-4.6176778177e-04
5.4608430997e-04
5.3761771222e-03
-1.6733487621e-03
-1.6698234581e-03
-2.6649969090e-03
1.2381562091e-04
-1.6317018263e-03
-1.1762117655e-03
1.4409814004e-03
-1.2429300080e-04
-6.8967606448e-03
1.3930551857e-03
1.5722080324e-03
6.8182447386e-03
8.6230536032e-05
2.1905545815e-03
5.3010196769e-03
-3.8348582725e-03
-4.7798542144e-03
-2.1841344606e-03
-4.3284443207e-03
-1.6290253906e-03
-8.9758600006e-04
4.8642924701e-03
4.8502299563e-03
1.2437358296e-03
3.6594998000e-03
-4.3639650237e-03
4.0151953567e-04
-1.0802258883e-03
-2.4973690920e-04
-3.2783944249e-03
-4.0648412328e-03
-2.3152501339e-03
-2.3115485697e-03
-4.0689926596e-03
-6.3167631831e-04
4.9120006566e-03
2.4256234228e-03
1.3217846412e-03
1.6799677182e-03
5.6814221638e-04
-5.5957253038e-03
2.9794815702e-03
1.8338478147e-03
-1.9284918590e-03
4.2613184355e-03
4.6568362384e-03
3.4266620671e-03
-5.6960133921e-03
3.2851283512e-03
5.3214503943e-03
-1.3543734997e-03
3.1514851472e-03
-5.0613882922e-03
7.5061478283e-03
-2.1024491333e-03
4.3664440508e-03
-6.8909280073e-04
-6.8606601055e-03
-2.3510165521e-03
-6.2663972574e-04
3.6765725795e-03
-3.0450373522e-04
2.8091877431e-03
-4.1563821610e-03
-1.9549610823e-03
6.3399742846e-03
-1.7716134599e-03
3.1218129056e-03
-2.0945831559e-03
-1.2241676128e-03
3.3451582190e-03
9.7103480426e-03
2.2996387065e-04
-3.9991831116e-03
7.5595459430e-04
-5.7324952860e-04
-2.5319334604e-03
5.2496573896e-04
6.8195061438e-04
-1.4326389963e-03
1.5071593794e-04
1.9109778128e-03
-2.8183976578e-03
-1.6729411323e-03
1.1111386774e-03
2.5094332366e-03
-2.7413873650e-03
5.8413384828e-03
6.3925748063e-03
-8.9635800321e-04
1.0730624534e-03
1.3159877108e-03
1.8076360780e-03
-2.4369555239e-03
-6.7803439320e-03
2.3291926347e-03
3.8549763050e-04
-1.8038699168e-03
-1.4643345239e-03
-5.5317605306e-04
4.2040545067e-03
-2.4901229175e-04
-1.8984866530e-03
-1.2448791996e-03
7.3739165267e-04
4.5195421065e-03
3.1341077773e-03
-8.2569090658e-05
-7.5335460522e-04
-4.7836524989e-03
-1.4141524363e-03
-2.8675455014e-03
2.5394018872e-03
8.2583267878e-03
-2.0976814075e-04
4.2349376971e-04
-1.1962058772e-03
-4.2271983584e-03
-2.2936481348e-03
1.7276066983e-03
-4.1489380787e-03
8.0189366814e-03
2.0999336892e-03
-2.6175627858e-03
6.7583758212e-03
2.4014508218e-03
-3.0536169181e-04
2.1928667751e-03
-1.6474349697e-03
6.9101386302e-04
6.7725113672e-03
-2.8111611194e-03
-3.2614259950e-04
-2.2788707424e-03
2.3063388671e-03
6.7325193356e-04
-2.8699906848e-03
-2.9999666647e-03
-1.3966719936e-03
5.3754527745e-03
3.1318738737e-03
-5.6924058832e-03
7.1777377674e-03
-4.0830945063e-04
-2.4526116905e-03
-2.3401515521e-03
1.9207514563e-03
4.4130620752e-03
3.6149950804e-03
7.3069357758e-03
6.7193457497e-03
9.2943873420e-03
8.6816588416e-04
-3.1413417690e-03
7.1343923231e-03
-7.3234060060e-04
-3.8130783559e-04
-1.5909738086e-03
5.6090557447e-04
8.8935743111e-03
-5.1396945697e-03
-9.6545066785e-04
-5.5610796252e-03
-5.2250598718e-03
3.8564326088e-03
-1.2589824665e-04
2.2191908953e-03
1.8396633896e-03
-1.6463668724e-03
-4.0671832839e-04
-2.9690094857e-03
-6.2264023884e-04
2.6881964116e-03
2.8116687413e-03
-1.9488069209e-03
-4.3164035806e-03
-3.7852129479e-03
-9.9880009084e-04
-2.1190064386e-03
-6.0600729319e-03
-1.6503912881e-03
-1.3117630323e-03
-5.6105729341e-04
-7.1661696938e-04
1.3202061559e-03
1.4748601199e-03
5.7968554058e-04
6.5880865698e-04
-5.6696727396e-04
1.3029373005e-03
-1.8223986015e-03
-4.7835854489e-03
-2.9820037773e-03
-2.4603840939e-03
-2.3279728120e-03
-1.8545645624e-03
1.7291669768e-03
-3.3802377920e-03
5.2845550081e-04
-5.4314824164e-03
-2.6672852083e-03
1.4115093743e-03
-3.3370239012e-03
1.0646918334e-03
4.0031814814e-03
2.9770166533e-03
-8.1275690839e-04
-2.8785699224e-03
2.4556452569e-03
-1.1653539075e-04
-2.7455813111e-03
-1.4385848568e-04
1.5289762818e-05
6.8620391500e-04
-3.4801376039e-03
-1.2022331655e-03
-2.0855618185e-04
2.0502497343e-03
1.4182726891e-03
-3.9537327974e-03
2.9263282489e-03
-3.3955327663e-03
-2.3796060765e-03
-4.6032201299e-03
7.5765506715e-03
1.1980862650e-03
6.4424975060e-03
-1.0503051929e-03
-1.9313630786e-03
-7.0533675589e-05
3.7949012165e-03
-1.7552895273e-03
-1.3111057112e-03
-1.8974215068e-03
1.0417984977e-03
2.2820555898e-03
-7.0148034234e-04
3.3217696128e-04
7.7012364913e-04
-3.3659617237e-03
-1.4381154307e-03
-1.6495461957e-03
-6.0573279308e-04
3.8028284414e-03
-4.5820625067e-03
-5.7198992543e-04
-8.8280610389e-04
6.6412295824e-03
-2.7872050688e-03
1.5591317217e-03
-8.3804298471e-04
-1.2023919764e-03
4.4033104488e-04
3.6024446364e-03
8.7524783280e-04
-2.7485645467e-03
-3.2722363949e-03
-2.6754494095e-03
4.1583525135e-03
-8.4054715598e-04
2.1962633094e-04
-7.9790693306e-04
-6.7421682372e-04
-2.2894010333e-03
9.1440249067e-04
4.5732626457e-03
4.9061022538e-04
-5.5528064076e-03
-9.9827634108e-04
-6.2680227108e-04
3.1178865354e-03
-1.0190108712e-03
-5.3314197188e-04
9.9237543309e-04
-5.2998578789e-03
1.5861019355e-03
2.8561102758e-03
-6.0745769315e-04
2.4451975000e-03
-4.6445526505e-04
2.6125453348e-03
-8.8691468237e-04
4.8159195500e-03
1.1622491984e-05
1.7095160851e-03
5.7615519042e-04
-1.0800419521e-03
3.9966582266e-03
9.5721383788e-04
3.5558318646e-04
2.1182317474e-03
-2.2465172206e-03
-6.3678123751e-03
-1.6203270767e-03
3.2574070310e-03
-7.6625169685e-04
-3.0089705962e-03
3.4150214927e-03
-4.1924914495e-04
2.6898978288e-04
3.6489756483e-03
-2.1945449468e-03
2.1448162302e-03
2.2972955581e-03
-8.2007209744e-05
2.5198393266e-04
-3.0220671204e-03
-5.6979493543e-04
-2.7720572387e-03
8.9055663071e-04
-4.8756096543e-03
2.3893220946e-03
6.7010149105e-03
5.9161212354e-03
-6.2996230340e-04
1.3284356271e-03
-1.0162619061e-04
5.7172610451e-03
-3.9270312357e-03
3.6260312761e-04
1.4052070438e-03
1.6823457341e-04
2.0908016276e-03
-7.7230555672e-04
1.6038610340e-03
-1.1035906079e-03
-1.2069499890e-03
-1.1747335646e-03
2.7520049186e-03
3.3781603527e-03
-1.9360927799e-03
-1.2066704011e-03
4.5232420733e-03
-1.5188244179e-03
4.9924911558e-05
-5.3717087327e-04
4.1133506390e-03
-3.5778388935e-03
-3.4993587358e-03
-2.0463744144e-04
-4.3894704725e-03
1.5765570592e-03
1.7114965765e-03
-2.0390612109e-03
2.2004892841e-03
4.0243093196e-03
1.3726912468e-03
-3.6192189226e-03
-1.1244615211e-03
-2.6481737093e-03
-1.3999751363e-03
6.8475901641e-04
-3.4624252887e-03
-1.2218051842e-03
3.2147597109e-03
-5.8025211448e-05
-2.7211676200e-03
-1.2692522139e-03
2.2984643962e-03
-4.3790093617e-03
2.0969089345e-03
-2.9182861984e-03
-1.5973848850e-03
-3.2850764415e-03
1.4656791214e-03
1.6515152102e-03
-5.7534780854e-04
3.8636865059e-04
-1.6581875947e-04
-9.4381903566e-05
-3.4550574924e-04
2.8851549435e-03
-2.2354078013e-04
3.2146318539e-03
-2.4357953532e-03
-4.1033850922e-03
2.9079573126e-03
-2.0431736661e-03
-5.5029215920e-04
-1.3291548230e-04
2.2675739540e-03
1.4743582036e-03
-1.5052874086e-03
-1.6020865197e-03
-4.3838802473e-03
-8.0982646082e-04
-1.0684915545e-03
7.1294997987e-04
1.8004285451e-03
4.2488797483e-03
9.6807551804e-03
-7.2704876249e-04
1.7850569144e-04
5.9063165725e-03
-4.9159593007e-03
-4.5120633941e-03
9.6086496286e-04
-2.7414144620e-03
-3.4702921075e-03
4.4039687147e-03
-8.1683333917e-04
-1.2757908044e-03
-4.2853173021e-03
-7.7295277278e-04
-9.4852435757e-04
3.3419033205e-03
-3.9830245518e-03
-1.9594137832e-03
-3.7940465672e-03
1.2754859251e-03
1.0665636720e-03
-4.7991349331e-04
2.1950871886e-03
-8.2974422348e-04
-2.5854103363e-04
3.3054701101e-03
-3.4732845101e-03
3.0899664579e-03
-2.7362223218e-04
1.9683349389e-03
-2.4302289850e-03
-2.1397572891e-03
-3.2779799014e-03
-2.1794058302e-03
1.2040334572e-03
-2.1608023949e-03
-1.6023281202e-03
6.5067358264e-04
-6.5845303639e-03
6.3163470848e-03
-3.7747723769e-03
1.1580956460e-03
1.4288168834e-03
-7.4244024775e-03
3.8470044886e-03
-5.8726490552e-04
1.4143419867e-03
5.3418125067e-04
-1.2108303780e-03
-4.7657624254e-03
-6.3825616670e-04
-4.6986055038e-04
1.8807644818e-03
-2.0089371756e-03
-3.4372458836e-03
-1.2856034843e-04
-3.9980254250e-03
-6.0710293667e-04
-1.6637531011e-03
-4.4311215164e-03
1.6437802174e-03
6.5246471775e-04
8.4913212518e-04
-3.4616746131e-03
2.7944899128e-03
-3.2371143073e-03
8.0939196381e-04
-3.6398337006e-04
-3.4221430890e-04
-4.0323912324e-03
1.1509304486e-03
1.8379846126e-03
1.4039910933e-03
-2.0178295476e-03
-2.2951102223e-03
1.4293247338e-03
-1.5234968805e-03
-1.5070087449e-03
-1.8529618521e-03
1.2838841124e-04
3.7749461363e-03
6.5204631749e-04
-1.4392156075e-03
-2.2262418422e-04
7.7515547678e-03
-4.5974149133e-03
-1.6087467728e-03
2.7843257810e-03
2.5137553717e-03
-1.9653786636e-03
-3.7454399573e-04
-1.6260397362e-03
5.4219539489e-03
1.1956479188e-04
-4.4351546104e-04
1.9554319682e-03
5.8715958558e-03
-4.4667027399e-03
3.4759563416e-03
4.0076088074e-04
-2.2960980149e-03
3.3835648579e-04
-2.4366146675e-03
-2.2509701560e-03
-2.3736179957e-03
-5.0854263162e-04
-4.6782197063e-04
-4.0347619702e-03
4.4171070325e-03
1.1729331540e-02
-3.1762149831e-03
-3.4885224044e-03
-2.7395748285e-03
3.9268724429e-03
4.2060108357e-04
2.7827877690e-03
9.6153791591e-05
1.6355452247e-03
1.6564270401e-04
-2.0896232750e-04
-4.8617841296e-04
-2.0908339405e-03
-6.4950419968e-04
3.1899356665e-03
4.2801723339e-03
-1.9835008947e-03
-2.4687638173e-04
4.5034466981e-03
-2.0334579566e-03
2.4352469367e-03
9.9866051206e-04
2.3265076847e-03
4.2741207485e-03
2.9498387664e-04
-1.9511425089e-03
-1.3525741309e-03
4.0302658422e-04
-1.7863244796e-03
-2.4901102504e-03
1.4179232699e-03
-1.8328786636e-03
2.1040863415e-03
5.9944514588e-03
6.6209332669e-03
-1.4255424281e-03
-5.6239767284e-05
3.4527933610e-03
-5.6643636477e-04
1.6880551593e-03
-2.0217071292e-03
4.1982723028e-04
5.1509501119e-03
-1.0155684425e-03
1.3268651890e-03
8.0170439342e-03
6.2216933850e-03
-1.6123614736e-03
2.3088383618e-03
5.2931360359e-03
-3.1907172488e-03
-8.2942915863e-04
3.2836694401e-03
-2.7776295673e-03
-4.9811802832e-03
-1.7845235881e-03
-1.6673667924e-03
1.4595504102e-03
7.0540681974e-03
2.3185177963e-03
3.8134220116e-03
7.9394432364e-03
-7.6303772210e-03
5.9325557719e-04
3.0723097259e-04
2.3399576278e-04
5.2280365144e-03
2.0305015938e-03
1.8441128681e-03
1.9573831572e-03
6.0296436070e-04
-2.3229633080e-03
-6.3918973085e-04
-1.2795934094e-03
-9.7278964298e-04
-4.4044053862e-03
-4.1355302363e-03
5.5436735664e-03
6.7355715469e-05
-1.7659974403e-03
-5.6538356021e-03
2.1195341641e-03
1.4481623381e-03
-8.8956503934e-04
-5.4783179327e-03
-1.2378746711e-03
-1.8222823818e-03
2.0921477399e-03
3.6815123843e-03
-6.6628258261e-04
1.7306074941e-03
-3.6935415911e-03
-1.1973743495e-03
-3.7487759419e-03
-1.1111355141e-03
-9.4342448516e-04
-5.7225148738e-03
1.7512057456e-03
2.9899367736e-03
-3.4524821360e-03
2.6186205283e-03
1.8359607877e-03
2.1335347406e-03
8.5172933556e-03
8.0841692403e-04
-3.2902833094e-03
2.3213875526e-03
1.5789926881e-03
5.0525377472e-04
-5.0441649423e-03
4.5752793082e-04
-3.8815060078e-04
-4.0623553512e-03
5.1895104427e-03
-3.3295398208e-03
-2.9848408213e-03
-3.9734152095e-03
2.5800742824e-04
7.4436611338e-04
3.8492125996e-04
-2.8566111391e-03
2.1394584488e-03
7.3853755200e-04
5.8727755919e-03
-7.1819973187e-04
-1.1540618299e-03
1.4666635326e-03
1.0020362953e-03
-3.9686154409e-03
7.0670288630e-03
5.2463385318e-03
-2.8481964832e-03
-3.3073010935e-04
9.3785336627e-03
-6.1417916081e-05
-2.8650660455e-03
-2.5105501489e-03
1.0222482761e-03
2.3749879482e-03
4.2449056536e-03
-1.8621088120e-03
1.5290934862e-04
-3.0146805110e-03
-2.6334315910e-03
-3.0072322113e-03
1.5824556507e-03
-2.1267996466e-03
-8.2912821359e-04
-2.5259641039e-03
-3.6701555228e-03
7.3322339383e-07
-2.7930158038e-03
-4.5402943116e-03
-3.5265050966e-03
1.5847242207e-03
-4.5601165318e-03
-1.1823969585e-03
4.0972851595e-03
-5.2578356835e-04
3.5647771011e-04
-3.7865088011e-03
2.5984342993e-03
2.6871716658e-03
-7.2650660707e-04
-3.0960637860e-03
5.7887231921e-03
4.4236468069e-03
5.0256087737e-04
-2.3010770152e-04
-4.0347304091e-03
1.6674286040e-04
4.1611688959e-03
2.0745822931e-03
-1.0695079256e-03
4.5003077312e-03
4.4209688330e-03
-1.6014162132e-03
1.2288084657e-03
-4.1496261478e-03
2.4299754663e-03
-4.1940583742e-03
-1.0203670441e-03
-2.3905401992e-03
-1.7501876106e-03
-5.8421731491e-03
-1.3050441319e-03
-2.1641331682e-03
-1.4260694779e-03
8.0477221116e-03
1.8322824342e-03
-3.7463020699e-03
-3.1625052411e-03
6.8650792970e-03
-3.6240765795e-03
-1.4800458718e-03
-9.8745008757e-04
-2.8738524851e-05
-2.7691683755e-03
2.2658621786e-03
1.0519594686e-03
1.5904581956e-03
3.6423172080e-03
2.5229464915e-03
-3.5965396564e-03
-8.8922180618e-04
1.0528011382e-03
-3.1709640803e-03
-2.2549514129e-03
1.3599909304e-03
1.3093362745e-03
-3.8896297151e-03
-1.8133448174e-03
-1.7635033908e-03
5.1239381779e-04
1.2758113562e-03
-5.9166168470e-03
1.3856138830e-03
-3.0691301323e-03
4.4286580663e-03
-3.9288653983e-03
2.6666023945e-04
8.3957766129e-03
1.1437478931e-03
-3.7597432327e-03
-4.8913985336e-03
-4.0914096733e-03
-7.5024558567e-04
2.4519377311e-03
5.3623783732e-03
-2.9886581388e-03
8.8782030438e-04
3.0797894807e-03
-3.3622222805e-03
-3.4155583237e-03
8.9772572800e-04
-1.7438454309e-03
2.7959972634e-04
2.1787287254e-03
6.0576302055e-04
1.4856446835e-03
-2.6346086429e-03
-2.9042572652e-03
-4.9941404454e-03
-3.0552179852e-03
3.7150257271e-03
5.5765181887e-03
-2.9980490813e-03
1.6055051074e-03
-4.9155968408e-03
1.0117090736e-03
3.9219561377e-03
-5.0892856667e-03
1.3833891567e-03
-7.8012735682e-05
-3.0807836148e-03
2.0279891328e-03
1.6748517296e-03
1.2442326065e-03
2.9588661609e-03
1.2494653871e-03
1.5484288077e-04
-6.0900721674e-03
1.5551918473e-03
2.5119544267e-04
-2.7979675467e-03
-1.8079145238e-05
1.9656610925e-03
1.3939656404e-03
-4.6564193246e-03
7.6812570235e-04
-6.2061687786e-06
-1.3337896105e-03
7.9032552077e-04
4.0978535276e-03
2.4719787196e-03
4.0328739720e-03
2.0942278798e-03
-3.8558709744e-03
-1.5271291258e-03
2.5086116412e-03
1.1283592738e-02
2.3565566270e-03
-1.5933844626e-03
-1.8419989453e-04
-7.5952676559e-04
4.1572611936e-04
4.8301252720e-04
-2.1280679480e-03
1.5767484516e-03
2.4482352948e-03
4.4729007431e-03
-1.0452781440e-03
-1.0924799416e-03
-1.8747375626e-03
-1.6143853672e-03
1.4973987698e-03
-4.1383237829e-03
2.3100279043e-03
-1.4143351059e-03
1.4487290931e-03
5.6134489404e-04
-1.3781441654e-03
-3.3861441716e-03
-4.5965675069e-03
-2.7249557926e-03
2.7988872616e-03
2.9289906601e-03
-1.8732498260e-03
2.8114352273e-03
-9.3540001449e-04
8.6783389676e-04
2.2872967568e-03
5.1947870851e-04
2.3064076336e-03
1.6247750146e-03
-1.4964336160e-03
1.6211300488e-03
-4.8376675601e-03
-2.7277692905e-03
-2.9094587622e-03
-7.9583598607e-04
-1.1717423970e-04
-3.5862091125e-03
-1.0025631781e-03
6.9612044897e-03
2.1802339085e-03
-1.6097007419e-03
-2.4205921892e-03
-7.1740616124e-04
-3.4857271834e-03
-1.2286241208e-03
-2.7858884600e-03
-3.4635636714e-03
-1.2178662424e-03
2.4065205969e-03
-2.2587077711e-03
-1.1001353976e-03
-5.8167754339e-03
-7.2185157719e-04
-3.4345303288e-03
-3.9394038545e-03
7.0021682537e-03
1.4650580313e-03
5.4424142024e-05
2.7724706742e-03
1.3589970567e-03
-2.6863551996e-03
1.9465981318e-03
-4.0352417333e-03
4.4973769782e-03
1.1211878661e-03
-1.8285693788e-03
-3.4304306555e-03
-2.2216115955e-03
2.1065642489e-03
-8.8841563071e-04
-5.3735557785e-03
6.3904551238e-03
-5.0681418417e-03
2.1799688677e-03
-2.4037618387e-03
2.0323901212e-03
3.4862264675e-03
-3.3919943146e-03
-1.3451666726e-03
-3.7919235836e-03
2.2120300929e-03
5.5842692024e-03
2.9535727487e-03
2.4633311958e-03
1.7290433732e-03
-5.8090302890e-03
-9.5634201504e-04
-1.1288029596e-03
2.1187022742e-03
2.5718596823e-03
-3.6083795564e-03
-8.5099221457e-04
-1.0880947055e-03
-3.4463875711e-03
8.8197588261e-04
-4.1935567699e-04
5.4330989890e-03
-1.1292978412e-04
2.8989549534e-03
-3.7990053715e-03
1.8410110239e-03
1.0672901351e-03
-2.6311956576e-04
-4.1350719367e-04
4.0466976963e-03
2.6116872649e-03
-4.1394767474e-04
9.3473956657e-04
-1.3469122952e-03
5.3452984634e-03
4.9388403108e-04
-4.8549150316e-03
-3.7771968222e-04
-3.9356372376e-03
-2.1428200789e-03
-4.6819898815e-03
4.4567959657e-03
-1.0140422409e-03
-6.0513894332e-03
3.7363212583e-03
1.6653061660e-03
9.7883706479e-04
1.5528380284e-03
2.4920584918e-04
-4.1855008189e-03
