8.5800767466e-04
2.6552512755e-03
-2.0142448166e-03
2.1253145897e-03
-2.9537193366e-03
2.8500467185e-03
-3.2416541941e-04
1.2088614053e-03
6.1702050347e-04
1.0350664993e-04
-6.8431613961e-04
-3.9296322284e-03
-1.4920792617e-03
4.1736857786e-04
5.5346813030e-04
-3.3155137402e-03
3.1471419488e-03
-2.1675437049e-03
-1.8406417480e-03
5.3389287305e-04
-3.4905994331e-03
2.6881266316e-03
9.0925986289e-06
5.0111985621e-03
-1.3106069303e-03
-1.6631468295e-03
-6.5596081203e-04
8.9471099182e-04
-4.0253101377e-04
-7.2157076320e-04
-4.3542458112e-04
-1.8608791077e-04
1.0965230109e-03
-7.3358332833e-04
-2.8827412498e-03
-5.0617438729e-04
-1.2866544410e-03
-1.3319219729e-03
-9.4503789602e-04
1.8205140714e-03
-3.8176779826e-04
-1.1703549231e-03
-6.7092170300e-04
7.7000405088e-04
-3.5603520017e-03
2.3619306916e-03
7.8615566495e-04
-2.3786582164e-03
-9.0208242323e-04
1.1103332540e-03
-1.6242578115e-04
-1.7132027107e-03
1.0534772829e-03
-7.2296226331e-04
-7.7243500144e-05
2.6216705658e-03
-1.0806897187e-03
1.5531458329e-03
9.2325194695e-05
-3.9365906975e-04
-1.0440808807e-03
5.4990253881e-03
2.3471755659e-04
1.9241131602e-03
-1.0548167180e-04
-5.5789265928e-04
4.2533288910e-03
-3.0536537383e-04
-3.7669111347e-03
4.4324334795e-04
1.1440183844e-03
1.8264624205e-03
-8.8198505923e-04
1.4440391637e-03
-7.7694796287e-04
-6.1015959944e-04
1.7463555511e-03
3.6782919205e-04
3.8646433295e-04
1.5104759598e-05
3.4924771972e-03
2.3871632036e-03
-1.2526686847e-03
1.7851550210e-03
-4.8758925720e-04
-2.6164480029e-03
1.6417709643e-03
-2.1729529529e-04
-3.6513800287e-04
2.5395004822e-03
1.3772109975e-03
2.5690411372e-03
6.7330166026e-04
-2.1646839302e-03
5.9832077347e-04
1.7445023016e-03
-3.4902879891e-03
1.9145857081e-03
-6.7657932382e-04
9.3451360018e-04
-7.3417182983e-04
2.8400844691e-03
2.4995536227e-03
1.1396789558e-03
-2.4281981214e-03
-3.1732540337e-05
2.8775942291e-03
-1.5522807361e-04
-9.6869477754e-04
5.8834026811e-04
7.1754359680e-05
-1.6988917348e-03
3.3970898463e-03
-8.3440248346e-04
4.0999524091e-03
-4.9902050406e-05
-1.4723547416e-03
-3.8704361661e-04
4.2984317061e-04
-2.7599433589e-03
9.1816566095e-04
2.7676419456e-03
-9.6641075088e-04
-2.0538070763e-03
-1.2709248155e-03
-1.4651044499e-04
2.7504902213e-03
3.0391201216e-03
-1.4376246895e-04
1.9139279366e-03
-2.3901361663e-03
-2.4717790317e-03
-3.5748685676e-03
5.5230737337e-03
-2.6698910829e-03
-5.6209338582e-04
8.3193570195e-04
-9.2071135658e-04
1.1705937116e-03
1.0053062403e-03
-6.5300009245e-04
1.6799230760e-03
-2.1231915424e-03
1.8736485593e-03
6.0083397665e-04
-3.8935220036e-03
-5.5894396727e-04
-1.8105400859e-03
3.8559361531e-03
-1.3978152772e-03
-2.9297940940e-03
-8.7644862452e-04
1.6215923838e-03
-1.5027978377e-03
-9.1691623704e-04
-4.6599554214e-04
8.6115401447e-04
-4.3159163730e-05
6.8751028026e-04
-1.7143479092e-05
-1.7035846428e-03
1.6347643026e-03
1.4851010929e-03
-2.9281412464e-03
-2.9217007220e-04
3.0783136326e-03
-7.3899575995e-04
-3.0546964613e-03
2.8662673221e-05
-1.8124523921e-03
6.7498564663e-05
-3.9932012426e-03
-2.0108313264e-03
-1.7073256691e-04
-1.9069520362e-03
-2.3415944998e-03
-1.4231800102e-03
-1.9370187133e-03
1.6388157603e-03
6.6426317190e-04
-2.8906498452e-04
-2.2198425351e-04
-1.8726603725e-03
-9.1166249098e-04
4.9308033997e-04
1.3392950914e-03
1.6764998072e-03
1.0524410928e-03
-2.7298728572e-04
-1.6072633612e-03
-8.1653133324e-04
6.6919468391e-04
2.5744492593e-04
-3.1096677395e-03
5.3935292024e-04
-1.4851714293e-03
1.2728459606e-03
-9.3977132330e-04
3.6336207306e-03
-5.6856888831e-04
-4.6705980022e-04
-1.8756157870e-03
-1.4098909042e-03
1.2590548297e-03
9.9234271330e-05
2.4336728001e-03
7.4065866250e-04
3.0119091525e-04
-2.9036915143e-03
-7.4085763352e-04
2.1608289857e-03
2.1710695901e-03
7.2337981855e-04
9.4892531213e-04
1.7981454809e-03
-1.4842542970e-03
1.5839462541e-03
-2.0351819230e-03
-1.2750096010e-03
-1.8279597910e-03
-2.7057384286e-03
1.0215718385e-03
1.9103684004e-04
-8.5083820741e-04
1.9794858230e-04
-1.5025659544e-03
-3.5930792379e-03
1.6907734884e-04
6.8323012618e-04
-2.7327286569e-03
-4.9203526138e-04
-1.0136807726e-03
-1.4937802329e-03
-1.3285240140e-03
2.2008385537e-03
-2.8223583131e-03
-3.1994117397e-03
-3.1229482492e-03
4.5852310351e-04
-1.7251328976e-03
-1.3953565183e-03
4.1342160143e-03
-1.9631707971e-03
9.5383739189e-04
-2.5785156441e-03
4.3243755433e-03
2.7784305435e-03
-3.1219623972e-03
7.9244527666e-04
3.8836285776e-03
-1.6286233654e-03
-2.8892758466e-03
1.6486418859e-03
8.2446598832e-04
3.0566637787e-03
-8.5743126026e-05
1.5564002032e-03
1.0851242981e-04
-2.0677679375e-03
-1.2072488209e-03
-1.3861555636e-03
-5.8618521859e-04
-2.9871642518e-03
-1.3809297435e-03
1.3072645661e-03
-2.3667424765e-03
-1.3123653841e-03
-3.9917448501e-04
-1.1615270615e-03
2.9380572648e-03
-1.4230382581e-04
1.1689990924e-03
2.4838940843e-03
-1.3146462324e-03
-1.6190267085e-04
-1.5661262541e-03
-2.5446926826e-03
2.1778090884e-03
-2.3989186402e-03
-3.8057175042e-04
1.8565648383e-03
1.7396479551e-03
1.4186794682e-04
8.0899632883e-04
2.1679174925e-03
1.7160825954e-03
-4.9005426401e-04
-5.0390866092e-04
9.1360415543e-04
1.7961819089e-03
1.6613518213e-03
1.0065781558e-04
-2.3721535143e-03
-8.0474070823e-04
2.2694952551e-04
-4.5965570252e-04
1.4371274969e-03
-1.2463953004e-04
-1.4970939107e-03
3.4509780874e-03
9.3292035633e-04
1.4548420464e-03
-3.8492427107e-04
2.0932815800e-03
-3.3763512140e-04
1.6522791502e-03
2.9418490960e-03
-1.4026656452e-03
-5.4112789578e-04
-2.5765419323e-03
1.6316076078e-04
2.6242266592e-04
-2.9247741766e-03
-8.5257739182e-04
-2.1373543764e-04
4.0739914614e-04
-2.1737621550e-03
2.5487422058e-03
-1.0148882884e-03
1.2844863484e-03
1.2128238806e-03
1.4220314415e-04
-2.3801683544e-03
1.0640784126e-03
4.0125581044e-03
-2.1657694299e-03
-2.8666228035e-03
-5.2987193679e-05
-3.6056183676e-03
-5.0852634387e-04
-1.7112588010e-03
-2.1576483957e-03
1.0348616568e-03
2.6960435516e-03
-1.8834336875e-03
-2.5998440063e-03
2.5544522940e-03
3.4663405966e-03
-1.8478489953e-03
-2.6426707396e-03
-1.2928219853e-03
2.4350756628e-03
-1.0894461981e-03
1.2897813468e-03
1.2170813897e-04
-1.2291331270e-04
-1.7456787647e-03
-1.5712940363e-03
1.7450486980e-03
-7.8977122681e-04
-3.8782009222e-04
-6.0204393989e-04
9.0841272659e-04
-1.9311939181e-03
-1.4784060470e-03
1.5711307725e-03
-1.9121511499e-03
2.9699807256e-03
4.1739729433e-03
7.1959843281e-04
-7.9290219721e-04
-2.0031384777e-03
-2.2465756605e-03
1.1382036030e-04
6.6339030903e-04
-8.5886282561e-04
-1.0915527882e-03
-1.5897852674e-03
-1.5313150085e-03
-7.4152354204e-04
-2.4087824301e-03
-1.3065806459e-03
1.8879954646e-03
1.4953757748e-03
3.1318647378e-03
1.9681279948e-03
6.1499980902e-03
1.7090633350e-03
-2.6489488292e-03
-1.6584915127e-04
4.4640697137e-03
2.9159042841e-03
-3.8341894615e-03
5.1955194398e-04
7.0100854099e-06
1.0762096634e-03
-4.0495030866e-04
8.4467444494e-04
-3.0515510993e-03
-6.7571425474e-04
-1.2951139145e-04
-2.6813911272e-04
1.9023628815e-03
-3.2329073340e-04
-2.1609386360e-03
-1.7338152821e-03
2.5069150140e-03
-8.9649364152e-04
1.1718265061e-05
-2.1709968220e-03
-2.3031791817e-03
5.7593153084e-04
-1.4461337714e-03
1.8344455581e-03
-6.0956423773e-04
-2.5754091751e-03
3.5587064216e-04
1.4851898612e-04
-5.6862579470e-04
-4.5615786449e-04
-2.5289049950e-03
1.5243769401e-03
-9.1837638010e-04
7.9928188712e-04
-9.9394998748e-04
8.6119887474e-04
6.1469819367e-04
-2.4376180642e-03
1.7922748049e-03
2.2827785795e-03
-1.8737112704e-03
3.9520132208e-04
-7.0026254280e-04
2.5021206366e-03
1.4975088405e-03
-4.8952286083e-04
-1.4461559836e-03
7.6998498338e-04
-8.0162201436e-04
5.1060746171e-04
-1.3504682867e-03
-1.1683721117e-03
-1.5929406821e-03
-5.6709352688e-04
-6.2160770686e-04
2.8850657426e-04
-1.8416194142e-04
-7.5631477096e-04
-6.2632992929e-04
-1.6046338189e-03
-9.5030554847e-04
2.9941917323e-03
2.2596652811e-04
-1.4162124180e-03
6.5451398149e-04
6.4421901488e-04
3.3313060806e-03
1.6173803885e-03
-6.8394114179e-04
-8.8868475075e-04
3.5581981396e-03
-1.3263333110e-03
-1.9799787286e-03
-3.0946587426e-03
1.6249653887e-03
-1.9166829478e-03
-7.7979023505e-06
2.8115164358e-03
-8.7491963773e-04
-4.4570714076e-04
1.7648006629e-03
-1.0497219633e-03
1.1134722112e-03
1.6394673180e-05
3.7160279574e-04
1.5136825600e-05
-1.1315923592e-03
1.0565286877e-03
-8.9564180519e-05
-2.8805798422e-04
4.5403384741e-03
1.4310775657e-04
1.3967384899e-03
-6.5106537900e-04
3.8709213301e-03
1.6707851957e-03
-1.0642015726e-04
-1.1313117202e-03
-1.7757245530e-03
1.2052142504e-03
-2.5586320141e-03
-1.4735713599e-04
-4.1578113052e-04
1.4160029598e-03
-2.5854842883e-03
2.5054518275e-03
-1.2926496747e-03
6.9930625735e-04
5.0729169801e-03
4.6930032528e-04
2.5280376936e-03
1.0910743424e-03
8.6742071668e-05
-1.1442605378e-03
-1.3407420202e-03
-4.8299614899e-05
5.7460339713e-04
-1.5060515355e-03
-8.6498209531e-04
-4.0179785613e-04
2.1494631696e-04
-1.5464295600e-03
-6.7876152550e-04
1.0157541614e-04
1.7002222281e-03
-1.6020595717e-03
1.7712183725e-03
3.5079245014e-03
1.1989501483e-03
4.4789079296e-04
-4.8379479934e-05
-1.4194323232e-03
-1.8366941689e-03
1.6203861441e-03
-3.2528613937e-04
-2.1803957826e-03
-1.2835372817e-04
-1.4811735478e-03
-2.3806218100e-03
-6.4890425311e-04
-2.2529650633e-03
-1.2620004507e-03
7.8081836750e-05
1.1676512693e-03
1.1348497240e-04
1.9716474638e-03
-3.4365104609e-04
-4.1550839825e-04
3.6394428834e-03
-1.8246734158e-03
2.3649955755e-03
-2.2571092864e-03
6.1286265174e-05
-1.4994742857e-04
-2.2026932221e-03
6.3357120744e-04
3.1393983638e-03
-1.5176983977e-03
-3.5133822485e-03
2.0333205618e-03
1.3668582693e-03
-4.9660276940e-04
9.6869228408e-04
1.9066810419e-03
2.8430473040e-03
-1.9061587955e-03
-1.3123734671e-03
5.5599867394e-04
2.7681747933e-04
-1.7939484801e-03
-2.2140894763e-03
-1.1668568324e-03
3.2051099928e-03
-1.3553038054e-03
-1.1241958421e-03
-9.5736510996e-04
3.1022241169e-03
-8.8385084093e-05
-3.4910815855e-03
-8.2124744913e-04
2.3204764713e-03
-3.3833430681e-04
1.5625325300e-03
-3.2541683943e-04
-7.7653029685e-05
4.3285129029e-04
-1.9779543084e-03
1.6949898291e-03
-5.7053856529e-04
-4.1805982786e-04
-1.5212210124e-03
-3.2766245720e-03
-7.3893384967e-04
8.8622173274e-05
9.7501558072e-04
1.6950333960e-03
-2.2016739948e-06
-1.5857806635e-03
-8.5936393036e-04
-2.3333953495e-03
1.1545933772e-04
-3.0650868224e-03
-2.9098491981e-04
-1.1997721355e-04
-1.8337790130e-03
-8.6237152052e-04
7.0434770191e-04
-3.3414987018e-03
1.5964099668e-03
-1.5486562415e-05
-1.2436727852e-03
-1.5469817295e-03
1.3106476266e-03
-5.2353380023e-04
1.1691849305e-03
1.6982974944e-03
2.3326356079e-03
1.1624166077e-03
-1.3238729994e-03
-6.2369039083e-04
-4.2967866910e-05
-1.4238351313e-03
3.1411569527e-03
-2.4035793915e-03
-9.3146742544e-04
-1.8535729023e-03
-2.0838741492e-03
-1.2398370644e-03
1.2437724357e-03
1.5810920271e-04
-2.0381138021e-04
-7.7820480343e-04
-2.4010582439e-03
-6.2684288814e-04
4.9868822798e-03
1.6386714030e-03
-1.4610965278e-03
9.6735859946e-05
-2.2223950294e-03
-1.6039637650e-03
-1.3364764690e-03
-1.2480688730e-03
2.8684309865e-03
1.7673155134e-03
2.3084572374e-04
-3.0797731845e-03
3.7109232864e-04
-7.3954350158e-04
1.7833875140e-03
-4.9238777275e-04
-1.9945344128e-03
2.9548529275e-03
-1.9017727947e-03
4.3077049569e-04
-1.5275382231e-03
5.9467059688e-05
1.1864366518e-04
2.2454134776e-03
1.3830522677e-03
-1.7092840086e-03
-8.5817617699e-04
2.3910832305e-03
-2.4350450663e-03
7.3827581956e-06
9.7479626158e-04
2.1909408913e-04
-1.5752699530e-03
-1.8087470307e-04
-1.8261295335e-03
-9.6363063456e-04
-2.9981406435e-03
-1.1099893124e-03
3.5682213147e-03
2.7888552521e-03
-6.7551405502e-05
-1.3926712751e-03
1.0203482951e-03
-9.8523631386e-04
3.3399246837e-04
3.8163000202e-03
-2.2494760826e-03
-4.7911044737e-05
-1.0565851684e-03
-1.2113982854e-03
5.6709459812e-04
7.9996934324e-04
1.1924813201e-03
9.0717444652e-04
-2.3185707029e-03
8.0818212998e-04
3.9741735981e-04
3.8778387013e-04
-1.9350684906e-03
1.8118353092e-03
-3.0149838609e-03
-3.7582456944e-04
1.2667177179e-03
-3.6738177816e-03
1.9638978839e-04
7.9093802591e-04
-1.8986434252e-03
1.4898717796e-03
-8.9335069588e-04
-1.0325867909e-03
4.8266269572e-03
3.2981195662e-03
5.6814698805e-04
2.6124009863e-03
3.0180602671e-03
3.5614796267e-04
2.1733596781e-03
-5.4179747676e-04
-9.1341997423e-05
-3.1674953846e-03
-1.4249805430e-04
1.6534048661e-04
-1.2512224803e-03
3.6216791897e-03
8.9903851984e-04
-4.4971157911e-04
-1.5875695675e-03
3.3496503724e-03
-3.8845901553e-04
2.4526667792e-03
-1.5456783534e-03
-1.8012859490e-03
-5.4632367963e-04
-2.7267013904e-04
1.0588338383e-04
-1.9175636987e-04
3.6429546899e-03
-3.4851508471e-05
-1.6285227973e-04
-8.2195554849e-04
-2.6694669419e-03
2.6335345552e-03
-7.6991595763e-04
-8.2720223979e-04
3.7048146181e-03
-2.3243077906e-03
8.8199633097e-04
-2.5525346373e-03
-2.0945936324e-03
-1.7132911428e-03
-5.3278600081e-04
-7.8328430658e-04
1.9317607387e-04
-7.0459146636e-04
2.1956469621e-03
-1.0706064055e-03
-6.5879293361e-04
2.2116633545e-03
-1.3114144165e-03
-2.9145584731e-04
9.6043777694e-04
-1.0958635956e-03
-1.7685322705e-03
-1.2962128617e-03
3.5705120234e-03
-5.2979491589e-04
-1.6727434096e-03
-1.7221097053e-04
1.2201321274e-03
-2.8467399190e-03
2.3719347686e-03
-1.5675911059e-03
1.2135206624e-03
-3.9889589048e-05
1.7740822223e-04
8.7998149497e-04
-4.0082822100e-04
-5.8763163002e-04
1.6168384358e-03
-1.1421522468e-03
1.9695435225e-04
-9.7829638841e-04
8.0284777413e-04
2.3674564888e-04
4.9398415148e-04
-3.7582061489e-03
-4.4634863416e-04
-1.1775520812e-03
2.9125245284e-04
-8.7903990728e-04
1.5135856296e-03
-1.5770980368e-03
-2.8718809937e-03
1.1659641359e-03
-3.1332316190e-04
1.5517897687e-03
-9.0376854801e-04
2.8052276539e-05
2.2204144503e-03
-5.0214826487e-04
2.9192251426e-03
-3.5573063750e-04
-1.0769417083e-03
-2.7044132190e-03
-2.0353368706e-03
1.7239799625e-03
1.0530301616e-03
2.2127495829e-03
-1.6814445203e-03
-5.3964161223e-04
-1.4841893466e-03
-2.6878716723e-03
2.7423177033e-03
5.9025158320e-04
2.9694942872e-03
2.4977163547e-03
1.1812913860e-03
-6.9761435368e-05
-2.8313509238e-04
-2.9868845122e-04
2.4742200576e-04
7.1056158740e-04
-3.4158265879e-05
8.2366734397e-04
-3.4852506446e-04
2.6552994321e-05
9.3258697296e-04
-4.2903995426e-04
7.2985047664e-04
-5.4160463000e-04
1.3647601835e-03
-7.9502092897e-04
-2.3033348990e-04
-6.9446657523e-04
2.7099812327e-04
-1.7021757396e-03
-2.3025534399e-03
4.5571745708e-03
-6.8382644895e-05
9.1128545507e-04
2.4912494637e-04
2.5614760127e-03
2.4190300458e-03
2.4465018505e-04
-1.8267262496e-03
-5.4247867558e-04
4.0430865904e-04
-9.4207163506e-04
2.1587482686e-03
-2.2153900235e-03
-8.5771872761e-04
-3.8736983563e-05
2.5193944189e-03
-1.2682781269e-03
4.1075778172e-04
8.1009644981e-04
-2.1886235979e-03
-1.1074928311e-03
-1.5582033134e-03
-7.5978299983e-04
-2.3242310744e-03
1.2959611059e-03
2.4746412453e-05
9.8099887257e-05
2.8600865459e-03
-3.3421665395e-03
-7.7005749056e-05
-1.2720865406e-03
-2.3270936008e-04
-2.3773999063e-03
-1.0261189635e-03
5.5990677040e-03
9.5364136865e-04
2.5583627785e-03
1.7616538657e-03
1.6928105448e-03
2.7471035305e-03
-1.0402122598e-03
-4.6423582444e-04
2.3971640927e-04
-8.2716042725e-04
1.5681082100e-03
9.0731473392e-04
-6.1425963465e-04
4.6096273883e-03
-2.7294845527e-03
-4.7828382596e-04
-1.9924823743e-03
-1.9397531601e-03
-4.5381607256e-04
-1.9122805603e-03
3.4350762766e-04
-3.8392624020e-04
1.9286744370e-03
-5.9878456836e-04
-8.4792360916e-04
-1.3060951837e-03
1.6625430051e-03
-2.5933674071e-03
5.2804370997e-03
1.2646671162e-03
-1.8419732107e-03
-1.2650175798e-03
1.3229892232e-03
3.1046248699e-03
-2.6818453674e-04
-4.6162695445e-04
4.0445032979e-03
-1.5487042907e-03
-1.6063566137e-03
-6.5733280365e-04
-1.6250758784e-03
-3.4964953230e-04
-1.3998161821e-03
1.9414280342e-03
3.4608100185e-03
1.8245706689e-03
1.7779533935e-03
-7.0053951569e-04
1.5225888927e-03
8.2213331167e-04
-4.7071744961e-03
-2.9531979841e-03
-2.4832575632e-03
2.1403373864e-03
-1.4729923258e-03
-1.8038222159e-03
-8.3055880197e-04
-3.9443416226e-04
3.6220918048e-04
3.6948199463e-04
-6.7761706188e-04
3.0836748436e-03
1.8393532524e-03
5.2469290431e-04
-3.2140960032e-03
5.9582292638e-04
2.5482160429e-03
-9.6699578362e-04
1.5553021602e-03
1.0477091012e-03
-1.5678428879e-03
-1.3977953806e-03
-9.9025607864e-04
-1.2945307932e-03
1.2693351995e-03
-1.6305060136e-03
-4.0952395930e-04
8.7938809154e-04
1.0012293737e-03
-2.2493572959e-03
1.5239488102e-03
1.6126068230e-03
8.9084708971e-04
1.5215762116e-03
-1.8147105121e-03
-3.9153444761e-03
-1.2623055783e-03
-2.1735071544e-04
4.8668292070e-04
-5.6470897744e-04
2.2790709895e-04
-3.7655928327e-04
-2.4144607300e-04
-6.6858162294e-04
-1.7712100015e-03
2.7556705869e-03
-1.1773238326e-03
4.7743272624e-04
1.7749304669e-03
-5.0821265047e-04
1.5019003832e-03
-2.2863682363e-03
3.3986613884e-03
-8.6704779879e-04
-1.2361317676e-03
7.1099621037e-04
-2.0698304711e-03
4.5750239450e-05
-5.3273232190e-04
1.1653215154e-03
5.1755193525e-04
3.1242319076e-03
1.2708679619e-03
1.8749969107e-03
9.0183927492e-04
-1.0081985652e-03
-1.4703837282e-03
-4.7147083864e-04
3.0123973634e-03
-1.7672964945e-04
-2.1922904970e-03
4.7129071333e-04
-1.6028966808e-03
-9.0538565293e-04
-2.5037276522e-05
-2.1533183993e-04
6.9980405423e-04
1.6858196512e-03
-1.8757479407e-03
-3.7178004080e-03
5.6141039043e-04
1.1709945033e-03
-1.0947141785e-03
7.0157560593e-04
-1.8076878511e-03
1.7370635276e-03
-2.3153051852e-03
-3.6317419267e-04
1.1736298333e-03
-5.2469205239e-04
6.4838181929e-04
-2.2089558395e-03
-4.2362640411e-03
-2.9954506499e-03
2.8096146701e-03
9.0297501237e-04
-1.0841246764e-03
1.5251802828e-04
-1.5827042429e-03
5.6438437031e-05
1.0057388278e-03
-2.3966658644e-03
1.1185229655e-03
-4.6152996391e-04
-1.1205246102e-03
2.5517625281e-04
1.6770564065e-03
-3.6721350905e-04
-7.1691943517e-04
-3.2685582774e-04
-2.6013212276e-03
1.3362891045e-04
5.1619401356e-04
-1.2561180113e-03
-3.1012107979e-04
-2.9191938632e-03
-2.9364123219e-04
1.1917581551e-04
-1.0921254320e-04
7.9978006906e-04
3.9587397432e-03
5.4771239995e-04
-6.1078263483e-04
-6.3273152484e-04
-6.9233217147e-04
2.3205350681e-03
-2.7754967402e-03
-3.6163637844e-03
-6.2567692591e-04
3.4505532787e-03
-4.8187436599e-04
-1.4225696735e-03
5.8201166752e-04
3.1424607047e-03
1.6501177593e-03
1.5999314140e-03
1.1466173888e-03
-2.8712723384e-04
5.4721235069e-04
-2.3511935548e-04
-2.4451256144e-03
-6.8283870330e-04
-1.0001939074e-03
1.2943491319e-03
-5.4049566479e-04
-8.9696334878e-04
-1.8890948041e-04
-1.0051409960e-03
4.1063081340e-04
2.4012483986e-03
4.4242738777e-04
1.8305784477e-03
-9.8366638724e-04
1.2481959848e-03
1.3643409022e-03
-1.6534809490e-04
1.0746831471e-03
-1.4209595978e-04
-8.0203087745e-04
1.8673301314e-03
-1.7987598221e-03
-2.8123096384e-03
3.4131082573e-05
2.5860771358e-03
-1.6799529294e-03
3.9332755519e-03
-1.2996111036e-03
-8.5447285994e-05
7.5050686999e-04
-1.6095829713e-03
3.1427718891e-03
-2.5066884683e-03
-2.1641121186e-03
-2.1240427464e-03
2.4704999942e-03
8.1693063359e-05
6.1819456442e-03
1.8074451745e-03
-1.5846065120e-03
-5.0961156322e-05
-5.7625472203e-04
2.7772424069e-04
5.4126329307e-04
3.6446763244e-03
-1.0168014912e-03
-4.0005936501e-04
1.9809478957e-03
7.6686630946e-04
2.3928123963e-03
-9.8972451510e-04
-1.7767825314e-03
2.7015494780e-03
-1.6647159426e-04
-5.4238835528e-04
-8.7438229621e-04
-2.5579129917e-04
-1.5078640637e-03
-5.7109994925e-04
3.1387602331e-03
1.6624617106e-03
-3.8729535998e-04
-1.3419998931e-03
2.2611722361e-03
-5.7105492842e-04
-3.3932202561e-06
2.8803233420e-03
6.3611706129e-05
4.4547872600e-04
4.2316888870e-04
2.4643986569e-03
3.6101767339e-04
2.2628883025e-03
-1.1260221589e-03
-1.1957633563e-03
-5.7436469071e-04
-1.1546559940e-03
2.4150237802e-04
-5.7181766307e-04
-1.9447941185e-03
3.5379264836e-03
2.1386756476e-03
-3.3494660588e-03
2.3140362401e-04
7.2867288719e-04
-1.1698672456e-03
9.8284656763e-04
-3.0306600431e-04
-9.6575078323e-04
1.2545381161e-03
-1.6235252043e-03
1.2455597319e-03
1.5952195157e-03
9.5955127424e-04
-1.5700159583e-03
-4.0605829522e-04
-1.2140574198e-03
-2.6095671220e-04
-2.0031578771e-03
2.7709255618e-04
1.8223155515e-03
-1.1054113841e-03
1.8257601985e-03
-9.1456448474e-04
1.0893469398e-03
2.1839354789e-04
-8.9870456645e-04
4.3396217169e-03
4.4151323305e-03
1.0312253631e-03
1.7641759241e-03
9.0440801944e-04
5.9661575239e-04
-1.1020835832e-03
1.5960561125e-03
-2.0432105406e-03
-5.5860166415e-04
4.2123485402e-04
-9.1481626418e-04
-1.7206117680e-03
4.2046386354e-04
-1.1508242087e-03
-1.9987950371e-04
6.4094453132e-04
-1.8316795007e-03
-2.0811341580e-03
-2.9300925706e-04
-1.4918611716e-03
-4.8211910415e-04
-1.7487569252e-03
1.4776544128e-03
-1.9506498566e-04
-2.9555712531e-05
1.5547296828e-03
-3.6969491484e-03
-1.3877141197e-03
-1.7770089139e-03
1.5081604822e-03
9.9641682646e-04
1.2459703897e-03
-2.0076929901e-04
1.3027414898e-03
-2.7248845640e-03
3.0982616281e-03
-2.2581173536e-03
1.9131660264e-03
-2.3509552133e-03
-2.9911834076e-03
3.0500579933e-04
-9.5199869226e-04
1.2861920542e-03
7.5587632842e-05
-6.9125801338e-04
8.2776320559e-04
-1.8397005052e-03
-2.6946971353e-03
-8.8797980997e-04
-1.9256928632e-03
-2.9172793888e-04
1.0118888280e-03
1.5949218696e-03
-3.3640184884e-05
-2.1595585022e-03
3.0327386554e-03
3.5905159408e-04
2.2541923299e-03
7.0520877091e-04
1.1952960851e-03
1.0353962277e-03
-3.1768123467e-05
-1.5733815161e-03
-5.4212894869e-04
6.6207138418e-04
2.2282190256e-04
-1.9669287932e-04
2.7944404080e-03
-1.8566245327e-03
2.9502887223e-04
-7.8346030570e-05
-1.1023153230e-03
3.4809042591e-03
-4.4884126516e-05
1.8957816217e-04
1.6032514538e-05
7.6288497191e-04
-2.1985576454e-03
7.4433563076e-05
-1.4277292552e-04
1.1969846863e-03
-1.9949324014e-03
1.4228703094e-03
-2.4460753565e-03
5.7783504499e-04
-1.3959061240e-03
-1.6045429559e-03
-1.8928313897e-03
-2.0740975506e-03
2.2051202078e-03
1.0653831995e-03
2.1582364849e-03
2.6231096552e-03
1.8077473591e-03
1.6025087012e-03
-1.4474254114e-03
-1.4417158141e-03
-5.2818791087e-05
3.2745498312e-03
9.0531176842e-04
-1.1244369341e-03
-1.1776255894e-03
-9.1427739312e-04
1.9739868377e-04
-1.0817380349e-03
2.8761754798e-03
-1.8109890666e-03
-4.0263009381e-04
2.0910859441e-03
-5.2865835235e-04
2.3238503623e-03
9.4294403774e-05
3.1819390085e-04
-1.2532308337e-03
-1.8286216883e-03
9.2768094646e-04
-6.2441355883e-04
-2.2459222139e-03
1.8911424801e-03
1.0705401686e-03
2.1987201313e-03
-2.0300696596e-03
-4.4835488541e-04
-2.9386027963e-03
-1.2020347630e-03
5.8472318587e-04
4.8644073727e-04
-1.4477173391e-03
-1.4917730797e-03
-1.5665990815e-03
-1.7868359568e-03
-1.8234480683e-03
-1.5226919000e-04
-6.2387323181e-05
-2.0517500824e-03
-1.9146791674e-03
1.4337900111e-03
-2.5732070593e-03
-2.4283486459e-04
-1.9615628553e-04
1.2735545884e-03
-6.2966265050e-04
-1.9452832341e-03
1.3731118429e-03
-1.1571665548e-03
-1.1068391071e-04
-1.8609770413e-03
1.1697194781e-03
1.2883713005e-04
6.7310210687e-04
-2.2625863128e-03
-1.8108596643e-04
-8.8510922597e-04
-1.5279057979e-03
-5.1676645466e-04
-2.1309207631e-03
-2.2515467155e-03
2.4878420203e-03
-1.2151962403e-03
1.5750543501e-03
-1.3522232980e-03
-9.2606247971e-04
-1.4096289615e-03
8.1027277823e-04
1.8073301161e-03
-1.5914306723e-03
1.6399788585e-03
2.5356296288e-04
-6.7711744014e-05
1.8023735942e-04
8.5307575443e-04
4.5118053261e-04
8.6359227959e-04
9.8367816605e-04
-1.0639760805e-03
4.1493233939e-03
1.1610118371e-03
-2.1791667509e-03
-1.4294531673e-04
6.0004357777e-04
-4.9561075922e-04
-2.0222371850e-03
3.1820778347e-03
-2.7044702712e-03
-1.7893759175e-03
-5.8280019210e-04
-2.2029532634e-03
-7.1728591867e-05
9.4732785961e-04
-6.3071869692e-04
-4.2786436497e-03
7.2780087087e-04
-1.9515886636e-03
-1.4917537486e-03
3.9090711220e-04
-1.0044420405e-03
-3.7803254719e-04
1.1210939745e-03
2.5063296365e-04
1.9987603490e-04
9.7678764530e-04
-2.6221950724e-03
2.1268679541e-04
-2.8561689955e-03
4.7966769802e-04
3.3242143315e-04
5.3218149237e-04
5.8006863124e-04
-5.4421051301e-04
4.1203853954e-04
5.1563015032e-04
-4.1774707804e-05
-5.4744346177e-04
3.2201090158e-03
-2.4858054114e-03
7.7357732320e-04
-6.6566788594e-04
-1.4460811775e-03
-1.6491324374e-03
1.5594562064e-03
-1.3341027209e-03
1.5789673449e-03
-2.1665204613e-03
-1.9289129263e-04
2.0648638250e-04
7.2845014245e-04
-3.2048134048e-04
-1.8750073435e-03
-2.1516195331e-03
-2.9593039838e-04
2.4965627047e-04
-4.9473170953e-04
2.6210313334e-03
1.0673352970e-03
-3.8879209150e-04
-8.5123440455e-04
-1.5935572861e-03
1.5271968010e-03
-6.6456649774e-04
-1.3372785849e-03
3.1325737602e-03
-1.7077861967e-03
-1.7798603768e-03
6.5906716662e-04
-5.2760716638e-04
3.9988519840e-04
-1.0765759336e-03
-1.4505474269e-03
-1.2263654950e-04
1.3893614784e-03
-1.9935852598e-03
-1.0873215484e-04
-9.3062624169e-04
-4.4932109472e-04
-1.2817615231e-03
-8.0329554012e-05
2.3995841545e-03
3.7565076052e-03
1.0475744134e-03
1.5715887305e-03
-2.1305619777e-03
1.3263126305e-03
3.7346195931e-03
-1.0385767433e-03
-2.8038610885e-03
3.9668435861e-04
3.7394358401e-04
4.0438787205e-04
1.2781478169e-03
4.3015654079e-04
3.2782276976e-04
8.2247956217e-04
-1.2508048930e-03
-1.3559195007e-03
-1.5516639489e-03
6.1752324354e-04
-8.7419809287e-04
5.7214480862e-04
-2.8756201195e-03
-5.8020452622e-04
2.2470267252e-03
7.1341310663e-04
4.0479016112e-04
1.1359650727e-03
1.8974356250e-03
-5.0701657520e-04
-1.3847999383e-03
2.3504794796e-03
8.6227139205e-04
1.0570958660e-04
-2.9276810519e-03
-3.0932442060e-04
9.6917977861e-04
-4.4097400962e-04
5.3763981263e-04
1.7517826545e-04
3.5427319847e-04
1.2588906847e-03
2.3269545998e-03
-7.4768497813e-04
-1.7309513299e-03
3.1496565264e-04
-1.5300166793e-03
8.7408572086e-04
-2.2159520996e-03
4.3528075311e-03
2.8814541859e-03
6.1928020693e-04
2.2411782654e-03
-5.8904993893e-04
-9.2218741192e-04
-5.8506031793e-04
-1.0806880940e-03
-1.8355195173e-03
-1.3123960863e-03
2.9778863426e-03
-2.1573787726e-03
1.1033252240e-05
-2.0217886114e-04
6.9085146223e-04
-2.0921763864e-03
-2.9610171939e-04
-2.8064521161e-05
-1.4188803978e-04
1.0982569808e-04
2.9661621509e-03
-1.4343946489e-03
-8.4129928770e-04
1.3488782409e-03
-1.5778562531e-04
-2.0116423843e-03
-2.7605708946e-04
-4.5449753180e-04
1.1407680665e-03
2.9963822739e-03
-1.0163352176e-03
-3.4878052438e-04
1.4015386815e-03
-3.6213137957e-03
-4.2422320999e-04
-8.3537482842e-04
5.7759137045e-04
1.7457081768e-04
2.8304738667e-04
7.3498675732e-04
4.6835625751e-04
1.8099915423e-03
-6.6515024990e-04
-8.7301501089e-04
3.4599417468e-04
2.3823527866e-03
-1.3566549981e-03
-7.9960796761e-04
-3.7352586843e-04
-8.7221997938e-04
-1.2612231461e-03
5.0019047122e-04
-1.0373776955e-03
-7.8213065765e-04
-1.3613978463e-03
-1.3105666770e-03
1.1239723781e-03
3.5183549338e-03
2.2326404270e-03
-3.1393747856e-03
-3.8543455547e-03
2.8157573248e-05
1.3457337935e-03
1.7603647631e-03
5.9988673578e-04
8.9989455969e-04
1.9193952886e-04
3.3060029301e-03
-1.9303132784e-03
-9.5705980216e-04
-2.2404324636e-03
9.1690737104e-05
-8.2086209359e-04
8.9620830675e-04
-3.1044070638e-03
4.5444883048e-05
8.1165151983e-04
-2.4687368844e-03
-9.9312224698e-04
-2.1684521615e-03
1.1958126661e-04
-8.3609146877e-04
-4.5953157323e-04
-1.4445961595e-03
1.4797006867e-03
-1.2804693241e-03
-1.5726549148e-03
-1.1955597845e-03
2.3249467310e-03
8.7681503366e-04
-6.6768975144e-04
-1.0358197339e-03
8.3062932176e-04
1.1490998933e-03
-9.6554415827e-04
-7.0416688511e-04
-3.6222364273e-05
9.2963100463e-04
1.2752164398e-03
-2.0327046062e-03
8.7938681085e-04
-8.9199414987e-05
-6.9495909260e-04
8.6441043191e-04
3.3294344195e-04
-7.3718883790e-04
-7.7694861052e-04
-2.0106041764e-03
1.5681161131e-03
7.9873755539e-04
2.8081871915e-04
6.7428599208e-04
-2.1515760435e-04
1.4763034146e-03
2.0488752707e-03
-3.8527088992e-04
5.7327708517e-04
-3.8966709621e-03
2.0132836083e-04
-2.4155637673e-03
-8.5554808668e-04
-3.0153523798e-03
-3.4156301163e-06
9.0149680038e-07
-6.8045382780e-04
-5.4399919404e-04
-2.9824324170e-03
-4.8181513842e-04
3.4593862759e-03
-1.1606807252e-04
4.7981901841e-04
-1.2888234635e-03
1.6756867757e-04
-1.9353550829e-04
-7.6096338293e-04
1.5471290220e-03
3.7354271421e-03
-2.3356415974e-04
-1.1193776649e-03
-5.8610469092e-06
2.1763483496e-03
-1.3748318048e-03
7.1787756273e-04
4.3240145014e-03
-2.0109898892e-03
-4.3082005219e-04
-2.1204929580e-03
1.1589618821e-04
-5.0911878360e-04
2.0949378429e-03
1.9080076580e-03
-1.2265455073e-04
1.9776487050e-03
-1.8284378581e-04
6.7513425372e-04
1.8059982796e-03
1.8129420867e-03
-1.7305997750e-03
-1.2711643553e-03
-1.6819337777e-03
-4.5898249091e-04
-1.7495271108e-03
8.3347843715e-04
1.6565831342e-03
1.0786793910e-03
3.1514655802e-03
4.0962046187e-03
1.0750785435e-04
2.3964100246e-04
-2.2894778488e-03
-1.8922454868e-03
5.6257878013e-04
-7.7478878087e-04
8.2291755421e-04
-3.3086026796e-03
1.7242164276e-03
8.1467459813e-04
-8.4562588196e-05
-1.1867826871e-03
-2.2795635381e-03
-5.1946118738e-04
-2.6142870852e-03
-2.4666503369e-04
-1.9790752597e-04
-2.0740214268e-03
-8.7699854319e-04
-5.7570096238e-04
1.3880899558e-03
-4.2912424784e-03
2.5207418908e-03
1.5344549682e-03
-1.7510462315e-03
1.7004254703e-03
5.1119040481e-03
1.8443016812e-03
3.4956956145e-03
2.5779023245e-03
-2.5291897674e-04
3.4952143111e-04
-2.7407837588e-04
-1.8147495868e-03
8.6019556639e-04
-2.8357750475e-05
4.0976836625e-03
4.8000896379e-04
2.5029746348e-03
5.4782285623e-04
-6.8283552946e-04
-1.0199626000e-03
4.5633500916e-04
3.1545266408e-03
4.4630109878e-04
-2.9315347224e-04
1.1971371218e-04
-2.7727952033e-03
-9.7424756464e-04
-8.4666799694e-04
-5.4798074343e-04
2.7540778540e-04
-2.5207277939e-03
-1.7182624622e-03
-1.3646490244e-03
-1.4599894609e-03
4.1636467757e-04
-2.5983840538e-03
2.7674723882e-03
3.3505386871e-05
-3.7177098892e-04
2.8809197340e-05
2.1708741563e-03
-1.7478662833e-03
3.1451018930e-03
3.2546533525e-03
-1.5791018625e-03
2.7901875688e-03
1.9663071276e-03
-1.2087822152e-04
1.2454610058e-03
1.0269631405e-03
-2.6870974202e-04
1.0055475557e-03
4.5668241812e-04
1.7948522742e-03
-1.6294478744e-03
1.3560587392e-03
5.1289810733e-04
-5.4481745828e-04
-4.3759621249e-04
-6.3217637064e-04
3.0650435087e-03
-2.9596371797e-03
-2.0808263057e-03
-5.5032440737e-04
3.6456261556e-03
-1.3111933889e-03
-2.9779728560e-04
1.0788549249e-03
-1.0489120866e-03
-1.1569822622e-03
5.3842873971e-03
8.3298048611e-04
7.0020560551e-04
-2.4633321026e-04
3.3735367047e-05
-6.9675996704e-04
5.4712236556e-04
-1.9887444101e-04
2.4074474920e-03
7.3366600204e-04
2.5042894683e-03
-1.5534092093e-03
-1.1905493188e-03
1.1700107881e-03
4.8945142322e-03
2.3603199496e-03
1.1847183586e-03
3.4874692319e-03
5.9899994054e-04
-3.8705021688e-05
-2.0196503120e-03
-6.2871670360e-05
-1.9835434132e-04
-4.2120061626e-04
-1.3820216296e-03
3.0474457584e-04
3.7160970026e-03
-2.1901194180e-03
-7.6962189414e-04
-1.3375514782e-03
-1.6145348958e-04
-4.3721378168e-04
-3.1674155798e-03
6.5806774348e-04
-1.1605210142e-03
-1.0408493289e-03
-1.1370084508e-03
1.7604955505e-03
3.1006396910e-04
-2.1083663701e-03
1.0570091295e-03
-1.9923059976e-03
-1.4071610993e-03
3.0218549850e-03
2.1982447927e-03
7.2254990977e-04
4.5797156870e-04
1.9940392247e-04
8.5927432851e-04
4.3476879774e-03
-3.2511863312e-03
-3.1483108255e-03
4.4300496865e-04
1.4873087557e-04
1.1178433506e-03
4.1326666269e-03
-1.7654360463e-03
6.6652721316e-04
-1.2774543048e-03
-2.1005690335e-03
1.8626630094e-03
6.4354331121e-04
-1.5613872011e-04
-2.1703980315e-03
2.7028041203e-03
1.9731142597e-03
-1.3680557529e-03
-2.0653542398e-03
-3.6066630873e-03
-5.8962281514e-04
-1.7301074442e-03
-1.1739639657e-03
2.4055780670e-03
-8.2131192064e-05
4.0593188787e-03
-3.3552258638e-03
-4.8561756890e-04
-2.8471030338e-03
9.4744108914e-04
-8.0379724974e-04
1.9375998944e-03
1.9978801870e-03
5.4692595797e-03
-7.0645072250e-04
-9.7442538637e-04
2.0916948473e-04
1.0374424902e-03
4.0723403024e-04
-8.0983091001e-04
-4.1139826106e-04
8.0980861779e-04
6.0482596142e-04
5.5313883574e-04
1.0626781041e-03
1.2095428118e-03
1.6393388109e-03
-6.2194979600e-04
-7.7496602303e-04
-1.6102518578e-03
9.8508531678e-04
-7.7426782519e-04
-1.6510117657e-03
-3.5542344503e-04
1.7812107267e-03
-1.4048472337e-03
-1.7305626568e-03
9.3892008998e-04
-8.1179669491e-04
-9.0502440880e-04
6.0854942787e-03
-2.3598414550e-03
-1.8278042736e-03
-2.1251841945e-03
1.0716638972e-03
1.4677889044e-03
-4.6939588406e-04
-1.1707360521e-03
-1.5575654343e-03
-1.6664392007e-03
9.0409263227e-04
3.6390340094e-03
1.7259120603e-03
1.4926115477e-03
1.9245635637e-03
-2.5800299952e-03
1.4212585540e-03
-3.7482148210e-04
1.5038436305e-03
-1.8780419849e-03
1.8664000198e-03
3.1900558439e-03
-3.1949396149e-03
1.4437845323e-03
2.8037320868e-03
7.3749565723e-04
2.2232910641e-03
-1.6092701945e-03
2.8452767899e-03
1.1771536975e-05
-1.2973540762e-03
-1.3223732664e-03
-4.1657328985e-04
-3.5831630087e-04
1.5067618570e-03
-3.3254619284e-03
2.1914061565e-03
1.5964257023e-03
-3.8312348905e-04
1.0486033772e-03
-1.5733910344e-04
4.5074789210e-04
1.4112078325e-03
-2.9376870296e-03
3.1045761956e-04
7.2056157904e-04
-1.9354896367e-03
-7.5357623306e-05
1.1150691101e-03
-9.0597312634e-04
-1.0356675760e-03
1.1021734900e-03
4.9951993045e-04
-8.1432418753e-04
1.6019475355e-03
2.5021020099e-03
-1.5145119474e-03
-1.5001099860e-03
6.8162634239e-04
5.0813160320e-03
-1.3160537260e-03
-2.1132069955e-03
7.8352054822e-04
1.6662927896e-04
2.5672746537e-03
2.0716152764e-03
1.5209840928e-03
-5.6186619390e-04
2.7909624534e-03
1.3321189782e-03
-1.2185353822e-03
2.2693891537e-05
-5.8955709669e-06
1.6237190423e-03
3.5971932274e-05
-2.4609443239e-03
1.5055180310e-03
5.8905670356e-03
8.4195447621e-04
-1.4004389516e-03
-1.0671192048e-03
-6.4640117692e-04
5.4012143530e-03
-1.4032239153e-03
-1.6401161297e-03
1.3225557856e-03
4.2257849993e-03
2.4908026376e-04
2.1484653092e-03
-1.9055078550e-04
-1.1096195461e-03
-1.0425427660e-03
-1.6625692536e-03
-1.3899007795e-03
2.8190034442e-03
1.1373704385e-03
-2.3403028839e-04
-3.3671551549e-03
-2.0645980631e-03
-3.2557304539e-04
6.6019365970e-04
1.3327822097e-03
-5.2969997606e-04
1.1529555882e-03
2.4537746002e-03
-3.5037723361e-03
6.0819074216e-03
2.1344191324e-03
-7.4553754196e-04
-8.2295693186e-04
-7.9618084129e-05
-2.0963986419e-03
-3.9166758595e-04
-2.1208975549e-03
9.8186608593e-04
-1.9725217256e-03
-8.2148123820e-04
5.6405917732e-05
1.4432163120e-03
-4.1797628053e-04
9.7852538633e-04
-2.3274571108e-03
3.0292720327e-04
6.9892888876e-04
-5.0669200883e-04
1.5608796915e-03
2.8617976930e-03
-3.0274702563e-04
-2.5004953566e-03
8.0513368386e-05
-8.6729676439e-04
-1.6521267869e-03
1.2495921990e-05
-3.5913165489e-04
1.1777274983e-04
-3.2343647082e-03
4.3554358037e-03
1.8154489847e-03
-1.6485892755e-03
-1.4394390315e-03
2.8107325654e-03
-1.2643576045e-03
-4.1481016126e-04
2.1420520418e-03
2.2706955107e-03
8.2186096501e-04
-3.7021676488e-05
2.8828618509e-03
-4.6736328969e-04
1.0093233254e-03
6.7348487543e-04
7.8504581748e-04
1.1216665683e-03
2.6852141034e-03
-1.5967814960e-03
-1.5968148146e-03
-1.0233282503e-03
3.2090918065e-03
2.8450179527e-03
-9.5157564525e-04
2.4081223877e-03
-1.7481835731e-03
1.1315924498e-03
-1.2788330206e-03
-1.6632706153e-03
-1.2799548743e-03
-1.9578907733e-03
1.4231323804e-03
7.4134540746e-04
-2.2718752780e-03
-1.2109392435e-03
-1.0904040269e-03
7.4427471379e-04
1.5920335128e-03
2.8280240381e-04
1.6991658304e-04
-2.8569921659e-03
-1.8007246629e-03
2.5103750802e-04
1.9536163402e-03
-4.6943020024e-04
9.6713713914e-05
5.1047192332e-03
8.5782005637e-04
1.3681192795e-03
-4.4085970825e-04
-3.2165199023e-04
1.0597508658e-03
-6.8098175800e-05
-4.4678790455e-04
1.4873464240e-03
-1.4039506963e-03
-1.2908178327e-04
1.5010023582e-03
3.8097029962e-03
-2.2664287191e-03
-2.7891241000e-04
-2.9004008644e-03
-5.6222828703e-04
-1.9413660381e-03
-9.2068984425e-04
2.6950676867e-04
-1.7189333296e-03
1.1173667455e-03
4.4658324782e-04
-2.7180766037e-03
1.1042399252e-03
2.9770123149e-03
3.0095654538e-04
-1.2509849406e-03
-2.7710576409e-03
-3.1234014212e-04
-7.6365221397e-04
-1.2590315360e-03
2.0054383820e-03
1.5994054647e-03
-2.7866113624e-03
9.7668447849e-04
8.8002516365e-04
-8.1394878447e-04
-3.6820500169e-03
4.6024047395e-04
-2.7183652319e-04
2.0188764362e-03
-1.0029821835e-03
-2.2675048016e-03
7.9285957806e-04
-1.2552473385e-03
1.8662371198e-03
-2.7817145584e-03
-1.4793573024e-04
-2.4169076024e-03
3.0945230159e-04
-6.4535985537e-04
-1.6038751580e-03
2.1446318870e-03
5.9885094974e-05
2.6156119748e-04
2.0849334310e-04
-1.5804643279e-03
4.2416757323e-03
1.7449462455e-03
6.1297188771e-04
-1.1015595121e-03
-9.9821698374e-04
-7.7525476044e-04
-1.4893114474e-03
-6.1282522411e-04
-1.2016699408e-03
-3.0025996734e-03
-8.2775650022e-04
-1.5306477291e-03
6.0619933209e-04
2.0932706447e-04
-2.6958491209e-03
-1.3475348459e-03
-2.4789592000e-03
6.0118945245e-04
1.2209128737e-03
5.4534340611e-04
2.5735747604e-03
-2.9456482251e-03
-4.2703305553e-04
-6.2079133797e-04
-1.6294531393e-04
-1.9064691416e-03
-8.9034565453e-04
-6.3796669075e-04
-1.3196503415e-03
-2.9500264746e-03
-2.1540661503e-03
1.4103309034e-03
3.0946264574e-04
-1.0124836408e-03
-1.4062720774e-03
-4.9995719907e-04
-3.2431830237e-04
-2.1185066154e-03
-8.3972758611e-04
-1.4875744419e-03
5.1174328740e-04
-1.4408685578e-03
-2.6348111135e-03
-2.0801625020e-03
1.7398265437e-03
1.1301966478e-03
-8.5198662321e-04
1.3493996316e-03
-1.2404731694e-03
-2.8412917978e-03
-3.2487038685e-03
-4.0687932450e-04
-1.7104381596e-03
-5.6461140510e-04
-1.4864335926e-03
-1.0262515862e-03
-2.1433422764e-03
1.9347990733e-03
1.8091534951e-03
7.4652310510e-05
7.8766283880e-04
-2.4341628234e-03
1.2113582692e-03
1.2727778564e-03
1.5061029120e-03
2.2346696842e-04
9.8598538627e-04
-6.8212647853e-04
-1.7065977562e-03
-1.3504185647e-03
6.1791583100e-04
-3.0051738106e-04
9.4378119564e-05
1.2585443213e-03
3.0081443346e-03
7.3412492389e-04
-1.6598487274e-03
-2.8976280773e-03
-2.0276078976e-03
-6.3980895950e-04
-1.6563378838e-04
-3.7279634994e-03
-1.8270366294e-03
-2.6809975942e-03
1.8064187520e-03
-1.9308723985e-03
-2.4289703354e-03
-2.4354910793e-03
-3.6215837539e-05
-1.8272582089e-03
-1.9770198457e-03
8.0350565942e-05
-1.5482469944e-03
-1.4896931046e-03
3.3027785222e-03
2.5749275896e-03
1.7894886676e-03
1.8992172441e-04
-1.2161807856e-03
-5.0066731529e-05
4.4426764793e-03
2.1378075654e-03
-3.9400568527e-04
-9.6141485034e-04
4.3702493979e-04
-2.8068358707e-04
4.2196077371e-03
-2.0117083357e-03
-8.4013307306e-04
1.0851314312e-03
-2.0573475186e-03
-3.3945619307e-03
-6.9352454154e-04
-2.7754711784e-03
4.3084826536e-03
-3.0516642404e-04
1.2952202473e-03
1.7127010461e-03
-4.6690845668e-04
1.9045815590e-03
1.0374493275e-03
1.5349995565e-03
-1.1129702242e-03
2.8912028104e-03
2.0151964320e-03
1.3269412991e-03
-3.4835675922e-03
-3.6988732338e-03
-5.8571816614e-04
-2.7653811382e-03
-2.3654884183e-03
2.3107852271e-04
2.7111561063e-04
-1.5399012530e-03
1.1680159521e-03
-1.6007957463e-03
-8.8103650907e-04
-8.1661757375e-04
-8.9917866714e-04
-6.8015990472e-04
2.9759110789e-03
-3.6073178898e-03
-2.1627548327e-03
-6.1638944056e-04
1.3418029963e-03
3.4560308738e-04
5.8333299327e-04
-1.2380813176e-03
-4.7659883448e-04
-3.0443080491e-04
1.2391158098e-03
1.4536235360e-03
1.5979159111e-03
3.4352310556e-03
-4.7774713745e-04
-3.4021788955e-03
4.0507069724e-03
1.4527226352e-03
-3.2735434304e-04
-2.0760120458e-03
1.3568786934e-03
-2.4158668176e-03
-2.3816101678e-03
-4.6918518754e-04
-6.8028891090e-04
-2.5131473509e-04
-3.2858843393e-03
-4.5834787227e-04
2.1752420746e-03
1.3080770871e-04
-1.0768863636e-03
2.7920191427e-04
1.0488929824e-04
-1.7818423568e-03
-1.3849453055e-03
1.1662098739e-03
5.4060472493e-04
-4.8894344372e-04
5.5357531957e-04
3.5978791467e-04
-2.5101458286e-03
-1.0247622227e-05
2.3138806078e-03
-1.5839862534e-03
-1.8120537714e-03
-1.3448705698e-03
-1.5965882767e-03
-1.3782076240e-03
-1.7968409918e-03
3.4083906399e-03
1.0985151202e-03
-1.1322758050e-03
5.3317952283e-04
-1.6822833337e-04
-2.0200602100e-03
2.7936052015e-04
-4.1768655710e-04
2.8731843105e-04
-3.0499375296e-04
1.4709122413e-03
3.2237114205e-04
-1.8304203449e-03
1.8991481750e-03
-1.8666899058e-03
7.7762132235e-04
9.0028019796e-05
-1.0755688788e-03
2.0108536859e-03
-2.0606935421e-03
-4.1955331918e-04
1.6572254435e-03
-3.2850222223e-03
5.5567541061e-04
-5.7495541154e-04
-1.7385031713e-03
-1.3322807871e-03
5.1992997336e-04
-8.8232325589e-04
-3.0633152413e-04
-1.8421670556e-03
-1.7814247654e-03
-5.7524367070e-04
-1.3986161726e-03
-3.3719818616e-03
2.1720312606e-04
-8.5300280727e-04
-1.5883454091e-03
-1.1196577494e-03
5.6537433731e-04
-1.9745117386e-03
3.2732670813e-04
1.3453390840e-03
1.8336564261e-03
-3.5771309149e-03
1.6154896231e-03
-1.5893336400e-04
2.9497671775e-03
5.4044636427e-05
-1.9078361214e-03
-3.8967803332e-04
-1.5998240779e-03
-2.8019944638e-03
4.3614771891e-05
-5.6368717102e-04
-6.4841535962e-04
-3.1484707910e-03
-1.0927352193e-03
2.2864420128e-03
-3.2572524380e-05
-5.3148683962e-04
-4.2727476214e-04
-1.8956832250e-04
2.6618612411e-03
2.8091482549e-03
-7.0798457832e-04
-3.9704241661e-05
-2.2519522638e-03
-1.3835401444e-03
-2.9106778435e-05
-4.4523038263e-05
1.5720656151e-03
-8.6989959515e-04
-9.1544697211e-04
2.2362530459e-04
-1.7063171487e-03
3.0735634442e-04
1.1213142809e-03
5.0416421187e-04
-1.4353746118e-04
9.3861035079e-05
6.7637112473e-04
1.5892524925e-03
-3.5123898850e-03
2.2514703268e-03
2.4863692012e-03
1.5772401970e-03
-4.7439557465e-04
1.4464548042e-03
7.4247788621e-04
-2.3461349235e-03
-4.5681836227e-04
2.6918117269e-03
-4.1056590803e-04
1.3579743707e-03
2.4047999379e-03
-1.4409092048e-03
-1.3802129652e-03
-4.1210225204e-04
4.1284457132e-05
2.0920605040e-03
-2.0942122572e-03
-1.9288846390e-03
-1.5739190105e-03
9.5194641867e-04
1.9308260990e-05
-2.2583568927e-03
-9.0976520735e-05
2.1458949392e-04
1.6491116443e-03
-1.8235507171e-04
-4.9353355634e-04
9.5787642034e-04
1.9665350651e-03
3.9062522982e-04
9.4598597919e-05
-6.6488344843e-04
1.0443506022e-03
-2.0247591891e-03
2.2285449981e-03
-1.4358566594e-03
-2.3826812147e-03
-1.9251819013e-03
-5.1034299514e-04
1.6753505868e-03
8.2000198142e-04
-3.6459406719e-03
2.3402896487e-03
8.4442823329e-04
3.2869716984e-03
9.4427356643e-04
8.1436755182e-04
1.5231322163e-03
1.2545277545e-03
1.8308848565e-03
-7.5208078699e-04
-1.2255067167e-03
2.4074356003e-04
5.0631755272e-04
6.1381261993e-04
-3.8682651331e-04
-4.0745292274e-04
-1.8902165246e-03
-5.2077513362e-04
-5.9909486583e-04
-1.2178501531e-03
-5.5338281665e-04
4.2005174761e-03
-4.5584763256e-04
1.6207515370e-03
1.9748477932e-03
-3.9421396829e-04
5.3664987923e-04
2.1208008782e-03
-1.7233164727e-03
1.3032637455e-03
3.5911986627e-04
9.4727694920e-04
1.5507983925e-04
5.0121157567e-04
1.1310677707e-04
-1.1354500202e-03
-1.2965789421e-03
1.0676308747e-04
-1.8592899636e-03
-2.1959824127e-03
-1.6511696905e-05
9.4511023545e-04
1.1569995483e-04
2.8319611537e-03
-8.3878589227e-05
-9.0166863739e-04
3.5395467534e-03
-6.9427827214e-04
3.0354386395e-03
-4.0805252657e-05
3.7402438340e-04
1.4579473538e-03
-2.3998543770e-03
2.9190389865e-03
2.4497026422e-03
1.2062108581e-03
5.2703263698e-04
2.5283771991e-03
-1.1355738189e-03
-1.5882391927e-03
1.5541240348e-03
5.7576723048e-04
4.5409198155e-04
1.1540639968e-03
2.1299352090e-03
6.1033776642e-03
-2.4950240679e-03
5.3505647363e-04
-2.4209593028e-03
7.2342640514e-05
-1.3008337799e-03
3.3660142564e-04
7.3043982596e-04
-6.3712067686e-04
-2.4524651657e-03
9.6236219999e-04
1.7982998165e-03
-5.5640444801e-05
4.2770357232e-03
1.1327314043e-03
1.3163062739e-03
-6.6105510885e-04
-2.0513755174e-03
-1.7909485203e-03
1.7398394265e-05
-6.8829047733e-04
-6.5636047842e-04
-1.5041202297e-03
3.4004025064e-04
3.2088221299e-04
-1.7012604556e-03
-2.5290313651e-03
-5.2887917572e-04
-1.3527427748e-03
2.8392079534e-03
-5.8295959329e-04
-1.6892988387e-03
-3.0910052486e-03
3.8603895222e-03
4.0728083320e-03
5.2760176101e-03
2.2042954699e-03
-5.0272656901e-04
1.2944303390e-03
-1.2369543335e-03
2.4255912804e-04
1.9645797729e-03
1.6075629900e-03
2.4112817004e-04
-3.1870744789e-03
7.4670548745e-04
-8.3494501127e-04
2.2163516197e-03
-1.1193351985e-03
-2.0618905883e-03
1.5083707800e-03
-1.5931472637e-03
-3.6440763117e-03
-1.7086461462e-03
-1.0439331651e-03
-2.3307006487e-03
-2.0858741863e-03
3.1718962113e-03
1.0637674470e-03
2.5349593708e-03
2.1849161753e-03
-1.2250167464e-03
1.1239916635e-03
1.1154281419e-03
-2.3204420915e-04
-2.6902406286e-04
-6.9695302127e-04
3.1137608267e-03
1.2453626785e-03
-7.6019872551e-04
1.5341503863e-03
2.5594480989e-03
-1.7681316347e-03
-1.0962918901e-03
-1.6132001000e-03
1.3474936898e-04
2.8249997747e-03
4.7198350295e-04
-1.8727018483e-03
3.1216293640e-03
-2.1124581346e-03
-7.1870741358e-04
-5.7151517877e-04
-8.8211735226e-04
5.7937209518e-05
-2.2744791262e-03
2.7097959811e-03
4.4980796752e-03
2.2998471917e-03
1.1765659171e-03
4.1625529281e-04
6.6037888111e-04
-9.4245271757e-05
-5.7763308816e-04
1.4983295779e-03
-6.8325899673e-04
-5.6779748410e-04
4.5852716707e-03
3.2173575711e-04
2.1334661720e-03
-5.6906130740e-04
-1.7334549747e-03
1.0167229249e-03
-1.6388493528e-03
1.1709848897e-03
2.1418489379e-03
-1.3397490976e-04
-1.7627584368e-03
7.7714788576e-04
3.6052145941e-03
1.8511531969e-04
1.0359242478e-03
-5.6966960501e-04
-4.3042736069e-04
-6.2796417599e-04
1.1875441404e-03
-1.0052574405e-03
2.0338015772e-03
1.4988393303e-04
-3.3867988168e-04
8.0486553420e-04
1.7438169514e-03
-2.5258908608e-03
1.4034146690e-03
1.6319261216e-03
-1.3796162314e-03
1.9207655900e-03
-6.2971823310e-04
-5.2547993640e-04
1.3974938896e-03
-1.6427491177e-03
2.8576827023e-03
-1.0178784148e-05
2.9272711403e-04
-4.7086496407e-06
2.2011390907e-03
4.3243987734e-03
1.0150312409e-03
-1.1162780032e-03
-1.8246766517e-03
-4.8142055035e-04
2.0881205227e-03
8.4371617129e-04
5.8398942781e-03
-6.0750532267e-04
-2.4941984079e-03
-8.4842849492e-04
-2.3927878443e-03
-2.6473545355e-03
-2.7928872991e-03
-1.1536772968e-03
-1.0391521020e-03
1.0126775431e-03
9.9440785190e-05
1.4919005666e-03
-1.0874783778e-03
1.1437344542e-03
-9.6754416998e-04
-2.2066028293e-03
-1.4300693901e-03
-2.2898962482e-03
-1.6219565996e-04
-1.0778319775e-03
1.5832137803e-03
5.2421588213e-04
1.8176210521e-03
7.1486758307e-04
4.3572729216e-04
2.5120226821e-03
5.1012116286e-04
-1.0072321108e-03
-2.4166067109e-03
5.0257221889e-04
-1.4190048793e-03
-2.1781938521e-03
2.4153199859e-04
-1.9062762848e-03
-4.1767113639e-04
-4.9895093686e-05
-1.2471685335e-03
-3.0210165776e-04
-1.8467795889e-03
-3.0807358098e-03
2.7451736083e-03
8.7219845658e-04
1.5853821455e-04
-1.0690957915e-03
3.4292421195e-03
-9.5677781745e-04
-1.4282440626e-03
2.5212012856e-03
-1.9339672282e-03
-2.7775214926e-03
-1.5277159512e-03
-2.4178236479e-03
5.1855906347e-04
-1.9527095786e-03
1.8128112405e-03
8.6777469483e-04
-3.1665612122e-03
-1.6423588800e-03
-1.4274515670e-03
6.0560005941e-04
-3.4021318155e-03
2.3439372412e-03
3.8951156933e-03
2.7407732272e-04
-1.2509661795e-03
-1.2821083715e-03
3.9438984077e-03
-1.9362271008e-03
1.4786090209e-03
-1.5811401162e-03
-1.9377352223e-03
-1.4875418402e-03
-7.5535643215e-04
-1.6260956221e-03
-2.6078887737e-04
1.4625131526e-03
-7.7063948418e-04
4.6493055579e-04
3.3230186701e-04
-2.2599504430e-04
-6.8559099423e-05
7.0143968032e-04
-4.3393949237e-03
-8.1874722368e-04
2.4967434068e-03
-1.4743701839e-03
-3.0362100119e-03
-1.5955581549e-03
-4.0072422241e-04
1.4320534073e-03
6.9862987462e-04
-2.2996321232e-03
-3.1684060600e-04
2.2310189550e-03
-2.5708638522e-03
-1.6490137720e-03
1.4123851699e-03
1.5321791349e-03
-1.2130535363e-03
1.2331058965e-03
3.5797319105e-04
2.0905205977e-03
-5.8267199620e-04
-1.2695050453e-03
-5.7526005124e-04
8.7846038725e-04
-2.0375766979e-03
-1.3776680293e-04
2.0614242391e-03
-5.4950726111e-04
-5.7322172923e-04
3.7474213905e-04
-1.7062187961e-03
1.3057583436e-03
1.9142227374e-04
-8.8643029075e-04
-4.0029506726e-04
2.7561558484e-03
-1.3146614072e-03
4.7029475279e-04
1.3716936553e-03
3.7835085566e-03
3.4719801558e-03
3.3924074642e-04
2.1022090912e-03
2.9845025226e-04
2.3748731233e-03
-4.8598093891e-04
-2.1016626928e-04
-1.0679040688e-03
2.6506974500e-05
-1.8993536421e-03
-1.0154027077e-04
-1.4948769248e-04
-6.4288771215e-04
-1.9381220974e-03
-1.0162185764e-03
-2.5381812295e-03
-3.2771450455e-03
-2.2929683867e-03
5.6150021459e-04
7.4810480839e-04
2.3864760806e-03
-2.5952174234e-04
6.6736407625e-04
3.2891566755e-03
2.3409352993e-03
-1.2925311915e-03
2.3693642848e-03
2.2962457335e-04
4.1113385170e-04
-3.1241909356e-03
-1.2958440646e-04
-4.5726702553e-04
2.6587281078e-03
1.1886880200e-03
-2.9717748157e-05
-5.4664962339e-04
-6.1058583017e-04
1.6966104891e-03
-3.3968814396e-04
-1.7855178701e-03
2.3277854230e-03
-1.4899878723e-04
-1.0632623607e-03
2.8065837077e-03
-7.8865411574e-05
5.8463703234e-04
-6.8073498616e-04
4.9135000023e-04
-2.9996259327e-03
-1.5625443302e-03
1.1123599879e-03
3.2629828633e-03
-9.4122271160e-04
-1.1192783596e-03
1.2022162606e-03
-2.2798444773e-03
1.3372787615e-03
-1.7706906083e-03
4.6440977213e-03
5.3499349487e-03
-7.1467492128e-04
5.0217284487e-04
3.0217126319e-03
-5.6754448831e-04
-1.7545883234e-03
1.3797251736e-05
1.0642502068e-03
-9.2934469548e-04
-1.5152362304e-03
2.1934932317e-03
7.4844224904e-05
6.5500739819e-03
-5.3077689081e-04
-1.4727258042e-03
4.7748869848e-04
2.7973523669e-03
-3.1340555080e-03
-9.7143797107e-06
-1.8666611393e-03
1.8081243879e-03
2.1824317861e-04
-8.8200142873e-04
1.2719487542e-03
1.3743903031e-03
-4.8659693331e-05
-9.3232730773e-04
9.7566011908e-04
-2.5348311838e-03
1.7074663906e-03
-4.0831977665e-04
2.8877430675e-03
-5.6348910589e-04
-5.5168395977e-04
-7.1449798039e-04
1.0517378188e-03
-2.1777659705e-03
8.4649597977e-04
-5.6855197655e-04
2.6587549808e-03
3.2699755168e-04
8.3613733633e-04
8.1709225582e-04
1.2307057368e-04
-2.8325492182e-03
1.1341955648e-03
5.6585889340e-04
8.2504959093e-04
1.1140581088e-03
1.0646135259e-03
1.2094206471e-03
-6.0335528144e-05
-6.7376809430e-04
-9.3890329961e-04
-1.4045719257e-03
8.3467013767e-04
2.3738563762e-03
4.3167054172e-04
1.8266517206e-03
-2.8397830917e-03
2.6782676851e-04
-1.3091979198e-03
1.7547751527e-03
-3.2156071352e-03
-3.9899483953e-04
-1.8349876476e-03
1.3893889301e-03
-1.2906756050e-03
-7.2983775515e-04
1.3960048903e-03
-7.8252198013e-04
-2.1333004665e-03
-8.0497249035e-05
-6.8350547737e-04
1.4313010526e-03
1.5786089403e-03
-5.1971801864e-04
-2.5002003154e-04
-3.6212511229e-03
2.5257613323e-03
-2.8429962434e-03
1.7138531495e-03
-2.3515339332e-03
-1.5658701765e-03
-1.1070740244e-03
8.3374391870e-04
-2.7724650736e-04
1.0790022857e-03
3.8654700407e-03
1.1949086789e-03
2.2303549196e-03
4.7365477516e-04
-1.7973970140e-03
3.7065381655e-04
-4.2681450774e-04
8.7943544287e-04
-1.9957583066e-03
1.2161406017e-04
5.6852580207e-04
1.4824304845e-03
-2.2586924624e-03
7.3110972460e-04
-2.3398691234e-03
-2.3646049430e-03
-6.3410956350e-04
-1.6195851911e-04
-2.1812777143e-03
-2.2108037112e-03
-2.7231543468e-03
1.8212080012e-03
1.8292553446e-03
-6.1749995373e-04
9.0323864439e-04
-5.3342119174e-05
-2.4113759765e-03
-3.2110751610e-04
5.6936710294e-04
-1.4823461620e-03
-1.2798218781e-03
-8.4421211026e-04
6.7167854954e-04
-1.9078610720e-03
-6.9004685465e-04
-1.0914408041e-03
-3.8645093013e-04
1.3103553638e-03
1.2241515516e-03
1.5630658834e-04
-1.5641024917e-03
-3.0799351088e-03
-8.2073664505e-04
-1.9170327822e-03
-1.2429371908e-03
-1.0166307515e-04
1.1466057529e-03
-1.9642252176e-03
-1.3313993998e-03
-3.7265315295e-04
2.2698429069e-03
-2.2502454093e-03
7.3040878423e-04
5.4332132272e-03
1.7417659561e-03
1.5792248673e-03
2.9632606957e-04
2.4326792023e-03
-2.7496626319e-03
-1.8102435745e-03
-3.0098187526e-04
6.4684782034e-04
-2.9687929267e-03
-1.6926639495e-05
-1.8457729835e-03
3.5064300792e-03
1.4482359554e-04
-1.1142618326e-04
8.9213923545e-04
-2.4117996475e-03
2.5764216552e-03
1.3875402005e-03
1.6976200952e-03
8.7068551917e-04
-7.3950187466e-04
1.6904325184e-03
-9.6310283635e-04
2.4460031783e-03
3.8120029120e-05
2.8991294931e-04
-6.7767030503e-04
-3.7058581817e-04
-1.7954928583e-03
2.3098553960e-03
-1.2985428033e-04
-1.8260715002e-04
5.0059993507e-03
-1.1875003148e-03
-1.6171305504e-03
-3.9407448217e-03
2.9474491002e-03
4.6541619240e-04
1.3535087067e-03
-2.4046770543e-03
-2.5640354285e-03
5.8080735833e-04
-1.8235045482e-03
-3.0986771262e-03
-1.5858964045e-03
-8.6643807410e-04
-1.7341921458e-03
2.2298209157e-03
-1.1637291264e-04
-1.4780834570e-03
-2.3942792512e-03
-4.5904629838e-04
4.6048611654e-04
2.1986362077e-03
3.6748801774e-03
2.7917122475e-03
-1.7933506727e-03
1.2134772743e-03
-7.8860032131e-04
-1.6226600497e-03
-1.8643824145e-03
-1.9352316392e-03
-2.2268907964e-04
-3.8215497577e-04
-4.8773401665e-04
-1.7607441165e-03
-6.3052219937e-04
-2.0324632067e-03
2.4768320909e-03
-2.4159160505e-03
-1.1321755645e-03
-1.3930726975e-03
5.1960663498e-04
-2.3799937107e-05
2.2321019119e-03
3.6616386301e-04
2.5957805283e-03
1.3667693495e-03
1.6713749232e-03
1.5615869079e-04
-1.7724994712e-03
-2.4313835595e-03
-1.4500625160e-03
7.3240879316e-04
-2.6136731919e-03
1.6144475309e-03
3.7426720297e-04
1.4960344176e-04
-3.3621109460e-03
-1.0042638977e-03
-2.4315836828e-03
8.2256796924e-04
-7.7594454984e-05
1.8517133292e-03
4.0290692597e-05
2.1867901594e-03
1.0607245992e-03
-1.8803688724e-03
-5.5518883530e-04
1.5704927037e-04
3.0998713995e-03
-1.5885154788e-03
6.2838648693e-04
7.1454506863e-04
-1.7364836655e-03
-9.2444936102e-04
-1.8129955694e-03
-2.2205326328e-03
3.4623155906e-04
-1.8587531726e-03
-8.2577329917e-05
-1.4306326819e-03
-8.1075204090e-04
-1.3818252366e-03
4.4007870734e-04
-1.1416503968e-03
-1.5673390591e-03
2.2976403242e-03
-4.6425658776e-04
2.0717111991e-03
-7.7757896361e-04
7.4504980285e-04
-3.7507549024e-04
-6.9070450670e-04
2.2779782409e-03
5.0534045215e-04
-9.3616061060e-04
3.3392794292e-03
-2.3970037336e-03
2.2111935224e-03
1.7639395149e-03
-1.5025192200e-03
-1.3068378939e-03
1.5153452783e-03
-6.0321512688e-05
-1.4869636246e-03
-3.0346430258e-03
-9.7622994874e-04
3.6140359932e-03
-1.4456384598e-03
1.6074374609e-03
2.9924435555e-03
-1.2219325561e-03
-1.4671162506e-03
-1.8089906074e-03
1.4768216657e-03
-4.1283062787e-04
-2.1606596079e-03
-8.3167250447e-04
-1.5229022678e-03
-3.5212691728e-03
5.6299856143e-04
3.8651879504e-03
-2.0514274953e-03
-1.3032255796e-03
-2.4742400738e-03
2.9270512961e-04
1.8882983629e-03
1.5191994662e-03
1.6501885548e-04
1.0307544161e-03
6.3690616720e-04
-2.5463018359e-03
1.3345485111e-03
-3.2012130512e-04
-1.6099669009e-03
6.2411093185e-04
-5.8087174858e-04
-2.4731288772e-03
-2.7313324629e-03
-2.3934655745e-03
3.6935865965e-03
7.9004642251e-05
-1.2015865549e-03
-1.9749000566e-05
-8.8510763165e-04
-6.2047168812e-04
6.3851700419e-04
2.5520677522e-04
5.0281846870e-05
8.6560977301e-04
-2.2928085434e-03
-2.3399565783e-03
-1.0880991302e-03
-1.6533814681e-04
3.1986076983e-03
1.7163225250e-03
-6.4111036660e-04
6.8776712150e-04
4.2803736956e-03
1.6110359332e-03
-2.5275273946e-03
4.6936237511e-03
-1.7574922901e-03
-2.0219465334e-03
1.1735834413e-03
-1.3589462206e-03
2.4022676697e-03
-6.7985247329e-04
-2.6684047781e-03
1.3972672734e-03
2.8937706430e-03
4.3205704683e-05
2.7175760169e-03
-1.8312654831e-03
7.1019540648e-03
1.7256241899e-03
1.8786292697e-03
-4.0217930200e-04
-1.3986303392e-04
-6.9637206403e-05
3.4467470254e-04
2.7277371182e-03
1.7802987646e-03
-1.9895846503e-03
-1.1130964013e-03
-1.4999706279e-04
1.2139808032e-03
3.7007167357e-04
8.1848048839e-04
2.6457211531e-03
-7.6775649401e-04
1.3163992239e-03
4.1368453486e-04
1.5340096147e-03
-9.7047830300e-04
2.7513553085e-03
-1.0375585056e-03
1.2132968643e-03
-1.9909753472e-03
-3.8705114132e-04
4.1361701832e-04
-6.0670750220e-04
-2.9153171241e-03
1.9652951439e-03
3.6651971086e-04
2.4590559448e-03
3.6204523679e-03
-8.8743007108e-04
3.0806947060e-03
6.9683127145e-04
2.9704840429e-03
1.4753814813e-03
2.6028882164e-03
3.5884544932e-05
-5.9159931846e-04
1.3364643200e-03
-1.4227293689e-03
-2.3056953694e-03
2.1054683980e-03
-1.7275836617e-03
5.3539404513e-04
3.1720688697e-03
-1.2012436029e-03
-5.2309781110e-04
2.0808101009e-03
1.2414287539e-04
9.8311870615e-04
1.6664647597e-03
-6.4890192335e-04
1.8067581102e-03
-9.6298392510e-04
-1.8081470745e-03
-3.8554709082e-05
2.2197790986e-04
-4.0387035762e-04
1.3772366316e-04
-2.3578306807e-03
-3.6475205912e-04
-1.8870235191e-03
-2.7467942694e-04
3.2482250655e-04
-2.8802969855e-03
1.8851843745e-03
-5.5106913430e-04
-2.2656658982e-04
-2.9117829850e-04
5.1869714695e-04
-9.9248702139e-05
1.5824447524e-03
-1.9219978657e-04
1.2438522556e-04
-2.3960589302e-05
-2.9962271482e-03
-1.4811592565e-03
1.0247299404e-03
-5.9100565551e-04
-1.1765831617e-03
-1.2315443619e-03
-1.4692281488e-03
-1.2770998164e-04
3.3307586459e-03
-1.9565122705e-03
1.3927580526e-03
-1.3459098786e-03
4.7006187517e-04
-1.1732769447e-03
-1.0071237048e-03
1.9551178933e-03
-9.8204205489e-04
-1.6228177794e-03
1.0953529085e-03
1.2231829438e-03
-1.9189205127e-04
1.3718456443e-03
5.5262481594e-03
-4.7240868356e-03
5.1011946544e-05
-2.6664461034e-03
-1.1432161428e-03
1.2191895763e-03
2.8761320212e-03
2.2136152299e-03
6.5261261209e-04
1.9677662813e-03
2.1447056553e-03
9.9135793332e-04
-2.4120383507e-03
-8.4036572734e-05
3.4619230787e-03
5.0519396519e-03
1.0934003029e-03
-3.0663416055e-03
-3.6426887481e-04
3.3586991859e-03
-1.4175583209e-03
-2.5348836029e-04
-5.9522666572e-04
-2.0747949973e-03
-6.0863250671e-05
1.4367541089e-03
-2.6955470600e-03
-5.0140728253e-04
-2.1317285957e-03
-1.4634452833e-03
-1.4481696976e-03
9.1738624731e-04
-1.3030916305e-03
-2.0242193616e-03
-3.0419037926e-04
-2.9344922538e-03
-2.2524280516e-03
-1.8423118145e-03
-2.9713603492e-03
-6.4869905781e-04
4.1168072664e-04
7.5891912492e-04
2.0569100784e-03
-7.8993075252e-04
-1.1562313367e-03
7.7018386431e-04
-1.1398537972e-03
-1.8139735878e-03
-1.3191727363e-03
-1.8092874772e-03
1.0211780508e-03
1.0475593643e-03
2.9886797332e-03
3.8794794211e-03
-1.1287291698e-03
2.3372685518e-03
2.2012758468e-03
8.2232822714e-04
-3.5270956289e-04
-1.7712962099e-03
1.8809829427e-03
-4.7616115425e-04
-2.0332351571e-03
1.6875117955e-03
-8.3719084464e-04
7.7487163816e-04
-1.1726882155e-03
5.7085018970e-04
1.1947173198e-03
7.8743988180e-04
3.9725975402e-04
6.3328502993e-04
-1.8071041555e-03
-2.4097905850e-03
3.3971141682e-04
-1.4684092393e-03
-2.4135878787e-03
-1.5351772967e-03
-1.0106438973e-03
-5.9143115307e-04
1.9864800938e-03
-9.9109708422e-04
-1.5368072095e-04
5.2448923173e-04
1.2581520135e-03
9.0521384798e-04
1.2689623574e-03
-2.1905276751e-03
6.0193728127e-04
2.1931861842e-03
-1.1707999313e-03
-6.8573555307e-04
1.2823230786e-03
3.5601809644e-03
-5.2232567784e-04
8.2286370463e-04
2.3661603644e-03
7.2661294435e-04
1.5085158977e-03
4.0764262625e-03
-1.1499123476e-04
-4.7893984892e-05
-5.7241038735e-04
2.0609590968e-03
5.8738162222e-04
-9.2540909811e-04
-7.9772717788e-04
1.5766097847e-03
-1.3461793967e-03
-6.0462898398e-04
-1.5139955325e-03
-1.8363858090e-03
1.0714551267e-03
-2.3959028386e-03
-1.3047523709e-03
6.5748196239e-04
-2.0167591521e-03
-1.1397736316e-04
-1.8358200386e-03
-8.2299457639e-04
-1.0181993388e-03
-9.4990225047e-04
-1.4396465690e-03
-9.9636515507e-04
-1.4582428896e-03
7.0590201061e-04
2.3165234287e-04
1.2299724267e-03
-2.3187807884e-03
-6.5843698700e-04
3.2199554204e-03
7.6881906096e-04
-7.9575214469e-04
1.8508969993e-03
-1.7456732594e-03
-1.8394444185e-03
-5.4421623517e-04
-9.2636705225e-04
9.6357178604e-04
6.1182556135e-04
-1.2012633821e-03
8.0927261415e-04
2.4392471661e-03
-1.0288887430e-03
3.9967316501e-03
-1.3632869230e-03
-1.9502488226e-04
5.2485419072e-04
1.9705350082e-03
1.9232256518e-03
2.3168885776e-04
3.1138638129e-03
1.4748191294e-03
1.4489872813e-03
-5.0406535006e-04
6.5571655970e-04
-5.5349122241e-04
-2.1211179780e-03
-1.7195176276e-03
2.3903267447e-03
-2.4496028620e-03
-1.3832379004e-03
-4.1103757984e-04
2.1637707315e-06
3.6193528008e-03
8.9828531000e-04
-1.8815008948e-03
1.0739474679e-03
-7.4312607923e-04
6.5744146023e-04
-1.2796652996e-03
3.4917318402e-03
5.0401494336e-04
2.1131896041e-03
4.5184503350e-03
7.3582986338e-06
3.5014967045e-04
2.5573034635e-03
4.6972114088e-04
1.5869592417e-03
-1.7585335053e-04
3.9355557474e-03
-1.8506927300e-03
6.5323848279e-04
2.6419248927e-03
-1.3838530921e-03
-2.4153827239e-04
-4.0382272945e-04
-1.3630328021e-03
-3.2123370489e-03
-5.1748316047e-04
-2.0229572211e-03
-1.3174596089e-03
-6.0771015743e-04
1.2339439643e-03
-6.7441161427e-04
-7.3847323086e-04
4.3343977249e-04
1.4000791219e-03
-2.5475586366e-03
-1.9120501314e-03
-1.1747703578e-03
-3.2464273627e-04
-2.1910875340e-03
2.0332626455e-03
-6.7094695305e-04
3.8866626509e-04
-4.3704419425e-03
-4.5895819659e-04
2.4453542019e-03
-4.4938215335e-04
8.9609330544e-04
-2.3663178116e-03
-1.7415873569e-03
-3.8738082012e-04
-9.2880926377e-04
1.0333981117e-03
2.2886673085e-04
-1.3314422269e-03
5.7047256585e-04
8.6909967533e-06
-4.7716391713e-04
4.0445257923e-03
5.1272409674e-04
8.4069376888e-04
-1.4964571609e-03
-1.4678075606e-03
-3.1210982610e-03
-7.7717683857e-04
2.8178359816e-03
-1.6495237674e-03
-1.6603948159e-03
3.4712883907e-05
4.5202472348e-04
5.2937422204e-04
4.0142737439e-03
-2.4116465507e-03
-9.2215710378e-04
1.1352021714e-03
5.2987380132e-04
3.0791044409e-03
4.6597671749e-03
3.2203940358e-04
2.5981727067e-03
-2.4983755309e-03
-3.0682993521e-03
-3.4805955791e-05
2.5711417517e-03
-2.2096954453e-03
-1.2086352900e-03
-3.0789779244e-03
-1.8115672359e-03
5.9417930198e-04
4.0457878095e-04
-2.3735452482e-03
2.1095510737e-03
-1.4086583982e-03
1.3968816627e-03
1.4227870805e-04
1.4999648687e-03
-5.5751227328e-04
-2.0389595061e-03
-1.8713609987e-03
3.3158150187e-03
-1.3833263857e-03
6.6305733554e-04
-1.5844347374e-04
-2.8077939790e-03
-2.5975929571e-03
-1.5543065107e-03
3.1336478495e-03
-7.0910954801e-04
2.7285273170e-03
-1.2205941210e-03
-7.3680495941e-04
-6.0511918186e-04
-1.4206366553e-03
1.1678226727e-03
-2.0816800131e-03
-3.5776679111e-04
-9.8829837294e-04
-2.4914154297e-03
-3.7383986014e-04
1.9005028905e-03
1.5260264071e-03
-3.2532181311e-03
-2.6419359755e-04
2.6156531944e-03
1.2524630120e-03
4.0535401019e-04
1.8649919838e-03
3.1335456692e-03
-1.2464360482e-03
4.6124673610e-04
-2.5124778200e-03
-1.2938879753e-03
-1.2134274099e-03
8.7333593312e-05
-6.6148076854e-04
-8.4741639305e-05
-2.0458445603e-03
-2.0005842052e-03
1.3153246109e-03
-9.8552668324e-04
7.3094934876e-04
-9.9502342255e-04
2.7863377402e-04
1.4026692196e-03
1.4718481362e-03
-5.5141757744e-04
2.3482132481e-03
1.0067854682e-03
3.1360901566e-04
2.3560546300e-03
-2.8359814589e-03
-6.4199295070e-04
-1.9181002202e-03
1.0790854567e-03
-2.3697243677e-03
9.7074868280e-04
-2.5808250429e-04
-2.6572405135e-03
2.4804056462e-03
-1.5135186002e-03
-1.6019969578e-03
4.7041973229e-03
-8.1992579577e-04
-3.9523807390e-04
-1.4243391164e-03
4.5945554472e-04
1.6441865170e-03
-3.1705074276e-03
1.7664636175e-03
-1.8055282289e-03
2.0197263534e-03
-2.3847025606e-03
-1.9342166901e-03
-1.2113749094e-03
6.5022022737e-05
-4.8974262187e-04
-2.5158851987e-04
-7.9821671761e-05
1.1599951359e-03
-6.9037709760e-04
1.1852954721e-03
-3.5499432654e-03
-9.3088789477e-04
-6.3009904119e-04
-1.1244054212e-03
1.2521273495e-03
-1.2441788936e-03
1.4668077470e-03
1.6378746389e-03
-1.0974276276e-03
-2.0108120097e-03
-2.9844087496e-03
3.0627389996e-03
-2.3150608647e-03
3.2523849142e-03
-1.9779957027e-04
1.3680676529e-03
-8.0379249153e-04
-1.1091569188e-03
1.6588528212e-03
-9.1176541290e-04
-1.3757819128e-03
-1.2344380316e-04
6.6080055349e-04
1.5227101280e-03
-1.4603736710e-04
9.6056649227e-05
-1.4285592774e-04
6.6278390995e-04
-1.4202179341e-03
-9.6823383810e-04
-1.8898146537e-03
1.2850177006e-04
9.2185487212e-05
-1.6307314998e-03
1.3556284370e-04
-1.5118066946e-03
-2.6547341219e-04
-9.6194137038e-04
-2.3434797934e-03
-2.7245786395e-03
-9.8386434016e-04
-2.4043548760e-04
1.2170297250e-03
-5.4103356214e-04
-5.4633905932e-04
-9.2748631530e-04
4.0180069972e-03
-7.9364571919e-04
1.2574661344e-03
2.7619362880e-03
2.4687476201e-04
-1.2581315268e-03
-1.0237420768e-03
-2.4918349724e-04
-8.6113044875e-04
-5.8429169290e-04
1.7529086358e-03
4.4693773036e-03
-7.2990887374e-04
-1.4780606678e-03
-9.9891037525e-04
2.3420753574e-04
-2.4330651060e-04
-1.4856819740e-03
7.4117537446e-04
-4.1585449008e-04
-2.5854702220e-03
-3.4246665389e-04
-4.6211893291e-04
-9.5449109413e-04
-4.7415459016e-04
-1.0762542200e-03
9.3660317768e-04
1.3138455628e-03
1.6669640428e-03
-5.8921823299e-04
1.1535011210e-03
8.7193641777e-06
1.2380254066e-03
-2.9057434504e-04
-9.3910081277e-04
-1.0368223552e-03
-2.3401644016e-04
3.6096224749e-03
-2.0390337955e-03
1.0729675199e-04
8.8408720740e-04
3.6784832626e-03
-1.6268170524e-03
3.6746866062e-03
-1.5558860403e-03
9.2464924073e-03
-1.5879832171e-03
-2.3849828329e-03
-2.7805800109e-04
3.2114620830e-03
3.3218363305e-03
1.5182207641e-03
-1.2640022445e-03
-1.8017435371e-03
5.4827287337e-04
4.4860930834e-03
-2.0414612655e-03
-7.8544167289e-05
3.6498497815e-04
-2.0606888521e-04
2.2123169012e-03
3.8609540650e-03
6.0121224386e-04
3.5359656433e-03
1.6471407198e-03
2.9653440740e-03
-4.8303917918e-04
-1.5357328552e-05
3.2629206928e-05
4.2260979652e-04
-3.9781592211e-04
-1.7165739546e-03
2.6627717312e-03
-3.7075421742e-03
1.9262905151e-03
1.0142361429e-03
8.1702529631e-04
9.6093182364e-04
4.7324335033e-03
-1.1337538111e-04
-3.2428741643e-03
-1.8925100460e-03
2.3254253288e-05
-1.5023444952e-03
2.9201534150e-03
-1.3987416228e-03
-6.2703156388e-04
-2.2991589427e-03
-1.5653505779e-03
-2.9673002402e-03
7.8323592578e-04
1.6471054248e-03
-3.3700134363e-03
8.4332665654e-04
7.9735590464e-04
1.3639702269e-03
1.6076587469e-03
-1.7323642414e-03
-5.9308464446e-04
-8.5993383590e-04
-9.6320688723e-04
2.6643743416e-03
5.8653462649e-04
1.7486279067e-03
-1.7286748734e-04
3.3440533708e-03
2.8665545427e-03
-2.5159199543e-03
4.2100933011e-03
-5.9658928127e-04
-1.4617554327e-03
1.4274576564e-03
-3.5438988052e-04
2.4075853648e-03
-1.5245302088e-03
-1.2860859358e-03
3.4234629304e-04
-5.7354237864e-04
-3.5910073026e-03
-1.1166513588e-03
-9.6715396130e-04
-2.0851792686e-03
9.2978896204e-04
4.6904634427e-04
1.5698886117e-03
3.5353701950e-03
-2.5547193148e-03
-1.0973407624e-03
-1.8282810781e-03
-4.0581955579e-03
1.6749312251e-03
-1.5907970861e-04
8.1001199612e-04
-1.0407982317e-03
4.4978651543e-04
1.0305067735e-03
4.7925190271e-03
4.1855648114e-03
-5.9006876410e-04
-2.2322259243e-03
2.4701547022e-03
5.6926209804e-03
2.0678981918e-04
5.2299754995e-05
2.3999514064e-03
1.7433857895e-03
-1.0387812658e-03
-4.8912159185e-05
4.0966553603e-04
1.0300082660e-04
-1.9392556126e-03
5.5332723939e-03
-1.2211170443e-03
1.7534758805e-03
-1.9651943388e-03
1.4663549536e-03
2.2301498042e-03
1.1122261451e-03
1.7584336989e-04
-1.2813493514e-03
1.0520894147e-03
-2.3543843327e-03
2.8632894144e-03
5.2372860698e-04
-4.9380175617e-04
-3.3007480806e-03
1.1514616273e-03
-1.2420440504e-04
8.2456304522e-04
-4.4311553462e-04
3.2773637992e-04
1.9260464140e-03
-2.1193301868e-03
-1.5936635036e-04
-1.6689300731e-03
-3.9966477571e-04
9.1257824016e-04
-1.3779169761e-03
-1.9293312447e-03
-1.2163041539e-03
-1.9550543742e-03
2.5625853297e-03
-1.7437668569e-03
6.1272526741e-04
-3.1594812395e-03
-1.4787757664e-03
1.9096499344e-03
-3.6039209406e-04
-9.2934595616e-04
-9.7851645794e-04
9.0986203372e-04
-2.2245027186e-03
-4.8290587985e-04
2.5811058988e-04
-1.6802494350e-03
7.4845022422e-04
-3.3549690383e-04
-2.4434773692e-03
-3.7269763394e-04
-5.9720260885e-04
-9.7067719785e-05
-2.4190860619e-03
-2.3652574012e-04
7.3505635534e-04
7.6453681625e-04
3.7407916694e-03
-2.9066832560e-04
1.8746973775e-03
-1.9751283068e-03
-7.0978151252e-04
2.1079167560e-03
2.9012386607e-03
-8.4637816767e-04
4.6869202869e-04
1.0736703197e-03
-2.9899330842e-03
2.9687439819e-03
1.4731949556e-03
-2.8788437865e-03
-6.2724235609e-04
-7.1226856334e-04
-1.4873991744e-03
-7.9946665394e-04
-1.4139109579e-04
-1.1431550488e-03
-2.5569917727e-03
-2.3810518791e-03
6.0183969916e-04
1.3279796433e-04
-6.2055761847e-04
-1.0076639122e-03
-6.4950962675e-04
1.5859708908e-03
-2.0569486935e-03
6.0289068787e-04
7.4924910718e-04
9.6940989141e-04
-1.0548148971e-03
-1.8997422683e-03
-4.3690899128e-04
-3.5262547652e-03
-5.1074905230e-04
3.4309786271e-03
-5.6420427924e-04
1.5689149982e-03
1.4624223614e-03
2.9652999029e-03
-9.4446510620e-04
-3.2996020641e-04
2.8612637393e-04
-7.8234986470e-04
1.1516280022e-03
-8.0913550302e-04
-1.3274654392e-03
-3.3595843315e-03
-2.8746165278e-03
7.3099809446e-04
1.4342173736e-03
-3.6025538403e-03
8.1485468891e-04
1.2944998629e-03
1.0758770602e-03
-4.6968020622e-04
9.3946723627e-04
1.8446569140e-03
-9.7067844648e-04
1.5617120960e-03
1.0446148725e-03
-2.6665039545e-03
1.6438383581e-03
-1.4548073147e-03
5.6285815085e-04
-4.0337432486e-04
4.7997401811e-03
5.0896246109e-04
3.7370991463e-04
3.9961219516e-05
-1.2178933001e-03
3.2368026004e-04
1.9990438217e-03
-1.0184156756e-03
3.3320182574e-04
1.1903197219e-03
-9.4522397740e-04
-2.1660781524e-03
-2.3309053261e-03
-2.5703842323e-03
8.5588438789e-04
-4.8067170869e-04
8.3193285733e-04
-1.8611303844e-03
1.2885221719e-03
-2.7815495275e-03
2.8816827682e-03
1.3072752196e-03
1.0905329049e-03
6.6885009767e-04
1.8378195548e-03
7.9920997706e-05
-1.0102329686e-03
-1.7626573806e-04
9.1887313152e-04
2.3551679570e-03
2.8644962137e-03
-7.3830765028e-05
-2.6256763977e-03
1.5360777295e-04
-9.1967196778e-04
2.4313152101e-03
7.9575020378e-04
-3.9358467698e-04
-2.1795987276e-03
-1.3765385074e-03
-6.9925209202e-04
-6.5594107230e-05
-2.1463762596e-03
1.5249203169e-03
-8.9507926072e-04
5.1100715045e-04
-4.1181714913e-04
1.0574044094e-03
5.7069734851e-04
-3.7201735363e-04
-7.4103500846e-04
-5.3928049329e-04
-1.0764153961e-03
-1.6547229914e-03
-1.1382369448e-03
-1.3195376872e-03
3.0286868890e-03
3.6626995011e-04
-1.3024699052e-03
9.7672758857e-04
-3.2436654661e-04
-2.7589926372e-03
2.3757307044e-03
-5.8366690979e-04
1.1006502168e-03
-3.6306933582e-05
-1.9047297337e-03
-8.1112225749e-04
3.1587073558e-03
-1.4872594602e-03
-1.2166458459e-03
-9.1103702608e-04
-1.3860536451e-03
4.2695675852e-03
8.1385249191e-04
-3.3648193963e-04
5.2351101157e-04
-3.3612265633e-04
-2.1984168382e-03
5.3536013368e-05
9.9695057022e-04
8.3939964936e-04
3.6631921262e-03
1.7033161633e-03
-3.3622171767e-03
-9.3595324393e-04
-9.7894269644e-04
-4.4026104351e-05
-2.3269565721e-03
5.1282191139e-04
-7.0998862457e-04
-7.3674441100e-04
2.9714778069e-04
8.2571202317e-04
-7.9276730547e-04
2.2900953273e-03
4.1142733268e-04
-1.9863890384e-03
4.8705725271e-04
-9.0954830519e-04
2.0807786538e-04
-1.8299369344e-03
-4.9576481602e-04
4.3477925799e-03
-6.0297875834e-04
-1.5254308121e-03
-5.2779934679e-04
-4.0513262070e-04
9.6502158836e-04
-2.0872911211e-03
6.7855697907e-04
-1.0948711875e-03
7.3673005067e-04
-1.3305301302e-03
1.8506110388e-03
-4.8998474698e-04
-1.2222397010e-04
-5.2638508514e-04
-1.4803074495e-03
2.7694005014e-03
-2.0994108659e-03
5.2884004940e-05
-1.7668142710e-03
-1.0116624277e-03
2.3204166609e-03
-2.5088837799e-03
-1.4836945981e-03
2.0150692078e-03
2.4729825926e-04
5.0724636175e-04
5.8318131785e-04
-7.2104470378e-04
-1.8272029044e-03
-1.1749642590e-03
2.5501960499e-04
2.2367641235e-03
9.6076058422e-04
-2.2431593973e-03
-1.3287641245e-03
7.2786775858e-04
3.4731006288e-05
-6.0778742810e-04
1.3799437482e-03
2.8630453304e-03
1.8021661181e-03
-7.3205470378e-04
-1.7634601484e-03
1.2357488810e-03
1.2568479086e-03
1.0405517444e-04
8.9431071419e-04
8.2584649110e-04
1.2133408229e-03
5.1019444560e-03
5.0750170346e-05
2.5004717954e-03
-3.0481546152e-04
9.9889506557e-04
4.7094236631e-04
2.0612094231e-03
2.8045824083e-03
8.9857997937e-04
-1.5751275992e-03
-4.9305316960e-04
7.8840731418e-04
5.8491663230e-04
-1.5433568755e-03
-2.6620071542e-03
-6.0974480866e-04
-6.5416732912e-04
-7.1975441779e-04
1.3919357580e-03
1.0863084919e-03
6.8757979817e-04
6.5682296351e-04
-1.4411594110e-03
1.8309681748e-03
-1.3017560478e-03
-8.4690370452e-04
2.8890897008e-03
2.4016464335e-03
-1.2350802370e-03
-9.9500614230e-04
7.3698659557e-04
-8.9922926791e-04
1.2548125253e-03
7.8625879836e-04
-5.7317720387e-04
6.7376798009e-04
-3.6989705783e-04
6.4559150214e-04
2.4438700234e-03
-4.4274360515e-04
-2.4038703707e-04
1.5874222390e-03
2.2499975046e-03
3.7843887720e-04
-9.9887092599e-04
-9.6635329116e-04
-2.4809654374e-04
3.7543386792e-04
-2.5796692035e-04
4.5015509657e-05
-1.6898723757e-03
2.3091691959e-03
-2.2906198836e-03
3.1509417537e-03
1.8670364441e-03
-1.1287101751e-03
3.3815466897e-03
5.5473413285e-04
2.7882858648e-03
-3.8695998056e-04
-1.5728744316e-03
7.5175435979e-04
1.3840382145e-03
-5.4015699794e-04
2.5858331036e-03
-1.2527832314e-03
2.2692377349e-03
2.7348041203e-04
4.2609983896e-04
-1.2766916760e-03
-2.5190374806e-03
1.3492665947e-03
2.0905509987e-03
-3.6615901920e-04
-8.5550584651e-04
8.4779983732e-04
-1.5962697194e-03
2.4542774722e-03
1.7128872089e-03
-8.2989678692e-04
3.8382671267e-03
2.2019208247e-03
5.7697280498e-04
5.5616421378e-03
3.8160323326e-04
-2.3160261613e-04
1.0887874960e-03
-1.3886173503e-03
2.8849623104e-03
1.4893364424e-04
4.6600473263e-03
3.6431500517e-04
-9.3963681059e-04
-1.1251003180e-03
-4.3997524129e-04
-2.2674502851e-04
1.0659325595e-03
1.0393942692e-03
-6.6668841111e-04
5.8445549635e-03
2.3365924081e-03
1.3060619743e-03
-1.0744895215e-03
-1.0914950221e-03
4.6276644618e-04
3.6255045734e-04
1.7687888148e-03
-2.8406039476e-03
4.6935495152e-03
7.9597409521e-04
3.9181865945e-05
-2.9205083371e-03
-8.1677626420e-04
9.4599562987e-05
1.8475558650e-04
2.0425279251e-04
5.6784274274e-04
-5.3957334641e-04
-1.4832721555e-03
2.4570226165e-03
6.8934658091e-04
-1.3398160963e-03
-1.6425859502e-03
-3.8460990805e-04
1.4802308307e-03
1.0809141725e-04
1.7771932154e-03
-1.3658051024e-03
-5.5242631460e-04
-2.7247357014e-03
3.6503523863e-03
-1.8572185745e-03
3.8810319168e-04
-2.1627595939e-03
-5.2087331520e-04
6.6982331081e-05
1.6688746845e-04
-1.5799549365e-03
1.7147625313e-04
-9.7261701167e-05
2.3583788292e-04
2.8239280804e-03
-2.5663675172e-04
4.5406058266e-03
2.5276778739e-04
1.9240359401e-03
-2.7812721028e-03
-3.0798943001e-04
9.5292881903e-04
4.0224182869e-03
-2.8247026943e-04
9.5650949871e-04
-9.1371657024e-04
-1.9157660358e-03
-5.7756343840e-04
-7.3083680567e-04
-1.7188328889e-03
-1.0135006305e-03
1.8010913928e-03
1.2315772677e-04
-2.0755276997e-03
-1.0561817675e-03
-2.2627728572e-03
-3.2600882513e-03
-1.3037679209e-03
4.6343213884e-04
-2.2275347588e-03
-1.4089057212e-03
-2.8025450860e-03
2.3736927732e-03
-2.8565488142e-04
-9.4783007906e-04
3.8208382458e-04
-1.4573739399e-04
8.1827385884e-04
3.0950814897e-03
4.9974423913e-04
4.8873102382e-04
3.1756232559e-03
-1.1079027612e-03
3.3240928017e-03
-2.0268847418e-03
2.2507809319e-03
-1.1425074457e-03
-2.1292960890e-03
2.3508335020e-04
3.0266582436e-04
6.5828052295e-04
-3.2467999678e-03
-5.6174053106e-04
1.0899440271e-03
1.0647291409e-03
2.3764187585e-03
-1.9038004507e-03
1.2344080530e-03
-1.6804872823e-03
2.0577435254e-03
2.5312994553e-03
-1.0654946881e-03
-1.6021201212e-04
-9.8500378611e-04
1.5440591030e-03
4.1097405494e-03
-2.0298685528e-05
2.2173364620e-04
4.6431948301e-04
-1.7018984579e-03
3.1434601314e-04
-1.7924595104e-03
-2.3189655615e-03
-1.5538484530e-03
8.0724537917e-04
-6.8393295550e-04
4.0049394523e-03
-8.1595113337e-04
-5.0744729116e-06
-1.8456785982e-03
1.4588433444e-03
1.9309683196e-03
3.5951612527e-03
-6.8590003475e-04
2.4727637673e-04
-2.1085480467e-03
-1.1790787961e-03
1.8194463279e-04
2.2402526949e-04
-3.4365153953e-03
5.1708755844e-04
8.8334286153e-04
-6.1914652796e-04
1.1281883740e-03
-3.2106506843e-04
-2.6348071631e-03
-4.3605991069e-04
5.7883096175e-04
-6.5230697947e-04
1.5511353582e-03
2.1736200296e-03
-2.7120078808e-04
3.4142914918e-03
-1.4126902212e-03
-5.0049333496e-04
-1.7082413852e-04
-1.2560896183e-04
-1.0887782370e-03
-2.1854215567e-03
-7.8446858270e-04
1.4589510849e-03
-1.4191956124e-03
1.8568052559e-03
-4.1835167130e-04
-1.0144169453e-03
-1.5080850908e-03
-1.8110678955e-03
-2.4355308575e-03
-3.1591456566e-03
4.6166106638e-06
2.7154097503e-03
4.3632913079e-04
-3.0122467022e-03
-2.5012560835e-03
-6.6664484705e-04
-2.9648732993e-04
-3.6211439203e-04
1.5685357096e-03
-3.0275999793e-03
-1.8442942734e-03
1.3078647502e-03
6.5010698079e-04
1.5318502670e-03
-7.9571204702e-04
-1.2012382966e-03
3.1556060499e-04
1.1210667145e-03
7.2303191830e-04
5.7198646797e-04
-1.0060256704e-03
2.2282190145e-03
-9.7228658401e-04
2.3173450539e-03
-3.5731743485e-04
1.7380502855e-03
-3.1062643057e-04
9.8277214816e-04
2.8622786929e-04
5.4139683314e-04
-1.8449287216e-03
4.9475622762e-05
2.6688585875e-03
2.0496023205e-03
-1.3603614773e-03
3.2530156732e-03
2.1915301063e-03
-1.0471413003e-03
-1.8620979528e-03
-8.2339284158e-04
-1.9128414592e-03
-2.9133382206e-04
2.3343157569e-03
-2.1550410136e-03
3.5931121553e-05
-6.3628271797e-04
-9.9299759738e-04
-3.4279946503e-03
-1.4899627453e-03
1.8469579134e-03
2.1306703446e-03
1.5110272788e-03
-1.0564223491e-05
-6.7395260691e-04
5.3714408028e-04
3.0088645727e-04
-1.1138864168e-03
-1.4873908595e-03
1.5533024897e-03
2.6688762061e-04
-3.2851500565e-03
1.0309053389e-03
-1.4980503828e-03
1.6714087033e-04
3.3139162513e-04
9.9971696473e-04
2.6993991090e-03
-1.1551787184e-03
-3.7854278833e-04
1.2655062493e-03
-2.9938527013e-04
1.4482466529e-03
-6.2587381873e-05
9.4815924904e-04
-3.0168065879e-03
-9.3557978296e-05
-2.6794072791e-03
-1.4276719215e-03
-4.0129559714e-04
-5.5546230044e-04
-9.9051164832e-04
-9.1411123711e-05
-6.7137274637e-04
3.9883283225e-04
-1.7874355605e-04
7.9919274062e-04
-4.6459105143e-04
-3.4641133805e-04
3.3033142993e-04
1.0784799711e-03
8.7892758663e-04
-1.0554363906e-03
-1.1019278081e-03
-2.0339005132e-03
1.4961329435e-04
-1.0381456822e-05
-4.3191048035e-04
-7.7012048213e-04
5.1195072594e-04
3.4629541471e-04
3.1799317903e-03
3.4934848702e-03
-1.1943498782e-03
-1.3920247691e-03
-1.5685714406e-03
2.1461852573e-03
3.8338824903e-04
2.9557030914e-04
7.7154823861e-04
-1.4718279850e-03
1.9741740770e-03
-1.5065078351e-03
-1.9482325015e-03
3.6167475840e-03
2.3932146056e-03
6.8049938979e-04
-1.6560736252e-03
-9.7200145524e-05
-2.5890066547e-05
1.2762283990e-03
3.3468383520e-03
-9.7994620707e-04
-1.8859528634e-03
-3.4932857694e-05
-2.6814628169e-03
-2.4837736262e-04
-4.2506373383e-03
1.7082308476e-03
-3.8141531447e-03
2.4832089635e-03
-7.0550083879e-05
8.5104720583e-04
-2.2128508480e-03
-1.8949901384e-03
9.9568292013e-04
-9.3257456493e-04
-2.4233876751e-03
2.2398996070e-03
4.1545873129e-04
9.6344271633e-04
9.6311478962e-04
-1.0416225644e-03
2.7403344255e-03
-1.0751868209e-04
-1.3398861039e-03
-1.8041779248e-03
-7.6752014667e-04
5.5352727708e-03
1.2964234584e-04
-2.4366532971e-03
-1.6399380724e-03
3.4518922363e-03
1.5794904006e-03
1.5832552621e-03
-1.3050118073e-03
-1.7074693187e-03
-9.3548404919e-04
-4.8396760628e-04
-1.5188036272e-03
-1.0462566485e-04
3.9595026946e-03
-1.6622601836e-03
2.0629003282e-03
6.2310339038e-04
-5.0946295501e-04
-9.8366153675e-04
-2.5092351784e-04
7.7950133867e-04
-8.8855558607e-04
7.1007464613e-04
-1.7525962110e-03
3.0720310118e-03
6.9877953421e-04
-3.6329015099e-04
-1.2725926085e-03
5.9768242796e-04
1.4704518454e-04
-1.0586025115e-03
-1.3548744998e-04
2.5223518203e-03
3.3233707616e-03
-8.7124462038e-04
2.9468406012e-03
1.3405720043e-04
5.9342266512e-03
-2.2609177661e-04
-1.0936707832e-03
9.3274647557e-04
2.0244322660e-04
6.5677738266e-05
4.1495535277e-04
3.4240473038e-03
-8.0195570726e-04
6.0393467268e-04
2.2688426106e-03
-2.4511686997e-03
3.7566899677e-04
1.0272350878e-03
-3.2757520692e-03
-4.1873125545e-04
1.6015350417e-03
2.7786905315e-03
1.6181239588e-03
1.3259169146e-03
8.3383641545e-04
2.9052177872e-05
4.0509199926e-03
3.7989149819e-03
4.0684304454e-04
-2.5584718988e-03
-6.6589512863e-04
1.5286453348e-04
5.4938805111e-04
7.2375229403e-04
-2.2616469987e-03
-2.2272111664e-03
-7.0614672799e-04
3.0832493832e-05
-1.2103284878e-03
-4.3340808240e-04
-4.1428112626e-03
-1.0702694903e-03
-5.1890813883e-05
-2.1677353343e-03
-5.8362555068e-04
-1.6678929969e-03
2.5005069055e-03
2.7733061300e-03
-2.3580288864e-03
4.3565717474e-04
1.0688809608e-03
5.7896796823e-04
-5.3051852977e-04
4.9698215196e-04
-7.7059956661e-04
-6.6678423142e-04
-2.2755490831e-04
4.4577014390e-04
-7.8086097811e-04
2.4022887745e-04
-1.4670503600e-03
-7.6672491150e-04
-7.3756076713e-04
-2.0047667351e-03
4.1682133074e-04
-9.0608855376e-04
1.0919731028e-03
-6.4118280002e-04
-3.3183339518e-03
-1.2802444725e-03
5.4188935678e-04
1.6970022616e-03
1.2406425889e-03
2.8328706289e-03
-1.2363542164e-03
2.2801465291e-03
-2.4025996778e-03
-8.8164459115e-04
-7.4227853907e-04
4.2417411298e-03
1.0052541527e-03
2.3305002959e-03
-1.1254442578e-04
1.1583415338e-03
-1.4313850213e-03
-1.9310491568e-03
7.8459355381e-04
-1.7739426351e-03
1.1930091136e-03
-7.3529551341e-04
8.7778234094e-05
-2.5644045843e-03
-1.8641143478e-03
-1.1556090166e-03
-1.2675046110e-03
2.5369337391e-03
-2.2431391067e-03
2.0349853522e-03
2.3997890140e-03
3.8665598385e-03
-8.9489459192e-04
-1.0053822000e-03
-7.7382102242e-04
2.5393106313e-03
-1.1705681438e-03
8.6770818158e-05
3.6940132412e-03
-1.4103302631e-03
-2.8044335449e-04
-1.2542137446e-03
5.2870891181e-04
1.2668222378e-04
3.9592927830e-04
-3.2792024610e-03
-3.5454500958e-03
-2.2431931733e-03
-1.7161312106e-03
-2.8784623110e-03
-7.1886976666e-04
1.9297032973e-04
3.0747367843e-03
-3.0395097273e-03
1.1853059456e-04
-3.6178151889e-04
2.4617511050e-03
-1.6373731626e-03
3.0435338332e-04
-1.0267383502e-03
-1.7520055746e-04
-1.5809558444e-04
1.3804952217e-03
-4.8792214988e-04
6.9092022277e-04
-3.4167301340e-04
-1.5295018722e-03
-8.6258064452e-04
-1.0018019037e-04
-2.2433536499e-03
3.2877015052e-03
6.0511048541e-04
2.0087186480e-03
-1.5143516683e-03
-4.0257285718e-04
1.4163678696e-03
1.7608157784e-03
-7.3661132052e-04
-2.6636253372e-03
-7.8893827042e-04
1.7124517431e-04
-1.7535648778e-03
1.5363590357e-03
4.9555597150e-04
7.6831558863e-04
-3.8333584123e-04
3.0325842897e-03
-7.6084563506e-04
3.3864479276e-03
1.2271995426e-03
-7.6154239840e-05
-2.8381862462e-03
-3.3456436317e-03
-5.0006556756e-06
-1.6228051296e-03
-1.5974067630e-03
7.4557235259e-04
2.8889989201e-03
-1.1758050302e-03
1.0360458546e-03
-8.4478667523e-04
-4.0762646587e-05
-1.4109474630e-03
1.4403141561e-03
2.8630789624e-03
2.6758328286e-03
-2.1885073203e-04
2.8036011189e-03
-2.5514222685e-03
1.4689955968e-03
-2.5317866251e-03
8.1389232793e-04
-9.9152085767e-04
-1.7477374594e-03
2.0259182321e-03
4.5734739669e-04
-8.6130294052e-05
3.0239354473e-03
4.1892565107e-03
1.3384191113e-03
2.2560175843e-03
-1.2016461406e-03
1.2717606354e-03
4.5110813734e-04
2.5090819844e-03
-1.5233231644e-03
-2.7473551410e-03
-7.1151572432e-04
-2.5241276568e-03
-3.2514864124e-03
9.2093655114e-04
1.4159603888e-03
2.7294209219e-03
-1.9274947927e-03
-9.5980375517e-04
2.3655215769e-03
-1.3004598726e-05
1.3431058542e-04
3.2994005691e-03
-1.4103373552e-03
-1.4282448236e-03
1.1530333830e-03
1.1150949713e-04
2.3809650911e-03
-3.3889396394e-03
-1.3952080915e-03
-4.7296953968e-04
-1.5189608716e-03
1.1032725484e-03
-6.8607805900e-04
-1.7857423619e-04
-1.2211395475e-03
-1.7816821593e-03
1.4853706281e-03
-1.8828844731e-03
-1.1064671533e-03
-1.2508290292e-03
-1.8277430010e-03
3.5290929230e-03
1.6061376260e-03
-1.9310548873e-03
1.5900112104e-03
9.1351235966e-04
3.1723933127e-03
-1.4483656399e-03
1.7244787521e-03
-2.3216441273e-03
2.6550866725e-03
-9.4054667720e-04
1.4686351744e-03
9.0603410781e-05
-2.0990831363e-03
1.9274280450e-03
2.0833652053e-04
-1.9181533577e-03
-1.0710979252e-03
-1.5337910635e-03
-4.1585748079e-04
7.2894116475e-04
2.9788366805e-03
-1.6848749748e-05
-2.0752561811e-03
-1.7369116861e-03
-2.8983366952e-03
6.7387458903e-04
-3.8961247535e-03
-3.3463632059e-03
-1.3305841840e-03
-2.1757754773e-03
3.4901332768e-03
1.6518241670e-03
-2.4527765649e-03
1.9455127446e-03
-3.7251517283e-04
1.2974276969e-04
-1.8030619624e-03
-1.0662631646e-03
1.8232347408e-03
9.2177557581e-04
1.6059317924e-04
-8.6878002415e-04
-6.2791140303e-05
1.9218478890e-03
1.7074908993e-03
1.9048188746e-03
1.8776226146e-04
5.0414372350e-04
-5.3757692245e-04
-1.3195898765e-03
-1.3232245117e-03
-1.5342892984e-04
-3.7057551002e-04
1.6075820025e-03
6.6954034076e-04
-1.3815027435e-03
-1.7531153216e-03
9.2292873216e-04
1.6826985817e-03
4.1393626520e-04
-9.5157250309e-04
1.2271463785e-04
1.2156506174e-03
1.0054259125e-03
-2.2275015581e-03
7.7882499102e-04
-5.7688198473e-04
-1.0746782009e-03
2.9471363597e-03
-3.4379002242e-04
6.4857607654e-04
-2.9478941936e-03
2.3018277696e-04
6.5993049114e-04
1.7873983976e-04
-2.2227295188e-03
-1.3920390421e-03
1.1517482064e-03
-3.8795846292e-04
6.3902957306e-04
-2.0950784942e-03
-1.9670831850e-03
4.4480249310e-03
-1.1192393764e-03
-1.2517226761e-03
9.4076452051e-06
-4.7823761698e-04
-2.7098533488e-03
-2.1231907580e-04
1.7775808728e-03
-5.6307350972e-04
8.2657071965e-04
-1.1007902144e-03
-2.7323602208e-04
1.4222196384e-03
9.6124786929e-04
1.1578172589e-03
1.4912351768e-03
-2.7181364614e-04
3.0805076875e-04
-3.2641429995e-03
-2.8099957718e-04
-1.3249509223e-03
-1.3820815504e-03
1.4049820098e-03
-2.8078397999e-04
-1.7144429689e-03
-1.9579332511e-04
4.5031758366e-03
1.1063826153e-05
6.8892941311e-04
1.4227619146e-03
-2.1170062457e-03
7.7579106054e-04
-1.4069475610e-03
1.5567541192e-03
3.3509475647e-03
2.6467986587e-03
7.1767012417e-04
-1.1968694247e-03
-1.1688366469e-03
-2.1574493152e-03
3.4806110709e-03
1.4020483775e-03
1.6656593362e-03
1.2608713537e-03
-1.2228495618e-03
1.6958407123e-03
1.4097023088e-04
9.6176596525e-04
2.2730043649e-04
3.5491644711e-04
2.3351735863e-03
5.0248923331e-03
-1.0947288696e-03
-6.0707625901e-04
1.2558675533e-03
-7.8999404738e-05
-9.4060852714e-04
-5.3443857977e-04
-3.0609565311e-05
2.1597788365e-04
-1.0749653267e-03
3.0502378067e-04
-6.6872760482e-05
-5.5925029968e-04
-6.4989412633e-04
1.2575634857e-03
-1.5210532049e-03
2.5646150945e-04
1.6071559100e-03
-3.4762358845e-04
-2.8639948564e-04
1.9908322194e-04
5.5178588167e-04
1.7507510449e-03
1.4693683058e-03
-9.8912035722e-04
-2.2295555014e-03
-2.7323110037e-03
2.1719631313e-03
-6.3218576006e-04
7.2527784936e-04
-3.4611236986e-03
-8.7441909184e-04
9.7321347349e-05
2.5551027693e-03
1.1005414141e-03
-1.9143676988e-05
-1.0729217303e-04
-2.4673672443e-03
-3.5105574766e-03
4.6329396421e-03
1.9859490236e-03
-3.8241587291e-04
-8.1055018123e-05
-7.4912018649e-04
2.5258180615e-03
-2.3496437957e-03
1.5419673664e-03
1.3125205581e-03
6.0027879477e-04
2.8921060583e-04
-2.0033128022e-04
-1.8027977145e-03
2.9237416798e-03
9.8683528450e-04
2.6498775787e-04
-2.7302406807e-04
8.0357065435e-04
2.6918589051e-03
1.7237207650e-03
-1.5340710626e-03
-2.1642108298e-03
9.1769801342e-04
9.9561401671e-04
2.0868767419e-03
-6.1012483367e-04
1.6958287757e-03
5.7626983852e-04
-2.4151715740e-03
1.6908614341e-04
-1.1200900864e-04
4.3828526313e-04
9.0317770474e-04
-1.8246071332e-03
-2.6766978810e-03
4.3290272311e-03
-6.8300616883e-04
5.8401674462e-05
-1.6542649100e-03
1.7175984170e-03
1.6882671049e-03
2.8556259515e-03
3.8100161522e-04
-6.4450064941e-04
-6.0837010007e-04
-2.1586579448e-03
1.0674506390e-03
-1.7159490545e-03
-1.7572059497e-03
-1.7982684929e-03
2.2492719036e-03
2.0264960589e-03
2.4258526961e-04
-5.5513808241e-04
1.1763816202e-03
5.5478011624e-04
-9.9720497700e-04
-7.8337373137e-04
1.4740598404e-03
6.4034712394e-04
-1.2233929556e-03
-3.2492680253e-04
-3.1081707979e-03
2.9853697614e-03
3.3330017610e-04
2.9620358213e-03
5.2323575096e-05
-1.2369972782e-03
1.2479334575e-03
1.1376306268e-03
4.9687732699e-04
1.3018584375e-03
6.4144329197e-04
-5.9364920929e-04
-1.0914778611e-03
-2.9603744117e-03
7.5631935729e-04
1.1597058066e-03
1.7201942680e-03
-1.8893408782e-03
1.5006194495e-03
-1.8917805824e-03
-2.8671774442e-03
1.0070396730e-03
5.2322414073e-04
-1.7228602899e-03
1.6289705837e-03
7.4976681608e-04
8.9547099122e-04
8.6948936223e-04
-8.1475320911e-04
-1.1921606473e-03
-1.3206630472e-03
-2.1529999297e-03
1.9493684549e-03
2.5560653133e-03
-6.2081863064e-04
1.6761954824e-03
-1.4001015520e-03
-6.5024214361e-04
-4.4478675862e-03
-1.6980975838e-03
5.2861073484e-04
-1.4040196964e-03
1.0436997542e-03
-5.4072054126e-04
1.1804132382e-04
2.4310749373e-04
1.7109733567e-03
-1.4349122506e-03
8.9327785836e-05
-2.9945273543e-03
3.2361910999e-03
8.0000119214e-04
-1.3287534193e-03
8.6129301467e-04
-9.2226539726e-04
-6.9923878147e-04
1.4180945046e-03
-2.8618406261e-04
-1.6337709268e-03
-1.5738142161e-03
1.0917114640e-04
1.4150077150e-03
1.9879664826e-03
-1.5740591717e-03
6.5919762757e-04
8.3773635165e-04
1.1320692406e-03
-1.3098060370e-03
2.0587328925e-03
1.3334487082e-04
-2.1184185259e-04
-5.1230300213e-04
-1.8216088763e-03
7.5924769131e-04
1.3544848432e-03
2.4288243838e-03
-1.2330540987e-03
-1.6769610964e-03
5.5882261342e-04
6.1965568905e-04
