398 187
4 105
1 35
1 170
1 101
1 135
1 19
3 52
4 154
2 164
1 119
2 42
1 143
2 151
2 183
3 144
3 179
1 75
2 30
2 160
16 188
4 182
2 103
2 40
3 185
1 114
2 137
1 79
6 29
1 145
2 92
3 184
2 158
1 116
1 82
1 113
3 147
1 176
5 142
4 153
3 110
3 61
4 37
4 118
1 107
1 83
1 106
4 72
6 77
5 20
3 41
1 55
2 126
2 128
1 172
3 186
3 149
4 27
2 112
1 50
2 140
2 89
3 161
1 124
2 155
1 168
1 136
2 94
2 25
2 21
1 90
2 73
1 39
1 60
1 80
1 63
1 111
1 58
1 65
2 146
2 156
1 71
1 99
1 74
2 173
2 100
2 120
3 175
1 131
3 150
1 44
1 121
1 122
1 165
2 125
2 152
2 88
1 32
1 24
1 36
1 95
2 157
1 130
2 57
1 43
2 162
2 171
1 45
1 86
1 93
1 138
1 78
1 51
1 174
1 127
1 31
1 23
1 54
1 59
