1 10
2 10
3 10
4 10
5 10
6 10
7 10
8 10
9 10
10 10
11 10
12 10
13 10
14 10
15 10
16 10
17 10
18 10
19 10
20 10
21 10
22 10
23 10
24 10
25 10
26 10
27 10
28 10
29 10
30 10
31 10
32 10
33 10
34 10
35 10
36 10
37 10
38 10
39 10
40 10
41 10
42 10
43 10
44 10
45 10
46 10
47 10
48 10
49 10
50 10
51 10
52 10
53 10
54 10
55 10
56 10
57 10
58 10
59 10
60 10
61 10
62 10
63 10
64 10
65 10
66 10
67 10
68 10
69 10
70 10
71 10
72 10
73 10
74 10
75 10
76 10
77 10
78 10
79 10
80 10
81 10
82 10
83 10
84 10
85 10
86 10
87 10
88 10
89 10
90 10
91 10
92 10
93 10
94 10
95 10
96 10
97 10
98 10
99 10
100 10
101 10
102 10
103 10
104 10
105 10
106 10
107 10
108 10
109 10
110 10
111 10
112 10
113 10
114 10
115 10
116 10
117 10
118 10
119 10
120 10
121 10
122 10
123 10
124 10
125 10
126 10
127 10
128 10
129 10
130 10
131 10
132 10
133 10
134 10
135 10
136 10
137 10
138 10
139 10
140 10
141 10
142 10
143 10
144 10
145 10
146 10
147 10
148 10
149 10
150 10
151 10
152 10
153 10
154 10
155 10
156 10
157 10
158 10
159 10
160 10
161 10
162 10
163 10
164 10
165 10
166 10
167 10
168 10
169 10
170 10
171 10
172 10
173 10
174 10
175 10
176 10
177 10
178 10
179 10
180 10
181 10
182 10
183 10
184 10
185 10
186 10
187 10
188 10
189 10
190 10
191 10
192 10
193 10
194 10
195 10
196 10
197 10
198 10
199 10
200 10
201 10
202 10
203 10
204 10
205 10
206 10
207 10
208 10
209 10
210 10
211 10
212 10
213 10
214 10
215 10
216 10
217 10
218 10
219 10
220 10
221 10
222 10
223 10
224 10
225 10
226 10
227 10
228 10
229 10
230 10
231 10
232 10
233 10
234 10
235 10
236 10
237 10
238 10
239 10
240 10
241 10
242 10
243 10
244 10
245 10
246 10
247 10
248 10
249 10
250 10
251 10
252 10
253 10
254 10
255 10
256 10
257 10
258 10
259 10
260 10
261 10
262 10
263 10
264 10
265 10
266 10
267 10
268 10
269 10
270 10
271 10
272 10
273 10
274 10
275 10
276 10
277 10
278 10
279 10
280 10
281 10
282 10
283 10
284 10
285 10
286 10
287 10
288 10
289 10
290 10
291 10
292 10
293 10
294 10
295 10
296 10
297 10
298 10
299 10
300 10
301 10
302 10
303 10
304 10
305 10
306 10
307 10
308 10
309 10
310 10
311 10
312 10
313 10
314 10
315 10
316 10
317 10
318 10
319 10
320 10
321 10
322 10
323 10
324 10
325 10
326 10
327 10
328 10
329 10
330 10
331 10
332 10
333 10
334 10
335 10
336 10
337 10
338 10
339 10
340 10
341 10
342 10
343 10
344 10
345 10
346 10
347 10
348 10
349 10
350 10
351 10
352 10
353 10
354 10
355 10
356 10
357 10
358 10
359 10
360 10
361 10
362 10
363 10
364 10
365 10
366 10
367 10
368 10
369 10
370 10
371 10
372 10
373 10
374 10
375 10
376 10
377 10
378 10
379 10
380 10
381 10
382 10
383 10
384 10
385 10
386 10
387 10
388 10
389 10
390 10
391 10
392 10
393 10
394 10
395 10
396 10
397 10
398 10
399 5
400 5
401 5
402 5
403 9
404 1
405 5
406 8
407 6
408 3
409 3
410 3
411 4
412 4
413 4
414 4
415 4
416 4
417 2
418 9
419 9
420 8
421 4
422 4
423 10
424 10
425 8
426 8
427 8
428 1
429 1
430 1
431 7
432 6
433 6
434 4
435 4
436 10
437 10
438 10
439 10
440 10
441 10
442 10
443 10
444 10
445 10
446 10
447 10
448 10
449 10
450 10
451 10
452 10
453 10
454 10
455 10
456 5
457 5
458 9
459 9
460 10
461 10
462 10
463 2
464 8
465 8
466 7
467 6
468 6
469 6
470 6
471 6
472 6
473 8
474 5
475 5
476 10
477 10
478 10
479 4
480 4
481 2
482 7
483 2
484 8
485 8
486 8
487 1
488 8
489 8
490 8
491 8
492 8
493 4
494 4
495 4
496 4
497 2
498 2
499 2
500 3
501 3
502 3
503 9
504 9
505 9
506 9
507 2
508 2
509 2
510 2
511 5
512 7
513 5
514 7
515 7
516 7
517 7
518 7
519 7
520 7
521 7
522 7
523 7
524 6
525 6
526 6
527 6
528 6
529 9
530 9
531 9
532 3
533 2
534 2
535 2
536 2
537 1
538 10
539 10
540 10
541 4
542 4
543 4
544 6
545 6
546 6
547 6
548 2
549 2
550 3
551 8
552 8
553 5
554 5
555 4
556 4
557 4
558 2
559 4
560 4
561 1
562 8
563 5
564 5
565 6
566 6
567 6
568 6
569 5
570 7
571 7
572 9
573 3
574 7
575 3
576 2
577 3
578 3
579 8
580 8
581 4
582 4
583 7
584 5
585 7
586 1
587 1
588 5
589 5
590 2
591 2
592 1
593 1
594 1
595 8
596 4
597 4
598 4
599 9
600 2
601 2
602 1
603 2
604 2
605 4
606 4
607 5
608 5
609 6
610 6
611 9
612 5
613 4
614 4
615 2
616 3
617 3
618 9
619 4
620 4
621 1
622 1
623 9
624 7
625 5
626 8
627 7
628 3
629 1
630 2
631 6
632 6
633 3
634 3
