-2.5806299583e-02
-5.1127821210e-03
2.3789965133e-02
-2.9913448807e-02
1.0580843474e-02
1.7549781839e-02
7.3603697508e-03
-2.2352021365e-03
-1.0655473697e-02
-7.5434374978e-03
-2.2628230327e-02
2.0679153650e-03
-6.4525688250e-03
-1.1693805343e-02
-1.8134436286e-02
1.8341528271e-02
9.8396978468e-03
1.6039201370e-02
-2.9746158113e-02
-6.6115386935e-04
-2.8792252574e-02
-1.7987379252e-02
1.9668790695e-03
-1.4187178334e-02
-1.4511378812e-02
-2.5353755496e-02
1.7436629839e-02
2.1266680828e-02
-2.4159986812e-02
9.1709364228e-03
1.8095717224e-02
2.5893155834e-02
-1.5368598516e-02
2.2138041204e-02
-3.1907485879e-03
-2.8180134989e-02
3.9194263091e-03
1.1649770494e-03
-2.8458442427e-02
-2.6101092957e-02
-1.1112810199e-02
-1.7611015613e-02
5.8081374066e-02
-2.8415907364e-02
3.1479157650e-03
-1.8856394955e-02
-1.6593764448e-02
-8.1148386840e-03
-9.4672801963e-04
-3.7735587185e-03
7.3966592396e-03
1.4330434278e-02
1.5121079658e-02
-1.6599353733e-02
1.6626131072e-02
-2.1671024433e-02
-2.9794823233e-03
2.7547156914e-02
-1.6599015563e-02
1.3219475338e-03
-2.5584705895e-02
-4.9294344547e-03
-8.6312924942e-03
1.1731208923e-03
-2.7453040875e-02
-5.8153815057e-03
-4.5128847698e-03
-1.3822220088e-02
2.6569909691e-04
-2.7025134898e-02
-1.1708288876e-02
-2.2460536178e-02
9.8340059140e-03
-2.5462508650e-03
-7.8903830359e-03
-3.0948607664e-02
6.4917749952e-02
1.6238438117e-02
-7.5986226126e-03
-2.1619974786e-03
-9.6907965686e-03
-2.3011470507e-03
-1.4197063358e-02
1.4808270799e-02
-3.0145981698e-03
-1.1564722682e-02
-1.9085012351e-02
-2.9147013556e-02
2.3957282417e-02
2.4530932013e-02
5.2258876993e-02
2.4117727972e-02
-1.6034840043e-02
-3.2366366258e-03
-3.0090542474e-02
2.5539955046e-02
3.1619417140e-02
4.9473917622e-03
-2.2643244998e-02
-1.4544837777e-02
-2.5544183576e-02
-2.3106593019e-02
8.0886668982e-04
-1.4483475242e-02
4.3307674530e-03
-2.7793126295e-02
1.5833475971e-02
-1.0953673375e-02
2.5803570860e-02
1.1859052637e-02
3.3640688058e-03
1.2325856526e-02
-2.0320879593e-02
1.1272165399e-02
-2.8944513976e-02
4.2916071067e-03
2.2771026284e-02
-2.9262962218e-02
-6.5282038098e-03
-1.0811214501e-02
-9.8190477578e-03
-4.1871275733e-03
1.3020018284e-03
1.8627173307e-02
7.4940292488e-02
-1.5496091815e-02
-5.0587443084e-03
-2.5421412200e-02
-1.2717507710e-02
-2.6072869250e-02
1.9822138771e-02
-1.2669014109e-02
-1.6952749815e-03
-1.7100991333e-02
1.3285745774e-02
3.3654016228e-02
5.9410582770e-03
-2.8498841166e-02
-1.9282617688e-02
6.7683489435e-03
1.9094453453e-02
1.7809387967e-02
-1.6677070765e-02
6.1807543597e-02
1.0369769681e-02
-1.1126285476e-02
2.2194054864e-02
-8.2966038389e-03
-2.4749968788e-02
-8.1295754016e-03
-2.3489590637e-02
-2.9087595349e-02
-1.7981209077e-02
-1.5931985396e-02
-2.8141007914e-02
-1.1166836698e-02
-2.8430939904e-02
3.0079113776e-02
-2.4005255856e-04
-2.6762040357e-02
1.9905941475e-02
-1.8961065495e-02
-9.3967134039e-03
4.0518788211e-02
-2.1763552746e-02
-6.5968507310e-03
-1.0225337113e-02
3.8490230588e-02
-2.1941040498e-02
-1.2735200610e-02
-5.1708968779e-03
-1.7752057481e-02
-1.9932873227e-02
-2.3265699702e-02
-7.3699094324e-03
6.1104837772e-03
2.3120324725e-02
2.3961454140e-02
-1.2109083606e-02
-2.8225741208e-02
-1.2571690974e-02
-2.1027604371e-02
-2.4757836564e-02
-3.4836340135e-03
-2.6136429713e-02
3.9514415864e-02
4.3699179177e-02
-1.4030569685e-02
-6.0473341505e-03
3.0151155009e-03
5.2100539498e-02
-1.9794193495e-02
6.1272364127e-02
-2.3346941289e-02
8.3210828935e-03
-9.8529595142e-03
3.7912580157e-03
-2.9246538331e-03
-2.4127954722e-02
-1.8850342697e-02
-4.6839941965e-03
-2.4022526750e-02
-2.3731185894e-02
-4.4905655998e-03
9.2768933816e-02
-2.5539728326e-02
-2.8251321230e-02
-1.8898517064e-02
-1.6077556302e-02
-2.3605034276e-02
-1.6596359514e-02
9.9315139851e-03
4.1987325342e-02
1.6672893535e-02
-2.6501841726e-02
-2.0996554843e-02
-2.8673695486e-02
7.3026509140e-03
-2.8784418039e-02
-2.9404919467e-02
1.8691826164e-02
-2.0725747789e-02
-2.7296364642e-02
6.5226849622e-03
1.7962576206e-02
-1.4175637451e-02
-2.1841362800e-03
-8.4407480852e-03
1.3739785895e-02
5.5379081995e-02
-1.8899714055e-03
-1.1194859920e-02
-1.9955088267e-02
2.9626484417e-02
-1.0665552041e-02
2.6276998173e-02
2.3002132090e-01
6.9861408130e-03
-2.7439595445e-02
8.4629627109e-05
-2.1213888780e-02
-1.8461251056e-02
-2.4830094261e-02
-2.3583021618e-02
1.0324241884e-02
6.7442010236e-03
1.1761196928e-02
-2.7748402649e-03
1.2766194391e-02
6.2406738402e-02
-2.1462658825e-02
-2.2298856276e-02
-2.1743214769e-02
-1.6307460990e-02
-2.8502670474e-03
-7.4263453508e-03
2.9073713904e-02
-2.8327367414e-02
6.8320625122e-03
-1.5182702950e-02
-7.1155262154e-03
1.9896909671e-02
-2.7958443929e-03
-1.1485997829e-02
-2.1050830019e-02
1.7866964896e-02
-2.9081068873e-02
2.7726228548e-02
3.1976647209e-03
2.7765405054e-02
-3.0801256322e-02
-1.1518445612e-02
-2.2082794680e-02
1.5612144480e-02
-2.5864347328e-02
-2.2744495855e-02
1.7701122781e-02
4.8135661087e-03
-2.8789402997e-03
8.1956701085e-03
4.3141263051e-02
-2.3141907526e-02
-1.4207178076e-02
-1.7867153203e-02
1.2854417603e-02
1.5043157248e-02
1.8338721186e-02
2.3931545911e-03
-2.8390295391e-02
-2.4833030265e-02
3.7117444234e-02
1.2018142771e-02
-1.1085076041e-02
-2.4351051281e-02
-2.5024161114e-02
1.2960489597e-02
-2.9723721052e-02
-6.9871522535e-03
6.1954025994e-02
1.8317959872e-02
-2.8679856121e-02
1.0277253126e-02
-6.7010119787e-03
3.5891262004e-02
-1.2434044802e-02
1.0632507389e-02
-1.8457663115e-02
-1.4845188215e-02
6.9309869929e-02
-2.1494949334e-02
5.4349094658e-03
-2.4626015562e-02
2.5263878948e-02
9.4803260346e-02
3.0517896150e-02
1.4080829877e-02
-1.9506437610e-02
-2.4369955981e-02
-3.3271268307e-03
-6.9053158296e-03
9.1253500873e-04
-2.7871131419e-02
1.4446750098e-03
-1.0042705580e-02
5.0375284642e-02
1.8627792242e-02
-2.3367833745e-02
-8.5251642180e-03
-1.2481146032e-02
-1.3626688437e-02
-1.5819574231e-02
1.4168373390e-02
9.1378064199e-03
-2.5415276227e-04
-2.6185279312e-03
-2.5419745136e-02
3.2878114723e-04
-2.4528231121e-02
-2.6954802064e-02
-1.6777796154e-02
1.6874981077e-02
-2.9680597211e-02
-4.6610645125e-03
2.8202679969e-02
1.1660333981e-02
-2.6642437040e-02
2.6614130914e-02
-2.6214736847e-02
-1.3281294192e-02
1.2835931744e-02
7.6933282519e-03
-2.3940638497e-03
-1.3373001499e-02
-1.2188815710e-02
1.4144631637e-02
-2.3525717846e-02
-2.4191937546e-02
-6.4944321749e-03
-1.9863096166e-02
1.6477779606e-02
-8.0785563637e-03
-1.4115152505e-02
-1.4018338681e-02
-2.4367083985e-02
7.2509501919e-02
8.2699491243e-02
-7.7992330129e-03
2.4854688850e-02
2.0390850408e-02
-1.0990826967e-02
-2.0725115331e-02
-1.6428189747e-02
-1.8887569214e-02
1.6330375586e-02
-2.5523170944e-02
-1.6707493164e-02
2.0156674918e-02
9.4983569140e-03
2.2343952847e-02
-5.7167709843e-03
1.8220744174e-02
-2.6890957200e-02
-3.5034604149e-03
3.8968509212e-02
-5.3338231280e-03
-2.8166310109e-02
-1.8035188693e-02
3.0971547208e-02
-2.2623558264e-02
1.7315029688e-02
-2.6772555095e-02
-2.7295488038e-02
-7.1215259122e-03
-2.4208536901e-02
-1.9395053268e-02
2.4207610321e-02
1.0867992520e-03
5.5234896667e-03
1.0729736181e-02
2.2789896544e-03
-1.1259563809e-02
-1.3126016843e-02
1.0007135953e-02
1.4863517856e-02
1.5683579838e-02
-4.7264661544e-03
-2.8229037078e-02
-2.0768955194e-02
6.4539949277e-03
1.8397135833e-02
1.9612056548e-02
5.0807497719e-02
1.6260558354e-02
-1.6844471777e-02
1.5865297854e-02
1.5715647458e-02
-2.9437175101e-02
-2.1782375786e-02
-2.6835905891e-02
2.4745770072e-02
-7.4640664749e-03
-2.1319997407e-02
9.2588477036e-03
-1.0307680021e-02
-2.9213743041e-02
-1.3136122369e-02
-1.1695114907e-02
8.5984983404e-03
3.2115757922e-02
-1.2799887064e-02
-4.1307407518e-03
-2.8491497464e-03
1.3009848048e-02
-1.2490163767e-02
-4.9060033703e-03
-4.6691194593e-03
-1.5574411976e-02
-3.7455198734e-03
-3.1221443984e-02
1.6306748644e-02
9.6555903988e-03
-5.1205536337e-03
-1.9459337858e-02
-1.2941372867e-02
1.4091973945e-02
-1.8155766612e-02
2.7059057910e-02
2.5724330393e-02
2.9613544866e-02
7.1388873469e-04
1.2899118496e-01
1.6920011373e-02
2.1349942290e-02
-2.9903819073e-02
-1.2603724620e-02
-3.0010617211e-02
2.6599438574e-03
3.6913873691e-02
9.9068472127e-03
-2.2735763188e-02
-1.8295159835e-02
-1.6242422207e-02
-1.8273437208e-02
-2.5162667169e-02
-1.9128265842e-02
-2.6665691172e-02
-4.7602127631e-03
-2.5646156677e-02
-1.4709015504e-02
2.5214804350e-02
1.2717185847e-02
1.8679996946e-02
-2.5918836563e-02
-1.9082017497e-02
3.1939752054e-02
1.1263344481e-02
-3.7424360598e-03
1.3804930127e-02
-1.0699069816e-02
-2.7130763081e-03
5.2280576266e-03
-4.5339831461e-03
5.6430785638e-03
-2.3611156205e-02
3.8466690251e-02
1.6175340021e-02
-1.7223841503e-02
1.7567378737e-03
-2.2228002315e-02
3.0620623793e-03
7.9549399304e-03
-2.4770886810e-02
5.6109796552e-03
1.0164609608e-01
-1.3509220261e-02
3.4496990934e-03
5.3929647783e-03
7.4454455830e-02
1.9048502115e-02
-5.9635744761e-03
-2.3419865893e-02
7.4046715542e-02
2.0123491029e-02
-1.9017191155e-02
6.3884383095e-03
2.1364468934e-02
1.8551380368e-02
-7.2154997503e-03
1.5113110582e-02
-1.3899923834e-02
3.0073308233e-02
-1.4457988713e-02
2.1737553131e-02
-2.2181553419e-02
8.1882432913e-03
-1.8969594176e-02
-1.4849493493e-02
-2.7382617149e-02
3.1044010106e-02
2.2666876358e-03
-1.9885587583e-03
9.9518512851e-03
-2.3325718058e-02
-9.0259139221e-03
-2.4800499693e-02
1.9712149587e-02
-2.0179658921e-02
-3.0006710631e-02
-2.9042340074e-02
-4.5534660942e-03
-1.5632214225e-02
-1.5936933485e-02
-2.5291708532e-02
-5.7918381906e-03
1.0956210015e-02
1.6627208913e-02
-4.2729963243e-03
2.2914025485e-03
-2.0020684949e-02
-2.4517615155e-02
7.8826990558e-03
1.0164358896e-02
3.0850763939e-02
1.8477097073e-02
6.6231048460e-03
-1.6131990582e-02
-1.7708014726e-03
3.0683057602e-02
1.0371216641e-02
1.2993280088e-02
1.9183083841e-02
-2.9767791010e-04
-2.8986348545e-02
-1.4768585206e-02
9.2852808231e-03
-2.5073951712e-02
-9.8993049106e-03
-1.5806407521e-03
3.0249778963e-04
-1.3925401566e-02
-2.0177555694e-02
-2.4827529218e-02
2.2811374693e-02
9.7738912014e-03
-1.8449008381e-02
7.2336706137e-02
2.1864853540e-02
1.4333026984e-02
-1.3245812693e-02
3.0863547897e-02
7.5530289666e-02
4.1217543302e-02
-1.9585958733e-02
-1.0599671090e-02
1.3093113824e-02
7.7877162489e-03
3.1794908982e-02
-2.6510552758e-02
-9.9301132142e-03
2.8555466839e-03
-1.2881522696e-02
-1.8475187626e-02
1.4125483561e-02
-2.8407041038e-02
-2.9625169750e-03
4.4511558296e-03
-1.7275701706e-02
-2.4580214079e-02
-1.9091121010e-02
9.3825923207e-03
-2.5619321907e-02
5.7383888498e-02
9.6761553890e-03
4.2951543178e-02
-2.8343193159e-02
8.3211497300e-03
-2.8803721399e-02
-1.2803997306e-02
-2.3122653709e-02
1.5273856736e-03
5.7600267574e-02
-3.0257041077e-02
2.8463037697e-02
-1.3939121943e-02
1.1194202026e-03
2.7625342051e-02
2.2144442847e-02
-5.6845908083e-03
-2.7068596086e-03
9.5645942688e-03
3.7548590651e-02
-1.1678028729e-02
2.3806956445e-02
-8.3788258644e-03
-9.9670322656e-03
-2.4863660477e-02
-2.9374007578e-02
-2.1788705844e-02
-1.4886141129e-02
4.7139794151e-02
-2.1560447431e-02
2.1366248701e-02
3.3978897752e-02
1.2653376107e-03
4.0138731641e-03
-2.3239579620e-03
-1.7835838870e-02
1.9705749608e-02
2.2960489950e-02
2.6346232924e-02
-1.9190461833e-02
-5.6151637782e-03
-2.8518125035e-02
7.2720437914e-02
-1.4153499022e-02
2.7330286017e-02
-4.9325603104e-03
8.1479264589e-02
3.6412758608e-02
2.5697428316e-02
-2.1933133228e-02
4.8553723449e-03
-1.9811431266e-02
1.9658161645e-02
2.3140783454e-02
-1.8214835260e-02
-2.6658405389e-02
-3.0129862512e-02
5.2427714999e-02
4.6165336633e-03
-2.8613967156e-02
-2.6202648413e-02
9.4443980945e-04
1.0233190317e-02
-2.3328232841e-02
-9.5816844084e-03
6.1687653091e-02
-2.6017794790e-02
-1.4301907934e-02
-1.8751457055e-02
3.8508237591e-03
-2.0324390698e-02
1.8368342103e-02
-1.3297438472e-02
-1.8523140971e-02
-8.3183323789e-03
-7.3234875898e-03
-2.7866084581e-02
9.5058212622e-04
4.8920253517e-02
-2.9032279949e-02
-2.2306883508e-02
9.6960217642e-04
9.7918112449e-03
1.8608844807e-02
2.3620093219e-02
-9.9000248670e-03
-2.1799402053e-02
-2.5791302519e-02
-2.9245068657e-02
-2.5413532539e-02
-2.2694523047e-02
-2.4955043089e-02
1.2088784877e-02
1.4425359169e-02
-1.8316957846e-02
-1.3980957315e-02
-2.9861321638e-02
-5.2291421729e-03
-1.1667124225e-02
1.1088421911e-04
1.5781973841e-02
-1.3276274252e-02
1.9439614427e-02
1.0286123786e-02
2.0065510904e-02
-2.9622113945e-02
-4.2447020808e-03
3.2676061448e-03
-1.0729834079e-02
-8.2205866246e-03
-1.4443069868e-02
6.6482617360e-03
-1.8238096589e-02
-1.6735152329e-02
-2.7148462474e-02
-1.8806841158e-02
-2.6244346658e-02
2.8326800589e-03
2.1228324340e-02
-2.3868388559e-02
1.5717401513e-02
-3.5709784712e-03
-1.9240116892e-02
-3.3615407767e-03
-1.2135970619e-02
-4.1951875134e-03
-6.2976862671e-03
-2.7944554183e-02
2.9060928751e-02
-1.4412055009e-02
9.4961075941e-03
1.6878735658e-02
8.4660925742e-02
3.7196572374e-04
-2.6123441667e-02
-2.5678910482e-02
-9.8048916926e-03
8.1645836297e-03
-2.8361964436e-02
-3.1061284180e-02
-2.1899750466e-02
-2.9308145729e-02
-4.0796964220e-03
-1.4840000472e-02
-1.5542856357e-02
-4.6703829838e-03
2.5537901704e-02
-3.2166618907e-03
1.0333101981e-02
-2.0035671753e-02
1.2679524729e-02
7.7331369453e-03
-3.1153582248e-03
-2.3856631902e-02
7.1319696450e-02
4.9002874319e-03
-1.5397987226e-02
5.0230692256e-03
-4.0326726082e-03
-2.4393958071e-02
-2.5586813322e-02
-6.7561411104e-03
-2.4224787497e-02
2.5879668116e-03
-2.3776801761e-02
1.3113162438e-02
6.5537681107e-03
-5.8719270606e-03
-2.1831723628e-02
-2.1457470174e-02
-2.8222094077e-02
-2.7320416457e-02
-2.7281431435e-02
-1.5469983519e-02
-2.4603125504e-02
-7.2024085472e-03
4.7007392515e-02
-1.6803505392e-02
2.8041348858e-04
-2.0647337774e-02
-1.6278775821e-02
-2.4156541261e-02
-2.3579538297e-02
-2.7108908710e-03
-1.0471205921e-02
2.4959135736e-03
1.8746391059e-02
-2.6541573758e-02
-2.7083676483e-02
1.9987634638e-02
-2.7107379116e-02
-3.0128862119e-02
4.4861334407e-02
-5.8898609468e-03
4.3526889456e-02
2.7880383992e-02
6.1994591890e-02
-2.7681969590e-02
1.4455560833e-02
-2.7794880590e-02
4.3148231711e-02
3.1400798252e-02
-1.2464953708e-02
-2.1501565569e-03
-2.1262289863e-03
-5.0137405918e-03
-3.6603152993e-03
-2.5640677837e-02
8.4432145320e-02
-2.0205388628e-02
-2.0281098680e-02
2.6495878556e-02
-7.7205559156e-03
-5.2735669481e-03
-9.6404424738e-03
1.7558512962e-02
6.1178318729e-03
1.5681913592e-02
8.5900258839e-02
-2.4609584121e-02
3.2785055682e-02
-2.4746767474e-02
-1.7473524506e-02
1.2541914432e-02
4.9053142876e-03
4.7272351061e-03
1.8238367640e-02
-1.7585927705e-02
4.9818112888e-03
8.4674156831e-03
1.7428198640e-02
-8.4362596800e-03
8.2758483092e-02
-1.9817000062e-02
-1.1700055141e-03
-1.9616894940e-02
1.2621612851e-02
1.8695552261e-03
4.8549238422e-03
-9.9561531209e-03
-2.0524366792e-02
4.3656189943e-02
1.9522853514e-02
5.8612614507e-03
3.0818777840e-02
1.6956509773e-03
-3.9320914870e-03
1.2233813981e-02
1.0658491590e-03
1.6421316360e-02
7.3646495867e-02
-2.8301744708e-02
8.9611406791e-02
-6.0031063812e-04
-3.0120990333e-03
9.2118085836e-03
-3.6658663185e-04
2.7476054387e-02
-3.0222958639e-02
-2.5503276091e-02
-2.3127831193e-02
6.6641810762e-02
1.5831398283e-02
-2.7616936869e-02
-2.4245560493e-02
1.0777326480e-02
-6.3931897442e-03
7.3638011439e-03
1.0790942735e-02
-2.9719495623e-02
-1.4357296994e-02
5.2391270155e-02
-2.6682462350e-02
-2.6668021378e-02
1.5954450517e-02
-1.8602093037e-02
4.2085191046e-02
-1.7180208430e-03
-6.2084901836e-03
1.4330179371e-03
-1.8288762270e-02
-1.3064881561e-02
-2.2240512958e-02
-2.0840385788e-02
1.3162672979e-02
-2.2480799350e-02
-2.8079210981e-02
2.3477588215e-03
-2.4407927470e-02
-1.3645351013e-02
1.8692652015e-02
2.8696105412e-02
2.1914704850e-02
3.7723753603e-02
5.4516532484e-03
9.9794831756e-03
-1.6465052963e-02
-1.6551410150e-02
-2.6465213148e-02
6.2494203638e-02
5.8669193471e-02
-2.6351981893e-03
-2.4857130683e-02
-2.0286051649e-02
5.2625584848e-02
-1.5117217470e-02
2.4706534023e-03
-2.7463676797e-02
7.0650634164e-02
3.7214557327e-02
-4.4211839138e-03
-3.9572054211e-03
1.8072282861e-02
3.1586079834e-02
-3.0694293774e-02
1.7388740596e-02
-2.2187339637e-02
-7.0573728591e-03
-2.3878184272e-02
2.5873769761e-02
4.3886932324e-02
-1.3856366437e-02
-2.7513201850e-02
3.0394075083e-02
-5.6011766006e-04
-1.9217550794e-02
-2.2060241824e-02
4.7965460107e-02
4.8276328973e-02
-2.2338097006e-03
1.7420848731e-03
-2.9927866877e-02
4.1120165160e-02
2.1884727704e-03
-5.8225082370e-03
1.4334030389e-02
2.0998782782e-02
3.7924273146e-02
1.2288704383e-02
2.2203873734e-02
-2.5774658613e-02
-7.6395197145e-03
6.7698098932e-02
-1.7894902115e-02
6.4359037213e-03
-2.6987708710e-02
-2.2886053529e-03
-2.8180161397e-02
1.8248311056e-03
-2.8725120601e-02
-2.5109480775e-02
1.2677640112e-02
3.7412919617e-02
-8.0829999103e-04
7.5676021916e-02
-2.2731649099e-02
-6.4262250973e-03
1.3868888684e-02
-7.4525121318e-03
-2.5490014160e-02
5.5192254312e-03
-1.7903088088e-02
-3.1260328863e-04
-1.3509082051e-02
-1.1203249651e-02
-3.0170384751e-02
-1.9337219964e-02
-1.7696145877e-02
-2.9805711198e-03
-1.9556638743e-02
4.8284694289e-02
1.2182626447e-02
-2.2915944498e-02
-2.1531766277e-02
-1.3731296537e-03
-2.5507275445e-02
-2.7616682139e-02
1.7294869224e-02
-2.5163191907e-02
-3.5620544555e-03
1.0518103235e-02
1.5116773327e-02
2.9847945565e-03
-2.7139166860e-02
7.9092484779e-03
-2.6063122424e-02
2.0012759503e-02
-6.1666308862e-03
-2.9329660444e-02
2.0753671456e-02
-3.0075100013e-02
-1.8414835795e-02
1.1555567805e-02
-2.7357475225e-02
-2.7672145258e-02
5.8532778299e-02
-1.1154339686e-02
3.3275626220e-02
1.1814118083e-02
-1.5933517236e-02
-2.7627973106e-02
-1.3041422376e-02
-1.9737662627e-02
-2.1774753477e-02
-1.9335072650e-02
-2.0731976295e-02
7.2368926604e-03
-1.9295301111e-02
-2.5311208604e-02
-1.5204380397e-02
2.1047668956e-02
-2.6362702204e-02
4.1078264333e-02
-1.2068726523e-02
-1.9382870924e-02
3.9362815436e-02
1.9520627501e-02
2.2407521081e-02
-2.1464842517e-02
-2.0594311622e-02
2.6608380337e-02
-2.3896317780e-03
-7.5678091623e-03
2.3914654699e-02
1.3005079195e-02
-5.3381376066e-03
-2.9226053154e-02
2.7337500097e-02
4.7252161908e-03
2.2813616759e-02
2.1472001324e-02
-2.6904097086e-02
1.1059948721e-03
7.5939961270e-03
1.1247489741e-03
-2.7718967836e-02
5.7602564359e-02
-1.1750049858e-02
1.9795968885e-02
9.6742878625e-03
-1.1976021979e-02
-2.7492623351e-02
4.0434220786e-02
-2.7482856429e-02
6.1160437038e-03
3.4478945920e-02
-7.5932815406e-04
-1.0549431527e-02
-5.5411128771e-03
-2.0955156996e-02
2.1847644997e-02
-4.6935394608e-03
-2.8686361968e-02
3.1938782855e-03
-1.3326609689e-02
-4.6398377192e-04
-2.7893709640e-02
-9.3315492343e-03
2.0168176896e-02
-4.0723990719e-03
2.5424897215e-02
2.6275735884e-03
7.6336560714e-03
-1.9827672545e-02
-2.1656032559e-02
1.5193195204e-02
-1.3389253320e-02
1.7778722339e-02
-2.0756230426e-02
-2.1164566024e-02
-5.4266637422e-03
-2.0557926338e-02
-2.9252640378e-02
-2.2419564939e-02
-1.6821219925e-02
8.4226914144e-02
-1.4075173665e-02
-2.1647153675e-02
-2.2765187157e-02
-1.6420194726e-02
9.3482345629e-02
1.9685111478e-02
1.6181703154e-02
-2.8719764249e-03
-2.5476543218e-02
1.8927018819e-02
-7.0086197903e-04
2.3861038351e-02
-1.0358447670e-02
1.0907827137e-02
2.0606160261e-02
-1.1741222305e-02
4.0254326897e-02
1.3435237266e-02
-1.4323501824e-02
1.8725129712e-02
9.1794887551e-03
1.7442016130e-02
-9.4799272636e-03
-1.9463162857e-02
3.3134324539e-02
1.7661834295e-02
-1.5858663888e-02
-1.1192310565e-02
-1.2368269339e-02
-1.1983771644e-02
3.1684767493e-02
5.9451010815e-02
1.0801817844e-02
-4.6075596724e-03
7.1373254479e-02
9.4510350265e-03
-1.5678456949e-02
8.0730354148e-02
-1.4070823058e-02
7.2885357753e-04
-9.9128156174e-03
-2.5395862073e-02
-2.9859467178e-02
-5.4255527317e-03
-5.0931048399e-03
-6.3007283145e-03
-2.3401829970e-02
-2.7628854470e-02
-2.0732009967e-02
-1.9906710491e-02
4.0205312704e-02
3.4031003683e-02
-2.3431977930e-02
-2.7103050094e-02
-2.5526203380e-02
-2.5595713888e-02
-2.6213726641e-02
-2.5270529748e-02
3.9022948847e-02
1.9513465409e-02
-5.6539736405e-03
2.5228173927e-03
-1.2812466227e-02
1.8987572733e-02
-1.1665143259e-02
2.0252981965e-02
-3.0214244825e-03
-2.6617358893e-02
-6.1985618570e-03
3.5118115699e-03
7.9311626067e-02
-1.2268629808e-03
-1.1903834857e-02
2.7292194225e-02
-8.8374819161e-03
5.1433435616e-02
-2.3463518217e-02
-1.3042585659e-02
-2.0814198662e-02
-2.2755703168e-02
4.8931882479e-02
1.4501870624e-02
-6.2498141045e-03
4.3842745148e-02
1.0436694586e-02
1.6090198001e-02
3.7697978801e-02
-2.7166931396e-02
3.9537593298e-02
1.2669996726e-02
4.7754980519e-02
-2.2523930368e-02
1.0216041263e-03
4.5740550352e-02
-2.3544392693e-02
-1.7420965859e-02
-7.9108138882e-03
3.8610102005e-02
-1.9176327738e-02
-4.6452084361e-03
-1.6588338870e-02
8.5713807338e-03
-1.0407136796e-02
2.3933426843e-03
-2.8429812109e-02
-6.9439272270e-03
-3.9285954895e-04
-1.9509859355e-03
-1.2344606256e-02
-1.8328061980e-03
-2.3148556293e-02
1.0738190257e-01
-7.0241508504e-03
6.6707441512e-03
-2.4801399911e-02
8.2550450082e-03
-2.5016334825e-02
-5.1366386445e-03
3.3028787935e-03
-1.3591306151e-02
3.2761148834e-02
-2.7808321260e-02
-1.6041609029e-02
-2.7771804350e-02
6.1618266295e-03
9.2217836550e-03
5.4089379628e-03
1.5761037178e-02
3.0056230508e-02
-8.0632184408e-03
3.8122671985e-02
6.3282117507e-02
-1.6337431261e-02
-1.3706440141e-02
-2.6112181899e-02
-8.3973942259e-04
-6.4333403755e-03
-1.2219203123e-02
1.4681958785e-02
-1.6643243005e-02
-1.9488626697e-02
-2.9989642080e-02
1.0929314121e-01
4.7321861497e-02
3.0455491880e-03
-1.9506048418e-02
4.9483402849e-02
6.8346418065e-02
8.9399232531e-03
-2.9269359295e-02
-2.4559911870e-02
-2.0471860912e-02
1.1469359855e-02
3.5971644604e-03
-8.8994096938e-03
-2.0786761477e-02
-1.2261513429e-02
-1.8865426353e-02
-9.7609286026e-04
-1.3796981280e-03
-2.4349412652e-02
-1.1641062773e-03
-7.5917171502e-03
4.4387192755e-03
3.6514725894e-02
1.5255426786e-02
-2.2315926857e-02
-2.9046754101e-02
-1.1913171648e-02
-2.8924281648e-02
6.7603533022e-03
1.3032738486e-02
-2.9332265376e-02
-1.7751304044e-02
-1.7851918738e-02
-1.2061293337e-02
-2.9454498164e-02
6.7807620769e-02
-1.9028882590e-02
-2.6513775806e-02
-2.7166644413e-02
-1.3448726170e-02
-8.8758436804e-03
-2.7240907749e-02
-2.4188764428e-02
-2.5867156437e-02
-2.8425181538e-02
2.0278468913e-02
1.7111130010e-02
5.7713360128e-03
6.5081717455e-02
-7.3874418688e-03
-1.8734027094e-02
4.3552510597e-02
6.7765101126e-02
-1.7459090063e-03
-3.4419995117e-03
4.3626933066e-04
-2.8055953379e-02
-2.2070458101e-02
8.5734139596e-02
-1.3428141935e-02
-2.8802364475e-02
1.9186857030e-02
1.6251840084e-02
-2.5124466303e-02
1.4503105248e-02
-2.2704535533e-02
-4.0206736313e-03
-2.1967962600e-02
3.5502487066e-02
5.2724784733e-02
7.2232913556e-02
2.5708209523e-02
1.5592136915e-02
1.9429164559e-02
3.6230118872e-02
1.9748115704e-02
5.9840849678e-03
-3.0613439527e-02
2.4087476170e-02
-7.8254598411e-03
-5.9605507900e-03
-1.0481897783e-02
-7.9213411103e-03
-1.0390875070e-02
-1.5902251289e-02
-1.0212739601e-02
-1.6459861572e-02
-9.1109540658e-03
3.9824546611e-03
-2.9198176136e-02
-2.3967358143e-02
-2.7046291089e-02
1.8436318141e-02
1.9846058859e-02
-2.9317627216e-02
2.6260134279e-02
2.2295163555e-02
5.0897453421e-03
2.7042238117e-02
3.6190251659e-03
-1.3502777537e-02
-2.1343343220e-02
-8.6880107959e-03
1.2977837697e-02
6.6986181145e-03
-2.3831278970e-02
-2.0776940887e-02
-2.8576855576e-02
1.5895275415e-02
-9.4722213763e-03
-2.6308603706e-02
-2.1095123497e-02
-2.5679763423e-02
-2.6487785950e-02
3.3059094337e-03
-1.8063067094e-02
-2.8587984844e-02
-2.1498010957e-02
-2.7984056045e-02
-1.4373489726e-02
-9.5023522367e-03
-2.8348705458e-02
-2.9189792639e-02
-1.0667641526e-02
-2.3651970592e-02
-1.8047369021e-05
-1.5919348099e-02
-2.7214161147e-02
7.9461836685e-03
-1.9669779303e-02
-7.4590941022e-03
-2.0338356587e-02
4.5671618017e-03
-2.0035938637e-02
-1.4280621712e-02
3.0548502121e-02
-2.3740513669e-02
1.8775545524e-02
-1.5152687679e-02
-4.7477009289e-03
5.6204237025e-02
-1.8322783307e-02
-3.9116588906e-03
-1.7005170767e-02
-1.1876049534e-02
-3.0693633897e-02
1.4059846374e-02
2.7685670055e-02
-9.1163224265e-03
1.5481233056e-02
-1.9150214725e-02
1.5828574825e-02
-2.8606872448e-03
-2.8716826899e-02
-1.8983810513e-02
2.4189035878e-02
-1.8440188400e-02
-2.1143122155e-02
-3.0720107194e-02
-2.9471045412e-02
-2.9302972514e-02
-1.2734003867e-02
9.6872961414e-03
-1.7213433929e-02
-2.5780305430e-03
6.1808586761e-03
8.2545346151e-03
3.2817323577e-02
-2.9932927056e-02
2.2162462015e-02
-1.3385991639e-02
-8.8901248703e-03
-2.6354574033e-02
1.6647976520e-02
-4.3351570342e-03
-1.0908675968e-02
5.3691298818e-02
1.3040110808e-02
1.4387897980e-02
9.2457401088e-03
-4.7932203755e-03
-2.9382283919e-02
-1.0991525125e-02
3.0649496889e-02
2.1717487257e-02
-2.6206375611e-02
-1.9598931756e-02
8.7129435768e-04
-4.0865186242e-03
9.3806572726e-03
2.5958725816e-02
1.1365753583e-02
5.2976766871e-03
-8.8268939584e-03
1.7277142011e-02
1.5431651724e-02
2.1272003315e-02
1.5836758891e-02
2.7929548584e-02
7.8979141373e-02
-1.7476944058e-02
2.1540471010e-02
1.2814174381e-02
4.5168834610e-02
-2.3120584437e-02
3.6564557689e-03
1.1244807087e-03
2.0350079045e-02
-2.7127387248e-02
2.3273559288e-03
-4.9007616169e-03
-1.3355843867e-02
-2.8998212945e-02
5.4664176749e-02
1.8974905106e-02
2.7678651373e-02
1.0211486127e-02
-5.7653212666e-03
2.3284912904e-02
-2.6920870272e-03
-2.3998926523e-02
-2.4384614597e-02
1.9500109177e-02
-2.8611711540e-02
-3.3602171944e-03
-2.9220537649e-02
9.3568508686e-03
-2.1711802000e-03
1.7605935062e-02
-2.6787030452e-02
3.8677519143e-02
-3.1878510062e-03
-2.7714520060e-02
-5.0268589624e-03
3.7433101717e-02
-7.6269474100e-03
-1.7405360143e-02
-2.0963608444e-03
2.5073676478e-02
-1.2060796798e-02
-2.9136113096e-02
-2.0593514548e-02
-2.8896127194e-02
3.8365771695e-02
-1.9462914121e-02
6.3742500452e-02
-2.5968149310e-02
1.9294452674e-02
1.9548676957e-02
-2.9457943355e-02
-2.5736469946e-02
-2.3957918432e-02
6.9843904805e-02
-4.5858842866e-03
3.1440929293e-02
3.6092102303e-02
-2.7280099590e-02
1.7071048643e-02
1.0159375451e-02
-1.1629534279e-02
-6.9780600467e-03
-6.6074331297e-03
-2.9406630256e-03
-2.6327381331e-02
-2.2739235239e-02
1.1460803844e-02
-1.7805103560e-02
1.2325371789e-03
-2.6192275845e-02
1.3255942315e-02
2.9126128056e-02
1.6467968496e-02
-2.0930974820e-03
-2.4136859052e-02
-2.3829828615e-02
2.9904654097e-02
3.9270535683e-02
-2.1246083039e-02
-1.2060994169e-02
-1.8912473031e-02
1.6067944617e-02
7.3367013069e-03
4.3276304799e-03
-5.6987345363e-03
-1.4324749164e-02
1.8048872415e-02
-2.5692113170e-02
1.4117154100e-02
-1.6378289007e-03
-2.8900945016e-02
1.3197170601e-02
1.0425874384e-02
2.6061327222e-02
-9.3069065271e-03
1.0073638774e-03
1.6045113355e-02
-1.5786245409e-03
-2.5138689184e-02
-4.2693541270e-03
8.3759267739e-02
-9.6526630487e-03
1.5344992063e-02
1.0376692297e-02
-2.4449489055e-02
-1.3372509428e-02
-4.6679787794e-03
-9.7034980632e-03
-1.6879448130e-03
-2.5854998213e-02
-2.2952365343e-02
9.7812442248e-03
-1.1183093790e-02
-8.4535482444e-03
-1.4567939403e-03
-2.9941110691e-02
2.7302460675e-02
-1.1440298700e-02
2.4958472939e-02
-2.6393060265e-02
-9.8860720576e-03
-5.4444011346e-03
-5.2417583077e-03
-1.7336681760e-02
-2.6471055456e-02
-1.2251605034e-02
-2.1654826071e-02
-2.1628017279e-02
6.8213273705e-02
-8.6238048428e-03
-2.9742845292e-02
-2.2235409792e-02
-2.6851487520e-02
-6.0973827536e-03
-2.8440857535e-02
-2.9573586637e-02
1.7022058199e-02
-1.6008027634e-02
1.6828770448e-02
1.1041312558e-02
-2.6522539384e-02
-1.0947661208e-02
-2.6915427218e-02
2.9585478459e-02
-6.5042468509e-03
1.6933810756e-02
3.0721115076e-02
1.4140173560e-02
-1.7828094635e-02
4.3992201396e-02
1.7298371521e-02
-8.4421913163e-03
1.4891894998e-02
-1.1380588322e-02
-1.4459571581e-02
1.3418248016e-02
-2.4101420408e-02
5.5926006827e-02
7.5131778472e-03
-1.8338241892e-02
-6.9768989517e-03
2.0469683546e-03
-6.3028476254e-03
-2.9148797451e-02
-9.9968571841e-03
-2.7344107559e-02
2.6133158257e-02
3.0211592519e-02
-2.8660624260e-02
2.3692837400e-02
-1.7347865338e-02
4.8937834738e-02
7.8852765297e-03
-1.7056519487e-02
-1.3384199931e-02
-5.1249075112e-03
-1.7092764007e-02
-2.6052766329e-02
3.9189401887e-02
1.2045219637e-02
-3.1872132384e-03
-9.9056878350e-03
-2.1235772237e-02
6.5790732500e-02
-1.2675357742e-02
-2.9426330588e-02
5.4586483909e-02
8.7052447161e-04
-2.1895892548e-02
-1.8677456079e-02
1.5319721790e-02
7.7998957545e-03
2.2943386081e-02
1.4149447326e-04
2.6492318635e-02
5.6230223274e-03
-2.8525394361e-02
3.6521608557e-02
1.4160281198e-02
-2.7356048662e-02
-3.0091886046e-02
-2.7817631649e-02
3.4945050775e-02
-2.5959357723e-02
-7.8768950292e-03
-2.1198876508e-02
-2.5117317582e-02
-1.5300675358e-02
-1.8487814462e-02
3.9989497124e-02
-8.5019344739e-03
2.9261347777e-02
-2.2912354423e-02
-2.0276027187e-02
-2.7108647091e-02
-2.0031355303e-02
3.0457657421e-02
2.0789042212e-02
-6.5969285199e-03
-3.6229970000e-03
2.6569420159e-03
-6.8875394296e-03
-1.8928596314e-02
-3.5434146883e-03
1.4432386576e-02
-1.0799763902e-02
1.1955224487e-02
4.5544514004e-02
-9.6969982779e-04
-2.6077723577e-02
2.8305825166e-03
-2.3000735750e-02
2.4370288252e-02
3.1623415953e-02
-2.5987597147e-02
8.8942082558e-03
9.2621763266e-02
1.4262954020e-03
1.1518597830e-02
6.5004043073e-02
-2.3570085434e-02
-1.6286108058e-02
2.6272785851e-02
-6.8572567448e-03
-1.1473941784e-02
4.6459710936e-03
2.1380808003e-02
-2.2606528918e-02
-9.7890056810e-03
-2.6344863644e-02
-1.9214013337e-02
8.4819858610e-03
-2.9858433674e-02
-4.8826118891e-03
6.8321368353e-02
6.1952681003e-02
-1.7699343817e-02
1.7074010628e-02
4.2176618304e-02
1.8341703579e-02
-2.7488267983e-02
1.3456717366e-02
-6.4490977386e-03
2.7092701650e-02
3.7465823881e-02
-1.4977743628e-02
-1.9981768613e-02
7.6537830434e-02
-1.1089182595e-02
1.2046797922e-02
-1.7149823119e-02
-2.9493716121e-02
1.0501736202e-02
-2.8110335041e-02
1.3583444465e-02
-2.9236325140e-02
-5.0220396752e-04
-5.9188386256e-03
1.0187732331e-02
-2.6377946414e-02
3.0079652854e-02
-2.8295468227e-02
-2.1355380305e-02
3.7399950595e-02
1.5038567191e-02
-2.6291468540e-02
-2.8206136990e-02
-1.6161773939e-02
1.4584724708e-03
-2.4546697261e-02
3.4108401304e-02
-2.3635806952e-02
1.7132067603e-03
-9.1764899023e-03
2.9481018650e-02
1.1952032637e-02
-1.3111000872e-02
1.1676430896e-02
4.1412057138e-02
1.2242716891e-02
7.7049404063e-03
-5.3109643769e-03
-1.0318720048e-02
-2.4735507640e-02
-2.1297184393e-02
1.2301292410e-01
-3.7080169047e-03
1.5067985657e-02
-3.0654644601e-02
8.9408439706e-02
4.1966116596e-03
-2.5024266124e-02
-2.8014454659e-02
-2.6803102358e-02
2.6101782418e-04
-2.4629057075e-02
1.6172678698e-02
-2.2526366142e-02
6.1617120072e-03
-3.0018666549e-02
4.8484103304e-03
1.2080268040e-01
-2.8135926854e-02
-3.0385103123e-02
-1.7633590681e-02
2.0164097233e-02
7.3707545952e-02
-1.0159344679e-02
-2.5599090545e-02
-3.0615165965e-03
2.0213884994e-02
5.7939078126e-02
1.8212554939e-02
3.2282317550e-03
1.9558296034e-02
-2.8751621044e-02
1.5861831408e-02
-2.7242739274e-02
1.6117478469e-02
7.9996577567e-04
-3.7830151880e-03
-9.3022597708e-03
-2.5625827294e-02
-2.2110420602e-02
-1.0372876815e-02
3.3004909355e-02
-2.7882841685e-02
-2.9278634574e-02
-1.9544190179e-02
5.7104721907e-02
-3.0301389572e-02
2.0137524534e-03
1.8494595512e-02
4.7427465233e-02
5.1909264861e-04
-6.5684633083e-04
7.1831539176e-03
-2.7988857575e-02
5.8052670604e-02
-1.8292557398e-02
1.8610187083e-02
9.4786946401e-03
2.4610149551e-02
-1.9338343405e-02
-1.1029632342e-02
-1.1893665245e-02
-8.6182622974e-03
-5.1227083204e-03
-2.8539464791e-02
8.0025627816e-03
-2.7857339139e-02
-2.9600831321e-02
1.8275245190e-02
-2.6350033126e-02
4.2458596814e-02
2.9670245856e-02
-9.5433869453e-03
-4.1204163964e-03
-2.3761531163e-02
1.0001591526e-03
4.7532840800e-02
-2.9380214404e-02
-2.5873739091e-02
1.2129371695e-02
7.4266650893e-02
-1.3445016760e-02
6.4932611398e-03
-2.9962269837e-03
5.4658675987e-02
-2.8274762868e-02
-2.7999763876e-02
-2.6014596967e-02
-6.5539524524e-03
1.6548037742e-02
-1.4581105204e-02
-1.3718513277e-02
4.5422887201e-02
-4.6638869643e-03
-5.2796269476e-03
4.1500919384e-04
1.0132292106e-02
-1.7536531969e-02
-8.4305513267e-03
-2.5902082165e-02
9.6095807779e-03
-2.8529515955e-03
-2.4468587261e-02
2.3946261083e-02
5.5566204308e-02
-6.2066813851e-03
-2.6037390647e-02
-2.0438245039e-02
1.5340994451e-02
-2.9019285013e-02
-1.1610359449e-02
1.4853604184e-02
-1.9988815760e-02
-1.7331079493e-02
-8.8867599577e-03
-2.2335751131e-02
2.8940050499e-02
-1.2326003686e-02
2.3713299017e-02
-2.8869788380e-02
-6.4121890115e-04
7.8580957186e-03
-2.9808105242e-02
-2.8260074601e-02
-2.5742966063e-02
-5.4835071639e-03
1.6354769932e-02
-4.5386022722e-03
-8.2137076893e-03
1.0812509280e-02
1.7186602998e-02
-2.0856907031e-02
4.1951729188e-02
-2.1501085099e-02
3.3496105797e-02
-2.8260383388e-02
-2.7040071924e-02
7.8677661097e-03
1.5770439968e-02
-2.4325764346e-02
-2.9753345762e-02
-2.5495357043e-02
-2.4691214001e-02
-2.6148670113e-02
-2.4526257121e-02
-2.7901993176e-02
5.0736893012e-02
1.8913993943e-02
2.9411681125e-03
8.1431622351e-02
-2.3301357421e-02
4.3685670819e-02
9.0675859243e-02
5.1829368508e-03
-9.8118356611e-03
-1.3667039296e-02
-3.6601392882e-03
-2.1027787444e-02
1.7004758420e-03
-7.6577443116e-03
-2.9221170125e-02
-2.5603691588e-02
3.7880406689e-02
6.6938458144e-02
3.8434824756e-02
-2.8319546085e-02
-8.7946793626e-03
-2.2342340854e-03
2.2139311029e-02
5.0425887576e-03
1.0265237413e-02
-2.9530519928e-02
-1.8770503664e-02
8.2613849463e-03
-2.6626720970e-02
9.5679480088e-04
-2.6699312200e-02
1.4554889599e-02
4.1997540028e-02
-1.6238660347e-02
-1.6202850664e-02
-1.5918967425e-02
1.8963972772e-02
1.6054893944e-02
-2.0207074959e-02
-3.9414357221e-04
3.2866914590e-03
-2.2950304829e-02
2.2453241164e-02
3.9695554085e-02
-7.9337212081e-03
-2.6540716477e-02
4.2634145482e-02
8.3424081148e-03
-2.0110213689e-02
-5.3167367842e-03
-2.0080228534e-02
1.9184425870e-03
-1.6830981896e-02
2.2911047396e-03
-2.4600609401e-02
-2.8285044394e-02
-1.9103214500e-02
-2.2093714782e-02
1.0747888504e-02
-1.2281313932e-02
-2.9254789656e-02
-2.4872556972e-02
4.3753464001e-03
8.3213450618e-03
-1.0067806199e-02
1.6090499527e-02
1.0721708188e-02
1.7385317553e-02
2.2581224958e-02
1.5388055602e-02
2.2871918834e-03
-1.9843897081e-02
-5.8183006242e-03
1.5300798086e-02
3.2929138244e-02
-2.8002036348e-02
-2.6861429152e-02
9.4085312324e-03
-2.3243919808e-02
-1.5341162955e-02
1.6879192516e-03
-2.3915811410e-02
1.1553663735e-02
-2.8610944334e-02
1.7810505690e-03
-1.6022136262e-02
1.3345728879e-02
-4.0073525603e-03
-2.2257257774e-02
-1.4801581919e-02
-1.9226388197e-02
3.8453788327e-02
-2.3403344215e-02
-5.4237258219e-03
8.8041694782e-02
-2.7780363411e-02
4.1970451440e-02
1.1105094027e-02
-5.1951999632e-03
3.2566983558e-02
-2.8823430530e-02
-5.2775163116e-03
2.3839088463e-02
2.4395800145e-02
-2.7076933388e-02
1.4992756114e-02
-1.2095029214e-02
-1.0999280651e-03
-2.8794508571e-02
-2.1949857218e-02
6.1665523029e-03
-1.2397486404e-02
1.7251297022e-02
-1.6801585151e-02
-1.3014810379e-02
-1.6568831160e-02
3.1400134514e-02
-2.8665347497e-02
2.6230597491e-02
-2.7298188958e-02
-9.8342322675e-03
1.1542057192e-02
-2.1395198502e-02
3.1023378544e-02
-2.1698538042e-02
2.9712645776e-02
-1.0820381050e-02
-1.1776381312e-02
-5.5123636680e-03
1.6452124843e-03
7.9646271775e-03
2.7562294353e-02
3.9907770040e-03
-2.3977999486e-02
-1.0171474778e-02
-3.0607311363e-02
-2.2421095085e-02
1.8108877704e-02
-1.8153671830e-02
3.3140551950e-02
-2.6302352417e-02
1.4792110717e-02
1.4298211156e-02
4.8832915657e-03
4.0379151399e-02
1.0498678950e-02
-2.1114695195e-03
-2.8899530728e-02
-2.9794357378e-02
1.9709316939e-03
2.6492631129e-02
-2.8544301162e-02
-1.7812097245e-02
-2.4584515462e-02
-2.4494316278e-02
6.6492992693e-03
-1.9690922675e-02
3.2086753245e-03
-2.5581495181e-02
2.0229197237e-02
2.8082118241e-03
-1.4705940430e-02
8.2675315596e-03
1.4253569699e-02
-3.0072932515e-02
1.3492516340e-02
1.6527292795e-02
1.8321577386e-04
2.7365565666e-02
-1.0983691305e-02
-3.3101940265e-03
-2.0029664949e-02
5.0646099368e-02
6.7098092167e-03
-6.5812150993e-03
4.4579856204e-03
2.8655699180e-02
1.2051026129e-02
-2.5033790070e-02
-7.0336815351e-03
-8.8658145023e-03
-2.7765200410e-02
2.1302646186e-02
-3.4835614976e-03
-1.7601064910e-02
8.3865655490e-03
-2.6182067130e-02
2.9190998558e-02
-8.4488817033e-04
-2.2655897985e-02
-2.0592819871e-02
-3.1667956411e-03
-1.1867502744e-03
3.2763095057e-02
9.4374342864e-05
1.2168434640e-03
6.7261340224e-03
-2.9107650652e-02
-1.5503402879e-02
3.7681004176e-03
-2.6880730344e-02
-2.5649839454e-02
1.0732494629e-02
-2.8370055334e-02
-2.8332170880e-02
8.7194263650e-02
2.5406871746e-02
1.3531318416e-02
-2.6968338739e-02
4.0286690074e-03
2.8355691047e-02
8.4590121393e-03
1.5125778858e-02
-1.3987356155e-02
1.4541676350e-02
8.2830545407e-03
-1.0291485978e-03
-2.9601508676e-02
-2.1425449777e-02
-6.0450635604e-04
2.5571986261e-03
2.1058206522e-02
-2.9987081727e-03
-2.6535672891e-02
1.8571214633e-02
-8.0704192098e-05
1.2652016469e-02
7.1249183196e-03
-7.2181132811e-03
1.9757859624e-02
-1.2547070753e-02
-2.8957434894e-02
-3.0362238357e-02
-1.8878977076e-02
6.8013618408e-02
1.4603687390e-02
-1.3925744836e-02
-2.6743178256e-02
3.3312341461e-02
-1.4094054103e-03
-2.0243052645e-02
1.8872739979e-02
-2.9045985853e-02
7.6688180169e-03
1.0387555854e-02
2.1922885170e-02
4.9708678635e-02
-2.8108823181e-02
2.6411658104e-02
6.1565141056e-02
3.8803668733e-02
-1.0208334463e-02
7.4434878070e-04
-2.8835669526e-02
-2.3932489153e-02
1.9307551001e-02
-2.4526835322e-02
8.2197160158e-03
-2.7292835197e-03
1.9219199506e-02
4.6360542706e-02
2.8808071845e-02
2.7330780062e-04
3.8158700617e-04
-1.5660552139e-02
2.1979787525e-02
4.1692614718e-03
-2.5739633746e-02
3.2025917700e-02
2.4006063406e-02
-4.1275959391e-03
-2.0640419962e-02
-2.3724438222e-02
-8.6716826866e-03
-2.8454807965e-02
-8.6427199663e-03
4.0630100593e-03
-1.9081391910e-02
-1.2337385592e-02
-5.0655873982e-06
-2.8112795225e-02
-6.4911892376e-03
2.5773461700e-02
1.1920145912e-02
-8.8596042015e-03
3.0587270715e-02
-8.0008351846e-03
4.3215855169e-02
5.8012226030e-02
-2.6446414967e-02
-2.5791694772e-02
-2.6688145976e-02
1.8812126161e-02
1.0616936343e-02
3.7190925370e-02
-1.2358313247e-02
4.0805975685e-02
5.3758463576e-02
4.2975215634e-02
-9.8381488252e-03
-2.1427745081e-02
-2.8913731953e-02
-2.2440745108e-02
3.9957741054e-03
-6.8627961207e-03
1.0416006717e-03
-4.0702020800e-03
-6.3638602320e-03
-6.5971734162e-03
-2.3967679794e-02
-6.6345332099e-03
-2.4917284578e-02
-1.7347773068e-02
-2.8043062416e-02
2.4782643585e-02
2.6529879835e-02
-1.9951306379e-02
4.1775542584e-03
1.5423993706e-02
-2.7269532327e-02
-2.7263778635e-02
1.7278216585e-02
-1.6274887164e-02
1.8589598143e-02
-2.2035323535e-02
-5.5696897034e-03
-1.7895791672e-02
7.1443872609e-03
-2.6563558219e-02
-2.2604173333e-02
-2.2317464906e-02
6.6151136963e-02
3.4458170650e-02
-2.6079663540e-02
-1.6309689461e-02
-2.5508511485e-02
-1.5620329551e-02
-7.5741381092e-04
3.1359818559e-02
-2.1517225186e-02
3.4896531535e-03
3.1439192171e-03
1.5462640986e-02
-1.6729471905e-02
3.8347814417e-02
-1.8467412418e-02
-4.0932210118e-03
-2.1112871677e-02
6.7410162679e-03
4.1727658656e-02
8.3234620790e-03
-2.4315311048e-02
-2.3443290270e-02
-2.3931981009e-02
1.6441436477e-02
-1.5146218417e-02
-1.8147333105e-02
-8.0925644952e-03
2.1446141400e-03
8.6187114966e-03
2.3197928252e-02
-1.3306165053e-02
-2.8215314313e-02
-2.5860160582e-02
4.3094645695e-02
-2.6496718009e-02
2.3923458606e-02
-2.1796046747e-02
-1.7607434321e-02
-1.4676432981e-02
-2.6013704090e-02
-2.3304295541e-02
-2.4590138474e-02
-1.6418695336e-02
4.9483182089e-02
1.3302309300e-02
2.7512593567e-02
-1.2346389517e-02
2.5275035871e-02
3.3242815097e-02
-8.9644215565e-03
8.0391061031e-02
-1.7449285084e-03
1.2200482394e-02
-6.0190699171e-03
6.3231097754e-02
-2.5208053343e-02
-1.2406312277e-02
2.1695574294e-02
-2.5752337654e-02
1.9316260085e-02
-2.9594755873e-02
7.3497081150e-02
5.8085884742e-03
-8.8722392057e-03
-5.5749045899e-03
2.1121123692e-02
-2.0117918667e-02
2.9483362960e-02
-2.0668449509e-02
-3.0052095402e-02
-6.4185535441e-03
-2.3099384175e-02
-2.9363368285e-02
-1.4640498211e-02
-1.0963703284e-02
1.3893283879e-02
3.0342404237e-02
-2.8747650737e-02
-9.7971203235e-03
-1.8016347070e-02
1.3687139436e-02
2.1239556205e-02
3.5294689303e-02
-2.8056749056e-02
-1.6654357712e-03
2.4646238136e-02
-1.3978154903e-02
1.8797298946e-02
-2.0505190935e-02
2.2519399847e-02
-1.1830349649e-03
-2.1750185529e-02
-2.9796914867e-02
-8.7558528426e-03
3.3095999839e-03
1.4638542431e-02
-2.6485008162e-02
-1.7505914184e-02
-2.1335884860e-02
-3.7238081597e-03
-3.6652248801e-03
1.5538365839e-02
-2.3118163828e-02
8.4888892134e-03
-9.5217300110e-03
-2.8658709869e-02
-2.0574073415e-02
-2.8015191476e-02
-2.0477949715e-02
-4.1697838047e-04
-2.3587036740e-02
-2.1405784979e-02
-1.2179629802e-02
-1.6780926902e-02
-2.8684698821e-02
-2.9969081409e-03
-2.1769378456e-02
1.1004971485e-01
6.7348199099e-03
-2.6471845976e-02
-2.4433289028e-02
-2.5884981735e-02
-1.2896100254e-02
-1.6630369833e-02
1.5552694381e-02
2.0123520340e-02
9.3062532881e-03
-9.2003812289e-03
1.7937367404e-02
1.8886335438e-02
-4.8562825167e-03
1.1320029175e-02
-2.9162174639e-02
-2.4160943316e-02
1.1604713363e-03
4.1597538468e-03
8.6331958742e-04
4.4624389133e-02
1.2382171623e-02
-1.2455823257e-02
-5.6888497089e-03
6.7576995249e-03
1.2887917712e-02
4.3492465740e-02
1.4759195511e-02
-2.7908946918e-02
-5.2636412600e-04
-2.2173719039e-02
5.0298816075e-02
-1.3452380148e-02
-1.5718535655e-02
-2.8408245871e-02
-2.7333304626e-02
1.8543588857e-02
1.5317490798e-03
-2.5335416840e-02
3.3563079869e-02
-5.3860651103e-03
-2.8279456032e-02
-2.9111710938e-03
2.7991730796e-03
-1.8372481303e-03
-2.4822945936e-02
-1.9749667041e-02
-2.4056168300e-02
-2.1816533553e-02
-1.9687533805e-02
8.0524748422e-03
-2.3152539033e-02
1.8203388677e-02
-2.7421639454e-02
-1.4014926219e-02
4.1459798934e-03
-2.5073937474e-02
-2.8963124755e-02
-2.9681763489e-02
-4.2467526494e-03
2.6098387150e-02
-2.5905429966e-02
-1.9791361150e-02
-2.9689261692e-02
1.9835625762e-02
2.6121766614e-03
1.6450875787e-01
4.1033460519e-02
1.2906213093e-02
-2.9010498694e-02
6.7784762494e-03
-1.3196500708e-02
-2.4095480548e-02
3.6468134314e-02
-3.9746679612e-03
3.1171063591e-02
4.3484331017e-03
-2.8804259756e-02
1.3854160723e-02
4.0591962134e-02
-1.6125824935e-02
2.6576902734e-02
2.8263594098e-02
4.1339966690e-03
-1.5640289817e-02
-4.0120179388e-04
-2.3898467770e-02
-8.2289548426e-03
-2.6208182154e-02
1.2331879211e-02
2.2977437736e-03
-2.2093011783e-02
6.6535105886e-02
1.1682902010e-02
3.3843820230e-02
-1.7622159869e-02
-2.3381553148e-02
4.5726996037e-02
-2.9428815799e-02
-2.2319927059e-02
-1.9529688802e-02
5.5847175307e-03
1.3005065497e-02
-2.0404922551e-02
-5.1739056314e-03
-2.0471598912e-02
1.1890574822e-02
-1.9268072472e-03
3.2559117697e-03
-3.0138738223e-02
-6.4977844151e-03
-2.7149690221e-02
1.4687207067e-02
-7.9327458445e-03
1.2457003099e-02
3.2309590342e-02
-3.0222275691e-02
-2.7391505842e-02
-2.8101834879e-02
-1.0854178928e-02
1.9048966984e-02
-5.9303820294e-03
-2.4942958747e-02
3.7630873364e-04
1.8584104729e-02
8.0290209595e-03
2.9277390635e-02
1.2932552135e-02
3.1238895494e-03
1.2534561835e-02
-4.5524342183e-03
-2.2660027061e-03
-3.1949460331e-03
1.9492323063e-02
-2.1414648604e-02
-8.4133184830e-03
-1.1724618902e-02
1.8380804817e-02
-2.1330567545e-02
5.2529239088e-03
-2.3129730363e-02
-2.1385343362e-02
-2.8186134603e-02
2.0769376619e-02
-2.1524646653e-04
2.4602691681e-02
-2.4605639012e-02
7.6213340261e-02
3.1481733483e-02
2.8925925367e-02
-1.0946415695e-02
-2.0156601539e-02
-3.0088156232e-02
-1.3108558812e-03
-1.8101830679e-02
-3.0224968956e-02
-1.1459290450e-02
9.4309456182e-03
1.0067948159e-02
-2.0483960865e-02
-2.6192469255e-02
-1.5623121925e-02
4.3409329401e-03
4.5396621323e-02
-2.3190806442e-02
2.6808599807e-02
-4.1871723898e-03
-2.4513306150e-02
-1.5255034949e-02
3.8294845765e-02
1.8126600213e-02
-1.1981241641e-02
1.4933124268e-02
-2.9403510906e-02
-2.2690523049e-02
-5.0017434363e-03
1.3174701813e-02
1.3951432650e-02
7.9288991420e-03
-9.2354571940e-03
-1.8864240441e-02
-1.7909763971e-02
4.8221309291e-02
4.4907085166e-03
-9.3514835131e-03
-2.2651813174e-02
1.0765367244e-02
-1.1160625300e-02
-7.5557513096e-03
-1.3106001454e-02
1.5645812149e-03
4.4588655756e-02
3.9552175271e-03
4.1476130630e-03
-2.6194908904e-02
1.8418182652e-02
-2.5428532083e-03
-2.3911224086e-03
-2.7111487009e-02
9.1691157729e-03
6.9505937628e-02
-1.2870111391e-02
1.1657693634e-02
-1.0071618640e-02
5.1962997167e-02
1.3817413217e-02
2.9339352255e-02
3.1148472716e-02
-2.8521572372e-02
-1.6040407136e-02
-2.0097743269e-02
-3.0410739450e-03
-2.3058033810e-02
-2.0365448918e-02
-2.2674752374e-02
9.0751584683e-03
3.0319706510e-02
-7.8774363756e-03
5.7488436607e-03
4.3724660300e-02
4.2786611955e-02
3.3105101277e-02
-2.0898849082e-02
6.3652535922e-03
7.7401708749e-03
-7.5821316677e-04
-2.2367516062e-02
3.9576900540e-02
2.4553511161e-02
3.1039367873e-02
-2.6243925724e-02
9.3569038951e-03
7.6612014202e-02
2.3542672130e-02
-2.7466884637e-02
-2.2765615052e-02
3.9908025677e-02
3.6724179996e-03
-7.2382755193e-03
-2.2214602779e-02
-2.7638618965e-02
-2.7036125682e-02
-1.8967366240e-02
4.6653496478e-03
-2.7180068876e-02
-1.6648218515e-02
1.2035407618e-02
5.1233457512e-02
-1.9853323010e-02
1.4775229421e-02
1.6505909062e-02
-2.8129987489e-02
6.7315876653e-03
-7.5831131650e-04
-1.1730685964e-02
-2.2746645752e-02
-8.0207754261e-03
3.8212709730e-02
-2.5799004361e-02
-1.7631185881e-02
5.6349445520e-02
-2.9362315138e-02
3.4162471723e-02
6.2687660032e-02
-3.4633936744e-03
4.4606236709e-03
-7.8999830457e-03
-2.6269591597e-02
8.5376828927e-03
1.2657968733e-03
-2.5344386809e-02
-1.4469519719e-02
-5.4691924324e-03
-3.1995097711e-03
1.5045916350e-02
-1.0993280139e-02
-2.1967188757e-02
2.8816397323e-02
-2.6529207609e-02
-2.0091705432e-02
1.3099401285e-02
7.1451110078e-03
6.0349919093e-02
-1.0200058751e-02
-1.8900808754e-02
1.8103128500e-02
3.1073618786e-02
-2.8619001328e-02
1.7895929842e-02
-2.2853975782e-02
-1.4590266537e-02
2.2788596253e-02
-1.7056831738e-02
6.6836505237e-02
-1.8273979139e-02
7.7475807780e-03
-1.6573958333e-02
-1.9037416362e-02
-1.9665183907e-02
-1.8540145625e-02
-1.2232518947e-02
-3.2242702467e-03
8.6316807473e-03
-1.8300557708e-02
1.3540646512e-02
-5.5209128963e-03
-2.0520307683e-02
4.5966736234e-02
-2.5713952559e-02
2.6208077783e-02
-1.5890154170e-02
-1.5524164324e-02
5.2278254949e-03
-2.1646603782e-02
3.6373829791e-02
-2.7898794561e-02
3.8294397120e-02
2.7680168646e-02
1.5691333945e-02
-2.5813241174e-02
-2.7027601637e-02
1.7437427768e-03
-2.9592416923e-02
-2.4512890998e-02
1.0370005157e-02
-2.9496291201e-02
-2.3603898606e-02
4.4232432040e-02
-7.9913737230e-03
1.1010679946e-02
-2.5386737229e-02
-2.1025625370e-03
7.7218331789e-03
1.0415570248e-03
-3.0428292960e-02
-1.1934143855e-02
-2.2889678990e-02
-2.4914597985e-02
6.1712977740e-02
2.0052602106e-02
2.1750467220e-02
1.2609431084e-02
-2.9143769015e-02
1.4305633829e-02
-2.6072399896e-02
-8.5668398216e-03
-2.3346456485e-02
3.4052455967e-02
1.2533033538e-02
2.4443305510e-02
-1.4871668916e-02
7.0985190853e-02
-2.5025739119e-02
1.0745754597e-02
2.0950138555e-04
3.0116700341e-02
-1.9446568848e-02
4.3770647717e-03
-2.2617443604e-02
2.3708448051e-02
3.7479277289e-02
-1.4678039407e-02
2.0749099722e-02
2.0980251003e-02
-5.8324219832e-03
-2.1422675758e-03
-6.2746350414e-03
3.3049318575e-02
7.9735744198e-03
-9.0603591364e-03
2.1459265871e-02
1.6444843921e-03
-2.8483562381e-02
2.5036776880e-02
4.6519402511e-02
6.6383911968e-03
1.4405380245e-02
-6.2832345627e-03
2.7284228922e-02
5.3889817339e-02
-2.6068865314e-02
4.2685933053e-02
-2.7333961803e-02
-2.1975856559e-02
-1.2502500652e-02
1.6050072945e-02
3.2879907884e-02
7.2721047027e-02
-2.6949423915e-02
2.2377099132e-02
-3.0290105808e-02
-2.0674215320e-02
-2.2179558663e-02
-2.1770011045e-02
-1.7680625326e-02
4.9682938882e-02
-1.3869223111e-02
-1.7829324421e-02
3.8881697038e-02
-2.8875276390e-02
-2.3308500525e-03
-2.8705049052e-02
-1.2107036053e-02
3.3609188429e-02
-7.7651099574e-03
-2.8918842511e-02
-2.8359077375e-02
-1.6104848935e-02
-2.5676460484e-02
-1.9719147449e-02
2.6149456873e-04
1.6106531817e-02
-2.9520012750e-02
-1.1955334479e-02
2.4127446697e-02
7.4811214223e-02
1.8761405260e-02
2.2577923732e-02
-2.6430314103e-02
-2.1699963603e-03
-2.8553046529e-02
9.0629113622e-03
2.3438639303e-03
-2.2745993393e-02
-1.8427123069e-02
1.4813723674e-02
-2.9796503520e-02
1.5750968017e-02
-2.8103009514e-02
1.6968401039e-02
-2.4835099399e-02
-2.5877662557e-02
2.9413492831e-02
-1.7727981200e-02
-2.6662783212e-02
3.0420773724e-03
-1.8401848007e-02
5.6159327867e-03
-1.9200824504e-03
3.7205024962e-03
-8.9032242369e-03
-8.6552942648e-03
-2.0407864389e-02
-1.2458583909e-02
8.3592698459e-03
-2.7786870210e-02
-1.0319892773e-02
1.2827041717e-02
1.3971645183e-03
-2.8616287781e-02
-2.3041988128e-02
-1.4566524556e-04
-1.6456572508e-02
2.1038790240e-02
-2.2367025530e-03
1.5226985690e-02
-5.2241824417e-03
-9.0176466132e-03
-1.6898550825e-02
-2.2128814860e-02
1.2351890375e-02
7.7786997261e-04
1.8675530830e-02
-1.3885956708e-02
-1.7141803932e-02
-1.3166273657e-02
1.6804314268e-02
-2.9076269510e-02
-2.2370039555e-02
4.4837182958e-02
2.3268179627e-03
1.5129756278e-02
-1.6562242678e-02
-2.7895636233e-02
-4.7653595008e-03
1.8105932466e-02
-1.5272537969e-02
-2.0335598439e-02
-1.8237297722e-02
1.6433053520e-02
-2.0125888941e-03
3.3147598244e-02
9.5768491109e-03
4.4361816844e-02
9.1200360315e-03
-2.4651217669e-02
1.8441353087e-03
1.5006770320e-02
-2.2435902250e-02
-1.5867426651e-02
-2.5757175045e-02
-2.6186446644e-02
6.2398480222e-03
-1.7455775495e-02
-1.6567595732e-02
-2.0596757231e-02
-2.1636772759e-02
-2.7244619205e-02
-7.5806013724e-03
3.6340339847e-02
2.8733673913e-02
-2.1145223468e-02
4.8985573786e-03
3.3441970543e-02
9.0165163540e-03
-4.3696395944e-04
1.5019895039e-02
8.9583713843e-03
2.5494434414e-03
-2.0484888306e-02
-1.3382184226e-02
-2.3087513009e-02
1.8690168934e-02
3.8541538469e-03
3.7426579190e-03
-1.1037562371e-02
-1.9548958725e-02
4.2019898975e-02
-2.7069948360e-02
-2.2489307931e-02
-1.2269785838e-02
-1.1708905532e-02
-1.3659056878e-02
-2.8914343857e-02
3.5296602415e-02
9.8231524679e-03
-2.3894170149e-02
-2.1298607656e-02
1.1423437136e-02
-3.0233190455e-02
9.5706511577e-03
2.9477641875e-03
-5.6093135402e-03
-1.8962737099e-02
-2.0785671048e-02
-2.8501525480e-02
-1.7902992217e-02
-6.0388195769e-03
-1.8099569668e-02
-2.5083573138e-02
-1.5951596880e-02
-1.3334190980e-02
2.0711889504e-02
8.6787548510e-03
-2.4480282551e-02
6.0857258893e-03
-2.9616689585e-03
-2.9036506759e-02
-3.5987536787e-03
1.6063739095e-02
-7.1544532676e-03
-2.3269374088e-02
2.0002760984e-02
1.4194523836e-03
3.0756714782e-02
-1.0741532276e-02
-2.7869374028e-02
-2.1063700477e-02
-2.6673957835e-02
1.6297389719e-03
-9.4867817219e-03
-2.9174094492e-02
4.2757288637e-02
5.3164014661e-03
-1.5781720832e-02
-2.8722902110e-02
-2.3583230700e-02
-2.5444026073e-02
-2.3440215858e-02
3.2378213793e-02
-1.7564984661e-02
-1.0476045968e-02
8.9057610731e-02
4.5710098066e-03
1.5835663559e-02
9.7824202558e-03
2.5482220223e-02
1.7979897869e-03
2.1548911642e-02
-2.9048506070e-02
-8.4263033642e-04
6.7601497455e-02
-2.6248145438e-02
-1.6779153511e-02
-1.9544486709e-02
-2.8837074134e-02
6.0388152684e-02
-1.9604658399e-02
-4.4213928159e-03
-2.9233570644e-02
4.1876228631e-02
-4.0797722201e-05
8.9095533586e-03
-1.3521362548e-02
1.0366989152e-01
-2.3680121626e-03
-5.7628719849e-03
-2.4649276368e-02
-2.5461033755e-02
-3.7862654501e-04
-4.2764592398e-03
-2.0344322944e-02
-2.8787235188e-02
-9.2663212063e-03
-1.4334720755e-02
-2.6232712263e-02
5.4218245316e-02
-1.7192592557e-03
-1.7837285148e-02
1.6903267436e-02
1.9302337547e-02
-1.0027755562e-02
1.2986988661e-03
1.8796859449e-02
-9.9902694323e-03
1.9194035334e-02
-4.4306041004e-03
5.8386031137e-02
-3.0075165569e-02
-2.8900894787e-02
3.7119995605e-02
1.4602850492e-02
-2.0053724455e-02
-2.7496488686e-02
3.5987481383e-03
-1.8368736791e-02
-9.1926062131e-03
1.9098105632e-02
9.0165948741e-03
2.4923388378e-02
-1.9899548207e-02
-1.1789594071e-03
4.4563527383e-02
-1.7616606777e-02
-1.3571510925e-02
1.4257684494e-02
-2.0275228094e-02
-2.7503106697e-02
-8.0835325322e-03
-2.7801739959e-02
-2.0856258231e-02
1.4544727165e-02
3.5314812532e-02
-3.0311582056e-02
1.7112938440e-02
-1.1626038089e-02
1.2517451520e-02
-1.4614058582e-02
-1.1525577273e-04
-5.3339563577e-03
-1.3515262564e-02
1.1059990120e-02
-4.7247217622e-03
3.3352504704e-03
-2.1437464798e-02
7.1636555702e-04
-2.9655464282e-02
-2.6328181338e-02
-2.9209739715e-02
1.9041151299e-02
-9.0817787552e-03
2.0216264497e-02
-1.8081061709e-02
-2.3813796132e-02
-2.1528002537e-02
3.9163712086e-02
-2.5746373262e-02
3.0242696204e-02
-1.8571800091e-02
-1.3665517223e-02
-5.8023782015e-04
-2.2607515245e-02
-2.8945255934e-02
-2.1893000393e-03
-7.2387705014e-03
2.0032277192e-02
-1.4510208734e-03
-2.8282552409e-04
-1.0244763210e-02
-3.8118874143e-03
6.9605205015e-03
-1.7730081927e-03
-1.4176018923e-03
5.2584235745e-04
-2.9546418935e-02
-2.8567243264e-02
-6.6330992619e-03
-4.1359586953e-04
-1.2229420124e-02
7.5971825859e-03
-2.3600560508e-02
-7.9502741127e-03
-2.8891846371e-02
8.3865485142e-03
5.3302948333e-02
-1.8073820261e-02
-1.3709053221e-02
8.8777580536e-03
8.9720180649e-03
9.5308141604e-03
-2.7779803420e-02
1.2726889554e-02
3.5375111101e-02
3.9697471758e-03
1.0738615828e-02
2.2045869328e-02
5.1406017984e-04
-2.9421429485e-02
-2.2874543808e-03
-1.4572240823e-02
-1.2018035790e-02
4.7686427929e-02
-2.9736351542e-02
-2.7536440445e-02
-1.5587205637e-02
-2.3978571150e-02
-1.9163465012e-02
-2.6497856077e-02
-1.5751845527e-02
-5.1345647994e-04
4.4276416265e-02
-1.4826842508e-02
-1.6834447927e-02
1.6772589036e-02
3.3569251195e-02
1.3319753718e-02
1.4031873136e-02
5.3988169626e-02
1.4924237801e-02
8.5918785897e-02
-7.4894018210e-03
2.9776465156e-03
2.3886268738e-03
-1.3701695140e-02
-2.6491872399e-02
3.0585846852e-02
-2.9507104633e-03
-2.7403154471e-02
-2.6680447792e-02
5.2687787106e-02
1.8158034184e-02
-4.3293123846e-03
-2.7429546401e-02
2.3131027703e-02
5.3254556121e-02
1.0373599122e-03
-1.2417535735e-02
2.8101344978e-02
-2.5947307312e-02
-3.8403515220e-03
-1.4259537058e-02
-5.6150259441e-03
1.5994407124e-02
-1.8396855358e-02
1.9127198013e-02
1.7394241387e-02
2.5625714903e-02
2.3473390706e-02
-2.2724747865e-02
1.7769235577e-02
1.2412881694e-03
7.2956848371e-03
2.3373714934e-02
3.1628794490e-03
4.0728039264e-02
-2.6120630906e-02
3.3385108321e-02
-2.4512782177e-02
-8.2692548341e-03
-3.9460791158e-03
8.5738334625e-03
-7.1558264125e-03
2.5394014940e-02
-2.1550270930e-02
-2.3451961516e-02
-2.5349832587e-02
3.4118920202e-02
-2.7520067195e-02
6.3006431474e-03
1.0935025517e-03
2.8392289300e-03
3.2642125822e-02
1.4403227825e-02
5.3032830143e-03
9.9562888770e-03
-5.2405329575e-03
-2.9403764303e-02
3.7403857180e-03
-2.9487716395e-02
1.6936245553e-02
9.0471119414e-03
-1.8199787730e-02
-2.2148163841e-02
-1.3656755598e-02
-2.2033977768e-02
-2.6010615630e-02
-2.9410121751e-02
-2.7691140889e-02
-1.6959581693e-02
-1.0264873876e-02
-2.8732039359e-02
4.2941905591e-02
1.7681990100e-02
-2.7100206942e-02
-2.8168129325e-02
-2.2670143245e-02
3.4474276239e-02
1.5507687041e-02
6.6600453549e-02
-7.8204720270e-03
4.5543525416e-02
-2.6956627003e-02
8.2754005283e-03
4.7619790560e-02
-5.2075784422e-03
3.5742328654e-02
4.0347857796e-02
7.3425052024e-03
9.2949577773e-03
-2.2421724284e-02
-1.7487264611e-02
1.0128730098e-02
1.5393451222e-02
-1.3131529873e-02
-8.1392590855e-03
1.3395644825e-02
-2.4182450087e-02
1.6934726976e-02
8.5604244079e-03
5.3636893147e-04
-1.1397979030e-02
2.0629298983e-02
-2.8960506680e-02
-3.8913195492e-03
-3.9213983488e-03
-7.6373995332e-03
-6.2986862858e-03
9.1066683846e-02
-1.1575214412e-02
-1.8562103227e-02
2.3191625060e-02
-1.2831774291e-02
8.1821475028e-02
-1.5301606832e-02
-5.6448489304e-03
2.0863030597e-02
-2.7913072570e-02
-2.0825655461e-02
-2.2998651861e-02
-1.3606509263e-02
-6.2435288356e-03
-1.6153492909e-02
2.0106535935e-02
2.6694586901e-02
-5.8048424620e-03
-1.1820703176e-02
1.0613052329e-02
-1.0789684480e-02
1.6137896570e-02
2.7970080271e-02
-2.5429406472e-02
-1.5753486815e-02
1.6936618011e-02
-9.5103497633e-03
4.7030570039e-03
1.8957786528e-02
-2.6810360905e-02
-2.4537005148e-02
2.3391441467e-04
-9.6202076614e-03
3.8013200790e-02
2.0718352259e-02
1.4936465015e-02
3.5169317889e-02
2.8888998319e-02
-1.0828354169e-02
2.3866808610e-02
-2.2768010685e-02
9.8764982770e-03
1.6479809619e-02
-2.6338070642e-02
3.0416204250e-02
-1.8187398036e-02
9.0407435476e-04
4.4263044628e-03
-9.9549802808e-03
-1.6561443656e-02
3.0941900868e-02
1.7333451401e-02
-3.0267654210e-02
5.5361995701e-02
-3.0489819658e-02
-2.6075373476e-02
6.0183224484e-03
-2.3923309894e-02
8.8817059914e-03
7.1169947116e-03
2.1058447284e-02
-2.8333381211e-02
-1.2445828085e-02
6.0608604013e-03
5.8839131238e-02
-1.4322817293e-02
-6.6536496887e-03
-5.3321736729e-04
5.5033711393e-02
-2.3960529346e-02
1.5147940180e-02
-2.4785320814e-02
1.9591979489e-02
-2.3672404831e-02
2.0019364591e-02
3.1636391690e-02
5.5980389986e-02
-5.4566983789e-03
-1.9894717942e-02
-1.9297616546e-02
1.2183046593e-02
1.4061534350e-02
2.9357427144e-02
8.5060558159e-02
-2.7946723369e-02
-3.2963387801e-03
-6.8045500607e-03
2.7952479243e-02
-2.6172719162e-02
-1.4883421351e-02
-1.8846095901e-02
-1.3887141185e-02
-2.1402853839e-02
2.0971085101e-02
2.7153268078e-02
1.5624229142e-02
-1.7088263388e-02
-5.5341192851e-03
-1.1184868582e-02
-2.7694282390e-02
4.2532173549e-03
-8.6074471062e-03
2.1672509775e-02
-1.9552854878e-02
1.7795228411e-02
2.0664035879e-02
-1.2950624125e-02
-7.3112698746e-03
1.3445142268e-02
-2.3757967904e-02
-2.3547371318e-02
5.0125568401e-03
9.4720166708e-03
-1.2972849198e-02
5.3016664977e-03
2.4177276733e-02
4.2140621229e-03
2.4878437410e-02
-2.0364116636e-02
-2.8435464451e-02
1.4793867859e-02
-2.2678447060e-02
4.9097212511e-04
-2.2692531631e-03
-2.5237413863e-02
1.1368364421e-02
8.1833101339e-02
-1.1175348551e-02
-2.3013972289e-02
4.5922062942e-02
1.1367725694e-02
3.2002475093e-02
-1.7377548696e-02
-9.5961879642e-03
2.2953534500e-02
-3.7484651490e-03
3.0301220943e-02
-1.8993170371e-02
-2.2613453223e-02
3.2221816024e-02
-1.9804162416e-02
-5.9903988084e-03
-2.7869305389e-02
4.0493497477e-02
-1.7441903299e-02
-3.8274570825e-03
1.0770766930e-02
2.3589872860e-02
-9.8062712780e-03
-7.4875530127e-03
-1.0731570583e-02
-1.4129825290e-02
8.5407537520e-02
-8.4375106613e-04
-2.3967568374e-02
-2.5949317534e-02
-5.6685604235e-03
-3.3896601930e-03
7.2189827668e-03
-4.8283727500e-03
7.6295883800e-02
5.3314655402e-03
9.1444338574e-03
-2.8416845846e-02
-2.9850972819e-02
-2.1953278662e-02
-2.7594916795e-02
1.6117228665e-02
8.9519235752e-04
-2.0184749449e-02
5.5422342109e-03
3.8306144587e-02
2.5699194601e-03
5.4573022940e-02
-2.8866516639e-02
-2.4195508227e-02
4.7329153065e-02
-6.4759804231e-03
3.9108286990e-03
-2.6689369292e-02
-3.0106048460e-02
-6.6428411592e-03
8.6396272036e-03
3.4890198595e-02
-2.0491860180e-02
-9.2340527281e-03
-2.8196080798e-02
-1.6553398806e-02
4.9136861493e-02
2.0448849357e-02
2.1407101967e-02
-2.3764667916e-02
1.2226723344e-02
6.7561761943e-02
2.0258025659e-02
-8.4097741215e-04
-2.4993799896e-02
2.2938247028e-02
-2.9469482693e-02
-2.7065905935e-02
-1.3767112013e-02
1.0416425083e-02
-1.4514650597e-02
-2.6133190142e-02
-2.2807836408e-03
-2.7547586452e-02
-1.6650385810e-02
-2.0725314653e-02
-2.3050721610e-02
-1.1797525701e-02
-1.2255787269e-02
-2.6222238904e-02
2.7425021789e-02
1.8378513291e-02
1.0139980433e-02
-9.2438268453e-03
1.3473170867e-02
2.2926426602e-02
-1.7535722639e-02
-2.4169150738e-02
-1.9519358503e-02
-1.6564916599e-02
3.4186480520e-02
-1.1955165455e-03
1.1336363380e-02
7.6966860499e-02
1.4229196254e-02
4.0537401916e-02
3.3453090588e-02
8.2017520740e-03
-1.2633375197e-02
-8.9804532828e-03
-3.0513636997e-02
-4.1021052166e-03
1.2030999652e-02
6.2087233438e-02
-1.6248031341e-02
1.9018556783e-02
-2.1968674838e-02
-2.8725752990e-03
-2.5741105437e-02
1.0388266143e-02
-1.2213994169e-02
-1.6620708056e-02
2.5614873429e-02
-2.5683397396e-02
-2.4385070779e-02
-6.2346098366e-03
-2.9544429239e-02
-2.7806956094e-02
-2.8126379654e-02
-2.1202260840e-02
1.4988637909e-02
-2.7973878449e-02
4.2145212925e-03
-2.8050124719e-02
-1.3037135961e-02
-1.5795578964e-02
3.6855427452e-03
-2.7817727489e-02
-5.3736774059e-03
-1.1275540470e-02
1.2595737081e-03
-8.8957598234e-03
1.4304018899e-02
2.0630381486e-03
5.6944907562e-02
-2.8407720620e-02
-2.0371477502e-02
-1.8035509492e-02
4.7004871905e-02
3.0443244119e-04
-8.9477813234e-03
3.5826109926e-05
2.7820037704e-02
8.3009244136e-03
1.9170311172e-02
-1.3806486079e-02
-2.2508646714e-02
-8.1897877172e-03
1.2131076700e-03
-2.8960238456e-02
4.1876901565e-02
-2.2245749488e-02
2.4751218497e-03
-2.7824333724e-02
-5.1317831077e-03
-3.5315189742e-03
-1.2964599846e-02
1.5021343481e-03
8.7406266370e-03
3.8056865135e-02
-1.7716828369e-02
-7.7951786649e-03
5.4051426100e-02
-1.3704609645e-02
-2.8212351707e-02
-8.9441478505e-03
-3.0892230356e-02
-2.6430186716e-02
1.1309719198e-02
4.6892822041e-02
-2.8226229404e-02
-2.7445356939e-02
3.4746993741e-02
2.4268065894e-02
-2.9276253583e-02
-1.1201827754e-02
9.9772305707e-03
6.4988965091e-04
1.6805811947e-02
1.2678158537e-02
-2.4338107990e-02
-1.6544809956e-02
-3.4499486352e-03
1.4201731185e-01
2.1582164544e-02
-2.8084331584e-02
1.0581174020e-02
1.8818750092e-02
4.2579609497e-03
-2.2330566733e-02
-2.4327402896e-02
-2.8763622106e-02
1.2602214887e-02
1.9951980380e-02
-2.4581463783e-02
-2.9052727388e-02
7.5806077499e-03
-3.9039709847e-03
5.0466661585e-02
1.2154900009e-02
9.7828742454e-03
-2.7543869220e-02
-1.4828953464e-02
3.2636506576e-02
-7.9577952884e-03
5.9389831307e-03
4.1791664512e-03
-7.8166048376e-03
-3.8898914665e-05
-1.9956447555e-02
-1.8626470398e-02
2.7473684212e-03
-2.7173352166e-02
-2.4977234670e-02
4.7795713093e-03
-8.9152126698e-03
2.8267481559e-02
-2.9656485750e-02
4.4072370513e-02
-1.5205922332e-02
-1.6630538293e-02
-3.1799059133e-02
1.3492175046e-02
1.0835725144e-02
5.2115776193e-02
5.6572298107e-02
2.2156456992e-02
-2.9312143172e-02
3.1504871920e-03
8.3056671132e-03
-7.0422370039e-04
-1.1969952052e-02
-1.2602679886e-02
-1.4269259465e-02
-2.7919029766e-02
-2.3546082158e-02
-3.6800704607e-03
4.9408057881e-03
-2.5974213150e-02
9.5677758249e-03
1.5982281294e-03
-2.2105871055e-02
1.4749728786e-02
3.0210211225e-02
-2.4060577870e-02
2.9737240542e-02
-2.4827644431e-03
1.0741299431e-01
-3.1168705928e-03
-1.5803350915e-02
3.2522582599e-02
7.6504806698e-03
-2.8491892923e-02
1.7467554365e-02
-2.9227744329e-02
-2.8318032521e-02
1.1978887036e-02
3.0712884728e-02
8.1437221037e-03
-2.3653206418e-02
-2.4148504372e-02
-2.1367117236e-02
-6.2746574817e-03
-1.3925377406e-02
-2.6701185905e-02
2.4690263650e-02
6.6010285357e-03
3.7723856268e-03
-2.6769937782e-02
-2.0002085933e-03
-2.6381798352e-02
-1.9530824877e-02
-2.9648267215e-02
-1.8196147745e-02
-2.6565379902e-02
-2.3895722702e-02
-2.1734252707e-02
1.8246159372e-02
-2.0987345841e-02
-2.1119962524e-02
1.2732193507e-02
-2.0109734042e-02
-2.0642542981e-02
1.0829797251e-02
-5.1168644109e-03
-9.8619751824e-04
1.4123257513e-02
6.0772597578e-03
-1.6354881850e-02
-1.9770334276e-02
-4.9640305438e-03
7.8653392897e-03
-2.5956300649e-02
-3.5626405358e-03
2.7219837566e-02
-2.4265999321e-02
1.5142781758e-03
-2.8079461387e-02
-9.4188632681e-03
6.0397963155e-04
-1.4065541147e-02
-1.9093104567e-02
6.2224552663e-02
-2.4860230255e-02
-1.7053724687e-02
-1.6126546930e-04
5.6975328519e-03
5.7978776905e-02
8.9483241722e-03
1.4341559865e-03
-1.8768976397e-02
-1.7433398778e-02
-6.4277536801e-03
1.9699289395e-02
1.7117662979e-02
-2.5105031044e-02
-2.1542192303e-02
-1.2241792323e-02
-2.6553888008e-03
-1.5402952501e-02
1.9394196215e-02
-2.4860625667e-02
-2.5350195117e-02
-4.7800768471e-04
-1.4058379464e-02
-7.2285383419e-03
1.0241485314e-02
-1.1888714546e-02
-2.3654095794e-02
-2.6010637581e-02
-3.0350832393e-04
-2.5800120812e-02
1.9375880447e-02
5.5125025258e-03
1.1142674014e-02
2.2048686259e-02
1.7486742016e-02
4.1303361365e-02
-6.6127923568e-03
-5.3980257207e-03
-2.6943278360e-02
-2.7620537777e-02
-1.1800369971e-02
-2.9675306031e-02
-2.6869227879e-02
8.7096945055e-04
3.4757678486e-03
1.7456251553e-02
2.1349367399e-02
3.7309396050e-02
1.7304488653e-02
-2.6182217711e-02
-2.4937348968e-02
-2.4991382931e-02
-3.0924320411e-02
-3.9416413370e-03
-1.7142019911e-02
-7.1120231168e-04
1.2362632417e-02
1.2670085756e-02
-2.5006032568e-02
1.3969626650e-02
6.2557039630e-02
-3.7059166952e-04
2.4911160412e-02
-1.9783762717e-02
-1.6782073586e-02
2.2365272238e-02
-2.0221158506e-03
-2.1145296296e-02
6.3581284478e-03
2.4299033618e-02
7.7446201940e-03
5.0424123868e-03
3.6807667735e-02
-2.8924190794e-02
-1.9722017726e-02
1.3219037670e-02
-1.7439671056e-02
1.7828025209e-02
-1.8813128206e-02
-2.1933672863e-02
-2.0528608267e-03
2.0060966334e-02
-1.2317993852e-02
8.8823248401e-02
-1.3875718289e-02
-2.6906112653e-02
-2.5238837120e-02
-3.6435913313e-03
-4.1694094933e-03
-1.3828439387e-02
-2.9050088130e-02
-2.2755607568e-02
-1.5749087957e-02
-2.8567201681e-02
-1.4682380710e-02
-1.3892016115e-02
1.9260987219e-02
-1.5460050938e-02
-3.8890049640e-03
1.0929022136e-02
-1.9427491624e-02
1.1433119043e-02
-2.0164977756e-02
-2.1593357679e-02
1.7683644141e-02
-2.7277919024e-02
1.7639220669e-02
-2.5604280431e-02
1.2922887930e-02
2.5657989793e-02
-9.1133557009e-03
3.6489220783e-02
-1.7623431697e-02
-2.4850969821e-02
1.2517094333e-01
3.7345530084e-03
5.8447730054e-03
-1.5923714659e-02
1.8820125197e-02
2.0011357278e-02
1.0004261442e-02
-2.8156943906e-02
-3.2688760696e-03
2.1410068513e-02
-1.2530257588e-02
-3.6611161620e-03
-2.5183640009e-02
-2.5425508899e-02
1.7560465760e-02
-2.1956572231e-02
-1.7145523522e-02
1.7881899105e-02
-2.8180949689e-02
-2.9535453950e-02
-2.5716021798e-02
2.7501262122e-02
1.6961661382e-02
-8.8059213576e-03
-2.9910825631e-02
8.6564531585e-02
-1.3020636385e-02
-3.4015318760e-03
-2.2503903868e-02
-2.3202597284e-02
-2.7088883379e-02
-1.5139646791e-02
3.0227352428e-02
-7.0849552022e-03
1.8794875189e-02
-2.4544464497e-02
-2.9102403384e-02
1.3219248740e-02
-8.3354910955e-04
-3.6224989414e-03
-1.5167319161e-02
-1.2063448680e-02
-2.8039268331e-02
-2.6017997086e-02
9.8987437462e-03
1.1662865331e-02
2.7187083932e-02
-2.3705418416e-02
-9.4794688537e-03
-2.8104180819e-02
-2.3721814211e-02
4.0839362948e-02
3.2245181256e-02
-7.3804202740e-03
-1.8439429813e-02
1.0139333213e-03
8.9020717225e-03
-8.7957816694e-03
7.6700390005e-03
-1.3113292431e-03
2.4178366242e-03
8.1415363310e-02
-2.6004207820e-02
-4.8805623733e-05
-1.7271855828e-02
-1.4626614965e-03
-6.5672824485e-03
1.4997834519e-03
3.4278883332e-02
-1.6845516284e-02
-1.0576772919e-02
-1.2180577123e-02
-2.2617650438e-02
-1.6646341712e-04
-1.0951679451e-02
-1.6084277732e-02
-2.0623692690e-02
-2.7036148550e-02
-1.6721648751e-02
-1.8990342686e-02
4.9309142805e-02
-1.9721582337e-02
2.6039314325e-02
7.9665451126e-02
-8.5959898456e-03
-1.5030525870e-02
3.2806857648e-03
-5.5687765949e-04
-1.3511305125e-02
-1.1562727296e-02
-2.9987230314e-02
-1.9146496571e-02
2.1133867733e-02
-2.3378149559e-02
-2.9534734288e-02
-3.5349036579e-03
-1.8378672532e-02
-1.5175319395e-02
6.7256467406e-02
-1.9296632462e-02
1.9758029285e-02
-1.3571263490e-02
-2.9176899972e-02
3.8135345995e-02
-1.8911266606e-02
6.7523415039e-02
-6.4525234650e-03
3.3558847863e-03
-2.4100396220e-02
7.4151945984e-03
3.5452630615e-02
-2.6824274051e-02
-2.6143427758e-02
-6.5239725487e-03
-1.8169285379e-02
8.3630889500e-03
6.1420986415e-03
-2.8282155078e-02
-2.7531837639e-02
1.6437542280e-02
1.7650169348e-02
2.9220124448e-02
2.7025271183e-02
3.8871727286e-02
2.8296548353e-03
-2.1927490950e-02
-2.3158844513e-03
-3.5368243735e-03
-2.1696754644e-02
-2.1084291706e-02
-2.4001409083e-02
-2.0363462741e-02
1.9915108132e-03
2.8510399293e-02
1.4945604036e-02
-2.5714452265e-02
-6.2454887073e-03
8.2550563478e-03
2.2011395985e-03
-8.9268220490e-03
-2.8325519529e-03
1.1989331764e-02
-2.3682609052e-02
-4.4610284936e-03
5.2971393768e-03
-2.2171033637e-02
1.8699757717e-03
-2.5042240302e-02
-2.4242438289e-02
-2.3712597934e-02
3.4220648846e-02
7.0154155915e-03
-8.7954357659e-03
-3.4696266937e-03
-2.9624666326e-02
2.0602413992e-02
-1.2406401785e-02
-2.0532322500e-02
8.6055001054e-03
1.3094915545e-02
-1.8294984520e-02
2.3389626391e-02
9.0729974579e-02
-2.6904697733e-02
6.4237815220e-03
-2.7619608981e-02
-1.7423324376e-02
-1.5626833827e-03
3.2000502858e-03
8.2063950991e-02
-2.7408184897e-02
4.7036756729e-02
4.0499035702e-02
5.0931829032e-02
-5.8993701527e-03
1.1402849899e-02
-2.7606870409e-02
-2.7818513366e-02
-2.5588843276e-02
5.8882342729e-03
-2.6669475215e-02
-2.2372905354e-02
-1.7220806696e-02
-2.9426847614e-02
-9.7051934136e-03
-2.2237030011e-02
4.1116259413e-02
-2.9040717374e-02
1.3120927136e-02
3.8557207293e-03
-2.1204502896e-02
6.8143545844e-02
1.9136134477e-02
-1.9117260624e-02
-2.3763200146e-02
-2.0399435664e-02
-2.5137631275e-02
6.7403164776e-03
-3.9904410843e-03
-2.8900921091e-02
2.9473061951e-03
-1.5428087474e-02
4.5097955089e-02
2.0858641366e-02
-2.5047642822e-02
5.9481667657e-02
1.7477678546e-03
1.9394930298e-02
-3.2697701665e-03
1.8414371255e-02
3.5585035109e-03
-5.4378293596e-03
1.1532563605e-02
-4.1941783141e-03
5.5392395168e-03
-2.7196219430e-02
1.8749303210e-02
1.3476023586e-02
-2.1392329768e-02
-1.0883928578e-03
-3.1108693188e-02
1.5550135530e-02
-1.1935272931e-02
-2.8448202545e-02
9.4516363257e-03
-2.1721613179e-02
5.6036060741e-02
5.1329635411e-04
-2.3440439460e-02
-2.7234728168e-02
-2.4638473925e-02
-2.9107988383e-02
-8.5902915417e-03
1.3495556710e-02
-1.1320493340e-02
-3.0052609525e-02
2.6805394659e-02
9.9151642816e-03
-1.4482866323e-02
-1.4742829427e-02
1.6389002563e-02
-1.2659685457e-02
-1.6456966247e-03
-1.1382966287e-02
-2.8303232305e-02
-2.9620338050e-02
-2.3454072669e-02
6.9420288661e-02
-1.7719212055e-02
-2.6446859951e-02
3.0804312787e-02
-1.4787334576e-02
6.3170156906e-02
-1.5771658424e-02
-5.6747975216e-03
-3.0332170847e-02
-1.1601388643e-02
2.0355989295e-02
-6.5825206777e-03
2.5370528887e-03
-2.9103597829e-02
-2.5566067226e-02
-1.7798586580e-02
1.2028882526e-02
4.1604941837e-03
-2.4358599715e-02
1.9490439145e-02
-2.1014865125e-02
-6.1404218294e-03
-1.1110150895e-02
3.9176565413e-02
-2.1508457382e-02
4.2277946069e-02
1.5477024170e-02
-2.6052372481e-02
-1.1583085690e-02
-6.1774851228e-03
-3.1243789641e-02
1.2121763685e-02
4.1325458944e-04
-1.3195508827e-02
-2.2145650658e-02
2.6245124853e-02
-5.8645492532e-04
3.3852901051e-02
8.3997362246e-03
-1.4433773826e-02
-2.1267336102e-02
2.4859503338e-02
-2.1442708482e-03
-3.3973371099e-03
-6.9269718778e-03
-1.6778839267e-02
-9.8318579788e-03
-1.0513173478e-02
3.5350551837e-02
-1.8913228907e-02
4.2885202340e-02
-1.2826047198e-02
-1.5394517077e-02
1.9412913431e-02
-2.4498681758e-02
2.6030468535e-02
4.5458766874e-02
2.7080118970e-02
2.7438722884e-02
3.2523251232e-03
3.2187299308e-02
-1.4505826026e-02
-2.9330613795e-02
-2.7283737500e-02
-8.3894498550e-03
-1.4461573597e-02
3.3651496347e-02
1.8906020326e-02
6.1124582631e-02
1.3200867117e-02
1.0010591217e-02
-1.5300565459e-02
-2.5170948900e-02
-2.6438084509e-02
-2.1867691344e-02
-2.3896897023e-02
-3.1675048987e-02
6.1968889377e-02
-8.1608372135e-03
4.0554320966e-03
3.2512523842e-02
-1.0248959508e-02
-9.9418103291e-03
-6.4259611420e-03
-1.4264877414e-02
1.7954523297e-02
-3.0311752433e-02
2.9861054662e-02
1.7357122997e-02
3.3570502196e-02
-2.5966349832e-02
-1.2049808949e-02
7.2343469723e-02
-1.4517264737e-02
-1.7174506678e-02
-7.8630519123e-03
-2.7677112555e-03
-2.2188301018e-02
6.5832022156e-03
-9.4713163055e-03
-5.6309134898e-03
-1.9190200882e-02
1.4758174114e-02
-2.6229188164e-02
-9.2377191564e-03
8.6984254746e-02
-1.9769018990e-02
6.5574491650e-02
2.0172906167e-02
-2.9543473327e-02
1.1929455909e-02
-3.1021002561e-02
2.4182999167e-02
-8.8392307954e-03
-1.3480120040e-02
-2.9043173059e-02
6.4342753868e-02
-2.2352616302e-02
-1.8017940491e-02
-1.1125417060e-02
-2.7681298240e-02
-2.5852975524e-03
-2.8682861167e-02
5.8330446652e-02
-9.8160230833e-03
-2.8406541330e-02
1.3956065213e-02
-4.8065001981e-03
7.1585891717e-03
-4.6368027438e-03
7.3573374076e-02
2.2019702511e-02
6.9801859216e-04
-2.3689487290e-02
3.7459726472e-04
-2.7326168770e-02
-2.0916078606e-02
-2.5703621577e-02
2.6160147941e-02
-1.3594242358e-02
-1.3658767669e-02
-1.0593256843e-02
-9.5128335125e-03
-2.5633802841e-02
-2.3378462120e-02
-2.4441156612e-02
2.7724111222e-02
1.8840197907e-02
-2.3248939664e-02
-5.1086460230e-03
-6.7824761916e-03
-3.0114164119e-02
-1.6744843132e-02
-2.3140105338e-02
6.1049345804e-03
1.7690338517e-02
6.3049763914e-02
7.3437330064e-03
-2.7286596632e-03
-2.4871031048e-02
2.2664136735e-03
2.7129797589e-02
4.3324778124e-02
-1.5431014803e-02
-3.0499630007e-03
-2.0221094581e-03
-8.8747599693e-03
-2.4226499633e-03
-2.5853650174e-02
1.8718089994e-03
2.8730660702e-04
1.1737142688e-02
2.4944502127e-02
-1.9606764540e-02
8.6495543182e-02
-2.9063509018e-02
-2.0134952908e-02
-2.9170357796e-02
7.6968343672e-02
-8.8262507703e-03
-2.4778557003e-02
1.9362169026e-02
1.9050489107e-02
1.2624474147e-02
2.1941871725e-02
7.1239177354e-04
-1.8322434303e-02
-2.6027342044e-02
-2.6919413424e-02
-2.1954225915e-02
1.9669666410e-02
-1.2395900216e-02
-2.8980570374e-02
7.1780111790e-03
-2.5340886299e-02
1.0639379802e-02
-9.2124344364e-03
1.8545473499e-03
-1.4415489010e-02
-3.0591756892e-02
-1.7324006092e-02
-1.5759092443e-02
2.8526655504e-02
1.8470695177e-02
-2.5750156032e-02
-2.3634500193e-02
2.7854179643e-03
3.8183906791e-02
-1.0192888957e-02
8.1560080185e-03
-3.0922068343e-02
5.4131796515e-02
1.9813583949e-02
6.8158965219e-03
7.0208914791e-02
-1.2276516619e-03
-1.8784329423e-02
-2.2684886366e-02
-4.3580917168e-03
1.7621707620e-02
-2.1126499185e-02
-2.8970598166e-02
9.8472315175e-03
-2.8091516656e-02
1.2552163979e-02
-1.6250737432e-02
7.2500869074e-02
1.7904630174e-02
4.4939853825e-02
9.5507910457e-03
-2.5363809371e-02
-9.8051275094e-03
-2.6426503203e-02
2.0518401676e-03
-3.0258301163e-02
2.0744645248e-02
1.8808749104e-02
-2.0763450573e-02
-6.7128825073e-03
1.3085464326e-01
1.0923938446e-02
-1.3486073525e-02
-2.9373505603e-02
-3.0399939242e-02
-1.2666351158e-02
1.1392081701e-02
-2.9954563503e-02
1.5448243283e-02
1.3131615643e-03
-2.7427084888e-02
-1.7352963256e-02
-1.0829792550e-02
7.9477329207e-03
-2.7948119827e-02
2.9274996939e-04
1.6990233444e-02
-1.3950877880e-02
-4.5719939693e-03
-3.6282498806e-03
1.1058863121e-02
4.3051350537e-03
2.9380110649e-02
9.9389335742e-02
-2.5373426394e-02
-4.4765659599e-03
1.3658314582e-02
-3.7159444335e-04
-3.7875526291e-03
-2.1723602404e-02
-2.6139179736e-02
-1.3881812754e-02
8.0774747939e-03
3.8947651370e-02
3.1384670852e-02
1.9517101890e-02
-2.9103471151e-03
-2.7863956392e-02
-2.2937206564e-02
5.3820405126e-02
1.9325329826e-02
1.9893749728e-02
-2.5602203230e-02
-1.0018742598e-02
-9.4617222191e-03
-2.6457938999e-02
-2.8134529451e-02
-2.6521868660e-02
2.8934583800e-03
6.3071222859e-02
1.9357029662e-02
4.0627568747e-02
4.0997600994e-02
-7.5145751436e-03
3.1820501078e-02
-5.6039077615e-03
1.9583048922e-03
1.3053114825e-02
-1.0053576942e-02
-2.8079595276e-02
-2.4719348003e-02
2.4291408074e-02
-2.0362174221e-02
-2.1020725922e-02
4.3123005962e-02
-6.0626526640e-03
1.9026061597e-02
2.4323625890e-03
9.3552763143e-03
-1.2522686746e-02
-1.9042824966e-02
-1.8343129272e-02
-2.9546716027e-03
8.0644626393e-02
-2.1347629064e-02
-6.7180429970e-03
4.5976327004e-03
9.3804477860e-03
-1.7080538701e-02
-1.8693025096e-02
-1.9715646098e-02
-1.8675132456e-03
-2.7249428933e-02
-1.7887972883e-02
-7.5440124313e-04
1.1251015147e-02
1.0125700378e-03
-2.9093504753e-02
1.6080444244e-02
5.5639797683e-03
6.5216176496e-03
-2.6376900594e-02
3.8092792051e-03
-9.4322135536e-03
-2.7933998584e-02
1.6499980320e-02
4.8754115215e-02
-1.3007471917e-02
-1.0091942068e-02
-4.2194247067e-03
1.8442087878e-02
-2.7352950611e-02
-1.1251392948e-02
1.2165082806e-02
1.0246773529e-02
-1.6302527613e-02
-1.6888762524e-02
5.6716155433e-02
-2.3833908257e-02
-2.5506144082e-02
-2.6395947320e-02
8.8504247696e-03
2.5967426835e-02
3.1248296107e-02
2.9531769984e-02
-2.8400250923e-02
-2.5811847227e-02
-2.3177746838e-02
-2.5578663286e-02
2.9825890430e-02
-2.6407779053e-02
2.8812789859e-02
1.8662275285e-02
-1.7349657949e-02
8.9853003614e-03
1.2295931696e-02
-3.0544148478e-02
-1.5270381505e-02
-2.1400448789e-02
1.7597095531e-03
1.5875948230e-02
5.1579270218e-03
-1.4684109618e-02
7.1680223397e-03
2.2773575267e-02
5.2042776288e-02
-2.3430066022e-02
-1.3728257628e-02
4.1384965390e-03
-1.9713533476e-02
-2.4439209039e-02
-2.3380288088e-02
-2.5058362022e-02
-2.9810195015e-02
2.8762298216e-02
-2.7590594542e-02
-2.8343121910e-02
-2.8729006248e-02
-2.0510807981e-02
-1.3711156140e-02
-1.2572030513e-02
-6.7955346640e-03
1.5619935846e-02
2.1217938036e-02
-2.6734864180e-02
-9.1730242780e-03
-2.6318432639e-02
4.9352423009e-02
-2.3815803276e-02
-3.0014872137e-02
-1.8160349284e-02
2.7446476894e-02
-2.8259332737e-02
7.3878735275e-02
1.1230038361e-02
-2.1589474364e-02
3.9555759616e-02
1.7653407206e-02
2.2402874494e-02
1.7184323656e-02
-2.0836889056e-02
-2.1832867501e-02
-2.3234718452e-02
-3.1003847918e-02
-2.0476993846e-02
2.5358861782e-02
3.4234633024e-02
1.7254141041e-02
7.2187302120e-02
-2.7847640062e-02
-6.9694791204e-03
4.3244842875e-03
-4.5235366784e-03
-2.4120232841e-02
-2.2480990007e-02
-2.6503189646e-04
1.7733659047e-02
-1.4015988861e-02
4.2348600569e-02
1.1691168787e-02
-1.9728483177e-02
2.6000869403e-02
1.4531904598e-02
-3.4246031198e-03
-3.0158364372e-02
-1.3406099895e-02
2.8136557492e-02
-5.9182050398e-04
-2.5476634809e-02
-2.2628634645e-02
1.0467747005e-02
4.6095014269e-02
-6.7178954718e-03
-3.0602442937e-02
4.7869249272e-03
-2.9005043752e-02
-1.7910824375e-02
-2.4629198888e-02
-2.6812001473e-02
2.2467352289e-02
-1.7198722283e-02
7.0225802044e-02
3.3804248951e-02
9.6357540335e-02
1.3903194461e-03
2.9919734031e-02
1.3563024852e-02
-9.2715913270e-03
3.8671546848e-03
2.1785372012e-02
-1.8955213501e-02
-4.8415567877e-04
-2.3369656919e-02
7.4669727595e-03
-1.4866580086e-02
-1.4800388634e-02
-9.3310526593e-03
-6.3081892194e-04
4.4564203394e-02
-2.3740417438e-02
-3.0810309216e-04
1.0514829590e-02
1.5684708615e-02
-2.2808749578e-02
3.7140863314e-03
-2.7551077648e-02
-1.3380747867e-02
2.9165865866e-02
-2.5657177351e-03
-2.3147515228e-02
1.3521271490e-02
4.8911236867e-02
8.2217303017e-02
-1.4485303772e-02
-1.8832265381e-02
1.0211149718e-04
6.3009858077e-03
-4.4706356281e-03
-6.1911349982e-03
-3.3284628892e-03
-1.5722435962e-02
-1.3258842071e-02
-3.0195192296e-02
2.1985636750e-02
4.1101161894e-02
1.1072142361e-01
1.2887217408e-02
6.9473628383e-02
1.0998850917e-02
1.4151408035e-01
-8.2939571985e-03
1.2132455839e-02
1.6745022389e-02
-2.1267289459e-02
1.0940306166e-01
1.1015826505e-02
-1.6346136299e-02
-2.1126528544e-02
-1.2227300461e-02
-2.9722338207e-02
1.2050302495e-02
1.2144137128e-03
3.0235746041e-02
-1.5455750305e-02
-1.5183122089e-02
1.7394560315e-02
2.8119543270e-02
5.1981316006e-03
-8.6121479909e-03
5.4058461414e-02
2.8588282112e-02
3.0612787165e-02
3.0014787011e-03
4.3392964945e-03
-2.6992644708e-02
-2.8118844044e-02
-1.4950868246e-02
1.2157485001e-02
5.2290589590e-02
-2.5680139283e-02
-2.0931050245e-02
-2.5669235178e-02
-1.2660369459e-02
2.5249748552e-03
-1.5755095688e-02
-3.6103981954e-03
-1.0085446847e-03
3.7908939115e-03
-1.7391326762e-02
-2.4680741798e-02
1.6337460361e-02
8.9818519726e-04
-1.2516767848e-02
1.9804963645e-03
1.0406576924e-02
-1.9453610329e-02
-1.4472732548e-02
4.7212304967e-04
1.9523704322e-03
7.3553144413e-02
1.4090022448e-01
-2.1617308853e-02
-3.1626377039e-02
1.6861445679e-02
2.9851063045e-03
1.2714105330e-02
-8.3751457554e-03
-2.9769977768e-02
2.7514810131e-02
-7.8828315712e-04
6.8249111422e-03
3.2171200530e-02
-2.9339586472e-02
5.1596373106e-02
3.3216565365e-02
-6.8422899364e-03
-5.0514678183e-03
-2.4754865366e-02
9.4658384329e-02
-6.8470490487e-04
-2.5998717124e-02
-2.4531233846e-02
-1.3102740636e-02
-1.4775676044e-02
3.1479511031e-02
1.7569685516e-02
2.0826445992e-03
-1.8869489303e-02
-1.8784142275e-02
-2.4855001507e-02
-2.8456105573e-02
5.4719077324e-02
-7.6353883479e-03
-1.1992615652e-03
3.3911182480e-02
2.4169683552e-02
-4.3222585650e-03
-2.6901825965e-02
-2.1711021566e-02
-2.3746404761e-02
-1.9006143958e-02
-2.0686854162e-02
1.3766032156e-02
-1.9830370354e-02
2.6432003589e-02
-1.2676929255e-02
-2.4313552742e-02
-1.1754278142e-02
1.4715901011e-02
3.9206734348e-03
1.0569468813e-02
-2.5740317849e-02
-1.1590123347e-02
-1.9909125256e-02
-1.6597121131e-02
1.9664101048e-02
1.0021436569e-02
2.0838751429e-02
-2.5893945872e-02
-1.8278886838e-02
-2.1602083157e-02
8.2205737243e-02
-2.5523669901e-03
5.5812185608e-02
7.8515872824e-02
-2.7734253748e-02
-6.4957201807e-03
-1.3042443628e-02
-1.5862817686e-02
3.3258028205e-02
-1.2179372822e-02
3.2268354675e-02
-1.4866800861e-02
-3.0862139815e-02
4.5611032801e-03
-2.4974900124e-02
-7.5627317352e-03
4.0317097342e-02
1.8821833031e-02
6.8847586578e-03
-1.3239193606e-02
-2.6530863020e-02
2.8828278884e-02
-3.6268023038e-03
3.5178625827e-02
-2.9051791126e-02
-2.1284604853e-02
-2.6356178187e-02
-2.8006597980e-02
1.2227753453e-02
3.0733475225e-02
-2.4101776497e-02
1.6757104896e-02
1.5567097168e-03
-2.1942949107e-02
-1.2243780401e-02
-1.4216190517e-02
1.6746778123e-02
-1.1831754094e-02
8.0519661034e-03
4.0845246921e-02
-2.0181642103e-02
5.5101413016e-02
-1.1474092040e-02
-1.1941662340e-02
-2.6273545991e-02
-1.6719316796e-02
-4.8255634054e-03
-2.8600680749e-02
3.2706015781e-02
-2.4406155065e-02
-2.9032803150e-02
-1.0371959506e-02
-1.7431684389e-02
7.7812692658e-03
1.7101931700e-02
-1.1384884955e-02
1.4818158284e-02
-7.2777721541e-03
-5.5989841946e-03
-1.1993013930e-03
-1.4368411437e-02
1.2608264921e-01
6.3822809711e-03
3.5273656032e-02
1.2035038993e-02
-1.9606633132e-02
-1.9071933525e-02
-4.6393978220e-03
3.2854736455e-02
-9.4711885504e-03
-2.0109849087e-02
-2.3394250183e-02
3.7514638069e-02
-2.9783646456e-02
-5.9155001127e-03
-4.3065936792e-03
-1.5720160388e-02
-1.8893391803e-02
-2.9893318678e-02
-2.4470475361e-02
3.0901186031e-02
-1.9356471901e-03
-7.4349108760e-03
-2.2836011495e-02
1.1922247359e-02
-4.7105872164e-03
5.3658204477e-03
4.2779231051e-02
-6.0850467018e-03
-2.5544118507e-02
-1.0093474031e-02
-8.6833160499e-03
7.1555885405e-03
2.4067994224e-02
-9.2317542523e-03
2.2975997856e-03
-1.3895447992e-02
6.3152977119e-02
2.3333998539e-02
-1.2219635187e-02
-7.2421775723e-03
1.5585193086e-02
4.2190636697e-02
-2.9008957702e-02
-2.3966962374e-02
-5.9396733469e-03
-2.9756618308e-02
4.8429870918e-03
-5.2740884734e-04
4.1076501833e-03
-2.4306314173e-02
-5.4897684031e-05
-1.4293317704e-02
8.7118504791e-03
2.1292333493e-02
3.3328071193e-02
-1.8691221447e-02
6.8543011647e-02
-2.3849905008e-02
-2.2185744528e-03
9.3970471800e-03
-1.0690127822e-02
1.4512024261e-02
-2.6172992653e-02
-9.4536949021e-04
2.5767710936e-04
3.2057969582e-02
4.8596345752e-02
-1.4203107165e-02
1.5264716101e-01
-1.7809404987e-02
7.6356004382e-03
6.8793904967e-02
-2.8981860310e-02
-1.4232064829e-02
2.1651513271e-02
6.5674908894e-02
2.3202638092e-03
-1.0788422819e-02
-2.5326218899e-02
-2.7040427379e-02
1.3125291620e-02
1.1848822624e-02
-2.4559868916e-02
-2.5194791012e-02
-2.3589379051e-02
2.4889730389e-02
-1.4670911297e-02
1.2304646598e-02
-2.9386863052e-02
5.0391042510e-02
-1.0980307307e-02
3.4134819379e-02
3.3120046265e-02
-9.0124766314e-03
-1.6661103008e-02
-2.7416963549e-02
-1.8494153601e-02
-1.2966416686e-02
1.3390133886e-02
4.6838133165e-02
-2.9448248021e-02
-2.7720060153e-02
-2.6971181037e-02
-2.6791743201e-02
2.1867714830e-02
6.5776562087e-03
2.9901775769e-03
1.6081704231e-02
-3.6764572209e-03
-1.6554494945e-02
2.2801450264e-02
2.7483028097e-02
-1.8500353161e-03
-2.1508531169e-03
6.7396918328e-03
-1.2663953000e-02
8.6453717040e-02
-1.9806689037e-02
-2.1585003716e-02
-1.5547931303e-02
1.3433781400e-02
-3.7846023330e-03
-1.5388336907e-02
-1.8687917896e-02
4.6754838337e-03
-2.3508817978e-02
2.1853203795e-02
-2.9678748082e-02
-2.0433305444e-02
9.2020958063e-03
-9.5468850998e-03
5.3996131063e-02
-2.4669550046e-02
3.6828775734e-02
-9.4666218143e-03
-1.4154509790e-02
-2.0613343256e-02
-2.6047260829e-02
3.1440550221e-03
-2.7098933232e-02
8.3632519187e-02
-1.6745439278e-02
-6.3688197820e-03
-3.5491978300e-03
-5.0446929197e-03
-8.8261432523e-03
-3.5287667222e-03
4.6554028825e-02
5.0865902168e-03
-1.0754392878e-02
-1.3037206276e-02
2.8030346203e-02
2.0783115824e-02
-2.5793113894e-02
-1.8626443703e-02
5.3444775391e-02
-1.7224790741e-02
-1.8090170324e-02
-3.3027801054e-03
-1.5274773710e-02
9.5182621737e-02
5.0684849825e-03
-3.9663982417e-03
-1.7611437372e-02
4.4419858246e-03
4.6424774640e-02
-1.8521616934e-02
2.2575469396e-02
1.5408382973e-02
-2.9692975783e-02
-1.4023874263e-02
3.8838907561e-02
-2.8581320139e-02
-5.2956511594e-03
-1.0543945550e-03
-1.1515890719e-02
2.6656934917e-02
5.8148234582e-03
-1.0646321236e-02
-1.3734273581e-02
-1.6194277520e-02
5.5765724807e-03
-9.0820495186e-03
-9.7184555394e-03
-4.4434788611e-04
-1.2918986187e-02
-1.0521707919e-02
2.2224489907e-02
-1.4336353557e-02
-2.8615704096e-02
6.0949148355e-02
-1.3494831961e-02
-2.5278100085e-02
-1.4623773189e-02
-9.6829040918e-03
5.1580029961e-03
7.9210333376e-03
-2.5041581614e-02
9.2570105040e-03
-2.0100769469e-02
-1.5240340206e-02
8.2197198757e-03
-2.3075311726e-02
-1.6726904789e-02
-1.1393570180e-02
-1.4159003629e-02
-3.0111997260e-02
-1.1526244453e-02
4.1231520878e-02
-1.7793068686e-02
-1.9235651399e-02
-1.8366955432e-02
-1.0511918046e-03
-2.9768218181e-02
9.2203951608e-02
-1.5067989417e-02
3.7115216981e-02
3.3395155753e-02
2.2896273904e-02
2.5948630209e-02
-1.6684508108e-02
2.0577879734e-03
2.6851098474e-02
-2.6778076109e-03
2.1701445558e-02
-1.9838604026e-02
-2.6275503895e-02
1.0362226760e-01
-1.5435883898e-02
-9.4099102982e-03
-1.3398508316e-02
-2.9287655155e-02
-2.8822039756e-02
-2.0203681559e-02
1.9380461847e-02
2.6485387574e-02
-2.6843511151e-02
-2.5384018753e-02
2.0240235035e-02
1.1986210502e-02
-2.1681091046e-02
4.1711740918e-03
3.5776982356e-02
1.9226309145e-02
2.3071670830e-02
2.9572245990e-03
-9.2230400653e-03
-1.1676980777e-02
-2.9648143318e-02
-2.8033923250e-02
-1.8821841294e-03
1.6632183513e-02
-1.8298328388e-02
2.2766911236e-02
-4.9317893154e-03
-2.7440164839e-02
-2.6190481227e-02
-2.1571210954e-02
-2.0067581561e-02
1.1960156241e-02
-2.6441353850e-02
1.8803395582e-02
-1.9275516941e-02
-2.9970058496e-03
-2.5690952767e-02
-2.6585375670e-02
-6.6877584159e-03
-5.2978173555e-03
2.8799646663e-02
-2.9999436046e-02
1.8380116221e-02
-2.1918110653e-02
3.7433312169e-02
-1.4823998043e-02
-2.3015342668e-02
-1.7485793954e-02
2.2704253848e-02
-9.5019359307e-03
9.0012625325e-03
4.1252954543e-02
5.5051746125e-02
-8.6654824801e-03
4.4876434049e-02
5.8249578481e-03
-3.1083533065e-02
2.4170222022e-02
1.9643709137e-02
-2.9462911802e-02
-1.5241392530e-02
1.1491727909e-01
-1.2068799948e-02
1.0000306399e-02
-1.1430375394e-02
1.9897362807e-02
3.1083880772e-02
-2.7334120576e-02
1.2256840111e-02
-1.0883444845e-02
3.6580430189e-02
2.5136766897e-02
2.4311751724e-02
3.8291144973e-03
-1.2844203558e-02
-7.5382164953e-03
-2.7345383762e-02
-1.6504368500e-02
1.5662798046e-03
-1.8765465155e-02
-1.0159126435e-02
-2.8855059689e-02
-1.7883698551e-02
6.6967045022e-03
-1.5308836661e-02
3.4093155437e-04
4.0195936628e-02
-2.9604099826e-02
2.1112672730e-02
-1.8817671364e-02
-1.9247121409e-02
-2.9968474446e-02
-2.6331227448e-02
-2.2791651021e-02
5.7962561607e-02
-1.7255736435e-02
-4.3644863870e-03
1.3141239223e-02
-2.1697044218e-02
-3.6291257709e-03
-2.9726031827e-02
-2.5074398634e-02
3.0186167063e-02
9.2836770944e-03
-8.5831928484e-03
-1.2888417055e-02
3.5411757870e-03
-1.9532649262e-02
-3.4821245897e-03
1.7996647536e-03
2.0236875533e-02
-6.4794360651e-03
-2.0607360963e-02
-1.7506756081e-02
3.8024089090e-03
-1.3920758077e-02
-2.8828342027e-02
-1.4880134907e-02
-1.9262348607e-02
-2.6261646466e-02
-2.2885213813e-02
1.3387311018e-02
1.2270246285e-02
4.3626654303e-02
-1.9539960515e-02
1.6217286083e-02
-2.7376172458e-02
-2.0780143086e-02
2.1042776408e-02
1.9772365436e-03
9.0503907562e-03
-3.0134351851e-02
2.4646846369e-02
-2.8356194328e-02
1.9326325475e-02
1.5215595606e-02
1.9289628118e-02
2.9570679106e-02
8.3960127589e-03
-1.9171349119e-02
-8.7680578759e-03
1.3597298317e-02
-1.9495765686e-03
7.6844313311e-03
-5.4326600744e-03
8.3258148159e-03
2.9247486966e-03
2.4514476435e-02
4.3079208188e-03
-1.0338469784e-02
8.1390885063e-04
9.8561145842e-02
7.1120071482e-02
7.7101571006e-03
-2.4876210330e-02
-2.0042539425e-02
1.4294589135e-02
8.6839764067e-02
6.4090959102e-02
2.4273459339e-02
-1.8491789133e-02
7.3312206002e-02
9.6273579955e-03
