3.3224888492e-02
-1.3893235758e-02
-5.5540174396e-02
-2.1159292268e-02
-2.7585363957e-02
-7.9995861648e-03
8.3759589593e-02
1.2714951827e-02
5.4657236255e-02
1.0195385432e-01
-3.4018912116e-02
-1.8272920891e-02
-2.6890143486e-02
9.8832367966e-03
-5.6187934638e-02
-4.3204675769e-02
-1.9638217701e-02
4.9323515945e-02
4.0034260281e-02
-6.7115443290e-02
-3.0138674912e-02
1.9113765074e-01
-3.9352071348e-02
-7.8279924957e-03
-5.0953055622e-02
-7.0681818779e-02
3.6687850505e-02
-5.5214028057e-02
-2.9348579973e-02
2.1864999114e-01
7.5414614371e-02
-3.0326504395e-02
-3.4319122904e-02
2.8224632372e-03
-5.6800340972e-02
6.4148083296e-03
-6.2638051036e-02
5.9850942767e-03
-3.8530880990e-02
-1.0660587941e-02
3.3121085229e-01
2.5840987339e-01
-6.8623131604e-02
-3.5863398023e-02
-2.8544058230e-02
-1.4878745495e-02
5.2126093615e-02
-4.0359819703e-02
1.5520520863e-03
-6.6772556348e-02
-3.4080913990e-02
-4.4625385265e-02
-2.7452201365e-02
-6.0070670640e-02
6.8972616358e-02
-5.7956038853e-02
1.0662334184e-02
4.4936134569e-02
-3.1646523421e-03
4.6535807070e-02
1.7401423822e-01
-5.5435760189e-04
2.3541736474e-02
9.2737940296e-02
-2.7296525730e-03
9.1468748323e-03
-7.1924513665e-02
5.1529799522e-02
-1.1748430242e-02
-5.3570973475e-03
-4.6068416067e-02
-5.0835546899e-03
-6.3959576864e-02
-6.4749661462e-02
-7.3947837517e-02
-2.3089589280e-02
-1.5622622758e-02
-7.1509666956e-02
6.7853247200e-03
-5.2434316983e-02
7.8239965351e-02
1.2418603568e-01
9.6921186014e-03
4.6370800137e-02
-3.3038183887e-02
1.6385497163e-01
-3.2371174891e-02
5.5626260432e-02
3.0033233266e-02
7.6259624818e-02
-3.7638506765e-03
-6.5199523026e-02
1.7472433903e-01
-2.2644454087e-02
-9.5499549849e-03
4.1247562513e-02
2.3833960376e-01
3.3529523175e-02
1.5588278015e-01
1.3683482036e-02
4.4134359471e-02
-3.9183246304e-02
-3.6567833499e-02
5.6592898613e-03
-2.7863681980e-02
-2.7681732641e-02
-4.4426981005e-02
-7.7330627634e-02
1.3663456776e-02
5.2798225871e-02
1.1216685805e-01
1.6646932374e-02
-1.1871080811e-02
-4.1202816945e-02
7.8472489544e-03
3.8453516047e-02
-2.1720595661e-02
1.1401234577e-02
-1.1995752781e-02
7.9281795641e-02
-2.6081648000e-03
2.2476949319e-02
1.8867806712e-01
3.3421336252e-02
-6.8189708173e-03
-5.4558868934e-02
3.3518663223e-03
6.9987588375e-02
7.5547691814e-02
-4.9644654718e-02
-7.3525373847e-02
-1.2827488308e-02
4.1165012275e-02
4.7295561270e-02
-2.4114785548e-02
-5.0706418656e-02
6.3195573820e-03
4.3865600648e-02
-7.3096625575e-02
-1.4501819412e-02
-9.4221892201e-03
3.1915558504e-02
-3.0200903135e-02
-1.6437206569e-02
-2.1187395048e-02
-2.1563907781e-02
1.1060120808e-01
-3.5932975205e-02
-4.7048281337e-02
5.3339592981e-02
6.0070606596e-02
3.3297391740e-02
-4.9312332608e-02
-5.0285194661e-02
-5.8827029815e-02
-4.2081490966e-02
-4.3767195920e-02
8.4897779370e-02
8.7242951046e-02
-2.1934349295e-02
-7.6686541351e-02
-4.9323651066e-02
8.0559501745e-02
-2.9696492136e-02
-4.6784017427e-04
1.1931241218e-01
-4.3612069442e-02
-5.7610922736e-03
-6.2433830659e-02
-1.8741730387e-02
3.0734223255e-03
3.0197954733e-01
1.5759137590e-03
-2.7383976065e-02
2.9208251438e-02
-2.0578423360e-02
1.1085749364e-01
2.6558193429e-02
-1.1221194359e-02
-5.0019495855e-02
7.9168827311e-02
-1.7516916601e-02
-2.8214997796e-02
-4.0185112292e-02
2.3164687342e-02
-1.7682451844e-02
5.6207783631e-02
7.5964158331e-03
9.4917551337e-02
-6.8148397900e-02
-1.8955257240e-02
-5.9686878814e-02
5.5721774595e-02
2.5262241963e-02
-4.3813619390e-02
4.3496747800e-03
-3.8325954489e-02
1.1635165790e-01
9.4836568795e-03
-1.1700200584e-02
1.2107302156e-02
-6.4859531198e-02
-4.0291131242e-02
1.6007107891e-02
-4.2244654014e-02
-4.7150587086e-02
4.0147474866e-02
-2.3036114772e-02
9.4840831877e-02
7.7138028115e-02
3.3912456173e-04
9.0102778476e-04
1.7619696075e-02
1.7564053881e-02
1.3637010821e-02
1.6446389735e-02
1.0233489545e-01
-6.3838742196e-02
6.1771164549e-02
1.3974076987e-01
9.4587525684e-02
1.1821370330e-02
-1.6059576886e-02
1.0829166895e-02
-7.3454075312e-03
-2.1796104217e-02
-7.0347224988e-03
-4.0959397789e-02
-6.1879221361e-02
7.2315590287e-02
-1.9556577582e-02
3.5644114958e-02
-3.9301281924e-02
-6.1098818147e-02
5.9238912091e-02
-3.6171060314e-03
-2.0827458007e-02
-4.1037065511e-02
-7.7134722548e-02
-1.7601128835e-02
-1.8240036664e-02
-7.8162230676e-03
-4.9866724195e-02
-6.2950979607e-02
3.3341150425e-02
-8.0055327836e-02
-9.5049013884e-03
2.4522281185e-03
-5.0042151379e-02
-2.8656535254e-02
3.6792845219e-02
7.8708319338e-02
1.4199501058e-02
-7.4761295348e-02
3.4434647623e-02
1.0985436929e-01
-8.5398890825e-02
-7.1861900871e-02
-3.4749582498e-02
-3.2230373193e-02
6.6792316854e-02
-9.5531895740e-03
7.7695514716e-02
3.7017506351e-02
-6.0560214487e-03
3.8431766492e-02
8.6333677255e-02
-4.4742414132e-02
-2.8281235893e-02
-7.8509605607e-03
-2.4608520567e-02
-3.4843452445e-02
4.6249326275e-02
-7.8739521073e-02
-1.7941047119e-02
3.3281907572e-02
-5.7057786494e-02
1.9509952054e-02
4.2695340423e-03
-2.4844424086e-02
-2.6236834347e-03
-4.6339561500e-02
1.6101371589e-02
-3.0582124948e-02
-5.9805736029e-02
1.9918366660e-02
8.2303293116e-03
-7.2291829689e-03
7.7292841290e-02
-4.8045351815e-02
-6.4341666301e-02
6.4889471430e-03
-4.1348552453e-02
-3.9966090166e-02
1.2141603471e-01
-4.0652453933e-02
-3.8081928806e-03
8.5311636828e-02
-3.0629783625e-02
-1.2395387568e-02
-4.0831287863e-02
-4.9473841054e-02
-7.1386051292e-02
-6.3054189713e-03
-4.6595383890e-02
-6.7963004500e-02
-8.6813206089e-03
3.0200620171e-02
6.6828768874e-02
-3.1018224585e-02
-1.7369765901e-02
-1.7174134816e-03
-6.1597117256e-02
-7.5721606017e-03
7.2616248007e-03
-3.3207215224e-02
2.0902164894e-02
1.7171436909e-02
1.7619211331e-01
-5.3941063285e-02
1.2122585820e-01
2.7715104438e-03
2.2977387332e-02
-7.1639874680e-02
8.4191637405e-02
9.9498750225e-03
-1.8779906157e-02
1.5572685107e-02
9.5196570554e-02
1.0536126441e-01
-4.8122809345e-02
7.9454439007e-02
1.9703333031e-02
3.2919745077e-02
-4.0713221077e-02
3.3509300105e-02
-2.6766288238e-02
1.5022938014e-02
-6.0529458240e-03
-7.7488331955e-02
6.7802127177e-03
3.5922105140e-02
4.0415978399e-02
-2.7782552283e-02
-3.9752495024e-02
-2.6415395311e-02
-4.3868431857e-02
6.7580411223e-02
-4.6901086963e-02
-1.1066268108e-02
-1.6699975434e-02
-2.6782568948e-02
-2.9711557281e-02
5.3189591826e-02
4.9715437631e-02
-8.6535346228e-03
-4.0713101880e-02
3.1789038932e-02
2.6169260388e-04
-2.8621771600e-02
3.1429600147e-02
5.9227874670e-02
3.2130594965e-02
3.7031835767e-02
1.0844825855e-01
-3.8685224231e-02
1.5220127717e-02
-5.0692670439e-02
-3.5610261206e-02
6.5158183736e-02
7.4290303481e-02
5.3958752114e-02
-7.7071775168e-03
3.6943257541e-02
-6.8985225448e-02
-6.2874877091e-02
1.0768780343e-01
5.7874597074e-02
-6.5041135514e-03
-2.7492467633e-02
-2.0491495473e-02
-4.0755808074e-02
7.3864870861e-02
-6.0198242655e-02
5.0356977532e-03
-4.5788805492e-02
7.1630296478e-02
4.3920593057e-02
-3.7585691016e-02
-1.5565752452e-03
1.1711902544e-01
-1.6231563246e-02
-3.4712959015e-02
6.0269542992e-02
4.1078204794e-03
-5.0799282340e-02
-1.8237704381e-02
-2.4946458484e-02
3.7497543765e-02
-2.8393952453e-02
-1.0922895572e-02
-8.4448228382e-03
-6.0100546417e-02
1.9962646987e-02
-1.2979026983e-02
6.1498802556e-03
8.3252284357e-03
6.1185806470e-02
6.4444391162e-02
3.2066248300e-02
-4.2873069924e-02
3.8362338871e-02
6.9880540241e-02
1.8967441104e-02
1.1727215956e-01
-2.5621345802e-02
-5.4868313052e-02
-2.1033432685e-02
-1.4172264616e-02
-3.0848196963e-02
2.4978072392e-02
3.0064654776e-02
3.0710290756e-04
1.8237542098e-01
-5.9316251110e-02
-2.6775588014e-02
-1.5377223101e-02
3.2514401613e-04
7.4925362152e-03
-2.0204592417e-02
-5.4854750979e-02
-5.0034805227e-02
-7.8484502919e-02
-3.6280249065e-02
-1.4336046564e-02
6.1066103935e-02
-6.2044055654e-04
-9.9728893402e-03
-2.7545000536e-02
5.3521638316e-02
-2.0224913107e-02
-1.3614207716e-02
2.9864832769e-02
3.1417270243e-02
3.2640556316e-02
1.0943650040e-01
-1.6226790648e-02
-7.0812277591e-03
-5.5300261706e-03
-8.6402634494e-02
6.1220176270e-02
-6.9647429660e-03
-2.2637520204e-02
-4.9214996186e-02
2.4708517867e-02
2.1941161944e-02
3.6602064278e-02
-6.9825626249e-02
-2.1180325313e-02
1.3914210841e-01
3.6619441172e-02
5.5546225390e-02
1.2983257207e-01
1.7257384167e-02
1.2375255583e-01
-4.6382577549e-02
6.1532826292e-02
-5.4996027159e-02
-3.2622037951e-02
-2.5064577845e-03
-5.6185241882e-02
2.0535500477e-03
8.2340680307e-02
-4.5254406864e-02
-3.0536509837e-02
-5.7424171678e-02
-6.8382876685e-02
-5.9489202465e-02
1.1882949981e-01
1.8429123395e-02
-8.2900178654e-03
-1.9817770720e-02
5.8656448227e-02
-2.8568127713e-02
1.2834854544e-01
-4.4114433805e-02
1.7334441626e-02
1.9211153435e-02
-5.5914957017e-02
-9.6878769334e-03
-6.5738885629e-02
-6.4264517404e-02
3.2996407042e-02
-2.3841287569e-02
1.2540890596e-02
-8.0604351575e-03
6.8674474035e-02
-4.6718925302e-02
-9.5961430154e-02
2.9755642179e-03
1.4621074944e-02
-3.1947943571e-02
1.0870404994e-01
-6.0156662177e-02
7.7504077535e-03
-2.0533740451e-02
1.0231503960e-01
2.6318281510e-02
-4.4789874480e-02
2.4179262611e-02
5.3028023918e-02
-5.1427833527e-02
-5.2159150972e-02
-1.3349014549e-02
1.6498642770e-03
-2.3292823269e-02
-2.6531779451e-02
-4.3425317586e-02
-3.4671856634e-02
-2.3507314847e-02
-6.4535101455e-02
-7.3605383999e-03
7.6378562104e-02
-4.0022970519e-02
-2.9157416330e-02
-4.9972870680e-02
4.8246086207e-02
1.8171282270e-01
-1.3029980356e-02
-4.2021780922e-02
-7.1805645279e-02
1.4939116039e-01
2.6245592677e-01
2.6925658218e-02
1.5586031355e-01
-5.9198172770e-02
-7.8956464543e-02
-1.2643448447e-02
-7.5656034768e-03
7.8432285134e-03
9.7880019992e-03
9.2581627578e-03
6.6017136545e-02
4.9499228003e-02
-2.3926896596e-02
-5.8976420837e-02
2.9264820571e-02
9.4239409733e-02
-2.7615228508e-02
1.9490949149e-02
2.0869491437e-02
3.0897411635e-02
3.7568007745e-02
-4.6472937355e-02
-8.9495449658e-05
-4.0337759479e-02
-1.9594336340e-02
7.1480865010e-02
-6.5375003385e-02
-3.8906780433e-02
8.4624711238e-03
-5.4511800868e-02
-3.9757749052e-02
-1.6519736253e-02
-1.7521650805e-02
-1.8687105864e-02
5.9601465062e-02
1.4814179011e-01
2.5379671117e-02
-3.6528899514e-02
1.0165585922e-01
2.3695519178e-03
-6.0899845930e-02
1.3214793010e-02
-7.0120854534e-02
-3.8114073773e-02
-5.4398726560e-02
-2.2623284297e-02
8.7225065717e-02
7.7896893303e-02
-5.7411610737e-02
-5.0670288684e-03
-2.1993160165e-03
1.7019644208e-01
-4.6546860091e-02
-4.5160048380e-02
3.0282590331e-02
3.3655343251e-02
-8.1830464994e-02
2.2937387034e-02
6.4188760937e-02
-1.4721571245e-02
-2.6611450567e-02
3.8752930463e-02
1.4184103211e-02
-8.5653836028e-02
-4.9191722620e-02
1.9718534655e-01
-3.1559714712e-02
5.9502205117e-03
-3.9192977871e-02
8.3565865711e-03
1.9146526184e-03
-8.1058836561e-04
1.5780446939e-02
-3.8251331546e-02
-4.0174989244e-02
-1.2443661971e-03
-1.7047153485e-02
-5.5690315558e-02
-2.2431528851e-02
-7.0185475132e-02
-2.6376100346e-02
-1.9726678031e-02
-4.5445139225e-03
-1.9746413539e-02
2.1460423350e-03
2.1002764561e-01
6.1655767544e-02
2.8557525136e-02
-4.6611561196e-02
-8.2510140428e-03
5.1396528351e-03
-3.4108274870e-02
6.2855191233e-03
-3.4255842224e-02
4.8889358578e-03
-4.3152242920e-02
4.4585965712e-03
9.4801954755e-02
1.0971179394e-01
-7.9410949842e-02
3.7022680835e-02
-4.7156511320e-02
-4.1546482394e-02
4.7716966698e-02
-9.8312732511e-03
8.5733164989e-03
-4.9054551141e-02
-4.4784506767e-02
2.4040870261e-02
-1.8880832996e-02
3.7686702739e-02
2.8559685262e-02
8.3719766857e-02
-6.3590987135e-03
1.1499645040e-02
-4.5981402571e-02
-6.3858050313e-02
2.9616003027e-02
-1.4464271054e-02
2.5750556170e-02
2.2833216645e-03
-3.2008784270e-02
6.2641612198e-02
1.3401328565e-01
2.5093734202e-02
3.4437213404e-01
1.1329387678e-02
6.3099654189e-02
-1.9274965248e-02
-1.0174016103e-02
6.4790881581e-02
-5.1210399473e-02
-3.5050493163e-02
-1.6032812584e-02
-4.3538879998e-02
2.5982428489e-03
-1.6488689050e-02
-2.7353719102e-02
-2.0124901021e-02
1.2990554450e-02
-5.4258437683e-02
-2.8797825644e-02
-5.9315150770e-02
-5.0291035292e-03
-4.3953257682e-02
-6.5242843245e-02
-5.1544303941e-02
6.3052342384e-03
7.2601072454e-03
-4.4038123542e-02
6.3035904460e-02
-5.8965865012e-02
3.4783973661e-02
-4.6938817003e-02
-3.6073190083e-03
-5.5499344657e-02
-3.7735426036e-02
3.3084230271e-02
-1.0216666865e-02
-6.1443681894e-02
5.7983191715e-02
2.0209907593e-02
-5.2068806800e-02
-7.2851864073e-02
-6.7526447004e-02
-5.2542340242e-02
2.5246069793e-02
6.7158930386e-03
2.2857477140e-02
-3.5520984935e-02
1.4111736743e-02
1.2432804748e-01
8.2659547742e-02
-2.6230778389e-02
-3.0898669445e-02
-4.9177851743e-03
-5.3700931775e-02
8.6861296792e-02
7.1197065201e-02
7.6010680271e-03
-2.5223421069e-02
1.0679590234e-01
-2.5285551025e-02
-3.8753906596e-02
6.0457694519e-02
-4.4712894041e-02
-4.8852241510e-02
-3.0662609158e-02
9.1189971026e-02
2.4783179725e-02
6.1836895427e-02
-1.8972117851e-03
-8.5068469654e-03
-3.7400950540e-02
1.8615912060e-02
9.0607077573e-02
-8.9958445227e-02
-5.8297539158e-03
8.6997157453e-02
-5.7194119515e-02
1.3061537857e-03
1.5642449709e-01
-4.8386917526e-02
1.7918618146e-02
-1.0644430204e-02
-2.1460166830e-02
-9.7771928745e-03
-3.0418909018e-02
-3.3970090893e-02
4.4968746092e-03
3.2245277522e-02
1.1453075122e-02
-5.7134843362e-02
1.1597435454e-01
-5.6305680956e-02
-6.7250071864e-02
-3.9948740492e-02
-8.6600271921e-03
-4.4830305229e-02
4.9934760248e-02
2.8319398363e-02
2.3431619235e-02
1.1474814060e-01
-2.6385530696e-02
-7.8234659982e-02
-6.5020714233e-03
1.3880426244e-02
2.4180634191e-02
-3.4985527012e-02
-6.9685905797e-02
6.5528423604e-03
-3.4212270857e-03
3.9378909179e-04
2.9735167579e-01
-2.0521969985e-02
1.0575174816e-01
1.1098549171e-02
2.3426757545e-01
1.3636029477e-01
-3.1913490255e-02
-3.4173490971e-02
3.1932154167e-02
-4.8855143923e-02
-1.4729490389e-02
-6.0752577939e-02
2.4744378593e-01
-1.3241661681e-02
4.8641682216e-03
-3.2648872312e-02
1.0631249722e-02
-2.0104576876e-02
-3.5760401303e-02
-5.3928952266e-02
-1.9415051984e-02
-2.1616672264e-02
-3.6022362490e-02
3.8607428419e-02
2.4907767221e-02
4.0415577512e-02
7.3484959373e-02
1.4058777668e-02
1.9045948448e-02
-3.6126680285e-02
4.1622001792e-02
1.9375700133e-01
5.6331091531e-02
3.3018662886e-02
8.6035002976e-02
-2.4443297063e-02
-7.4129309319e-02
4.6885569787e-02
1.4170517154e-02
1.8113728029e-02
-9.6992726839e-03
-3.8431801744e-03
3.1668260378e-02
-1.8218548954e-02
1.0346090420e-01
4.2173751127e-03
-5.4767389615e-02
3.8058620557e-02
4.7122168459e-03
7.0024239352e-02
1.2829062185e-02
2.1639276886e-01
-5.1083813213e-02
-1.6944949975e-03
-4.8546270127e-02
-4.6571810190e-02
-1.8164069948e-02
5.6642740908e-02
-1.0333564935e-02
1.5094487964e-02
3.6107468734e-02
-3.9174026194e-02
-2.6668068350e-02
-4.6991950831e-02
-8.2426846866e-02
-1.4743364107e-02
-2.7520210821e-02
-3.2937253855e-02
-5.3452480393e-02
1.1509928605e-01
-1.0924750728e-02
2.6149494858e-02
1.6191093647e-02
-1.2491055002e-02
8.1330723433e-03
-7.2758390128e-02
1.8530601679e-02
6.1830933815e-02
-2.3718886715e-02
1.9280547174e-03
-6.8232617635e-02
-1.0335475888e-02
-6.0159993445e-02
-1.6110673937e-02
-4.5573617814e-02
-2.5461831107e-02
-4.8890424837e-02
-1.3976182586e-02
-3.0098254383e-02
-4.9909884711e-03
-5.9943340490e-02
1.3288773290e-01
-5.3167057359e-02
1.6993903168e-02
-3.1768575067e-03
2.8661064700e-02
5.5193105816e-02
1.7801885064e-02
6.7313985081e-02
2.8673276548e-02
1.8214626507e-01
-7.2008523861e-03
-7.1440532962e-02
7.3793705376e-02
2.3398082677e-02
4.7248724758e-02
-4.1159418977e-02
-2.9665503263e-02
-5.6504933676e-02
-2.8648741459e-02
-6.8505682061e-02
-2.2039014978e-02
1.3768573407e-01
-4.5457122798e-02
-4.9692722707e-03
-2.4862241576e-02
4.0455562718e-03
-6.3054647988e-02
-7.8751201758e-03
-2.4851878753e-02
2.1363263010e-02
-2.5814707095e-02
-7.1066649194e-02
1.1885617442e-02
-6.0753533970e-02
-5.2090228239e-02
-1.5109636587e-02
-4.5794457214e-02
4.5359607734e-03
3.2683367969e-02
-5.5175335455e-02
6.8511728353e-02
-4.2848101345e-02
2.5752698544e-02
-9.5737552564e-03
3.0025152521e-03
6.3626484326e-03
-3.5746799892e-02
8.4184190719e-03
-3.3262914332e-03
-4.3877522003e-02
3.5499418426e-02
-1.1052564284e-02
-1.8239161512e-02
-5.3246566550e-02
-5.1056692227e-02
2.5793899292e-02
-2.8547478818e-02
1.0697508884e-01
2.0352360555e-02
1.1207695655e-01
1.1084708013e-01
5.8793975737e-02
-1.6702318520e-02
-5.5795188937e-02
-6.4672911971e-02
-3.5170271412e-02
1.4434974647e-01
1.8171090211e-02
-9.7432530469e-03
-6.1227057724e-02
2.8898211456e-02
-6.2323153429e-02
2.8400150111e-02
6.4744971539e-03
1.5113806688e-02
-5.6818173292e-02
9.8956013629e-02
2.5962629829e-02
-2.4533987013e-02
-2.7790290822e-02
2.8523129167e-02
-2.5571938367e-02
-4.8993180111e-02
4.6951976850e-02
8.6866246155e-02
1.9329695637e-01
4.7303434245e-02
-5.5798541833e-02
-3.2497212894e-02
6.4901697931e-02
-5.7633649088e-02
1.6608614012e-02
5.5601154988e-02
1.0460611755e-03
-2.0344003795e-02
3.2719572233e-02
1.1489613996e-02
-5.0775446257e-02
-2.4174535377e-03
2.8912640933e-02
-3.4869222089e-02
-5.5123940702e-02
-8.6374869760e-02
2.5553040138e-02
1.0804489082e-02
2.2364310557e-01
-5.1742408137e-02
1.3616799507e-02
-1.1653436308e-02
5.5120687468e-02
1.6200550563e-02
1.1476656068e-01
-6.9265532755e-02
1.8425991856e-02
-1.7173917169e-02
2.5360478420e-02
-7.1534596633e-02
-2.7900383203e-02
-1.0920513394e-02
-4.9283800481e-02
8.9658316235e-02
9.7140451052e-03
-4.3718038190e-02
-2.0869986532e-02
-1.9452468935e-02
-5.7227319262e-02
1.7518662717e-02
7.3334131268e-02
-2.3698003941e-02
-2.2863577872e-02
4.2682504836e-02
2.0000133746e-02
2.6394660041e-02
-2.0412899142e-02
-5.1426503350e-02
9.4101172371e-02
-7.4435735630e-03
-1.9040044943e-02
-2.5499736698e-02
9.4388113561e-02
2.1008566547e-02
-3.8374634302e-02
-5.4884426465e-02
9.3577426589e-02
9.8895979418e-03
-1.6810721460e-02
2.6686595897e-02
7.2464289188e-02
2.2355086035e-02
2.0459164786e-02
7.8159709602e-03
-5.3023275467e-02
3.8022191097e-02
1.1438197818e-02
1.3116373471e-01
-2.0947689698e-02
-4.3292463560e-02
1.6256550091e-01
1.3792788792e-01
5.9840543201e-02
-5.9145444815e-02
7.2814321326e-02
-6.9457024589e-02
3.5850661596e-02
6.6346026988e-02
4.0245687662e-01
-3.9040013736e-02
9.8548093046e-02
3.1595070557e-02
4.2928932361e-03
1.8224223715e-02
-3.4566314889e-02
5.4549030600e-02
6.0652802803e-03
-6.7599030152e-02
2.8012578580e-02
-2.0204065505e-02
1.4345221724e-02
-4.5494647060e-02
-1.5802328671e-02
5.0045009917e-02
-9.5437533602e-03
-8.5725097360e-04
4.3221879396e-03
-4.6606278353e-02
-4.4859290442e-02
-1.6940052962e-02
5.3759940457e-02
-4.8392055576e-02
8.6464010893e-02
4.3383826864e-02
-4.3877981150e-02
5.4054592638e-02
-5.0321963618e-02
8.5626564515e-03
1.8486575500e-02
-3.4134703915e-02
7.9776564076e-02
-1.2242874881e-02
-3.0226400997e-02
-7.7075338124e-03
-5.8877359665e-02
5.7170631477e-02
6.7950425344e-02
2.9650155867e-02
8.4882912729e-02
2.9151546289e-02
4.1552130076e-02
-4.1560906923e-02
2.7967520295e-02
2.2420303025e-02
-5.4369784980e-02
-2.3541340087e-02
-1.2568701746e-02
1.1468359910e-02
1.1096372267e-02
-1.8541147963e-02
1.3572063858e-01
1.2085165905e-01
-3.6513149552e-02
-3.4289852597e-02
-4.6822592093e-02
-5.0642076689e-02
-2.6716189581e-02
-1.2782892146e-03
-5.7959905553e-02
4.3962477911e-02
-7.1761154545e-02
3.7241396718e-02
-5.8901296898e-02
-4.7533027696e-02
-1.5122352577e-02
2.3168294954e-02
2.0930836341e-02
-1.2611753378e-02
-3.9476750199e-02
-2.0630108425e-02
-7.1270761624e-02
1.9333342831e-02
-3.6412757771e-02
-6.7414268356e-02
-6.0622795250e-02
3.8542812058e-02
-3.5986421407e-02
-3.4272387493e-02
1.2481675535e-02
4.2959270433e-02
-1.9070229321e-02
-7.8936246978e-02
3.5508012494e-02
6.2947237013e-03
-2.4569893428e-02
1.2920001815e-01
-8.4636864693e-02
-1.8986918805e-02
-5.7826117474e-02
-1.8002285307e-02
-8.8786665434e-03
-3.6759650009e-02
3.6179598365e-02
3.5353281207e-02
8.8860839977e-02
1.6321950563e-02
-1.5046272190e-02
1.2825864786e-01
-2.6663637191e-02
7.6517501666e-02
-5.7500714693e-02
1.3339651573e-02
-2.3797478766e-02
-9.2585134896e-02
-1.2435475040e-02
-9.9410669309e-03
-8.1989628372e-02
-2.9326954551e-02
-3.4174784993e-02
1.6625544355e-02
-1.7450088946e-02
7.9179831357e-02
-4.1917078061e-02
-3.9595723012e-02
4.7736232273e-02
5.0320418333e-02
-1.9199981617e-02
-9.9395077974e-03
-1.8739942877e-02
-1.7037307778e-02
-2.1792427842e-02
-3.6784197923e-02
-7.0213951319e-02
-6.5111757122e-03
-3.9273469723e-02
2.1975081872e-02
-2.9863105972e-02
4.7429679955e-03
-4.5013958517e-02
1.8728116070e-01
1.3377349281e-02
8.5426916387e-03
-5.5402816185e-02
-1.8229010152e-02
1.8188691896e-02
1.3700865417e-02
-4.4029900260e-02
4.0256762113e-02
-1.8596418367e-02
-5.3237900300e-02
-7.1686410423e-02
-5.8407152751e-02
-6.9799509508e-02
-3.7211711361e-02
-4.3103003381e-02
7.7623767940e-02
5.2016286315e-04
1.9354802938e-02
1.1424756626e-02
-3.1598460363e-02
3.2247940988e-01
9.8973552161e-02
5.9813453184e-03
-9.0214296508e-03
9.4758591940e-03
4.9244324279e-02
5.8217696991e-02
3.3278815477e-02
-6.6032384163e-02
-3.8689266296e-02
9.2115564698e-02
-2.7216019140e-02
3.0343987761e-02
3.1956978056e-02
-1.6177575309e-02
-7.4455994675e-02
-1.6208238002e-02
1.3215658245e-02
1.0104899965e-02
-3.2401540107e-02
-4.6755173811e-02
-2.3573793838e-02
-3.9039025642e-02
5.8532971516e-03
-1.9326142811e-02
-3.3414816335e-02
1.0213301790e-02
8.0231147769e-03
1.1594021817e-01
-2.3742679332e-02
-2.1592320609e-02
7.5194460178e-03
-3.3566201310e-02
-1.8242035700e-02
-5.9795123804e-02
-3.6227234062e-03
3.3347758384e-02
-2.8231008508e-03
7.6406306392e-03
4.5687019884e-02
-4.7583785852e-02
-2.6464890478e-02
-7.9321856681e-02
5.8868888073e-02
-3.7724483267e-03
5.2095523985e-02
2.5180121843e-02
-4.6405900329e-03
8.6013715282e-02
-4.9556703658e-02
-2.5654743678e-02
3.8233250682e-02
1.1843828008e-02
-6.6479374839e-03
2.6409456404e-02
4.4753228826e-02
9.1215750169e-02
1.0863983259e-01
2.4218536104e-02
-2.5874814988e-02
-7.9679912792e-02
7.4658393460e-02
3.9035811772e-02
4.2735435231e-02
7.5252782057e-02
-4.7022720837e-02
-5.3058786867e-02
3.9011521638e-02
-4.6205980292e-02
4.0300475864e-02
-2.4062694242e-02
6.9988807848e-02
-1.9879616088e-02
-8.1935487922e-03
-4.2676571277e-02
-3.8778940173e-02
-1.0506505411e-02
-4.6483905531e-02
2.2607362321e-02
-9.1575745904e-02
-6.3406682213e-02
-4.0768586074e-03
-9.4021354257e-03
8.1346673799e-02
-3.0615863641e-02
-1.5081215359e-02
-6.4949524389e-02
-3.6859364765e-02
1.5312547105e-02
4.0172276699e-02
-4.7972272565e-02
9.6229904560e-02
-1.1570928780e-02
-2.2181171748e-02
6.0440563869e-02
-1.0632488471e-02
-2.2145098184e-02
-2.8096346286e-02
5.0709156765e-03
6.6315449018e-02
3.9467736420e-02
9.9402311199e-03
-5.2191914989e-02
-7.3533680332e-02
-2.7661067106e-03
7.6256897215e-02
-2.0232402005e-02
3.2203603596e-02
-5.0699569548e-02
-4.2748896756e-02
1.4491404302e-02
-4.6453820216e-02
3.6091039321e-02
-4.5017517430e-02
5.5195620723e-02
1.9558649909e-01
9.0182457908e-02
-2.2714708465e-02
9.1729726790e-04
-3.2054108383e-02
-2.3251889128e-02
-6.6894897996e-02
-4.6918737049e-02
-6.2176432312e-02
-4.1891263829e-02
-3.3419231277e-02
-2.1051377321e-02
2.7029233671e-02
1.1172983327e-01
-8.8661025539e-03
-3.6783250151e-02
6.2937589998e-02
-1.3643952490e-02
-1.3006109844e-02
6.6432552217e-03
-3.8457187154e-02
1.0391215670e-01
1.1527975629e-02
-2.7423918800e-03
-1.9920618130e-02
1.7798992859e-02
3.5539763842e-03
2.2325088349e-02
3.0698192362e-02
8.4490177923e-02
-3.7887766956e-02
3.5687353688e-02
7.6693695986e-02
8.4425538061e-02
-2.0516118483e-02
1.2090806599e-01
-9.1030164440e-03
1.6403462328e-02
-4.1277707470e-02
4.0110132298e-02
6.0057077319e-03
-7.1523064941e-02
-1.6707236923e-02
1.9363942680e-04
1.1149789064e-01
-1.7622985532e-02
-1.9277022709e-02
-2.2348321830e-02
6.0805819167e-02
-6.3514991913e-02
-7.8114801007e-02
6.5934125320e-02
2.6899940370e-03
9.6394275841e-03
-2.1434844292e-02
-5.5749740941e-02
-4.1583282584e-03
-3.3831607231e-02
-6.5997588320e-02
8.3170087345e-02
-4.7240751834e-02
-8.3150754103e-02
-5.3956921550e-02
-6.4944227545e-02
1.0267942731e-01
-7.8066585359e-03
-3.0632051817e-02
-3.9145759151e-02
-3.0402878282e-02
1.0921155027e-01
6.6538714033e-02
3.2107324816e-02
1.7400958420e-01
-1.4475144831e-03
-4.5205019322e-02
6.1809997904e-04
-5.3921024102e-02
1.1729660446e-01
-1.6022251143e-02
-4.1844851325e-04
-3.9233040692e-02
2.1271818665e-02
-7.6268540871e-03
-4.6751764171e-02
-2.7907258783e-03
2.2729838988e-02
-3.9063809195e-02
-7.4597666365e-03
2.8380545550e-02
1.8203872988e-01
-1.9969387501e-02
1.0841939425e-01
-9.0777315649e-03
7.3875724834e-02
1.8526787333e-02
-6.9567829280e-02
-3.2551563243e-04
1.1923385278e-01
8.2226741667e-04
6.4782355019e-03
4.2774469490e-02
3.7002963504e-02
-6.2813723831e-02
3.9269463091e-02
4.2704990775e-02
-2.2470336117e-03
5.6888290295e-02
-4.0786325678e-02
-1.4376943993e-02
1.2651601983e-01
4.6310657542e-02
1.1616237963e-02
-4.3924495258e-02
-3.9606378249e-02
-8.7154065150e-02
3.1307533354e-01
2.2693063847e-02
-6.1395388431e-02
3.2464053210e-03
2.7258037429e-02
-3.4952703270e-02
-3.5938945845e-02
-5.2506345482e-02
3.5962705080e-02
-5.6427930483e-02
1.1223685774e-03
5.7288825748e-02
2.6827489716e-02
-1.7094043125e-02
5.9989080351e-03
-7.4473790833e-02
1.0254825513e-02
1.6439922837e-01
-4.0281129932e-02
4.0573962899e-03
-2.8587897737e-02
3.2199947118e-02
2.5904135741e-02
-3.9681185178e-03
1.3074645800e-01
3.0554103814e-02
-2.3527344123e-02
1.6343362421e-02
1.7535916480e-02
2.5914303681e-02
-6.2549254753e-02
-6.1307909387e-02
-1.6250812769e-02
-6.2756293381e-02
3.5072876260e-02
-6.0538018415e-02
8.2098586754e-03
-5.1018834306e-03
1.6040983071e-02
-2.8893012942e-02
6.4029157927e-02
-1.7547813014e-02
-3.8180539940e-02
-7.6758067035e-02
6.4713749378e-03
-3.0035368525e-02
9.4418381949e-02
-6.3197792679e-02
-4.1013055757e-02
5.1335984709e-02
3.1629674267e-02
1.8583483031e-01
1.9687684247e-01
5.8140173866e-02
1.2448241071e-02
-1.9520936475e-03
-2.4656381727e-02
5.6417303657e-02
1.5937418541e-01
3.9402941407e-02
1.2989839730e-01
2.0526205886e-02
-2.0750318250e-03
-3.3309723310e-02
-7.1085619921e-02
3.1085621513e-02
-1.4468499595e-02
-2.5883884121e-02
9.1611514104e-02
-7.3574335848e-02
-5.3142606170e-03
-3.4500443948e-02
5.5924447187e-02
2.2237462037e-02
6.0856797295e-02
2.9358399604e-02
-3.4419933991e-02
2.8898559929e-02
1.3814034281e-01
-3.4445041727e-02
-5.6169478001e-03
-3.3760450969e-02
1.0626867997e-02
-3.4524249392e-02
3.0737093173e-02
-5.5331356725e-02
-4.7459884664e-02
-3.2395567230e-02
3.7694837052e-02
3.0581618063e-02
5.0538379567e-03
2.8337310808e-01
3.2224819488e-02
-3.6206389683e-02
3.7830891938e-03
-1.5897161172e-02
-5.2358601864e-02
3.8150966222e-02
-7.2029325460e-02
-6.7241925667e-02
3.7851293268e-02
-1.0938570765e-02
-6.2369565016e-02
5.7951909340e-02
6.0335478899e-02
5.7098450232e-02
-1.1991387588e-02
-6.5011517005e-02
2.8477743973e-02
-4.2907877989e-02
4.7842211026e-02
-4.7967783101e-02
1.0578508540e-01
1.6901603100e-02
5.7952917493e-02
-1.9503897943e-02
-4.2834787702e-02
8.5853048263e-02
-1.9916980030e-02
-6.3321773721e-02
-6.9813567316e-02
-5.5936745933e-02
-5.7192349470e-02
2.9178937783e-02
-5.1865406513e-02
-4.9474773385e-03
-3.3949497219e-02
2.4453504255e-02
-1.9347983346e-02
-1.4341876956e-02
-9.2444550483e-02
2.8838605920e-02
1.5767435543e-02
3.4696597889e-02
5.5356242168e-03
-2.9768415354e-02
-3.2892671740e-02
-3.1287216005e-02
-2.8119995500e-02
-2.2617170676e-02
1.1638816769e-01
8.7492360923e-02
2.2682098913e-02
-2.7264881265e-02
-3.9843523272e-02
-1.1325618712e-02
1.0343163626e-02
-7.5497091253e-02
-4.8711236501e-02
2.4504111295e-02
-2.7242154395e-02
8.8016569103e-03
4.0334921653e-02
-5.2413748633e-03
-7.4610233764e-02
-2.4891856384e-02
-2.8992120365e-02
-2.6080908522e-02
-3.5472436436e-02
2.7633331754e-02
-6.1697405914e-02
-4.5960289287e-02
1.2670797144e-02
-6.7837661376e-02
-5.2957127561e-03
-1.9516356170e-02
-3.3794716919e-02
9.6366651749e-04
-4.3525807087e-02
-5.5350974713e-02
5.1849948545e-02
-3.9473686764e-02
-4.9920172395e-02
-4.4286787774e-02
-6.5675533739e-02
-1.4029595309e-02
1.2255510613e-01
-1.4997508849e-02
3.2020813260e-02
-1.2144664170e-02
4.5096751307e-02
-3.9586404068e-02
-3.6523804625e-02
-2.7834243016e-02
4.5643925528e-02
3.5244357801e-02
-2.9571587010e-02
-9.2543029185e-03
2.0370145348e-02
-1.2080361902e-02
5.2569695239e-02
-3.1643410385e-02
1.0767574083e-01
-2.2603389415e-02
-8.7211320140e-03
-7.4147705130e-03
-4.3418605307e-02
-8.3983481056e-03
-4.6800752388e-02
3.2865109620e-02
-9.8274672392e-04
4.9279238016e-02
4.3212862376e-02
1.8052543708e-03
-7.2462515862e-02
-4.7803082661e-03
-3.4464386540e-02
-1.9123240809e-02
2.8470130549e-02
1.8457219661e-02
-2.0265744638e-02
1.8749935067e-03
3.4121398197e-02
3.9143313055e-02
-2.8823600929e-02
1.1848481085e-01
-4.1628055186e-02
4.3283285614e-02
-4.3174771231e-02
1.6748279166e-03
-3.7320143464e-02
8.0511197147e-02
-4.7724819174e-02
-7.6622681601e-02
-2.2158051374e-02
-2.4210540541e-02
3.7129460540e-02
3.0667042770e-02
9.0737365540e-02
8.5390663909e-02
8.7019233658e-02
-6.3605894038e-02
-4.8027484430e-02
-2.9633850076e-02
-4.9491341924e-02
1.0839946754e-02
2.4826926825e-02
7.3074368743e-02
2.0791751884e-02
-8.2719943641e-02
-2.5826389867e-02
1.7208287449e-01
-2.0317127962e-02
1.5368540505e-02
-1.1550997887e-03
1.7106697963e-02
-1.7632367730e-02
-4.2921434296e-02
1.6492033320e-02
-4.1245533198e-02
-1.6211930662e-02
1.0639096118e-01
-4.0203254506e-03
4.7297089237e-02
1.9409837040e-03
6.7311736605e-02
2.7013801246e-03
-1.2805659298e-02
-5.6759537483e-02
-7.5584302630e-02
-5.6669583213e-03
-2.7420499122e-03
4.1045450366e-02
5.2981379040e-02
-4.5023297244e-02
-3.5205635486e-02
-1.2290792123e-02
-3.4159076306e-02
-1.4218261569e-03
4.5920825420e-02
2.5659823540e-02
-3.3096006470e-02
1.0952643703e-01
2.4212212193e-02
5.6094438968e-03
4.6276286326e-03
-5.0168302280e-02
-8.0061176346e-02
-1.8983926283e-02
1.6842777066e-01
-2.0279307641e-02
-1.9435418250e-02
4.7753980730e-04
2.9319264188e-02
-4.3312521452e-03
-1.6833528015e-02
6.8627482157e-02
-2.4579773835e-02
-3.6173929656e-02
-1.9085361753e-02
-2.0737730608e-02
-3.0748735210e-02
-4.5385226520e-02
-2.8671866885e-02
-1.2393472459e-02
-3.4225518671e-02
1.0855168219e-01
-3.8631749502e-02
-6.8361865673e-02
-4.7394231490e-02
-3.3848222082e-02
-2.4230270188e-02
-3.9815552112e-02
-5.9011581336e-02
4.3059590188e-02
6.5391677604e-02
-9.7813329488e-03
5.0487336371e-02
8.0334219705e-02
-5.7344087684e-02
-2.8198846893e-02
-2.2575476384e-02
-4.8918325897e-02
-2.2381059832e-02
8.7033402978e-03
-2.5385632762e-03
1.9965281053e-03
1.8156130385e-01
8.3418234308e-02
-5.0034871711e-02
-4.6599095864e-04
1.5292752585e-02
6.3512688896e-02
-3.2228933017e-02
-8.0567916573e-03
-7.0365546187e-03
-2.8557087698e-02
5.3067160753e-02
-8.2923808459e-02
4.2791576922e-02
-4.1690462672e-02
-6.6109069681e-02
-3.6341186473e-02
-3.8046602078e-02
1.1257453927e-01
3.7028079988e-02
-1.5184265070e-02
1.6971703557e-01
4.8029524043e-02
4.7411485313e-02
-6.7492570535e-02
-1.9496433352e-03
-9.4031580016e-03
-4.5642591237e-02
-1.9294957972e-02
5.0943513985e-02
5.9992402384e-03
7.4054756599e-02
-4.0625076078e-02
-3.4598437351e-02
3.7203778908e-02
-2.6790315969e-02
4.2006782510e-02
-3.3009585430e-02
6.5886462330e-02
-1.4455641688e-02
-2.4520796865e-02
-5.1988597461e-02
1.1262723201e-01
8.5425130423e-02
1.3297972070e-02
-5.6448154376e-02
-1.7452092301e-02
-9.3552669517e-03
-1.5867657587e-02
1.0544363528e-01
1.9703609483e-02
3.1834234667e-02
4.9457187492e-02
5.1659164283e-03
-7.6430841922e-02
9.4622438843e-02
1.6696484450e-03
5.8422756894e-02
-3.8877780565e-02
-4.8814123548e-02
-5.8892560182e-02
3.5894630719e-02
4.6053523009e-02
8.0787846411e-03
3.6728175160e-01
-6.4524179426e-02
-7.0206938035e-02
-6.7764914246e-03
-7.3996179693e-03
-4.9918581659e-02
-8.0807055129e-04
2.4745867906e-02
1.8491254735e-03
1.0844985416e-01
-1.1052478338e-02
-2.8474895708e-03
-8.4947734314e-02
3.6975794087e-03
-3.8102480038e-02
4.1190823888e-02
-2.9838673589e-02
-2.8208847195e-02
-1.7907645208e-02
-1.3700895153e-02
1.4861039758e-02
5.7250682341e-02
-6.6187094433e-02
4.0255488903e-02
-7.0633785207e-02
8.0256893507e-03
2.2144921110e-02
-6.2341939483e-02
3.5044464095e-02
-5.5518470698e-02
-2.2826732654e-03
-5.6957253358e-02
-5.3482248055e-02
-1.9824016777e-02
-1.5655130532e-02
-2.1934296698e-02
-4.0334720541e-02
5.0298318659e-02
-3.8967735963e-02
4.3752716908e-02
6.1091975744e-03
3.7014180135e-02
-2.1132323925e-02
6.0676406126e-02
-1.0697021745e-02
1.8339969984e-02
1.2072442620e-02
-7.0034665341e-02
-5.4639184323e-02
2.4234609433e-02
9.8246098693e-02
-5.9142494094e-03
7.0842220434e-02
2.1933236920e-02
6.5255305779e-02
-2.5914504177e-02
-4.8394096577e-02
6.8454865784e-02
7.1987687497e-02
6.0492719703e-02
4.2066181791e-03
-5.0464043078e-02
4.8603797019e-02
-3.0183557477e-02
-4.8337363025e-02
-3.1018641884e-02
-5.0483552560e-02
-1.8061607485e-02
-6.2721225809e-02
-1.3989189204e-03
-6.7489958060e-02
-5.9640520803e-03
1.0830729044e-01
1.1105705492e-01
-8.3544756430e-02
-2.5510501596e-03
6.3116428719e-02
-2.0337139048e-02
5.7199721677e-03
-7.4221625274e-02
2.6776394039e-02
-1.7966890767e-02
4.2296479812e-02
6.2281402852e-02
-2.5429688386e-02
-1.2085095002e-02
-4.2548903573e-02
-1.9354013994e-02
-2.0886927483e-02
5.0665031615e-02
9.9931133384e-02
5.9403383967e-03
6.5674090439e-02
-5.6439922967e-02
-3.3079501301e-02
2.6367057531e-02
2.4646076419e-02
5.4367821475e-02
-1.9318325265e-02
6.1483645059e-02
7.1745610677e-02
-4.9754398706e-03
2.4395810153e-02
-8.8740576389e-03
9.3765036378e-03
-4.0594023867e-02
-1.8150254200e-02
8.1296210310e-03
-3.4701328772e-02
1.3510603125e-01
-9.3070784358e-03
-2.6102281389e-02
-7.6857117052e-03
-1.7944200159e-02
1.4714963223e-01
3.8361228173e-03
1.6651128823e-02
-3.6011203334e-02
1.1179202966e-01
-2.9409948417e-02
-3.8748025090e-02
1.5496038604e-01
-8.4567164768e-02
7.0927665515e-03
-2.3933750662e-03
-1.7490055784e-03
-3.5311717762e-02
5.2250996984e-02
-9.2542078958e-03
-3.5745325202e-02
3.0235538115e-02
-1.2964317671e-02
-1.4763635784e-02
-2.1477701644e-02
-3.7404886956e-02
1.5873447064e-01
-5.1591807720e-02
2.9960502452e-02
5.2842116898e-02
-6.5407036964e-02
2.4675328042e-02
2.7083843384e-02
-6.3654865898e-02
1.2909299764e-01
-4.3821286352e-02
-4.0758907558e-02
-5.4020282667e-03
5.6434602251e-02
-3.3805624162e-02
-1.1848082177e-02
1.0422195047e-01
2.6524643485e-03
-4.3692211943e-02
-8.8376353725e-03
9.9097977250e-03
3.5583598971e-02
-6.4978330645e-02
1.7944944992e-01
-2.6275613493e-02
1.2460930510e-02
-4.4800517666e-02
-3.1696020061e-02
-6.1621431628e-02
4.8440089495e-02
-6.3423955647e-02
1.0931058241e-01
4.5282485151e-02
-7.2196976307e-02
2.2185385038e-01
-3.6189045545e-02
-3.0068158187e-02
4.0789643058e-03
1.2864137538e-02
-1.1987124175e-03
-6.1337083703e-02
3.7114741478e-02
-7.9468919909e-02
-1.7448492599e-02
-1.7127104626e-02
-1.0601349237e-02
-7.1863619272e-02
-1.4214619019e-02
2.0893042021e-02
5.5936102926e-03
-4.8386471930e-02
1.2017073813e-02
-2.2173201193e-02
1.0696961597e-01
1.9377029294e-02
2.1364013614e-03
-4.0076597537e-03
9.6042325445e-02
3.8944657459e-02
-3.4988563910e-02
-4.0653260102e-02
-6.5173475117e-02
-7.9116237630e-03
-7.9804305101e-02
-8.2507006919e-03
-5.8510334299e-02
6.5393786337e-02
-2.5446393055e-02
-4.8167972696e-02
-1.3351660571e-02
-2.9650565416e-02
-3.6945906639e-02
2.4723096740e-02
-7.0631503573e-02
1.9156780852e-02
1.0724506888e-01
4.9356274178e-02
-2.7000093524e-02
-1.4758253609e-02
3.0522464628e-02
-6.6674431636e-02
-3.4702789608e-02
1.0512480776e-01
-5.3562968584e-02
-9.7664545705e-03
-1.8541726285e-02
-3.1436574111e-04
-1.2365621890e-02
-1.9939022150e-02
1.4679552139e-01
-1.4483591837e-02
-5.7577875913e-02
-6.0961772749e-02
1.7438141237e-02
-1.4168987279e-02
-2.5055122401e-02
2.7541068200e-02
-7.5869902982e-02
6.5496884737e-02
-4.9790687019e-02
-2.9594267503e-02
1.5758921565e-01
2.9808939412e-02
-5.3712094308e-02
6.4460524614e-02
9.5921217161e-03
-1.4841088197e-02
-3.6219184200e-02
-4.0631373469e-02
-9.4017564867e-03
-3.2930492123e-02
-9.4427597669e-02
-6.3093908995e-02
1.1547082166e-02
-3.1917108381e-02
-3.6487248774e-03
3.1671919692e-03
4.6615495545e-02
-5.6292043186e-02
3.9684657653e-02
-7.3964406805e-02
-5.0499196449e-02
-4.1437869102e-02
2.0327810279e-02
2.6599941752e-02
-6.2469279055e-02
-2.7591945460e-03
8.1633283041e-02
-6.6112848301e-02
-5.9415110252e-02
4.4776000663e-02
-2.1497943318e-02
-3.1235542770e-03
3.1275536507e-02
-1.7247382610e-02
-1.0292973349e-02
-1.9453102629e-02
-6.9919467494e-02
-6.6073094395e-02
3.3443641685e-02
1.2788139976e-01
-2.2684570782e-03
-8.4547994171e-02
-3.9124799271e-03
-9.9584272693e-03
-6.8701357260e-02
3.8786445163e-02
-2.0035331956e-02
6.3893566264e-02
9.2483706956e-02
-2.9219630976e-02
-6.3962955240e-02
-9.7012939490e-04
-1.6751274886e-02
-4.4295804323e-02
4.3589171115e-02
1.1617118630e-01
5.6197571188e-02
-7.5812349989e-02
1.5390198656e-02
-1.8639545407e-02
9.7738718172e-02
-5.0702677805e-03
-7.8162655620e-02
7.2680998299e-02
-6.0652078953e-02
-6.6446723268e-02
3.2144323380e-03
-1.7266692449e-02
-1.8846488811e-02
-7.8550067321e-04
1.4093234819e-02
-6.9235666348e-02
-8.4945364057e-03
-3.3424341965e-02
1.3853371259e-01
3.9840477126e-02
-2.2283901044e-02
-1.0650356266e-02
-4.7446455719e-02
-1.1449909508e-02
-4.9501007828e-02
2.2216599583e-02
1.2535766164e-01
8.1330738459e-03
-8.1578842720e-02
-7.4138772399e-02
-2.6518913906e-02
6.8679233069e-02
9.3481321313e-03
3.5217592161e-02
-3.9416800482e-02
-1.2980863599e-02
2.9685701720e-03
8.0562191399e-02
-3.6571433566e-02
-2.8488197337e-02
-4.9644567534e-02
4.0459806047e-03
-4.6726731940e-02
-1.9426846984e-02
-3.1391821032e-02
-4.0084345406e-02
-6.2729271955e-02
1.3594577656e-01
-6.4526285608e-02
3.6386322791e-02
-2.4046443536e-03
8.5585657083e-03
-3.1557015189e-02
-5.0416879058e-02
7.3949199240e-02
2.1422440216e-01
-3.9780954341e-02
-8.8506416487e-03
1.9393847893e-02
-2.7750476629e-02
-5.9676017433e-02
4.6290722025e-03
-2.2118749862e-02
-9.3025907840e-03
-4.9633965507e-02
-3.2581880177e-02
-1.7724158643e-03
-1.9892726410e-02
-7.9428213886e-02
-2.7709080992e-02
-6.4561774380e-03
-2.8792774505e-02
-5.0029044745e-02
1.1538414132e-02
-1.2823538155e-02
4.7875096375e-03
-4.5993818821e-03
-3.1051094806e-02
-6.8865593619e-03
2.7762608723e-02
-2.6384628447e-03
-1.1997345869e-02
1.3537424744e-02
-2.8308717003e-02
-6.7307349829e-02
-6.0378534681e-02
-2.3194189168e-02
-7.2308545323e-03
-4.4802500885e-04
4.7256471310e-02
-2.5238249671e-03
-3.3621984573e-03
-3.6065733700e-02
-1.8432901059e-02
3.5431807357e-02
7.1205597503e-02
4.2090195707e-02
-5.2182431052e-02
-8.7538727062e-02
-5.8882171469e-02
-1.4407618885e-02
-3.4986498474e-02
-5.7674005871e-02
4.5092867938e-04
-6.9396471334e-03
-1.7071280749e-02
8.6879260008e-02
-2.0438413929e-02
1.1036193642e-02
5.7206901223e-02
-2.1813060370e-02
-3.2368148371e-02
-7.1316601654e-02
-4.0937422485e-02
-1.8497210319e-02
-2.1255279218e-02
1.9469566018e-02
5.7555736025e-03
8.1630995011e-04
-4.9851011391e-02
-2.1557455137e-02
9.1764744961e-03
-1.3092981265e-02
2.1689443987e-03
4.3077398217e-02
-6.4379067345e-03
-5.1493935140e-02
2.8914615018e-03
2.4331944667e-02
-4.5438087586e-02
-5.2110614887e-02
-4.0441381001e-02
1.7730300932e-03
9.0161175421e-04
-6.5159373255e-02
-1.2510055374e-02
-3.8541962454e-02
2.1501499401e-02
-1.7255556794e-02
-3.7638502086e-02
3.5019701018e-02
-5.3432915564e-02
3.0097941771e-02
7.2904070942e-03
2.1243228169e-02
-4.7046168546e-02
-4.2495565406e-02
-8.4453473617e-02
-4.4032635966e-03
-8.3429441419e-02
-4.6504569801e-02
1.5031277293e-01
-7.3701630632e-02
-1.1399270237e-02
4.2570803603e-02
1.1937688752e-02
-5.6309934873e-02
-4.1507064071e-02
-4.3799716519e-02
-1.7880717610e-02
1.4315734738e-01
6.3496380330e-02
4.0379185581e-03
-4.1863461443e-02
4.4561752503e-02
-6.9429780221e-02
-7.4921794206e-02
-5.6381578847e-02
-3.1484237445e-02
-7.0365054589e-03
3.4697653233e-02
-3.1447077600e-02
2.1573363636e-02
-3.7997369001e-02
9.6553304975e-02
-3.2522728812e-02
-4.9140810292e-02
2.5931126045e-01
-4.2835923419e-02
4.0421501622e-02
4.2974096057e-02
6.7508075168e-02
-9.4928463401e-03
-1.0374767710e-02
-1.6866557762e-02
-7.1738962997e-03
-1.6852067018e-02
-4.9256479747e-03
-3.1770383975e-02
-2.8286373720e-03
-7.4053019329e-02
3.0399906573e-02
-5.2241828167e-02
5.4385350454e-02
-2.3882543241e-02
-2.2619304253e-02
2.4899538819e-02
-5.7973438486e-02
9.9387498966e-03
2.8580118415e-02
-5.7068228351e-02
-1.8685456664e-02
-4.8337952109e-02
-3.6277345986e-02
-2.4267416530e-02
2.9275553483e-02
-7.0150741933e-02
5.8274029381e-02
3.4137772708e-02
-5.1863470008e-02
-4.8777523433e-02
-4.3671117987e-02
-6.2340583216e-03
-2.7022236696e-03
-8.6757331573e-03
4.3421756743e-02
2.0438521714e-02
-2.1453085750e-02
1.7403855508e-01
-1.7734962644e-02
2.3059480848e-02
-9.1903938223e-03
7.2523932175e-04
-1.3294173898e-02
-1.6405451256e-02
-6.3814744983e-02
-5.5254745735e-02
-2.3307865997e-02
-2.7707728325e-02
-6.2795340389e-02
-5.4218637423e-03
5.5307840539e-02
1.7051839930e-02
-3.1701224926e-02
-3.1350382125e-02
2.3244640485e-02
-1.6595426294e-02
-2.5432610043e-02
-5.7831690097e-02
-5.1206075891e-02
1.1011645220e-01
2.9652487901e-03
-4.7222652524e-02
-6.4269682058e-02
-1.1548881542e-02
1.8904629935e-02
-1.0182503684e-02
-3.8395252112e-02
-1.3863149875e-02
2.9687970095e-02
6.8901974834e-02
5.6337922865e-03
-5.9316023394e-03
2.0787600141e-03
-4.7231687839e-02
-6.7200197232e-02
6.5636257552e-03
-4.3563044720e-02
5.9536165442e-02
-5.9962873308e-02
4.6716201190e-02
-6.0232438653e-02
-5.8724306387e-03
1.0273203343e-01
-7.6745716342e-03
-6.2333183790e-02
-1.4641702825e-02
-7.8231487611e-03
2.3374181423e-02
-2.8902129056e-02
3.9289968203e-02
-7.3711534913e-03
7.2221496147e-04
1.7102243403e-02
4.0438110844e-02
1.7803069224e-03
-8.2345348891e-02
7.8339471331e-03
1.8717513753e-01
-2.9209591700e-02
-2.6254152295e-02
-3.0905106189e-02
-1.6534188764e-02
4.8824730270e-02
-1.4619450166e-02
-3.7009315518e-02
1.0908580396e-02
-5.9212417424e-02
5.6542122926e-02
5.3380310577e-02
2.2745113960e-02
-8.0831763380e-02
-5.5578706945e-02
4.3059894573e-02
2.1615740596e-02
3.4922583475e-03
6.7930647818e-02
5.0722251130e-02
6.9814971417e-02
6.0461219342e-03
-4.4687425050e-02
-1.4112190019e-02
-5.3846127521e-02
3.9547654005e-03
-3.6626345525e-02
-4.5574603279e-02
-4.1567021360e-02
1.3067912086e-01
-1.5208520394e-02
3.9572985952e-02
2.7459592952e-02
-3.3107973429e-02
2.0612330978e-02
5.4460224775e-02
-1.5332146002e-02
-4.7001559992e-02
1.6823188759e-02
-3.5175746107e-02
-4.6447006957e-02
-4.5169528331e-02
2.6868715161e-02
1.1963251781e-01
1.3114748419e-02
1.1464945597e-01
1.0770391895e-01
-6.3308074019e-02
-7.5833649585e-02
-1.6071850947e-02
-4.8557706407e-02
-4.4588020348e-02
2.5669830535e-02
-2.5592149522e-02
6.3152053428e-02
-5.2814114876e-02
-1.9684449380e-02
-1.0437668127e-02
4.2444264814e-02
8.0102244577e-02
7.1376986952e-02
-1.6484381660e-02
3.8963017852e-02
-5.7989487131e-02
-3.4119900135e-02
1.7687524942e-02
-1.3855277057e-02
5.6858554058e-03
-2.5353590236e-02
-6.3874580608e-02
-8.7456859181e-03
-3.2139521202e-02
3.5549560429e-02
-3.7157279968e-02
-1.7749433095e-02
-1.8045709986e-02
5.9959876775e-03
1.3007275706e-02
2.2680032960e-02
1.7069727061e-02
3.4384580915e-02
-3.1411261958e-02
-2.6878779648e-02
-5.6237475554e-02
-9.3051706578e-03
-5.1206002307e-02
-6.0369475954e-02
1.8497920676e-01
5.2747437501e-02
-1.2054295691e-03
-2.1652510214e-02
-4.8018731197e-02
-4.8128336597e-02
2.4323396578e-02
3.1703312745e-02
2.8416286979e-02
-6.8814537362e-02
-7.9277992222e-02
3.5563072531e-02
-6.5304963270e-02
-4.4257665406e-02
1.1160154528e-02
5.2579697088e-02
4.6850522671e-02
4.3691802072e-02
1.3760372699e-02
-3.3214537650e-02
-1.5877710761e-02
-7.4352732289e-02
-7.1224443806e-03
-2.6501545715e-02
-6.0786272958e-02
-5.6692825158e-02
-8.8889984187e-03
1.1095443220e-01
2.2304933519e-02
3.8586733689e-02
-4.1431362493e-02
-7.9601382666e-04
4.4181909147e-02
-1.2386453529e-02
-5.4953435944e-02
-2.7846800877e-03
9.3419009315e-02
3.6146366152e-02
6.1741644211e-02
-8.7372975409e-03
1.2163919823e-01
3.9390516683e-02
-3.0133547152e-02
3.7106976008e-02
7.0047584480e-02
-2.8148937506e-02
-1.0858289484e-02
-2.5330654111e-03
1.0426535384e-01
-8.9453575671e-03
5.1456817360e-02
-3.8623220956e-02
7.1229691518e-02
-3.8892743919e-02
5.5818928957e-02
-2.0235868555e-02
7.3147010189e-02
5.4508830906e-02
2.2373669050e-02
-6.1053254910e-02
9.9615656389e-03
-5.2743162797e-02
2.2658462864e-02
-5.7214406760e-02
-7.8932020882e-03
-5.3852027068e-02
-1.5380330138e-02
-9.4785869823e-04
7.6528522264e-02
-1.9269676513e-02
-2.3925524086e-02
-8.4271321670e-02
3.4641296948e-03
-5.6956119468e-02
-7.0289597552e-02
4.5037561227e-02
1.3224994382e-01
-6.2804504916e-02
-3.6635695839e-02
-2.1849093925e-03
5.3974042747e-02
-7.9467124234e-03
-1.7665294827e-02
-4.8699261869e-03
-3.4171399253e-02
-6.0938225700e-02
3.9107034718e-02
8.1592806514e-02
-2.7555691199e-03
3.4676492556e-02
-1.9477560032e-02
-1.1066289458e-02
-3.9434404653e-03
-3.9875260269e-02
8.0255546701e-03
-2.4353200115e-02
-5.7884646458e-02
-3.5646726691e-02
9.0515824943e-03
8.8340641231e-02
-2.0199603540e-02
2.0601368202e-02
-7.8172160686e-02
1.0144810951e-01
1.4258800036e-01
6.0402379352e-02
1.4845223430e-02
-4.3337722519e-02
-5.3778068766e-02
-4.3748025795e-02
1.3548565590e-02
-1.3147839324e-02
-1.9175131277e-02
-6.4343323174e-03
-4.0751830739e-02
3.7961105281e-02
-6.1598034598e-02
3.6951027286e-02
-6.0326426258e-03
4.1133129630e-03
-2.4494172721e-02
-4.1032127515e-02
-5.8623637296e-02
-4.5725019672e-02
6.2657496460e-02
-1.9690870096e-02
-3.1670018088e-02
4.7744631500e-02
4.1155924606e-03
-4.9117216212e-02
7.9703401938e-02
3.1541072999e-02
-3.8029953900e-02
-1.8845512841e-02
3.2627644183e-02
-6.2980347240e-03
-3.9965493578e-02
4.9064953468e-03
1.3546308472e-03
9.1218836679e-03
1.0835273182e-02
8.2927647592e-02
-4.2193544340e-02
5.2907143305e-02
9.7071068804e-02
-3.0583608066e-02
-3.9984417575e-02
-5.8910887013e-02
-3.8207516052e-02
9.2862818100e-03
2.6472267051e-02
3.0914779069e-03
4.0286877603e-02
-2.3793653839e-02
1.6238024828e-02
6.4165471661e-03
-1.2388001350e-02
-1.0507079642e-02
-1.7161601918e-02
2.7640877095e-02
5.4876175790e-02
-5.0078429519e-02
7.0606628064e-02
3.4074520571e-02
2.3398384051e-03
-8.1532038308e-02
5.2478170058e-02
4.1126130612e-02
-4.1121276560e-02
-2.9556125864e-02
-4.9228346741e-02
4.0179493731e-02
-6.4997572989e-03
9.4393913196e-02
-6.9825010787e-03
-1.4137636618e-03
4.5535270028e-02
2.4479592726e-01
1.0308492220e-01
-2.3948255783e-02
1.0968121519e-02
-4.2786270840e-02
-2.8958220138e-02
1.7207102950e-02
-3.4922393060e-02
6.2626535505e-02
-1.6862720917e-02
-2.4333950052e-02
-1.0899589489e-02
5.3562964396e-02
1.5699008478e-02
5.1773038025e-02
3.0263718519e-02
-7.2373211862e-02
4.6983077959e-02
-3.4612417764e-02
3.0756189343e-02
4.0565787676e-02
5.1782863130e-02
-6.0223712192e-02
-8.7880320089e-03
2.4591071846e-02
-8.2372829620e-03
1.8339592335e-02
-2.8014003746e-02
4.1594718610e-02
-5.0586683151e-02
3.9780166911e-02
-6.6056460790e-02
-3.4660798219e-02
-5.5702983090e-02
-8.5804083408e-02
1.0499614039e-01
-2.6768101709e-02
1.5879201047e-03
-5.6322756691e-02
3.7643219133e-04
-5.6549626052e-03
-4.4051321310e-02
-7.9453298168e-02
-2.9238350889e-02
3.7308971217e-02
1.0230280233e-01
3.8935045439e-02
1.7752561404e-02
1.9490987791e-01
-4.6935818382e-02
2.7384162260e-02
1.5426124367e-02
-3.0381625347e-02
-2.3252394276e-02
-1.1291380232e-02
5.5875591157e-02
7.0197858069e-02
1.0295510115e-02
-2.8515129631e-02
1.1010476815e-01
-6.5644415488e-02
-4.8968515664e-02
-6.0441428961e-02
4.4108346747e-02
5.4037816223e-02
6.0156812639e-02
-5.1421496145e-02
-4.8679859936e-02
-4.6682566301e-02
-5.7817641965e-02
1.1666452222e-01
-4.2952299399e-02
-4.7610678445e-02
-5.3596704077e-02
1.5062264001e-01
2.8821661361e-03
-8.6292237931e-03
6.1204512367e-02
-1.1313985636e-02
-2.8914695670e-02
8.1934177298e-02
3.8436318715e-02
-1.5905491471e-03
1.1417007490e-02
-6.4712476100e-02
-4.7557434938e-02
-6.9170981524e-02
1.4782541379e-03
1.0436234670e-02
2.9523717979e-02
-5.2030238576e-02
-5.0072783069e-02
4.2698444241e-02
4.6362806583e-02
1.2392828402e-01
-5.0683919279e-02
1.0041471723e-01
-4.3342262708e-02
-5.3212535267e-02
3.0522858133e-03
-8.5135136443e-03
-7.6155388119e-02
-1.0932793426e-02
-1.3929684479e-02
4.9283066782e-02
8.9722467987e-02
-3.3426728146e-02
1.0658920118e-02
1.9895309214e-02
-8.0713785396e-03
-3.3514816946e-02
-3.3770824549e-02
-2.3582526706e-02
-8.1728302007e-02
-3.6010711321e-02
4.7360772469e-03
7.3392841317e-02
1.2518036667e-02
-4.2182692770e-02
-2.4058817941e-03
-7.4310957673e-02
-6.8222733858e-02
-3.9575372680e-02
1.0036789649e-01
4.1101799357e-02
4.9632148517e-02
-3.9291688571e-03
3.6277087882e-02
-4.7719118798e-02
4.6987350083e-02
2.5564363097e-02
6.7498398401e-02
-5.1608667487e-03
1.3740447186e-01
8.3814317856e-02
-4.0035882747e-02
-6.7020204179e-02
1.4611477420e-02
-2.9550617870e-02
-6.5731936141e-02
-1.9505119679e-02
6.8084374773e-02
1.0558677657e-02
1.8609700243e-02
1.9668724370e-02
-3.6748961990e-02
-2.4654041133e-02
-1.5262769887e-02
-4.9484136679e-02
3.2648732430e-02
1.3768255574e-03
5.5084108685e-02
3.8228915225e-03
2.5629844027e-03
-4.7748782546e-02
-7.1126488169e-02
6.8641294938e-02
1.0527910726e-01
-2.5203393331e-02
9.3966244502e-03
2.1574865038e-02
-4.6740382598e-02
1.6814026011e-02
1.5744515243e-02
-2.7092739704e-02
-7.8060722374e-03
1.6711710375e-02
-2.0275515598e-02
-1.4254229698e-02
3.0838543024e-02
-4.5251900590e-02
-2.9255945576e-02
5.8023750075e-02
6.1058978388e-02
-1.7046997674e-02
-5.2567379189e-02
-3.2050502344e-02
5.2290952606e-02
-3.6048708920e-02
4.4551023300e-02
7.7124260307e-02
-3.8986686894e-02
-3.9689926163e-02
-2.8949629684e-02
1.9529844524e-01
8.9188798691e-02
-5.4017525861e-02
1.7625312027e-02
1.3950192789e-02
1.6833021291e-02
-4.4098018513e-02
7.4018658186e-02
2.0507882070e-01
4.3544554333e-02
6.3425152386e-02
-5.8432166878e-02
-2.0399766670e-02
1.4513879199e-01
-1.7632289616e-02
8.8985363191e-02
-1.1639933605e-02
-3.4564701070e-03
2.8826959522e-02
-2.3446293459e-02
-2.7732067136e-02
-3.5887387516e-02
9.4225843232e-02
-8.3049097966e-02
-2.6929805714e-02
-1.9651581679e-02
5.9884868705e-02
1.0494655557e-02
3.7440137686e-02
-7.1030452553e-02
5.2054687049e-02
-2.4270073187e-02
-5.7905974897e-02
-6.7556046676e-02
-5.9745221997e-02
7.1514924099e-03
2.7848803563e-02
-3.6379643331e-02
-3.5861016877e-02
-1.2472247031e-02
-1.7777740202e-02
4.5045402436e-03
4.0556572145e-02
5.8358630289e-02
-6.2387314197e-02
-3.0562733187e-02
-1.0089254650e-02
-3.8588063895e-03
-1.9935719335e-03
1.5172406216e-01
5.2780674137e-03
-7.1769555878e-02
-1.1020552246e-03
-4.4162275718e-02
4.0815539102e-02
-3.9674403396e-02
-4.8856658778e-02
8.2093981974e-02
2.5885972519e-02
1.8427735145e-02
5.6786670449e-04
-4.0369646942e-02
-6.4424109541e-02
1.3063071161e-04
2.1402007381e-02
-3.9622954146e-03
-7.0670083594e-02
-2.0802173954e-02
5.3940429876e-02
-5.9141218869e-02
-2.6785792487e-02
-2.0471700772e-02
-3.5184964500e-03
-3.9701192937e-02
2.7015201060e-03
-4.3393673335e-02
3.2139369999e-02
4.1957588713e-03
3.7261468378e-02
-3.0374390669e-03
2.6489120526e-03
-4.4158627315e-02
-2.6993551283e-02
-1.1793340365e-02
6.4701888506e-02
-3.2768638117e-02
-4.2145550293e-02
-8.0627789004e-02
4.6374159240e-02
2.2350962856e-02
-1.1491471573e-02
7.5360491856e-02
-3.5986411966e-02
2.9380149354e-03
-6.2417421932e-02
4.3889023220e-02
1.9470837918e-03
9.4651518809e-02
-3.7104579758e-02
-6.1149685392e-02
-3.8393395260e-02
-2.5588885803e-02
5.5561671359e-02
8.5469826762e-02
-4.1366903500e-02
-2.3288142100e-02
4.0122700382e-02
7.0313645409e-02
-1.1417681820e-03
6.4368107670e-02
4.0090796287e-02
1.7046991347e-01
4.1251012279e-02
-6.4588633580e-02
1.0433505029e-01
-7.0145927044e-02
6.5255077141e-02
-1.0438014600e-03
-8.3842607349e-02
5.7993584365e-02
-6.9056067564e-02
-5.9234533765e-02
-4.3334581275e-02
-5.8811476804e-03
6.7232536961e-03
-1.8218526607e-02
3.2856755403e-02
8.0706062036e-02
-5.3874512714e-02
-9.7293826081e-02
8.1723942980e-02
-7.1499535805e-03
-1.1904650024e-03
-5.4972553174e-02
-2.6030768220e-02
8.4350972100e-02
4.6584453208e-04
-7.8856255409e-02
9.6582641685e-02
-8.3024356822e-02
-5.1369053520e-02
-3.3924932321e-03
-6.1628330999e-02
-4.1846989983e-02
6.6369539134e-02
6.4356927445e-02
-3.0316990006e-02
-4.2125639905e-03
-6.6140060783e-02
-6.0659621518e-03
1.0613661475e-01
4.0396914167e-02
1.0927063744e-01
1.1274601495e-01
8.4759863568e-02
-9.1603525517e-03
7.1606068218e-02
-3.4645116931e-02
3.1793821605e-02
-8.1271414521e-03
1.2760792403e-01
-2.6004101311e-02
-9.5062541022e-04
-6.2273161437e-03
-4.9998182576e-02
-6.5596314667e-02
-4.5299651949e-02
-1.8832457005e-02
5.1376529752e-02
1.7256803319e-02
-6.6077391484e-03
-7.2312479313e-02
1.5067205104e-01
1.4240963107e-01
2.4262848984e-02
6.1316681109e-02
-7.7510845467e-02
8.9910920676e-03
2.9764299688e-02
1.6123188585e-02
2.0631836398e-02
-5.4978725233e-03
1.2578781295e-01
-2.9053757809e-02
1.9661791634e-02
-3.8238535461e-04
-1.4181609235e-02
-5.0382760308e-02
-2.9384417416e-02
-3.6473923329e-02
4.8936386115e-02
1.2184795951e-01
-3.5919208598e-02
-2.5602734431e-02
4.1955091533e-03
8.7010559832e-02
-6.8510243027e-03
-3.7917052941e-02
1.8516030644e-02
-7.6899963949e-02
-6.7901010595e-02
6.9535040540e-02
3.0014458584e-02
5.4358782385e-02
7.3786380137e-03
5.1685693780e-02
2.9145853195e-02
2.8806929999e-02
5.0287635117e-02
-2.5998176742e-02
1.6524958681e-02
-5.0208654308e-03
4.7199217370e-02
1.9079482979e-02
-2.8412221516e-03
-5.4186401813e-02
1.0133357540e-02
2.1442433421e-02
-3.8724975894e-02
3.2424563110e-02
1.1790796937e-02
2.0298125120e-02
-1.9157568186e-02
6.6505693579e-03
-9.2749435665e-02
5.8479803589e-03
3.3807573745e-02
-7.1106035504e-02
8.7100327442e-03
1.7303951811e-02
-2.7354449615e-02
-2.9372031562e-02
-6.7885546231e-02
-2.2462880504e-02
-4.2607737162e-02
9.5846847103e-02
-6.1537989857e-03
-3.8190901506e-02
6.3934929162e-02
-4.9445394709e-02
6.4519945878e-02
2.0957366534e-02
-3.4615674965e-02
4.5937565179e-02
2.8473924451e-02
-5.6345555621e-04
6.6080707493e-02
-7.9730676844e-02
-2.1809567119e-02
-2.4450247279e-02
-5.2108496827e-02
-2.9408284939e-02
-5.0282126273e-02
4.2295004385e-02
1.1468404127e-01
8.1639759791e-02
-4.2252918702e-02
-1.3857638287e-02
1.3629741452e-02
1.0533380641e-01
-5.9094401977e-02
5.9092435768e-02
7.5926997549e-02
9.8902216898e-02
2.6066349941e-02
-4.8515249407e-02
-5.5369605673e-02
-6.8077959720e-02
-8.6320863651e-03
6.1446563574e-02
-1.7889252162e-02
-2.3503801483e-02
1.2158797460e-01
-7.5197822549e-02
7.6901616798e-02
-6.5960572357e-02
2.8572829905e-02
9.5739179735e-02
1.0164376714e-01
1.3693516659e-02
2.0904032483e-01
1.7391215428e-02
-4.6934602386e-02
1.2378273711e-02
-6.0927692216e-04
-3.7760927992e-02
-3.8532484301e-03
-7.6598241151e-02
7.4319644959e-03
1.5244191681e-02
-2.6257710877e-02
-2.8490680534e-02
6.2220136895e-02
-5.9472418766e-02
-7.5502159550e-02
-2.5502399347e-02
2.0240934447e-02
-7.1050363530e-02
1.9392700399e-02
-4.5109330084e-02
2.6377383393e-02
-1.6929943019e-02
-6.6263818439e-02
-6.3350984071e-02
-4.4153266066e-02
3.0060530082e-02
-2.2542203715e-02
-2.2509184361e-02
-4.2530331007e-02
5.9191785970e-02
2.8123665593e-02
-5.3886157968e-02
1.4475240147e-01
-3.0641767554e-02
-6.0924304043e-02
-6.5110129383e-02
-1.1968398021e-02
-6.7860192058e-02
-5.8328833127e-02
1.6210681281e-01
3.0393904216e-02
9.9856579721e-03
5.0851249449e-02
-4.5195100625e-03
-8.0965088441e-03
8.6291802009e-02
-2.1713859181e-02
1.5094798717e-01
3.5147159334e-02
2.3566627927e-02
-4.7767945060e-02
6.0182561931e-02
-7.2017715531e-02
4.5439632437e-02
6.5327084263e-03
-2.2332610828e-02
-1.9804535345e-02
6.6534316343e-02
4.6932394751e-02
3.4208306877e-02
2.3052994623e-03
1.0512271082e-02
2.0273847121e-02
4.3128620314e-02
-4.6548627331e-03
-3.2100695988e-02
3.3641092082e-03
4.9765632799e-02
-5.7227297194e-02
1.0666283668e-02
-7.0227402100e-02
-2.0063617390e-02
9.4091137166e-03
-5.7565438336e-02
-2.9334568056e-02
6.7478631160e-02
-6.1568647479e-03
2.7391379580e-02
-2.5925377679e-02
1.1301234053e-02
-4.6839410471e-02
3.0240197268e-02
1.2438420106e-01
-2.0033331731e-04
4.4415826452e-03
-1.8285189115e-02
1.3526906047e-01
-7.6755454484e-02
-7.8266902375e-02
-6.4605177558e-02
1.0909692498e-01
-2.8062268937e-02
1.0858795308e-01
4.5994877375e-03
-4.6471474975e-02
1.5122686497e-02
-4.9805623055e-02
4.2919919842e-03
2.0367768935e-02
-2.3288905572e-02
-4.0797963379e-02
-4.5976798889e-02
-6.7288423308e-02
-4.7912437572e-02
-4.0770593268e-02
-9.0573205550e-03
-5.7803849671e-02
-5.8143079730e-02
-3.8579332563e-02
-4.2693739221e-02
7.2626852866e-02
-8.3115389446e-02
9.4131959531e-03
-6.9454466584e-02
4.2658011174e-02
-3.6030777471e-02
-5.7658168466e-02
-1.8785531212e-02
-2.7839598467e-02
-2.3028624392e-02
-7.7418155084e-03
-2.7978569300e-02
-2.6096331875e-02
-1.1690843614e-02
4.8222367423e-02
3.4331501950e-02
-4.3072268231e-02
-1.9419310874e-02
2.6066016689e-02
-2.4682945184e-02
2.3154423402e-02
1.1566412051e-02
-6.1450864692e-02
1.6717477654e-02
-5.8031476779e-02
7.1625167719e-02
-4.8333653869e-02
1.0066633848e-01
2.7637415239e-01
3.0739390256e-02
-1.2293951794e-03
6.0651210273e-04
-4.5393820181e-02
-4.0819349042e-02
3.7547210277e-02
5.5664341624e-02
-8.1493713820e-02
5.5092731600e-02
1.4927254353e-02
2.7211275771e-03
3.2572650405e-02
-2.4425392245e-02
-6.1819738270e-02
-7.3016033786e-03
7.8042465261e-02
-4.4813583124e-02
-3.0600779479e-02
-5.9922768230e-02
2.5248010439e-02
4.2025266445e-02
1.5972278962e-02
3.3727947587e-02
-4.2384219823e-03
1.5416156530e-02
-1.1766632291e-02
-2.9216323355e-02
-5.3161148067e-02
-2.4702840006e-02
-1.8919923829e-02
-1.5708874841e-02
4.7506599554e-02
8.8532760813e-03
1.3913253383e-01
-2.0478693449e-02
2.0899775095e-02
3.3587287933e-02
1.1450432205e-01
-1.2549521186e-02
5.8597657318e-02
6.1417231179e-02
6.7810519298e-02
6.0004272044e-02
-3.6073178710e-02
-1.3714740215e-02
-3.2049962617e-02
-4.8782731122e-02
-4.3253921721e-02
6.6685086864e-02
-4.8997324804e-02
9.4527281603e-02
8.3555687365e-02
2.4680991061e-01
5.2087048870e-02
-2.8446962678e-02
3.7086335054e-02
-2.6401296046e-02
-4.3145779257e-02
-2.6156864840e-02
-2.7817642861e-02
-5.5153852225e-02
4.8885529978e-02
-2.7649472903e-02
-3.2264597087e-02
-4.2983254621e-02
-1.5582054768e-02
8.2425236220e-02
-4.6533694736e-02
-3.8355140916e-02
-7.2656874099e-02
-2.1201451032e-02
3.0879901697e-02
-3.3105687316e-02
-2.9618410152e-02
-3.3352278751e-03
-2.7916150413e-02
-1.7754760155e-02
-6.7360651448e-02
1.7023839523e-01
-6.5982109893e-02
-3.4759357555e-02
-1.5210110305e-02
-6.1049471965e-02
-8.4840940252e-02
-6.0657087557e-02
8.5910946953e-03
-8.7780180746e-03
-5.4345088583e-02
3.6914797341e-02
1.3153971809e-01
-4.9472316472e-02
7.1173683244e-02
-5.8660271896e-02
-2.5954604276e-02
-5.4095800820e-03
-2.8443143183e-03
-3.9935188531e-02
3.9723871502e-02
-4.1486259279e-02
-6.5562106499e-02
-2.6170990643e-02
-2.3684725172e-02
-2.4787754925e-02
-5.3397806680e-02
-3.7833329486e-02
9.2779788548e-03
4.1901849870e-02
6.2177210894e-02
-7.3064953340e-02
-1.2223381549e-02
-7.2083004235e-02
2.2334557227e-02
6.9080882439e-02
-6.6827479651e-02
-3.3429062139e-02
1.0601555906e-01
-6.5948126619e-02
-5.0267188929e-02
1.7225696514e-02
-2.6108622225e-02
-2.7566990674e-02
1.0926801077e-01
1.4076166287e-03
9.9533774420e-02
-4.1945246837e-02
5.3411890048e-02
-3.2872117612e-02
2.7810928332e-02
-9.6002066219e-03
1.5995255737e-03
2.1894908578e-02
-5.2296746177e-02
-6.0464508880e-02
-2.3108404067e-02
7.9572308842e-02
-3.9042840043e-02
-5.4501358622e-02
-8.1747740801e-03
2.1346926382e-01
2.2911267699e-03
-2.7198954579e-02
9.7720288410e-03
2.5103360391e-02
-6.4937770779e-03
-6.7126714778e-02
-1.9979941769e-02
3.1109391244e-02
-3.0550264307e-02
1.0121735302e-02
-7.3873622215e-02
-5.0559907811e-02
2.0152641124e-02
9.5942480520e-02
-2.3775192340e-02
-3.1994804160e-02
-2.0100316867e-02
-6.5473762391e-02
-2.3251766984e-02
1.0540337941e-01
-4.1320931937e-02
4.9079740488e-03
3.6921750946e-02
-6.8907976085e-02
-6.5581709357e-03
4.3670416288e-03
-1.7912892675e-02
5.6521471884e-02
-3.4405688129e-02
-4.0926464569e-02
7.7686467806e-02
-1.2859759512e-02
-2.8529055809e-02
1.6773004958e-02
4.4748095079e-02
3.3109389716e-02
-4.7558164335e-02
-3.8947000710e-02
-6.6647584218e-02
-6.3944666636e-02
-2.1060228506e-02
-5.0650381063e-02
6.8271357925e-02
2.5225778314e-02
-8.8454152730e-02
-2.8449471174e-02
-7.0148118685e-02
-3.1295811234e-02
4.3521574722e-02
-3.6542013128e-02
1.7060667733e-01
-4.4743466279e-02
-4.4865366209e-02
-3.4564565961e-02
-5.2615141955e-02
2.2366749821e-01
-9.4019371663e-02
8.3717675851e-02
1.4846875280e-01
-6.4083812629e-02
1.3282955098e-02
-4.0599196216e-02
-9.3787155633e-02
-9.3837773193e-03
2.6206441956e-02
-3.2102091750e-02
1.7818292583e-01
1.6708447815e-01
2.2139333255e-02
7.6859481773e-02
3.0408103438e-02
2.9098671264e-02
-6.0015559884e-02
-5.2582472882e-02
-1.3072974611e-02
1.4355276519e-01
1.7565418939e-02
1.5586273887e-01
-3.8526052100e-02
-5.4893803620e-02
-1.3007495950e-02
-6.2746718514e-02
-4.2157198004e-03
2.1245476421e-02
4.5903418787e-02
-3.2552160155e-02
-4.5353829366e-02
1.3752638131e-03
4.2111422765e-02
7.1761279143e-02
-3.8268552737e-02
-6.3288437498e-02
8.6867677024e-03
-6.6427456197e-02
-2.4494976938e-02
1.5229879621e-02
6.9158399473e-03
6.3151825629e-02
4.2799250014e-02
-4.5985580395e-03
3.5398937896e-02
2.1193602098e-02
-3.5320902665e-02
-3.2588896388e-02
5.9144146231e-02
-6.6077136450e-02
5.1942402494e-02
9.5832881246e-02
-3.5711179561e-02
-3.3008409480e-02
-9.0020377633e-02
8.3352530602e-03
-4.7818958406e-02
-5.4787090412e-02
-7.8865431036e-02
-3.4473576031e-02
2.4091421926e-02
-1.3138544343e-02
-5.3407874378e-02
-2.3992202226e-02
-7.6182812738e-03
1.8856217885e-01
7.0927878605e-02
1.7482634197e-01
3.0260059280e-02
1.1249358520e-02
7.6359475672e-02
-6.0174250442e-02
-5.1713167339e-02
-6.4513927258e-02
-6.1439733568e-02
-6.7398220803e-02
-4.3900721249e-03
-2.0313404718e-02
-5.0936779053e-02
4.3223112949e-02
-3.5383755140e-02
3.1395202725e-02
-4.1155114916e-02
-1.5695511824e-02
-2.9498164181e-02
-3.1696590372e-03
3.7497964430e-02
7.8169698516e-02
-3.1151797713e-02
-4.3059408897e-02
-7.8993758643e-02
1.1154834807e-01
5.5434584958e-02
-7.3441689320e-02
-1.2008538492e-02
-4.9174877316e-02
6.7252638799e-02
-1.7989831322e-02
1.7731130017e-03
-3.1559824796e-02
2.8454580586e-02
-1.3529584018e-02
7.0177038137e-02
7.7180962548e-03
-6.6365507051e-03
-3.6800310656e-02
9.9107245455e-02
-3.0459100942e-02
6.4394254028e-02
1.2754324849e-02
-6.0082608430e-02
-4.5999294710e-02
-1.7311621739e-02
8.0088628812e-02
7.0299641922e-02
1.6546887781e-01
-2.4425475329e-02
6.5522376639e-02
9.7030642518e-03
4.4321784601e-02
-5.5591940596e-02
4.1206443296e-02
1.1657736054e-01
-4.4681542417e-03
3.0126099361e-02
-9.3543677459e-02
-7.9327557067e-02
7.4934831186e-03
2.9868511587e-02
4.1278899168e-02
9.6879880346e-03
-1.0034645741e-02
-5.0436905182e-02
-1.3371377621e-02
-6.4122286657e-02
5.7987665638e-03
1.6723905423e-02
-6.1121363524e-02
-5.4264555696e-02
-2.8534876397e-02
-4.5427729361e-02
-4.7145721727e-02
5.4442596612e-02
-6.5259997240e-02
2.6892745239e-02
3.2317007600e-02
-2.3376883003e-02
-5.3870754238e-02
6.0389782329e-02
-5.7560513300e-02
7.5277060704e-02
-1.2498319106e-02
5.0717607991e-02
-2.7946510136e-02
-6.3382022855e-03
1.5934383979e-01
6.7372768746e-03
-6.9201131641e-02
-2.6815156804e-02
2.3736009663e-03
-6.2667101087e-02
4.6214837482e-02
1.9071157456e-02
-3.8503604727e-02
6.1445285986e-02
6.8793484957e-02
1.6882928821e-02
2.4389134631e-02
-3.2407217097e-02
-2.1726767036e-02
-2.3255305786e-02
3.7735471266e-02
-2.8776401865e-02
9.6979657814e-04
-1.2886715271e-02
8.8348645934e-02
5.0218099051e-02
4.4393654359e-02
2.7186918294e-02
-4.5247673884e-02
1.8686152163e-04
-3.7908578622e-02
7.8037901433e-02
1.0369464755e-01
1.5232161827e-02
-1.0236489773e-02
-3.2737197701e-02
-8.2426929304e-04
3.0709256101e-01
3.7257943830e-02
4.2135170188e-02
-5.3343537809e-02
2.5624893425e-03
1.9155021514e-02
-4.1696608811e-02
1.4963263062e-01
-5.8322683457e-02
-6.9683821385e-02
-3.2977213482e-02
-5.2569574611e-02
-7.1492191766e-02
-5.2320253777e-02
-4.3648493299e-02
1.2930037701e-01
1.0558984531e-02
4.5304702359e-03
2.7651786624e-02
-1.1540346225e-02
-6.4478925642e-02
-6.2762641730e-02
-6.2268794646e-02
3.2647050814e-02
4.0241853864e-02
1.4423045947e-02
9.7257092631e-03
-1.3560505840e-02
8.1441026865e-02
4.6976677633e-02
5.8115043079e-02
6.7466106531e-02
2.3688768613e-02
-3.8430817720e-02
-1.4333622780e-02
1.9424375637e-01
-5.0550726172e-02
-3.0390739271e-02
2.0333169299e-02
4.4886642791e-03
4.1372546194e-02
-2.1586839955e-02
-5.4850984501e-03
-1.3885048223e-02
-7.0314136870e-02
-6.2672724757e-02
1.5147252823e-01
2.1442692025e-02
-3.7208132122e-02
1.9388514927e-02
6.4220315269e-02
2.5506887768e-01
-4.7717680214e-02
3.0474357061e-02
-7.2577100059e-02
4.4512592864e-02
8.6550792417e-03
6.2120123323e-02
-3.7267466499e-02
-7.7251428563e-02
9.1136925350e-02
3.1776334463e-02
3.2321147071e-04
-4.6183352383e-02
-7.3197604854e-02
-7.0184099580e-02
-6.0624450144e-02
1.2479109455e-01
9.1638992249e-03
-6.1710523336e-02
6.0655973795e-02
6.9500277463e-02
-5.0037195227e-02
1.8667864193e-02
-8.2168756962e-02
-5.0738756535e-02
7.8362227749e-02
2.5963872142e-02
2.7329158801e-02
1.5040601461e-02
2.7758852686e-02
8.4704017976e-03
-1.3743391449e-02
2.1567899107e-02
-5.1191629260e-02
6.7560036181e-02
2.6867459136e-02
-1.1228004529e-02
2.8242773988e-02
-9.2315253216e-03
1.2072223086e-01
-5.8556557766e-03
2.5278818268e-02
1.1880871036e-01
7.6786913019e-02
-8.5894531277e-02
8.6057731326e-03
-2.3144570541e-02
2.0162938941e-02
2.1662558777e-03
-3.8341276876e-02
5.5631513235e-03
-7.5261439804e-02
8.4112990567e-02
4.2646648920e-02
-7.0833329341e-02
9.1393847106e-03
-3.6582421290e-02
5.5076279329e-02
1.4938991776e-01
-3.4631006026e-02
8.5297914927e-02
-6.7869428575e-02
2.0044199639e-02
2.0152913937e-02
-3.3541040717e-02
6.6243334705e-02
7.8164421789e-03
4.8831679998e-02
1.3650809586e-02
-1.6863418395e-02
-5.5812217869e-02
5.6969568827e-03
-2.4068690661e-02
-6.2521757045e-03
9.9377654671e-02
9.0195348907e-02
-4.2957934144e-02
7.6499798016e-02
-7.1914310933e-03
1.0054549584e-01
-9.2106554887e-02
-2.2838665617e-03
1.6763024856e-02
-9.4326416290e-03
6.8704023472e-02
-1.3906485817e-02
1.2852085741e-02
4.6069134136e-02
-1.5193778826e-02
6.8628444164e-02
-2.1775082993e-02
4.3880123441e-02
1.5526601641e-01
-1.9238428495e-02
-6.7890736234e-02
-4.4516964151e-02
4.5086221919e-03
2.4250029291e-02
2.9322757671e-02
-3.6666717277e-02
-3.9853812180e-02
7.6378404962e-02
-9.3248819885e-02
3.4723496863e-02
-1.8009163210e-02
-3.5773122349e-02
-9.5661707348e-03
-3.9182307185e-02
6.7366825567e-02
-8.5729460708e-02
2.6723810790e-02
2.6196026780e-03
1.0108772107e-01
3.3296119723e-03
2.3047204325e-02
2.4121107895e-03
-3.2403375124e-02
-1.7215146419e-02
-4.1829538192e-02
-3.2041641030e-02
1.2919824696e-01
2.3939430015e-03
-9.4304936442e-03
-8.1717788068e-03
5.4105584283e-02
-6.9304946476e-02
-3.6203583573e-02
7.8011422391e-02
-5.2424850933e-02
3.2166833131e-02
-2.8920999604e-02
-4.7026828086e-02
-1.5083915330e-02
-5.3020011205e-02
-7.3790081171e-03
-4.1226085547e-02
3.3941540418e-02
-7.2894139563e-03
3.9077634292e-02
3.4435166332e-02
-4.6469482571e-02
1.1681039154e-01
-6.6839132073e-02
4.8826184884e-02
-5.2220430370e-02
-5.9517546618e-02
-4.1634522341e-03
-5.1770165026e-02
-2.8533855529e-02
-2.8473048970e-02
-2.9668854670e-02
-6.2953852650e-02
2.1314723955e-01
3.6039735788e-02
4.8840389560e-02
3.2192822628e-02
-1.9314018720e-02
1.6824080613e-03
-3.8470416624e-02
-1.3916549446e-03
2.7705867707e-02
7.1372520844e-03
-1.2752839490e-02
-2.6176708281e-02
7.1013028162e-02
9.7893884384e-02
-9.5075112276e-02
3.6610202557e-02
-4.0148330390e-02
-6.1591507942e-03
5.9883782462e-02
4.6022491719e-03
-4.8279730892e-02
2.9256422250e-02
-3.7458512592e-02
-1.8749545454e-02
6.1510588855e-02
-3.7995236048e-02
2.2383349561e-02
9.1129165455e-02
-7.5759560127e-02
1.7255809756e-02
5.0242327977e-02
-7.7365219142e-02
2.4758113849e-03
4.3595340639e-02
-4.0687659043e-02
6.0597146187e-02
-1.4251472545e-02
-4.3427514588e-02
-6.2207222395e-02
-7.9662938357e-02
1.6409585808e-01
9.8290846184e-03
6.0866703219e-03
-1.9668353724e-02
-3.9600844790e-02
-5.2583243801e-02
-1.4395458029e-04
-3.5569696146e-02
-1.7076789226e-02
6.7201620206e-02
-6.8738906909e-02
3.5985718207e-02
7.0363339521e-03
4.0748101928e-03
1.1486948606e-02
8.7835307252e-02
9.7950277904e-02
8.8697819689e-02
-4.7521821131e-02
6.7413783566e-02
-4.0689675511e-02
-7.1425362958e-02
-1.5080073912e-02
3.2959146717e-02
1.5908064243e-01
2.1243723390e-02
2.2453004153e-02
-4.6673986193e-02
1.0457045163e-02
-8.0871755883e-02
8.0142035169e-03
4.1618926798e-02
2.6242235646e-02
-3.1249032583e-02
-9.7402689921e-02
-3.6092024451e-02
-7.3069309262e-02
2.2461269431e-02
-2.5955083718e-02
2.2623790041e-02
-4.1928732028e-02
-6.2428382242e-02
4.4987307749e-02
-6.8165460577e-02
-3.4521071651e-02
-5.3529608678e-02
-8.0641934872e-02
-2.5091937888e-02
-2.9594402815e-02
2.9892686908e-02
-3.3554236468e-02
-3.8250615320e-02
1.4207900887e-01
1.5138552360e-01
-5.5486360772e-03
-2.3564192020e-02
-1.7521749134e-02
-3.9939175503e-02
5.6524129364e-02
7.4723873889e-03
1.3941013973e-01
4.7046282084e-03
-4.8864692930e-02
-4.7424695639e-02
-3.1668971847e-02
-3.9442352108e-03
-1.9914473082e-02
3.7646791961e-02
-4.7965555013e-02
-5.7864072480e-02
1.2601234464e-02
3.0428471560e-02
-3.7351414397e-02
9.8965797349e-02
1.1537462519e-02
-1.2368416958e-02
1.7386051154e-02
-1.6140100311e-02
-2.9369685086e-02
-3.3636463183e-02
1.7755612492e-02
3.8109658352e-02
7.4146833418e-02
7.1499703821e-02
3.7240946158e-03
9.4971431890e-02
4.0166141850e-04
-2.3523017339e-02
3.3199795481e-02
6.7964240185e-02
4.1608957796e-02
-8.1584899212e-02
-4.0112688890e-02
-1.9447866440e-03
5.2035755407e-02
4.2398916801e-02
2.7966983608e-02
2.8039794768e-02
-5.6301055157e-02
1.7816481202e-03
-8.2457608978e-02
-3.2546422563e-02
5.0921175257e-02
-3.6702911025e-02
-6.6234259149e-02
-6.9215352823e-02
4.6385371910e-02
-2.5207968820e-02
2.9327714883e-03
2.6203172609e-02
-5.6548451863e-02
-2.3074924639e-02
5.5139963120e-02
7.3532303678e-02
-6.9892550168e-02
-3.6149825399e-02
-8.6878720136e-03
2.8680237609e-03
6.6315454296e-02
9.1331785284e-02
3.6051398532e-02
3.9985747917e-02
1.0434945351e-01
1.8425333751e-01
6.4703453834e-02
-6.4959675378e-02
2.1845677533e-02
-3.5946098826e-02
2.3435385046e-02
1.4936211844e-01
-1.7390034587e-03
-5.0387895966e-02
4.4803568255e-02
-4.5616730831e-02
-1.2990089924e-03
-5.9897283167e-02
-1.3456843017e-02
-2.9215702332e-02
-6.8222707299e-02
-2.0020869660e-02
1.0980723131e-02
1.6713959308e-02
-4.4107327054e-02
2.4214246619e-02
-2.3206406559e-02
-3.3390749219e-03
3.6541908885e-02
-3.6255196607e-03
-5.3077831985e-02
-1.2679068079e-02
1.5192360041e-01
1.4951882507e-02
1.3945520081e-02
4.2384070430e-02
-3.2972533925e-03
4.7392028240e-02
-8.4093748393e-02
5.0191566085e-02
-4.5236773027e-02
3.0420225691e-02
2.5494467708e-02
-8.1383850935e-03
-6.6853862846e-02
4.0193808703e-02
-1.0446339238e-02
-4.2325007563e-03
1.6125462164e-01
1.7651678978e-01
3.5651537985e-02
-1.6876619737e-02
-3.8426394246e-02
6.7993403590e-02
4.4033020176e-02
-6.1122036908e-02
1.8268663136e-01
-1.1127829902e-04
3.0187065206e-02
-4.7882693934e-02
7.1434488700e-02
1.2853339413e-02
5.5254340926e-02
4.5526819835e-02
2.1485268075e-02
6.9898164295e-03
-3.0582586059e-02
3.4079581683e-02
2.0426382981e-01
7.7846009702e-02
5.4819226693e-03
-9.5150636518e-03
-1.5758800099e-02
-4.9632274296e-02
-8.6968906099e-03
1.9045292389e-01
-7.7052173093e-02
6.1273009008e-02
-1.3702129403e-02
4.9684174812e-02
1.2765881421e-01
1.1998200752e-02
-3.6875945213e-02
-1.3095813191e-02
-3.6473041087e-02
-7.0902553935e-02
-5.0673002293e-02
-5.6306669072e-02
5.0700783456e-02
-5.5977377352e-02
8.8974263701e-02
4.9357410991e-02
-8.9811140776e-02
-2.2124545725e-02
4.9765836376e-02
2.6471171925e-02
-4.8371073422e-02
5.0232577513e-02
5.1166571442e-02
5.7300011408e-02
7.2565164329e-02
-6.7285442422e-02
5.5738870364e-02
-3.8910217277e-02
1.0012596600e-01
-4.3662813044e-02
4.2309049651e-04
2.6449238653e-02
1.0924593741e-02
4.1285892585e-02
5.5156927719e-02
-2.6095045396e-02
-2.4610863682e-02
6.4254556379e-04
-4.4868113569e-02
9.3049153499e-02
-1.1364063400e-02
9.2305304748e-02
-7.7565842569e-02
-3.8046991935e-02
-5.2438676849e-02
6.2144766736e-02
-4.3441876159e-03
-5.6415153115e-02
-4.3413578018e-02
5.0649647557e-02
2.4838733481e-02
1.0350301670e-01
3.3357342161e-02
2.8527005297e-02
-5.4259377864e-02
2.6224251713e-02
-2.6542311014e-02
-5.5618629147e-02
3.6210077604e-02
-2.7823521688e-02
-7.2721129981e-02
5.6244335449e-04
-4.2435137184e-02
4.1605142941e-03
-9.3988608573e-03
6.6511217473e-04
-5.2174883190e-02
-3.5587011510e-02
2.3842528586e-01
-3.2871202316e-02
-6.9368466212e-03
5.5231205673e-02
-2.0932136139e-02
5.4461471426e-02
-4.2277948462e-02
-3.2730829195e-02
-2.6768885592e-02
-3.2108730231e-02
-1.9210206115e-02
-7.3857376312e-02
-3.5178175029e-02
8.0814874640e-03
-5.0282851039e-02
-6.1181743454e-02
3.4682868571e-02
-1.3124162956e-02
1.1071382278e-01
-6.1380696081e-02
-5.9059188199e-02
-2.7081232037e-02
-4.8343634588e-03
-4.0499886625e-02
-3.8293198347e-02
1.5251613277e-01
-4.4902851109e-02
-3.5224073662e-02
2.7753804183e-02
2.4724095345e-01
-5.6676030144e-02
7.6310646780e-03
-4.6428765263e-02
-7.9080439805e-02
-5.4205130871e-02
-1.3744510133e-02
-5.2391621670e-02
-3.5689699085e-02
1.0381818671e-01
-1.3445886691e-02
1.3934689968e-02
-2.4292746672e-02
-5.4357598546e-02
7.9307356939e-02
-3.7235942083e-02
-4.9792188743e-02
1.4815189991e-02
-1.0180734256e-02
6.0824000637e-02
3.5314524888e-03
-6.9167844872e-02
-4.5494523892e-02
-4.2432879013e-02
-6.0889838367e-02
-3.6752446945e-02
-9.7591057553e-03
-1.5365475865e-02
6.4321357912e-03
-5.2445351390e-02
-3.2785278932e-02
5.7782411215e-02
4.5876755889e-02
8.3670123243e-02
-2.9181455077e-02
9.4412804511e-02
-5.9935248273e-02
-4.9388353921e-02
2.4050722519e-02
2.4506602588e-02
2.4171185433e-02
-4.2113231882e-02
7.0083853630e-03
-4.4241126698e-02
6.4288600173e-02
2.8863340256e-01
-2.6972333693e-02
-3.5378373323e-02
3.7493932728e-02
2.0300042631e-03
-2.0972864866e-02
2.7585479253e-02
-4.3531499120e-02
3.0157170339e-02
-2.7526640651e-03
1.9237039799e-01
1.9948482881e-01
-5.7299587741e-02
1.5198116137e-03
5.0279613712e-02
-4.5272922900e-02
-9.0377360680e-03
1.1299644554e-01
-4.1444297687e-02
1.1685300979e-01
-1.1079081635e-02
-2.7502709913e-02
2.1052415881e-03
-4.3930002972e-02
7.1068990999e-02
-4.1755227745e-02
1.5436308436e-02
6.1974801851e-02
-4.1274917967e-02
-6.3641650217e-03
-6.3346911436e-02
-8.5855103747e-02
5.9135282790e-02
8.4578929516e-02
9.6243851222e-03
6.0269802014e-03
-7.2923260226e-02
-1.5366992857e-02
1.8209553186e-02
4.1624567936e-03
-1.0641063520e-02
8.6732770260e-03
-2.5384869118e-02
6.8521159656e-02
-2.6665282827e-02
-3.0414037555e-02
-5.4262738347e-02
-4.3561493779e-02
1.9227118296e-01
2.5191248327e-02
1.7190937346e-02
-3.2067511143e-02
3.8511008965e-03
9.1790661980e-02
-5.6640569819e-02
1.7535060839e-02
1.7064573928e-02
2.4509474038e-02
-5.5379218532e-02
2.6227670551e-02
7.0688911308e-02
2.7442617244e-02
-4.4422659466e-02
1.1034481005e-01
6.1728366040e-02
-4.4838794019e-02
-6.6413507028e-02
1.8104307581e-01
-3.2605384922e-02
-2.8894458353e-02
6.5507097925e-02
5.7882416160e-02
4.7678824242e-02
-9.8700467545e-03
5.3850255748e-02
-7.0073671165e-02
1.7579378636e-01
-4.0993994939e-02
-5.1049735066e-02
3.6929383099e-03
-4.0402632797e-02
-5.4151818746e-02
4.1464114093e-02
-1.9822705331e-02
2.0935672831e-02
3.0742699221e-03
5.9956522923e-02
7.2204785804e-02
6.1479659688e-02
-2.5208807563e-02
5.7415009040e-02
-3.5164987031e-02
-1.3300767529e-02
7.6607738602e-03
-5.9873791693e-02
-5.8578821566e-02
-3.5352223898e-02
-3.1168522879e-02
-3.4583094610e-02
7.7069243273e-02
7.1955799319e-02
4.6802010422e-02
3.0124818349e-02
-7.3477172816e-02
1.4314101194e-02
-5.6797775685e-02
-2.2819577963e-03
9.8416676428e-03
2.8720124185e-02
6.3981059818e-02
5.2838494336e-03
-1.7461366388e-02
-7.2650012864e-02
-2.5419494393e-02
5.2489564430e-02
-3.7019602850e-02
-5.9182089044e-02
-5.5070028651e-03
-3.8278450730e-02
6.4241788402e-02
-3.1613413780e-02
2.5516048005e-02
8.7247822261e-03
-2.2962269963e-02
-3.4078555082e-02
1.5419672584e-01
-3.2169372287e-02
-3.9898257598e-02
-1.9398906386e-02
3.1090674821e-02
-5.4046496495e-03
5.6094278944e-02
-1.5667567861e-02
-4.0678676436e-02
-2.1731881854e-02
-7.2775505729e-02
3.5725844199e-02
-3.3017017114e-02
4.7493277409e-03
-1.9428266744e-02
1.1285655302e-02
2.6475560852e-02
1.2088163853e-01
-4.7016973749e-02
-2.8455805303e-02
-2.4352097154e-03
-2.8912762682e-02
-3.3574906067e-02
8.2285558221e-02
2.6670174406e-01
1.2449781265e-02
-4.3418346198e-02
5.8745812361e-02
-2.8362593809e-03
-2.3330677570e-02
-6.1434763605e-03
3.5559068674e-02
4.7101336602e-03
-3.1794691904e-02
2.0152934196e-02
-4.4598751350e-02
1.2066414382e-01
-6.0204100024e-02
6.9259693500e-02
2.5002552657e-02
-2.3182813016e-02
-3.4920010764e-02
5.8525183528e-02
-5.3151226915e-02
-5.9997897443e-02
1.4360089122e-02
-3.8261686017e-02
2.7271069535e-02
-5.2000134079e-03
-2.6468688224e-02
-8.8837834548e-02
-9.2389314264e-03
4.5889223829e-02
-4.4893826080e-02
3.9424566098e-02
-4.3383325986e-02
-1.7208505800e-02
-6.4742058901e-02
9.3729128460e-04
-6.5942886466e-02
9.8303896318e-02
1.1889264933e-01
-8.9400050051e-03
1.3857213217e-02
-1.6372349840e-02
1.3801118422e-01
-7.3077202453e-02
-4.6887474520e-03
6.3898147716e-02
-4.3281760050e-03
-4.3163138245e-02
-6.6963435854e-02
-6.9623033490e-02
-4.2314625476e-02
4.7616238654e-03
3.3414953508e-02
-6.5551741651e-02
-1.3749524784e-02
5.0297276001e-02
2.9213425075e-02
-4.6247033413e-02
-2.3087819764e-02
-6.9612221600e-04
-2.6663908657e-02
-2.7527125266e-02
1.7182949426e-01
3.4788423831e-02
4.7734768912e-03
3.7752069895e-02
2.0254187525e-02
1.6649463450e-01
-5.3139291835e-02
-8.8817100194e-03
-7.8804882978e-02
2.3427905874e-02
-6.7441047912e-02
3.6335802525e-02
6.1227126419e-02
-4.3069651962e-02
-1.6485141795e-03
-4.3686494899e-02
-8.6954450751e-03
6.9786018100e-03
6.3309844973e-03
-7.4650489845e-03
9.2826900926e-02
1.8634593415e-02
8.5726658472e-02
-8.2821748240e-02
-5.3233952099e-02
9.5183577983e-03
-3.1820286079e-02
1.1139476238e-01
-5.9557469248e-02
6.5089057550e-02
2.2321930836e-02
1.2798808836e-01
-9.7241868583e-03
3.3178086845e-03
-7.8303675825e-02
9.2493781281e-02
8.9969752053e-02
-8.5022828127e-03
-3.0310989265e-02
-2.5521022993e-02
5.8473158106e-02
-5.1896323908e-02
3.7759331519e-04
-7.5517482319e-03
-3.3825071670e-02
3.0993025547e-02
-1.0482649676e-02
-4.5664708931e-02
-5.7113340573e-02
6.5564039811e-02
-3.1228135563e-02
1.0374382093e-02
1.0753218547e-03
-6.4776248388e-03
7.8411166190e-02
-7.3943385295e-02
-5.2783575699e-02
1.1613930057e-02
5.4386512530e-02
5.4278248442e-02
-3.5445650100e-02
-5.3107278095e-04
3.6717025613e-02
3.8413670686e-02
-2.8465350508e-03
2.3997218711e-03
1.1604630549e-02
4.8731190141e-02
3.5610786435e-02
8.2110985201e-02
-4.9467516209e-02
1.3976978414e-01
-8.1608024012e-03
1.4447730387e-01
-6.5351285214e-02
1.1519387530e-01
3.2002262483e-01
-3.1103744101e-02
-1.6955499690e-02
9.7016050702e-02
1.9238599959e-02
5.4250272645e-02
3.3142371613e-03
-4.6376817690e-02
1.8324411478e-02
-2.1536315691e-02
6.5863107613e-03
-7.2717684966e-02
5.9724801086e-02
2.4908162844e-02
-3.4125774072e-02
-2.0877562413e-02
3.0988921896e-02
-3.5111634206e-02
-7.2212166538e-02
-9.7902541792e-03
3.3981809500e-02
-5.0411975704e-02
-2.0004781979e-02
-2.0724444176e-02
2.9353967104e-02
4.4543102290e-02
-2.5975770629e-02
5.6771003176e-02
-2.3479903836e-02
-1.8345139213e-02
-4.6278279297e-02
-3.9001256884e-02
1.3609180653e-02
-5.7288269553e-02
3.1361419099e-02
7.1346178889e-02
-2.3164093080e-02
-2.8582013295e-02
4.8516612560e-02
-2.4470616509e-03
1.8080619176e-02
-1.0576322900e-02
-6.9726075021e-02
-3.9765936766e-02
-1.4044270783e-02
-3.9297086892e-02
-2.7655286268e-02
2.1664740429e-02
2.2936479853e-01
-1.4665747829e-02
4.6944307595e-02
4.0250882512e-02
-2.2604911497e-02
-4.7841661566e-03
7.7070965460e-02
9.8225927505e-02
6.6433025436e-02
-2.5686468209e-02
9.1599530233e-02
-2.2431169415e-02
1.3405542303e-01
2.9823314721e-04
-1.6945043777e-02
-4.5286741173e-02
-4.1424263378e-02
-1.9038321795e-02
7.6665795145e-03
-4.1076299203e-02
-4.3252170457e-02
7.4851610596e-02
-5.1687120880e-02
-6.5491363945e-02
2.2736337160e-02
-1.1176681095e-03
1.6173377079e-02
7.4793498543e-02
3.3188308161e-02
-3.5182974188e-02
-3.1431684716e-02
6.3507835459e-03
-8.1896441795e-02
1.2213117189e-01
-3.6062492802e-02
-2.9386352544e-02
-2.2543803412e-02
4.3967234415e-02
-6.8956359976e-02
-5.4173393850e-02
1.2764652953e-01
-1.6085841107e-02
-8.0827209540e-03
-6.7223555561e-02
1.3600415806e-01
4.3967321925e-02
7.2171478065e-02
-8.9726966786e-02
-4.1244700397e-02
4.1767761997e-02
2.8645714737e-02
-3.5963513955e-02
-4.3518321968e-02
-9.8922109853e-03
9.6223332481e-02
1.0602410067e-01
9.2744495098e-03
-4.9468681422e-03
-6.4716148768e-02
5.9819957872e-02
-1.4254779466e-02
6.8803476741e-02
-4.4547915558e-02
-2.6529377922e-02
-4.1017596284e-02
2.8799228916e-02
-2.3593744598e-02
-1.5613346651e-02
-2.2437973457e-02
2.2045901276e-02
4.1353204243e-02
3.7291527533e-02
1.2344478942e-01
7.5934115401e-02
2.8977891517e-02
-8.6090212757e-03
-5.4957681717e-02
-4.6604649444e-02
2.2421941767e-02
-7.2551099521e-02
4.8043962011e-02
-1.4614535457e-02
9.7575709097e-02
-5.9629438663e-02
-2.9381385607e-02
2.6992346319e-02
2.6932957168e-02
-8.5225046307e-03
-4.2481955941e-02
6.6472017998e-02
3.6168397907e-02
-4.0755007825e-02
-5.6880207560e-02
-7.1090557117e-02
-2.0664136221e-02
1.2026590619e-01
-6.1734038220e-02
1.3135013379e-02
2.3407416568e-03
-3.3350298667e-02
-4.3719641762e-02
-5.9224245952e-02
1.5117279837e-02
6.4477908936e-02
-3.0788278826e-02
-5.3970263464e-02
9.0516970174e-03
2.4730504957e-02
6.6535992898e-02
-6.5591430532e-02
1.0989252694e-01
-5.5024703086e-02
-4.1221688648e-02
-5.3907931237e-03
1.2752201602e-01
-3.7873867220e-04
-3.3687058449e-02
-6.9885509017e-02
6.2178929428e-02
-2.7236968156e-02
-5.2532580033e-02
-2.6048113149e-02
-3.4284230935e-02
4.4850271589e-02
-1.9979104525e-02
2.2730738943e-02
5.6259499847e-02
-1.5595864159e-02
-5.3558217881e-02
-3.6428450978e-02
5.0327407840e-02
-2.9062412449e-02
-3.4917252089e-02
1.2352398844e-01
-6.5273881716e-02
-6.4691268417e-02
-7.5285787071e-02
3.6086607700e-02
2.6688611594e-02
-2.7831339591e-02
1.0762505635e-02
-4.7539161204e-02
5.1405092274e-02
-1.5144631020e-02
-3.3316489291e-02
1.2199118908e-02
1.0612103296e-01
-2.6514301520e-02
5.3527350659e-02
1.6666054249e-02
1.8789948821e-01
-4.4285418623e-02
9.4884678334e-02
-2.5761878182e-02
-7.3228388325e-03
-2.5145744207e-02
-1.6219259306e-03
5.2351653729e-02
5.3524946734e-02
2.1595822814e-02
-3.8125703961e-02
-2.9473104613e-02
-6.6487446102e-03
-9.1882214499e-02
4.7250378290e-02
-7.4936838643e-04
4.3991558241e-02
4.1570105382e-02
6.4362849808e-02
1.8213231657e-01
-3.7865495401e-02
1.0647732787e-02
9.7879264851e-02
-5.2806843074e-02
-2.5843654191e-02
7.7407848001e-02
2.7679782117e-02
3.7411952743e-02
-4.0322296106e-02
-2.9958086581e-02
-6.3443559790e-03
6.8068389533e-02
-3.2220271470e-02
-4.6954107775e-02
-6.1136987437e-02
1.1479285208e-02
-8.6418062694e-02
1.2805171647e-02
4.2747652127e-03
-8.0230954954e-02
7.2670726900e-02
-1.2141417118e-02
-1.8600636270e-02
-8.0770603093e-02
-6.5394342913e-02
2.2420295020e-02
5.7753427885e-02
2.2843262738e-02
-3.1074072921e-02
-4.6532424582e-02
7.6876024669e-02
6.9386912313e-02
-4.0822206711e-03
5.2596453898e-02
-8.8332586617e-04
-6.6609244422e-03
1.1418464024e-01
2.6011958153e-03
-5.5107026530e-03
-4.5019558282e-02
4.7271621456e-02
-1.2460357158e-02
-4.6434721227e-02
1.4848509661e-01
2.2985941764e-02
-4.3099220021e-02
-4.1294042260e-02
5.0062252040e-02
-2.9912461841e-02
6.1628457163e-02
3.4720117186e-03
-2.7837598359e-02
1.6751713776e-01
8.8029112536e-02
-1.7808924877e-02
1.0235089250e-02
1.1718162636e-01
-3.5809590028e-02
6.2531158834e-02
-3.1710311728e-02
-2.3645126552e-02
-8.3179400871e-02
4.7574932559e-02
2.2206962385e-02
2.4015253115e-05
4.7200399359e-02
4.6259469550e-03
-5.4265352988e-02
-3.7880848113e-02
1.5291137802e-01
-4.4145380339e-02
4.8504004160e-02
-2.2500811248e-02
8.9012143274e-02
8.4232196378e-03
-5.0553841575e-02
1.3520160434e-01
-1.7699003623e-02
-4.0895239884e-02
-3.1108871477e-02
1.2199993009e-02
3.8614821103e-02
-7.6978624353e-02
-7.3812059626e-03
1.0596341647e-01
3.2749808406e-02
5.1370892225e-02
9.3067671234e-02
3.2227332737e-02
1.7822725554e-02
4.7282213281e-02
1.3286170083e-02
4.4364846014e-02
6.5829028006e-02
3.9972368287e-02
1.2201790489e-02
1.8815158000e-01
7.2785178739e-02
2.9121865924e-02
6.0463736973e-02
-3.0034771865e-03
-2.2307113838e-02
-6.3171723635e-02
6.1561093352e-02
2.3484066948e-02
-2.1782263374e-02
6.3085585479e-02
3.5651457257e-02
6.8196403959e-02
4.1354116393e-02
1.8698892834e-02
7.5152168063e-02
-7.8987200947e-02
-4.5120913531e-02
-5.9927142549e-02
-7.8883916987e-04
4.3635296966e-02
-1.4460830049e-02
-6.4308897222e-03
-5.4047363963e-02
-1.4140904098e-03
-3.6569771077e-02
5.6208072934e-02
-2.9628073700e-02
-3.4197793957e-02
-2.2470589211e-02
1.0387441512e-02
1.2259386537e-01
-2.0231136758e-02
8.0034787995e-03
-5.4685096905e-02
5.5652699353e-03
-1.9564247885e-02
7.7171358141e-02
-4.2401167293e-02
6.1658074773e-03
6.1575180026e-02
-1.0251230204e-02
6.9564643811e-02
2.8623436660e-03
3.0881282628e-02
1.7752249290e-02
-3.5817186417e-03
1.5465473178e-02
-4.7280674224e-02
1.1307804060e-02
-5.1461645119e-02
4.8794394900e-02
-5.6088016400e-03
-9.4179246646e-03
1.2214353243e-01
-2.5370576043e-02
3.1587669120e-02
-6.4900162756e-02
5.4590279548e-02
-3.5109875739e-02
9.8827018465e-02
-3.1512772560e-02
-5.7499309335e-02
-9.8445059575e-03
-7.5348962786e-02
-3.2316687185e-02
-8.8098225044e-03
8.0843840713e-02
-4.2921793817e-02
-6.5659667290e-02
-7.7831524330e-02
1.8078118070e-01
-7.4876809187e-02
-1.6869264901e-02
-4.0869942408e-02
-3.9088212801e-02
-6.2244727692e-03
-6.2841871218e-02
1.0117055993e-02
-4.6648276763e-02
-4.3008636000e-02
-2.7809858167e-04
-1.5402712385e-02
-2.0496300772e-02
7.3473751844e-02
2.9227889282e-02
-1.4112681494e-02
3.4579444472e-02
-4.6839504369e-02
5.4606291000e-02
2.8800398491e-02
1.7959289447e-02
2.0838332672e-01
-7.3043302150e-02
-2.2241929242e-02
9.6487161074e-02
4.5927556743e-02
-1.3078984473e-02
-3.0119343438e-02
-6.5202951762e-02
1.2131629551e-01
5.5104542043e-02
4.1988878843e-02
-3.9948641090e-02
1.3378792004e-01
6.4329586284e-03
8.3790343519e-02
2.9752416100e-02
-5.0427267566e-02
-3.4375728834e-02
1.0606072762e-03
-3.4780196863e-02
1.5231766259e-01
-2.7913469186e-02
-3.3915900708e-02
-9.1158839163e-02
-6.6689391632e-02
3.1081957314e-02
3.1015630182e-02
-1.8756939078e-02
-7.5333106961e-03
-2.4529023942e-02
-2.3519898741e-02
-1.7246973564e-02
3.3494924161e-02
1.7150844784e-02
1.4112422272e-01
-2.4707898765e-02
-2.5022944555e-02
-1.5457977121e-02
1.2373320046e-02
5.4804747007e-02
9.7599361007e-02
-3.9657990501e-02
2.6370337149e-02
-3.5229875473e-02
9.6998457692e-02
5.2069203007e-02
-2.8442305237e-02
-5.4341557638e-02
-8.2952445428e-03
-3.8076983685e-02
1.0391936011e-01
-3.7562683466e-02
-4.6638207440e-02
8.1680646578e-02
-2.4952221265e-02
-1.7645151003e-02
-7.5771682683e-02
5.7709946487e-02
-4.3959350650e-02
4.2811012574e-02
-2.1618151292e-02
-1.1523135412e-03
-8.9794851082e-03
-1.4196212990e-02
5.3410334190e-02
-7.2068321602e-02
6.4727536663e-02
-6.5834325410e-02
-5.0960529543e-02
9.1199380739e-02
-6.3574346742e-02
7.1421339711e-02
6.1467674152e-02
-9.6257191993e-02
6.8190444044e-02
-4.1175345059e-02
1.7232481675e-02
-1.0763426500e-02
4.3520811313e-02
1.8213995790e-01
4.7763291327e-02
-8.8440556058e-03
2.0418471829e-02
-4.1713745148e-02
-2.8656556177e-02
-3.2421991358e-02
-4.1438058316e-02
-3.2925845764e-02
-7.5775465137e-02
-1.6568497399e-02
-1.9752904080e-02
-3.9855972511e-03
-3.4355164868e-02
-4.6928480484e-02
8.4371964735e-02
-3.9386760676e-02
1.1288071923e-02
1.2023191102e-01
1.6465036123e-01
-6.0102524923e-02
-2.6713324384e-02
-7.3320570794e-02
1.4707238647e-01
-3.8173868166e-02
1.2923636888e-01
-3.2640786156e-02
-7.8468919515e-03
-2.8062619850e-02
2.8896594676e-02
-4.0779713712e-02
-4.4589516775e-02
-4.7437584455e-02
4.2988030679e-02
-5.0328836298e-02
1.3955365616e-02
2.6644219857e-02
2.2512425486e-02
1.9870383424e-02
-2.8370712316e-02
2.2162714840e-02
5.1198224608e-02
-3.4143767647e-02
-6.5481459787e-02
8.3783860622e-02
-2.9122992413e-02
7.0274741544e-02
-3.4539041116e-02
