5.5198654898e-02
-2.8353356766e-02
8.3394266689e-03
4.3546957642e-02
-3.6154064513e-03
5.1458660732e-02
5.6842902314e-02
-2.9464350651e-02
-8.3833068771e-02
4.6347130420e-02
-2.6576492945e-02
1.6699015999e-02
-7.1715662390e-03
4.6258943339e-02
-5.2998594942e-02
-5.2849481180e-02
-5.5153669495e-02
2.1296166134e-02
-1.3037638969e-03
-5.7335744196e-02
6.5714018349e-03
-5.6226138582e-02
-2.5823138194e-02
1.4998369825e-02
-6.4042873692e-03
1.1434700753e-02
6.4265183293e-02
5.6328394022e-02
-2.2506065755e-02
1.1052051308e-02
-4.8001874128e-02
-7.6073986840e-03
-3.6785446799e-02
3.1558692285e-02
-3.5251257915e-02
-4.7880050373e-02
-9.8963504142e-03
-1.6246733284e-02
-1.1914276636e-02
5.7107225304e-03
1.2145418751e-02
3.8268349512e-02
-5.1159843841e-02
-1.6458590104e-02
-5.7501076917e-02
-1.9757005586e-02
1.4212552731e-02
1.5773399729e-02
1.7568411214e-01
-3.1615198406e-02
1.7607507074e-02
-2.5928191601e-02
3.9169931400e-02
-1.5204299899e-02
8.5034090623e-03
-2.1720837521e-02
-7.5867293677e-02
-4.6723853478e-02
-1.5983579121e-02
-4.6572068148e-02
4.0278311756e-02
-6.1638847009e-02
4.6035461379e-02
3.9070062799e-02
-3.1641413674e-02
8.3622605665e-02
7.7838867821e-02
-1.2157439531e-02
1.3557878159e-01
-4.0017370212e-02
6.1121809789e-02
1.6952042435e-02
-2.3891930875e-02
-5.5833445389e-02
-3.3080478974e-02
-2.6994803813e-02
-5.7940004149e-02
1.2998475243e-02
-2.7614838391e-02
-2.3511403686e-02
-1.9603720326e-02
8.5074765199e-02
-1.5118331959e-02
3.3458330628e-02
-2.2109733505e-02
6.6965333672e-02
-5.0580914245e-02
-6.8687343487e-03
-3.8641427331e-02
-4.8511751213e-02
-1.2260517662e-02
-7.6278858814e-02
-5.9633983376e-02
-1.3755532159e-02
2.8850989264e-02
2.0984209047e-02
-4.0093174606e-02
3.2232417516e-02
-3.9303981607e-02
-5.6082679382e-02
-1.6963491441e-02
-2.3116946545e-02
-2.0916416362e-02
-1.5950968595e-02
-3.5391911167e-02
-1.0598147587e-02
-1.0858144690e-02
-6.6212034152e-02
4.5432965747e-02
-3.3282083242e-02
1.2878057952e-01
2.9253129939e-04
1.1903679022e-02
-1.8797954819e-02
-4.3013227268e-03
9.4007280985e-03
-1.3194613463e-02
-2.6458403536e-02
2.4812747503e-02
-7.4084514135e-02
-1.7696211323e-02
4.9292810436e-02
-4.0019227862e-02
6.2568564706e-02
3.2613223281e-02
6.0426807875e-02
-5.0597686888e-02
1.0844995988e-01
-6.4578015517e-02
-5.4653752235e-02
2.6866312191e-02
-1.2051235367e-02
-4.2366159884e-02
3.3039001603e-03
1.4539860597e-02
-1.5512139267e-02
1.4888786456e-02
2.0489653432e-02
8.6582055192e-02
-2.8261775378e-03
1.7229507447e-02
-1.9638050982e-02
-3.1597063392e-02
-4.6323073041e-02
-2.2793027521e-02
2.2113822100e-01
1.8540172027e-02
1.7185614082e-02
-4.3741343646e-02
-2.4061981116e-02
-3.2800693259e-02
-2.0459225489e-02
-1.6836610222e-03
5.5866495409e-02
3.9891402171e-02
-3.8955798914e-02
-2.1194649318e-03
-2.0238675154e-02
2.3523952581e-02
-6.3005113895e-02
-5.8759724831e-02
-6.2605828608e-02
-7.7665483711e-03
4.2006048348e-02
-1.3639128977e-02
-1.5390538946e-02
-4.1096267860e-02
-3.5631142537e-02
-2.7472098086e-02
-1.6081792520e-02
7.2170321049e-03
1.0484326119e-01
-1.4551678367e-02
-1.3599517046e-02
-3.4052914462e-02
1.8704709875e-02
1.4724408097e-02
-5.1026328715e-02
-2.9090035792e-02
-1.1336068802e-02
5.9488857214e-02
5.4187282065e-02
-7.4794924496e-02
-2.8536529760e-02
-5.3470631994e-02
-6.0809720251e-03
1.6795352270e-01
4.7703703496e-03
1.0192926308e-01
-7.1638059898e-03
-5.4880365889e-02
-6.1111850564e-02
6.9005810422e-02
1.9192224061e-01
3.4917744354e-02
-5.1953520729e-03
4.7876972986e-04
-4.0014440013e-03
-6.4466246477e-03
1.9324915167e-02
-5.2677248376e-02
1.0075284538e-01
6.5415398587e-02
-4.1157153475e-02
1.9933301402e-04
1.9661871496e-02
-4.6129391437e-02
4.3877363866e-03
5.5503150802e-02
2.0696666809e-02
3.2037081039e-02
-6.3484176383e-02
4.4930291727e-02
-6.1257761519e-02
9.1902764849e-03
3.7781856655e-02
-6.4037328017e-02
5.7645567537e-03
-4.2125829579e-02
-9.7578215050e-03
-8.0820189499e-03
-2.0852974101e-02
1.8881321607e-02
-2.2061969758e-02
-4.0650440174e-02
2.2247869631e-02
-3.1647164021e-02
-1.0482767316e-02
-1.8639116263e-02
-1.6673132821e-02
-4.8055777549e-02
-5.6050829126e-02
-1.6336578771e-02
6.9348801217e-02
8.1906405437e-03
-1.3973974439e-02
-1.1070355662e-02
-2.8497230712e-02
-3.8910351461e-02
-9.1905997920e-03
8.7974179564e-03
-4.0055613450e-02
1.1383350684e-01
-7.0903285959e-02
2.3605560919e-02
3.3611400270e-02
9.7223860793e-03
-7.3877372853e-02
8.0327250252e-03
-9.5110288806e-03
1.9051796051e-02
-2.3768537556e-02
2.7651240667e-02
-9.2412020400e-03
5.5348466416e-02
3.4139004700e-02
1.1364941121e-02
2.5918956678e-02
-1.8676092957e-02
-4.8382490513e-02
4.8072064913e-02
-3.9238938524e-02
-5.2522400392e-03
-1.6766269857e-02
1.2285274072e-01
4.6409401110e-03
-4.8984947061e-02
2.1364826579e-02
-2.1404733169e-02
4.0232960484e-02
3.5847099145e-02
-4.4954346290e-02
-2.1991631840e-02
2.6822157765e-02
9.8849262368e-02
8.2145111365e-02
-1.6280713246e-02
-3.3323869112e-02
-2.5508224711e-02
3.4486401802e-02
6.4747677248e-02
-7.0185798633e-02
-2.2590079222e-02
-4.6091888586e-02
6.9815203915e-02
-4.1262797126e-03
8.6252637551e-03
1.5390744713e-02
-1.0415563291e-02
-5.7910598724e-02
-3.5088748208e-02
2.3352045632e-02
-3.5808302124e-02
-3.4261999945e-03
-6.5437928565e-03
1.1875215495e-02
-1.4502843694e-02
1.9273317392e-02
-4.1444472853e-02
-4.9947230184e-03
2.7350251757e-02
-2.8830663461e-02
1.3089193923e-01
-1.6264459894e-02
-6.1028903587e-02
-5.9867867841e-02
2.0126505795e-02
-1.8674538591e-02
1.3512841515e-02
-4.3569464947e-03
6.2674441501e-02
-3.2845535888e-02
-2.5536582402e-02
4.2723081352e-02
-4.2402532499e-02
-1.9907029316e-03
-4.4943117778e-02
-2.5051944541e-02
-5.8081831629e-03
6.3174978259e-02
2.8644075078e-02
-5.1537480438e-02
9.0954590843e-03
-1.0543483800e-02
3.9371052827e-03
-1.9206310351e-02
1.0452423525e-01
1.0474304555e-01
3.6139018017e-02
6.5712575200e-02
-4.5701460969e-02
-4.4288639734e-02
-4.9689208244e-02
2.2475701137e-02
7.5875374377e-02
-5.4085552098e-02
-1.9982974204e-02
-4.1440832979e-02
-4.6008976412e-02
1.1572181901e-01
1.0962586906e-02
6.1575421597e-02
4.3767548981e-02
-2.5894039885e-02
-2.8643893777e-02
-2.0392376406e-03
4.5667670881e-02
-1.1795010079e-02
-3.2533335717e-02
-2.5098985829e-02
1.9973395221e-02
-7.4605186746e-03
-6.0717945466e-02
-6.2657839186e-02
9.7137683259e-02
-1.2017018468e-02
-4.7427138468e-02
5.6161919232e-02
-1.0390017272e-02
8.8390746165e-02
1.3872178194e-02
1.8629643287e-02
3.5999942202e-02
-4.5947405823e-02
6.1750808272e-02
-1.2150536213e-02
1.7363126947e-02
1.0720498931e-02
-5.1530976319e-02
7.9707442682e-03
-5.8663546363e-02
-4.0761173131e-02
-6.5853552550e-02
-3.4843261880e-02
3.5229841417e-02
1.7372676049e-02
-1.6364599639e-02
2.1737687594e-02
-2.6493373943e-02
7.3186784323e-02
-4.7530549581e-02
-4.1847291036e-02
-3.3958847350e-02
-7.9342953017e-02
-5.0622190517e-02
-8.1938289701e-03
2.9765674986e-02
-5.3540149389e-02
-2.8780247935e-02
-9.9349234892e-03
2.1064143008e-02
-1.2033269737e-02
9.7381572915e-02
-5.7676689820e-02
3.7738610776e-02
-5.3235975296e-03
2.7524312112e-02
6.3194995582e-02
-2.6241952789e-02
-2.8557173881e-02
7.8491582429e-02
5.3551803111e-02
4.2292662837e-02
6.2248404040e-02
3.2560694751e-03
-3.9645444010e-02
-4.1446336733e-02
-4.3221705022e-02
1.1444344647e-01
-4.0365738654e-02
8.8036843362e-03
1.3251173610e-02
-3.5199185268e-02
1.1659572637e-02
9.4228769651e-02
-1.7961005107e-02
9.5283958134e-02
-2.1824297621e-02
6.3586145720e-02
9.5764280425e-02
-7.7095281218e-02
-3.1932829300e-02
1.7165233062e-02
4.9258838814e-03
-2.0829220454e-02
-3.6877821618e-02
-1.8064183723e-02
3.9755999569e-02
-4.8967300668e-02
-1.3003333612e-02
1.2554122717e-02
-1.1778638172e-02
-2.8210778540e-02
-7.1726254607e-02
1.4943823696e-01
1.4234775802e-01
-3.0968208755e-02
-9.0171423664e-03
-2.8614274279e-02
2.5477103488e-02
3.6964946013e-03
9.7229468197e-03
5.9046013273e-02
8.0783750989e-02
4.9592948888e-03
-1.2723074810e-02
2.3485052582e-02
-1.1956208481e-02
-3.5458053331e-03
-2.5415223308e-02
2.8086359231e-02
9.6848084491e-03
-2.0601306438e-02
1.2839498913e-02
-3.6666323225e-02
9.6674902033e-02
7.0746483787e-02
3.7260718422e-02
5.0971822054e-02
2.1174510562e-02
4.7642827211e-02
-3.7441866602e-02
1.7367058968e-02
-4.6529362080e-02
7.2139967418e-02
-1.6390183550e-02
-2.0476332215e-02
-4.4301356739e-02
-2.0394086203e-03
6.5696790494e-02
-5.8088018123e-02
-4.8250583092e-02
1.0425692450e-01
6.5900248568e-02
-3.0740124738e-02
7.3067655810e-03
-1.8868408057e-03
9.8005134335e-03
-4.9580103108e-02
1.1438236670e-01
-1.7144321828e-02
7.4583246046e-02
-3.8020129290e-02
1.0657849279e-01
-1.8887380241e-02
-2.3499956361e-02
-1.2369306345e-02
9.0346235488e-02
-3.5877356726e-02
1.9731186516e-02
3.9872874631e-02
3.6886023956e-02
-6.2715283885e-02
-5.7404095875e-02
1.0108181016e-02
-6.1724514159e-02
-4.7342036506e-03
1.4210252776e-01
-3.4286880834e-02
6.2151223885e-02
-3.5075115918e-02
2.6316183304e-02
-1.4832114876e-02
5.6167249521e-02
-1.7890682738e-02
6.3415636398e-02
2.0282360795e-02
-6.3323203214e-02
-4.2767546991e-03
-2.6796215888e-02
2.1737775154e-02
-3.1977715884e-02
2.5707549185e-03
2.9962045686e-02
-6.7429046692e-02
-1.9218480481e-02
1.4874784392e-02
2.0164981720e-02
3.4717942885e-03
1.5599142072e-01
9.9694515836e-02
2.1568203722e-02
-7.2135869113e-02
4.8046826594e-03
-2.5687656771e-02
8.0031145630e-02
3.1897076549e-02
-2.6626877845e-02
-3.5739342066e-02
-1.6760569815e-02
3.3911303297e-02
5.0482535984e-03
2.8375279350e-02
1.8841102531e-02
1.0650037687e-02
3.6522655618e-03
4.9395526955e-03
1.5775580001e-02
-5.3748452526e-03
1.2901827208e-01
4.3893704292e-02
-1.2748821306e-02
-4.8523518072e-02
9.6832212637e-03
1.8019594647e-03
-1.3917380905e-02
3.9853236562e-02
7.1106269794e-02
-6.7052462207e-03
3.8095494781e-03
-6.8893504027e-02
4.6654051475e-03
-2.7710200431e-02
-2.6032597915e-02
9.9120060891e-02
-1.8516358258e-02
1.1689008480e-01
-3.3389171690e-02
7.8258925745e-02
-4.7163199838e-02
-4.2782226810e-02
-3.5194681516e-02
-1.4429537382e-02
2.4202076576e-03
-4.1733222044e-02
-5.0604293399e-02
-6.6508467895e-03
-2.9594467552e-02
4.9619508758e-02
2.7503874094e-02
1.5284791342e-03
1.0565810749e-02
-4.0408179280e-02
-3.5549592202e-02
-3.0778100443e-02
1.3690229289e-02
6.3070010158e-02
-1.8156491232e-02
5.5794790912e-02
-3.2617816992e-02
-1.9270118322e-02
-2.0604755837e-02
4.5100347056e-02
-9.3202991494e-03
-8.5141551652e-03
-1.8576762837e-02
-1.4760666442e-02
-7.5953952535e-03
7.9672273543e-02
2.3140811202e-02
6.5097969898e-02
9.0373180814e-02
-7.3958789672e-03
-3.1272146121e-02
-1.5059631951e-02
7.0593105902e-02
-6.6026075630e-02
-1.0630195064e-02
-1.7677364116e-02
1.9172646353e-02
-2.1121014738e-02
2.1790324743e-02
-7.5499666435e-03
2.5478074909e-03
-3.4920912134e-02
6.6446506062e-02
3.1351378495e-02
2.3399928917e-02
-1.6850764287e-02
-3.9244988916e-02
6.1484192877e-03
-4.8631959870e-02
3.1654060128e-02
-1.4251433801e-03
-3.5395430438e-02
1.5151520468e-01
-1.9231172327e-02
1.8640516025e-02
-6.0848794689e-02
6.4791902998e-02
-3.0594545918e-02
9.2362394130e-02
-4.6930843333e-02
-5.8743974729e-02
1.1416241729e-02
-3.8054376948e-02
-6.2094124551e-02
5.0312668193e-02
3.5490778833e-02
9.5797451892e-03
-4.3788490597e-02
-2.3841410481e-02
-7.9671707804e-02
1.5129550396e-02
-5.1642732024e-02
-4.2266303651e-03
-4.3257730735e-02
-4.2015962937e-02
1.8617296048e-02
5.8873843123e-03
-5.2946282477e-02
-1.1844434982e-03
-2.2855572187e-02
-8.9064644815e-03
-5.6009404547e-02
-1.6743418388e-04
-3.6804201321e-02
5.8293557130e-02
4.9128516878e-02
-1.8240928193e-02
-5.2515215333e-02
-4.6465951110e-02
4.8531599821e-02
2.8242199173e-02
-2.2952336916e-02
-5.1989456007e-02
8.5602015907e-03
1.0683640853e-01
-4.6199877859e-02
8.7464604653e-03
8.3699211896e-02
1.0855911237e-01
1.1363776485e-01
-6.0151018191e-02
-3.5701792161e-02
3.0716545380e-02
3.4516642545e-02
-2.4226763917e-02
-3.1051564835e-02
-4.7132060258e-02
5.4773608600e-02
-5.7638323097e-02
-4.8434516113e-03
-2.7688941875e-02
6.9450580219e-03
-4.0866090646e-02
-5.5199651906e-02
-1.3627952593e-02
5.2628985000e-02
5.5711175322e-02
1.5346418783e-02
1.2559679234e-01
-3.8358071439e-02
4.2105535656e-02
5.7608537162e-02
-2.5522660594e-02
1.5057299752e-02
-3.3308499921e-02
-2.9362023320e-02
-1.3369563171e-03
1.0397343104e-02
-3.8828008354e-02
7.8908910191e-02
-2.9774074390e-02
-4.0713713003e-02
6.4083828112e-02
5.5377633344e-02
-4.6095057151e-02
-4.4902463901e-02
-3.2612336505e-03
-1.1670528315e-02
-9.0114439110e-03
-5.0153104163e-02
2.1564807039e-01
2.6996535554e-02
3.9114037238e-02
7.6643363628e-02
9.8032345085e-02
7.6258815784e-02
-4.7494154206e-02
-1.2154594554e-02
2.1607485459e-02
-4.3465556056e-02
-1.6985167237e-02
-5.5808412758e-02
2.4567804267e-02
-4.3726391648e-02
-3.9437990957e-02
-1.1865178153e-02
-4.4093963907e-03
-3.4921734111e-02
9.3290359471e-02
5.6945268381e-02
3.3643321129e-02
1.4579634905e-03
-2.5493132172e-02
-1.1076183061e-03
1.1311733417e-01
-2.0874122921e-03
1.5522606344e-02
-9.5631257069e-03
-1.7906110785e-02
7.3099071717e-02
1.6651822512e-01
-2.4275671909e-02
-5.8461210143e-03
-3.7254054282e-02
-8.1363896433e-02
1.3639067200e-02
-2.8845453081e-03
-7.2065463355e-02
9.6114793923e-03
-4.9916117706e-02
4.1800259299e-03
-4.4061491700e-02
-2.9864614473e-02
1.0314675055e-02
-5.4064513095e-03
3.5128915955e-02
9.3057528877e-03
6.0352750167e-02
1.5744878892e-02
3.9940027665e-02
-2.8192860581e-02
5.3769444922e-02
-2.0522761391e-03
3.4580486530e-03
5.3951406436e-03
-3.5196347897e-02
-7.4408415430e-02
2.0466560950e-02
-2.7263077011e-03
-4.6718098448e-02
-8.8511080281e-03
-1.7597559556e-04
3.1992497952e-02
1.9247268865e-02
6.6567437892e-03
-5.5227903945e-02
-3.7918376184e-02
-2.8307663251e-02
-6.5006114274e-02
-4.5423993327e-02
-2.3121581435e-02
5.2626947479e-02
4.0194863911e-02
-2.1846263973e-02
-5.3548559306e-02
-3.9399515706e-02
-2.0662114224e-03
6.4890546242e-02
1.0236407244e-02
-1.5591709826e-02
-2.2645257714e-02
-3.7827525499e-02
-3.0192480424e-02
-4.6849986909e-02
-4.5777050274e-02
-7.8781565197e-02
-3.7137386922e-02
-4.8656418805e-02
8.5430832174e-03
-3.4779748031e-02
-1.9695774479e-02
1.0604234298e-01
-7.3985164851e-02
5.7249924010e-02
-2.9805678591e-02
-3.2288435517e-02
-3.9533665755e-02
-4.3864444161e-02
-6.0831014193e-02
-1.8571354214e-02
5.2394025722e-02
-4.3342191782e-02
-1.1444009054e-03
9.2844255674e-03
-1.1004117917e-02
-1.9787136855e-02
-2.4150730921e-02
5.7588586430e-03
-4.1825102165e-03
1.6926906928e-02
1.7205255150e-02
-3.5348656268e-02
6.2840151276e-03
1.8230699028e-02
-3.4020120322e-02
5.9410112641e-02
-4.9498656699e-02
8.3309198523e-03
3.9320946844e-02
-4.3740108191e-02
-3.9969799386e-02
3.5874570838e-02
-6.2428939453e-02
2.4526984985e-02
-1.6047955086e-02
3.7264115854e-02
-3.8096597082e-02
8.4290343110e-03
-5.1952976264e-02
1.0846939540e-01
-8.9114179108e-03
-2.7834753343e-03
2.8833883681e-03
-4.0199934098e-02
-4.7547177619e-02
-2.6391293541e-02
-7.5774208190e-03
1.2263713934e-03
1.0889874663e-01
5.1324097267e-03
5.6550692363e-02
5.9949241978e-02
1.4259800006e-02
1.4779377823e-02
-5.3438826983e-02
-1.8003754665e-02
-4.5153416265e-02
1.0042391554e-02
-1.6563691754e-02
-2.9439811541e-02
3.1675990007e-02
-3.6589880796e-02
-2.7060767071e-02
2.7883491161e-02
-2.6240187832e-02
1.5672348398e-02
-3.2601885195e-02
1.9987863401e-02
2.3793345217e-02
1.4334895573e-02
-3.1864314816e-02
-2.3564641277e-02
-7.0325021993e-02
-1.7093578661e-03
-9.5394926511e-03
3.7593978399e-03
-5.3967827772e-02
1.9350245930e-01
8.4230539132e-02
1.2833516535e-02
-6.4595400291e-02
1.3179692971e-01
4.2205751057e-02
-6.2916806399e-02
-1.8754380326e-03
1.0478945957e-01
-3.3453941007e-02
-4.6619555676e-02
-4.9029505056e-02
-2.4028438870e-02
-3.9545298734e-02
-1.0692964634e-03
6.1774094272e-02
4.7629922178e-02
6.3013141488e-02
-9.1942509202e-03
3.0963558053e-02
-3.6577580550e-02
7.2342134734e-02
-2.2605537277e-02
2.6431709830e-02
1.6344030622e-02
1.3229392519e-01
1.1072109386e-02
3.6631162142e-02
3.0957674373e-02
-2.0776348131e-02
7.8518400938e-03
1.2658620667e-02
-2.4908442502e-02
1.2568308704e-01
-5.9457090814e-02
-8.9937657536e-03
-5.9385686651e-02
1.7391282881e-02
-3.0592896950e-02
2.5839723948e-02
5.8996012341e-02
-5.2397951394e-02
4.4508281636e-03
-1.9706004112e-02
1.1742922493e-02
1.3895231813e-01
7.1795010437e-02
-7.7811485535e-04
-2.4547554709e-02
-6.3379137130e-02
1.7925347533e-02
2.5328661860e-02
1.6658577838e-01
-5.9839810229e-03
1.8980966345e-02
-3.4560193138e-03
-9.4694548775e-03
1.2031524101e-01
3.5196021861e-02
-2.2751137542e-02
7.2525490910e-03
1.3687652960e-01
-7.4757279829e-02
-6.2573929800e-02
5.2414114417e-02
-5.0086063066e-03
1.2339900437e-01
1.8290895560e-02
-6.0880479972e-02
-4.6825230620e-03
7.5563219732e-02
1.8185358379e-02
-1.3322973290e-02
-1.5088893121e-02
-3.9750848116e-02
-4.2517723207e-02
1.0923828420e-01
-3.9524987794e-02
-1.1365466225e-02
-4.8841034648e-02
-5.1183119954e-02
-1.2539613072e-02
-4.1552163118e-02
-7.3358811756e-02
-6.5554186897e-03
1.0002645335e-01
9.6148913750e-02
-3.7886219737e-02
-6.7680863109e-02
-2.7790573087e-02
6.4147808995e-03
-6.0104164283e-03
1.2158062968e-02
9.0713209971e-02
-2.2533506302e-02
1.1253619043e-02
1.7975972782e-02
1.1102250004e-01
4.3393919291e-02
-9.8136680832e-03
-1.0955782525e-02
9.5893164938e-02
3.6017660866e-02
-9.1259867347e-03
5.5408945308e-02
1.5211970418e-02
1.3546718571e-01
-5.7362738838e-03
-3.7812635512e-02
1.4218805024e-02
6.5155049570e-02
8.9049133597e-02
1.4708072968e-01
-2.9460095740e-02
-3.9623841874e-02
-1.5389308152e-03
6.3069690546e-03
3.3563492065e-02
2.0052088278e-01
2.4980567552e-02
-3.1705205353e-02
-4.2629755092e-02
5.5159462201e-02
-1.9783263788e-03
-3.8362960223e-02
-1.9493145954e-02
-5.0749108668e-03
-7.4976608827e-02
7.4655221390e-02
-7.5885824530e-03
-3.4108986974e-02
-4.0986612776e-02
-3.6444302080e-02
-2.2564707110e-02
-4.7457373878e-02
2.2328032555e-02
1.0924691395e-01
6.6287582520e-03
-1.7920254729e-02
4.4084596434e-02
-5.1770585690e-02
4.2297244778e-03
4.1917993275e-02
-3.5264253938e-02
5.4437165661e-02
-5.4949940559e-02
-1.8469920814e-02
-6.0882208925e-03
5.6174632059e-03
-2.2644266426e-02
1.0133074488e-01
8.4016932427e-02
-4.6655855665e-02
-4.4327714082e-02
1.4597569633e-01
2.1629576688e-02
2.6899383121e-02
-5.7310285004e-02
-2.8033059123e-03
3.1698176191e-03
-2.6123895159e-02
6.1529038881e-04
4.6182359984e-02
2.8224379172e-02
6.8981354508e-02
-5.4951825078e-02
4.5963591649e-03
-1.0170522151e-02
6.3419509095e-03
1.0842838471e-01
8.6639006909e-03
1.1793129144e-01
-2.3243662490e-02
-1.2351168110e-02
-1.5451092877e-02
9.9403609264e-02
7.9066078517e-02
1.8972133797e-03
7.5835850840e-03
-6.2721163865e-02
-2.4473576971e-02
1.1835344456e-02
6.6592879402e-03
2.8424338006e-02
-1.1217840525e-02
-5.0649689138e-02
4.5717859762e-02
-2.1068013342e-03
-6.7129423069e-02
1.4075609186e-02
3.0489374259e-02
2.8952200008e-02
-4.9104186966e-02
-2.8014198254e-02
-2.4865190767e-02
-1.3720153326e-02
-3.0714315796e-02
-5.3496775306e-02
9.5885281850e-02
-2.2089825003e-02
8.5785735798e-03
-4.8609862316e-02
6.8592632706e-03
4.2318763148e-02
6.3590231870e-02
-2.9305727712e-02
-3.9575500139e-02
-1.6540418296e-02
7.7320784602e-02
-5.3159737018e-02
6.6063835770e-02
3.3513928328e-02
4.1014826920e-02
-3.6757821785e-02
6.2629421028e-02
4.1340687969e-02
1.8960880474e-02
-6.6300026980e-03
-6.2819516288e-02
3.4495576433e-02
-2.5594834916e-02
6.5729503419e-02
-3.0354267230e-02
-6.7634110655e-02
-5.0427704599e-02
-4.8776813232e-04
2.7599635214e-02
1.9472280061e-02
7.5461178250e-02
-4.9285005635e-02
-4.6063607547e-02
3.6467057446e-02
3.4573758021e-03
6.0315163585e-02
3.8236212465e-02
-3.2745752973e-02
1.3852520435e-01
6.7733447190e-02
-4.8491828702e-02
4.3162856791e-02
2.9568391771e-03
-4.6627483333e-03
3.1918880459e-02
-1.9665666921e-02
-5.2127007276e-02
1.5172547991e-01
3.4331844401e-03
1.5241158161e-02
2.8410945018e-02
-5.5340356157e-02
-6.3178433031e-02
-5.1322077573e-02
1.3329393714e-02
5.1794478779e-02
-6.1065818151e-02
1.6853804221e-02
5.0819945402e-02
2.6577257321e-03
4.7662851721e-02
9.1361951236e-02
-2.8479197615e-02
-1.8708130423e-02
-5.6720076550e-02
-6.0959699477e-03
9.3340471699e-02
-2.3526688847e-02
2.4475853597e-02
2.0279267159e-02
-3.2970040400e-02
-1.3847919349e-02
6.6901889612e-02
1.2325900503e-02
-4.1896756949e-02
1.5854370120e-02
-2.4686924163e-03
4.7493645945e-03
-1.5764581541e-02
-6.7459602630e-02
-1.5922384806e-03
-1.8537418037e-02
4.3865083413e-02
8.4505446251e-03
9.3457547521e-03
-6.3706021619e-02
-1.4380582778e-02
-5.3106863725e-02
-2.3425523865e-02
-2.7804861849e-02
4.8378540420e-02
-2.9420849557e-02
-3.7368559152e-02
-2.8775968559e-02
-4.2627443268e-02
-3.9234861311e-02
8.7794073764e-02
1.2508966719e-02
-4.1980748982e-02
-7.4738432561e-03
1.1148373626e-01
4.2734322010e-02
-2.0159427441e-02
8.9310942859e-04
7.8734168218e-02
-3.8218394393e-02
1.9165500520e-02
1.2458425803e-01
-5.8613891987e-02
9.4764010776e-03
4.9272391639e-02
-1.4604806542e-02
-1.1499530291e-02
-1.6148528759e-02
3.3020341479e-02
-5.8523434481e-03
-4.6136636348e-02
-2.2695355499e-02
-5.0772858663e-02
-2.8705679689e-02
5.2965415224e-02
1.1101185999e-02
-5.3619232310e-02
-1.8278320225e-03
2.0275277465e-02
-4.8663021885e-02
7.0417310020e-02
9.1416208667e-02
8.5131510815e-02
1.1427419904e-02
7.4930479808e-03
-9.8594955109e-03
7.6612383124e-03
1.8434569991e-02
-2.1194079453e-02
3.1899793232e-02
-8.0542925985e-03
1.9063890887e-02
1.8546334025e-02
-1.1470335384e-02
4.7121441876e-02
-1.5837818095e-02
2.2219287001e-02
7.2402573714e-02
1.0788456421e-01
-6.8990924993e-02
5.4790885480e-03
-1.4560672746e-02
3.1094924175e-02
-2.0800923967e-02
-3.9999290329e-02
-1.9047424545e-02
-2.3954794672e-02
-2.2173341905e-02
5.6786136187e-02
3.3937135386e-02
7.1095219745e-02
-2.9785328650e-02
-5.4777579601e-02
1.7723657652e-02
-8.6713389039e-03
-5.2117617681e-02
-3.9625617425e-02
6.8987534351e-02
-2.6632413065e-02
-2.7684206751e-02
-3.3720447932e-02
2.1742926860e-02
-1.5821246438e-02
-4.6622370527e-02
-2.7186328685e-02
-5.8718041332e-02
-1.9743115889e-02
-4.6234723009e-02
-1.4017643720e-02
2.6835945969e-02
6.5446579935e-03
1.4047592757e-02
-1.9893361962e-02
-1.0410999434e-02
-1.5644624394e-03
-1.9306525546e-02
-6.5020099402e-03
-3.0047976155e-02
-1.0536168496e-02
-4.7665172949e-02
-5.8702056280e-03
9.4716682371e-03
-7.0830023347e-02
1.4581050761e-02
-9.1511543125e-03
2.3240581852e-04
-1.6510937935e-02
-9.3574378606e-03
-2.0483501522e-02
1.0484788762e-01
-2.3182962215e-02
-9.0869493672e-03
3.0886224677e-02
1.1707274107e-02
9.0173219755e-04
-3.9410548478e-02
-4.7692088644e-03
-6.4874428081e-02
4.7897531685e-02
1.1027729050e-01
6.3817158948e-03
-4.4003986703e-02
6.6210681062e-02
-6.6302410585e-03
4.2919017300e-02
1.2155287672e-01
7.3281713485e-02
-1.4451187084e-02
-3.1632564662e-02
7.1234377221e-02
4.2653442861e-02
3.5067288069e-02
-2.5748907866e-02
-8.7429011042e-03
-2.2447962730e-02
-4.3159586681e-02
-1.9430535172e-02
-5.5564781320e-03
5.1404292617e-02
-7.1830358915e-02
-4.1137438744e-02
-3.0012218652e-02
-6.6501362791e-02
2.7019855549e-02
1.1989763510e-01
-5.3738339116e-03
-2.2832154887e-02
-9.3972619598e-03
2.3474784641e-02
5.0907094559e-02
-3.5644301781e-02
-7.6440199477e-03
4.1077865418e-02
4.2789220298e-02
4.7407818293e-02
1.1841492372e-01
-4.6400359300e-03
1.9135425565e-02
3.2935512987e-02
3.6679570506e-02
-1.2878865570e-03
1.7760245032e-01
1.3841641699e-01
3.5613250866e-02
-1.4387640382e-02
-9.2880300877e-04
1.6843553896e-02
-4.5667682223e-02
7.8489788635e-02
5.6272906980e-02
-3.0827390338e-03
-3.4508132343e-03
1.2407513667e-01
2.4919339400e-02
1.5768600206e-02
-2.6441621768e-02
-4.0445643296e-02
3.1773234337e-02
-8.1865285863e-03
-2.7518044898e-02
3.3593516823e-02
2.5736032476e-02
-2.9554723156e-02
-5.1975298707e-02
-1.9997782424e-02
-3.8141277713e-02
-4.8446222033e-02
-1.2719998690e-02
4.3027417708e-02
-4.0217099568e-02
-5.5210044774e-03
1.0025387374e-02
8.6979949212e-02
-5.7323597904e-03
1.1818512608e-01
-1.6891835989e-03
8.4459962039e-03
-2.4909839874e-02
-4.4260298693e-02
1.7570110195e-02
-1.6919833252e-03
6.6714538041e-02
-7.7272357417e-03
-7.0531857107e-02
7.2522974237e-02
-1.0556678975e-02
3.7721524989e-02
-2.2626726275e-02
4.9556198455e-03
-2.7227470020e-02
-2.7108722633e-02
-9.0733600411e-03
-4.5732157575e-02
9.9260151482e-03
-1.0458408816e-02
3.7987719741e-02
8.2047875578e-03
-2.1695249099e-02
-3.8943222604e-02
7.8410991423e-02
-1.7173106550e-02
6.7285548776e-03
1.6871402632e-02
-4.1752047940e-02
-8.0546682297e-03
-2.3518617258e-03
-2.3122324815e-02
-2.7268633767e-02
-1.4002570747e-02
-6.0826913907e-02
-1.4401866525e-02
-2.2801367864e-02
8.6839072933e-02
1.5229163291e-02
4.7101247487e-02
-4.8103573710e-02
5.5782880195e-03
-7.2945582384e-02
-1.5139751217e-02
-2.9025993970e-03
-1.4310284385e-02
9.5114312372e-02
-5.8713648912e-03
2.1573778143e-02
1.4706960685e-02
-4.6290623542e-02
1.7660437884e-02
5.8103343875e-04
6.0638235304e-02
-4.3036893707e-02
2.5992308257e-02
-5.3929183547e-02
-5.7019228393e-03
-1.4024793239e-02
-6.1499900820e-02
-4.4921116864e-02
-9.7485090128e-04
-4.4584497055e-02
-1.9432384811e-02
-3.1391679913e-02
7.8160489999e-02
-2.7987229189e-02
3.5472530410e-02
-6.1652483958e-03
-1.6078537186e-02
-5.4917656312e-02
-6.6041757704e-02
4.4910314193e-02
5.2281359179e-04
-2.0459231938e-02
-2.1995089664e-02
1.2317676394e-01
-1.6330428247e-02
-3.3275971222e-02
-5.3571518782e-02
4.5931104135e-03
7.1015396762e-02
4.2713442126e-02
-2.4936203643e-02
-2.8745015087e-02
1.4753182051e-02
-2.4232673846e-02
1.1598680039e-02
9.9645173637e-02
1.5122476283e-01
9.0257393905e-02
2.1650671513e-02
-6.8345440545e-02
1.3098817532e-02
-3.4563600210e-02
-1.4755731912e-02
1.7302692736e-02
1.3206714061e-02
-6.0463453878e-02
3.4289804000e-02
-2.4489413632e-03
8.2803323358e-02
7.7519963306e-02
-3.2772718571e-02
5.7520211319e-02
-5.7436975817e-02
-1.5312498970e-02
3.3939224063e-02
-2.6311031842e-02
8.5472912443e-02
-6.6508613334e-03
-5.7613084745e-02
-1.3431682672e-02
-3.4628881369e-02
3.4463890502e-03
-2.7074410104e-02
-6.2940115846e-02
4.7508127344e-02
-4.9852762588e-02
2.7320519252e-03
1.1003546372e-02
-1.9490892003e-03
4.8301834672e-02
-1.5025958592e-03
1.6492123293e-03
1.7066734015e-01
1.0528197052e-03
-1.6640320962e-02
5.2182593559e-02
-1.3901483522e-02
1.7429412670e-02
-1.8198474790e-02
-4.5831552613e-02
-9.9382458014e-03
2.5926215063e-02
1.3265823343e-02
4.9602732909e-02
6.3591121981e-02
-4.9332741616e-02
1.9044215608e-01
-1.0695515076e-03
-6.5984255508e-02
-4.6930923243e-02
-2.7921579544e-02
6.5511073191e-04
-5.6853022491e-02
3.1989306819e-03
-4.6755294159e-02
4.7986980730e-03
-5.8738269116e-02
-5.7145945555e-02
-2.9127445769e-02
1.8603846610e-02
-5.2167307293e-02
1.8485239897e-01
1.8469177658e-02
2.2507849314e-02
1.9001309517e-02
-5.9963648704e-02
1.5320531379e-01
4.1391447860e-02
5.4688860431e-02
1.0423595854e-02
4.8944363824e-04
9.0556011349e-02
1.1288132540e-01
5.5111401899e-02
-3.4526393753e-02
-7.7912054221e-02
-3.3427611966e-02
2.8556744294e-03
6.3626545090e-03
6.6492761822e-02
-1.5372465751e-02
-1.2503529187e-02
-2.9605777936e-02
-5.8191211121e-02
-1.6545466051e-02
2.8099812400e-02
7.0825809640e-02
1.0725901082e-02
-4.7657543636e-02
3.6528269351e-02
-5.0564689416e-04
-5.4892707960e-02
-3.3537748158e-02
-1.3294902538e-02
-1.7483659664e-02
-4.9188708774e-02
-5.2207782499e-02
4.9237270113e-02
-2.4376848639e-02
-4.9839550816e-02
1.4929221855e-02
3.1609981026e-02
-2.3823241453e-02
-2.9036459637e-02
-1.0933353398e-02
5.6760461670e-02
-2.9345134054e-02
3.1079805557e-02
5.1815368529e-03
-7.8728707684e-05
2.2834095616e-02
6.3514211011e-02
6.3716297647e-02
1.2517524875e-01
4.3036797722e-02
5.8612756417e-02
7.2286158889e-02
9.2817961487e-02
7.8121464539e-03
6.8359862799e-02
-5.4244641613e-02
2.0864848040e-02
-4.0104352078e-02
4.8413959316e-03
-4.0538918718e-02
4.3556860941e-02
-3.6150901703e-02
-2.1669803665e-05
3.8154934762e-02
-7.6033128546e-04
-3.6270290010e-02
-1.9435392690e-04
-5.0510913416e-02
-1.6466605783e-04
-2.0684451709e-02
-3.7923549795e-02
4.6113041027e-03
5.8620911146e-02
5.8323903685e-02
-7.6648950978e-02
9.1650443678e-03
-5.0590350497e-02
7.0213807202e-03
-3.6577672013e-02
2.9223985180e-02
7.2304379052e-03
-2.7948890082e-03
-1.9402954475e-02
7.2576912196e-03
-4.1300867333e-02
-3.6157286501e-03
4.4520452686e-02
4.5920987960e-02
1.6748717767e-02
1.4013588883e-02
9.0833534304e-02
1.0172024810e-01
-3.3695895047e-02
2.5306491849e-02
-5.9330513021e-02
1.2600109749e-01
-6.1489630942e-03
-1.5879587033e-03
-2.1642564497e-02
-2.2402569480e-02
-3.1616082096e-02
7.0203775637e-03
-5.0321475898e-03
1.4101791742e-02
-7.3186322600e-04
1.2718428359e-03
8.3159744278e-02
1.0915456930e-02
2.5456543541e-02
1.6215343490e-02
-1.1855317350e-02
-6.6099377670e-02
6.0535285586e-02
2.2359570687e-01
7.3946623677e-02
-3.1821578692e-02
-4.8531651080e-02
-4.7593081876e-02
1.3705447431e-02
-4.1597880266e-02
1.3421875530e-03
7.3077519819e-02
-4.5581746287e-02
-6.8455760421e-03
-5.8275022831e-02
1.8587432988e-02
-5.8053182119e-02
-1.0788635211e-02
-3.7224648599e-02
5.3062915543e-02
1.4067870881e-02
-9.3386469276e-03
9.0329423447e-02
4.3174134611e-02
6.1014669915e-02
1.2448886166e-02
5.6140226915e-02
2.9076847919e-03
-1.3027173570e-02
-4.9824943069e-02
-5.4342654997e-02
-6.1934456670e-02
8.7381276134e-03
4.0872408297e-02
-2.6681789266e-02
7.5459815225e-03
8.6907345582e-04
3.8374002112e-02
8.0922984867e-03
-6.4599157360e-03
1.1030405068e-02
-3.7563788349e-02
-7.2166660663e-02
1.1593932833e-01
5.3817817161e-02
6.3929059326e-02
5.0829837550e-03
5.7867467468e-02
1.2647819248e-01
-4.5936096489e-02
7.3897844947e-02
4.2011533919e-02
3.4689949934e-02
5.3380851979e-02
-1.9034095336e-02
-2.3454760806e-02
-2.0676047935e-02
6.7586872675e-02
-4.4214755754e-02
-2.9668302625e-02
6.9660584013e-02
-5.6947311022e-02
6.2303320015e-02
-2.5311132134e-02
2.0086042972e-04
-4.0969556934e-02
1.4051046307e-03
6.8687124200e-03
-3.4961636841e-02
6.3381694214e-03
-4.5501538197e-02
4.8026010579e-02
3.8090490488e-02
-5.6480662192e-02
-2.9496851171e-02
3.1480690198e-02
-6.7095551571e-03
1.5379575210e-02
1.1275712411e-03
3.6327919718e-02
5.0767087746e-02
2.3192755055e-02
9.2262075784e-03
-3.0977050177e-02
-3.4058916417e-02
-1.4221351741e-02
-1.9032354900e-02
2.1190256759e-02
2.0492721351e-02
-2.1595002117e-02
-4.8584299688e-02
-3.0612230790e-02
-4.1606989535e-02
5.7625352342e-03
3.4896308341e-02
2.7460882384e-02
-2.8257849900e-02
-2.0438279511e-02
-2.8163445795e-02
-4.5047819310e-02
-4.1538879378e-03
-6.9156075100e-02
3.7175216389e-02
1.1415438408e-01
1.0784366895e-01
-4.9526872398e-02
-1.6950578940e-02
-1.2572109359e-02
-3.0929096050e-02
2.4974656358e-02
-4.8108289569e-02
2.4752128483e-02
1.8960260031e-01
2.9462935443e-02
2.9756123546e-02
-1.8926819019e-02
2.5642647418e-02
7.3479777751e-03
-3.4554096956e-02
-3.8980410826e-02
6.2065072926e-02
7.9225036929e-03
5.2453967368e-03
2.4852031846e-02
-2.8122194125e-02
5.1421178860e-03
-1.4993167232e-02
-1.5115736966e-02
6.9765722082e-02
-2.3055970874e-03
-3.3424119792e-02
-5.9939123867e-02
6.7363793122e-03
1.7811605530e-02
1.3857588875e-02
7.7666822883e-02
9.1249966539e-02
-6.5347127651e-02
-1.6325583966e-02
1.5410715598e-01
-1.9729669952e-02
1.0678203748e-02
-5.2664788564e-03
2.1809207489e-02
-5.1567051178e-02
-2.7353356428e-02
-3.2410173041e-03
1.5117904027e-02
-6.4747645530e-02
5.7164436861e-02
4.2509873042e-02
8.2853121778e-02
-4.6960207829e-02
2.9809050221e-02
5.2414114625e-02
-3.7645756923e-02
3.5680287483e-02
2.8800180873e-02
8.1810779049e-02
1.4840296870e-01
-2.7976030172e-02
-6.8385096588e-02
-2.5777142149e-02
3.9548322213e-03
-7.7046663403e-02
-4.6602228344e-02
-2.8728582216e-02
3.0223475706e-02
7.5421953102e-02
-8.6793951546e-04
1.5912356872e-02
4.5434002255e-02
-3.0343214632e-02
3.4532983261e-02
-5.9320370485e-02
-3.0384688763e-03
5.4103820931e-02
-2.8962378907e-02
1.2643980394e-01
-4.2634585587e-02
4.2444486425e-02
-1.4768332821e-02
6.2925478084e-03
-2.2246711347e-02
3.3524108345e-02
-1.8377380562e-02
-9.6514083099e-03
-3.7182379004e-02
-2.1502192596e-02
2.3153809216e-02
1.3641851800e-01
-2.2678615612e-02
-3.2610353148e-02
-1.7009559876e-02
-4.4695053411e-02
4.2441845609e-02
-7.2951876480e-02
4.1879298408e-03
-1.1167138624e-02
2.1217360430e-02
-1.0244492773e-02
-1.7370375168e-02
-1.9512489279e-02
2.1406660590e-02
-2.3786669203e-04
-4.0300032971e-02
-3.8551955722e-02
4.9507745553e-02
-1.2416503673e-02
6.5691397635e-03
-3.3743997512e-02
-6.0857365995e-02
-3.8922022330e-02
-1.0093207564e-02
-5.1207763893e-02
-3.4613036759e-02
4.4755450614e-02
-4.9748638893e-02
-1.9692583011e-02
-3.5040386048e-02
-1.8792361264e-02
-2.9756820641e-02
1.5829952958e-01
1.4824520609e-02
-3.6365384796e-02
-1.0236305972e-02
-2.5424358623e-02
-3.5849615560e-02
5.6316427748e-03
1.7528239571e-01
4.4842642236e-02
8.9788531210e-02
4.1916538081e-02
-1.2568591108e-03
-5.9399142557e-02
-1.0435677043e-02
-5.5831928618e-02
1.3829650987e-01
-4.5834257925e-02
1.9710678207e-02
-4.4936564462e-02
-1.1536724788e-02
1.8447201440e-02
6.0264746322e-02
3.8609112917e-02
-3.9417542834e-02
1.0439665623e-01
2.1836564711e-02
-3.4731535669e-02
-2.1699471774e-02
1.5535904106e-02
1.9043537809e-02
-8.7647736999e-03
2.0286925256e-02
2.3488736165e-02
-1.1641527048e-02
-6.5116016706e-02
5.9655463100e-02
8.5656914144e-03
2.3047699471e-02
7.0425569563e-02
4.2465307127e-02
-2.9727268755e-02
1.9754041544e-02
8.4060517832e-02
-9.9559820850e-03
4.9184752194e-03
-5.0601252951e-02
2.6866446105e-02
3.1253056648e-02
8.9936676350e-02
-5.6153861081e-02
9.8906254863e-03
5.6331054527e-04
2.9359887226e-02
-2.9961162121e-02
3.2390617369e-02
-4.5518014409e-02
-3.9753563688e-02
-1.6289069386e-02
-4.7212189641e-02
2.2575019397e-02
-3.8463191593e-02
2.5285349373e-02
-4.8116124379e-02
6.7081566038e-02
-3.0979162797e-02
1.2426125534e-01
1.9099078019e-02
9.6439714188e-03
-3.8530779682e-02
-4.8870173018e-02
5.3641738234e-02
2.0039659905e-02
2.2921104173e-02
-2.7960180973e-02
-3.0210907135e-02
-5.5363111281e-02
1.0180898784e-02
1.4802916096e-02
7.4235084210e-02
-2.9570214922e-02
-3.6579957792e-02
-4.7865809442e-02
6.0409196830e-02
-3.7270469067e-03
-5.7228352582e-02
2.8714362481e-02
1.5367787941e-02
1.3727888137e-02
8.0191270866e-02
-3.4896213555e-03
-3.8960294974e-02
-5.5323832761e-03
-5.4135081051e-02
-1.7406209349e-02
4.7317284979e-02
-1.2930685596e-02
3.1175158388e-02
2.3074621342e-02
2.5494755881e-02
2.4041145559e-02
3.2326272743e-02
-3.0357789845e-02
1.3257432305e-02
-4.1235028861e-02
-1.7771177959e-02
2.2204735074e-02
1.2243540400e-03
-8.4302379637e-03
1.4150399594e-02
1.7422670945e-02
3.4919829223e-02
4.3787498360e-02
-3.6325704698e-02
-5.7617516049e-02
1.7771192497e-03
-2.6583952467e-02
-3.8140922336e-02
7.5582415033e-03
1.1410073510e-01
-3.1564599607e-02
6.8955940452e-02
-2.3735873321e-02
-2.0969214292e-02
-3.6218457133e-02
2.1551042027e-03
-3.6519385052e-02
-4.1037524573e-02
4.2923195263e-03
-4.6193910817e-03
1.2341610007e-02
3.5416902492e-02
1.1717032102e-01
3.5140047710e-02
-4.3440741727e-02
-2.8864268854e-02
1.3408679279e-02
-4.4116943793e-02
1.4104968249e-02
2.9606411300e-02
-1.2642600667e-02
1.8780149886e-02
-4.6577409599e-02
-4.4318723806e-03
-2.0907227274e-02
3.7761786041e-02
-4.7820999740e-03
-5.1987806241e-02
1.8834331567e-02
-1.4220178796e-03
1.9035396301e-03
1.0865457626e-02
2.6925434326e-02
4.1418447526e-02
4.1707797298e-02
-5.3879863480e-02
1.8114573435e-02
9.6451337157e-02
-5.9523982997e-02
1.0512721071e-02
-1.6334891837e-02
-5.7245084181e-03
3.6594421153e-03
-1.4424566634e-02
-2.2937644514e-02
1.9673961039e-02
2.6955994047e-02
1.1704689855e-01
-7.4226115795e-03
-1.8860735265e-02
-5.7486288956e-02
-4.0839138262e-02
-8.8008438695e-03
-3.9372490746e-02
-5.1508997032e-02
-7.3745621145e-03
-4.8502295470e-02
-1.3013636617e-02
-4.9689134156e-02
-2.4776442059e-02
-3.2993464626e-02
4.4483687806e-02
-1.8568466460e-02
-5.5355970097e-03
-7.6083181833e-03
-3.3464184977e-02
1.8102064083e-03
6.1429375513e-02
-1.6821427205e-02
-4.8422649903e-02
-2.2253696433e-03
-1.4177388416e-02
5.2994533806e-02
3.4640352665e-02
-2.0683544926e-02
6.6591466161e-02
-6.8059620652e-02
-5.3476449562e-02
4.7066260621e-02
6.2656952468e-02
-6.2146677634e-02
-2.0222577615e-02
9.5589815797e-03
6.0897761394e-02
2.1147743179e-01
6.7872957842e-03
4.8499755233e-02
7.5731451284e-02
-1.7034899689e-02
2.2977715255e-02
7.3356237691e-02
-8.8812033442e-03
-5.8681645579e-02
-7.3881197305e-03
4.5098221637e-02
5.3881378396e-02
4.5566927529e-02
-3.4793025966e-02
1.7679157997e-02
-7.5019151151e-02
-3.1118703622e-02
6.6508454794e-02
2.7001742654e-02
8.5260837197e-02
3.7022649949e-02
3.4999229782e-02
-3.4073291369e-02
-1.8920683982e-02
-3.6311101389e-02
-3.5591734645e-02
4.0905274743e-02
-3.9472805547e-02
-5.7212280931e-02
-2.8620980503e-02
-2.2057426148e-02
-6.1593152434e-02
-6.8639989947e-02
-3.8256212069e-02
2.3832222919e-02
-5.6383980382e-02
-1.4985803843e-02
-3.5307980867e-02
4.9158922415e-03
-1.5939088282e-02
1.6928566208e-01
-1.8861664303e-02
-3.6408144655e-02
-1.7556542841e-02
-5.6190610422e-02
3.5531448266e-02
1.7084604764e-02
-1.4575743954e-02
-6.9759511689e-04
-4.3010857664e-02
-1.8870792433e-02
1.1431790599e-01
2.1756087412e-02
-4.1821239954e-02
-1.6862326525e-02
-4.0187856794e-02
-3.9815817892e-02
2.0372809199e-02
5.3952669954e-04
1.3065278222e-01
-1.8983939768e-02
-2.1653265536e-02
1.1677523787e-01
6.7046781382e-02
-1.5867225973e-02
5.6237218715e-03
1.6010254324e-03
-1.5540717940e-02
-1.1937886380e-02
2.8490565806e-03
7.4887569871e-02
6.5283130092e-02
2.6886624807e-02
2.5914496656e-02
-1.8117152437e-02
7.1811620854e-02
-3.6454660478e-02
4.7959593222e-02
2.7831456483e-02
-5.8826087199e-02
-8.6706762926e-03
6.6406057226e-03
-4.1895231310e-03
-4.8576253753e-02
-2.2833355807e-02
1.9157010418e-02
2.5410583765e-02
-3.4889639324e-02
1.2167801703e-01
3.0751239683e-02
-1.7198148387e-02
6.3534710672e-02
-1.2612128353e-02
-4.1133760286e-02
-2.4883235126e-02
-3.6751217492e-02
-4.0872573824e-02
-2.0486341851e-02
-2.3970716721e-02
-1.0581322013e-02
-6.8096852520e-03
-1.2726456154e-02
-6.1029980414e-02
-2.9384984121e-02
-3.6177837265e-02
4.4887610671e-03
2.8963868596e-02
-4.6631717352e-02
-3.5489988918e-02
5.3748258709e-03
4.8738605874e-02
7.0795945059e-02
-1.5473051264e-02
-1.8616991828e-02
-5.1165278613e-02
-2.5607333360e-02
-5.4912848041e-02
8.2872344215e-02
2.6279430089e-01
6.5672830534e-02
3.9932875426e-02
-1.0080909474e-02
1.1605996275e-01
-6.8753653186e-02
6.1102910114e-03
-4.8299572978e-02
-4.0368302379e-02
-1.0396364888e-03
1.9372889577e-02
1.6542588877e-02
8.2414981896e-02
-4.8431185429e-03
-1.0460928132e-02
7.4442433486e-02
-2.9072337587e-02
4.4404685293e-02
-4.1162166972e-02
1.0152489830e-01
-3.5962695906e-02
-2.3800842865e-02
-5.7711773494e-02
-5.1421778607e-02
-2.4138596741e-02
-7.2334547761e-02
-4.1227877477e-02
7.7454297889e-03
-3.4040816157e-02
-5.1369132923e-02
1.3551040686e-01
-5.3409986343e-02
1.4743062900e-01
8.7470189098e-02
-3.8753467847e-02
8.8957912880e-02
-5.1142044521e-02
2.9015780679e-02
-9.6731311649e-03
-6.0016436799e-02
1.2458872093e-01
-2.0485147753e-03
2.2378490454e-03
9.8545322814e-03
-8.2789650471e-03
-5.6559944149e-02
-2.0333191255e-02
-5.3262247719e-02
-1.3576394414e-02
2.0511044088e-02
7.4247059764e-03
1.3860547723e-02
-3.1632878695e-02
9.0087404759e-03
7.4308757157e-03
3.2631681328e-02
-3.0739751688e-02
-4.5501204785e-03
-2.4438560542e-02
-1.7336355099e-03
7.2540937187e-02
4.2847934533e-02
3.9786427706e-02
-4.2900470271e-02
-3.1224511289e-02
5.7443433324e-02
-4.2424515584e-02
-3.4173489991e-02
1.5778311095e-02
-3.0120247521e-02
-2.1995830893e-02
2.0231529580e-01
2.7949733561e-02
-3.7233038012e-02
-6.0785749296e-03
-4.9935696177e-02
1.2166563852e-02
-4.2584226539e-02
-3.5715883076e-03
-3.3807285250e-02
-3.2342077195e-02
6.9732533530e-02
-4.5206497362e-02
-1.3314505783e-02
9.5736756306e-03
-3.0577965722e-02
4.3633947630e-02
-3.2095764964e-02
-1.3267529948e-02
9.2093203749e-02
6.6694877090e-02
-3.2179397046e-02
2.0893721882e-02
-6.6402936710e-02
9.9246114152e-02
5.6795510439e-02
-1.0545394849e-02
-3.2388791044e-02
3.8702792385e-02
-1.1664931838e-02
7.3417478576e-02
1.5549212302e-02
-4.0708631651e-02
-2.2405436212e-02
-5.2855175872e-02
5.1695677612e-03
1.1362913288e-02
-6.5303759567e-02
2.2762379585e-02
5.4827381150e-02
1.8192625717e-01
3.0213389747e-01
2.0731723607e-02
4.1198502620e-02
1.0598980302e-02
-2.1259671800e-02
-5.2355724347e-03
-3.1437463140e-02
8.7816066243e-02
-4.6995259770e-03
7.7383437911e-03
-6.0972956945e-02
-5.0215280290e-02
-6.4413907769e-03
-2.3789932902e-02
-3.5951175044e-02
-1.1362807298e-03
3.3145326777e-02
-3.7305625526e-02
-5.8736517301e-02
-4.7238075113e-02
2.0325469908e-02
-1.1515900126e-02
-3.5620952487e-02
-1.0790866178e-02
-4.6475854271e-03
-7.5086615902e-02
-6.5797813332e-03
2.1611432265e-02
5.0663744886e-02
-4.2538257972e-02
3.1284597376e-02
-5.4966098495e-02
9.8599196238e-02
-6.0843558464e-02
1.0513631184e-01
-1.5716558476e-02
1.7198359589e-02
8.9238718999e-02
-6.2453327961e-03
5.9859960212e-02
-3.9659442756e-03
-6.7431204187e-03
1.7113444903e-01
2.4331740419e-02
8.3845307026e-03
2.5874186931e-03
5.4177068204e-03
3.1584466145e-02
-5.7239933694e-02
1.6967585483e-02
-2.5696428793e-03
-4.3921548032e-02
6.5240238256e-02
-4.7861640526e-02
1.8739413019e-01
-2.1651809165e-02
-1.2850227471e-02
5.3204901747e-02
-1.4993186817e-03
-4.6077515475e-03
-1.0141895860e-02
2.0915767417e-03
9.1322626239e-03
-4.3351916683e-02
-1.1460325571e-02
-2.0099920766e-02
-3.6450851012e-02
-3.2403765687e-02
-9.0951799780e-04
-7.1875684781e-02
-5.4099893797e-02
3.7690761749e-02
6.3124162222e-02
5.7846213628e-02
-6.5065434129e-02
-2.2937214654e-02
-2.9842174713e-02
-4.4247205153e-02
3.1475780012e-02
3.2458475948e-02
-4.6630101620e-02
-2.3475140588e-02
-1.5456273612e-02
-6.2092529113e-02
4.8397522222e-03
-4.4428801978e-02
-3.6661586656e-02
-8.2081965127e-02
-2.3028923810e-02
-6.4482438628e-04
6.4793987243e-02
7.2812854782e-04
-4.7959030402e-02
1.9596798505e-02
-9.1685388236e-03
1.2483060656e-02
-5.1859999257e-02
-2.4116238850e-02
2.6662975322e-02
5.9042834999e-02
8.3107386958e-02
4.5193046325e-02
5.7846979222e-04
-1.0105322203e-02
-3.2597159374e-02
1.8828313818e-02
5.9228196409e-02
1.0763899705e-01
-5.1937933448e-02
-4.6330687775e-02
3.9151889040e-02
9.0590263716e-03
-5.9787198998e-03
3.0821004595e-03
-5.6543639417e-02
4.4242505116e-02
-1.0442286245e-02
-2.1345721995e-02
-5.9715022867e-02
-2.4846000189e-02
-2.7389684029e-02
-3.3296732447e-02
-4.1376069054e-02
1.4824745795e-02
9.0259414299e-03
-4.4768228448e-02
-7.3753990922e-04
-5.5918196943e-03
-1.3215986747e-02
-1.1750716620e-02
1.5150151903e-03
3.6458488869e-02
-4.2247789846e-02
6.2815579923e-02
-5.5833736409e-02
2.1354698367e-02
-4.7500472339e-02
9.9425932404e-02
-5.5233366683e-02
-2.8355944000e-02
3.8032103571e-02
5.1197724218e-02
8.4552080616e-02
3.7667866886e-02
1.3111947623e-01
-1.6167504670e-02
-2.8333045373e-02
4.0290560241e-02
1.3236316476e-02
-5.1051390324e-02
-1.2015767340e-02
2.1038995601e-03
2.1686656106e-02
4.4551449301e-02
-4.2492542084e-02
7.4380853245e-02
2.0238557868e-02
4.4175612421e-02
-5.0496698318e-02
-2.4157647595e-02
-1.7991404273e-02
5.9729175629e-02
6.9299295161e-02
6.4006760014e-02
-3.8472061796e-03
1.3503229096e-01
-2.1421301604e-02
6.0734109183e-02
6.0902692910e-02
2.0310970913e-02
-1.6144609816e-02
-1.1105433804e-02
2.5797980293e-02
-5.1788067407e-02
1.4083982162e-01
-3.0372804551e-02
8.9268406418e-02
-2.0544486544e-02
-3.7589453246e-02
-2.3561366713e-02
-4.7878913984e-02
-6.1757542895e-02
-1.8228283740e-02
-3.0338331462e-03
-6.6867840644e-02
7.7799808120e-02
-5.7244778029e-02
9.4748475011e-02
-1.6737884979e-02
-2.4805863517e-02
7.0934867908e-02
-5.9526557557e-02
-4.0390077377e-02
-3.9748877166e-02
2.7640004783e-02
-3.2561057328e-02
-2.9948913606e-02
-5.0135272384e-02
-8.3550454044e-04
-7.0039290647e-02
5.2711725117e-02
-3.6823184299e-02
-1.6288935003e-02
-3.5966661769e-02
-3.5856814595e-02
4.1641192276e-01
-2.6152308256e-02
2.1600356024e-02
-4.1632146530e-02
-2.9950806641e-02
4.6432426171e-03
-4.7962443353e-02
-4.6187260722e-02
9.4842626395e-02
4.7092753567e-02
-4.7080069559e-03
5.8757269726e-03
3.2367935317e-02
3.0735893228e-03
-2.9679554252e-02
-4.1596519108e-02
5.0386591648e-02
-3.3544572433e-02
5.9707668412e-02
-2.0940973517e-02
-1.1616512929e-02
1.1692944926e-01
-5.1199754019e-02
-4.1491934311e-02
-4.8869078964e-02
2.0151163634e-01
-5.5808076438e-03
1.4365680454e-02
-3.8745488269e-02
-7.3963245764e-02
5.1164876196e-02
-6.8640615141e-02
3.3234889351e-02
-3.8850878544e-02
-3.8180541559e-02
4.1102752503e-02
-4.8368450863e-03
-6.0738750968e-02
9.4695233570e-03
1.2274475458e-01
-1.2991177845e-02
5.4399978617e-03
-8.5370931926e-03
1.1951123334e-01
1.3156494872e-01
-1.7702109238e-02
-9.7899857879e-03
1.1697352288e-02
-1.5515537449e-02
-1.8043718867e-02
-4.5957268746e-02
-2.5228336004e-02
-4.1666825972e-02
-7.9197133425e-03
1.5365370981e-03
-4.2653085356e-02
-2.9003647617e-03
-1.0658357874e-03
2.7301651190e-02
-4.5652259935e-02
-5.9321533385e-03
9.9049698906e-02
-1.9116499879e-02
4.4642975174e-02
4.6768722216e-03
-1.6994587337e-02
1.2916868785e-02
7.8482932474e-02
-4.5769243519e-02
-2.9083610205e-02
-6.9282987464e-02
2.0738689711e-02
6.2701887323e-02
6.2362536573e-02
1.1565086018e-01
9.0607149842e-03
-5.8539991585e-02
1.4394038352e-01
2.2080151248e-03
-3.9911602831e-02
-1.8769916994e-02
-3.6184277654e-02
2.3781240240e-02
-7.8404428413e-02
1.7170046314e-02
5.2063377461e-02
1.4957273761e-02
-3.5744516346e-03
5.5219036232e-03
1.4225627817e-02
-1.1085734982e-02
-8.7073054206e-03
-2.9810088241e-03
-5.2968797238e-02
3.9379619175e-03
1.5679861216e-01
-3.2285357443e-02
7.8598017076e-02
-2.0601082149e-02
4.8718460195e-02
8.8640775493e-03
5.6559331374e-02
-4.9845056826e-02
-4.7692804204e-02
-2.0986907865e-02
-1.5362295374e-03
-9.9079365136e-03
-3.0317816500e-02
7.3335250993e-02
4.0502862457e-02
-1.4676412841e-02
-2.1523036222e-02
-1.8706198881e-02
-3.0756035953e-03
1.4255420595e-01
1.3052832561e-02
-4.3297305770e-02
6.9106713116e-02
-3.8225444113e-03
-3.0554287429e-02
1.7716386321e-02
-2.4150729396e-02
-4.5043640699e-02
-4.0239445185e-02
4.7429573046e-03
-6.0509259420e-04
1.9474729071e-01
5.5565405276e-03
-3.3010644329e-02
-5.7039558638e-02
-3.4431565533e-03
-2.1168337072e-02
4.4537457490e-02
2.0831962057e-02
-3.9807693228e-02
-7.2957988774e-03
4.2451457403e-02
-4.7844551657e-03
-4.8759816514e-02
-1.4109797529e-02
4.4090054310e-02
1.5107132603e-01
-3.7286423910e-02
7.9511052799e-02
-1.2294900983e-02
2.5902703967e-01
3.1692761234e-02
-3.5885366557e-02
-4.3632038146e-02
-2.3478470480e-02
-2.6975159605e-02
-7.0961018320e-02
3.7029855742e-02
3.3470946983e-02
1.3936667867e-01
-5.6262299737e-02
6.7416301627e-02
-5.6162356076e-02
-5.8071944005e-02
-4.8924070531e-02
-2.8448792280e-02
1.5661807085e-01
1.1177318786e-02
5.6146347854e-02
-2.8525440645e-02
1.4232522996e-02
-2.4603957649e-02
-8.7368507864e-03
6.8354921140e-02
-6.4512073124e-02
7.6618157706e-02
1.0115645301e-01
-1.9990289048e-02
8.9422500276e-02
-1.4863476792e-02
-2.2133618350e-02
-3.6489267937e-03
1.1095823434e-02
-3.8549041310e-02
3.5286189930e-02
-2.5756269911e-02
-1.5569596748e-02
-2.6671578370e-02
-1.6790139727e-02
-1.7358882884e-02
-3.6248698414e-02
2.5867083079e-02
-4.0245883865e-02
2.9610571443e-02
8.6029775039e-03
9.4761930656e-03
-4.2932965595e-02
-2.3362247425e-02
2.9024831671e-02
-1.9762438903e-02
-2.3686329888e-02
-2.2964050918e-02
6.3297260115e-02
-5.9671518317e-04
-6.5960207384e-02
2.8490593417e-02
-7.1709311970e-02
1.0332628811e-01
9.4473841459e-03
-2.4631653449e-02
-5.3642701907e-02
7.5686378434e-02
3.0529390737e-03
-3.7026540025e-02
-1.0652796301e-02
-2.5582430867e-02
3.5596174205e-02
-6.3081652370e-02
-2.5120164986e-02
-4.5938331410e-02
-2.4559267276e-02
-5.2183745726e-02
-1.8178477948e-02
-5.7106359849e-02
-3.5772140526e-02
2.0551310053e-01
-1.8602746960e-04
-3.3956436184e-03
-3.6447333242e-02
-6.7771593475e-02
4.9818973751e-02
-3.5079069941e-02
-5.2875067042e-02
-1.9270719504e-02
-2.8378879285e-02
-2.2873736855e-02
-4.8295777517e-02
5.9049494081e-02
2.2437635179e-02
-1.6949425872e-02
-2.7207598648e-02
-7.4476145962e-02
1.1672230680e-01
-5.0958153417e-02
-6.5767758477e-03
3.8136389091e-02
-3.2897184790e-02
5.5059725498e-02
-4.7807195276e-02
-4.5973837437e-02
-5.5484961972e-02
-8.5918441639e-03
-4.7914247409e-02
2.5136335456e-02
4.8486024232e-02
1.4904457363e-02
4.4988350798e-02
-5.3121000666e-02
-7.3858797444e-02
5.6648451153e-02
2.4585991320e-02
-2.9720655364e-02
-6.9332381983e-02
-2.1260752752e-05
1.3442855855e-01
-3.7374995418e-02
-9.6489420814e-03
9.2657240679e-02
-5.6135509504e-02
-3.8531776017e-02
-1.8433884381e-02
-5.3937544415e-02
-3.1008894956e-02
-6.1152548045e-03
-5.6684367929e-02
-4.6008080896e-02
-6.6816360419e-02
-6.2583253766e-02
-2.7410078117e-02
-1.7774147139e-03
-3.6335107381e-02
2.2653816919e-03
-3.5991322983e-02
2.4592354313e-02
-5.2797615137e-02
6.4893654010e-02
4.2539988075e-02
-2.2488225313e-02
-3.1672979045e-02
-2.1617061089e-02
-6.1313276236e-02
1.2700815219e-03
4.0643856187e-02
-1.0764008998e-02
-7.6742122302e-02
-4.6120820341e-02
-3.2194432620e-02
-1.4076007186e-02
1.8290814647e-01
3.3951980912e-02
-2.8953048110e-02
1.3864040003e-03
-4.7262794662e-02
-1.0065197346e-02
1.8140104752e-02
1.0514054463e-02
-9.5250120494e-03
-2.3272241749e-02
4.2854982804e-02
-3.0216900395e-03
3.9564210778e-02
-4.2017416907e-02
-6.3922361427e-02
-7.0446177317e-02
6.5388698837e-03
-1.7392383401e-02
-1.1052429256e-02
-4.0607203746e-02
2.8300973576e-01
1.0606187034e-01
5.7979176895e-02
-1.6029165533e-04
-3.0898571841e-02
-1.9968341205e-02
7.1239466441e-02
4.5969902834e-02
-3.2276650747e-02
-2.1995102835e-02
4.3550898169e-02
2.7630545834e-02
-1.9737414940e-02
-7.3520925198e-02
-2.7411871562e-02
-5.4488167181e-02
-1.8985360083e-02
-2.5582740977e-02
-2.7062916475e-02
3.0057082681e-02
-1.1781590759e-02
1.3100138302e-01
-3.7566744304e-02
1.7845619363e-02
9.8643735863e-02
9.9657240983e-02
5.0924100663e-02
4.7424098018e-02
6.8201490070e-02
-5.7905688548e-02
-2.4764205887e-02
-5.2263646556e-02
7.2484450857e-04
-2.1817464026e-02
-1.8205417716e-02
7.9268958646e-03
5.8742525784e-03
-3.0929732769e-02
-2.1165607566e-03
1.9181832096e-03
-4.2752999837e-02
2.8042202113e-02
3.0774274769e-02
-8.8620703293e-02
1.5372573425e-01
-3.0294707887e-02
3.4063387344e-02
2.3647621073e-02
-4.7795273853e-02
2.9863855365e-02
-1.8698896749e-02
-1.9783524122e-02
2.6282659156e-02
4.5804906480e-02
6.3066155818e-03
-1.6952706562e-02
5.3525686918e-02
-3.4297390799e-02
3.5026435060e-02
-6.5856461283e-02
1.1798412103e-01
-2.9946609905e-02
1.0738994448e-01
1.8364301036e-02
-7.6586115257e-03
2.3547577474e-02
-1.6857675151e-02
2.9488712816e-02
3.3067870395e-02
-2.2739223855e-02
-3.2856739185e-02
-5.3922971886e-02
1.1562091509e-01
1.0417372131e-02
-6.7621977755e-03
-2.2214239442e-02
1.5614978311e-02
2.3653915990e-02
-1.8387102060e-02
-2.1061197349e-02
-3.1201051827e-02
8.0143855676e-02
-7.7524984891e-02
1.7154357483e-02
-2.2593215012e-02
-6.9017879128e-02
-3.2296187007e-02
-1.1973602360e-02
1.2789873738e-01
-1.4280925422e-02
-1.0519159833e-02
8.1722407231e-02
5.3228912906e-02
-3.3226671680e-02
1.1638585988e-01
6.1360141113e-03
1.3259203452e-01
5.1124715092e-02
3.1608461420e-02
-3.4918948909e-02
3.1840597657e-02
2.0315948427e-02
-6.2264744935e-02
-5.9166944582e-02
-3.0550352195e-02
-4.6845723288e-02
-1.8052095597e-02
-4.7703116278e-03
-5.7870861929e-02
8.2182887052e-02
-2.7181690210e-03
-7.8994365691e-03
3.3251442985e-02
-7.1316713610e-03
7.2430263565e-02
-3.6165477362e-02
1.3209729333e-01
1.7805426524e-02
2.0586888298e-02
8.0986199776e-02
-2.1442595512e-02
1.7503900663e-02
2.5896007165e-02
3.7413208394e-02
-5.0321031055e-03
-7.9011470748e-02
4.7826346595e-02
4.1113551067e-02
1.2882412203e-02
9.2004095895e-02
2.2171758800e-02
-1.8918229642e-02
-4.1381957259e-02
4.7534640221e-02
-1.9834620790e-02
-7.4071496014e-03
5.0705689290e-02
-3.5843776029e-02
-5.2182272782e-02
-2.4685224522e-02
2.1827551863e-02
-1.6371110452e-02
2.0406586067e-02
2.3850413012e-02
-1.9514314252e-02
-3.3075979614e-03
-4.6223947201e-02
-1.2492760800e-02
-3.9575178792e-02
3.2527248795e-02
3.8400355095e-02
3.0642482366e-02
1.6967194630e-01
8.1809807831e-02
-4.7555708222e-02
5.2060260878e-02
-1.4008643071e-03
-6.2957541982e-02
4.0804936785e-02
-4.9681361858e-02
-1.2838358565e-02
2.6668444534e-02
-2.9163266212e-02
-2.4987429746e-02
1.6698788289e-01
5.0035760494e-02
-1.0328239117e-02
-1.6887695118e-02
-4.5286357548e-02
6.7295033217e-02
-2.2154289534e-02
-1.5003451155e-02
-6.2033050971e-02
1.0211517805e-01
2.5249548248e-02
5.0067608295e-03
2.3673129434e-02
-3.3344874151e-02
-9.8147381497e-04
-1.1430713921e-02
4.5756942790e-02
5.4563060676e-02
4.5423278354e-02
-8.7421194808e-02
2.4748201853e-02
-3.2487311206e-02
1.2985328974e-01
-1.6963430759e-02
-2.6686302685e-02
-1.3464996015e-02
-1.4270847686e-02
-1.3512687557e-02
4.5294634843e-02
6.4981754587e-02
6.2131969529e-02
-8.3998506768e-03
-2.3948591950e-03
-5.0499970934e-02
-2.0429811358e-02
-1.3119953044e-02
7.5958593976e-02
4.4221737299e-02
2.2933087371e-02
-3.4342138233e-02
-5.6768120945e-03
-8.6311577825e-03
-3.1576718194e-02
-6.4559852808e-02
-1.8053343674e-02
5.4431886964e-03
2.4568305179e-02
1.3980984356e-02
-7.6697003927e-02
-1.4315845543e-02
-4.6086405249e-02
-4.8071967257e-02
4.3057104699e-02
4.4400057478e-02
-4.4133997748e-03
-4.1161885106e-02
-3.7593988983e-02
-6.4827884196e-02
2.0310310212e-02
8.2165215345e-03
-5.6179887765e-02
1.5402746342e-01
2.2853994314e-02
1.5295042717e-02
-3.4859632050e-02
-2.2406507206e-02
-9.0246226546e-04
-5.1851984450e-02
-1.3152642265e-02
8.5417635864e-02
-5.4613655672e-02
-2.3500571302e-02
-1.3333257988e-02
2.3097588890e-02
8.3663876528e-03
2.8500998833e-02
-6.3155154632e-02
-1.2894877163e-02
3.9092339333e-02
3.9440101529e-02
-4.4964693473e-02
-4.0973714115e-02
-3.2594696568e-02
-2.5413393529e-02
-1.4337734506e-03
2.6855009433e-02
1.6074773851e-02
6.9914971985e-02
1.0218379416e-01
-5.4236818176e-03
-8.3545063278e-02
9.0622752292e-02
2.0673675204e-02
1.7040750711e-01
-3.2607664727e-02
-1.7126405804e-02
1.2133133353e-01
-1.4342425639e-02
3.2182314965e-03
-5.8531274027e-02
-4.2962094330e-02
-8.0449829678e-03
-1.4405077666e-02
6.8209491023e-02
6.4798624741e-02
-5.8374510476e-02
-5.3039599011e-02
1.2472003412e-01
-7.6966471477e-03
-2.0101740410e-04
4.1286602324e-03
-6.7030176199e-04
2.2930891190e-02
8.3645073091e-02
2.4274582859e-01
8.1367537506e-03
-2.2605262494e-02
5.3139381497e-02
1.5860711210e-02
-5.8054419554e-03
-5.4961099301e-02
-4.2126736184e-02
8.5343991106e-02
8.6120476963e-02
1.9277167051e-03
-5.3918669380e-02
7.1434511470e-02
3.8258692479e-02
-1.0533209914e-02
-1.1238284041e-02
-5.4119360076e-02
1.0353153544e-01
1.0457983652e-02
-5.6422455016e-02
-4.6042428803e-02
1.5062915951e-02
1.4399174634e-02
-6.0071051917e-02
-1.3814114039e-02
-3.9451434567e-03
-2.8741649332e-02
-7.5385808085e-02
-3.4565789545e-03
-4.4162687804e-02
-3.7729759612e-02
-5.1690451942e-03
-3.8688230676e-02
1.1058345854e-02
-3.1730338530e-02
4.1252585098e-02
2.8714642596e-02
7.1511442096e-02
-4.6144223656e-02
1.0827144891e-01
1.5202883123e-02
-5.2351551920e-02
-6.3436638851e-03
-1.6659748964e-02
-1.7805011242e-02
5.9043996281e-02
-4.4331515244e-02
1.0564907047e-01
2.3837191304e-02
-6.9112071353e-02
8.3252215050e-02
-6.3719363061e-03
-6.0911930147e-02
-3.7217748359e-02
4.3435003790e-02
-6.9891184621e-02
-7.2579660645e-03
3.8429042330e-02
-1.7165678402e-02
-5.0493050720e-02
2.4293499315e-02
2.9571071176e-02
1.4124298737e-02
1.5949033708e-02
-6.0235294213e-02
1.6282028113e-01
4.5398995778e-02
-3.8910472295e-02
-2.7937699536e-02
-5.3211535726e-02
-2.4062429379e-02
-2.2865862598e-02
5.4189864650e-03
-2.9467369775e-02
1.1531822775e-01
5.7248506061e-02
-4.1192569337e-02
1.2278916897e-02
1.0597735233e-02
1.7605458877e-03
4.1068697737e-02
-2.6933951372e-02
-2.5604070558e-02
6.8644280284e-02
-3.8233720711e-02
7.1338376300e-04
-2.4676746412e-03
-8.5338441760e-04
-5.4141718759e-02
2.9985086031e-02
-8.2336063566e-02
-7.3575167804e-02
1.7499970470e-04
6.1473697354e-03
3.7085293857e-02
-8.5660886954e-04
-2.5334123365e-02
1.2977625746e-01
-2.4195706651e-03
-3.4059554428e-02
1.3577309845e-02
-2.2604254369e-02
-1.6142493730e-02
2.4338901870e-02
4.9035952323e-02
-6.3295211762e-02
2.4825862778e-02
-2.6851579476e-02
-1.3415969501e-02
-7.7561217200e-03
4.0003236127e-02
-1.2580981730e-02
-2.5304319180e-02
-6.0056720725e-02
7.3451968565e-02
2.7560344993e-02
1.3202245965e-02
-5.5587887696e-03
1.0477946430e-01
5.3843231954e-02
8.0066400770e-02
9.3100121166e-02
1.8723528802e-02
-2.4526800746e-02
1.0784546562e-01
-2.2027286380e-02
2.4631453783e-02
-5.1979690397e-02
4.3308747768e-03
2.4330235074e-02
-9.4879747526e-03
-1.8606891611e-02
-5.7059853969e-02
5.2148457895e-03
-8.0528778358e-03
1.4263819342e-02
2.2760920767e-02
1.3707932072e-04
4.2118229816e-02
3.4063473949e-03
-2.9338695344e-02
1.9404909085e-01
-4.4804304265e-03
-6.3986298702e-02
4.5876593448e-03
2.3460232611e-02
6.2833704530e-02
-5.7562631936e-03
-6.2709253493e-02
2.5992109595e-02
6.2850058814e-02
-2.4056371243e-02
1.2592326128e-02
2.9817494194e-02
3.0924877752e-02
1.0489781872e-02
5.4223241538e-02
-4.6610537488e-02
4.9097618850e-02
6.6427416596e-02
3.1347830575e-02
-1.1639616814e-02
-9.4891408635e-03
1.5389162096e-01
-2.6290075425e-02
1.7938166203e-02
-2.4967825548e-02
1.4531882659e-01
-4.5214110885e-02
5.9727377542e-02
-5.0788124567e-02
1.0214429571e-01
6.0538596098e-02
-1.3068399438e-02
1.9420492148e-02
-4.6755486151e-03
4.3940162444e-02
-4.9128310301e-02
-3.7869712347e-02
-3.4643243306e-02
-5.5092960662e-02
4.6809195882e-03
-3.2927258173e-02
7.2373283683e-02
-4.3103527376e-02
-6.8812638883e-02
2.1031644627e-02
-1.6424920003e-03
-3.8124113426e-02
-3.1478525657e-02
-3.2487877832e-02
-2.7921448253e-02
1.7711084680e-02
2.1045884146e-02
-5.6589707565e-02
-8.5270225604e-04
-4.8448879293e-02
2.2516767096e-03
6.3535338284e-02
-2.2732508273e-02
-4.3697196913e-02
5.9956181079e-02
9.4077440693e-03
9.9354364748e-03
-2.4893230959e-02
-7.4507552763e-02
8.3894674030e-03
-6.0671592028e-02
2.8528522989e-02
1.0507011918e-02
1.2709636680e-01
-3.3085872208e-02
-1.1232093734e-02
-6.5043966769e-02
4.1754726380e-02
1.4642423213e-02
2.6777316651e-02
-4.9648510881e-02
-3.3282283642e-03
-3.5197653538e-02
-1.4762552298e-03
-5.6501815590e-02
-3.3746849393e-02
1.1750090336e-01
-3.3630858133e-02
-2.9451060856e-02
-3.1624986120e-03
-8.0483419310e-02
-1.4223385348e-02
1.1605086112e-01
-3.8173498948e-03
7.8713858353e-02
-1.8584891948e-02
-5.6968751846e-03
-4.9326139049e-02
-6.9296638099e-02
-4.9988273031e-02
1.4817969209e-02
1.7739470789e-01
2.1480267586e-02
1.5060987429e-02
1.0475535525e-03
-2.2567535670e-02
9.8485034353e-03
-4.1105724365e-02
-1.5474127037e-02
4.8257752689e-02
1.9263969803e-02
-1.0835081152e-02
-1.5259935425e-02
4.3439034472e-02
-5.3631443024e-02
4.4898817315e-02
7.2343354218e-04
-5.9035634798e-02
-5.8108704132e-02
-2.0246290440e-03
-6.6578889008e-02
-2.1502166052e-02
9.4164413747e-03
-3.0799054801e-02
9.7613962644e-02
3.5291733083e-02
-3.8009172811e-02
8.6962937198e-03
1.6359185777e-02
-4.1537158856e-02
-3.9986637183e-02
-8.1042726384e-03
1.7871782714e-02
3.2399845241e-02
-4.9752970265e-02
-8.3646298057e-03
1.5785931329e-01
2.3806390014e-02
-7.8664021427e-02
5.9615485221e-02
2.2978248474e-02
-3.3628083846e-02
2.8859716624e-02
1.2606667005e-03
3.9823508353e-02
1.2010664234e-01
-3.6997796380e-02
-4.1841545798e-02
-6.0569899889e-02
-5.9730160344e-02
1.5131829845e-03
5.0852047854e-02
7.8038386713e-03
-2.1304708461e-02
-3.2503252328e-02
-5.1567924621e-02
7.5685199409e-02
-4.4948097976e-03
1.6642211881e-02
-5.9094796627e-02
3.0782925685e-03
5.0019629422e-02
-2.0849601228e-02
1.0566995847e-02
-6.3886286426e-02
-2.5481630094e-02
8.9769719565e-03
-1.9847043752e-02
3.7216195019e-02
-1.3725029885e-02
2.5525949402e-02
4.4776132845e-02
-4.9748659942e-02
-6.2308356548e-02
1.8515465380e-03
3.5426859264e-02
1.7914657618e-02
-1.0292631434e-02
4.8725456259e-02
6.1515420856e-03
-5.9101314576e-02
-4.2715596380e-02
4.5976456504e-02
3.2278437261e-05
-4.8830326038e-02
4.3756355074e-02
-3.1093020165e-02
-2.2658798789e-02
1.5393441796e-02
-7.2027642589e-02
-7.3826746183e-03
-1.4355663547e-02
-4.4806011849e-02
2.4993403326e-03
-4.3613572730e-02
-4.9926631580e-02
8.2561695659e-02
-4.5547174388e-02
2.3839651717e-02
-5.7651508244e-02
7.8508431225e-02
-6.8783095674e-03
-8.4137766106e-03
-8.3460666589e-04
-3.9420982908e-02
-4.3733439990e-02
1.7114103954e-02
4.0610780650e-02
6.2483607224e-02
1.4363394472e-01
-5.3628109093e-02
8.2902371754e-03
-8.5094550072e-03
8.1730185568e-02
-5.1055895964e-02
8.5687647297e-02
6.9472703405e-02
1.2508699437e-02
-2.5648232184e-02
2.4844751272e-03
-2.4748006965e-02
-1.3945115796e-02
1.8067497786e-02
1.3424264210e-01
2.5215312099e-02
6.6243265127e-04
-2.3270528952e-02
-4.5880472778e-02
-6.3271013293e-02
3.9648767357e-02
1.8673916368e-01
-3.0731689805e-03
3.9055232432e-02
-7.5875157004e-04
-1.6404783703e-02
-3.2842390544e-02
-2.9001726423e-02
-6.4815261989e-03
-5.2097983126e-03
-4.7506079323e-02
-1.9438964796e-02
2.1700235027e-02
-7.0022540848e-02
-4.4785510750e-02
1.2532780805e-02
2.8776338800e-02
-2.8039751933e-02
-2.5997910725e-02
-7.3683586626e-02
3.6264120551e-03
2.1848555447e-02
4.2437281699e-02
-5.5726305591e-02
-6.7596646431e-02
-4.3365439634e-02
1.3872538230e-02
-1.8586335495e-02
-1.8777616898e-02
-4.2625855166e-02
1.2221893255e-02
-5.8110093012e-02
-6.0860235851e-02
8.2344392216e-02
-1.2075074050e-02
-6.0221296981e-03
-1.7671495266e-02
-1.6540387581e-02
3.4054676232e-02
1.0223149180e-02
-2.6072669229e-02
-3.9761100666e-02
1.2563808727e-01
-2.9444219610e-02
1.1973693567e-02
2.6138190364e-02
-2.2163515482e-02
-2.3873162306e-03
-5.3195328326e-02
-1.6868906040e-02
-1.6488177757e-02
-2.3490994388e-02
3.8596211034e-02
9.1424322811e-02
2.6843465369e-02
7.3601227667e-02
2.0790690776e-02
-2.2403568309e-02
2.2414673174e-02
6.7834781701e-02
-3.1812276052e-02
1.6238615791e-02
3.0971081240e-02
2.3161527710e-02
-6.8502872522e-02
1.1827010003e-01
7.8407501226e-03
-1.9565421693e-03
-5.0874898037e-02
5.6649208387e-02
1.3036127350e-01
-4.1506736613e-02
-3.0683657228e-02
-3.9972933277e-02
-2.3305475785e-03
-8.5848200160e-03
-3.6334138508e-02
-6.2483411889e-02
4.0679517043e-02
-2.6425415937e-02
-3.6908973968e-03
1.3494025721e-03
4.3831449860e-03
-1.5419952095e-03
1.7634885224e-02
-4.6759961779e-02
4.9624122124e-03
8.2658532051e-02
-4.7962899957e-02
-5.7838250208e-02
-2.6993140826e-02
1.6998776371e-02
2.2453644143e-02
1.6397621411e-02
6.6323695469e-03
2.1816190180e-01
4.4098992145e-02
2.8529882379e-02
3.1964416036e-02
-1.0089319598e-02
-5.6900176640e-03
-1.8536242383e-02
-6.1339003283e-03
7.3465630465e-03
3.5140458029e-02
4.8958676655e-02
-2.8382061337e-03
-3.1919012990e-02
-4.8712756891e-02
6.9190369640e-02
2.2424670449e-02
9.9490235940e-02
6.7593144702e-03
-3.9972723117e-02
7.5619718067e-03
-4.1557994070e-02
-2.8035756713e-02
1.1149068707e-02
-2.3973484077e-02
-3.8557503940e-02
5.0787433362e-02
4.6706481159e-02
-4.0705015325e-02
5.7900641752e-02
-6.7587699319e-02
-4.8887107384e-02
1.8374186481e-03
6.9870076593e-02
1.5583291277e-02
2.4884587727e-03
7.5447133806e-03
-6.9411868149e-02
3.7480747186e-03
-4.4904845063e-02
-5.6583489915e-02
1.6679649713e-02
6.2883222686e-02
-2.1559658689e-02
-1.6508093560e-02
-1.3699834154e-02
1.7292809663e-02
1.4148307616e-01
-2.1493022066e-02
6.3901119032e-04
-4.0019167084e-02
-2.9126735972e-02
5.4438830840e-02
-2.0963899406e-02
9.5761187888e-03
-1.8791594517e-02
6.0508888891e-02
1.1329673750e-02
3.4018179281e-02
7.9976822912e-02
1.3740294070e-03
-3.8951629277e-03
1.5951037836e-02
-5.4564401378e-02
-7.6885218231e-03
7.8268331299e-02
2.7683171685e-02
-7.2246921546e-02
6.9122269605e-02
7.7906295275e-03
-4.3977254246e-02
-8.1305679733e-03
1.6287225668e-02
-3.4136223078e-02
-4.6231608943e-02
-5.1367686546e-02
2.3965105560e-02
-2.6722121250e-02
-4.0820284527e-02
-1.9423628328e-02
4.7376774608e-02
-1.7924873176e-02
5.8117379448e-02
2.4406045217e-02
8.0361728685e-02
-6.8331385428e-03
-8.6859785697e-03
-3.3609748257e-02
-5.3248499736e-02
8.4367756216e-02
5.6875556447e-02
6.3480713964e-02
3.3061625984e-02
7.5643414786e-02
-6.3429316302e-02
-3.3985992983e-02
-6.6957416481e-02
-2.5998607659e-02
-2.2821963591e-02
-1.0017600358e-02
-3.8108524917e-02
5.1967221968e-03
-6.0137802852e-02
-1.2234667375e-02
4.6749584892e-02
4.1729082535e-02
3.9372994538e-02
-4.7593099454e-02
8.6979415482e-02
-4.7718851626e-02
-6.9455547020e-03
-4.3904122201e-03
-8.4809321031e-03
-5.4480259329e-02
-3.8061080667e-02
4.4711655249e-02
1.1435430248e-01
-2.8749998159e-02
-2.1085528476e-02
2.9993533632e-02
-5.5102568327e-03
3.1141409337e-02
1.8807415814e-02
3.7303041277e-02
-5.4636760780e-02
4.7554551297e-03
5.2943262937e-02
3.1885594605e-02
-4.5239655297e-02
-4.7884227329e-02
-5.9846450240e-02
-3.8765314439e-02
-4.0984552057e-02
2.6537240030e-02
9.9926711745e-04
-2.0975501312e-02
9.3752653841e-03
-4.0210195401e-02
-1.6554519415e-04
5.9979587737e-02
4.6849889058e-02
3.3895712961e-02
-3.7002675377e-02
-1.6302747292e-02
-5.2714859104e-03
2.7871825031e-03
5.3816967709e-02
-9.4161646104e-03
-4.4986063652e-02
-1.2490277450e-02
-2.9689984140e-02
1.3513157932e-02
-3.5855934627e-03
-1.5190227904e-02
-3.5904872024e-02
-4.4032638818e-02
2.6600029020e-02
6.5604872080e-03
4.9244009561e-03
-3.5869612434e-04
-7.6764540837e-02
2.9601795458e-02
-4.3774494309e-02
-3.3822903896e-02
-4.1796855963e-02
-4.6776772705e-02
6.0515503966e-02
-2.4850730003e-02
-1.4075008444e-02
-4.8828561097e-02
9.4593167433e-02
7.9518864911e-02
-4.2610295360e-02
-4.0278738603e-02
2.6923240064e-02
3.3061795279e-02
4.2903214496e-04
-1.8648730389e-02
-7.2600682458e-03
4.9267189117e-02
-3.7371610048e-02
1.1509420157e-03
-7.0830308279e-03
4.5650494518e-02
2.8634728276e-03
6.1412744942e-03
1.5236066359e-02
8.4710750778e-02
1.3798370407e-02
-8.7455111992e-03
-1.1721289510e-02
-1.4985203002e-02
-2.2337546116e-02
-3.3434913145e-02
7.3350995672e-03
8.1700362150e-02
2.0811996520e-01
7.9689353562e-02
-6.1132688282e-02
8.2699653749e-03
6.1436303241e-02
2.4474486870e-02
-5.4399404563e-02
-5.3231658689e-02
8.4421720592e-02
-1.1398570805e-02
5.5867337925e-03
1.4501458772e-02
-3.8289905012e-02
-2.9077177218e-02
-5.7258958929e-02
7.4825634817e-02
4.8971722200e-02
-3.8919981674e-02
9.3767016726e-02
-1.7337262785e-02
-3.1204119164e-02
-3.7772620979e-02
3.3340795698e-02
-3.6603936187e-02
3.7979525729e-02
-2.3267019670e-02
3.9788556999e-03
-2.2832193231e-02
-5.5989660227e-02
-5.2070370814e-02
6.7618121438e-02
-7.9701687165e-02
-1.1456662556e-02
1.1497863033e-02
-6.1985604498e-03
-3.7497201536e-02
2.3503298412e-02
-1.7071140947e-02
-5.1999235885e-02
-1.0960482649e-02
2.1391202058e-03
1.5804076837e-02
1.2707938022e-02
-2.6016058982e-02
-1.2842068053e-02
6.6163796461e-03
-2.6284943175e-02
2.8762320132e-02
-7.5471956435e-02
9.2020759743e-02
-1.8086445578e-02
1.3392395899e-02
1.7577998539e-02
-4.1223642031e-02
-5.0581427497e-02
-4.0776978602e-03
1.6942781056e-01
-3.9284684225e-02
1.0239405466e-02
-3.7643922225e-03
3.7396445122e-02
9.7899987078e-02
-6.3579046453e-02
-3.4552431230e-03
-1.4122143601e-02
-4.5327307705e-02
-3.9237172282e-03
3.7281015718e-02
1.8170266145e-02
-4.4534384366e-02
-5.3089442511e-02
-4.6760160964e-02
3.5151213277e-03
4.3098470222e-02
5.0947677910e-02
2.6818985752e-02
2.6625453604e-02
9.8362360333e-02
2.9059972958e-02
-3.6208784419e-02
8.9661131961e-02
-4.2261114528e-02
6.1021004435e-02
-9.4307486054e-03
-2.9852821837e-02
-6.7507891834e-02
1.5128704912e-02
3.0180583274e-03
-3.7000129984e-02
2.5246450962e-02
-2.4101877241e-02
-1.1385900050e-02
-4.9180687670e-02
-3.2556252021e-02
4.4814189932e-02
4.4853524517e-02
-2.2893589834e-02
-2.6472793367e-02
-4.8707276066e-02
-2.8144485713e-02
6.3022945383e-02
-4.5852625115e-02
-4.8590583836e-02
4.1486532042e-02
-4.1267375914e-02
-4.7281832766e-02
-1.4403552509e-02
-5.3304985178e-02
-3.0909060102e-02
6.5924580891e-02
-5.2420924941e-02
-3.6999063763e-02
-1.6383600603e-02
3.9764141655e-02
2.5568195764e-02
-1.8361450763e-02
1.5240797653e-02
7.0036222044e-02
-3.3964860777e-02
-4.7417368203e-02
7.1561135066e-02
-8.1299214192e-03
-3.6851560390e-02
-2.6880397575e-02
8.5791582813e-02
-5.6589503484e-03
2.6138517962e-02
3.5612979099e-02
-2.6617623516e-02
5.8434452053e-03
4.1801723843e-02
-2.5179943567e-02
-3.5280974993e-02
6.6016747974e-02
3.8725255278e-02
5.4156345038e-02
-3.8179253821e-02
-5.1634433230e-02
9.5984992686e-02
1.0031677833e-02
-1.6944375970e-02
-1.2963775396e-02
-2.1937721323e-02
-1.4667417164e-02
8.2548594387e-02
1.3322518092e-02
1.8616065892e-02
1.4902055656e-02
4.0446626174e-03
-5.8477755992e-02
-2.4910369871e-03
1.3324084073e-02
-4.7035257808e-02
-6.9639234168e-02
1.5020912925e-01
-2.4920496409e-02
-3.4204306828e-02
1.7015376224e-02
6.1366114514e-03
6.5261811594e-02
-5.2272316022e-02
-4.1818763431e-03
1.6944980369e-02
1.1846150599e-02
5.4140791397e-02
5.0693605508e-02
-6.4987649681e-02
-8.2162030755e-03
4.0534095507e-02
-3.5097179544e-02
9.9367436241e-02
8.9624204494e-02
-4.7850485629e-02
6.3947956775e-03
1.9133582871e-04
1.7059382891e-02
4.6255100090e-02
-5.5230029764e-02
-5.7992016826e-02
-6.0902986786e-02
3.7287579461e-02
-6.7468803280e-02
9.0151259511e-02
1.2430853907e-01
-3.3416145379e-02
3.0641632991e-02
4.1284479414e-02
2.2983197278e-02
3.9779782387e-02
-4.7658159775e-02
-3.4035610269e-02
-2.7533602850e-02
1.1094945258e-01
-6.7053097515e-02
2.3721096045e-02
-6.0890553360e-02
-1.4282779513e-02
-1.4960335475e-02
5.8164724537e-02
-1.1550477678e-02
-2.8333781068e-02
-3.9609330427e-02
6.6087865413e-02
-5.4641177970e-02
4.7366712513e-02
-5.4850594037e-02
1.9779210590e-02
7.2574562353e-03
-3.9469158759e-02
-3.0573630810e-02
4.3780940726e-02
-7.8071844668e-03
3.1828134948e-02
-5.5195419642e-02
6.2080521156e-02
-5.4104327737e-02
2.2377185064e-01
8.5676757651e-02
4.6015284151e-02
-1.3053675726e-02
2.3744140711e-02
3.9375070366e-02
-4.2945980060e-02
4.5809885746e-02
-2.2563617604e-03
-5.9752233484e-02
-4.9754745855e-02
-1.8590068088e-02
1.8971181684e-01
-5.2659404415e-03
4.3579142657e-02
-5.6403373929e-04
3.7431809310e-02
-2.6784732921e-02
8.0920175687e-03
-3.1986542263e-02
4.9137977461e-02
-1.6669550119e-03
-6.0748164226e-02
-7.0345188313e-03
4.4095782658e-02
5.7321457272e-02
5.9558850365e-02
5.9647900049e-02
-1.6284019108e-02
7.5011802539e-02
6.0146994996e-02
1.0588989660e-01
8.1518711778e-02
9.5940598355e-02
2.2240972336e-02
1.4348801575e-02
-1.5765375154e-02
3.3212061482e-02
1.0662733671e-01
-1.3784169280e-03
1.8672807618e-01
1.2188779818e-02
2.4121326305e-02
-5.1793155288e-02
-4.9064224514e-02
-3.5243702686e-02
-1.3680045278e-02
-6.5679243576e-02
4.7345862924e-02
-5.2606296275e-02
-1.3364058807e-02
-7.1146700425e-02
8.2195588466e-02
1.7653128295e-02
-3.6384509294e-02
-1.3301120154e-02
-3.2911368608e-02
1.3006632909e-02
-3.3570419889e-03
1.3785919966e-02
-1.6913804734e-02
3.6015945970e-02
-3.1090863860e-02
-6.1668716560e-02
1.3822247410e-03
-1.4096030420e-02
-4.2770823176e-02
6.4568702254e-02
-1.5245175731e-02
-1.9165453325e-02
-4.6100058079e-03
-6.1149223446e-04
-3.5567945582e-02
6.5378837168e-02
-2.9564147063e-02
-6.8965266508e-03
-3.9361500254e-02
-1.9236288509e-02
5.4281895094e-02
8.1737001202e-02
2.1545090360e-02
1.5197782110e-01
-3.2013398115e-02
6.2451583746e-02
-3.9518850158e-02
-5.0992726123e-02
-6.6678576234e-03
-2.0625359319e-02
-4.0913816689e-02
8.4863403314e-02
-1.8818403198e-02
-3.6363185945e-02
5.3215536179e-03
3.7721764028e-03
-1.3110686428e-02
-3.9126122211e-02
4.2259383130e-02
-2.7792668212e-02
4.6488692434e-02
2.1792360188e-02
-5.1934263962e-02
3.5280345280e-03
4.8527511605e-02
2.4798198461e-02
-6.1678401641e-02
5.6099706796e-03
-3.5468768525e-03
-3.1506073170e-02
-5.8083897730e-02
4.9113292366e-02
-9.2551983781e-03
-7.2647340302e-03
2.4071083343e-02
-5.0715224401e-02
1.2453782016e-01
3.4744239586e-02
-6.2706243688e-02
4.8977553656e-02
-8.5050294257e-02
8.2961559591e-02
2.3130666486e-02
1.2588149393e-02
9.2774332559e-02
-3.5731989825e-02
3.9094556588e-02
-1.6760421234e-02
-9.1482274458e-03
-4.7969609201e-02
-2.2279181839e-02
-1.5213268475e-02
-2.5176958884e-02
-4.4210064717e-03
1.2751589047e-03
1.7997449444e-02
-2.2984607010e-02
-2.8283635728e-02
4.7449679972e-02
9.9634978088e-03
1.7837792602e-02
-6.2206098778e-02
-3.4729387131e-03
-2.0140127392e-02
4.3445833352e-02
-2.9194143980e-02
1.5708623772e-01
7.8276185325e-02
2.0024766914e-02
-4.1096235898e-02
-4.1835961604e-02
-4.6076758711e-02
-3.9914976739e-02
-9.1831371329e-03
4.7003700949e-02
2.3554050826e-02
-4.0691566464e-03
-3.8055858236e-02
1.3444702988e-01
1.1529190774e-01
-4.9446101225e-02
-2.1125372868e-02
-2.9792564425e-02
1.0494772473e-02
-4.8066357302e-02
4.5682418259e-02
-5.3466910217e-02
-3.7639495818e-02
1.7878774462e-03
-3.5941763530e-02
4.1789416576e-02
-4.3877356091e-02
-2.0008415139e-02
-3.0165510558e-02
3.9284577174e-02
1.1254200159e-01
1.0748625407e-02
-3.5721753995e-02
-2.0026107413e-02
-1.0208087355e-02
1.0961311218e-01
2.3923614348e-02
-1.8133410305e-03
8.4541894335e-02
9.6994803224e-02
-5.8491588205e-02
-6.8227637460e-02
-6.0578801554e-02
2.1990951304e-02
7.7999530309e-02
7.2000357708e-02
9.7324287966e-02
1.1214428586e-02
6.6052414317e-02
3.4230810933e-02
4.0140116621e-02
4.0940551275e-02
8.2460968052e-04
-2.4701771531e-02
-3.6568420595e-02
-2.2369911942e-02
4.5648318441e-02
7.0958070283e-02
4.8055735567e-02
-2.1586332249e-02
4.9562207536e-02
-3.3282696047e-02
1.1269571386e-01
8.5416915975e-02
1.8062835447e-02
-4.6207180410e-02
2.5148196854e-02
-3.8825161877e-02
2.5692151846e-03
-1.8841855434e-02
-6.0770860101e-02
-1.7222848497e-02
3.5782339119e-02
-1.7242623965e-02
6.7605899947e-02
-1.3057090227e-03
4.1827112695e-02
6.0327630497e-02
1.0398792350e-01
-8.7609588515e-03
2.5806846558e-02
-5.2635986433e-02
-2.7719652749e-02
-2.3997328697e-02
-4.9819426306e-02
-5.3642743102e-02
-2.3052471509e-02
3.2585664913e-02
2.4105353837e-02
-3.3889257297e-02
-4.0725258783e-02
2.3701635437e-02
-5.1571362843e-02
5.2798330181e-02
3.3791016709e-02
-3.0503427472e-02
-3.9622245087e-02
-5.5467321068e-03
3.7683655561e-02
8.0145263538e-03
-1.1419317668e-02
-3.4665227923e-02
1.6264843122e-01
-5.2265334640e-02
1.0108514852e-02
-1.1264717609e-02
3.9174024974e-02
-1.2924838485e-02
1.4875315314e-01
-2.1527948024e-02
5.4160583273e-02
6.0396881972e-02
-3.1350889034e-02
-5.5642489551e-02
-1.8738768272e-02
2.3144805747e-02
-5.7121987144e-02
9.5174154504e-02
-1.9589363995e-03
2.4581512133e-02
4.0189772073e-02
-5.7429496284e-02
2.3252603203e-02
1.0158761175e-02
1.7862217000e-02
-5.8600333488e-02
-7.1654084088e-02
-3.2596340188e-02
2.1060596866e-02
-5.7949219367e-02
7.8821167857e-02
-3.3845709010e-02
-2.0644606764e-02
-1.8971049574e-02
8.9984501545e-03
-5.8847695235e-02
4.1625250984e-02
3.6478419257e-02
1.2776293223e-01
-4.1492101827e-02
-1.5962833544e-02
2.2324521051e-02
-1.4122610230e-02
3.8225757348e-02
-7.0683079744e-02
-6.6018052890e-03
1.2386874402e-01
-1.9979092787e-02
-1.5087997291e-02
-4.4854268197e-02
-1.7985376793e-02
1.8045740919e-01
-7.3124000962e-02
2.7748491012e-02
6.2308781056e-02
1.5032694509e-02
-3.4101263421e-02
8.5477646960e-02
-7.4839737673e-02
7.0928391859e-02
-4.7827314233e-04
4.0536504272e-02
1.1807198946e-02
-2.4871933108e-02
6.1556869043e-02
-2.1312852579e-02
4.6610068108e-04
-1.7201470114e-02
1.7254835112e-01
-3.2461899467e-02
8.9260932960e-02
5.8960033457e-02
-1.4063479349e-02
-4.2853629644e-02
-2.1356949626e-02
2.4855789349e-02
4.8516218971e-02
-5.9796025978e-02
1.1731514529e-01
-3.0100904903e-02
1.3771159485e-01
7.2332394945e-02
-2.1356032440e-03
5.8094314911e-02
-1.6174507484e-03
1.3930049385e-01
-2.8120352416e-02
6.7935080823e-02
7.9041862186e-03
-1.9777548278e-02
1.0456180985e-01
-3.2444491147e-02
-1.7975667831e-02
-2.5777094873e-02
2.9291154096e-02
-3.8358327985e-02
4.2731539892e-02
-4.4100210509e-02
1.9847746218e-02
1.8621538282e-02
-1.9523678915e-02
9.8044973458e-02
2.9756245501e-02
-3.5166391907e-02
1.8237705115e-02
4.7577079005e-02
9.1055727263e-02
-5.4036737094e-02
2.9183529645e-02
1.3941572293e-02
2.2625690484e-02
-2.3942565945e-02
6.6521519279e-02
1.7514978031e-03
1.5628969347e-03
-6.9396715985e-06
-2.2570882676e-02
-2.4145427128e-02
-1.7216749646e-02
-7.0711214630e-03
7.9712555762e-02
5.4312073435e-02
-6.3956085948e-02
-2.8645654693e-02
-4.5344663291e-02
-6.8581583765e-02
6.5967244621e-03
-2.0311203377e-02
7.6535165080e-02
-3.2704018547e-02
-2.6599533818e-02
-4.9273062158e-02
1.4968015193e-03
-2.8048921771e-03
-8.6414889072e-03
-5.4230919408e-03
-4.2221627924e-02
-1.2037793544e-03
4.1167092781e-02
-1.0346486830e-02
3.4365594811e-03
1.8625390821e-02
-2.0702413928e-03
-5.5882290406e-02
2.9855848789e-02
1.5436256472e-02
-1.7704028551e-02
1.9075379280e-02
1.6160269875e-02
-6.7324646931e-02
-1.8231378392e-02
9.6571193794e-02
-4.0258120961e-02
-2.2690891800e-02
8.2473330991e-02
2.8510840197e-02
-1.7183352129e-03
3.9643732971e-02
2.0220442644e-02
-4.6319180715e-02
1.5284805196e-02
5.9910482272e-02
2.3351945486e-02
-6.7902150802e-02
-3.1195233202e-02
-1.6289262217e-02
2.6784192528e-03
-7.3356364773e-03
-2.6586286333e-02
-2.9492622832e-02
-1.9718545077e-02
1.5151709537e-02
6.7318258744e-02
-7.1153889133e-04
-1.7592682765e-02
4.5657452891e-02
-5.5553537749e-02
-7.1255195566e-02
4.7644301668e-03
-1.7804987211e-02
-3.9217768571e-02
-2.8429523094e-02
-4.3592045565e-02
9.4001298940e-02
-5.7182978312e-02
-1.1979320124e-02
4.8862603169e-03
-1.7253980025e-02
1.8879515903e-01
2.2410471659e-02
-2.1518023458e-02
-2.1404814064e-02
1.4276312884e-01
-9.3696475648e-03
1.5315661728e-02
-3.8280240485e-02
7.7348438228e-03
1.3091940421e-01
-4.1872151448e-02
1.8964981639e-01
-3.7399677948e-03
-7.0278389785e-02
-1.3863586525e-02
3.0283276624e-02
-2.7285190502e-02
-5.9197725497e-02
-5.3145049240e-02
-7.0466903088e-03
-1.2142944555e-02
-1.4120812431e-02
-4.0956034564e-02
-3.5989056887e-02
7.4491093085e-02
1.4256215442e-01
3.1563898599e-02
3.9297422653e-02
1.0892388591e-01
-3.5125023470e-02
1.0827518674e-02
-3.4874834707e-02
-1.3095673070e-02
1.3661186873e-02
-2.2558107939e-02
5.2626467356e-03
-2.2432688608e-02
-1.5440638209e-02
-8.3484838419e-03
1.6995972533e-02
1.3725335327e-01
6.2990751338e-02
-7.1356917213e-02
3.7048852377e-02
-6.8375443056e-02
1.3708066654e-02
-2.4821551808e-02
1.0825339320e-02
-9.7769272387e-03
-2.1927582486e-02
-6.0574002671e-02
-1.8681636773e-02
2.4030420915e-02
-5.0686998229e-03
3.6391740464e-03
-1.4113239478e-02
-7.4872663913e-02
6.3935884005e-02
-2.9341286877e-03
2.2975210238e-02
-9.8009792808e-03
2.7636260909e-02
8.2412850858e-02
-8.4995515803e-03
-4.3190649940e-02
-4.0410917760e-02
1.7096289981e-03
8.9545955846e-02
-3.3491289459e-02
6.1428360486e-03
6.9971049293e-02
-3.9556387679e-02
-4.6948770291e-02
-2.8866801178e-02
-5.5299536631e-02
-3.9375198933e-02
-5.4142051617e-02
-8.9488692983e-02
-3.6277738775e-02
-3.1609128820e-02
8.1989651415e-02
2.4773132734e-02
3.2414831528e-02
6.7878588790e-02
3.5389399079e-02
-2.4801107727e-02
-1.2135735626e-02
1.3433273983e-02
-2.1458700661e-02
2.3751244810e-02
3.2035304799e-02
1.9829771614e-02
-2.1134618250e-02
1.3713718298e-02
7.1197998955e-02
-2.2464363681e-03
2.0028710036e-01
3.6807415231e-03
9.6594580323e-02
-3.1519896090e-02
-3.5996322243e-02
-1.7172738026e-02
1.4500649529e-01
-5.1374037520e-02
-1.9854407118e-02
-3.1387012518e-02
3.8041753239e-03
2.2549640353e-02
-1.3322043217e-02
-5.4960678453e-02
3.5022890654e-02
-1.3696157580e-03
-3.0323107660e-02
3.3752834141e-03
-7.2852975050e-03
4.5480184086e-02
-5.2736292634e-02
1.4280426954e-04
-3.5153716689e-02
-1.1217428690e-02
-1.4767675527e-02
4.0467354714e-02
-5.0384380965e-02
-2.4796273456e-02
3.5582181956e-02
-1.0673509177e-02
-2.2826614966e-02
-4.4371104924e-02
-8.7459541965e-03
-1.2546099428e-02
-5.6155018983e-02
-2.4260689246e-02
2.1539937304e-03
-3.2565209671e-02
-3.4549178494e-02
1.8139087721e-02
-1.9336793442e-02
-2.7726003744e-03
2.0299913502e-02
-3.7904710988e-02
3.6946386027e-02
-5.5492952886e-02
7.4661196273e-02
-3.7104075341e-02
-2.7123223637e-02
-4.8104959711e-02
3.3819618076e-03
1.6087996298e-02
1.9339927116e-02
-2.1223919222e-02
6.1873536416e-03
1.5269023254e-01
-1.5896585652e-02
-1.0550487151e-02
-3.8847916323e-02
1.8453214297e-03
1.0852787360e-01
-2.1188651317e-02
1.1927170124e-01
-1.2831078504e-02
-2.3810035622e-02
-8.3986527358e-03
-4.8401117531e-02
-4.7338248523e-02
4.5764189879e-03
-3.9673434464e-02
2.4453724187e-02
5.1798294117e-02
5.6239975841e-02
-2.3711455171e-02
-8.1165153134e-02
2.1199649417e-04
-9.3621517028e-03
-1.1456385988e-03
-2.4229742616e-02
1.1000023378e-01
2.4016083839e-02
-3.7425288667e-02
1.7762133848e-02
3.8261977237e-02
4.6222054765e-04
1.3841057430e-03
2.4855289713e-02
-2.5374693914e-02
1.7899366940e-02
-2.2758122929e-02
1.7613094833e-01
-3.2616239708e-02
-2.3107254298e-02
8.8139146093e-02
-4.1598067693e-02
2.8217484777e-02
2.1890461001e-03
9.8290282426e-03
3.3517793252e-02
-1.5817983065e-02
-4.8645580295e-02
1.3529560500e-02
-5.8418021182e-02
-4.2648170713e-02
-3.1727380400e-03
-7.0137053119e-02
-1.9902223838e-02
2.2829493483e-02
8.9670386893e-02
-4.6359328676e-02
-3.3321116803e-02
2.2322359879e-02
1.4829059077e-02
-4.8970094855e-02
2.0106412372e-02
-7.8422125271e-03
1.7190267125e-01
7.5019184949e-02
-1.5249008342e-02
1.9167374808e-03
-5.2850245714e-02
-7.1759211203e-02
1.1972513880e-01
-4.0892905701e-02
2.9115980259e-02
-1.4342191943e-02
-4.0643575190e-02
-3.8031828422e-02
-6.7714880127e-03
-4.6959543227e-02
-1.5844698741e-02
-1.5911641117e-02
-5.6722246270e-02
-2.3361560977e-02
1.8509253003e-03
7.6705991887e-03
1.1589419509e-01
4.5235385693e-02
-3.1322518519e-02
-2.5284189256e-02
-4.9762800877e-02
-5.0524739103e-03
3.2586213408e-02
-2.8989805777e-02
8.2041447592e-02
5.2470220311e-02
-7.0563494437e-02
-3.1894258209e-02
-6.4814986631e-02
2.8978050069e-02
8.7203463062e-03
2.0385738155e-03
2.2138973334e-01
-3.8705524485e-02
-1.6960456115e-02
1.6785066524e-02
-8.1501336253e-03
-4.8860812832e-02
3.3615890504e-02
1.8720945404e-02
-6.7637490045e-02
-1.5257500579e-02
-1.2470004681e-02
-1.7136876254e-02
-4.6866208242e-02
1.4465846672e-01
-3.2187102761e-02
-4.1844432882e-02
-7.2599556315e-03
-1.6554081069e-03
5.2118457620e-02
-4.1684583921e-02
3.0250623608e-02
-4.2158069062e-02
1.3445862725e-02
-3.2208188280e-02
5.3535217422e-02
1.7438795052e-02
4.5801180599e-02
2.3905887558e-02
-2.8191892213e-02
7.0785174860e-02
3.3886789436e-02
-1.9243908408e-02
5.9997897105e-02
3.5211542187e-02
-4.8968607447e-02
3.7453620767e-02
-6.8539359533e-03
-3.4979668080e-02
-4.6364811453e-03
7.1705536471e-02
7.3844270635e-03
6.4677592563e-02
-2.1659684603e-02
-5.4310274452e-03
3.5386599142e-02
-1.2212919328e-02
1.4308497352e-01
-4.1522891930e-02
-1.6769325458e-02
-3.2964360674e-02
-5.2473183078e-02
3.9542667495e-02
-5.7581353125e-02
8.0602966222e-03
2.1216549713e-02
-3.5017734428e-03
4.3195551736e-02
-7.2026134731e-03
-2.1038884020e-03
2.3758293847e-02
7.8432999972e-03
-9.2835120082e-03
-8.2723000991e-03
1.3678462767e-02
-4.8880596574e-02
1.2256283381e-01
4.7266257396e-02
-7.4678641064e-03
1.1896328192e-03
-6.3473415124e-02
-6.4973322848e-02
-3.6031576693e-02
1.0957735873e-03
-2.7089969612e-02
1.6447823676e-02
-8.7184375148e-03
7.9079349686e-03
2.1827332397e-02
-3.1544267083e-02
-2.6860046362e-02
5.0131485496e-02
2.7269226304e-02
2.0215702575e-02
-1.2653026106e-02
-3.2715132990e-02
-3.9387922422e-02
5.4436363933e-02
-3.5154233877e-02
-6.8120051606e-03
1.5508767352e-02
1.6874714176e-02
4.8757605731e-02
-3.8416396222e-02
4.1523313179e-02
-2.3280690251e-02
-2.7764073132e-02
2.0326644943e-01
-9.6194720114e-03
6.5809014278e-02
-2.2321988628e-02
-5.6681666332e-02
1.0806677209e-01
2.3687727851e-02
6.0942516120e-03
5.1023561038e-02
-5.3485092350e-02
4.2250234036e-02
1.5143549744e-03
3.0231314895e-02
-3.0986247945e-02
7.5608466080e-02
-1.1278978658e-02
-5.5729772935e-02
4.5491610285e-02
3.8754864980e-02
-1.5690522670e-02
5.4492452894e-02
-7.0921370284e-03
-2.4479825826e-02
6.9193183823e-03
-1.6140082610e-02
-2.1263385124e-02
-1.8502727479e-02
2.2482859036e-02
-4.1841941408e-02
-1.8976921807e-02
1.3610856769e-02
-2.2505939541e-02
-3.8360394213e-02
-5.4400777484e-02
-4.5022257792e-02
-4.2632388973e-02
-3.4844781117e-02
1.2392048484e-03
4.1577477116e-03
1.8726167565e-02
-5.3577900619e-02
2.5694027506e-02
-3.8984119287e-02
1.5837083637e-02
-4.0143932916e-02
-2.4132377921e-03
-2.9942617389e-02
3.0217185791e-02
-4.2506715977e-02
2.3388984655e-02
-2.4403506447e-02
-1.1562104621e-02
4.7961561866e-02
-4.1825270019e-02
8.3058000706e-02
7.1220398618e-02
-3.5712668048e-02
-7.0171672500e-02
-1.7479533326e-02
-1.7041908739e-02
-2.3360765047e-02
-1.3495990991e-02
-5.0220845397e-02
5.8869441133e-03
8.9649949350e-02
-4.8292592304e-02
-4.2660490058e-02
-1.6621920362e-02
-2.7371785102e-02
-3.8381328953e-02
-7.6248921810e-02
-3.5769523423e-02
-6.7579725625e-02
2.0901498445e-01
-1.6220889351e-02
1.4288093315e-02
7.6181299304e-02
-3.8251087107e-02
-4.4289163603e-02
-6.6555697408e-03
3.0470128864e-03
3.5017740943e-02
-6.2789035836e-02
-7.2222870459e-03
2.5274259974e-02
2.7525684110e-03
-4.4854379938e-02
5.2190271252e-02
-2.6622577346e-02
3.3440808291e-02
-1.6457107677e-02
-1.6123316533e-02
-2.0987862287e-02
-2.8179817396e-02
-3.8266602468e-02
4.0991929374e-02
-2.7530829416e-02
-2.3394983207e-02
-1.5007286068e-02
-2.4445654322e-02
-1.1784344243e-02
-2.5828828107e-02
5.6278133303e-02
-3.4449520490e-02
1.9641781741e-02
-5.2519762529e-02
1.0099481779e-01
-3.0028638896e-02
1.2423497567e-02
-7.8565196133e-02
-5.4151565046e-03
-1.7015654096e-02
-2.8006132401e-02
3.7576945064e-02
1.0301266433e-01
-5.3288567721e-02
-2.3269675754e-02
1.8164989445e-02
9.8223512275e-03
3.2616076470e-02
-1.2186881004e-02
-2.7830778587e-02
-2.5098274403e-02
-6.2484826623e-02
1.6730851697e-02
-3.8641146253e-02
-3.7544324749e-02
4.9845786977e-02
3.0272720394e-02
3.1766444213e-02
1.7247254085e-02
-7.6742066538e-02
-3.6770179065e-03
2.8642205322e-02
-3.6313901051e-03
-4.2792975740e-02
5.4778516722e-02
4.8381253254e-02
1.1114927851e-02
-7.3837641362e-03
-2.0468559788e-02
-5.6079890001e-02
1.2364221339e-02
6.7213142295e-03
2.1453672532e-03
4.9024921742e-02
-4.0336491695e-03
-2.9925655509e-02
-2.4744576291e-02
-5.5717085729e-02
-2.4067766705e-02
1.9369617013e-02
1.5389060012e-01
-2.4522202000e-02
-2.6860040743e-02
-4.4180255951e-02
-4.6124916412e-02
-3.8117268927e-02
6.0210661598e-02
5.3376840781e-02
1.4138828430e-02
1.2112421117e-01
-2.8327160140e-02
-3.3468006916e-02
6.1468714948e-02
-5.2239731565e-02
-3.2274460472e-02
-2.8417630664e-02
5.3542531465e-02
3.4865851287e-02
1.2190802019e-02
-2.2337834353e-02
-2.8630613049e-02
-5.5561534564e-02
3.2244533984e-02
-3.7411439990e-02
-5.7657552208e-02
1.1049115349e-02
4.3876584690e-02
7.0791414321e-02
2.9272515766e-03
1.6031098254e-02
5.7546046746e-03
4.3662354620e-02
-4.1299719076e-02
-3.6334407039e-02
2.4201392876e-02
7.3621070114e-02
-7.3354003210e-02
-4.3492119461e-02
-4.1070847157e-02
1.4563317720e-03
3.0644280314e-02
2.6926789799e-02
-4.7835671773e-02
-6.7552525251e-02
-1.3251533090e-02
-6.7829065676e-03
-2.0479133587e-02
1.7314948580e-02
2.1242683804e-02
1.3576103148e-01
-1.9680078864e-02
7.9316242972e-02
-4.5068269512e-02
1.3201678478e-02
-3.6218033241e-02
-3.0833058923e-02
1.4130180644e-02
-6.2431502587e-02
-2.1019005809e-02
-2.0109794035e-02
1.1926516008e-02
1.7415557377e-02
-5.3207590539e-02
2.1381832614e-02
7.2609661129e-02
-4.4278625199e-02
-4.6646829467e-02
4.0227035709e-02
-7.2339977110e-02
1.0008540868e-02
-5.8032622102e-02
-4.5627478352e-02
6.4939561327e-02
-3.5867695810e-02
-5.6661130326e-02
6.8117719066e-02
-1.4749282888e-02
-5.6227934153e-03
5.3824890181e-02
-1.4017769694e-02
1.0698533352e-01
1.8569089256e-02
3.9197958699e-03
-5.3890191104e-02
7.9803108726e-03
1.1438847512e-01
-7.1986413557e-03
-5.1198404440e-03
-5.2763405727e-02
-5.7651565616e-02
-1.3559226543e-02
-3.2459569923e-02
-4.8631431174e-02
4.2289948816e-02
5.3310814006e-02
4.6970939985e-02
5.4900540493e-02
2.9685010249e-02
-2.0891167245e-02
1.0629377816e-01
-2.3202996518e-02
1.8973116296e-02
-1.4195181135e-02
8.2630520735e-03
-4.6381313406e-02
1.1097473415e-01
-1.8553847584e-02
2.6951606358e-02
-4.6393522109e-02
1.5565176190e-01
3.3633060575e-02
4.6852584675e-02
-2.0477096436e-02
-6.8402051706e-03
1.0306615020e-01
4.0938769581e-02
1.6225094663e-02
2.2110380588e-02
-1.4953589272e-02
6.5172826779e-02
-8.6625088065e-03
-5.5604244104e-02
3.1041957580e-02
-1.8932045057e-02
-7.0816208204e-02
1.4016374360e-02
1.7987263919e-02
-1.0555084135e-02
-4.4076180621e-02
5.1846039116e-03
-2.7101630794e-02
-7.9626543822e-03
-3.6125472453e-02
6.8154028016e-02
