-1.0462830927e-04
2.5471273373e-04
-1.3369330411e-03
-3.5973346657e-03
2.8037967888e-03
-2.9411291013e-03
2.4975469444e-03
-4.2791924482e-03
8.3290873484e-04
-9.2144173551e-04
-2.3274378349e-03
-4.4833185501e-03
-6.1912093606e-03
-3.5268488089e-03
5.1773555102e-03
6.7346703087e-03
2.3411066093e-03
-2.8891304756e-03
4.0187582664e-04
5.3047216941e-04
1.1216250180e-02
-5.1596546406e-03
5.0340245628e-03
1.6266013644e-04
5.7312911565e-03
3.5694514960e-03
-4.9959140770e-04
-2.4684611414e-03
4.4701594128e-04
2.6470209730e-03
5.7743832113e-03
9.0544466978e-03
1.3637643009e-03
-7.6058464281e-03
-1.6062498750e-03
6.6019172005e-03
1.5572483540e-03
-6.1280016286e-03
4.4443014057e-03
4.5723440221e-04
-2.5246155277e-03
1.9588373156e-03
7.5842379715e-04
4.7510696156e-03
-4.4684177687e-03
-9.6888860989e-04
1.3100818916e-04
4.2758106731e-03
-5.9446764952e-03
-3.5868213058e-04
1.0393233974e-02
4.2298871489e-03
5.3760459252e-04
-6.7897885286e-03
-1.6864119035e-03
-8.2857009665e-03
3.7871786335e-03
-7.0435668526e-04
-3.1043551469e-03
6.6565707707e-03
4.9955817252e-03
6.9684737920e-03
-1.0634293773e-02
-5.5250351167e-03
-1.6109570515e-03
-4.3460240123e-03
-6.3173748405e-03
7.2559877480e-03
1.5612704746e-02
9.9900501716e-04
2.2069694627e-02
8.2105083817e-03
-6.8177986274e-03
-8.2184482757e-04
-5.4156730897e-03
3.3448633316e-03
-1.2923028657e-03
8.6025999896e-03
9.5142238261e-03
-6.6196968086e-03
4.1610441107e-03
7.1715287810e-03
-4.1607511898e-03
1.5304828479e-02
1.9942434966e-02
1.7458087923e-03
9.9679900407e-03
-2.3876219632e-04
-6.2219558858e-03
-3.2827568387e-04
-1.3031513743e-03
1.7263964332e-03
-5.6473104659e-03
4.4122467879e-03
2.4734569923e-03
-3.9114268817e-03
3.7026720175e-03
-5.1419485248e-03
-2.8560106322e-04
4.5528984600e-03
-3.4876250144e-03
-3.2198154583e-03
-3.3100546103e-03
9.5509056295e-03
-2.8878117124e-03
-2.6380495843e-03
3.1811333530e-03
2.1192266795e-03
-5.3132416464e-04
4.6737905566e-04
-7.0560717800e-03
-4.8696189385e-03
-3.9286002396e-03
4.0253962521e-04
-5.4197604661e-03
4.4959026107e-04
1.9962638131e-03
-3.5895933274e-03
4.1783596610e-04
1.2577565865e-03
7.4919813561e-03
-1.5522143278e-03
1.1867518399e-02
1.1831232915e-03
-3.5628949966e-04
-1.5017519010e-03
-5.0824793356e-03
-7.5713312797e-03
4.7154449371e-05
2.9986201411e-03
2.0983508552e-04
4.7252490367e-04
-4.6795882064e-03
2.6059421778e-04
-7.4812627006e-05
-5.7287631606e-03
-2.3339194534e-03
8.4548398678e-03
5.5918413717e-03
-5.6624760325e-03
6.3124642448e-03
7.1554481717e-04
1.1386943642e-02
4.5684267089e-03
-1.0930654673e-02
9.0697458591e-04
-8.2195772353e-04
4.0734159758e-03
-2.8730607948e-03
-5.1962508311e-03
-1.9466453690e-05
-4.1262303696e-03
8.1332161983e-03
-3.7409948187e-03
-9.1541431846e-03
-8.9459253092e-05
7.9158732897e-04
-5.8213957515e-03
9.7264327393e-03
1.5462761335e-03
-1.6416017907e-03
1.0859471019e-03
-3.1689117379e-03
-4.7156296117e-03
-6.9959822021e-03
-1.8867476445e-03
2.4293201928e-03
3.2518822250e-03
-2.1540683433e-03
1.1463141996e-02
7.0275932095e-03
9.7891592616e-03
1.0682671667e-03
3.9508764129e-03
-2.8783451954e-03
5.7475267206e-03
-3.2506408445e-03
8.3029418498e-07
-6.1855491805e-03
-3.1614151928e-04
1.2901675486e-02
-4.2357338475e-03
-5.2185695432e-03
2.0741173350e-03
3.4063791304e-03
4.0917172743e-03
-4.5855745926e-03
6.7040377952e-03
-3.8839240947e-03
-6.8346141954e-03
1.3117773640e-03
7.5905978726e-03
3.6126142285e-03
-5.5411525149e-04
-4.6173072634e-03
6.0026276235e-04
4.1851839330e-03
-1.3461586812e-03
-3.8753824411e-03
6.0276665454e-03
-3.2902474425e-04
-7.4173666790e-03
1.1537793792e-02
1.2292330580e-03
5.6305741861e-04
-7.5602762051e-03
1.3986603548e-02
-3.5758472582e-04
2.6281483729e-03
-3.1183967962e-04
1.6180722587e-03
-3.5991200247e-04
-2.6464237076e-03
3.7306288330e-03
7.4873607062e-04
5.5760066560e-03
8.3258754439e-04
3.4384278447e-04
-8.9030353984e-05
-3.3003100618e-03
-4.2037234994e-03
-5.3762314352e-05
3.0419507687e-03
-5.3999224125e-03
-2.8020763966e-03
-1.6547082001e-03
1.0576671253e-03
-6.0794773567e-04
-6.9324745857e-03
1.2080236867e-03
1.4551926955e-03
-5.3985092381e-03
-4.7577762209e-03
9.8058930832e-03
-2.3512775789e-03
-3.8101196532e-04
5.1528426003e-03
6.8502465834e-04
5.0195699518e-03
5.3308462699e-03
-6.7297421583e-03
-2.4072915776e-03
3.1004633968e-03
5.0141420219e-03
2.2639890309e-03
-2.3268390818e-04
-4.0517682456e-03
-2.2973337798e-03
4.4855839742e-03
-3.7751880297e-03
5.9981054113e-03
3.0769484912e-03
-3.1540007311e-03
-9.5296862689e-04
5.9187977488e-04
-1.6983467741e-03
5.3073009672e-03
1.9105307057e-03
-4.6536760530e-03
-2.6551250780e-03
1.1818241347e-03
-2.9478093168e-03
-1.0445895590e-03
2.2860232530e-02
1.0279703350e-02
-9.0501264234e-04
2.6265135054e-03
-7.7421315744e-03
8.7762103091e-03
-3.4412240966e-03
1.5194790923e-02
-2.6305843624e-03
7.1176839714e-03
-9.1384328013e-03
8.2071261699e-04
5.4955443110e-03
1.0062594183e-04
-5.4412266216e-03
-3.1180095274e-03
-3.0386268633e-03
1.2356107212e-03
8.1026623155e-03
-5.3447622477e-03
-6.1779622972e-03
2.8568593693e-03
-2.0542337990e-03
-1.1687467512e-03
-2.1529399513e-03
-5.3800156016e-03
4.3585492548e-03
-9.2311622501e-04
4.4334424570e-03
-4.1193186181e-03
-6.0510886843e-03
-3.5492317401e-03
3.0745921902e-03
-3.2631050931e-04
3.3072473472e-03
-4.2453934892e-03
-1.0843986486e-03
-4.2756171393e-03
1.0327693298e-02
-2.2630307912e-03
-2.6646291961e-03
2.0108577238e-04
4.3167700686e-03
6.2007070490e-03
1.5920364732e-03
7.8288448975e-03
1.6230083962e-03
1.0428278706e-02
5.8323442053e-04
1.0627869122e-02
5.3463981619e-03
1.8327490646e-03
8.0635974231e-03
-3.6426252566e-03
-2.4904680312e-03
-3.1745883126e-03
-3.7823334694e-03
5.2649641956e-03
8.9599970691e-03
-2.3416619270e-03
-5.7301221093e-05
6.5073953863e-03
3.8956329175e-04
-3.3682749639e-03
2.9419945932e-03
-2.6905045061e-03
-6.5324150385e-03
6.0392111738e-03
-1.8843469531e-03
-3.9220707885e-03
-4.4811713799e-03
-2.1301938547e-03
-9.0789075783e-03
-4.5323074131e-03
1.1121611087e-02
2.2409364884e-03
-8.0956401632e-03
9.4329539718e-03
6.2410854004e-03
-7.5517351672e-03
4.5113662541e-03
-1.0721032461e-03
-2.6755081890e-03
8.6600931858e-04
-5.7131321603e-03
-1.7752434404e-03
8.5789385809e-03
-2.8290395626e-03
-4.8199977999e-03
2.7572081447e-03
-4.7063647925e-03
-2.7413049130e-03
-6.6489907120e-04
-5.1513002533e-03
-1.3348411748e-03
4.0748796773e-04
-6.7360286010e-03
4.5913003359e-03
-3.0286089863e-03
-2.3850342821e-03
6.0451769989e-03
5.5651216919e-03
6.6160795717e-03
1.2499058064e-02
-5.8587238258e-03
-6.2729053895e-03
3.0946519814e-03
1.3846017548e-02
4.8129939678e-03
2.6509067037e-03
-3.9233128835e-03
-7.6543880005e-04
8.5158054527e-03
-6.4061472191e-03
-2.1303202815e-03
1.0335843192e-03
-4.8225185814e-03
2.8515796911e-03
3.9806327062e-03
5.6440337474e-03
-3.1564368060e-03
-2.1649718249e-03
-6.4874840968e-04
-3.7278449415e-04
1.5650314748e-03
8.0443957837e-03
-1.3159518255e-03
4.5091843968e-04
1.4585152050e-03
-4.2436251940e-03
6.6317024931e-04
-6.6324965079e-03
4.9731444449e-03
1.6497773705e-03
-6.2588700499e-03
-7.7116752857e-03
7.0975287114e-03
-4.7092476594e-03
1.3666231105e-02
2.0388269887e-03
-5.8562642541e-03
-6.5816387752e-03
3.3657514331e-03
-2.1271732141e-03
-9.9150406114e-04
-4.4987759889e-03
5.7859970473e-03
8.2817147211e-03
3.0148915632e-03
4.2604149551e-03
1.1138498820e-04
-2.9818817909e-03
-6.2900585330e-04
6.4106273356e-03
-3.2289634268e-04
7.7516531785e-03
-6.8341435260e-03
-3.4314870284e-03
5.0312837302e-04
-9.1281271645e-03
-3.4608435956e-03
-1.5240168472e-03
-4.5750948887e-03
3.5929660063e-04
-5.8598118177e-03
-2.5204286342e-03
1.0322800026e-03
-1.5290218762e-03
-4.9716892293e-03
4.3253238628e-03
-6.8032283221e-03
-4.1868081025e-03
-8.7124054298e-03
-7.4997262441e-03
3.0604363939e-03
-3.8129232896e-03
1.2961009771e-02
-4.7972528306e-03
-5.8869458198e-03
9.4691693553e-03
-2.3611780888e-03
2.8490849847e-04
-3.0679824786e-03
3.9777984179e-03
4.2503259232e-03
-3.2938398087e-03
-2.0304084927e-03
2.6755994157e-03
3.2154445648e-03
-4.0420142880e-03
1.1798799095e-03
-2.0990644764e-03
-2.8062684568e-03
4.0286975094e-04
6.7585893591e-03
-7.6423902500e-03
-2.3227227506e-03
-5.5259605785e-03
8.4132655836e-03
1.3254557147e-04
-5.1037052332e-03
-1.3683868754e-04
-6.9106812814e-03
7.2597591757e-03
-2.5009834838e-03
3.5095110516e-03
1.3409779357e-02
2.3939259791e-03
1.1632905377e-03
4.8216787499e-03
-3.2746244472e-03
4.3627026605e-03
7.5669111188e-04
-2.0298807294e-03
8.4584620749e-03
-2.3423679754e-03
3.0630544484e-04
-7.1992690930e-03
-5.1565394327e-03
-4.0409145497e-03
-6.6371706421e-03
-8.6326066602e-03
-2.5710688057e-03
-3.8285435230e-03
4.1936667009e-03
-5.6657877877e-03
8.9920211587e-04
-8.5324813075e-04
-8.8399663791e-03
-2.7380359269e-03
-3.6297085504e-04
-8.9944783238e-03
3.5740819131e-03
-3.1358882559e-03
8.7554881159e-03
5.8097063545e-03
5.9652471719e-03
-2.9929550205e-03
-1.4387509353e-03
-3.7075479713e-03
1.1708162532e-02
1.1427290012e-02
-4.7926552145e-03
1.4859968119e-03
-1.9680647766e-03
1.3361860974e-03
-1.2647576909e-03
-3.5275099357e-03
1.9467470125e-03
7.8591542942e-05
3.4811549964e-03
-2.3074086056e-03
2.3492851791e-03
4.8835921707e-03
-3.9215451013e-03
4.5001190746e-03
1.1538353458e-03
-5.8998686976e-03
2.9832574354e-03
6.6172883371e-03
-1.5550874398e-03
2.9957329470e-03
5.7560943060e-03
-8.0565496270e-03
-6.6069627824e-03
-1.1351337206e-03
-6.3714439091e-04
1.5833773169e-02
1.1746816737e-03
5.9635352965e-03
-8.0087715672e-04
-7.2694852702e-03
9.3035186342e-03
-8.2192886315e-03
3.8058668481e-03
-3.4264577696e-03
6.7152528758e-03
-3.9026075877e-04
-6.2075769383e-03
-7.8299023554e-03
-1.7674407442e-03
3.7406596368e-03
-2.0196326633e-03
9.1345736801e-03
5.3118542372e-03
2.2015830079e-03
-7.1582230808e-03
1.5931264114e-03
2.6919951153e-03
3.8787615427e-03
1.0890153433e-03
8.4463110220e-03
-5.3731450489e-03
2.7745951938e-03
-7.2455761538e-04
-1.2932961159e-03
-3.8516742968e-03
-3.3853257061e-03
-4.6553982197e-03
7.2390506900e-05
1.7326997820e-03
2.1006258832e-03
1.3662384066e-03
-7.7645272501e-03
-1.3727428405e-03
1.4635370350e-03
-4.1288859752e-03
-1.7843541838e-03
-2.7235049407e-03
4.5968513545e-03
5.6560771873e-03
5.7105540323e-03
-4.3986580157e-03
6.9260327614e-03
-1.6861484123e-03
-6.7168804280e-03
-6.8281865620e-03
-3.4571233903e-03
-7.0621720018e-03
-2.3173864200e-03
4.1568347564e-04
2.8831171446e-03
3.7564138219e-03
-3.4682438044e-04
-1.5465088504e-03
-6.4916794019e-03
1.5907655465e-03
-1.9667210078e-03
7.5415934106e-03
-4.7152688385e-05
2.7197103394e-03
5.9290503991e-03
1.6112251969e-03
-2.6015121840e-03
5.1512453766e-03
-4.1229802954e-03
2.1597647962e-03
1.6687188003e-03
-6.6540223295e-03
-5.8559080276e-03
-3.8717248340e-04
-5.4295179980e-03
-4.5532319068e-03
4.2118920314e-04
-2.6408175250e-03
3.1021894618e-03
-5.1555261643e-03
-2.9821005713e-03
7.1848164589e-03
-4.6197508864e-03
-5.2792705298e-04
9.2201987074e-04
-6.4442103860e-03
-2.1919805427e-03
3.2682431339e-03
1.4577396404e-03
-8.2787532486e-03
-2.7372274900e-03
2.2941630036e-03
9.0459049872e-03
3.3422914006e-03
2.3383884623e-03
-7.2159187763e-03
-2.3711254019e-03
4.4204827021e-03
6.6212593769e-03
-5.6156172064e-03
2.4945469773e-03
4.1129859727e-04
8.7861880851e-03
-6.9320498723e-03
-4.7523044934e-03
4.8255339640e-03
-5.9748662409e-03
5.5296463701e-03
-3.2565753208e-03
5.1529656168e-03
-1.5442413875e-03
-3.7015665466e-04
-4.9127845931e-04
8.7852808356e-04
-4.3133950546e-03
4.7429909213e-03
-2.9515059596e-03
-9.6554886471e-03
3.2339938906e-03
4.5738536762e-03
3.7751178117e-04
2.7145431050e-03
1.0833250753e-02
8.3380842157e-03
4.2392809801e-03
2.9540269601e-03
5.9248692981e-03
-4.8119563077e-03
2.9907910487e-03
-8.6903934559e-03
3.4166780993e-04
2.6761605618e-03
4.2502805938e-03
1.4812472432e-02
-1.2984964951e-03
2.3081211965e-03
-4.2193339096e-04
-7.4011465797e-03
2.7227544747e-03
-1.2973714689e-03
2.6998377375e-03
-5.0858271000e-04
4.9113335558e-04
-3.0043707097e-03
5.9575138993e-03
-6.4113618128e-05
-1.7224442189e-03
-3.7250503016e-04
-1.7839199787e-03
3.2461240974e-03
-2.5587937762e-03
9.0178207143e-03
-5.9929322625e-03
8.3142128287e-03
1.4898976152e-05
-2.4742839580e-03
1.1870792792e-03
-1.6765739320e-03
-5.9834467165e-03
-1.2394545244e-03
-4.1589708857e-03
3.0947555843e-03
4.5237038124e-03
-3.5701224413e-03
-2.5680272251e-03
-1.0435879471e-03
4.4183140097e-04
5.5078176562e-04
-2.9449684687e-03
-6.1846055613e-04
-5.8215333896e-04
-2.9772585412e-04
1.4227579462e-02
7.1139142007e-04
-5.6177908989e-03
-3.6362010605e-03
-4.3496820451e-03
6.1972068571e-03
6.9526749796e-03
-5.7356203191e-03
-4.6967240505e-04
1.5006114144e-03
-1.5065458997e-03
-2.2008943931e-03
1.1360413478e-03
3.8117982223e-04
5.0857487876e-03
1.0793671424e-02
3.0578513409e-03
3.0413550815e-03
2.9073480620e-04
-6.5724157049e-03
8.9061738561e-03
-7.1930156147e-03
-2.0229541763e-03
2.6538038720e-03
-4.0591072762e-03
3.1327292830e-03
3.0326846356e-03
8.1739132151e-04
3.6262441522e-03
1.0564240171e-03
-6.9318674699e-03
6.8029126848e-03
-6.5403939599e-04
-6.6752412967e-03
1.1417124861e-03
-3.9906894065e-03
2.5262523977e-04
-1.0153975247e-02
4.0581100117e-03
-5.3212909829e-03
-4.3959884757e-03
-9.5403005262e-04
3.7253625428e-03
1.8693935014e-03
3.7307601483e-03
3.1337383287e-03
2.4403311468e-03
1.1391038146e-03
7.5853685326e-03
-7.9264364572e-03
4.0110156445e-04
-5.8725958693e-03
1.9105363389e-03
3.9888615002e-03
-5.7620142110e-03
-1.0904057138e-03
-1.3933047490e-03
-4.1071054444e-03
9.6719761475e-03
-2.6165482526e-03
3.6446223678e-03
-6.2962352929e-04
4.6261635028e-03
-5.3026219863e-03
8.9600915210e-04
-3.8534747589e-03
8.4392226432e-03
5.5154113557e-03
1.2345927864e-03
1.6372236248e-03
3.4992993629e-03
-1.6069113706e-04
5.6732642943e-03
-5.2668996574e-03
-4.1086831887e-03
7.8843808765e-04
-7.0678859110e-04
3.0092780813e-03
-2.9340046800e-03
-4.3571312642e-03
2.8265948418e-03
-4.7049862624e-03
9.4379153735e-03
5.8990597725e-03
-2.1795121252e-04
-5.5464766496e-03
1.0030504286e-02
-3.2541186977e-03
-6.5991230675e-04
4.5969773727e-04
-1.7486242720e-03
-4.1550588691e-03
-2.3406056526e-03
-4.2921448435e-03
4.3322123716e-03
1.5572241241e-03
-2.3124921690e-03
2.5606608389e-03
3.6076150155e-03
-3.0371551091e-03
7.3888949357e-03
-7.7813380019e-04
4.3421938033e-03
3.5459408465e-03
2.9336399423e-03
7.5404961298e-04
5.6844495867e-03
2.9527960063e-03
6.5132643689e-04
1.2932608064e-02
-8.8104238614e-04
-1.1364124206e-04
4.2122983401e-03
9.0782057570e-05
3.7507186130e-03
1.3235330096e-02
1.4597014447e-03
-1.4215054632e-03
-3.5970229669e-03
-1.1705637947e-04
1.0372604105e-02
-4.0384559959e-04
4.3217284590e-03
5.4585431515e-04
-4.7387638618e-03
6.6032955245e-03
-6.3642757269e-04
-2.5954644119e-03
-2.1466332133e-03
-3.6859297084e-03
-8.0609158015e-03
1.4712766784e-02
-4.9933853044e-03
-2.5328976770e-04
1.9543050951e-03
-4.7151238955e-03
8.3404896401e-03
5.8280687267e-03
2.3666037044e-03
-3.8739565545e-03
3.0903517938e-03
3.0283230690e-03
-5.9630656942e-03
-6.2184485879e-03
1.4739845918e-03
-2.9824998935e-03
-3.0212429653e-03
-9.0456845802e-05
-6.3928946775e-03
-4.9643495326e-03
7.3115359879e-03
2.6100582828e-03
1.6339144802e-04
-8.5878225521e-03
-3.8524351561e-03
1.4485361731e-04
-3.3308170129e-03
-1.1525566042e-03
7.7400473692e-04
-2.2098348978e-03
-3.1148333165e-03
-4.3357069780e-03
6.2806419404e-03
8.5597816223e-04
-7.1488639273e-03
-3.3243145604e-03
6.7118025854e-03
3.7856260546e-03
-1.7497601836e-03
-2.1380124194e-03
8.4020216351e-03
2.9803467880e-03
-2.9766281616e-03
5.3879836420e-03
-3.9116349486e-03
1.1657185067e-04
1.9949531499e-03
4.1126505620e-03
7.3279495956e-03
4.6352024211e-03
-2.2199215560e-04
-5.3229783697e-04
1.7435119861e-04
-8.6478724262e-03
-4.8889361848e-03
1.7542814433e-03
-2.3177559995e-03
-4.7004615257e-03
8.9631286862e-03
-3.8208198302e-03
2.4286724913e-04
3.7963259426e-03
-2.2978488507e-03
-8.2654819268e-03
-2.4236772990e-03
3.7335276136e-03
9.5882103187e-03
-6.6012820498e-03
-1.8637135179e-03
-2.2649789306e-03
-2.8089496459e-03
1.0990368421e-05
2.4330374625e-03
7.4205720268e-05
4.9251180496e-03
-3.1750421229e-03
-1.2227261651e-04
2.6441775973e-03
2.5944085257e-03
-2.0521742722e-05
4.2971200976e-03
3.1461864922e-04
6.8711174170e-03
-2.9524216334e-03
-2.7981758702e-03
-1.7946123967e-03
1.2937888983e-03
8.7233741085e-04
-9.9140140278e-03
2.2134440392e-03
-7.9245946672e-03
-3.3741807598e-03
-4.6969077160e-03
-6.4205908568e-03
-5.2997981427e-03
8.3005406908e-03
-6.5099497751e-04
7.2544537814e-03
-4.5302943748e-04
9.4516795065e-04
-1.0523059324e-02
1.6621752511e-03
-1.6072414807e-03
-4.2158068623e-05
7.6180263838e-03
-8.1066905644e-03
-3.7239296312e-03
1.1441944332e-03
-7.3258447793e-04
-3.2696823754e-03
5.6160885459e-05
2.6668184275e-03
1.1609470550e-02
-1.8700973799e-03
-3.7444671889e-03
5.1315850336e-03
-1.2629249996e-03
2.8874608079e-03
-2.0023080442e-03
4.4937474302e-03
-4.6855072997e-03
-3.4702810478e-03
2.5918265396e-03
-5.1521836817e-04
-1.8835124599e-03
-7.3756902734e-03
1.4097504375e-03
-3.4911602998e-03
-4.3647788937e-04
-2.4355882047e-03
4.3666030333e-03
7.0542671464e-03
-1.7431251845e-03
4.3184222459e-03
-2.0440497118e-03
1.0636020222e-03
4.2720985968e-04
-8.1556341605e-04
-5.2579132018e-04
-3.4006045115e-03
3.3285257032e-03
-5.6306330401e-03
-5.4163935782e-03
5.8402971322e-03
1.6819618732e-03
-3.4798497809e-03
-9.0110350705e-04
2.9447758539e-03
6.5977610162e-04
4.6555216504e-04
8.2903536805e-04
-4.2610945508e-03
-5.9895145219e-03
7.8624817808e-03
4.9806013709e-03
8.2055158456e-03
2.1334559495e-03
-2.4560829088e-03
-5.9573097685e-03
1.1256150526e-03
3.7633134762e-03
-1.0226962318e-03
-4.2510787922e-03
-4.6803601077e-03
-5.3480354531e-03
2.6732017370e-05
1.1609031527e-02
-4.5589678012e-05
2.0887814023e-03
1.1095222583e-03
2.3682743517e-03
-1.0044194865e-03
2.9423104609e-03
1.1035403503e-02
5.9282063359e-04
-8.1477764180e-03
2.2354893972e-03
-5.8339548618e-03
1.8270099905e-03
-1.6269195256e-03
-2.7576157425e-03
3.7475963378e-03
-7.4804393403e-04
2.1778498683e-03
-9.1506225112e-03
-8.8408611660e-04
-4.0353168720e-04
-6.0613073580e-04
5.7104967431e-04
-2.0550904576e-03
-1.5965920334e-03
-3.5742818387e-03
-3.8028197126e-03
8.0045133787e-03
2.2381018404e-03
-3.6149148097e-03
7.0951455655e-03
5.0686117718e-03
7.6859541585e-04
4.1874753367e-03
-2.3209380766e-03
2.6029167748e-03
-3.4362879948e-03
7.5110418273e-04
6.8190135056e-03
-5.7286758847e-03
-1.4154922180e-03
-4.0116487749e-03
4.2573589540e-04
4.1303819437e-03
8.3685820177e-03
-9.0196190496e-03
1.3113686085e-04
-4.7857340653e-04
-1.7279733752e-03
1.0960711545e-03
8.8467966725e-04
1.7697471342e-03
-1.8700250137e-04
2.4021541473e-03
-4.4730122609e-03
-8.2346119288e-03
2.4513726501e-03
-1.6090673253e-03
3.1102334926e-03
2.7054960238e-03
-1.3666751261e-03
3.8789207366e-03
-3.3585236477e-04
9.3249755352e-04
2.3978067766e-03
6.5799017697e-06
2.3932925120e-03
-5.3234429349e-04
-5.8010633250e-05
3.8611228311e-03
-8.6767751776e-05
-4.5582788948e-03
6.0689027085e-03
1.3248512685e-02
6.0282475842e-03
5.1939490044e-04
1.9017127821e-03
2.7437474635e-03
-1.0346318970e-03
2.7856480650e-03
5.1929613538e-04
9.7835175813e-03
2.5331514972e-03
7.3149511620e-03
1.9837112819e-03
1.4835296574e-03
-1.1388595422e-03
2.5163586639e-03
1.2992122784e-02
-4.1137630689e-03
-5.2909328309e-03
3.6051495606e-03
7.7679606366e-03
-3.9286293278e-03
8.1614367064e-03
3.4696889123e-03
3.4636825556e-03
-4.6026365446e-04
2.6231199468e-03
-5.9544760323e-03
-3.7232555859e-03
3.3123445545e-03
2.4552946439e-03
3.3911556207e-03
8.6768431101e-03
-3.3987172329e-03
4.0576719319e-03
7.0472626171e-03
3.5583909643e-03
9.4951148806e-03
2.2429930111e-03
-4.8347368410e-04
-6.5283943075e-03
-4.1814973935e-03
-2.6911204663e-03
4.0969128281e-04
4.8446584617e-04
-9.1599648921e-04
-1.8088581393e-03
7.9920554810e-03
-5.9233392980e-03
4.6602091841e-04
-4.2504321445e-03
7.3127372189e-03
-4.7076451084e-04
-4.0116019983e-03
5.9790904292e-04
-2.3485414174e-03
8.0621921349e-03
1.0198610783e-02
1.8492007984e-03
-5.6130738371e-03
3.7879055190e-03
3.2352679341e-03
3.1631959667e-03
9.8483529034e-03
2.3733033838e-03
-5.1660738276e-04
2.9135637327e-03
1.2933065044e-03
-1.6187090683e-04
2.3538215965e-03
-2.4422863227e-03
-2.8952634220e-04
-3.5403706326e-03
1.0679666425e-02
3.7098015969e-03
9.9115293136e-03
-6.0152748021e-03
1.3911906375e-02
-9.0670280575e-03
-1.2386877652e-03
-5.6887860850e-03
1.3167447502e-02
-2.8124757764e-03
-4.3545883675e-03
-4.7807733136e-03
8.5571218181e-03
-3.8669459988e-03
-4.6452340789e-04
1.7683526387e-03
7.3086824423e-03
-9.9906555926e-04
-3.8396592344e-03
-2.8862319553e-04
-5.6641151481e-03
1.3720914633e-02
-3.2223432567e-04
-1.0801223652e-02
-1.2282164239e-03
5.8068650621e-03
1.1503746454e-02
-5.3337072549e-03
-6.2189378783e-03
8.5019002642e-03
7.3306582364e-03
1.1241634104e-03
-2.6766253238e-03
2.9995940484e-03
-8.5201234781e-04
-4.6510979497e-04
1.0389540957e-02
9.4510324647e-03
-9.9709052941e-04
-2.8063624223e-03
8.6153040662e-03
9.6444693502e-03
-2.4777127854e-03
3.6139644600e-03
-1.6322935627e-03
5.9798200062e-03
-7.4652578432e-03
-6.8041440808e-03
-2.0747189262e-03
-2.0064368050e-03
-1.6495095882e-03
1.4005416067e-03
6.3695997000e-03
-2.8656669711e-03
-3.4875578161e-04
-1.2631006381e-03
-5.2000053995e-03
3.0768436100e-03
5.2952970096e-04
-8.1582740960e-04
-5.8753192659e-03
3.8482370424e-03
-6.4269580805e-03
-6.6642015560e-04
-7.4322735952e-03
-8.2827880656e-03
7.6623314635e-03
-4.2331234575e-03
-1.0222679992e-03
-2.4502701009e-03
-7.5339203835e-03
6.9725123469e-04
1.0181813405e-02
-6.8776558889e-03
-9.3805891812e-04
5.4243491750e-03
-7.3641315451e-03
1.9166413477e-03
-5.5510293505e-04
-8.1059749313e-04
-3.5442092052e-03
7.8591654548e-04
2.1423476695e-03
-2.8012745192e-03
3.3885105857e-03
9.0597387033e-03
7.1524914387e-05
1.7229342975e-03
2.2023177399e-03
-4.9115540305e-03
4.8804048565e-04
-6.1315024439e-03
-6.3760142080e-03
1.7019931417e-03
-1.9668898648e-03
-2.7831787506e-03
-5.9999286629e-03
3.3690862697e-03
8.1803715183e-03
-5.2212522910e-03
-7.6851341837e-03
5.1940960162e-03
1.9910473097e-03
1.8105369996e-03
5.4416901984e-03
6.6202488857e-03
-2.5519144911e-03
-1.9004687353e-03
5.8631997880e-03
-3.4700071210e-03
-1.2026673283e-03
-2.2427021120e-03
-8.8377502475e-04
-3.5276511178e-03
2.2357229672e-03
6.7689286765e-03
-1.5788617168e-03
2.6724018390e-03
-5.6078615010e-03
4.5283259510e-03
-5.3177453902e-03
-4.3276987955e-03
-6.3659912103e-03
-1.6618124829e-03
-3.2855453512e-03
1.1036831522e-02
1.3253769065e-02
-5.0163824515e-03
-5.0618176688e-03
-2.8220167697e-03
1.2390164059e-03
-7.7023410372e-04
3.1148095298e-03
7.5087195956e-03
-3.6892962233e-03
-3.3156071018e-03
1.3235805893e-03
1.3736385241e-03
9.8122632394e-03
-7.3361802233e-03
6.2350928307e-03
-1.5306719749e-03
-5.8200190725e-03
-3.8725736270e-03
-3.6220997791e-03
8.5724705589e-03
6.1246475919e-03
-2.1704762358e-03
-3.8981855637e-03
1.4759848606e-03
2.9931921235e-03
-3.1727277644e-03
2.1103393647e-03
-7.1880748526e-03
1.1103261888e-02
2.4053450707e-03
6.1078295651e-03
4.6966934976e-03
8.9378685565e-03
-1.8196965394e-03
-8.4938945859e-04
3.7813053235e-03
-4.4135114381e-04
-1.8812498090e-03
5.6224493737e-04
5.2843959114e-04
-1.3443634444e-03
3.2848543864e-03
1.7919794107e-03
9.0709304910e-04
7.3968576171e-04
2.9504237710e-03
2.3155419263e-03
1.1251774031e-03
3.9096805464e-03
7.1522078637e-03
-2.1537751022e-03
-7.0824399131e-03
-4.0359778332e-03
3.4065426819e-03
-6.8892567063e-03
-5.8083815044e-03
-9.2804828377e-04
1.4871564930e-03
1.1247806777e-03
2.9870510225e-03
-7.4175483898e-03
-7.1885555921e-04
-2.9824582812e-03
-6.3384767428e-03
-8.2299767142e-03
-2.0597594206e-03
5.0944301126e-03
6.3660012821e-03
-2.2055943962e-03
5.6483418407e-03
5.5487406679e-04
3.1510622850e-03
9.4845351638e-03
-3.8589854820e-03
3.5502918832e-03
4.2198769446e-03
-2.5511242643e-03
2.3064712843e-03
-4.2296643809e-04
4.3024079681e-03
1.0493257558e-03
2.9754585005e-03
-1.0251398005e-03
-1.2150313004e-04
-6.6647046837e-04
1.0247875283e-02
-3.6731022881e-03
-3.6639467818e-03
1.2615073255e-02
2.3492830205e-03
-7.2921971179e-04
3.6472701363e-03
-5.2800242385e-03
3.4653241279e-03
-2.6711293737e-03
-8.3362571070e-04
2.2558338728e-03
7.4214416923e-03
-6.0532250619e-03
-3.0110018621e-03
-8.4424320250e-04
-6.4376702810e-03
-4.0855500562e-03
1.4875230408e-03
7.4747742309e-03
-6.0095380945e-03
2.2173310848e-03
-6.0732549276e-03
-7.3696565785e-03
-3.4293877113e-04
5.5759120636e-03
-3.6142076860e-03
-3.2724677437e-03
3.0453976353e-03
-1.6633199965e-03
2.2874162950e-03
-7.5527291053e-04
2.5045134392e-03
-5.1821036133e-03
5.2435239362e-04
2.3072408208e-03
6.4789151389e-03
2.2355021075e-03
-4.6689877809e-03
-3.1345537019e-03
-5.8247711129e-03
3.6795938851e-03
4.8921491868e-03
-7.1917357696e-04
-2.1480893041e-03
-2.6076739690e-05
-2.4384048247e-03
6.0754729502e-03
-3.5233430234e-03
6.3614128368e-03
-6.0655987353e-03
2.4330715325e-03
-2.2845333261e-04
1.8409220819e-03
-3.7825834304e-03
-1.3805938307e-03
-8.7601182494e-04
-1.7138647961e-03
6.0377477291e-03
-4.1189129087e-03
-5.5207315007e-03
-3.1833649555e-03
3.4359052122e-03
2.2116973440e-03
-7.0150171674e-03
-3.9312058228e-03
-3.1450590327e-03
1.2116432727e-02
4.4989118835e-03
5.4816726366e-03
6.0337859149e-03
-8.7582766178e-03
-8.5741868904e-03
2.6431161410e-03
-1.3208317739e-03
4.9316866233e-03
-5.2206370371e-03
-8.0413152900e-03
-4.1220158308e-03
-7.5371051409e-03
-6.5662362019e-04
-6.5135146613e-03
-6.1348313248e-03
6.7598709107e-03
-1.4110661712e-03
-9.2213219731e-04
-3.2190917515e-04
2.4945536329e-04
3.7687564976e-03
-6.8811456433e-03
2.5327611207e-03
-1.2695113728e-03
-8.3882609647e-03
4.4246748052e-03
3.5255209686e-03
2.2817284136e-03
-7.4858091852e-04
-6.9014475754e-03
1.3204648361e-02
5.0313083108e-03
2.6038810651e-03
-5.2993132099e-03
2.5430181142e-03
-1.7024875349e-03
1.8560317371e-03
6.6051123926e-03
4.7227109623e-03
-1.3024533192e-03
5.8516937252e-04
-7.0406457034e-04
4.2186506301e-03
-1.7264730087e-03
1.0524352161e-02
3.0165416559e-03
1.3558296939e-03
-8.9765057640e-03
-7.3376641544e-03
-7.4373235247e-03
-3.5817749617e-03
-2.0261673134e-03
-4.3857370467e-03
1.4999997752e-02
-2.7551937388e-03
-2.1144443609e-03
3.4012438111e-03
4.3613778999e-05
4.6958912381e-03
-5.0430414270e-03
-5.2263116514e-05
-1.4468263975e-03
-8.3357851084e-03
6.6006590010e-04
3.9589421301e-03
8.1931221383e-03
-2.3784580212e-03
-3.7767748269e-03
-2.6966990036e-03
8.4062388765e-03
-4.4001285790e-03
-6.5926586595e-04
5.9644197162e-03
-8.0523381913e-04
5.0000450650e-03
-3.6322329301e-04
3.2451039375e-03
2.8011319676e-03
4.8201422144e-04
-5.0892001702e-04
-1.3904464617e-03
3.3556473700e-04
1.8889818720e-03
5.7504682375e-03
-2.3674862392e-03
-6.9946033338e-03
2.6387070883e-03
-5.7658260399e-03
5.6515394571e-03
3.4426141095e-03
-1.8416132324e-03
1.4126027823e-03
-6.2859344710e-03
-9.0260125814e-03
5.7145811228e-03
2.9407046739e-03
-1.2783788893e-03
-4.1103439148e-03
8.9552772916e-04
-1.5956517339e-03
1.1453648086e-03
-9.0163899737e-05
-4.4105436567e-03
-7.1166615063e-03
-1.4906431963e-03
-2.0774389719e-03
1.0484985581e-02
-4.9592391466e-03
-4.1724934467e-06
6.5188498758e-06
-8.2876132175e-03
3.3053118890e-03
-7.4803820848e-03
-4.3991750425e-03
3.0974455280e-03
-1.0480308551e-04
1.8295088797e-04
2.5770534326e-03
5.9862001836e-03
-1.0183246196e-03
-5.6936348883e-03
6.2443956486e-03
-1.6437170133e-03
-1.4406330190e-03
-3.4227968798e-03
7.9207645521e-03
-3.3729945761e-03
-2.4846545524e-03
9.0999901201e-04
-3.4574413962e-03
4.3365943907e-04
-5.8809846951e-03
-9.6051755150e-03
7.3270309750e-04
7.6037802216e-04
2.8975000642e-03
2.8857158736e-03
3.5202957465e-03
-6.2099469632e-03
-1.5408035743e-03
1.0129227051e-04
-3.0965614880e-03
-3.6908464607e-03
1.3369829125e-03
4.7465109066e-03
-1.3019750223e-03
-3.9575777977e-03
-8.7278880126e-03
-1.8788387208e-04
4.5488872252e-04
5.1672527921e-03
-7.6461537719e-03
-6.5116782620e-03
-6.0627757846e-03
-7.1644050420e-03
9.9211382138e-03
-3.3059840363e-03
-8.6294944534e-04
1.0774863395e-03
2.1772409598e-03
-8.6724226575e-04
-4.9095951419e-03
-2.7159224855e-03
-1.9436706100e-03
-9.0541892099e-04
-4.7050901044e-03
1.1257387799e-04
1.0346077828e-02
-7.5226723742e-03
-5.3063591386e-04
-3.0187655417e-03
-1.2173001114e-03
1.6430670832e-03
4.0399320452e-03
4.8705737294e-04
-1.5242458012e-03
-5.3042316122e-04
7.5984597355e-03
1.7170471739e-03
7.6489300523e-03
9.8604563236e-04
-7.5869993563e-03
-8.5876309195e-05
-4.6759871164e-03
-4.7762842916e-03
7.5497205851e-03
-1.0803189918e-02
-5.0684352320e-04
-1.9204812913e-03
2.1326056890e-04
-1.1946877858e-03
-6.6101666245e-03
-3.7449192959e-03
-8.9723394057e-04
4.6759663823e-03
-1.6865448888e-03
-4.5930292675e-03
-3.3107794775e-03
-3.9251779871e-04
6.5651624428e-04
6.5398599022e-03
5.8855326704e-04
1.8630877093e-03
6.8447212215e-03
-2.8054472917e-03
-5.4038363191e-03
-3.0713337839e-03
9.9930948922e-03
1.1357869007e-02
6.9459510631e-03
-3.1231297575e-04
1.1109388328e-03
-1.0073421170e-02
-1.8895432348e-03
1.6382464381e-03
1.8833809119e-03
5.7725120585e-03
-1.0696586061e-03
1.2424137532e-04
8.0527199262e-04
4.0833860539e-03
-3.8356116832e-03
1.5922829856e-03
-4.7185332341e-03
1.1124132788e-02
1.1651649225e-03
1.0700408678e-02
8.5317977486e-04
1.1385261693e-02
-2.5483717169e-04
7.1341797767e-03
-1.3978503992e-03
9.0847107256e-04
-2.7316251287e-03
-2.8050393012e-03
1.7935897723e-02
7.4773131728e-04
-3.4260345241e-03
-6.0508492128e-03
-4.6589526455e-04
-7.9478665604e-03
-3.5610792734e-03
4.1189787962e-03
-3.4508913452e-03
-6.0133559403e-03
2.5985371040e-03
-9.7522374443e-03
-3.3344786178e-03
-3.7492658394e-03
-2.0032733346e-03
-3.8769618963e-03
-2.5819200991e-04
1.3090045365e-02
-1.2481583561e-03
-5.0287180731e-03
1.3897085541e-02
-2.9613121328e-03
9.4028888474e-03
-2.2023943298e-03
-2.4412843172e-03
-1.8902235435e-03
3.2703037214e-04
3.2223456287e-03
-2.6620550776e-03
7.5062029168e-03
2.5495511267e-03
1.7064967009e-03
1.0555237850e-04
-6.1769056622e-04
5.9719430382e-05
7.1491422016e-03
-4.4291665274e-03
-3.3759208934e-03
3.6164692162e-03
-3.6061453420e-03
1.3507632411e-02
8.1060629585e-03
-1.3200627424e-03
-5.2106751686e-04
-8.5037599058e-03
-5.3537094744e-03
-5.3148462543e-04
-4.1327895955e-03
-1.7674434973e-05
1.3855762519e-03
-2.7067318052e-03
-2.7091128535e-03
7.3480932289e-03
-3.9246487589e-03
-9.5258750394e-04
-1.6802302664e-03
-5.3832733965e-03
-1.9023556284e-03
-5.1720498359e-03
-2.0560017985e-03
3.7012281443e-03
-2.6463458570e-03
-4.5032619712e-03
-1.6509024847e-03
-3.6073650604e-03
1.0027241147e-02
3.5868738341e-03
-1.1974423873e-03
-5.7081229696e-03
1.4763137676e-03
-7.6012598103e-04
3.6404805110e-03
-1.9405348699e-04
-7.6570703342e-03
-4.9311724902e-03
-9.4383715741e-03
-2.0023256978e-03
2.3862170686e-03
6.2589843565e-03
2.1522302641e-03
-4.3773528212e-04
2.5250001243e-03
-1.9013101019e-03
-9.4046525505e-03
1.1754226698e-03
1.2708659026e-02
2.9755132847e-03
-2.6502681843e-03
-2.0362698286e-03
5.4367298995e-04
1.7596657648e-03
-6.4991365971e-03
6.0987063398e-03
-2.0235270251e-03
-1.7093161370e-03
5.7080145981e-03
-6.9736702288e-03
-4.4731659211e-03
3.9386815859e-03
-1.1453232764e-02
1.6441145348e-03
4.1847117501e-03
-5.3533040316e-03
8.9104797881e-05
2.7831514081e-03
-8.6417007802e-03
-3.8920375467e-03
-2.0334940870e-04
2.9790154014e-03
-9.0710111917e-03
-4.0390591028e-03
-5.5627766315e-03
9.6366457502e-03
-5.6512817970e-04
7.7639880660e-04
6.5110094878e-03
8.1343680023e-03
-3.9924815478e-03
7.4881953238e-03
-7.9742736233e-03
-2.6619203895e-03
-1.5921258932e-03
-4.0108278311e-04
-1.2747224026e-03
-6.1451180352e-03
2.9041209176e-03
-7.7142244369e-03
3.4886186529e-03
1.7209421346e-02
3.7088728469e-03
1.3644725506e-03
-1.0117061682e-02
-1.8935533441e-03
1.8436747833e-03
-6.8443712074e-03
-1.1843830526e-03
-3.6811055996e-03
-5.0117628717e-03
-5.0674988116e-04
-5.6937085144e-03
2.3426654225e-04
-3.0478864072e-03
2.5025511640e-03
4.2481402663e-03
-3.1613946938e-04
1.5444345894e-03
-3.5776559615e-03
-1.4658896584e-03
1.0421215530e-02
6.3712757106e-03
1.1044516288e-03
-2.5086141675e-03
-5.9107457172e-04
2.5332257116e-03
3.4724412086e-03
-3.4211638580e-03
-8.1917700982e-04
6.7283009100e-04
1.7894083172e-02
1.1910970621e-03
2.5892440239e-03
-2.0061123034e-03
9.7191050818e-04
1.1296994820e-02
2.6863627260e-03
-6.4401534865e-03
-1.4235660958e-03
-3.9392600026e-03
-1.3699668865e-03
-5.5142682429e-03
-3.4598023277e-03
-1.6742157237e-03
5.9442354484e-03
6.0549624353e-03
4.2804779297e-03
5.1574129406e-04
9.0902161523e-03
-1.6070080527e-03
2.0314105099e-03
-3.7754879206e-03
5.3903156328e-03
9.5264661409e-03
2.8762506406e-03
-6.1336515122e-04
8.6314656951e-04
-1.3642928823e-03
-1.5809992655e-03
-3.7020284666e-03
-1.9341584820e-04
-2.5576508458e-03
-7.9179330828e-03
6.3308849927e-03
2.1061452267e-02
9.8008396076e-03
-5.9334960145e-03
9.6502755106e-04
-1.1753804948e-03
1.8956687679e-03
-3.2951889509e-04
2.7051768593e-03
-6.6182992136e-03
1.3879675683e-02
6.9040749376e-03
3.6098784118e-04
7.4434767597e-03
9.3496924351e-04
9.4233903019e-03
-3.6406939665e-03
7.0025954646e-03
1.7099955296e-03
1.4719007005e-03
6.6356248440e-03
-1.3904339058e-03
-1.4920109445e-03
1.4318411417e-03
9.0061814129e-03
4.7955536718e-03
-2.2012502737e-03
1.7452548483e-04
-6.8511061563e-03
-5.9101854103e-03
-3.1450437278e-03
-3.4424448221e-03
2.4772815426e-03
-5.2177136309e-03
2.2219156551e-03
-1.0455304432e-03
5.6240786888e-03
2.2655886808e-03
-3.6893720369e-03
2.6564659866e-03
-5.2804180219e-03
9.0803559637e-04
3.2225150788e-03
-1.3343714951e-03
9.9604228434e-03
3.0811620186e-03
-1.7825196725e-03
-1.3501020022e-03
6.5520703786e-03
-4.5549452499e-04
3.9663699764e-03
1.7352426200e-03
-6.8946925452e-03
-3.4471461015e-03
2.5334303952e-04
-4.5184288632e-03
-1.0973403853e-04
1.4425903286e-02
-2.4043883524e-03
-4.8729297120e-03
-2.8967785698e-03
-4.2873417610e-03
-2.7019764156e-03
2.9527382195e-05
6.7937041441e-03
-4.8986102564e-03
3.1881801911e-03
-1.9895240795e-03
6.0456539947e-03
-5.5325694042e-03
5.0863387210e-03
3.6253376176e-03
-5.0224253350e-04
1.5465847511e-03
9.8278480130e-04
4.3150568356e-03
-1.0634249925e-03
-3.2426524353e-04
-1.5154361894e-03
1.3143375434e-03
2.4364446474e-03
1.3164142254e-02
6.0141318101e-03
-3.4147675759e-03
4.7422387809e-03
-2.2247629558e-03
-1.7203034718e-03
5.0447182495e-03
2.3844295497e-03
-3.5476295871e-03
-2.0051498158e-03
1.7957631916e-03
-9.5133495178e-04
1.1320091501e-02
6.6345617999e-03
5.4515913137e-03
2.2469878877e-04
5.2532246281e-03
6.6128888619e-03
-6.0745387166e-03
1.0089996114e-03
4.3602384146e-03
-5.6386687950e-03
-3.0359635529e-03
3.5235388440e-03
-1.0107371808e-03
3.2025180948e-03
3.6738354001e-03
8.5721318931e-03
1.5168282044e-02
-3.0511830163e-03
-2.4855251544e-03
-5.9142837369e-03
3.5036160713e-03
-2.3656961497e-03
7.4976828079e-03
3.6148891714e-03
-7.2616633527e-04
3.0995718117e-03
3.6228053539e-03
-2.7667723215e-03
3.6427135644e-03
-3.7687487244e-03
8.2175926573e-03
-6.6879211909e-03
4.2181011569e-03
2.9710812985e-03
-2.9034118218e-03
2.9873319617e-03
-6.5583211028e-04
-2.4360224592e-03
6.0445767011e-03
-4.3233363824e-03
1.2580883667e-03
6.5661005086e-03
4.5387697665e-03
1.1567227166e-03
-5.3394783364e-03
1.1654925518e-04
3.5376548220e-03
5.6619133377e-03
3.9506332764e-03
-4.4132179314e-03
-1.0587407315e-02
-2.1639212138e-04
-3.7256626255e-03
7.0025781252e-03
-2.2860731822e-03
2.3776512781e-03
-5.0595552653e-03
2.6486910161e-03
2.5403261609e-03
-4.0082818624e-03
5.7572924949e-03
-5.4468662071e-03
1.2355862947e-03
2.1048060081e-03
-7.9059620934e-03
-1.9141497716e-03
1.3354833676e-03
3.2872259442e-03
4.8420807697e-03
-3.3233594632e-03
-2.4332661024e-04
9.2647601098e-03
7.1710315949e-04
5.0349765098e-04
-2.8001508436e-03
-2.3905726794e-03
-3.8298420033e-03
6.2320336095e-03
-2.5011213774e-03
-6.7651704763e-04
-2.8758903948e-03
1.7019174423e-04
-4.3544173105e-03
7.2023465013e-04
6.6545507701e-03
-2.2746940540e-03
3.9151591817e-04
3.4197574968e-03
5.6355284297e-04
3.1265085024e-03
1.8588758474e-03
3.6197149780e-04
4.0435761924e-03
1.7753934114e-03
3.1744472040e-03
-5.2704075220e-03
-9.2129847916e-04
-1.0050062458e-03
-5.7080884954e-03
6.6210800828e-04
-8.4840790590e-03
7.7954418919e-03
4.4757238128e-04
4.7368555497e-04
1.9864814952e-03
1.1346829884e-02
-6.6835175419e-03
-7.2413304520e-03
-7.4460300785e-03
-8.8740798345e-03
1.2397147386e-03
-6.7786918405e-03
-7.4465213159e-04
6.9302371018e-03
-4.6081941147e-03
2.3125835169e-03
-2.4977490686e-03
-5.7465296034e-03
8.5319971752e-03
-3.6815672336e-03
-2.6838231456e-03
-6.9503430620e-03
2.9145021170e-03
4.3824959606e-03
-5.3488214377e-03
1.4609013223e-02
-4.0306797318e-03
4.1542736660e-04
-6.3648082920e-04
-3.7535224928e-04
-2.9336482275e-03
-5.8687807536e-04
-1.4986376822e-03
6.2186737470e-04
-8.4391113958e-03
-1.9976930675e-05
2.1730066170e-03
8.3630854058e-04
6.0438997618e-03
-5.1882415170e-03
-1.8329244164e-03
-2.9067897489e-03
1.8564210076e-02
9.5511544562e-03
3.4760972577e-03
-1.1250025324e-03
-1.2255780265e-03
3.6945697466e-03
-3.7050092618e-03
-2.3671308025e-03
8.3595698978e-03
-5.7384553670e-03
-1.7842308617e-03
5.5660864703e-03
-1.2331056377e-03
-4.5202904685e-03
4.9762794487e-03
-5.2349971940e-04
-2.3072893374e-03
-3.7055621672e-03
-1.9499698242e-03
-3.0059182853e-03
4.4261913142e-03
-1.3056376674e-04
-2.6609891784e-03
7.1142385547e-03
-3.7193075512e-03
6.4296993081e-03
-2.2874700115e-04
-4.2252619584e-03
1.1369486722e-03
-6.6006408241e-03
-3.5459640880e-03
7.4903820230e-03
2.7457777758e-03
-2.7990197730e-03
5.4928146373e-04
-5.7003871330e-03
6.2970686194e-03
-8.9681850517e-04
8.3857283803e-03
1.8136252675e-04
2.1544881430e-02
-4.6864257167e-03
7.4089603738e-03
2.3356079036e-04
2.6421495319e-03
-8.2668813745e-03
-1.0193409031e-02
-6.6170643367e-03
-2.2735222745e-03
5.8836134560e-03
3.5768071486e-03
-1.0671551468e-03
2.6263230922e-03
1.2621220188e-03
-5.3114734905e-03
-1.4354111463e-03
-1.1685783787e-03
4.0051134545e-03
-1.5016752757e-03
-2.4242834734e-03
1.8332578608e-05
-3.0610075502e-03
-5.7642988054e-04
-3.0096744986e-03
4.7789487098e-03
1.1347306960e-03
-6.9110238101e-03
1.3773837623e-03
1.2937791324e-03
2.3739633814e-03
-4.7278782125e-03
7.2793116660e-03
-1.1396238683e-03
-4.5962252359e-04
-7.1233503649e-04
1.0528350700e-02
5.2671990365e-04
-3.2992931233e-03
9.1810244499e-03
-1.1899652171e-03
4.3998329589e-03
-3.1052186517e-03
3.0136550064e-03
-1.0025050164e-03
7.0059557211e-03
3.1632948048e-03
3.3204365244e-03
-2.7944536635e-03
1.5100311463e-03
6.0564555709e-03
7.9069055316e-03
-1.0256001485e-03
9.2563693294e-03
5.0473337212e-04
4.3152482131e-04
-7.6151448421e-03
-1.6943025560e-03
-5.1190350455e-03
-7.9254124605e-04
-2.5641763793e-04
-5.1368533355e-03
-1.0106532015e-03
-8.3930613198e-04
1.1697303811e-04
1.5000437443e-02
7.5699538172e-04
-5.8537029717e-03
-4.8241316827e-03
-6.4070364224e-03
1.6647814423e-03
1.2531311834e-03
7.4348918209e-04
-5.2480585395e-03
6.0763181574e-03
2.6359474146e-03
-4.5690303488e-04
8.9159691463e-03
4.9304647772e-03
-4.2809227481e-03
5.5266770753e-03
-1.8541039690e-03
-7.6707417427e-03
-3.0763151751e-03
-1.4838285248e-03
4.7327911241e-03
-4.8776466529e-03
5.8726973353e-03
3.1881652203e-04
1.9729042521e-03
1.9127592138e-03
5.1714509173e-04
2.2992675270e-03
-1.2771279074e-04
-9.6838775848e-04
5.2704136661e-04
-5.2872360769e-03
-2.1261513482e-03
5.6344076603e-03
2.6610181630e-03
1.8743372771e-03
-3.1366124605e-03
5.7508132485e-04
4.6358182360e-03
-1.8373183149e-04
-6.9778958735e-04
-7.8122003607e-03
9.7096034082e-03
3.7128667018e-03
-2.8161979598e-03
2.7297383702e-03
-3.6687567324e-04
9.0294457547e-04
-2.9528721062e-03
5.5712842498e-04
5.0862966690e-03
-1.2338830220e-03
7.2916138603e-04
-1.2406486057e-03
-2.2095783135e-03
6.0927609024e-03
4.2211176578e-03
-2.7318967119e-03
-1.1058316697e-03
8.2100394013e-03
-1.1659139069e-03
3.8444319967e-03
4.8523331898e-03
-6.2231014783e-03
-5.0616273138e-03
1.2786416922e-03
-5.8879593286e-03
4.3070833885e-03
1.0182053991e-04
5.6425846165e-03
3.0918940105e-04
-2.1627210585e-03
-6.0186449927e-03
1.7328257774e-04
-2.6354722935e-03
2.7799852484e-03
-7.5995362852e-03
2.2619602081e-03
-5.5059804828e-03
6.5759979865e-04
-4.3703858276e-04
8.3729995444e-03
1.7927770836e-03
-4.6179231621e-03
2.6135965408e-03
7.6079101980e-03
3.8062060878e-03
4.9750958546e-04
-2.3382636268e-03
-3.0104900901e-03
3.5225235574e-03
5.7574008665e-03
4.6879776312e-03
-1.0441135636e-02
1.0140800392e-02
-7.0066261414e-03
3.9072584014e-03
5.4050547509e-03
-5.5176076605e-03
-3.4234842193e-04
7.2762151931e-03
-5.3264672331e-03
-2.7716336635e-03
-4.8724697644e-03
-2.4713992223e-03
-3.9025151136e-03
-3.3489970826e-03
-1.0067011094e-03
1.1660525064e-02
2.3923943590e-03
5.2957838708e-03
-7.8985938449e-05
1.1107222330e-03
8.2405259509e-04
-2.0907995007e-03
-7.0945757322e-03
1.2863955928e-03
-5.0611404926e-03
-1.2801631482e-03
-4.5071392657e-03
-8.7193272461e-04
-8.8863023531e-03
-9.7954895430e-04
-4.0754246944e-03
-4.1864116485e-03
-4.8624188348e-03
8.7791433789e-03
1.7310932437e-02
-5.2292290989e-03
3.2061400825e-03
2.8802266918e-03
2.4755581591e-03
-2.0731820706e-03
-7.2177295234e-03
-2.1210360181e-03
-2.3144652164e-03
4.2078998936e-03
1.6013269518e-03
2.6795219300e-03
3.3110601315e-03
-3.1625239078e-03
-2.4759939489e-03
-2.1004792140e-03
4.6494498238e-03
-1.4227312235e-03
1.9720592608e-05
-2.9272141674e-05
7.8528976903e-03
2.4171270228e-03
-2.5157799679e-03
4.6141280005e-03
2.0959996501e-03
-1.0754003640e-03
-4.8577852290e-03
7.7688798554e-03
2.3507641070e-03
2.8292507726e-03
-2.6527646095e-04
-4.4385964547e-03
-5.4411278997e-03
9.1354646423e-03
8.2330834178e-03
-7.1398774187e-03
-8.0081894959e-04
-1.4059203769e-03
1.1184038879e-02
-3.7748633943e-03
-1.5433423904e-03
2.4533885616e-03
1.1156583851e-03
-4.1809128518e-03
4.9396022257e-03
-5.5824403323e-03
2.1286337835e-03
-6.2179757035e-03
-3.2058465927e-03
7.5961734011e-04
-1.9761538336e-03
1.2471307016e-03
-6.2493480372e-03
2.7227103537e-03
6.3801105053e-03
-1.0696513866e-03
-1.9169750244e-03
-9.4095589739e-03
-3.5109383631e-03
-1.6783950668e-03
-3.6060519724e-03
-2.4097083387e-03
-4.1112300983e-04
2.3170480381e-03
-3.6543043760e-03
1.0495672835e-03
-1.0015262696e-02
5.1394898148e-04
6.0642283661e-04
6.8366243086e-03
-1.6950420300e-03
-2.8294504692e-03
2.0629329874e-03
-3.4419011461e-04
2.7055710762e-03
5.8911645225e-03
-1.5006122020e-03
-7.4646865030e-03
3.6150209039e-04
-4.6707450572e-03
-1.0559624239e-04
-2.8051747758e-03
4.9811840586e-03
-8.9127648808e-03
3.6608255752e-03
6.4695073732e-04
-1.7636290673e-03
-2.4477456578e-03
-6.2531416320e-03
2.3455577643e-03
2.0096473342e-03
8.8644387161e-04
5.6358862324e-05
-4.0862988565e-03
-5.5664654351e-04
2.1944162035e-03
5.1561286940e-03
-6.3238142760e-03
-5.7063331970e-03
5.0654670589e-03
-2.6315852807e-03
5.1561847026e-03
-1.5952828367e-03
-4.2440544684e-03
1.2299970477e-02
-6.7568371757e-03
3.8269386595e-03
-9.1984797375e-04
-2.4949437254e-03
4.9558853819e-03
-9.9367544280e-05
2.1540730488e-03
-1.5377456216e-03
-2.0278244729e-03
-3.6487047639e-03
-3.0589968936e-06
-4.0472895820e-03
-5.4267932903e-03
-1.9441843459e-03
-8.9898280127e-03
1.1066181647e-02
5.1853442321e-03
-5.8794713017e-03
-7.0511455647e-03
1.1301078444e-03
7.3668089474e-03
-4.6931065145e-03
-2.8424865065e-03
-4.4117309347e-03
3.2280946340e-03
-5.6558404594e-03
-4.6044558429e-04
-4.0977195078e-03
5.2025417061e-03
5.0595745952e-03
-6.5373908677e-03
-6.4867676114e-04
1.5127847152e-02
1.0039838438e-02
5.9094576811e-03
2.4424769641e-03
4.3720788891e-03
1.5625083276e-04
3.3892796864e-03
2.5735373402e-03
-3.1764492902e-03
7.9832054910e-05
2.8730994543e-03
5.5229547219e-03
1.3326549331e-03
6.2233917067e-03
-1.3870538894e-03
1.9638829476e-03
-3.1849064774e-03
9.9809905609e-03
1.5156981554e-03
-5.0696078880e-04
-2.9747449803e-03
-2.4854623925e-03
-4.4955537797e-03
1.6012520705e-03
1.2491360353e-03
-1.4510808350e-03
1.5448593139e-03
-2.7812275961e-03
4.2022317117e-03
8.0270517747e-03
2.8540429785e-03
3.0198855520e-04
1.8168689743e-03
-4.5199458313e-03
-6.6286950672e-03
5.7205250772e-03
3.5358736678e-03
1.3244618965e-02
-5.4183948679e-03
-4.5373420643e-04
1.6185320096e-03
-3.6878841156e-03
2.7011675912e-03
1.7873422063e-03
1.5096716228e-03
6.5419147591e-04
-1.8849141706e-03
-3.5042663051e-03
-5.5171386189e-03
5.5518226661e-03
-1.5479102665e-03
-2.2196119203e-03
-1.5716735418e-03
5.5959844810e-03
3.2008538313e-03
4.1821927898e-03
-8.0735019936e-04
6.2070393352e-03
2.1000163078e-03
-4.2659612792e-03
4.3643320664e-03
5.7094844320e-03
4.1292002671e-04
9.8427705730e-04
2.0171245500e-03
-4.3076749511e-03
1.8586357465e-02
6.6718195599e-03
-6.9883413441e-03
-9.1698736406e-03
-3.1490758633e-03
7.4713132343e-03
-3.2931503783e-04
-4.3711419883e-03
-3.6504847083e-03
-5.7861195630e-03
-5.0496055397e-03
-1.3201111844e-03
-7.4510925985e-03
1.8465643077e-03
-6.8850401811e-03
3.6630443958e-03
-5.0172353063e-03
1.5492372951e-03
5.4609184779e-03
-1.6137184393e-04
-3.8562862548e-03
1.6079799903e-03
3.7358427177e-03
-3.7267876161e-03
2.0285907134e-03
-8.1625479302e-04
3.3229811872e-03
-2.0566425151e-03
-1.0443890840e-03
-3.8767360306e-03
1.1023020703e-03
-1.6973169085e-03
8.2948281186e-04
-6.1296156955e-03
-1.4598481419e-03
6.2979723415e-03
-2.3936691701e-03
-5.1550578261e-03
-4.3435124720e-03
-7.1251989388e-03
1.4536969452e-02
1.5367291819e-03
2.2921831370e-03
-2.7934402278e-03
-1.6118537157e-04
1.9696876224e-03
2.1331322234e-03
-4.7869784984e-03
7.9227563128e-03
-3.1620482844e-03
-2.0197227210e-03
-9.3479069468e-03
3.9322691296e-03
-4.0389017421e-03
-3.6832922164e-03
9.9273905393e-04
-1.5394146217e-03
-7.4838668242e-04
-2.8138483681e-04
4.3609216349e-03
-5.7575491818e-03
7.3898811514e-03
-4.2064591709e-03
-2.4467345384e-03
1.5205735154e-03
2.9742455590e-04
-3.5532820770e-03
-1.7747239640e-03
-1.7491644461e-03
6.3063992802e-03
1.8434983288e-02
-3.8161457043e-04
7.6368224802e-03
-1.6604333837e-03
2.4671749251e-03
-2.7642717286e-03
-7.1097641033e-03
-4.6819323870e-04
-4.6826625707e-03
-2.3580858136e-03
-2.0742038371e-05
-1.4643929046e-03
-1.1213577909e-03
-8.5589204164e-03
-3.4499475010e-03
1.7100460315e-03
-2.3128589117e-04
-3.1743283988e-03
3.7024530113e-03
5.0697784226e-03
-4.4461738690e-03
-4.5735629906e-03
-5.1025110990e-04
-2.9344695829e-03
5.5739662484e-03
2.8351342138e-03
-2.5904987875e-03
-3.1658560633e-03
1.4152231217e-03
-2.0192172380e-03
-2.4206122867e-03
-4.3743952873e-03
5.6284060777e-03
-3.8681245712e-04
6.9784949411e-03
-3.7909448340e-03
-2.8304686235e-03
9.8313756574e-03
8.6928723680e-04
-2.1111411351e-03
-5.6857278264e-03
-2.1898038289e-03
-6.3971361626e-03
4.6046309043e-03
-5.0857211937e-03
-1.7484456642e-04
-1.6878133491e-03
-2.3196542799e-03
1.7543240918e-03
-3.3499180025e-03
-3.4583306432e-03
-4.4947092310e-03
-3.3776658963e-03
-4.0654144240e-03
-1.3647066672e-03
8.2461553995e-03
-1.1683174521e-03
-2.7240993398e-03
2.7501456212e-03
1.1689065983e-03
1.7026079447e-03
-1.5578563183e-03
-1.3217026456e-03
1.0985059289e-02
2.8964594199e-04
4.1794010762e-03
-1.4645559924e-03
3.2048961118e-03
-2.8111887425e-04
1.8405623165e-03
-3.6088564314e-03
3.0009756754e-03
6.0753462301e-04
3.8518677628e-04
-5.2550129047e-03
-4.6606969776e-04
-2.0446914502e-03
-5.3376885375e-03
-3.4671094932e-03
4.6495683029e-03
-2.5034205213e-04
6.0673086882e-04
-2.6458324026e-03
-2.2147383486e-03
5.5232817203e-03
-3.9474778456e-03
-5.9936936340e-04
-7.0437083415e-03
1.0782886000e-02
-1.0719240615e-03
-1.8926491725e-04
-7.4673106775e-04
3.7313241161e-03
1.0660394407e-02
-1.4311614232e-03
-7.3979548555e-04
8.9743084633e-04
1.0702241741e-02
5.1491979509e-03
2.0904800716e-03
-6.2554177287e-03
1.2247579289e-03
-1.5254386898e-03
-1.1515889284e-04
-2.7072376136e-03
-3.7892962457e-03
-1.3782336715e-03
-7.2601502204e-03
5.4209452341e-04
-3.5937288650e-05
1.8020844516e-03
1.1261861209e-04
7.7426013617e-03
2.1212576844e-03
4.5571910715e-04
-4.2751016937e-04
-9.8370019998e-03
-1.7894936650e-03
1.1798128143e-03
7.1674442477e-03
-2.0391277484e-03
-2.2486651099e-03
-9.2550026317e-03
-4.7324536643e-03
1.0798729581e-03
1.1826648831e-03
-4.2236140328e-04
-1.7437712265e-03
-6.0041069764e-03
-9.9557576797e-04
-2.4547655520e-03
-2.3372734458e-03
-4.0944556390e-03
-2.8896444940e-03
-2.0564636379e-03
1.5331208874e-02
-8.6803598403e-05
3.6274965311e-03
4.0058215002e-03
3.9485376182e-03
1.8488301387e-03
1.8059169500e-03
5.3447042924e-03
-1.7572314283e-03
5.8143961666e-04
1.5181167733e-03
-3.9437059289e-03
-1.9453805840e-03
-7.5423560971e-05
6.4509825415e-03
1.8155117328e-03
-2.6667201483e-03
1.2735781535e-02
-9.7881215116e-04
-1.9673822835e-03
-3.1598449283e-03
-9.1269686818e-03
4.9698261254e-04
6.9862049651e-03
-4.4536570917e-03
-4.6169486982e-03
-6.0036876752e-03
6.7609052004e-03
6.1792341935e-03
1.3606821062e-04
-2.4140749908e-05
-3.5213345790e-03
-1.1014458617e-03
4.6878869561e-03
1.8158550258e-03
-9.3285406872e-04
-3.7319713231e-03
-1.0029487582e-03
3.7879961512e-04
-6.3916166955e-04
-1.6520488434e-03
4.3554756247e-03
-2.9147397723e-03
-2.9310173847e-03
9.1084802032e-03
7.8141411287e-03
4.0708516746e-03
-4.9100740872e-03
1.5532642961e-02
-3.3659414602e-04
-1.8731413855e-03
2.9204688068e-03
5.9319402544e-03
1.5807701334e-03
1.1138989312e-02
3.8398603310e-03
-4.3416422525e-04
8.0051057278e-04
2.8577846642e-04
1.7916713169e-03
-4.9652990769e-04
-1.6209069201e-03
2.4009912289e-03
3.9442106914e-03
-4.6911944969e-03
-2.5450859507e-03
-5.1612708111e-03
4.8108166477e-03
9.3217294887e-03
-4.4624818948e-03
-6.0544896113e-03
-1.5526265154e-03
-4.0306790145e-03
6.8988966692e-03
1.0859172868e-02
-4.3739364769e-03
6.7689584951e-03
1.3060915504e-02
2.9084868095e-03
-1.1135109757e-04
-1.7465952594e-03
1.0530899438e-02
2.9904091958e-03
1.4787898561e-03
-3.0472702640e-03
-1.4462280997e-03
-4.4383406068e-04
-6.5273369190e-03
-3.9975749046e-03
1.0063159241e-02
-6.7069462014e-04
-2.9668058490e-03
1.1893495181e-03
-1.0907808877e-03
1.7763980420e-03
-6.6728894754e-03
1.2061821220e-03
-5.9955916197e-03
7.0115493834e-03
5.9621680251e-03
-9.2324491521e-03
-9.0290847960e-03
7.6184280252e-03
7.0817936723e-04
5.7483218779e-03
7.2378442731e-03
-2.0474583421e-03
-3.6257105700e-03
-5.4441948940e-03
-3.1069107550e-04
-5.9072437967e-03
-4.8487988590e-03
5.5701018036e-03
5.1962241928e-03
2.2213479213e-03
-2.4095109786e-03
-7.7018251954e-04
-2.0782632722e-03
-7.6901367389e-04
4.7956991142e-03
-3.6300280360e-03
-1.7841351360e-03
2.4016226799e-03
1.7588613426e-03
-2.4258476603e-03
-5.7196265613e-03
1.8131462949e-05
1.3163995914e-03
-4.7347541814e-03
-5.0134062238e-03
3.6695365980e-03
1.3276052585e-03
-3.2723406945e-03
-1.6237365014e-03
-2.0439675953e-03
-2.0754811569e-04
1.6390550976e-02
-4.1560314670e-03
-3.8165297996e-03
-2.1787565888e-03
9.5277295241e-03
4.5043855322e-03
1.1129078257e-02
3.6079342714e-03
-3.1140656381e-03
1.9445901444e-03
5.3518922152e-03
1.4787598045e-04
4.2261086714e-04
-4.2292544261e-03
2.5859760482e-03
-1.3110392390e-03
-2.6386695498e-03
-3.4747004059e-03
3.4013283094e-03
8.1853494948e-03
2.4843335115e-03
-2.5409641284e-03
1.1509004155e-02
-9.3311865304e-03
-2.0669094742e-04
4.3176253257e-03
-6.0099490120e-03
-1.8956237854e-03
-5.6884996101e-03
-2.4295943523e-03
-3.4165761518e-03
3.9527772740e-03
-4.4279541152e-03
-3.5837155416e-03
-4.7319858255e-03
-6.3251135105e-03
-3.3621357206e-03
5.6123006634e-04
7.0137502690e-03
-6.0123589530e-03
-1.3379987061e-03
-3.0814298944e-03
7.8985916916e-03
-4.6966831625e-03
-3.2210422735e-03
3.4329262003e-03
4.8294216227e-04
5.3470617635e-03
6.3408270524e-03
-2.3911885288e-03
-3.8986004178e-03
4.5118054026e-03
6.3403735688e-03
4.9861063339e-03
-1.1815162182e-03
-1.9826496590e-04
-7.4732800196e-03
-6.1720762979e-03
6.4652064477e-04
-3.8127199511e-03
-9.2029189252e-03
-6.3292210533e-03
1.5994383363e-03
-5.5001310852e-03
2.6701807131e-03
2.5283554315e-04
3.3411237241e-03
6.5648561680e-03
-4.9489423718e-03
4.5945965234e-04
6.9352731583e-03
-6.9060300187e-03
1.0710731008e-02
-7.6641943580e-04
7.5208105410e-03
-5.9456223147e-03
1.5091057986e-02
-7.8758141522e-03
2.9578475701e-03
-4.6419213830e-03
-1.7890218597e-04
4.6814116678e-03
-9.0151557209e-04
-4.6226564153e-03
-6.8315034957e-03
1.1080718148e-03
1.3509433737e-03
-3.9954134365e-03
7.0021090867e-04
-2.1884349382e-03
-4.9122546695e-03
-2.9798748914e-03
4.5079768969e-03
-1.8651831180e-03
3.4607367173e-03
3.5003859005e-03
-4.5228922762e-03
-3.8087579050e-03
-3.7098685583e-03
-4.5733992092e-03
3.6218299950e-03
-7.5939155962e-04
-1.9972988382e-03
-6.1063344575e-03
-3.5746000686e-03
9.6648335462e-04
-1.3829147503e-03
-8.4399526217e-03
-3.1296319538e-03
-6.6496052729e-03
2.6143042974e-03
-3.9799337676e-04
2.9685129892e-03
-5.5442978976e-03
3.8959018425e-03
-2.0600582081e-04
7.0282777400e-03
6.5149208740e-04
-6.5893045089e-03
-3.2181899980e-03
-8.1265718732e-03
2.6011077611e-03
7.5072602099e-03
-5.1918334972e-04
3.1487492616e-03
3.6524155279e-03
3.3110997265e-04
3.0420403562e-03
-1.0107767778e-02
7.3758088051e-03
1.3799192944e-03
6.5900884807e-03
-7.3028034767e-03
-3.2609312313e-03
1.3951073707e-03
-5.2698398458e-03
-4.5446188493e-03
-1.1452172978e-03
-2.8663917966e-03
2.4134779048e-04
2.2436540764e-04
-1.9611526042e-03
-6.7990337672e-03
5.1453289181e-03
-2.5652339311e-03
8.9872136782e-03
-2.9862186914e-04
-1.7119785849e-03
-3.0757789730e-03
-5.0515660142e-04
5.7508289776e-03
-1.3036046185e-03
3.3318101953e-03
1.0646620330e-03
1.6530198520e-03
-6.4777127840e-03
2.6755847443e-03
-9.2311948923e-03
1.1595137922e-02
-3.0399754514e-04
-7.3915049235e-03
3.8494491869e-03
2.6624613536e-03
-4.5938504358e-04
3.0621187552e-03
1.1714515617e-04
5.2698313748e-04
5.6846854118e-03
3.7039899561e-03
-4.7480884366e-03
1.1203036153e-03
-4.2136191085e-04
1.4100790444e-02
7.4097147809e-03
3.7829600290e-03
-3.7875547913e-03
-6.1103561907e-04
6.0302843827e-03
-1.5265911467e-03
2.5284898282e-03
9.5400085090e-04
5.7609696525e-03
2.7476497320e-03
1.8380094232e-03
-7.0196738968e-03
-8.6714542409e-04
-1.6292135599e-03
3.0928570282e-03
9.8156822352e-03
3.3811626847e-03
-2.8888223973e-03
-1.0870524906e-02
4.1884689744e-04
-7.1919612748e-04
-6.0125854563e-03
9.3070912583e-03
1.7212807181e-03
-2.3845783658e-03
2.3050041794e-04
-4.2952261584e-03
1.2387916463e-03
7.7549617046e-03
-6.5676068796e-03
4.9935993663e-03
1.5946438492e-03
-4.4822815223e-04
7.0432869282e-03
-1.0868483514e-03
6.7953976918e-04
-3.8199980155e-03
4.2780971599e-03
3.6701766358e-03
6.5426591078e-03
-3.0624328843e-03
-9.3828242470e-04
-1.1336701468e-03
-4.9893669983e-03
1.9877825874e-03
-3.0143288405e-03
1.4657889375e-03
-7.5489691162e-03
-4.0584951971e-04
1.0951524486e-03
-6.5266728057e-04
-1.4202516549e-03
-5.3628262896e-04
4.6262183850e-03
-1.4391733047e-03
-3.8969741425e-03
1.2091258528e-03
-3.7192188314e-03
-3.2504218436e-03
1.8306220990e-03
1.3346627899e-02
-1.9735712715e-03
-6.3693927586e-03
-2.1736823821e-03
-5.0242249790e-03
2.9373850410e-04
-4.6909968010e-03
-2.7069627558e-03
5.8758170046e-04
7.1012857726e-04
-2.7005992979e-03
7.6340494880e-03
-3.0730618410e-03
2.0825822241e-02
-1.0338628344e-03
1.7595164321e-04
5.0715896830e-03
-3.7877696878e-03
1.1125814748e-02
4.7369065401e-03
-2.3961395845e-03
-5.1764573214e-03
-3.6453072497e-03
1.9349925952e-03
5.1166104277e-04
1.7909691620e-03
6.7208242887e-03
3.2885868372e-03
6.0942520647e-03
-7.4606558361e-03
9.0420105994e-03
8.6504203274e-03
2.2704637239e-03
2.6424838650e-03
8.9532247446e-03
4.3377787602e-03
-4.9924921072e-03
7.4878598826e-03
1.0689346448e-03
9.0794566955e-04
1.2265552670e-03
2.8015543493e-03
-6.2061774635e-03
7.5703510236e-03
-3.4896261856e-03
-1.4791993012e-03
-2.1798876977e-03
6.6155485879e-03
2.6150949617e-03
-1.5742365543e-03
3.6932414128e-03
1.8118495229e-03
3.2949349974e-03
1.2281489778e-03
-1.4793751857e-03
2.3781170514e-03
-6.3010754825e-03
-5.1028804933e-03
-2.4385965878e-03
-7.3272799723e-03
-2.7922873008e-03
7.1332207801e-03
5.0211381535e-04
1.0054202366e-03
2.3204938865e-03
-4.8603090933e-04
-2.3557340445e-03
2.1426648400e-03
-2.5044061189e-03
-3.3123717585e-03
-5.9794664459e-04
-2.4903208714e-03
-9.6639472662e-03
-1.2148548879e-04
4.2069383298e-04
6.2200077837e-03
-1.1662578494e-03
1.2157956761e-02
1.0402260133e-03
-2.7476309246e-03
-1.4213223454e-03
-2.5044388364e-03
-7.0844234481e-03
-3.3468503359e-03
1.8422524151e-02
-7.6332030345e-03
-1.6319176933e-03
-1.4801653919e-03
-3.6436784821e-03
1.2016863226e-03
-7.8737204695e-03
5.9441344386e-03
-7.9017901569e-04
-2.3098011776e-03
1.2424318699e-03
1.7580563368e-03
-9.3185437210e-04
-3.5688234235e-03
-2.3900547527e-04
-8.1670869561e-03
4.4277101865e-03
-2.9620142984e-03
-3.1278341447e-03
-3.4181659766e-03
1.2065384758e-02
-1.6823582624e-03
1.0575328529e-02
-3.6135309217e-03
8.9320823321e-03
-2.2621171977e-03
2.3486903692e-03
1.0949172303e-04
1.0713353912e-02
-2.0724643964e-03
1.0896596036e-03
-6.7445015969e-03
-1.0929830408e-02
9.1240609205e-04
1.2631735420e-03
-4.8933524181e-03
-1.6424622706e-04
1.0420121628e-02
2.9669704682e-03
2.3349952577e-04
2.5964015954e-03
1.2002963709e-02
-2.6220108369e-03
5.1539067418e-03
-1.3804291917e-03
-8.0601486414e-03
-1.9889142580e-03
2.2768426375e-03
3.1801367988e-03
-1.8920147345e-04
-7.5093352336e-05
4.4406592038e-03
-8.1413138346e-03
-1.2779072037e-03
3.8522818102e-04
-4.1568256933e-03
2.0585126508e-02
-8.0413195762e-03
6.9778038178e-04
-3.1829402154e-03
-4.4116707530e-03
-3.8115101073e-03
1.0538645699e-02
3.3106979271e-03
-7.2580801358e-05
-4.2069085476e-03
1.7432743431e-02
-4.9552513592e-03
-4.8387777673e-03
-1.4416571599e-03
8.5125580685e-04
1.3540033036e-05
2.5206232390e-03
-2.8106800117e-03
-7.1779231888e-03
2.6153106166e-03
6.4553823448e-03
-3.1083687376e-03
-6.9577267141e-04
2.7405677540e-03
3.5961161756e-03
3.1584601110e-03
-5.6221284426e-03
9.9233323015e-03
9.3495180065e-03
-2.5191102173e-03
2.7459560777e-03
3.5816122900e-03
3.1831728494e-03
9.5649714356e-04
6.6205648088e-03
5.1606914162e-04
-2.2782413115e-03
-8.9166431053e-04
-6.3539163458e-03
5.0830605918e-03
3.6389877708e-03
-2.8747068905e-03
-2.4237235404e-04
1.5037549209e-02
5.5052262651e-04
2.9156511781e-03
2.3377851483e-03
6.6377808050e-03
5.4752022302e-03
-4.5036240771e-03
-7.5497947508e-03
7.0650491164e-03
-5.2276014357e-03
2.4262596229e-04
-2.6581325837e-03
1.2771095768e-03
-1.9685291301e-03
3.5025118784e-03
8.9244172148e-03
1.0003483412e-03
-5.2198666478e-03
-8.6241630585e-03
-6.2740201600e-04
-2.3436197035e-04
-5.1280335965e-03
-3.7808238909e-03
2.0821824519e-03
-3.0172103383e-03
-5.2945422374e-03
3.9501083537e-03
1.1785649765e-04
-4.9413532784e-03
-7.9594496210e-04
8.7075441758e-04
5.6811686295e-03
3.0077389727e-03
-4.5880323052e-03
-3.6847789760e-03
1.0284313842e-03
-5.9677346496e-03
-2.3260905474e-03
-1.3217522049e-03
-3.7289271356e-03
-3.5331485052e-04
1.1572280838e-03
2.8413301930e-03
-2.6826606717e-03
5.0801091577e-03
-2.0899302048e-03
3.9754472143e-03
6.6178269040e-03
3.9813947157e-03
5.9112331531e-03
-4.4961620003e-03
4.8540666033e-03
4.2572984712e-03
-2.4724210764e-03
5.2448686265e-03
-5.2122595013e-03
8.7260485792e-04
2.1084521951e-03
-2.1596459259e-03
4.2950181531e-03
-3.3472022963e-03
-3.0905576328e-04
-7.0196815129e-04
-2.5196702115e-03
-2.2326314150e-03
3.4243379301e-03
-3.3760306224e-03
-1.5895892808e-03
1.5753600248e-03
-4.7122657622e-04
4.7104140870e-03
4.5770762355e-03
8.5638938025e-03
-1.4920942399e-03
8.4002572005e-04
7.8594575284e-03
-6.0178959050e-03
-4.8129886402e-03
-1.0869894005e-03
2.6080761388e-03
-6.1544260164e-03
8.1091474496e-03
-9.1672187319e-04
4.6640120663e-03
-4.6281172409e-03
-7.1231038860e-03
-3.0059288615e-03
-5.8280254583e-03
-3.1720749476e-03
2.5617643176e-03
1.1790884219e-02
2.3296664173e-03
2.8714558917e-03
1.8340111305e-03
-3.2857610204e-04
-5.9684994309e-03
-3.4126170452e-03
-4.5472873561e-04
1.1390304185e-03
-1.9731578851e-03
-2.4036915387e-03
1.9676167303e-03
1.1601575847e-02
1.2789848004e-03
1.0669295280e-03
-3.2358818019e-03
-1.4107893267e-03
-7.6059357489e-05
-2.6618584986e-03
6.3989193422e-03
-1.4174963129e-03
-5.0980852764e-03
6.5507969303e-03
-3.0295822723e-03
3.1614632214e-03
1.1814510062e-03
3.2916087979e-03
-1.0070533198e-03
-1.1246917356e-03
-3.6486411860e-03
2.5881609384e-03
-1.8966997589e-03
2.5053344904e-03
-7.7043354729e-03
4.7484359369e-03
-5.4577334307e-04
9.2205912217e-03
4.1058437413e-03
-2.9126936632e-03
-6.1982582001e-03
5.8399238493e-03
-3.4627458541e-04
-2.0533072877e-03
2.1772273326e-03
2.6879793172e-03
-3.7594702107e-03
5.5114343111e-03
1.5224517941e-02
1.3158007242e-03
-3.6435297969e-04
-3.1805067039e-03
7.7298456891e-03
1.1310250285e-03
2.4262007898e-03
-1.5697286773e-03
-1.8813894137e-03
-2.1365411753e-04
4.2541746803e-04
-5.3528313495e-03
-4.1136033449e-03
-3.3344370070e-04
2.4664359683e-04
2.7766269966e-03
-6.0195042597e-03
-6.8740018633e-03
-1.4375432911e-03
-9.4343134927e-03
9.4537222557e-03
-5.2886362987e-03
2.3557379024e-03
-3.8207049709e-03
-4.0473208951e-03
4.7493858186e-03
2.6188081729e-03
-3.1999226448e-03
-9.8571792182e-04
1.7232308673e-02
1.3605850338e-02
2.1954213602e-03
3.8346376728e-03
-1.1955291155e-03
2.1192688598e-03
-8.5100779916e-03
-2.1937965327e-03
-4.6401399480e-04
-2.8561440535e-03
-1.8015693230e-03
-5.5830773343e-03
-3.0124553560e-03
-2.5637616021e-03
4.9201537276e-04
7.6333135522e-04
-2.8025375570e-03
-1.3272573167e-05
2.6935557576e-03
8.0216423431e-03
7.1241535756e-04
7.0734110017e-04
-4.0613381125e-03
8.1523455728e-04
-1.2616080118e-03
6.2340701229e-03
9.8265347885e-03
-2.3672911625e-03
-1.7612691733e-03
-5.1423616194e-03
4.3223922343e-03
7.8904318194e-04
9.9050924122e-03
-1.7574445273e-03
-6.1544150814e-03
-2.1307499102e-03
1.1587844613e-03
6.9460254099e-03
6.6466793845e-03
-1.7022812803e-03
-3.9449195196e-03
7.4787766349e-03
3.1731329532e-04
-3.5393075479e-03
2.7284658006e-03
-7.3001330954e-04
1.9911729633e-04
-3.6138193364e-03
-8.5894087938e-04
-2.6235214794e-03
2.2636737158e-03
-4.9459199560e-03
-3.8338177884e-03
-1.5364544445e-03
-4.0716558529e-03
-3.0153821494e-03
-3.4071958138e-03
-8.8248337677e-03
-7.3468426831e-03
-3.5114751259e-03
-8.3605632260e-03
6.4399796116e-03
1.0169151730e-02
-3.9874845668e-03
-1.1997425500e-03
-1.0167345829e-03
-5.6906577974e-04
-3.4579732966e-03
1.0699203307e-03
-2.2916229026e-03
1.3197217091e-02
2.4041578295e-04
2.0425889573e-03
-4.4563610528e-03
1.6309230537e-03
4.7966057341e-03
1.8829177578e-02
6.5901172796e-03
-3.7446125932e-03
-2.1395985488e-03
2.2734286785e-03
-2.3653592458e-03
1.5585644481e-02
7.2514706938e-03
-6.1858443844e-03
-1.8629720063e-03
-9.7974697649e-04
-3.9655088639e-03
2.1865766829e-03
-8.0893987436e-03
5.7310468242e-04
-2.9250308741e-03
-2.3341491796e-04
-4.2147158805e-03
-5.0635587392e-03
7.4418742734e-04
4.1192307223e-03
-1.5785304742e-03
5.5568562063e-03
-4.7916305126e-03
-2.7546230331e-04
2.3108516680e-03
1.1127217148e-03
-4.4129658346e-03
5.7721012146e-03
3.6719399835e-03
7.1661134567e-04
3.9881140240e-03
2.4755768386e-03
-6.1854893291e-04
7.0637216088e-03
2.0982678831e-03
-6.0570817181e-03
4.3072762077e-03
1.2172920858e-03
-1.2597115193e-03
-1.4292913856e-03
-7.4079133324e-03
-4.6945310289e-03
4.1003710080e-03
1.4891127672e-03
-1.9845118836e-03
4.0919820472e-03
-8.1655834841e-03
9.4879010095e-03
5.2771333896e-03
-4.4102537235e-03
1.2517981620e-03
4.7287128047e-03
-3.4860017529e-03
7.3689525059e-03
1.0740260547e-02
2.9858865883e-04
-1.4132955150e-03
-5.3472084878e-03
-3.8761445420e-03
8.6690920297e-03
-6.0529672818e-04
6.2050899359e-03
-6.1894871504e-03
1.3554388612e-03
4.0773554024e-04
-3.2826464192e-03
9.1184584718e-03
-8.1714836123e-04
-1.6883232523e-03
3.9961391914e-03
-8.8839802155e-03
-2.3726574799e-03
-2.0346019619e-03
-9.0722796882e-03
1.0483101788e-02
9.3330655798e-05
-1.3903320458e-03
-5.0528838602e-03
2.1983817219e-03
-7.8193165160e-04
-1.1643996005e-04
-1.2256429106e-04
1.6389377884e-02
-2.4785921223e-03
-3.6514115434e-04
5.4104453588e-03
-8.4673739372e-03
5.4090182128e-03
-8.1478542188e-03
3.7015025260e-03
-1.1208585691e-03
1.1108399110e-02
-2.3131478975e-03
-8.3102087524e-04
6.8447726698e-03
1.3778034259e-03
1.5266905580e-03
-5.6949384811e-03
-3.1053885686e-03
-2.2350469118e-04
2.1280461427e-03
4.0404276370e-03
6.6721489760e-04
-7.8200631140e-03
-1.7471608346e-03
-4.4053362804e-03
1.3828644988e-03
-3.0127865678e-03
9.0647182561e-03
-5.8233723006e-03
1.1243494527e-03
1.4255656021e-03
2.9155638884e-03
-6.6613598511e-05
-3.5132321114e-03
-3.9514820395e-03
-1.7413770179e-04
9.7546462776e-04
1.4899683360e-03
-1.4667923296e-03
-3.0622497073e-03
-4.9278980832e-03
3.9583780528e-03
-6.3988426119e-04
3.0795090439e-04
6.8765589933e-04
2.9041459927e-03
9.3559557161e-04
-1.1617886843e-03
1.0077136390e-03
6.8026185669e-03
-3.6896727203e-03
-5.4046314628e-03
-1.6681312119e-03
-4.7519189280e-03
-2.1411894658e-03
4.4775830743e-03
5.1093555323e-05
9.3865223628e-03
-2.0006007340e-03
-4.3141241200e-03
4.8929176690e-03
3.1976518768e-03
-1.0969590373e-02
3.8402397346e-03
-7.6455328224e-03
-4.5588389096e-03
-6.9363080622e-03
-1.2155842588e-03
-6.4893662509e-03
-7.5263474522e-03
-3.4983442613e-03
-4.7895929155e-03
6.3495693409e-03
-2.9116637143e-03
-8.1054696947e-03
-4.3772211353e-03
1.0948312388e-03
5.1456509781e-03
-3.0197808707e-03
5.9581114253e-03
-6.6812205062e-03
-2.0001557790e-03
4.0438256823e-03
1.0745328140e-02
-4.9747985421e-03
9.4653545201e-03
3.1081681019e-03
-3.1576962311e-03
4.3236507267e-03
-5.3545266950e-03
-5.3244015311e-03
4.4477067651e-03
1.2218510031e-03
9.4059979376e-03
-2.4297659439e-04
2.3762818594e-03
-5.9387494049e-03
-5.2898340232e-03
-6.7274433054e-03
-7.7188156130e-05
-3.0700374445e-03
5.9285323356e-04
1.0021324962e-02
-3.3121670587e-03
-5.5186012176e-03
-4.5330839798e-03
-1.9199404494e-03
8.0780682451e-03
6.5628955612e-04
-7.4518896282e-04
-4.2796599348e-03
-3.0381771930e-03
7.1544050516e-03
4.8640358672e-03
-2.6395972235e-03
1.0406763412e-03
-7.9564491863e-04
-4.0451629724e-03
4.7195779825e-03
9.4667973739e-03
6.9268299366e-03
-3.5564858315e-04
-4.6504183641e-03
1.2766849745e-02
6.6477513491e-03
-4.9170743969e-03
4.1109772058e-03
5.1605698598e-03
-1.2682206539e-03
-3.1581325083e-03
5.7255404817e-04
-2.6196876897e-03
-4.8484534700e-03
-8.9761161302e-04
-9.7981908309e-03
3.5177049203e-04
-3.5980574936e-03
5.5230868690e-03
-3.9112772709e-03
4.3635788048e-03
3.0306392997e-04
-1.6575968254e-03
8.1695089259e-03
-2.0140604199e-03
4.1472421757e-03
-1.5842332442e-03
-5.3706909329e-03
4.0228261410e-03
5.8854623311e-03
-1.8092832471e-03
-1.9331553601e-03
-3.3780382690e-03
-3.3843689553e-04
5.5612033649e-03
-3.4574667022e-04
-1.7494670187e-03
-7.0072611605e-03
-1.3071842904e-03
5.8943545666e-03
-2.2614367567e-03
7.2782712088e-03
-1.4554808549e-03
1.8030756933e-03
1.8892001414e-03
8.4041995670e-03
4.4350797266e-03
7.6901851875e-03
7.0456012529e-03
9.6512355263e-03
3.3563490246e-03
2.9843358831e-03
5.0937041366e-03
9.4052840265e-03
-2.2354730795e-03
-1.8294765920e-03
7.4565319208e-03
5.3255253750e-03
-1.4915095619e-03
5.5638818323e-03
2.7281482532e-04
-4.7571179973e-03
-2.2993267517e-03
1.8204430901e-03
-1.7765129069e-03
-5.5058659666e-03
-6.5357591278e-04
3.1848447109e-03
3.6820617277e-03
-1.3444089071e-03
-5.4016715936e-03
2.5953423966e-03
-7.2855991381e-03
-2.7475065446e-03
-2.3404850531e-03
1.0816784984e-02
-3.7621055397e-03
-6.8824445301e-03
2.8950223374e-03
-9.5128772101e-04
-7.3324977142e-03
-4.6920407794e-03
3.2039113362e-03
1.0849597753e-03
4.8701039004e-03
-3.1559107781e-03
9.3758374277e-04
-4.8135044388e-03
2.6422236068e-03
6.1155264865e-03
5.1190876167e-03
-6.0375137298e-03
1.2684901265e-02
-4.9833037323e-04
-1.9485989385e-03
4.2782650007e-04
-7.0147329542e-03
-5.3770146995e-03
-3.8077022132e-03
-2.4283684130e-03
-7.3107199641e-03
-3.3013680134e-03
3.3250490356e-03
-1.3830464614e-03
7.3579837647e-03
9.4700344896e-04
2.6007743861e-03
-6.5792878733e-03
3.4375036863e-04
-6.6047622889e-03
-1.1328182057e-03
-3.2002113666e-03
-6.2079760816e-03
6.3696736418e-03
-9.0837898043e-04
6.3804136633e-03
1.8830742880e-03
-4.5552322409e-03
6.1997824134e-03
-3.0556987868e-03
-2.6461722420e-03
-6.3663249435e-03
6.7578155616e-03
-7.7520923370e-03
1.1920354654e-03
-3.1689967949e-03
-2.0027696596e-03
2.5811530098e-03
-4.9240675320e-03
5.4397531859e-04
2.6240699501e-03
2.7910645357e-03
-5.3914882634e-03
4.8380363012e-04
-3.8613811987e-03
-6.4874323716e-03
3.6584201923e-03
2.7630844338e-03
4.4932368423e-03
-5.0684226261e-03
-3.1266710770e-03
-1.2827403376e-03
2.8335784393e-03
-1.3173342907e-03
5.3197505280e-04
9.3866810995e-03
-2.4501461659e-03
3.3307617400e-03
-7.4551782319e-03
4.3499678371e-03
5.8514326873e-03
-5.1535735500e-03
5.4425650836e-03
-9.5362390984e-03
-1.9478573901e-03
-1.3415093433e-03
5.1802130282e-03
-6.2742011596e-03
-6.5396587337e-03
4.3464093968e-03
2.1301694225e-03
2.1646652329e-03
1.6262430084e-03
6.2150463298e-03
2.8793666677e-03
-5.3363679126e-03
1.1918386545e-02
7.9809838221e-03
1.9634686878e-03
4.6804194249e-04
4.8300110169e-04
-3.5606167140e-03
1.9673124275e-03
6.9340689727e-03
-2.0960415744e-03
-3.3380623217e-03
6.6800658187e-03
1.6574164247e-03
-3.2312646072e-03
4.8941212069e-03
3.5082014180e-03
8.9444351049e-03
-2.8379439917e-04
-3.3375618737e-03
-9.7772997789e-04
3.1265148116e-03
4.4115386690e-03
9.5568775041e-03
5.0873196989e-03
-5.0645064779e-03
2.3241128107e-03
-5.0701239469e-03
-7.0011549367e-03
-1.8964193147e-03
-4.0569627104e-03
-5.7626268870e-04
6.1026371720e-04
-2.4361000020e-03
-3.5990261499e-03
-3.2037941013e-03
-3.8932703334e-03
-1.4299922920e-03
6.2995032773e-03
4.5901574545e-03
-5.7878684815e-03
2.2254946624e-03
-3.0595814834e-04
4.0596562500e-03
-4.5457898828e-03
-5.6606393605e-03
-6.9865047728e-03
5.1431193052e-03
-9.3284989113e-03
1.7352091864e-03
-5.1414213551e-03
-2.0346110030e-03
-7.0102561033e-04
2.1715504400e-03
5.2914671345e-03
-8.9905029975e-03
2.3602620651e-03
-3.4944107891e-03
-3.8356270110e-05
-5.8475796628e-03
-1.9561996013e-03
5.5455116587e-03
-2.7005606437e-03
2.6075209630e-03
1.3142324865e-03
-1.5421003525e-03
3.0724736240e-03
3.1439882236e-03
-1.8124564273e-03
5.2498862970e-04
6.7593447327e-04
1.1724846377e-03
2.4758384271e-04
-4.7814423857e-03
-1.0828165638e-02
6.5394846051e-03
1.9004377490e-04
4.6465857106e-03
-8.4363918415e-04
-3.1786081593e-03
-6.0139331787e-03
-4.7226258292e-03
6.4035998040e-05
-2.2986766333e-03
-4.5106987643e-03
-1.7822357560e-03
-5.0683822836e-03
-4.6240035167e-03
-1.7130409963e-03
-3.3787894951e-03
3.6203080713e-03
-7.7778589208e-03
3.5889690525e-03
1.9105545553e-03
8.7988319383e-03
-4.8585275763e-03
7.8436018999e-03
5.7582888772e-03
1.2767091901e-03
-9.5812136722e-04
-3.0082634645e-03
2.0008517285e-03
2.2346407436e-04
6.6447786505e-03
-4.8781612718e-03
-6.3012119213e-03
2.1561913907e-03
7.5538313614e-03
-7.1772388068e-03
-8.6275614535e-03
-3.8931512436e-03
1.4139744070e-03
-3.7629799235e-03
-5.1568355547e-04
-2.5865664621e-03
1.3027754931e-02
1.6353359197e-03
-5.0770702488e-03
-1.2938289242e-03
6.8373271356e-04
8.2543965599e-03
-4.2984725520e-03
-4.8723882084e-03
-4.4531089948e-03
-3.6926423273e-03
3.0092252518e-03
1.7609257008e-03
-5.4380984929e-03
6.4954738069e-03
-2.3158824478e-03
-7.5345212842e-04
-1.2172113491e-03
-4.1117540313e-04
2.9440718906e-03
-5.2355354484e-03
2.5672816762e-03
2.9380623838e-03
3.0425468353e-03
2.4290549356e-03
-2.0188899509e-03
1.2430293014e-04
-1.7441889292e-03
-3.1844942748e-03
1.2604652872e-03
-7.6087367644e-03
-7.6177658641e-03
5.2258470849e-03
-4.4640779831e-03
8.9995225540e-03
-6.2437163171e-04
7.4352892453e-04
1.7223191154e-03
3.2995139990e-03
9.2940158400e-04
4.9396984004e-03
-4.0670749999e-03
8.8392083524e-03
-2.2249664738e-03
-5.2366321719e-03
-5.1253154493e-03
-5.0420723772e-03
-2.4519174665e-03
-6.8181157147e-03
-7.2081842196e-03
-8.5631476326e-03
-2.1553848273e-04
2.1853492732e-03
-6.1771343319e-03
-7.1967998592e-04
-2.0290057806e-03
-1.1327887527e-02
6.1211503766e-03
2.2670871692e-04
-6.8713500820e-04
6.4941804272e-04
3.5797026067e-03
5.6036584803e-06
-6.4675638760e-03
-3.5558495988e-03
-3.6947885702e-03
-1.2509585586e-03
2.2130127290e-03
9.9519195868e-04
-3.4413823601e-03
-2.1928609727e-03
-5.4197579534e-03
2.9623795496e-03
2.0352678841e-03
-3.1471972040e-03
-3.4048105168e-03
5.9907635245e-03
-4.6767859570e-03
3.4678611720e-03
7.8619786024e-04
-4.4009143414e-03
2.5911887320e-05
-5.1504505494e-03
1.4320887693e-03
1.4026033167e-03
5.2053739583e-03
4.3167031256e-03
-1.9157816084e-04
4.7961283374e-04
-5.3329210539e-03
-3.0445282863e-03
-3.1485137514e-03
7.2484988678e-03
1.2096011573e-03
5.9117906981e-04
-3.8908726047e-03
-1.6858257742e-03
8.7763039776e-03
4.2067291116e-04
-2.8981880632e-03
-2.8299036395e-03
-2.3971468114e-03
-6.5840288780e-04
4.1305392793e-03
-7.4007070757e-03
7.5903883582e-03
-6.4899393600e-03
-4.9561120804e-03
-5.9193809118e-03
-3.0216202403e-03
-1.4782346529e-03
-9.3679913455e-04
1.3427297790e-03
-6.9947935513e-03
-5.1980939206e-03
-9.2958629353e-03
2.6281124939e-03
1.0750946096e-02
-1.5932015943e-03
5.0144894125e-03
-3.3728777039e-03
-6.5902255838e-03
-2.6410297794e-03
-2.2232309951e-03
3.9734150517e-03
-2.7615260177e-03
-3.8342128254e-03
-1.0629318463e-02
9.5275739657e-03
5.6544696093e-03
-6.1226344171e-03
5.9787336764e-03
-3.8350981458e-03
4.9802986025e-03
-1.9350221035e-03
2.6830976880e-03
-3.9217946358e-04
-4.8751109738e-03
-8.4784829505e-04
-8.4574953197e-04
4.9472645275e-03
-5.7578773727e-03
9.5660905348e-03
-2.3665405863e-03
1.1767981043e-03
-1.7635994742e-03
9.9383252547e-04
-2.6944095082e-03
-1.4847459242e-03
-2.1721791953e-03
-1.2705262176e-03
-6.8662553733e-03
6.0529456887e-03
2.8992244836e-03
5.5631890022e-03
5.3002570067e-04
-4.6847898304e-03
-2.9455509428e-03
-6.2670885266e-03
1.0554860937e-02
5.0150092706e-05
1.0042422093e-02
4.0287301321e-03
-6.0812765404e-04
6.1287298187e-03
-1.5197621666e-03
-2.6335617084e-03
2.1287462420e-03
1.9414357549e-04
4.3200299689e-03
6.3752005345e-03
6.1933910760e-03
-2.1904465943e-03
-3.8040659624e-03
-5.5552827165e-03
1.1244259607e-03
-4.0179994223e-03
-6.6150935573e-03
-4.8577882749e-03
-9.4059597927e-04
-1.1414315807e-02
2.0187574759e-03
-2.9344293182e-03
-2.9579204086e-03
6.6548097079e-03
4.4546834219e-03
-7.1054135277e-03
5.8687528056e-03
3.8950397640e-03
-6.0837897337e-03
-7.3390054686e-04
7.6000719860e-03
-2.2046992420e-03
-6.9710567466e-03
2.1784154652e-03
1.9438064509e-03
5.2411661900e-03
1.8207196707e-03
-8.3051675028e-03
4.3091364997e-03
-3.2556313948e-03
-1.9288337604e-03
-5.3147510909e-04
1.3589273958e-03
3.3358801495e-03
1.7415599234e-03
4.5457053988e-03
4.5306337905e-04
-8.2930165269e-03
-3.4685678629e-03
-7.6890524725e-03
8.4403341864e-04
6.0151430769e-03
-5.9057791401e-04
3.1554228758e-03
-1.2898401491e-03
9.5304237775e-04
-6.6473783923e-03
-3.8448363010e-03
-7.5065115231e-03
1.0818650238e-02
4.3786939464e-03
1.8626037971e-03
-5.2344921666e-03
1.3193799684e-03
1.1972170359e-03
-2.3440172843e-03
3.3673422758e-03
1.1079388580e-03
1.3390323349e-02
2.1348461748e-03
-4.5328821696e-04
-4.5023232354e-03
-7.7849448092e-03
-3.0497261242e-03
4.1360610840e-04
6.0057584871e-03
2.8400902758e-03
6.7588903869e-04
-9.1178356905e-04
5.3380859196e-03
-3.7796001170e-03
-6.6213930075e-03
2.2471104502e-03
5.9547325208e-05
2.4345100432e-03
-1.3852192244e-03
-3.7219043559e-03
3.4887489125e-03
-1.2315709437e-03
-2.9703672877e-03
-3.1274845096e-03
-3.2930269394e-03
1.7985823076e-03
6.3229986228e-03
8.0792596921e-03
2.2981066364e-03
-2.2416474503e-03
4.2100702841e-04
-2.4232803458e-03
-6.7697370802e-03
-6.6617481255e-03
8.7140456445e-04
2.9518741180e-03
-1.1988899626e-03
-5.0278966681e-03
-2.7148015565e-03
-2.6846038162e-04
-2.8396340133e-03
1.9715494569e-03
-4.9074694598e-03
4.1973001922e-03
5.7323337310e-03
5.9633682134e-04
2.3735932230e-03
-9.0954268986e-04
-5.9029342673e-03
-3.6482850720e-03
-1.3743800910e-03
-3.7623462468e-03
1.3464068258e-03
4.3350343125e-03
-3.4828128571e-04
1.8355719273e-03
1.2740507748e-03
-3.1936697860e-03
1.9100636532e-03
9.0752378726e-03
-1.5961446466e-03
-5.9363864871e-03
9.2868227904e-04
1.0732873126e-02
5.6479063483e-04
-3.6806920154e-03
-1.8258651238e-03
-3.3578216147e-03
7.5936400355e-03
3.2551789490e-03
3.0855449834e-03
3.0673547477e-03
-5.4850146971e-03
-4.2427281163e-03
-3.9299453970e-03
9.2892049062e-04
8.3160978719e-03
2.7891547573e-03
-5.0376890404e-03
-2.0458982079e-03
-7.2949778004e-03
-2.2081562787e-03
1.9977307267e-03
-3.8907249838e-03
-2.4039755506e-04
-1.7667329537e-03
-7.3471593043e-03
3.7580272517e-03
1.6426280002e-04
3.9119835606e-03
-6.2809748326e-03
3.9809585520e-03
1.6341515169e-03
-4.5398792782e-03
-9.5578930660e-04
-8.6211209374e-03
1.2064952194e-03
-2.6952908238e-03
3.9592250313e-03
2.0845679510e-03
-6.7685981712e-03
8.2230541842e-04
6.1989462423e-03
9.3792020243e-05
1.3538628690e-02
1.0407485326e-03
5.7764659394e-05
-8.3074304872e-03
2.1931663461e-03
-6.8374618568e-03
-3.3414290352e-03
3.3472201167e-04
-2.3362671913e-03
-1.7621147185e-03
4.6698653547e-03
6.3346791297e-03
1.2646832838e-02
8.1828137308e-03
2.2799118122e-04
-6.5058885484e-04
-1.2782962054e-03
3.6095441992e-03
-1.8417611599e-03
-1.4352016463e-03
2.0119023589e-03
3.6417658531e-03
2.1886537661e-03
1.1471254362e-03
1.3386617282e-03
-2.3558303905e-03
-1.2676539450e-03
-1.7783032185e-03
3.7526255021e-03
5.9068456258e-03
-3.9228940055e-04
7.6982638169e-04
-2.7034182268e-03
-2.8337268197e-03
-2.4447752556e-03
-2.4922912736e-03
-3.6162992966e-04
-1.9101571804e-03
-4.8952788082e-03
-1.5532934638e-03
7.8163128864e-04
3.1663371231e-03
-1.1532298971e-03
-1.1985449772e-03
-4.9703195997e-03
-9.4204034865e-04
1.2628645902e-03
-3.5446350843e-04
6.3788782002e-03
-5.5018392113e-03
-2.6206108853e-03
2.9874642067e-03
2.7308366867e-03
-8.0471774689e-03
-8.6540473494e-04
-5.7010576851e-03
-1.7891904291e-03
7.4174731007e-04
1.9280760177e-03
-1.3790442398e-03
-3.6847423279e-03
5.3910572572e-03
-2.8952071151e-03
-1.6410570376e-03
8.2886699129e-04
-4.4287913783e-03
2.1060135347e-03
-1.1917616016e-03
-1.8375729667e-03
-1.7300351139e-03
2.1304247414e-03
-1.7413334307e-03
1.6067076533e-03
-2.8729768118e-03
-4.6425676637e-03
-3.2352142245e-03
-1.2691986166e-03
-2.0730177241e-03
2.2182646094e-03
-7.1866509595e-03
3.8179489301e-03
-4.4914684600e-03
-2.0244303886e-03
5.1248900276e-03
3.4704590758e-03
5.4318451663e-03
5.4999252548e-03
-3.2248071313e-03
-3.4747840806e-03
6.3380336552e-03
-2.0282231836e-03
-3.2783322040e-03
1.5930982102e-03
-7.7282455934e-04
-5.5305505195e-03
-7.9682477185e-04
-2.1422394752e-03
1.0911043140e-03
-7.1296378869e-04
4.8431053422e-03
1.8661969998e-03
-3.4267836873e-03
-5.1025351618e-03
-4.6893858966e-04
-3.4516146329e-03
7.0007459119e-03
1.2448158327e-03
6.9423259342e-03
-1.3282258836e-03
-2.2821899303e-03
-6.5961812935e-04
-3.2240195884e-03
8.3138395120e-03
2.9262434442e-03
-1.7897134227e-03
-5.2324315169e-03
-6.8988737663e-03
-3.0837281043e-03
3.3790874426e-03
1.2974962291e-03
-5.5446326953e-03
4.2496289605e-04
4.6687490753e-03
3.2640769142e-03
-4.3571005564e-03
1.2189138005e-03
7.5633679529e-03
3.5821225760e-03
4.2584236063e-05
-4.4723374817e-03
-3.9667508155e-03
3.0835126222e-03
2.2743669968e-03
3.0082271702e-03
-6.5340202856e-04
-2.6059128538e-03
-2.8735494642e-03
4.3180089123e-03
-5.4288054922e-03
-6.2372028225e-03
2.0814565391e-03
6.6351270250e-04
7.7500893300e-03
-8.1430824720e-03
-1.0579459193e-02
-1.1854073121e-03
-1.7518099092e-03
3.3890930131e-03
6.4822585955e-03
5.3614396806e-04
-2.6165615613e-03
6.7092547475e-03
-1.4625209881e-03
3.2551720099e-03
6.5520554207e-03
-2.1399283920e-03
-2.5268415594e-03
-1.5934629655e-03
-2.1817458968e-03
1.3245682738e-03
6.2705617112e-04
7.1989527121e-03
7.8130918779e-03
-6.1269472741e-03
2.0652095071e-02
-9.2358251783e-04
1.7892254814e-03
3.1254402373e-03
5.2385125058e-04
2.9509362501e-03
-4.5998977249e-04
7.3323303207e-03
2.5328367868e-03
6.6018464044e-04
4.1769329799e-03
2.5659136318e-03
-2.7343437956e-03
5.9376495140e-03
4.3522191900e-03
-5.7218223379e-03
-4.8986216568e-03
2.6433005848e-03
-3.5099760323e-03
-6.2708107130e-03
-5.9385771170e-03
-1.8309042636e-03
3.7603878989e-03
8.7777001529e-03
-4.9709931314e-03
-8.7504417733e-04
3.0129044576e-03
1.7835559638e-03
-9.9157608857e-04
-2.3594833264e-03
-4.1734260558e-03
8.7245877366e-03
-2.9151389208e-03
-3.3062642411e-03
-3.8967794079e-03
2.8117623786e-04
7.4445518068e-03
-1.0594759103e-02
2.8627880815e-03
-7.6740188180e-03
-4.6400056463e-04
1.5954382339e-03
4.1770213811e-03
-2.9266027712e-03
-3.1735474467e-03
1.7720477452e-04
3.3847941917e-03
5.8218550157e-04
-4.0665740875e-03
-1.7487714956e-03
-1.3524532363e-03
7.1049067157e-03
-3.7309009612e-03
2.4568056628e-03
4.7937473034e-03
9.4893801026e-03
-8.3508816956e-03
-4.3602806725e-04
-3.6246725381e-03
-3.7318529539e-03
2.3386627678e-03
3.7089727306e-03
4.1350121918e-03
4.6971502809e-03
-4.3986997540e-03
4.7944102272e-03
2.6242615656e-03
2.6706553362e-03
-6.0142745059e-03
-8.7355785413e-03
-4.5075772275e-03
7.1696499510e-03
-2.5323368485e-03
-8.2475467006e-04
-1.7127257724e-03
5.9092780197e-03
4.5594623561e-04
-2.6574386443e-03
2.3514428839e-03
-2.9311399861e-03
-5.2337296780e-04
-4.7835692186e-03
-6.0172540212e-03
3.8323193680e-03
-3.7901006970e-03
2.3842550524e-03
-3.3161054410e-03
9.0905954662e-04
-4.2153932670e-03
1.1262329835e-03
-8.3996222582e-03
-4.4618544193e-03
6.0575678492e-03
7.4519126545e-03
3.3995887216e-03
-5.9850969874e-03
-1.9235066367e-03
1.2264631373e-03
8.3400046669e-03
-6.7892562573e-03
-1.5735966349e-04
3.6043338459e-03
-3.9468872661e-03
-6.4299279290e-03
-9.6810033702e-03
-1.9339098110e-03
4.7389095750e-03
-9.9963656831e-04
-2.8672475176e-03
-6.6571786837e-04
-9.8563263192e-03
-6.6922076168e-05
-1.2991222115e-03
-4.9098584048e-03
-5.8151606166e-03
4.9787318354e-03
-3.1106171824e-05
-1.2619509096e-04
3.4469111026e-03
-5.4066019834e-03
9.7555386327e-03
7.4263162260e-04
-4.3579122627e-03
-9.2842851334e-03
4.2146587054e-03
-5.6061174019e-03
-3.6214511457e-03
2.4667985089e-03
-4.1487521163e-03
4.5465306345e-03
5.4967655179e-03
1.5027669697e-03
6.6313220424e-03
-6.0165405091e-03
-1.8801510668e-03
3.7667259519e-03
3.3409218699e-03
-4.1510868390e-03
2.8278602567e-03
-1.6314182508e-03
-7.1986794204e-03
-9.0874828718e-03
-1.7828680853e-03
7.0709451808e-04
1.7027509251e-03
-2.5209838243e-03
5.7987393882e-04
4.3398333522e-04
-3.9732303082e-03
-2.0685517875e-04
7.4012876772e-03
-2.9479056935e-03
-7.7327457994e-03
5.8080027543e-03
-7.9883478213e-03
-7.3530878536e-04
-5.0523472876e-03
-3.6968958722e-03
4.5457297353e-03
-8.5040878797e-04
8.2142642912e-03
9.5342049091e-04
6.7440416551e-03
2.5747835462e-03
1.3192628160e-02
-1.8047410871e-03
2.3974232282e-03
1.2778314166e-03
-7.0128782198e-03
-3.0512419413e-03
-7.3207414709e-03
3.4360024277e-03
-4.7391853163e-04
-2.3374211602e-04
-1.5169756523e-03
-2.3892312880e-03
-1.1359969286e-03
-2.5732497160e-03
-5.3283612644e-03
6.7834745866e-03
7.3504872747e-03
3.9119455942e-03
-2.3057944453e-03
1.0171216059e-03
1.8026812739e-03
2.8964786398e-03
-1.0632728613e-03
-3.5746788107e-03
-6.2987214767e-03
-3.3669663036e-03
8.3632610346e-03
-8.0869386526e-03
-3.1123171151e-03
-1.0655650961e-03
-3.7939160872e-03
3.0680193194e-03
3.4412444260e-04
-3.9435006277e-03
-2.8104433617e-03
3.7142309339e-03
-4.7659978906e-03
-3.9606030053e-03
-2.4367144609e-03
5.1736570466e-03
3.9052932703e-03
1.7867448566e-04
3.8911956408e-03
2.5500490310e-03
6.2917095176e-03
1.1295112655e-04
-2.1443891957e-03
3.8040346391e-03
-4.6901082234e-04
-2.3076087563e-03
-1.4783601515e-04
-1.0387328108e-03
-4.3014993047e-03
-3.0404269049e-03
-1.0972988220e-03
-1.4481648722e-03
-3.4568163614e-03
8.6230367603e-04
-1.1596135611e-03
6.0986202929e-03
-3.8024935189e-03
9.4544735033e-03
-6.5023274959e-03
-1.2097639582e-03
-2.8882148484e-03
-3.1168649041e-03
-7.4338263217e-03
9.6505288023e-04
-1.2817381401e-03
-5.8289400289e-04
-6.4556689211e-03
2.9350005277e-06
-8.3655437267e-04
-8.8516340042e-04
-8.2185456607e-03
2.7638469885e-03
1.2265493325e-03
-7.9642960402e-03
4.3095171002e-03
-2.6791935970e-03
-2.2480284235e-03
4.5759196268e-03
-7.4645010456e-03
-1.1630754669e-03
-2.5002603729e-03
8.6371311189e-04
-2.5427396229e-03
-3.7872320551e-04
3.7147198025e-04
1.9908342843e-03
1.1421854969e-03
6.5953495323e-03
4.1769967891e-03
-3.3160114958e-03
-5.4236745765e-03
-6.4651403459e-03
-1.8284951304e-03
-4.2215582692e-03
-3.0032398134e-03
-4.0863244393e-03
-3.0761870223e-03
2.6817607619e-03
1.2960477611e-02
6.9822390229e-04
-4.8152070027e-03
-4.0718081724e-03
3.4373793468e-03
3.6653474314e-03
5.1240876585e-04
4.3384252063e-03
6.8971083234e-03
-5.3171603143e-04
-8.1294860387e-03
8.5511454520e-03
-3.6312037889e-03
-1.2498909257e-03
-4.4279089287e-04
1.3570159425e-02
3.1634643317e-03
1.0326569816e-02
-6.3450188208e-03
9.4231235361e-03
2.7964571752e-03
-3.0843382508e-03
-2.1124511597e-04
-4.6651553214e-03
-2.7360039905e-03
1.7565508607e-03
4.4221008735e-04
3.0887009467e-04
-2.2827286537e-03
1.9091274048e-03
-6.7162293085e-03
-2.5335680931e-03
2.9029238101e-03
-7.4703156884e-04
5.2512628823e-05
-8.3778793462e-04
3.0515973232e-03
3.3867981571e-03
-3.4598208442e-03
-4.8726947820e-03
3.9732978363e-04
-6.5348722246e-04
-6.7377587338e-03
6.4397274341e-03
9.8929264828e-04
1.3461289939e-03
-3.8438109079e-03
6.5544612591e-03
-5.9159467743e-04
2.3038585848e-03
3.2051186468e-03
5.3553918688e-03
4.3307459320e-03
-1.0198959887e-02
-5.2789854193e-03
1.1232726629e-03
1.1804066473e-03
4.5232585746e-03
-5.0548843153e-04
-1.6712447932e-03
-6.8606315088e-03
-3.5590233355e-03
2.5884262181e-03
-3.5561464199e-03
-5.4384201919e-03
-7.4480599604e-04
7.6275435354e-03
7.0542874154e-04
-9.4055913943e-04
-3.1752056338e-06
3.6877976085e-03
5.7523469365e-03
-1.1459799209e-03
3.3890921021e-03
1.6415172509e-03
-5.7615397281e-03
4.3058267480e-03
-3.7157971850e-03
1.3608383049e-03
2.6445421066e-03
-7.2776183968e-04
5.0372397995e-03
4.1006462736e-03
-3.3153709428e-03
1.1393350072e-02
4.3660726029e-05
3.1697489079e-03
1.0296160873e-03
6.3779659501e-03
5.2483022053e-03
-3.4427715362e-03
-8.0726877235e-04
2.8371970841e-03
-1.1264326143e-03
2.0593236561e-03
1.8086650238e-03
-1.8945579121e-03
-4.1062718985e-04
1.4480984845e-03
-3.2419952180e-03
-1.1040149547e-03
2.2890905019e-03
-1.2143944952e-03
3.5946533712e-03
7.6704505159e-03
9.6115561571e-03
-1.9922546871e-03
5.0529993636e-03
-1.0155522509e-03
1.8581299326e-03
2.0586677056e-03
-3.4725383394e-04
-4.3100535276e-03
4.6074225432e-03
-1.4943315184e-04
-1.0784135069e-03
1.8137768741e-03
-7.8902956557e-03
8.0627843709e-04
2.6783598443e-03
1.2716139715e-03
3.9836507021e-03
-4.4112572021e-03
1.3286888699e-02
-1.4485757445e-03
7.7134330680e-04
-3.5351764357e-04
-1.6953238758e-03
7.1779598257e-03
5.1539278482e-03
-3.6571042321e-03
5.5037986165e-03
1.1776387200e-03
9.5384661736e-04
2.2250232590e-03
-8.1291696156e-03
-7.1319386879e-03
-2.2119291839e-03
1.3291450873e-02
5.3569527749e-03
-1.0566600970e-03
3.7378690177e-04
-3.4913712046e-04
-1.6808707126e-03
-6.8951996745e-03
9.2706709405e-04
-2.9139000568e-03
-6.0898273996e-03
-2.0404136324e-03
-1.6983714203e-04
-3.5869656574e-03
-4.4121793479e-03
1.5493094197e-03
-4.2790968526e-03
2.9640495700e-03
5.7672477553e-03
-3.4713271483e-03
1.5772332143e-03
4.7058188749e-03
2.2695075832e-03
1.3269720860e-02
-2.9288846246e-03
1.0760653976e-02
-3.9279493846e-03
1.0668495376e-03
-5.4599027904e-03
3.9138202797e-04
-1.6204244523e-03
-9.7618030180e-03
-3.7949531331e-03
-2.0966938723e-03
2.0907645430e-03
5.3772821503e-04
7.2024586007e-03
-1.6572539110e-03
-1.2958567466e-03
3.5684220914e-03
3.4048987460e-03
-3.4664831856e-03
-8.6486637550e-03
2.2306932421e-03
8.5630275168e-03
3.0370615042e-03
-1.2830272454e-03
5.0235923647e-03
-7.3835419735e-04
-1.4664151048e-03
-3.7021589504e-03
5.9913462574e-03
6.1436164071e-03
-5.6798068663e-03
2.4208134738e-03
-7.5420272974e-03
3.3265739702e-03
-2.2605512542e-03
-3.7855420966e-03
3.2024257449e-04
-2.6889426725e-03
-2.2526269930e-03
-2.5733075449e-03
-4.4789158921e-04
2.1609413070e-03
-1.4435703274e-03
1.7184181665e-03
-5.1406890680e-03
-3.4409446170e-03
-5.0468946834e-03
4.9341892477e-04
3.6336806365e-03
2.4528030906e-03
5.1708889100e-04
4.2242355498e-04
2.3373431873e-03
-5.4240965678e-03
-1.7755900526e-04
4.8335487595e-04
-4.0210049351e-03
-8.4760445104e-03
1.7200497926e-03
2.4213311480e-03
-5.8233613487e-03
1.4766150446e-03
3.5811834326e-03
-5.9672742906e-03
-1.1897524439e-02
3.4483365947e-03
6.1090304611e-03
-4.5177372703e-03
4.5067338961e-03
-4.1449684358e-03
2.5225600015e-03
-2.2677575833e-03
-5.8604627365e-04
-1.5474959165e-03
-5.7644846712e-03
2.2033134271e-02
2.5889074759e-03
-3.1323597183e-03
-1.6458380013e-03
4.8000121410e-04
-2.8263295824e-03
2.6659428619e-03
1.4735882646e-03
