1.0560523629e-03
3.2974297504e-04
-1.2543784315e-03
1.0491356244e-03
7.7500221148e-03
-3.5801489536e-03
1.0672114944e-04
4.0821511464e-04
1.2083658909e-02
4.2815660004e-03
3.0702348140e-03
3.7743643629e-03
5.8915771126e-03
-4.2395389033e-03
-1.4897861849e-03
-3.7044187330e-03
5.6799188374e-03
-3.3967651500e-03
-6.3468801299e-04
2.5419961185e-03
-4.2669374283e-03
3.9040566338e-03
-5.6699981545e-04
2.9380516952e-03
1.3343246695e-03
5.8585900818e-03
1.4322794626e-03
1.5438752791e-03
-1.1524355703e-03
9.7143426466e-04
-7.6899391302e-03
-4.3890319697e-03
3.3165527950e-03
-4.4403804341e-03
-4.4855553207e-03
9.7128655535e-04
-1.0796138484e-05
9.2308858788e-03
2.7274289208e-04
3.2232689470e-03
-1.2810846629e-03
7.4268172923e-03
6.3401518927e-03
8.1548833100e-04
8.3635934474e-04
1.0248264007e-03
-4.1501935233e-03
-1.6205578970e-03
3.2275058471e-03
-3.6724169174e-04
-7.8955550989e-04
-1.7589231936e-03
5.9416552204e-03
7.8794552398e-03
-4.0546430439e-03
1.5247998309e-03
-1.5655025859e-03
2.7361210719e-03
2.9106500342e-04
3.0281114620e-03
1.7188796263e-03
1.1995315188e-03
2.8508371007e-03
1.0777520974e-02
-3.2090132049e-03
-3.0591872703e-03
1.1251893434e-03
3.4924758162e-03
-5.0152379502e-03
-3.5871742642e-03
1.2916945547e-02
2.7808445388e-03
-3.3818523048e-03
9.6161534719e-03
-3.2559866831e-03
2.5133770703e-03
1.4192512383e-03
-5.7076053871e-03
6.3837887426e-04
-7.5711516873e-04
-1.5390665854e-03
-6.5541760336e-03
-3.3919414261e-03
-8.8469729627e-04
-6.6645942336e-05
6.5100237089e-04
-3.2013376310e-03
5.8567280899e-04
2.3449799971e-04
-3.7453647048e-03
-2.5699055139e-03
-5.4632887056e-03
1.7110357758e-03
4.6215425313e-03
5.3458727216e-03
-1.5155641493e-04
-6.0727183179e-04
-2.1137022676e-04
-4.7548382559e-03
1.6640663263e-03
2.1167264114e-03
6.3648175543e-03
-3.8931017076e-03
7.4680383601e-04
1.1777200856e-02
-1.0230104229e-03
3.9361329516e-03
1.0991940534e-03
2.3483317145e-03
6.1221264889e-03
-4.3248750074e-03
1.1143884030e-03
-9.9157988210e-04
9.2323387560e-04
-1.0569030310e-03
4.7981473412e-03
-3.6679883148e-03
3.7861541573e-03
-1.7753177220e-03
-4.1155830602e-03
3.3146724999e-03
1.6042694949e-03
1.1304883327e-02
-9.1633704248e-04
9.0452929386e-04
-7.3838484726e-04
-1.2796892453e-03
-2.4141026446e-03
-1.7629346543e-03
5.0822171389e-03
1.3938199370e-05
6.4777979058e-03
-5.5478846360e-03
4.2767409658e-03
1.2946451823e-03
-5.4397244977e-04
-4.2450093064e-03
1.8291909596e-03
1.7594865089e-03
-1.8520547416e-03
4.4998809582e-03
1.5640603120e-05
-9.4767358296e-04
-5.9649771443e-03
-6.8630106713e-03
-3.5675172407e-03
-8.3382618451e-04
4.4169544324e-03
-6.7063998429e-04
2.1778364270e-03
1.7631275095e-03
-3.8292073030e-03
1.4573829469e-03
-1.5272309915e-03
1.4449283025e-02
-3.0596083487e-03
-5.6556581026e-03
-6.5289233465e-03
7.0561693423e-03
2.2324930438e-03
-2.7636287800e-03
1.5722698199e-05
3.4533270003e-03
-5.4032004879e-03
-4.8772962423e-03
-4.2975394017e-03
5.3578926134e-03
4.1284232974e-03
-7.8571203882e-04
1.5342950348e-03
4.6250338053e-04
6.7861367332e-03
7.1996479286e-03
2.0969324961e-03
4.9948052471e-03
4.2635062674e-03
-1.3099564012e-03
4.4740705879e-04
-1.8763142904e-03
4.0156712852e-03
5.5610888319e-04
-2.2350903654e-03
-2.7675596218e-03
3.7624213399e-03
4.6386172116e-03
1.8660167845e-03
4.2376251078e-03
-8.3999916278e-04
-8.7263164478e-04
-2.0196178503e-04
-2.3213288057e-03
-4.1491286472e-03
-3.2656050347e-03
3.4374627428e-03
-1.4179116346e-03
1.6191555782e-04
3.0759433687e-04
5.3909643666e-03
-7.8021741755e-04
2.5260616479e-03
-2.4427640755e-03
-2.5105521434e-03
1.5014397295e-03
-9.6079228270e-04
9.7933036348e-04
8.0227518175e-03
3.8723301427e-03
-8.6229721570e-06
-2.5227288278e-03
-3.2176922745e-03
-5.5625722309e-04
2.2886393226e-03
-1.9546780710e-03
2.8486308949e-04
4.4396329936e-03
7.5410769713e-03
2.2264618081e-03
5.0102711477e-03
5.1505247928e-03
-1.7790965758e-03
-1.0549452565e-03
7.9813183657e-04
2.6855614168e-03
7.7973010773e-03
-3.0292517043e-03
-1.2658153899e-03
4.2183916370e-03
-2.1790647320e-03
-3.5595405926e-04
-3.8057738249e-03
-4.2042668498e-03
-1.4711090564e-03
9.0946506726e-03
-3.2529638742e-03
8.1943040222e-04
1.6442239424e-03
-4.4776676722e-04
-4.2336458541e-03
-4.8399428320e-03
3.0505321971e-03
-4.4837256861e-03
2.0268914771e-03
3.0110483071e-03
-5.9602297264e-03
-5.7936151648e-03
-2.8462249872e-03
-7.6159372487e-04
-1.1173753409e-03
8.9986763873e-03
9.5060693288e-03
-1.2942857734e-03
-2.8666318313e-04
2.8228949988e-03
1.5195059005e-05
7.1703507208e-03
-3.4805208492e-04
4.2726874091e-05
-4.3582704977e-03
-2.4635989852e-03
2.4409717226e-03
-9.1906868046e-04
2.3814364408e-03
2.4689745421e-03
-1.3764618423e-03
-4.0757115319e-04
8.3665322457e-03
-4.9497675340e-03
-2.0806617204e-03
3.9639469653e-03
-5.8251486999e-04
-5.5022866293e-03
5.9857808975e-03
2.6298238187e-03
-1.1765177232e-03
-5.7739230727e-03
-2.2632618917e-03
4.9737193377e-03
-2.9464689792e-03
-5.6628215373e-03
-4.1244390230e-03
-1.6095254379e-03
-2.6495046204e-04
2.7113105898e-03
-8.7956246346e-04
-2.4375073021e-03
4.7384395829e-03
-2.5255826612e-03
-9.5234694053e-04
2.9675726501e-04
8.9148639846e-03
2.1791807634e-03
2.0690015586e-03
-2.4647019115e-03
-1.7181354829e-03
3.3243635992e-03
3.6734374371e-03
-1.6580781970e-04
6.2714890610e-03
-4.9704337939e-03
6.9637469819e-03
4.0369218079e-03
3.9638000615e-03
7.9182698576e-03
9.2006771528e-03
-1.9208618394e-03
-3.6519858340e-03
-2.1888150706e-03
-1.1792460091e-03
1.6803202684e-03
-4.2367006617e-03
-1.4568104384e-03
7.5859069849e-03
2.5847777306e-03
-1.9089709139e-03
-7.7243027904e-04
-3.0455676662e-03
-6.2994083106e-03
1.0371126746e-02
-2.3964698389e-03
-1.4455534378e-03
2.3400093940e-03
-3.8957658149e-04
7.5400222167e-04
-2.2825925126e-03
1.2756453902e-03
7.1487743449e-03
-6.5584739329e-04
7.3311512143e-03
-1.4071148025e-03
-4.3210191649e-03
5.4365231204e-03
-2.3672564482e-03
-1.5031568415e-03
6.4699963882e-04
-8.8431578566e-04
-5.1342100039e-03
3.6446515303e-03
1.9932036998e-04
8.3185522003e-03
-3.2480780103e-03
4.4161108007e-03
-2.5037033398e-03
-6.1875958695e-03
-1.4590465147e-03
7.6062076952e-04
-2.3699940347e-03
3.6951963492e-03
4.0476521927e-03
3.5051198632e-04
4.4205776681e-03
1.7083235749e-03
2.8082581892e-04
2.2289283390e-03
2.4021126443e-04
-5.1588504223e-03
1.0387772041e-03
-2.3466563428e-03
-1.4388780149e-03
9.8508949791e-03
8.1906764572e-03
-5.7115871149e-03
-2.9812325568e-03
2.4984489150e-03
-3.5404967514e-03
4.6333023850e-04
-9.6848764313e-04
7.1984049239e-03
1.9623071271e-03
3.1176512235e-04
1.5748368059e-03
6.0415341983e-03
-5.4575755246e-03
-5.8657635202e-03
2.3619314429e-03
-5.7060120302e-03
1.3027876729e-03
-3.2705798402e-03
5.9383601872e-03
-2.5701451726e-03
5.1425521496e-03
-5.2603598593e-03
-7.0928523755e-03
-1.3331423954e-03
-1.0673563279e-03
-1.9828615797e-03
8.8649530214e-05
-6.1219637368e-03
-4.3997388596e-03
1.2197211496e-03
-9.5273088881e-04
-2.1186254574e-03
-2.1535052063e-03
-5.6613135690e-03
6.6132363386e-03
1.3661908560e-03
-4.5468277961e-04
-4.4767625407e-03
5.1435650459e-03
6.3655280510e-03
4.6100596642e-04
5.0257353529e-04
-1.3769242021e-03
-1.2597749075e-04
-6.4081451131e-03
-3.8050699113e-03
1.0735783405e-03
3.9195600305e-03
-1.2871380232e-03
3.5915593566e-03
4.0558112465e-03
2.2522572610e-03
-3.1792018143e-03
2.7784033196e-03
2.5235870721e-03
-4.5678729831e-03
5.6456022004e-03
-5.0233711210e-03
-4.3019838133e-06
3.2219383868e-03
-1.5402379718e-03
5.0259048539e-04
-2.5320632684e-03
1.1254002142e-02
-1.3854890210e-03
-2.6945611013e-03
3.5339600521e-03
-2.6226332157e-03
2.6544360814e-03
-2.0560990107e-03
1.0318653876e-02
-3.8258343724e-03
-3.7819265577e-03
-1.1735671147e-03
-3.1173236469e-03
2.9547496204e-03
3.8325419714e-03
3.5569002609e-03
-4.1756467154e-03
3.6074576548e-03
4.4058285463e-03
6.7766222022e-03
-2.2795054616e-04
-4.0811691879e-03
1.6092440990e-03
-8.0995758919e-04
8.1866520941e-04
5.4916013068e-03
-1.1094317249e-03
-1.4179581601e-03
-4.2288359442e-03
3.8374214345e-03
-2.6536095800e-03
4.2586328911e-03
5.0582741507e-03
-3.1235961390e-04
-1.2129935903e-03
-3.9870428245e-03
4.3615614847e-03
-2.4908544331e-03
6.1169503048e-03
-2.2985527564e-03
6.6311711912e-03
-3.0205883667e-03
-4.8530662866e-03
9.8185344525e-04
-1.4918037989e-03
1.1053384534e-03
-1.7948838879e-03
-4.7426294766e-04
9.2146889148e-03
3.1823994219e-03
6.6261369847e-03
-2.9701834585e-04
-8.4652596706e-05
-4.8294876069e-03
2.7134918111e-03
-1.8455499467e-03
-3.5366327384e-03
-8.4705930171e-04
-4.3608719617e-04
4.5859530764e-03
6.7949022913e-04
3.4625597804e-03
-1.7330688680e-03
-3.0676365844e-03
-5.0131951022e-03
-3.0396464609e-04
2.7566688724e-03
5.9086656094e-03
-1.0076380131e-03
2.8646753647e-04
4.7573831661e-04
5.2369700988e-03
-1.2422349641e-03
-7.7791891320e-05
2.7085980201e-03
1.8097348143e-04
-4.4459365524e-04
-2.8667730157e-03
-4.8808869316e-04
9.0719371686e-04
-2.5078709612e-03
-6.0283007089e-03
1.8295094387e-03
-2.7350143254e-03
-5.9326018955e-04
-2.9142801553e-04
-1.2358625462e-03
-5.6994584150e-03
-2.6323049144e-03
-3.2875067726e-03
-2.9053334977e-03
-6.9052085134e-03
-1.4061746517e-03
3.6525992925e-03
1.2402266641e-03
-3.5237978713e-03
-1.3293326716e-03
6.9707176684e-04
-6.5491799527e-03
1.3172122046e-03
-4.6014239205e-04
-1.5633308492e-03
1.7110151544e-03
3.4870273461e-03
-1.0498284463e-03
-3.1866016349e-04
-3.2255490322e-03
3.0359934767e-03
3.4320991107e-03
8.0182632312e-03
-5.6398058989e-03
-4.1253297203e-04
1.1714101670e-04
-3.4050759638e-03
-2.0643550163e-03
1.9846700752e-04
1.1479781900e-03
1.5776672110e-03
1.1718278342e-02
2.5829136125e-03
-1.8274859677e-03
1.1484659465e-03
-1.4354659560e-03
-3.9707795713e-03
-3.4338496619e-03
3.0313060613e-03
-4.9151683104e-03
-3.4667546142e-03
-3.5563337115e-03
1.6283892766e-04
4.4535949620e-03
-2.5003126720e-04
-2.5258795497e-03
-3.8982857262e-03
-8.1343007617e-04
5.6426738439e-03
-1.1272011489e-03
2.0219620816e-03
9.8382277767e-04
-6.2282407817e-03
2.8492553451e-03
2.9728699598e-04
2.7360683977e-03
-3.4021547704e-03
-2.6626595955e-03
-5.3069336153e-04
2.3930155912e-03
-4.8597329165e-03
-7.9719565478e-04
1.5176229557e-03
-1.8652688927e-03
-1.7198334725e-03
1.1737053180e-03
-2.4245394071e-03
-4.2566615288e-03
1.0150880479e-02
-6.8578777628e-03
5.8249041607e-03
3.9573823855e-03
-3.6059591606e-03
3.4180901109e-03
-4.2587206168e-03
1.0294157746e-03
2.6889425123e-03
-5.8729265764e-03
-4.1130993311e-03
3.5284772726e-03
4.9793663260e-03
-3.7534383979e-03
3.5113137916e-03
1.4872372421e-03
7.0994966641e-03
5.7568694576e-04
-6.5727347699e-03
-1.8690981555e-03
1.4823522795e-03
-4.4496920682e-03
-2.4775780898e-03
-2.5721391209e-03
-1.3918337043e-04
1.5065451266e-03
-1.5068878255e-03
-3.1221620784e-04
2.2649538050e-03
1.9613099032e-03
-5.1059368653e-03
2.5285668410e-03
-3.7233995477e-04
1.1824342915e-03
2.6690065012e-03
-1.6166703104e-03
-5.2808759639e-03
3.0058128257e-03
9.4206332248e-03
-1.2458401424e-03
-9.6485259054e-04
7.4635889050e-04
4.0149094163e-03
-4.2654817362e-03
4.5639326074e-03
9.6369787770e-03
2.6177140640e-03
2.5503847710e-03
-8.9374623393e-04
5.4345618074e-03
1.1561665970e-02
-2.8677291920e-04
4.3642393057e-03
3.7015972553e-03
6.3074102907e-04
-2.4500195060e-03
3.1934766476e-03
4.0763264845e-04
-3.6034339614e-03
-3.1717636926e-03
-1.7386053651e-03
2.0377626327e-03
-2.7592333028e-03
3.8844825048e-04
-3.6005855692e-04
-2.7723833734e-04
2.0352350337e-03
-3.0370036774e-03
-5.0851728580e-03
1.6957419134e-04
-1.7842001809e-03
3.1754614885e-03
1.8365548543e-03
-6.6689093448e-04
-2.1169490301e-04
6.5506261580e-03
9.1979529869e-03
3.4546153503e-03
-3.1036820722e-04
6.3044592411e-03
3.1757700711e-03
-2.0088415196e-03
-3.8706822979e-03
2.6398584949e-03
3.4156336740e-03
-4.7015568117e-03
1.4572397527e-03
-1.6163907817e-03
5.6651350474e-03
-1.8288927566e-03
-3.2628702945e-03
1.0943199098e-02
3.8206354441e-03
-1.8638911036e-03
1.2548935689e-02
2.2789294642e-03
-1.5346146242e-04
6.7559425680e-03
-6.4074078974e-03
5.8239438295e-03
-3.9798849965e-03
-1.7475497554e-03
-6.0543990339e-03
-1.2937728050e-03
-1.6057405883e-03
-2.5726918868e-03
1.4605848247e-03
-5.2140411831e-03
-1.3684849442e-05
-3.9892156638e-03
7.6968554933e-03
-6.2610889929e-03
-2.4940094317e-03
-3.3351589422e-03
1.1416967305e-03
-3.4045740285e-03
-2.9770436639e-03
2.8005677619e-04
-2.4572051312e-03
-4.1787952455e-03
3.8893900207e-03
1.6744174200e-03
3.3894426858e-03
-3.9524385460e-04
1.2491250414e-03
9.4428444565e-04
-5.3117298403e-03
-2.8857441265e-03
8.7134145608e-03
1.7252382440e-03
-2.9500783099e-03
1.3004451247e-03
-3.4272423188e-03
-3.6535170812e-03
-2.6375951690e-03
-5.7502533790e-03
-2.3069682826e-03
-1.9623399522e-03
-1.3509729242e-03
-1.8892005533e-03
2.5707529447e-03
-2.8876022453e-03
-1.4764520956e-03
1.5878039178e-03
3.3358145949e-03
-3.2980426964e-03
6.4315718702e-04
-6.9086188349e-05
-4.0984894510e-03
-4.0618828692e-03
-5.3145387886e-04
2.1893076492e-03
-2.0408837817e-03
-5.8453903612e-04
-4.4596203335e-03
5.5158254239e-03
2.2222067222e-03
4.3299557851e-04
7.4397821655e-03
-1.4411158724e-03
-1.8717694264e-03
1.2397127848e-03
-4.3770864852e-03
7.6703564851e-04
-2.3101761389e-03
2.2925315365e-03
-7.6788696624e-03
-7.7672787614e-04
-2.6446171951e-03
-2.0524173942e-03
9.6843269304e-04
1.4604882544e-03
-3.8059194309e-03
-3.1323438153e-03
1.7664867173e-03
1.4937382306e-03
1.6034434579e-03
-1.5192572488e-03
5.5715074093e-03
1.5845396304e-05
1.5302245507e-03
-1.3179019054e-03
-5.5026549852e-03
3.1706045089e-03
-6.4313744148e-04
7.8907691102e-03
-9.9361492156e-04
8.4707696941e-03
-1.6526176669e-03
-4.4081957277e-03
3.0413738189e-03
6.1580025129e-03
5.4413409992e-03
-4.7680810496e-03
4.4892315616e-03
8.2503791063e-04
-2.4345368504e-03
-1.5051786130e-03
1.2385964568e-03
-1.7061907851e-03
3.8666250454e-03
-2.9646738698e-03
-2.7345289723e-03
1.6857014028e-03
1.6771338543e-03
-1.5105137369e-04
-2.4881674727e-03
-8.5871285751e-04
-1.2492046831e-03
-9.6954686616e-04
1.4019361842e-03
-3.7574773179e-03
8.0784249212e-04
1.9412424761e-04
2.0339207688e-03
-1.0073525363e-03
4.5849310676e-03
2.0554633241e-03
-5.2639411413e-03
1.7117104095e-03
5.9453398240e-03
2.3696083148e-03
-4.8919275549e-03
6.0863119591e-03
-4.8370157411e-03
2.4820941052e-03
5.9783445880e-03
-4.1135427469e-03
-2.9886782396e-03
3.7871749734e-03
-4.6640069494e-03
2.0327754065e-03
-6.9550239303e-03
5.1914306878e-03
-6.9530805417e-03
-2.6853341760e-03
-2.7765370197e-03
-3.3492420072e-03
-4.3689352298e-03
4.7184585758e-04
3.7114995451e-03
6.2639656015e-04
8.9912076505e-03
4.2458659168e-03
5.1411307387e-03
1.1545761115e-02
3.8136932668e-03
5.2232750752e-03
-3.6423455829e-03
-4.9646356350e-03
1.9937199634e-03
-3.8762082870e-04
-1.1085398660e-03
-5.4666534343e-03
3.8078695032e-03
1.8885699396e-03
-1.7322157785e-03
4.1071506414e-03
-2.2219924887e-03
3.8919226303e-03
7.3493097017e-03
-2.5236926800e-03
1.2262483861e-03
-3.7351128604e-05
1.5660513321e-03
4.3039522833e-03
2.3627074920e-03
-1.6667972593e-03
-2.2522055340e-03
-4.4938344865e-03
5.1810242917e-03
-2.5281200993e-03
-2.8115884080e-03
-3.8087944946e-03
2.8175083750e-04
-4.6807595727e-03
7.5776007879e-03
-5.6556281480e-03
1.1063755411e-03
1.0347884159e-03
1.0769336926e-02
1.0448873779e-03
4.1537864678e-03
3.7593050802e-04
-2.6411224000e-03
-3.9374454564e-03
-1.6601141796e-03
3.1971533708e-03
1.4551510196e-03
-4.8972298414e-04
-2.9913467184e-03
2.7088233460e-03
3.1757805202e-03
9.2752758313e-03
-1.4981820531e-03
-3.9586979044e-03
-4.7167456107e-03
-3.5453494200e-03
5.8275214737e-03
5.5059307059e-03
-3.9448700226e-03
-3.7269153173e-03
4.7142771652e-03
-4.4680092804e-03
2.3496364768e-03
2.6350997847e-03
2.4465404181e-03
-2.2720214910e-03
-6.0347667117e-03
2.5399200219e-03
4.9044349727e-03
2.0525662901e-03
-1.6988144399e-03
-1.2139622437e-03
-4.1922904855e-03
1.6454966545e-03
7.7346546034e-04
2.6592468842e-03
4.2876297962e-04
2.1026424015e-03
4.4440282192e-04
6.6299203059e-03
-2.9139945971e-04
-4.0799407215e-03
-9.0927618742e-06
-1.6646680335e-03
4.9626107100e-04
1.5651402981e-03
-4.1929462980e-03
-1.9060010760e-03
-1.6451445690e-03
-5.4801226588e-03
-3.0090970989e-03
-6.4763058113e-04
6.7269111909e-03
-4.1215267744e-04
1.0238784101e-02
3.5221710044e-03
-2.0675755124e-03
2.2938693760e-04
2.7989951382e-03
-3.1145384775e-03
-3.3548472287e-03
-1.9209948729e-03
-2.9276896956e-03
-5.6255826658e-03
1.1196535508e-03
-3.5659093143e-04
-4.7940897897e-03
-2.1194194561e-03
-5.5416393510e-03
-3.1362789593e-03
-1.6998319413e-04
3.6897059013e-03
-2.5458002392e-03
4.7323744612e-03
2.0003304714e-03
1.6732690103e-03
7.2369709438e-03
7.0171551937e-04
-4.0111300405e-04
-1.2486419200e-03
-5.7801824952e-03
-2.2123335971e-03
1.7990112925e-03
6.0879838845e-03
-3.9236215489e-03
-2.8112856154e-03
3.0017308456e-03
-3.0786616135e-03
-1.5715524414e-03
3.4325688555e-03
-4.9899517210e-03
-2.7684853815e-03
-3.3189864577e-04
-3.1032707595e-03
1.6306874177e-03
-8.5204318896e-04
-9.0361073102e-04
-7.8419521723e-03
1.2794120324e-03
-2.4956470971e-03
9.9448830824e-04
2.4381105620e-03
1.1853169495e-03
-4.1796248173e-04
-4.2469306023e-03
9.4764817109e-03
7.6376237758e-04
-5.9377014580e-03
-5.6566800379e-04
-2.5613059076e-03
-5.4684455897e-03
1.6492416624e-03
4.2367051705e-03
-5.0337531710e-03
-6.1888483330e-03
-1.8672768832e-03
-3.1686789944e-03
1.8205391990e-03
-1.9389304162e-03
-4.0587018384e-04
6.5937572617e-03
8.4708441216e-03
3.0546658139e-04
-4.8050728500e-03
3.6702768230e-03
1.1661143284e-03
7.6202197268e-04
-1.3726949743e-03
3.9084888373e-03
1.0192387248e-03
-1.1154753974e-03
-2.0621226039e-03
4.2008047010e-03
8.8550086796e-03
-2.3820420693e-04
-2.0512521133e-03
-9.4898809945e-03
4.7053311423e-05
6.8763164321e-03
2.1712746982e-03
4.5656491758e-03
3.8598007614e-04
5.1706845292e-03
1.9472418931e-04
-6.3257983615e-04
-1.0139443063e-03
-6.4527080498e-03
1.7476896574e-03
3.7072248667e-03
1.9486671091e-03
6.6497812898e-04
-5.3529464947e-03
-5.5699454496e-03
3.1337989361e-04
-9.8006187260e-04
5.2387146333e-03
2.9251070274e-03
4.8589924201e-03
-6.0241251487e-03
4.4415037483e-03
-2.4025229574e-04
9.0758075468e-04
-2.5235731606e-03
-3.9734866329e-03
1.0316436143e-03
-4.1968940313e-03
2.1045764182e-03
9.3493762365e-04
3.7411604280e-03
-5.6601601477e-03
-1.5292441982e-03
1.0519560520e-03
5.3332803064e-03
5.6175424587e-03
7.5857272099e-03
-2.5224475450e-04
1.2172564967e-03
-7.3991029744e-04
-1.4427047867e-03
1.0296988973e-02
1.9315250739e-04
-3.3932794254e-03
-4.5774154089e-03
-4.0334018018e-03
-5.5672478533e-03
-3.7161173217e-04
-7.5030034657e-04
-2.4977809790e-03
2.1561453483e-03
2.3424877204e-03
4.0096686299e-03
3.9089865203e-03
-2.4265603605e-04
-6.0816810383e-03
-1.6210865081e-03
-2.1402770757e-03
-1.2046573241e-03
1.1154089996e-02
-5.8000728025e-03
-3.5133109725e-03
-4.6077313599e-03
5.4576365913e-03
2.9064366879e-03
1.8582579562e-04
-1.4594649500e-03
-2.2862774934e-03
-1.6435085608e-04
6.3156861838e-04
1.8122178414e-03
8.7318377434e-03
7.7201025819e-04
-6.8204271990e-03
-2.3811062828e-03
-3.6965025980e-03
-4.3144122233e-03
4.2555464193e-04
3.2689780905e-04
-5.1091729111e-03
4.1737889090e-03
5.7947935828e-03
-9.1914829461e-04
-2.5197895513e-03
-2.4985721828e-03
5.7982623972e-03
5.4937828053e-03
-6.2093273853e-03
3.9139981256e-03
-1.5168866786e-03
2.7626255519e-03
-2.1932544589e-03
-3.1869380162e-03
1.0390839222e-02
4.2605444776e-03
-2.9496458968e-03
7.9770187781e-03
3.0692299291e-04
-1.1613422162e-03
-2.6069674620e-03
-3.8469271165e-03
4.3783452450e-03
-2.2482447608e-03
-8.9289354789e-04
-2.4246702904e-03
-2.0506303699e-03
-3.8629279608e-03
-5.2488889134e-03
-4.5387720003e-03
-4.9257100941e-03
-5.8073742863e-04
-3.5118219262e-03
3.4445132020e-03
-3.5079541004e-03
1.5005876622e-03
-4.7576132387e-03
3.1624070884e-03
2.5243419950e-03
-1.6709026088e-03
2.7376713279e-03
-1.3623129489e-03
9.9184307474e-04
-9.6584866100e-04
4.8572081619e-03
7.1312117520e-03
1.4677435695e-03
-2.3970339333e-03
-4.0235632207e-04
-3.3988070256e-03
-3.0379719246e-03
-3.5185589127e-03
2.2139389796e-03
-2.1646492446e-03
-2.7154283569e-03
1.9587928117e-03
-4.6908649285e-03
-2.6257538101e-03
-4.5533989464e-03
-7.4269189647e-05
-2.0606777801e-03
-1.6889365774e-03
3.2959143723e-03
1.4601302531e-03
-3.3343713157e-03
-1.9669634772e-03
8.0166551255e-03
-4.8740318556e-03
3.4328810981e-03
-2.3593481319e-03
-6.9822780020e-04
9.9241313477e-03
4.6043549108e-03
1.3263222618e-03
7.2728267004e-03
-2.1829106479e-03
-4.0930143377e-03
3.0794216936e-03
4.4813892770e-03
-1.7957875519e-03
2.7869648020e-03
-4.2385831279e-03
6.6795470383e-03
-4.3178463427e-03
4.2166447281e-03
-3.4410112347e-04
1.2961346837e-03
5.3697745708e-03
4.9216971520e-03
-1.2860766535e-03
-9.7906205489e-04
5.2646160700e-03
-1.1430104607e-03
-2.5180253183e-03
3.2697727897e-04
6.0794232784e-03
2.1644576709e-03
-2.8055890709e-03
-5.0707257389e-03
3.6823623703e-03
-2.0332914257e-03
-4.9036050447e-03
7.3263585215e-03
1.7349577489e-04
4.4704190297e-03
8.6185124267e-03
1.8398507430e-03
-1.3460440801e-03
-4.3499709752e-03
1.6189627806e-03
-5.2226289677e-03
4.9303210061e-03
1.9467378403e-03
1.1364500856e-04
7.3000216111e-03
-1.5453391363e-03
-9.8205549999e-04
1.1346485447e-03
-1.7841243354e-03
-5.1517425994e-03
8.2542464088e-06
6.2039864138e-03
-5.6581491996e-03
-1.2047710741e-03
-9.7708888437e-04
-1.2870101111e-03
-3.6834786950e-03
-3.7437874910e-03
6.7659181899e-04
-4.9588735664e-03
-1.2152721582e-03
-3.1106947015e-03
-4.6450994841e-03
-4.6915223784e-03
-2.5169785948e-03
-2.1544239428e-04
-3.6480432998e-03
4.5076631524e-04
1.5633687699e-04
-2.4483632291e-03
-5.2726830961e-03
5.2860991930e-04
-3.8213236777e-03
8.3694735055e-05
-3.4561854258e-03
3.2503464972e-03
-5.8076088009e-03
1.4754828097e-03
-2.8017629089e-03
-7.9152258204e-04
6.0179578378e-03
9.4091305572e-03
-1.4636360940e-04
-1.7780467038e-03
-4.0319866825e-04
-3.9323855229e-03
1.5971016635e-03
3.3128091890e-03
-3.0295560623e-03
-1.4842424933e-03
7.7044307931e-03
4.3612168229e-05
-4.5576183876e-03
-3.6873780584e-03
-2.1716310488e-03
7.5789140156e-04
1.0987804659e-03
6.4407415062e-04
7.4302449829e-03
1.6643007183e-03
2.3751616050e-03
7.8301813021e-03
1.0321827499e-03
4.0506318757e-03
2.6669272856e-03
8.9046644213e-03
9.0012465659e-03
3.0356535661e-03
7.0248431055e-04
2.1511743062e-03
-3.8400561508e-03
-1.4939403277e-03
-1.2977322111e-03
-3.4504113921e-03
9.3096473231e-04
-5.1650093950e-03
3.9216778128e-03
1.0280232006e-02
2.9690996198e-03
3.9473885410e-04
4.6929485556e-04
2.8509010660e-03
-1.4279513208e-03
-8.6785989041e-04
1.4078782909e-03
-1.6311655197e-03
1.3302473584e-03
-3.8337133682e-03
6.3730807043e-03
-1.1351730047e-03
-1.0922719952e-03
-5.1391920053e-03
-2.2557870431e-03
-3.5422877915e-03
1.4739067014e-03
-8.9056769805e-04
-6.7351081242e-04
3.3435926531e-03
1.6809020076e-03
2.3613581070e-03
-2.2560624908e-03
9.1390120370e-04
-5.2702276953e-03
2.9003902199e-03
-6.4737001234e-03
4.0516686578e-03
6.2981062178e-03
-6.0338908642e-03
-4.4455168598e-03
5.8723273712e-04
3.7868991442e-04
1.1392455199e-02
-1.7735327165e-03
-4.3689368116e-03
-1.2080736899e-03
-6.0280008629e-04
2.5216832021e-03
-4.0518252431e-03
-2.6138846215e-03
2.9747062390e-03
2.2009602535e-03
5.3255943501e-05
-3.2096230739e-03
1.9672633898e-03
5.5585179189e-03
-1.5021636031e-04
-1.7938187343e-03
1.3762317608e-04
-3.2500423933e-03
-8.3455915282e-03
-5.0853600187e-03
-4.0759288903e-04
-4.0779818282e-03
1.9980686779e-03
-8.1330193857e-04
4.3270128951e-05
-1.2451136254e-03
1.4950732406e-03
7.0701525929e-03
2.3383235179e-04
-1.5099900300e-03
2.2098686379e-03
-5.6346512557e-03
-5.7854937270e-03
2.8209987124e-03
-6.0699533670e-03
1.1522156386e-03
2.0319378169e-03
3.5672324326e-03
8.5922995795e-04
-1.9088639212e-03
-4.7414992589e-03
-1.7685126873e-03
-7.1439706324e-03
1.0595785005e-02
7.2905199229e-03
3.5682092661e-03
7.5783120967e-05
2.1715846800e-03
5.0984215679e-05
-4.6630586591e-03
-4.9914232555e-04
1.6998294631e-03
-2.9426268731e-03
2.2738316641e-03
1.1334823084e-02
-5.1554552863e-03
3.5152659970e-05
4.6905727415e-03
3.8427942133e-03
-5.1892102640e-04
4.7369652615e-04
-1.6068925868e-04
4.0249558517e-03
-4.2252071852e-04
3.8228341480e-04
-5.2770775085e-04
-3.0031307792e-04
1.9858909145e-03
-1.0285874728e-03
1.5567485510e-04
1.0238745685e-03
1.6085930951e-03
-2.2740058880e-03
3.7459952545e-03
2.5326543186e-03
-4.2313176318e-04
-2.9405280460e-03
4.8994489542e-04
-1.6021843808e-03
6.5865904470e-04
4.0113966961e-03
-3.7436105225e-03
8.0128425819e-03
-6.1903945491e-04
3.5135285815e-03
-2.5819408775e-03
-8.7130700969e-04
-2.0469677141e-03
-5.3606203095e-03
-2.7475314333e-03
-1.4813294071e-03
4.0333374839e-03
1.0154606923e-03
-6.6177104196e-03
-5.0369628168e-03
-4.7747779878e-03
-3.5416898812e-05
-4.5676009403e-03
-1.8304880230e-03
-8.6257212587e-04
-2.9164465886e-03
-3.6378709420e-03
7.9105721484e-03
2.2930233623e-03
3.5187143730e-03
4.7567540294e-03
1.8348961511e-04
1.1710771609e-02
3.7558827348e-03
3.3132275826e-03
-8.2854228427e-04
-1.5501991334e-03
1.3376020567e-03
1.0611370409e-04
2.3182707393e-03
1.9906060758e-03
-1.8042034940e-03
1.8588247515e-03
8.7815304309e-03
1.2521585580e-04
7.1722881343e-03
-3.5828803258e-04
6.1167967858e-03
1.8034181316e-03
-6.4660647966e-03
-4.0358442895e-03
-3.6132391544e-03
6.5681770051e-03
1.3244181047e-03
3.0471779942e-03
-4.9867699113e-03
-4.0179978727e-03
4.8703978571e-03
-2.4493165197e-03
-6.4634624206e-03
1.3075294725e-03
-1.8065129341e-03
-6.8752447609e-04
-5.6762815823e-03
-5.9209235582e-03
-1.2531223241e-03
2.2073439900e-03
-3.2188539676e-03
-5.3056754718e-03
3.3780829772e-03
-1.0352293211e-03
-4.8665899657e-03
4.0494912276e-03
-9.0860361173e-04
2.1687424263e-04
-6.5139613802e-03
1.4252849535e-03
-2.9130152708e-03
3.9784945944e-04
-2.0138270335e-03
-3.9567879597e-03
2.1716304450e-03
-2.6467199239e-03
8.4624961771e-03
1.2789641691e-02
-6.5124933889e-04
2.9848091717e-03
1.3599834838e-03
6.5271453003e-04
6.5782604234e-03
-5.9165603169e-03
-1.5407936457e-03
-1.8777899965e-05
6.6584394949e-03
-3.3777487032e-03
2.5113038697e-03
9.2495871365e-03
3.8609017044e-03
1.0463664689e-02
-5.1228178314e-03
4.3864632470e-03
3.0954994133e-03
2.3858630008e-03
-2.5747437707e-05
-1.1741942029e-03
-6.5664530822e-04
-4.4859578280e-03
1.7357093899e-03
-8.9079760102e-04
7.6385934783e-04
2.2042498898e-03
-7.9866903981e-05
8.1138001746e-04
-8.0451533673e-04
3.1413470613e-04
5.3685565991e-03
-1.0641988971e-03
-2.4314314371e-03
-2.2643454347e-03
4.0563047153e-03
2.1809801579e-03
-5.9116069969e-03
-2.1454804341e-03
-4.4090849416e-04
-5.6650170820e-03
-5.1369842090e-03
-3.5496518512e-03
2.5370251476e-03
3.3720664729e-03
-2.5826768632e-03
3.5503851199e-03
-3.1647186338e-04
8.3470681708e-04
-3.9973552480e-04
-3.4714740496e-03
2.4810782013e-03
-8.4507434322e-04
2.6556569740e-04
3.1905286181e-03
-3.5437888896e-03
-1.9971044912e-04
-1.6699948502e-03
-4.3308105865e-03
8.6722662667e-04
7.9444757101e-03
-3.2184062637e-03
2.9819635727e-03
-3.6514540382e-03
-1.7808328148e-03
2.7656905158e-03
3.6507559596e-04
-2.6619567001e-03
-1.9631908156e-03
3.1995107306e-03
9.1425490366e-03
9.2141700495e-03
1.5362009078e-03
-2.5432258266e-03
-3.4025482154e-03
-3.9579302207e-03
-3.4429102264e-03
-2.7928393224e-03
-2.3135355010e-03
1.0722415379e-03
-4.4459924864e-03
-1.0935583709e-03
1.7013912791e-03
-1.0357819015e-03
9.5606671152e-03
3.3225013017e-03
-2.4913815476e-03
3.7416557475e-03
1.7680656023e-03
-5.5627616363e-03
-2.2093383897e-03
-2.7910972048e-03
-9.9925381979e-04
-4.4397801000e-03
-1.7354942739e-03
1.2835112594e-02
-1.1447371931e-03
1.4109044763e-05
3.2250873648e-03
6.8309742064e-03
1.3475616838e-03
-5.7636296143e-04
-7.5808819220e-03
-5.4142264520e-03
-4.3197643307e-03
-4.2362934156e-04
-2.7598839548e-04
-1.3845284130e-03
-5.2109783586e-03
-5.8507540132e-04
1.0512242401e-03
3.3577731819e-03
-1.3362369254e-03
-2.5704771797e-03
-4.5968016009e-03
7.3456028651e-04
8.1520274591e-03
3.4481349821e-03
-3.8548475049e-03
6.0104981741e-03
-1.8813017517e-03
-8.7876242021e-04
1.3970061299e-03
2.8928956804e-03
-5.0478858871e-03
5.4452699751e-04
4.2311890305e-03
3.9382603558e-04
1.1053180711e-03
-4.3526040428e-03
-1.6686483113e-03
-3.3892018367e-03
-5.5192371212e-03
4.4113323914e-03
2.7637530892e-03
-1.0350342922e-03
-4.5963028465e-03
5.1320497529e-03
-3.6014160543e-03
7.3484450984e-05
6.3501875172e-03
3.6301028821e-03
3.5389359650e-03
-4.3862114742e-03
1.9006526301e-03
-3.6624398970e-03
1.9808134183e-03
3.6513489579e-03
3.4583651349e-03
-2.8969981128e-03
1.7607791261e-03
-2.6784776186e-03
1.7594359571e-03
9.5674461365e-05
5.5338210499e-04
-4.8116638961e-05
-4.7233440381e-03
-4.7350383819e-04
-2.6670388501e-03
2.1137396002e-03
2.2376030528e-03
1.0781565460e-04
-5.9158213485e-03
3.1088520229e-04
-6.1319085363e-03
-3.3625346712e-04
-1.9912615474e-03
-4.2525610783e-05
-3.3671465690e-03
-3.4692302409e-03
-4.2089899329e-03
-1.0668497669e-03
-8.3971269666e-05
-4.2104124985e-03
-2.1887897709e-03
2.0333528278e-04
-5.6660181531e-03
-1.2798852092e-03
-3.1727957980e-03
3.5581322069e-03
4.4648878818e-03
2.3873264424e-03
-4.6473656917e-03
3.0780691684e-04
5.2408555160e-04
-7.2799305639e-03
-2.5930993332e-03
-3.6932637800e-03
1.8864767365e-03
4.0983645208e-03
-3.7214572143e-03
1.5445646127e-03
4.5690583439e-04
4.9838524383e-04
-4.9035163602e-03
-5.2066302788e-04
-9.5504272219e-04
2.7187327001e-03
-2.5324461861e-03
3.3605898309e-03
-4.0596986298e-03
-3.4847608531e-03
1.1372636681e-03
-5.8759937381e-04
-6.2773190117e-05
-3.2613454849e-03
-1.4454480645e-03
-2.9656722690e-03
-3.3990444476e-03
6.4488951684e-03
-4.5592178513e-03
3.6376193148e-03
6.2071489735e-03
2.2132857595e-03
1.1900067240e-03
2.5406433953e-03
-3.2535845102e-03
-3.1769161973e-03
1.3133097364e-03
-4.4906357234e-03
3.8951945323e-03
6.1811788829e-04
6.0063092995e-04
1.1038346288e-03
-8.9567246998e-04
2.8603620138e-04
4.6611476810e-03
9.0033302618e-03
-2.3971741810e-03
6.1493903806e-03
3.9321065935e-03
6.6557452773e-03
-3.1412181950e-03
5.2932156994e-03
-2.5028532573e-03
3.2195180805e-03
6.8593747670e-03
7.6411899405e-03
4.1016900504e-04
-1.9785121195e-03
-5.7221083235e-03
2.4253323511e-03
-3.8928443337e-03
3.6595967201e-04
-5.0810458363e-03
6.4128213726e-03
-1.8041388009e-03
7.6976694683e-03
9.6451874114e-04
-1.5083438596e-03
-3.3498587110e-03
-5.5957883956e-04
-7.2613396002e-04
-1.8234544491e-03
3.1510653495e-03
-3.1589974297e-03
2.0570349715e-03
3.1097469010e-03
-4.2345351934e-03
-2.1604632712e-03
5.8262877103e-03
1.8185127219e-03
2.9734143828e-04
7.4099193184e-03
-4.1859982645e-03
2.3235407344e-03
-1.6195329251e-03
5.4171888719e-03
3.1186908960e-03
1.7956300153e-03
6.5611008182e-03
-1.5726876682e-03
1.2646191164e-02
-8.6971739932e-04
6.5830532218e-03
-2.3307838620e-03
-1.3648582617e-03
-1.9563355448e-03
1.3566326335e-03
1.1718077157e-03
-2.2620933254e-04
-5.5527824457e-03
-3.3208179265e-03
2.0262717871e-03
3.7202816013e-03
-6.0570965429e-03
-3.6190134168e-04
4.6931954309e-03
-1.9294681178e-04
-3.1126121426e-03
2.2863645334e-03
-5.6238826622e-03
-3.5498014938e-03
5.8066672791e-04
-2.2334828312e-03
4.0218308118e-05
2.4335977817e-03
3.7302714985e-03
-5.3228080123e-03
1.0304316880e-03
-4.2599880520e-04
2.9947840645e-03
1.2717681921e-03
9.0051373514e-04
4.3388951034e-04
4.0475381645e-03
-3.2379613074e-04
1.0320185348e-02
4.9220462298e-04
6.3593379457e-03
-5.2135710108e-03
3.1970348350e-03
-3.1140234534e-04
2.8062134490e-03
1.8902089647e-03
-7.1982759031e-03
1.8181685731e-03
2.1650541479e-03
-6.3958643326e-03
-5.3607097705e-03
3.1662379547e-03
-4.8251499390e-03
3.7816018249e-04
4.6582728550e-03
5.7550682764e-04
9.6333391254e-03
9.0551593402e-03
8.1252931361e-03
2.3536442498e-03
8.7057919975e-03
-4.2956272946e-03
-2.8225144128e-03
4.9431031378e-03
-5.3209730023e-03
4.8868772278e-03
-3.4559215684e-03
-1.0146614373e-04
-3.0483666853e-03
1.1723734865e-03
1.8356865894e-03
7.6478816498e-03
-2.7708103479e-03
3.1422169028e-03
-9.4348622525e-04
-3.3312552756e-03
-2.2154225977e-03
1.6594411658e-03
1.0246990920e-03
1.2119128657e-03
8.9017222413e-04
2.9430885135e-03
-4.2109388421e-04
-2.4457367149e-05
-9.6955791455e-04
-1.7774874477e-03
3.6243649143e-03
9.0375357394e-03
4.3447488442e-03
-4.4112506175e-04
1.5096207468e-03
1.7548663533e-05
-1.3488821774e-03
4.0310073309e-03
-2.2944366748e-03
1.7260543441e-03
-1.0129575667e-03
4.0845147740e-03
-1.7466028852e-03
-2.6235290710e-03
-3.5550244553e-03
-6.5434981893e-03
1.6091447684e-03
-3.4870896709e-05
-5.2338745160e-04
2.0008000778e-03
-2.2177033255e-03
-7.2649910442e-03
1.5684869628e-03
-2.0300074073e-03
2.6901001647e-03
1.5975809927e-03
3.5594733656e-04
-3.0538122939e-03
-2.0512725218e-03
5.0545432887e-03
2.5003985173e-03
-2.0638049354e-03
-4.5461172611e-03
-2.3980665725e-03
-5.5656988482e-03
3.7715811204e-04
-3.7756451193e-03
-3.7753962035e-03
-1.2244093472e-03
4.4044988122e-03
-1.2829863595e-03
-3.0480188032e-04
4.6982250980e-04
3.3374956054e-03
-6.0900979587e-03
1.8787399132e-03
-9.9486206559e-04
-4.6071332547e-03
1.2621902479e-03
-4.8586795789e-03
-5.8853442166e-03
-5.6897669187e-03
-2.9538806271e-03
-8.3308579790e-04
1.1505045804e-03
4.2049741508e-03
-6.1866374902e-03
-3.8687743127e-03
5.2314833183e-03
3.1315127641e-03
-1.6383332904e-03
-4.1353860692e-03
-4.6396531058e-03
1.1750810431e-02
-9.1726935624e-04
-1.6306172725e-03
-3.4845696662e-03
-1.5957455759e-03
-4.1446985152e-03
7.5410592774e-04
-3.3463101906e-03
-1.2115596947e-03
4.7989268200e-03
3.2557976202e-03
-3.6981815444e-03
1.8600994992e-04
-5.5590565047e-03
1.3874170742e-03
-9.3978409047e-04
1.6266337966e-03
-2.6583187596e-03
8.0778281805e-04
-4.0097223592e-03
-1.2898070948e-03
4.7379852702e-03
2.6381383894e-04
-3.0000798267e-03
2.1868464849e-03
-5.1985138857e-03
6.0460761681e-03
1.0478074396e-02
-3.1354739370e-04
3.5833809102e-03
6.9123568876e-06
2.0959248644e-03
-1.4552729861e-03
1.7190027687e-03
-3.5786056220e-03
4.1196399219e-03
-4.7355806736e-04
2.7229432235e-03
-5.8906288028e-04
1.1590483636e-02
2.6465173802e-03
1.4481527868e-03
-1.5619977354e-03
1.4244952440e-03
-6.1899175643e-03
1.4557778833e-03
4.4028806908e-04
-5.1851726904e-03
2.3595936961e-03
8.3400046003e-04
-1.6695441397e-04
9.4736804630e-03
2.2774789171e-03
1.1343430498e-04
-4.2644033702e-03
-2.3142843570e-03
9.0776447566e-03
1.2819203589e-02
-5.0504549293e-03
-9.5714076760e-04
3.0488850502e-03
1.0058945660e-02
2.4484794074e-03
2.7040549609e-04
-4.2091770321e-03
-5.8032417439e-03
-2.3943458956e-03
-3.5170513749e-03
-4.4799255127e-03
6.3518370106e-03
-2.1926293611e-03
5.2272913631e-03
-1.5266030618e-03
2.0854560357e-03
7.0684614903e-06
-5.3450000500e-04
-2.9665728306e-03
3.3181267988e-03
-5.8089124018e-04
-1.4749597159e-03
4.6341792719e-03
-6.1871664464e-04
-4.2426191095e-03
3.3387383415e-03
4.0243767744e-04
-1.9580287963e-03
-4.2875583692e-03
1.2528712563e-02
-1.6129448884e-03
-5.4314048744e-03
-3.0256251964e-03
-2.5420413151e-03
-2.6716686340e-03
-6.1938365130e-03
1.9348208136e-03
4.1661252612e-03
2.5961500450e-03
4.3666206842e-05
-4.9261183714e-03
-2.0902574236e-03
6.7476136416e-03
1.0435448017e-03
-2.3099795872e-03
6.6171375645e-04
4.3016924445e-03
5.9145153532e-03
1.3800570324e-03
-2.1968397459e-03
-2.8125340124e-04
-1.4410411484e-03
-2.5484422401e-03
7.3725882707e-03
5.4491930364e-03
-1.0593205135e-04
-1.7127551522e-03
-4.7877660770e-04
-2.0438328348e-03
-3.5712970460e-03
1.5363579979e-03
-2.4975716358e-03
-7.6587484683e-04
-3.3598504171e-03
-5.5087287882e-03
2.9803825443e-03
-7.6098276060e-03
-1.9754292633e-03
-3.1092870542e-03
6.3653297379e-03
-1.8328551461e-05
-4.1082957960e-03
-2.3708784866e-03
-2.1550192521e-04
-5.7574751918e-03
2.9113985266e-04
4.5907303315e-03
5.5318102369e-05
-1.0040702349e-03
3.1213409560e-03
-1.9571736537e-03
-2.7547289038e-03
2.6262130071e-03
-1.5611508044e-03
2.8827925803e-03
-6.6548157772e-03
3.3382459065e-03
7.9800980392e-03
-3.0275666029e-03
1.1042685012e-02
1.6096845062e-03
-1.2636290346e-04
7.7513381973e-03
1.4950554414e-03
-3.8433176043e-03
-2.8623405541e-03
-2.9984094348e-03
-2.0057049420e-03
4.3984527359e-03
-1.2543624123e-03
-1.3717883667e-03
-2.5883818714e-03
-3.3913497877e-03
5.6133208354e-03
-3.0733248726e-03
8.9735743037e-03
-4.2078937245e-03
-2.5036462630e-03
-8.0998297473e-03
-1.2494108434e-04
-3.5389998083e-04
4.6302306465e-04
3.7818284470e-03
5.6046327925e-03
-1.9180986873e-03
-5.4547482947e-03
-3.0712774262e-03
-4.9077027358e-03
6.0286679299e-04
1.9656946534e-04
-4.8687864302e-03
-3.7124059768e-03
-5.7244534030e-05
-4.0941204178e-03
-3.1029409827e-03
-8.4907163469e-04
-1.4091164427e-03
-3.6006524266e-03
-2.7610621358e-03
7.7905802502e-04
2.7058345272e-03
-1.3409858784e-03
1.0060542093e-03
1.6045932785e-03
1.0558441761e-03
-2.8564862139e-03
-6.7884888346e-04
5.6158386547e-03
1.9050802540e-03
-5.6111637185e-03
-1.1444452975e-03
3.2384337660e-03
-4.2993947978e-03
8.6574256567e-05
-3.1611240898e-03
-2.4356075880e-03
2.1861099240e-03
-2.6601652208e-03
-9.6480523068e-06
1.4325547449e-03
7.4830139782e-04
2.5512166626e-03
-3.8211432276e-03
-3.2694961803e-03
-4.0752343719e-03
2.9658992760e-03
2.9944889916e-03
3.7685669238e-03
-1.5646685037e-03
-1.4237898247e-03
7.9212141494e-03
-2.4961866178e-03
-2.1640857491e-03
8.8304572865e-05
-4.6967152966e-03
3.0893686354e-03
-6.7167961041e-03
4.0069366887e-03
-2.1427425379e-03
-1.9324273935e-03
3.9822404297e-03
1.8152297421e-03
1.7814228701e-03
-2.2825738739e-03
2.5792839005e-04
4.0467858727e-03
-1.7552224690e-03
-6.4881657161e-04
-1.5238639194e-03
-2.3503702534e-04
1.3950844103e-03
2.1010408032e-03
3.6103685201e-04
4.6653246288e-03
-2.3950436217e-03
-7.7747374222e-04
-1.1661027332e-03
9.9149519370e-04
-5.1450903905e-03
5.4961586920e-03
2.8575538050e-03
-1.2351254854e-03
2.8656825516e-03
1.3083246144e-03
-2.2313761119e-03
3.8171230719e-03
4.8916857862e-03
7.3409862830e-03
-6.5464313707e-04
2.0480341002e-03
2.0951171167e-04
-5.5434391651e-04
-3.4169419609e-03
-8.2455735815e-03
1.8259591260e-03
-3.0359437183e-03
-5.6871376339e-03
-3.5480737656e-03
-9.5250426343e-04
7.5429728482e-03
-1.1329008238e-03
2.2939285631e-03
-1.6904631801e-03
-4.5735246178e-03
3.0846287945e-03
2.4055659364e-03
1.7022747389e-03
1.9712569104e-03
-4.2999266001e-03
6.1755497433e-03
2.3259060189e-03
-1.0960031215e-03
-2.3133620477e-03
-2.2349341626e-03
3.3311311657e-04
-2.3780790297e-03
-9.1452865195e-04
5.4163480725e-03
1.6143323022e-03
-4.1843078324e-04
1.1802364142e-02
2.1751201916e-03
2.4551779794e-03
1.4328380934e-02
-4.4677179507e-03
5.5409096850e-03
1.4301871895e-03
-4.2759221769e-04
1.8488959290e-03
8.4975954174e-03
-5.4642427002e-03
5.2578936816e-03
-6.9834171190e-04
-2.7779995894e-03
-4.2038629780e-03
-1.7744771882e-03
1.9712243188e-03
2.3156775403e-03
-3.3887490416e-03
-6.2010384340e-05
4.0145963110e-04
4.9855170490e-03
-2.1718375535e-03
-2.8275436768e-03
2.3177421340e-03
1.1596771953e-03
7.5568954636e-03
-5.1894295934e-04
-3.9138790294e-03
-3.0388722939e-03
4.3245240838e-03
-5.4108725274e-04
1.9263790926e-03
-7.1126207315e-04
3.8994765801e-04
-9.7805879406e-04
-4.2867742215e-03
2.2602507605e-03
-2.3640930310e-03
-4.6852498774e-03
-3.6911307898e-03
9.3667201330e-03
-1.8981665799e-03
3.2808563107e-03
-4.6084636295e-03
-1.1492244323e-03
-2.2892195040e-04
-4.1781683909e-03
9.2805582576e-03
9.7051493815e-03
-2.7632190858e-03
-9.5400482023e-04
3.4298328342e-03
-9.2868961881e-04
4.6121999386e-03
5.7421748978e-03
-4.8074835780e-04
-2.6386571267e-03
8.4142031959e-04
-5.9570862787e-03
-4.9009477381e-03
-2.5509787482e-03
1.8151700048e-03
1.4274901431e-03
-4.3088744614e-03
-1.1817298536e-03
2.1392862904e-03
1.8808254760e-04
-3.4022614324e-05
7.8948630032e-03
-4.4987169649e-05
3.6663030109e-04
-4.1785645690e-03
-4.6288532620e-04
-3.0950321074e-03
2.9291866184e-04
-2.1971204460e-03
7.4737036264e-04
5.7462627906e-03
-1.6294892251e-03
-1.1080916823e-03
7.7242101597e-04
2.2509456118e-04
-3.9770084139e-03
-1.7003914511e-03
-9.2197530954e-04
9.1986429791e-05
-1.2985704566e-03
7.7919606014e-04
4.0397025241e-03
-1.6112821291e-03
-3.7373300386e-03
-5.9535429213e-03
-4.4237175583e-03
4.8241122592e-03
1.4393655122e-02
4.4822741358e-03
1.4347339269e-03
5.4252427156e-03
2.6400142407e-03
7.0465257775e-03
2.9799746638e-03
-2.3295891105e-03
5.5310245781e-03
2.6266505770e-03
5.5000290858e-04
-5.2657189111e-03
4.1759310562e-03
-2.6497706743e-03
1.2177996207e-03
8.1457635563e-04
-2.6149196312e-03
-2.7507326267e-03
5.4550978424e-03
5.0582801292e-04
2.4796052714e-03
8.4827589686e-04
6.0680411051e-03
-1.5165911685e-03
-5.2389428077e-03
2.1408062976e-03
-3.8532462631e-03
-1.5957939124e-03
2.2312136592e-03
-5.3546017847e-04
-5.4255387332e-03
6.4346724397e-05
9.0548056109e-05
8.8760576830e-03
-2.1160771829e-03
-4.4403053441e-03
8.5990745545e-03
4.0602898537e-03
1.3715824057e-03
-5.9823212607e-03
5.0082114788e-03
5.0462064294e-03
-2.3166943362e-03
4.5434751991e-03
3.2672971338e-03
-1.3667300943e-03
4.2878972927e-03
4.2040193854e-03
1.8410841023e-03
-5.7484736378e-03
-2.7615221083e-04
1.3604616160e-03
5.1475883662e-03
-2.9948589697e-03
2.0715504126e-03
-2.6876526294e-03
6.5301903022e-03
-4.9025108299e-04
1.9816932126e-03
4.4310776501e-03
-1.3094678097e-03
2.7373100294e-03
1.6928853069e-03
-1.6741998451e-03
7.5697266767e-03
1.3787724801e-03
4.8282955115e-03
1.7879263721e-03
-1.7132598186e-03
-4.5218763489e-03
1.0902884867e-03
2.6417537843e-03
-1.1809272457e-04
-1.6654648237e-03
3.6872235972e-03
1.3214518850e-03
-2.4060620913e-03
-1.9275547904e-03
2.7593438757e-03
-8.9922110163e-04
-9.9550151681e-04
-1.3171973309e-03
1.7567831424e-03
2.5431990226e-03
-4.8126992008e-03
-4.1609569370e-03
-8.2201569912e-04
-1.5519832322e-03
-1.4473041180e-03
2.0946282843e-03
-8.3191885469e-04
4.9781097073e-03
2.2143737410e-03
-6.8447653119e-03
5.8911430763e-03
4.7242188759e-03
-3.3502657808e-04
-5.2201640759e-04
4.1986261382e-03
4.6132786186e-03
-7.3575320685e-03
2.3494809973e-04
8.1422405290e-04
-6.2094333386e-04
5.4224335778e-03
-2.9821431780e-03
-2.6889096422e-03
-3.2127223920e-03
-2.2581418840e-03
1.3253076842e-03
5.4919449999e-03
-1.7563001753e-03
1.6827140134e-03
1.1031040894e-02
-4.1603986033e-03
1.0369973593e-02
9.3668266359e-04
-1.9543441479e-03
-3.0168419879e-03
1.3114139796e-03
-2.8903885078e-03
-2.7481298915e-03
3.0560716892e-03
4.7161990323e-03
-4.6439152029e-06
3.4403772639e-03
1.2983190532e-03
6.7561172806e-04
1.3293683073e-03
-7.0572214042e-03
-2.7109213954e-04
5.6630878065e-03
2.5541506715e-04
-2.5822275494e-03
1.4702980962e-03
4.0537575193e-04
1.4790277753e-03
7.2985241359e-04
-3.1492207904e-03
7.6785234370e-03
-3.0653459957e-03
2.4345906696e-03
-9.8137388021e-04
4.4003557910e-03
-1.0416176549e-03
-5.3201786008e-04
1.6059527196e-04
9.2266406544e-03
-1.7128704729e-04
-5.9299975373e-05
7.9103944603e-03
1.7712274188e-03
1.5709573935e-03
-6.6056419649e-03
-2.0269780042e-04
-5.7431601661e-04
-2.0817167057e-03
-2.1153593492e-03
2.3913381807e-03
-3.3413275146e-03
5.1481647259e-03
-3.8220172447e-03
-3.7044430189e-03
2.3517873084e-03
-9.1878869982e-05
3.6803598665e-03
2.1303850506e-03
1.9205905787e-03
-3.4620473893e-03
2.0211226588e-03
-6.5734912065e-03
1.1725432789e-03
5.1047185681e-04
6.2633469348e-04
-1.4724706013e-04
-1.0001310147e-03
6.8760118185e-03
-1.7285678041e-03
-7.1514646368e-03
-7.4735424504e-04
-2.0609568470e-03
-5.4314812937e-04
-3.3509542488e-03
7.0671254966e-04
-5.5721487500e-03
-1.6066666874e-03
2.2484828495e-03
-2.4211456414e-03
1.9735928501e-03
-4.0919991980e-04
-3.3281211191e-04
4.0018997891e-03
1.0466312173e-03
-9.7283768044e-04
4.5807282954e-03
4.4506138130e-03
2.7984944109e-03
-6.4870155239e-04
8.7347707654e-03
-4.6196328654e-03
3.1130487533e-03
4.2054310433e-03
4.2058758522e-03
2.7063189173e-03
-5.5587703263e-04
-3.1731003939e-03
3.6297455578e-03
7.0760611725e-03
2.8881931060e-03
2.5080318345e-03
-4.2375252282e-03
-1.3388941925e-03
6.4196318472e-03
1.5853703926e-03
2.2265853047e-03
4.8138250616e-03
5.3121438324e-03
9.4330682701e-03
4.1371094109e-04
-4.2445728801e-03
-2.2404130991e-03
1.4165644520e-04
6.4091248989e-04
3.1361292227e-03
-1.1788403103e-04
-1.0914024831e-03
-4.1838229315e-03
-1.4936723482e-03
-2.7387153307e-03
-1.4365192780e-03
-5.4672367853e-03
1.8513273576e-03
3.1755364516e-05
2.7687513151e-04
-5.6680168693e-03
2.1035510826e-04
-7.3626815539e-03
-5.0705201235e-04
-3.5010505835e-03
-2.7191691943e-03
-2.5962461488e-03
8.3753884740e-03
1.4829573303e-03
1.0137369786e-03
1.8521643718e-03
-5.8312319580e-04
-4.1821363431e-03
2.5462481934e-06
4.0598221988e-03
-1.3913087517e-03
-3.1299246507e-03
-4.5045104978e-03
7.0465025639e-03
-7.2851943399e-04
-3.8174473872e-03
-4.5888239365e-03
8.6338489063e-03
1.0374105425e-03
2.2904691532e-03
2.4190962384e-03
-4.6599784266e-03
6.2347986035e-03
-8.4094661491e-04
-3.8195659657e-03
4.1099621018e-03
6.3567741466e-03
9.4664250217e-04
-3.0406326364e-03
-3.7257052633e-03
6.6513345820e-04
5.8977902728e-03
-1.7953703048e-03
-4.4099735710e-03
5.4378147502e-03
9.6121946523e-03
-3.6812988350e-03
-3.1397802712e-03
3.6123590309e-03
6.0778398844e-04
-2.4658561075e-03
-2.5742443373e-03
-4.4304656048e-03
2.3557723766e-03
7.4662490531e-04
-2.0769172414e-03
-5.3058946417e-03
6.6738458858e-04
-2.8596405080e-03
6.3322196922e-04
-3.1456707271e-03
7.1805915003e-03
-2.0722287166e-03
-2.4667957289e-03
6.2363950477e-03
-2.6128004141e-04
-1.4640500614e-03
-2.3899992492e-03
-4.1438188168e-03
3.4941978408e-03
-5.2302473002e-03
-2.0031965762e-03
-7.7119701659e-03
3.3973180472e-03
-4.9720837960e-03
-2.2588658324e-03
2.5706595080e-03
3.1617262213e-03
-6.0521889518e-03
-8.4679075241e-05
-8.4985932163e-03
1.6361313799e-03
-2.0543526994e-03
-8.6699911932e-04
-3.0517513858e-03
5.8750312029e-03
-2.5287537543e-03
-3.9052003164e-03
4.6625143847e-04
-4.9663234060e-03
7.1738195587e-03
4.1894627264e-03
-1.5104481835e-03
-6.2741308931e-03
7.6717981166e-04
-3.1047330580e-03
-3.5841937868e-03
1.3178941794e-03
1.5326633909e-03
-1.4018261501e-03
-5.9937122149e-04
1.5910483856e-03
-2.5380620609e-03
-5.9540191192e-03
7.7999767033e-03
2.6263750036e-03
8.7470576189e-06
1.2014688013e-02
-1.4673572204e-03
-1.9954454928e-03
2.9776251761e-03
-5.2030707004e-03
4.4446882693e-03
6.1497296587e-03
6.2916287912e-03
-5.4044099983e-03
-4.9279824442e-03
1.0630825673e-02
-2.7361588482e-03
3.1002497945e-03
3.1735083293e-03
-2.4228317358e-03
-1.6198377703e-03
3.2712831725e-03
7.1291164855e-03
3.2387567756e-04
4.0089302684e-03
-4.4656169632e-03
-5.3374356879e-03
2.0872131549e-03
-2.8692417766e-03
-3.7769890350e-03
-2.0654196377e-03
7.3497777596e-03
9.0962687968e-04
3.4174946589e-03
8.5881533058e-04
9.2875447097e-03
-2.9922814502e-03
1.5592713671e-03
1.1129969624e-03
-3.3452554963e-04
-3.7177314291e-03
-2.2158701741e-03
-5.4066003239e-03
2.4078888527e-04
4.0319936945e-03
-1.1366613077e-03
-1.0598208541e-03
-3.5064489980e-03
2.0369010260e-03
-4.0811213058e-03
-3.1320579227e-03
5.0687199515e-04
-4.4925252931e-03
-3.6352138877e-04
-3.6140133466e-03
8.3068836001e-03
8.6694734584e-04
5.5670705195e-03
-7.4987254855e-04
-2.0424056904e-03
1.8907442816e-03
9.1938159433e-04
1.5108434205e-03
1.0623273707e-02
-1.0478535360e-03
-7.0488190218e-04
-4.7880682430e-05
-5.0017534925e-03
-2.6925222397e-03
1.8123070791e-03
2.8413047492e-03
-4.8632710061e-03
6.7331336521e-04
-1.4037204064e-03
6.2726789303e-03
-1.1343624858e-03
-1.8945416141e-03
2.1074637017e-03
5.6360657185e-03
2.1862348926e-04
-2.1738779940e-03
-5.1851413186e-04
-2.6930554987e-04
3.1191075073e-03
-3.0812100136e-03
1.1749557262e-03
-2.0847270381e-03
1.2583393089e-03
1.2370738250e-03
5.6365686816e-04
-4.9113767013e-03
2.9636338560e-03
-3.8569247688e-03
4.3117853266e-03
5.2702824586e-03
7.5300998894e-03
1.8047404262e-03
-3.8921161571e-03
3.3057628915e-03
-4.8558205100e-03
-3.3739507473e-03
2.4836441643e-03
2.9233326942e-03
-2.3796602440e-03
-3.2109927150e-03
-2.8451673935e-03
2.9529747729e-03
4.7227636645e-03
2.1292940350e-03
3.3399774241e-03
3.8799651749e-03
-5.8921809612e-03
9.4821936078e-04
-2.8504945494e-03
-1.8084916368e-03
3.1262814965e-03
-3.7437863543e-03
5.3788241168e-03
2.7976379119e-03
-5.0554265058e-03
-1.1255156755e-04
-2.9645570393e-03
1.0792804617e-02
-2.3137666770e-03
-1.1676164862e-03
4.8604927830e-03
-1.4276715387e-03
5.7175042912e-03
-1.5168211524e-03
1.1628560573e-03
7.5783583625e-03
-1.6266702673e-03
-5.1612007765e-03
5.0450023525e-03
-6.4374705224e-04
3.0673108409e-03
-3.2536783859e-06
-2.7535417380e-03
-4.9865392282e-03
2.0311920162e-03
7.6515120787e-03
6.3084593291e-03
-1.0864441995e-03
1.1069725803e-03
-1.6978910833e-03
-2.4692322711e-03
1.4987856531e-03
2.8369619839e-03
-4.2201963331e-03
3.5662031343e-03
3.7034272495e-03
-2.4378120430e-04
-2.6957382034e-03
6.6585978284e-03
2.9616056918e-03
2.3450602511e-05
-3.1572509177e-03
-2.6539562458e-03
3.0734392399e-03
1.6921317922e-03
-4.3650758581e-03
-4.7165184419e-03
-1.9961050598e-03
-2.6230751870e-04
-2.2316328080e-03
5.1377360884e-03
1.2893750641e-03
-1.1272167273e-03
-6.4497679777e-03
2.4561661333e-03
6.4108736675e-03
3.2676787393e-03
3.3562741386e-03
5.0416705724e-03
5.0905765879e-03
-7.6306527082e-04
6.8327499738e-04
-3.7484014567e-03
-3.5639953430e-03
-7.3009039132e-04
-5.3612045904e-03
5.5685090777e-03
-1.1914535436e-03
3.3204333330e-03
-1.1749946171e-03
-3.0171854998e-03
-1.2135453239e-03
-2.1774311998e-03
2.8034652282e-03
-4.0279347568e-04
-8.6083554175e-05
1.1910881266e-03
1.9101603091e-03
8.5632166761e-03
-1.6514944728e-03
9.8745732219e-04
-1.0040425728e-03
-2.6340229337e-03
-6.5198285996e-04
3.6914603006e-04
5.3960438803e-03
1.4745144542e-03
-2.4154494670e-03
-1.4018429175e-03
4.8240513779e-03
-2.4976824094e-03
2.2918040439e-03
1.4011333765e-03
-1.9135217542e-04
-2.7357297015e-03
-5.2165472100e-03
1.2868166028e-03
-4.4437141924e-03
-2.3510686478e-04
4.2452738152e-05
1.2826722042e-02
-1.8774986105e-03
-4.3991065357e-03
-2.2910092804e-03
-6.5535226332e-03
-6.1098834363e-03
-5.8668582885e-03
-6.6316293896e-03
-1.2940215010e-04
-7.6702487843e-04
-5.2644446652e-03
5.0671258650e-05
-2.8304456561e-03
-4.2137140858e-03
-2.0505332854e-03
7.5110846234e-03
8.7495219607e-03
-9.5055608214e-05
-6.1186604439e-03
-3.6019544510e-04
2.9231273136e-04
3.1321274234e-04
-6.5113413020e-04
-2.6809259111e-03
5.6902844709e-03
4.4904191556e-03
1.4422528739e-05
-4.2250424047e-03
3.3742481658e-03
-4.0908208917e-03
-3.5534923409e-03
9.7591145004e-04
-1.7497472691e-03
6.9611255073e-04
5.5790741270e-03
7.0454089707e-04
-1.0733017596e-03
-3.5665070245e-03
2.3395886887e-03
1.2086032828e-02
3.4862269069e-03
-5.5150363940e-05
9.8278000050e-04
-4.3440278368e-03
-5.6190594886e-03
5.2446019870e-04
9.6389907216e-04
8.3986644296e-03
-3.0605127274e-03
5.4666864613e-04
2.7819127537e-03
-3.7544247685e-03
-2.9558677920e-03
-1.1592467383e-03
3.5473410061e-03
-5.1706405976e-03
-5.5924068205e-03
2.0790248554e-03
-3.0899941547e-03
-2.2627599066e-03
1.2643320257e-03
-2.1517010066e-03
-4.6964821799e-03
-3.4232019471e-03
-5.0004700809e-03
-9.8986218001e-05
9.3164741929e-04
2.5088781452e-03
4.0921098855e-03
-5.9418720341e-03
2.9072601852e-03
-1.4102894936e-03
-1.1477972234e-03
1.3158572190e-03
-2.9131635179e-03
-3.9434971432e-04
-6.6744662324e-04
-2.4377738144e-03
2.6376888721e-03
-5.4536088197e-03
-4.8596946604e-03
7.1523112372e-03
4.2091415084e-04
8.7616960786e-03
-4.3559608686e-03
-1.5832727083e-03
5.0864749640e-04
4.5165585810e-03
-2.2588322164e-03
-5.6902098942e-04
-4.0026240414e-03
7.1650358569e-03
-3.9941619652e-03
1.1035009914e-03
-2.4865551591e-04
-3.8323485978e-04
-6.0752028599e-04
-4.5674251955e-03
-2.9427274127e-03
-1.5811129566e-03
3.2265715593e-03
-5.6177173381e-03
-3.3709466731e-03
-8.2592837102e-04
-4.9534476637e-03
-9.9752721664e-03
1.9541941769e-03
-4.4147023785e-03
-2.8526152871e-03
-4.2418423281e-04
3.2653072386e-03
-4.0253373199e-03
4.1144437763e-03
8.9868703329e-04
1.7283409860e-03
-5.4509268294e-04
2.5051704191e-03
2.3853844558e-03
1.1715535777e-02
8.4332995528e-04
1.6913996294e-03
-1.4752541297e-03
3.6701559120e-03
-5.2975911345e-03
-6.2051392098e-04
-3.7230799954e-03
3.4272378268e-03
-4.6588706717e-03
-1.2631941173e-03
2.1957551019e-03
-1.1372567924e-03
3.5958570884e-03
-4.8666992757e-03
-8.8831621020e-05
1.6078824650e-03
-2.4810527013e-03
-2.1342227281e-03
-2.2263674762e-03
-4.4796027951e-04
5.0601661804e-04
8.9819705609e-04
-1.3821449271e-03
-2.3144230559e-03
1.6211682662e-04
1.4285870373e-03
7.7193131828e-04
-4.4159259513e-03
2.6889040765e-03
-1.8966497020e-03
1.0021066201e-03
2.5711953800e-03
1.0148454335e-03
-2.5804814221e-03
-1.3132895972e-03
1.5892479601e-03
-2.3587258753e-03
-8.9170068152e-05
3.6914933822e-05
-6.1234390627e-04
-7.9347383001e-04
7.4750709380e-03
4.4863117753e-03
-3.4325389376e-03
-1.6038075809e-03
-4.5606786606e-03
1.8182920833e-03
-4.9120095792e-03
-3.9464134948e-03
-3.5054902354e-03
1.2758391274e-03
1.6618052159e-02
-4.5486143069e-03
2.3464902518e-03
-1.4218931937e-03
-9.4987403561e-04
-9.5590075876e-04
-8.6203247462e-05
1.6440039001e-03
2.2063632801e-03
3.9656918311e-03
5.1926117352e-03
-2.1574846531e-03
-5.1326533307e-03
-4.0981935053e-03
-1.0594189203e-03
7.5751637121e-03
-2.2333053747e-03
-3.2205449771e-03
1.6604671306e-03
8.5807396485e-03
9.4920551853e-04
-1.3386981210e-03
3.3198340227e-03
3.3319218807e-03
-3.6776367294e-03
-1.2396304219e-03
2.2049060185e-03
-3.2470492895e-03
-1.1041101754e-03
-3.5265459287e-03
-3.5777518162e-03
-1.6972975926e-03
1.0734247599e-03
-8.6624211364e-03
3.6275776173e-03
-4.4178082394e-03
4.1795397498e-03
1.4620049761e-03
-1.8116887960e-03
-8.8032630368e-04
5.9125020562e-03
7.7984198746e-03
-1.7224011353e-03
-7.7289361654e-05
3.1220058490e-03
3.2742923504e-03
1.0738669572e-03
-5.0263277802e-03
9.6176198524e-03
2.6627025901e-03
2.5136123214e-03
-4.1259465650e-03
-6.8576702532e-03
8.6305113378e-03
-2.7097396941e-03
2.3732522291e-03
-6.1093819746e-03
-7.2090665111e-05
-3.6944580180e-03
-3.6558941170e-03
1.8274226259e-03
3.6209606310e-03
-6.4990624638e-03
-2.9869131737e-04
-1.5554514007e-03
-3.0726030206e-03
2.3888071089e-03
2.7144254150e-03
-6.4918908737e-03
7.9524544286e-03
-2.5727888983e-03
-3.4585471981e-03
-6.0885316788e-03
6.0956261242e-03
-4.8448344678e-03
4.3996470399e-03
5.3478729843e-03
2.6880826479e-03
3.5883363509e-04
1.6693644325e-03
4.4786839470e-03
3.4278365498e-03
-1.0486401884e-03
-2.2572330334e-03
4.0652486044e-03
2.3107192252e-03
-2.2074844630e-03
1.8817631215e-03
8.2357125380e-04
2.2422171747e-04
-2.6914673046e-03
-5.7064471085e-03
-2.2473012146e-03
-1.8767669229e-03
-1.1492621065e-03
-9.2235942921e-04
4.4085213855e-03
-7.5657829060e-03
6.0484404825e-03
-3.8445498200e-03
-1.9471210002e-03
-2.8763707797e-03
-5.8238441169e-03
-5.7880112632e-03
-5.3744820464e-03
-3.2268381913e-03
4.7088447247e-03
-3.1382222626e-03
1.3285015606e-03
4.4780536026e-03
-9.8932364472e-04
4.3545746771e-03
1.1077000508e-03
1.8087293665e-04
8.8764470230e-05
-1.9791510266e-03
4.7041399491e-03
3.0626792929e-03
4.2648211201e-03
-1.3765026862e-03
-1.9780393342e-03
-5.0616709925e-03
-4.7928646004e-03
-1.3555821807e-03
-2.4299840833e-04
5.1162097941e-03
-1.3270709973e-03
8.5818180696e-03
9.1129564037e-04
1.1209181149e-03
-2.6301024854e-03
1.7450534174e-03
-6.5907873521e-03
-4.5788514678e-05
4.7721802096e-04
9.9990318426e-04
-3.8727531611e-03
3.1835505920e-04
-4.2607822500e-03
2.2963912903e-03
-1.6418713319e-03
5.8284847938e-03
4.9714283610e-04
-2.1668761534e-03
7.0061597957e-04
-4.4061808595e-03
1.2984766341e-03
-1.0484633627e-03
1.0248125478e-02
-3.3963716178e-04
2.1564495018e-03
-5.0939518717e-03
1.1939431420e-03
-7.3112006691e-03
1.3571957397e-03
7.6075753148e-03
1.0514271782e-02
-5.6843191132e-04
8.9581617019e-04
-1.9847827518e-03
2.0805601448e-03
-6.9567490099e-03
2.4486600912e-04
1.4824959614e-03
-3.6056782148e-04
2.7877652095e-03
-4.1298615182e-04
-7.9666914583e-04
1.8070127784e-03
3.7241511687e-03
9.7953742218e-04
-1.3489042860e-03
-6.3330327591e-05
-5.9000477317e-03
2.4785293861e-03
1.9563482830e-03
9.2595948395e-04
3.5373806824e-03
-1.2238649192e-03
-3.0580510404e-03
4.9106864149e-03
2.0700825780e-03
2.8642821377e-03
9.3470263877e-04
-4.5900060119e-03
-1.5339944400e-03
3.4632828277e-03
2.4944189116e-03
-1.1125199436e-03
-4.2684963115e-03
-2.8592974805e-03
5.5400966695e-03
1.1739598790e-03
-3.0615160329e-03
-8.3057752882e-04
-1.5720200705e-03
-4.9476542690e-03
6.5657186686e-03
1.2186287827e-04
-3.4979439641e-03
2.3838786110e-03
1.8277308936e-03
2.7742278920e-03
-1.9724591387e-03
-3.1120403958e-03
1.6454920209e-03
-3.8174933885e-04
-4.3390310595e-03
9.0203534027e-03
-6.6369126473e-04
-1.8222372402e-03
2.2132646698e-03
2.1583557479e-03
-2.1712118453e-03
4.8452711839e-04
-2.8285322560e-03
4.0382471877e-03
1.9063111770e-03
1.4011415351e-03
-4.9541378215e-04
-2.6620974463e-03
1.7657556156e-03
-2.6835685350e-03
-5.8045042065e-03
-2.8693850825e-04
7.2889386289e-03
1.0537824088e-03
-1.7807868525e-03
2.6733282470e-03
-3.2368604009e-03
-7.8572092368e-03
5.0806404880e-03
-2.4338262625e-03
-2.0085803608e-03
-1.1062556616e-03
-3.4644748887e-04
-4.1733758421e-03
-1.9931750467e-03
1.6947524447e-03
2.4893078696e-03
1.1580128325e-03
1.0358237032e-02
1.0290967136e-02
-7.6109987096e-03
1.1642358491e-03
-9.5038228015e-04
-5.8978001892e-04
-1.7413257716e-03
4.5986483412e-03
7.5379232983e-03
9.3073483544e-05
-3.9298368966e-03
6.9657778026e-03
-7.8906675686e-03
8.0345134628e-03
-1.4704208480e-03
-6.1308798367e-04
6.4755051235e-03
1.6002959744e-03
-1.8428064548e-03
3.4118347517e-03
-1.0492872493e-03
1.3679607296e-03
2.0400426364e-03
4.3937011175e-03
2.8772776911e-03
1.3231153851e-03
3.4887318972e-03
-1.4269924869e-03
-3.2489316080e-03
-5.9391461917e-05
-4.5972144789e-04
-3.0346680001e-03
4.5868140614e-03
-4.5808558861e-03
9.2628092886e-03
-5.0151492842e-04
-3.3830987009e-03
4.9042504025e-03
1.1887420773e-04
-9.7143610689e-04
2.8334008651e-03
2.2169468847e-03
-3.5849207774e-03
4.8352354757e-03
-6.6012602014e-04
-9.9783389886e-04
-3.6756160568e-03
8.2873493373e-03
-3.9315104240e-03
-7.2683759442e-04
-4.2434144659e-03
-1.3732800319e-03
7.1479084861e-03
5.0596987370e-03
1.2301823145e-03
-4.7100635960e-03
-3.8681618568e-03
-1.6616313816e-03
7.7217221455e-04
9.0719983783e-04
-3.9746901904e-03
-2.3958926507e-03
-4.3018063055e-03
7.9553716079e-03
-1.7196904779e-03
-1.7437360242e-04
1.9595133469e-03
-7.4851893742e-03
-3.8204022478e-04
-6.6677478393e-04
4.5864357161e-03
-2.2593075100e-03
1.9549488023e-03
-2.1759837271e-03
-3.0540549590e-03
-2.3271777053e-03
-4.7738765765e-03
8.5094120130e-04
-4.9884645761e-03
-5.3412161225e-03
3.7495521927e-03
-1.6017788959e-03
9.7988476762e-04
2.0108166776e-03
7.1265231576e-04
-8.9561627605e-04
-5.6750347804e-04
-4.2040971837e-03
7.7523103847e-03
2.4074626432e-03
-1.6912364327e-03
2.9148376654e-03
-7.2168549991e-03
5.0180238663e-04
-7.2527372632e-05
5.7756958265e-03
1.0450318772e-02
4.9548265352e-03
-3.7488388929e-03
3.7800766947e-03
-4.2913212679e-03
6.7102503943e-03
5.7479015135e-03
-2.3017127044e-03
1.7324142956e-03
3.9513348004e-03
-7.0450247426e-03
5.6868235352e-03
-2.0831375719e-03
-4.3791315317e-03
8.3552759147e-03
-2.2683725825e-03
-4.0515657402e-03
1.5139523508e-03
-5.4005121546e-04
-7.0134181417e-03
1.8939448843e-03
4.6137286636e-03
1.3352589121e-03
-5.0025456144e-03
1.9648113145e-03
2.0783761255e-03
-6.5071262771e-03
5.8975003136e-03
3.4851069918e-03
2.6310464885e-03
7.5629994664e-06
-3.4908944117e-03
1.2667577938e-03
-2.2112534088e-03
-1.8184446811e-03
3.6095997617e-03
-5.3592202312e-03
1.1859418170e-02
2.2915531924e-03
3.3606334533e-03
4.8837283266e-03
5.0797436363e-03
1.6885500390e-03
-2.3145104656e-03
8.6117409600e-04
-3.1452005750e-03
2.0622794987e-03
-2.9537316862e-03
-1.1975376070e-03
-3.4611871723e-03
-1.1598232068e-03
2.3685412694e-03
-2.0946305234e-03
-7.7228706374e-03
-2.5316226667e-03
4.3580700100e-03
5.2241556172e-03
3.9022716300e-03
-6.3981100168e-04
3.2981073345e-03
4.7555929400e-03
-4.9794791511e-03
5.3969513885e-04
-1.6731165438e-03
1.2642397334e-02
7.5489447785e-03
-4.4994095208e-03
-4.1506145363e-03
-3.3309824845e-03
1.8487548476e-04
3.3053641919e-03
-1.4194485304e-03
4.5613539257e-03
-2.9232093744e-03
4.9650471269e-04
-4.0197302222e-03
9.9671157640e-04
-2.7995664955e-03
6.7416223537e-05
3.4774424185e-03
9.9905733350e-04
4.4433009725e-03
5.3816901016e-04
7.7729062762e-03
9.6599503926e-04
5.1767988086e-03
2.3135708580e-03
-2.3224747125e-03
-5.8964085797e-03
-2.1894144081e-03
8.3800047471e-04
6.8977930826e-03
-3.0419991516e-03
1.6014953039e-03
3.2828190965e-03
1.5728607394e-03
1.4099072869e-02
-1.6721113736e-03
-4.8607197042e-04
5.2789015040e-04
8.4936028237e-03
9.3042540921e-03
-3.9322099423e-03
1.6455448022e-06
1.2080888108e-03
-3.5852056499e-03
1.4999079985e-04
-3.7977287760e-04
-1.5738064474e-03
-2.8858572249e-03
2.0560866420e-03
-1.0637304090e-03
-1.5654502347e-03
2.4546419210e-03
2.4409778042e-03
-3.1573615332e-03
-1.7293147264e-03
2.5119919260e-03
-4.5655257373e-03
-3.5818038215e-03
3.6066710614e-03
3.3662437167e-03
2.1663524121e-03
6.0874893133e-03
-3.0077653891e-03
-1.5292266356e-03
-3.1237450150e-03
-4.5029987224e-03
4.0100005214e-03
-5.1309187942e-03
4.0803495855e-03
8.0858913093e-03
2.3000173806e-03
6.6654694220e-03
4.7401381529e-03
-1.4026738114e-03
-6.3204164721e-03
-8.0938735282e-04
1.4383079691e-03
-1.4231213411e-04
2.6521194888e-03
-1.2627886277e-03
-1.2857109493e-03
-2.3843167005e-03
3.4060258965e-03
2.3102201348e-04
5.4270018043e-03
1.4037170925e-03
1.0724776639e-03
-4.1267593508e-03
2.3095014163e-03
7.6689980355e-04
3.6618993561e-03
-1.6926913474e-03
-4.9310408725e-03
2.5139245851e-03
5.6972695226e-03
9.7616238447e-04
1.2764551639e-03
2.1088985316e-03
-3.8499640500e-03
5.3542444334e-03
-7.7267389247e-03
-2.1308977767e-03
-3.3388252725e-03
7.6121748838e-04
-2.3886873837e-04
-1.7174805232e-03
-2.3747589042e-03
-3.3740095829e-04
-4.4481011144e-03
-4.2354507150e-03
-6.7529393100e-03
-1.8529763000e-03
5.8761520073e-03
-3.4304308048e-03
1.1539987986e-03
3.2183679025e-04
-1.9914690489e-05
-2.3360645543e-03
8.2911129990e-03
-8.9185368216e-04
5.8976035727e-03
1.0449954140e-02
-3.5276418480e-04
9.8688769558e-04
-4.4225216053e-03
-4.9296265239e-04
-5.0441880639e-04
5.5837256478e-03
1.4774382316e-02
5.3079815028e-03
3.9008832689e-03
-8.8848124939e-04
2.8428772690e-03
-7.2031092956e-05
-2.9735983347e-04
7.6855878328e-03
-2.3816608174e-03
-5.9920377627e-03
-9.8834572756e-04
1.9361410171e-04
-4.9200971950e-03
5.8668822402e-03
1.3168138468e-03
-4.4284058207e-03
-2.5404058841e-03
2.2191216987e-03
-2.3592554534e-04
-4.1055931062e-03
1.7949867107e-03
-2.8796232910e-03
2.2948730487e-03
2.2245854256e-03
-3.3054794887e-03
2.6775025475e-03
-1.1531645649e-03
-1.6804241698e-03
-1.7583674322e-03
-5.1718413702e-05
4.9795658580e-03
-4.1770075000e-03
-3.0933120628e-03
1.9758608041e-04
7.1524522308e-03
1.9439595995e-03
-5.2708763212e-03
-8.8079909735e-04
-5.6199133123e-03
6.7257220092e-03
7.0335991229e-03
2.6059465597e-03
-1.9594082285e-03
4.0256181167e-03
1.9355939848e-03
-1.8624108721e-04
7.8526780532e-04
2.2151132924e-03
-5.2438807319e-03
3.4599501509e-04
-1.7999728183e-03
5.4582496886e-03
3.0178097895e-03
1.9101030616e-03
1.9140319044e-03
-3.1061718858e-03
5.8373909626e-04
-3.8693202178e-03
3.3686514671e-03
1.3212615856e-03
-4.3901167861e-03
8.2457673075e-03
2.2379482323e-03
6.6270997128e-04
-2.6947693488e-04
-1.3845647332e-03
-4.1030009761e-03
2.6956191809e-03
6.8490119312e-03
6.0496467230e-03
-5.5680561016e-04
-1.4971132438e-03
-6.1185237596e-03
-3.7052200082e-03
-4.4495745003e-04
2.0267532492e-03
-7.9098840406e-04
6.1372595894e-04
-5.6947921776e-03
-4.6153579101e-03
-2.3032582464e-03
5.2540467048e-03
1.3967553855e-02
5.0519153751e-03
6.4040443841e-03
-4.4530663851e-04
1.3880951828e-03
5.2900549627e-03
-1.6923172630e-03
-3.5276767849e-03
-3.0798327584e-03
3.5615392000e-03
-4.2390235064e-03
-2.9842923190e-03
-6.8061070789e-04
-1.5688664159e-03
-1.6603349727e-04
3.5545419455e-03
2.8417946314e-03
8.0404592978e-04
2.7965096344e-03
1.0611635282e-03
-4.2966416861e-03
7.4772667534e-03
-1.8106773170e-04
-5.4102546046e-04
7.1923013770e-04
-9.6930300543e-05
-7.5380588049e-04
2.2881788809e-03
2.0929992215e-03
3.8625921551e-03
-2.1901240251e-04
1.7590359659e-03
1.9437722860e-03
6.9622948000e-03
1.6582721733e-03
-3.9014633645e-04
-2.5247033718e-03
-4.2236731780e-03
3.0860552499e-03
-2.7200995147e-03
4.7438615028e-03
-2.7213021046e-03
8.6243175412e-03
5.0386339100e-04
2.0368880039e-03
-2.3802217192e-03
7.3068106998e-03
5.1126984495e-03
3.1951642811e-03
-3.1060738724e-03
-3.6048495136e-03
-3.0054174136e-04
1.4632969992e-03
-6.0272063266e-04
2.2444705361e-03
-3.1685281788e-03
2.7451352631e-03
2.5734107894e-03
3.8057531482e-03
-5.6390531313e-03
8.1135310200e-03
-1.2272621769e-03
-2.7212633685e-03
-1.3464928493e-03
2.8196276632e-03
1.0058373229e-03
5.4400314762e-03
-2.9892555083e-03
-1.3238109651e-03
2.8312464192e-03
-1.8475123766e-03
-2.9367587194e-03
1.7192747963e-03
2.8264770492e-03
2.5111481519e-03
-9.8486428250e-04
2.7713771663e-03
3.0789036664e-03
-2.5141581905e-03
1.3385617074e-03
9.5541799023e-04
1.0103589013e-03
-1.5790547840e-04
2.7588628356e-03
7.0374990111e-03
7.1679597479e-03
-1.8747744918e-03
8.2070213307e-03
-4.8816622862e-04
-3.4275115953e-05
-1.9171186263e-06
3.8219266269e-03
-4.9838852066e-04
-1.4122588106e-03
-1.2218984481e-04
-7.2053482792e-03
-1.2432451179e-03
5.6096321444e-03
-9.5709409083e-04
-3.2523868658e-05
2.7176628324e-03
7.0784833203e-03
-4.3734142711e-03
-4.0489438606e-03
5.9518124491e-04
3.6787179909e-03
1.1919178544e-03
-3.5842988926e-03
5.6830562180e-04
-1.2470679667e-03
-1.0448119697e-03
-2.1474034649e-03
-3.6429371938e-03
-3.5801006729e-03
-2.1318670898e-03
1.8585352126e-03
-5.6340178330e-03
-1.7937033075e-03
-2.5735027603e-03
-4.7522327924e-03
-1.4233968161e-03
-1.2097798607e-03
8.2586536856e-04
2.3724839076e-03
-8.1693512190e-03
-2.8906588007e-03
9.3808139684e-04
-1.2598300834e-03
7.5727904988e-04
2.8820076843e-03
-4.5069767357e-03
-2.6491553684e-03
-2.5671555233e-03
-3.7973031886e-03
-1.3271550672e-03
8.1115511619e-03
3.5391428272e-03
2.5591411232e-03
6.9701836673e-03
8.9293460175e-04
-5.8246728504e-03
-1.1712743346e-03
-4.6047716845e-03
2.7103126161e-03
-2.9167882444e-03
3.7657492943e-03
-1.6892430455e-03
4.6751955649e-04
-4.1171676733e-03
-7.5020137223e-05
-1.1010455410e-03
-1.1290042523e-03
-4.2376687317e-04
7.5045474802e-03
-2.4460576841e-03
1.2845140264e-03
5.5372881891e-03
1.4573301059e-03
-3.6458451273e-04
3.3819485664e-04
-2.8380600520e-03
-3.3527821871e-03
-1.1966123198e-03
-3.7473905426e-03
-5.3468932518e-03
-5.0397938058e-03
-3.7660801524e-03
4.8512658363e-03
1.9061166007e-03
5.1964274336e-04
2.5625533866e-03
-2.0787223303e-03
2.3317759025e-03
-1.2371817076e-03
1.0712944440e-03
2.2596658697e-03
-1.6457459601e-03
3.5916803288e-03
-2.6315614203e-03
-6.3974283245e-04
1.6695659299e-03
-4.6969986941e-03
-9.9688762906e-04
6.4809887432e-04
-8.8770551937e-04
1.5979973923e-03
-7.6008847021e-04
-7.7906569715e-04
-4.0879227731e-04
-3.6404003762e-03
3.3418421866e-03
3.8591415391e-03
-6.5438142665e-03
-2.8786040710e-03
-4.1305031198e-03
-3.8873063636e-03
3.5619701292e-04
2.6105151297e-03
1.1472456956e-03
5.9751288925e-03
-2.2282635991e-03
-2.5569437018e-03
3.1600059895e-03
7.2770640913e-03
-1.7371261230e-03
-3.5959861002e-03
1.2093546047e-02
2.7915846836e-03
-2.5509413393e-03
2.8095620570e-03
1.5535894992e-03
6.0335650859e-03
-5.8801060381e-03
-3.5388486841e-03
-4.0795073176e-03
4.0008174933e-03
-2.7116088183e-03
8.1904939236e-03
4.4734294576e-03
-3.0548830113e-03
-3.1991388083e-03
2.1616168877e-03
-2.5474171754e-03
4.4928144645e-03
-2.9650091165e-03
1.8655329781e-03
-5.0696994083e-03
-1.7590637675e-03
-5.4175115281e-03
-1.9572935935e-03
2.9932501330e-03
-1.1369636605e-03
-4.1426699053e-03
8.2671687477e-03
4.4675504675e-03
-1.0213959201e-03
-3.5460252929e-03
1.6211638073e-03
-1.8044811480e-03
-4.4007178382e-03
-3.3048493621e-03
1.2186765447e-03
2.3747880211e-03
-1.4734904413e-03
4.5927860742e-03
2.8200744373e-04
1.6685393286e-03
6.1358912665e-03
3.3685844674e-04
-2.9793598472e-03
-3.1599175060e-03
2.2647544163e-03
-1.3243054616e-03
-1.2415641455e-03
-6.9621653062e-03
1.2255132712e-03
-3.2527744076e-03
-3.6472565063e-03
1.2823588329e-02
-1.1669459922e-03
-2.5278131851e-03
1.4887049888e-04
1.7933961270e-03
6.2344006463e-04
-2.0172345357e-04
-5.4309963802e-03
3.9332369453e-03
-5.7597737817e-03
-1.8686600649e-03
2.9185064649e-03
1.4550083649e-03
-1.7496635199e-03
-1.5825664642e-03
2.1939143347e-04
2.0939487432e-03
6.5810339268e-03
-4.8384507096e-03
-4.4256509284e-04
-1.4551681179e-03
-3.5751623712e-03
8.1985400169e-05
-5.2399553775e-03
5.7469790312e-03
4.3210723175e-03
-4.1337273974e-05
-5.7054186734e-03
-2.5837298325e-03
-4.9443402719e-03
8.6723057028e-03
1.7190174861e-03
1.3758264503e-04
6.0154124387e-04
-6.8652120494e-03
-3.7676208642e-03
-5.0410619058e-03
7.7286480529e-03
2.6252037987e-03
-8.4475323024e-03
-5.5015916231e-03
1.4443928869e-03
1.4003150125e-04
-1.9723421304e-03
-4.2304074349e-04
2.6453709645e-04
4.3125365958e-03
1.6390228618e-03
1.7838837669e-03
9.4507887612e-04
6.8700256342e-04
-1.3731371023e-04
-7.3017964838e-04
-1.8854147110e-03
6.8158793213e-03
1.9533294533e-03
2.9657162117e-04
7.5201157696e-03
3.8409303547e-03
-7.0210531995e-04
-2.2929678361e-03
1.7690197177e-04
2.0852980160e-03
-3.4432251883e-03
4.9646857101e-03
5.3194527540e-03
2.5072058310e-03
4.4018116130e-03
-4.3602940276e-03
-1.2490580412e-03
-2.2072719230e-03
1.3446484911e-04
-5.9281536753e-03
8.1239981090e-03
-3.1466056608e-04
-1.3862250981e-03
-2.8898063061e-03
-3.7515912358e-04
-2.9944712604e-03
-3.3912290168e-03
2.5933536564e-03
1.1129251607e-02
1.8994369893e-03
7.0441599464e-03
6.7920958872e-04
9.1090085298e-04
4.9440584751e-03
2.2938620925e-04
-2.0147361594e-03
1.2340902298e-03
-8.5316420821e-05
-3.9252195852e-03
1.2388067771e-03
3.2283047048e-03
-1.1337859634e-04
2.7455754415e-03
1.0842820673e-03
-8.9372934173e-04
4.3545863852e-03
-4.3077526229e-03
1.1571268586e-03
1.0855315561e-02
1.3280591783e-03
9.3228354255e-03
6.1343827709e-03
5.4508780537e-03
-2.2442991971e-03
2.3308089580e-03
-2.3787896579e-03
1.5013582106e-03
6.3780292584e-03
1.4580719592e-03
-7.0379106790e-04
6.3883104592e-03
7.6083731362e-04
-1.2853029594e-03
-2.6613837405e-03
-3.3541000948e-03
1.7108416836e-06
-3.0794363267e-03
-2.4737743647e-03
4.9404389275e-03
1.4740026983e-03
1.8080646611e-03
4.9820097234e-04
-1.8086536814e-03
1.3586375099e-03
-2.6893034975e-03
-6.4944027610e-03
-5.3092932994e-03
-1.7833400965e-03
2.2096324319e-03
3.3113914642e-03
5.9948884736e-04
4.6105059115e-03
-3.3762836141e-03
-2.5824465763e-03
-2.8350443042e-04
1.5029831160e-03
-7.0793503438e-03
2.2914326706e-03
3.1668083076e-04
-1.4207839147e-03
-3.0688320894e-03
-3.4185718343e-03
-1.2279606194e-03
5.1544306042e-03
-5.7372098398e-03
-2.6238649298e-03
-3.9805666753e-03
-5.9535916563e-03
-1.6062767597e-03
-5.7416931143e-03
-5.7939458021e-03
-3.4422820055e-03
8.1751288195e-03
1.3166044462e-03
-7.2688149548e-03
-5.8284160669e-03
-3.4569760984e-03
-1.5531259047e-04
-6.4433113691e-04
3.5001823104e-05
-6.3206731159e-04
-7.7671678056e-03
3.7751433875e-03
2.9116413330e-03
8.7874156121e-04
5.0865951959e-03
5.4237232329e-03
5.6261629302e-04
-3.5637220080e-03
1.4339004472e-03
-4.2752170571e-04
2.4039512883e-04
-4.5802461865e-03
-1.7778222057e-03
-5.0449320963e-03
-2.5686581925e-03
6.2678837284e-04
2.8170357651e-03
-1.9049017948e-03
-3.0247433485e-03
3.8857365671e-03
6.2921556844e-03
6.8743416162e-03
-1.8276843615e-03
7.3925022741e-03
1.2046652285e-04
-1.4335812286e-03
3.7693360433e-03
-1.9737803645e-03
-1.0871832236e-03
6.2500540058e-03
5.4533249732e-03
-3.3177819559e-04
5.5120093945e-03
8.2014781749e-03
3.8969471141e-03
5.0702212233e-03
5.2260924509e-03
2.3594100977e-03
2.7135144291e-03
7.9503475794e-04
4.2017318029e-03
-1.2918666538e-03
4.5983281325e-04
-4.3952055583e-03
-2.2360948175e-03
-6.2537421652e-03
2.0791835777e-03
5.3758763593e-03
-2.4545489398e-03
8.8304903711e-03
1.6873479620e-03
-5.3494741728e-03
-1.3168222948e-03
1.6720746827e-04
-2.8075615036e-03
-5.9446240702e-03
-2.8138033668e-03
-7.7932751836e-04
2.5205589669e-03
7.6081869626e-03
1.6848415781e-03
-3.2690019191e-03
-5.2575705414e-03
-1.2150497433e-03
-4.8834188949e-03
-1.3488290748e-03
-4.2430423025e-03
1.2988088900e-03
6.3404094316e-03
-1.3273203329e-03
2.8241437392e-03
2.2191352074e-03
9.3965376959e-04
-1.4636204743e-03
3.8479070508e-04
3.2783705662e-04
2.7040048904e-03
-9.5208710571e-06
6.4272133927e-03
2.2020979545e-03
2.3494622984e-03
-2.5212696753e-03
1.2564508158e-03
2.7219046158e-03
7.5299206424e-03
-3.6461935553e-03
-1.1888863215e-03
2.3967231920e-03
-1.2914672661e-03
1.5643029230e-03
-3.5178609002e-03
-1.6741342417e-03
-2.6640263858e-03
5.6100109441e-03
1.5716133476e-03
1.8285618671e-03
5.8283998383e-04
8.3267828312e-03
-6.1961951254e-03
1.4115287398e-03
3.8519271597e-03
-2.7887522915e-03
-2.0643743205e-03
4.2198994399e-03
1.7606081077e-03
-3.6906522888e-03
4.7685635897e-03
-2.6645728742e-03
-3.0390158661e-03
-4.4090322394e-04
3.5355111293e-04
1.3348600428e-03
4.8259551175e-03
-7.1328106572e-03
4.6849606670e-03
2.4937923571e-04
-1.5061554170e-03
5.4521950321e-04
1.5324391318e-03
7.8677552945e-04
-1.3351030474e-03
-1.8219300766e-03
1.7190968389e-03
-9.2991467052e-04
-2.8064739072e-03
-1.4858566216e-03
-2.4935658123e-03
1.4809364364e-04
-1.4197707423e-03
-4.1006179386e-03
2.4903067746e-03
-3.0940272758e-03
-4.8941210316e-03
-3.5192573672e-03
2.9984958871e-03
-6.7217893049e-04
-1.7409836891e-03
1.7756752630e-03
6.7565428284e-03
-6.8246198315e-03
-3.6669672548e-04
7.9128104762e-04
-2.4484498011e-04
-4.3773570037e-03
-9.6396570989e-04
4.0584588732e-03
-8.4433097403e-03
1.3453118343e-02
-3.6343173642e-04
-5.8251644575e-03
-2.1702342953e-03
-6.7774604551e-03
1.8609336370e-04
2.1065101389e-03
-2.9986690507e-03
7.0129916205e-04
3.9826298085e-03
2.3547338013e-03
5.7800324554e-03
5.6341574950e-03
3.4561159524e-03
4.3655963169e-03
5.7888719034e-03
4.4033069866e-03
-2.0390968858e-03
-6.8349931768e-03
3.5413141236e-03
-5.4048461915e-03
3.5635068322e-04
-1.3676612367e-03
-2.8938125583e-03
2.0026811040e-03
9.9838649737e-03
-7.4088236710e-03
-2.7163587127e-03
-2.6088529495e-04
6.5419652820e-03
-3.7086831021e-04
-3.1714011160e-03
9.2020546876e-03
-2.6427692852e-03
-6.6188698816e-03
-6.4078035483e-03
-5.0672317492e-04
2.7520590485e-03
-5.9800202444e-03
-2.3055301484e-03
-6.1888235594e-04
-1.1371294958e-03
-3.5051154549e-03
4.3085923350e-03
-2.4886651976e-03
-1.7115438564e-03
-2.6850258739e-04
-4.6912187174e-03
-2.2688900141e-03
-6.8222950808e-03
-5.9286057080e-04
5.8429104751e-03
4.6894212411e-03
-2.4104722414e-03
1.3280044621e-03
-3.4155771376e-03
-3.0286656181e-03
4.0440031098e-04
-5.6369756312e-03
8.2015163649e-04
3.0404819583e-03
3.9626006830e-03
2.2796871342e-03
1.1751960388e-03
5.2841579987e-03
6.5655558566e-03
-3.7746865480e-03
-6.5234850838e-04
5.0692956403e-03
3.7496862245e-03
-2.8322667618e-03
4.5723648976e-03
1.2447801101e-03
3.8214259141e-03
5.5785545426e-03
-7.1800124571e-03
2.9209050844e-03
3.5116656204e-03
-5.4615535216e-03
-1.6704033438e-03
1.5706454049e-03
7.1558744512e-03
-4.1044350806e-03
6.5294529260e-04
-3.1771723072e-03
1.0396826793e-03
-3.3488041557e-03
6.4625107140e-03
-4.5183823669e-03
2.2486570450e-03
3.7823344634e-03
1.2234251526e-05
-2.0641736946e-03
-6.1848534504e-03
-2.3328930552e-03
1.2765406972e-03
7.2226114922e-03
-8.9635899931e-04
-6.7415493033e-04
4.9519478298e-04
4.5161562937e-03
-1.0341163175e-03
2.0311442694e-03
6.3202636783e-04
6.8384748631e-04
-7.6877532011e-03
4.9405278103e-03
-5.1372861809e-03
-8.1165501024e-04
-2.6213932793e-03
-1.2830762939e-03
-3.1795087544e-03
5.8823089827e-04
-7.7300002284e-04
-4.3441761368e-03
4.5390625823e-03
-9.2639541320e-04
1.1518061554e-03
-6.7677690572e-03
-3.1682998231e-04
-9.4650920714e-04
4.2002423549e-04
3.8456278973e-03
-3.8233844896e-03
6.2502236869e-03
-4.0468271645e-03
4.3851375065e-03
-2.0457727996e-03
-1.4414862148e-03
3.9610394308e-03
-2.4364073928e-03
-1.8504061947e-03
-2.0740442216e-03
-7.2180832744e-03
7.0842630963e-03
-1.9133339668e-03
6.9663914206e-03
-2.2846099247e-03
1.0243672204e-03
7.2976241732e-03
-8.0934580008e-03
-8.1258666660e-04
-7.7153021835e-04
-1.2809999999e-03
-8.1196352070e-03
-2.0416978304e-03
2.0314549867e-03
6.8227387840e-03
1.9268228910e-04
-4.0971442731e-03
8.9984163309e-04
-3.5763795309e-03
-7.9153218741e-04
4.8688386898e-03
3.1835509245e-03
2.2365521573e-03
1.1894271046e-03
4.4310365268e-03
-2.0541793824e-03
-1.5566396353e-03
-6.2556533350e-03
7.6565078261e-03
-3.9551421132e-03
3.6051327933e-03
-1.4870367239e-03
-4.1774789461e-03
-4.4145368959e-03
3.0188544142e-04
1.5128139042e-03
-1.5307611246e-03
6.8588494748e-04
-5.4088298361e-03
2.9799719948e-03
6.1731795892e-03
-1.6909966399e-03
-3.7289688852e-03
-3.2609396390e-03
-3.1862138889e-04
2.2596442397e-03
1.4948727077e-04
-1.3128291318e-04
-4.0773570389e-03
-3.4888706463e-03
-4.7046792289e-04
-3.2687595749e-03
-2.0260888963e-03
5.6993602251e-03
5.1293862250e-04
8.4467783645e-03
-4.7602865676e-03
1.9738754916e-03
7.5397807858e-04
4.8537902182e-03
-2.0846610017e-03
-4.4810894397e-03
-4.2730426000e-03
-4.9212782920e-03
-4.9105397818e-03
-4.9741861573e-03
4.5184592460e-03
4.0259174604e-03
2.1955083454e-03
6.3413235980e-03
2.3992042704e-04
-3.0725498356e-03
2.1798118984e-03
-4.0414178161e-04
3.4299416709e-03
-5.9581053586e-07
2.4201151210e-03
-6.5577187407e-03
-2.5399621677e-03
-6.3538327164e-04
6.9270968417e-03
-1.3782480498e-03
-1.1967403068e-03
-1.1925487232e-03
4.8266811270e-03
7.1192706909e-03
5.9779260389e-03
-1.5583834863e-05
-3.8885054681e-03
-1.8623727657e-03
-3.2556527199e-04
3.9739098004e-03
-1.9578260131e-03
-1.8544263867e-03
9.9335755793e-05
4.2036534856e-03
-2.3091604362e-04
-1.1561065408e-03
8.7121073707e-03
2.0802138851e-04
-2.3588877164e-03
-4.0870778671e-03
-2.0801773643e-03
5.6620712415e-03
-5.3390872923e-03
-1.1794490210e-03
3.8879779142e-04
-1.9238265320e-03
-4.9245138331e-03
2.4245866943e-03
-6.6323462436e-03
7.7683437641e-04
-1.8748624407e-03
4.2872878474e-03
2.5487995091e-03
-1.5315871159e-03
1.4091888935e-03
-9.2586983044e-04
-5.1022072438e-03
-4.0254502733e-03
-1.8737089111e-04
-7.3438112320e-03
-2.0658303187e-03
-3.1385936671e-03
2.3788006717e-03
-3.3674435377e-03
-8.5571384211e-04
1.2750031606e-03
9.3512205013e-03
1.8941900104e-03
1.0333180821e-03
-2.2496882638e-03
2.7396852661e-03
2.2073377377e-03
-4.7070934244e-03
7.1372102801e-03
-3.8737157420e-03
6.7152103918e-04
3.6820384235e-03
-1.2043041681e-03
4.7398076550e-03
-2.8108114712e-03
-3.2156245359e-03
3.8946105050e-03
4.9023948046e-03
-2.1271872793e-03
6.4523284737e-03
-1.9926553654e-03
-1.0485595722e-03
-1.4860170663e-03
-6.9436016199e-03
-3.8021343378e-03
8.1944364890e-04
6.3224879409e-03
-5.8800231237e-03
1.6800227960e-03
-7.0126632141e-04
-2.7953550074e-03
-2.8172368247e-03
2.0391998665e-03
1.9853105325e-03
-1.4832209504e-03
4.1051068624e-03
1.6438921361e-03
-4.3884706319e-03
1.2493396141e-03
1.6517423653e-03
1.8940838899e-03
-1.8425713107e-03
-2.9564156258e-03
1.6585311514e-03
3.1730665174e-03
1.1731242797e-03
1.2804491869e-03
8.7243913325e-03
8.1945477874e-03
3.8541330285e-03
-2.5493786731e-03
3.5083452356e-03
3.7906476965e-03
7.3096156438e-03
6.1966143660e-04
2.1302747284e-03
-1.2584896011e-04
-3.3095078707e-03
-1.2299670486e-03
5.9906004727e-03
-3.3753195109e-03
6.3050227651e-03
-5.0156769414e-03
-4.8413928563e-04
-1.4421109927e-03
-2.4347548381e-03
1.2471017445e-03
-1.2684225376e-03
-5.3828589835e-03
1.5544332079e-03
-2.7757009784e-03
9.9665130248e-04
2.3899981662e-03
-3.9560653643e-03
1.1026653795e-03
-2.2191878852e-03
-3.9486183129e-04
-2.3645729482e-03
-6.3793172322e-03
-1.6818706575e-03
3.4435348212e-03
5.4701835946e-03
6.3192297060e-03
-1.5886768129e-03
-3.6592368775e-04
-1.9977106771e-03
3.3993173546e-03
1.7027190189e-03
-4.6562216406e-03
5.4015676065e-03
-1.0300550958e-03
4.2738382859e-04
2.3590810997e-03
-1.9065689721e-03
-7.8020174440e-04
-2.9314727327e-03
7.7916502415e-03
-1.4142431770e-03
-1.9185963415e-03
1.2348567108e-03
1.2259500198e-03
-4.2573157014e-03
-2.4175621122e-03
1.7744796424e-04
3.1260495022e-03
-3.6856386693e-03
-1.9456309327e-03
-6.0182990306e-04
-3.1987041605e-03
-7.3361177994e-04
7.3642174156e-03
1.7820325885e-03
-3.0210329298e-04
-7.7730811518e-04
-2.9159454192e-03
-4.2661986883e-03
1.9560530056e-03
1.7318618020e-04
-6.6066747880e-04
-5.6599387010e-04
-4.3980434825e-03
-5.4223154332e-03
-3.8232316280e-03
2.6362706501e-03
-3.7762507855e-03
1.8073152559e-03
-2.6581173805e-03
5.2145239045e-04
-8.0037676109e-04
3.8547179681e-03
-2.3967924209e-03
1.5179785217e-02
-5.0245014300e-04
2.6989645470e-03
8.7424041960e-03
-3.6121836581e-04
3.1574800182e-03
-4.5467043480e-04
1.2943481333e-03
8.9561273429e-03
8.7134826722e-03
1.4171792314e-03
-8.2848438521e-03
-2.6075620913e-03
-5.1170093871e-03
-7.0442160827e-03
-3.6741324203e-04
-5.8145008947e-03
-3.9517081130e-03
-2.9901425235e-03
1.5172197268e-03
-5.9074000437e-03
2.1823550072e-03
-2.9839993413e-03
3.5826537877e-03
-2.8227934183e-03
8.8348023529e-05
-7.2543131324e-03
-2.0655831370e-03
4.5124786878e-03
-7.4615423842e-03
-3.6724692262e-03
2.2365596441e-03
-5.5034174270e-03
-2.1780439954e-03
-4.8141532722e-03
-9.8597588984e-04
-3.0415250454e-03
5.6734637374e-03
9.1404169058e-04
-7.3036607845e-03
-6.2409533395e-03
-1.9972369541e-03
-1.7973516585e-03
-1.4651836323e-03
-2.7988399170e-03
-3.8806231108e-03
-3.6838352522e-03
-8.8197622361e-04
-7.1004188471e-03
-3.2397027961e-03
2.7967893392e-03
7.3449393965e-03
-4.6160126159e-03
2.9301197512e-03
4.6502016585e-03
7.4542657585e-03
-2.6264424901e-03
1.0632086418e-02
-4.6152123146e-03
3.8960288406e-03
-4.2542476665e-03
-2.1034272873e-03
1.2858497648e-03
1.1368908439e-03
3.8352147748e-03
-3.9840020585e-04
-4.9852581034e-03
6.0812182404e-03
-1.2559872558e-03
-2.4979979192e-03
1.1976628543e-03
-3.5173580662e-03
-3.7245086540e-03
3.9391553991e-03
6.1854181228e-03
-5.7279420356e-03
-4.9779148364e-05
-5.2831552398e-03
-1.5199257548e-03
-5.1282768248e-04
-2.2439704836e-03
-3.8813787371e-03
-1.5625167417e-03
4.3822667168e-04
1.5528663970e-03
6.1871641351e-03
4.2366009905e-04
2.5159635007e-03
-9.5446716026e-04
1.0686660152e-02
3.1412289407e-03
-8.1043412516e-03
-3.8242859527e-03
-4.5214814050e-03
2.5274481126e-02
-7.6427152593e-04
1.4163811130e-03
3.7868621860e-03
-2.6390696303e-05
-1.4793508941e-03
-3.2269571927e-03
-1.6169413846e-03
5.7237771583e-03
3.6548924666e-04
-3.8036285607e-03
-5.5400995200e-03
5.4004836073e-03
5.6733895979e-03
6.6380540864e-03
-9.6095753130e-04
1.9095958189e-03
1.7755363110e-03
1.7427788735e-03
2.0809915774e-03
-7.8869708706e-04
3.9924074892e-03
7.6521220996e-03
3.8558943596e-04
1.3334216834e-03
-3.1602389228e-03
-6.6696450723e-04
-4.4478570994e-03
-5.0557979560e-04
-1.1626988314e-03
-3.4475653970e-03
-2.1579947199e-03
2.9103779939e-03
-1.9438727870e-03
-1.5866233812e-04
-1.6532880137e-03
-2.3666189435e-03
-2.2012348087e-03
3.6754373549e-03
4.9493660309e-03
-3.6632824482e-03
8.2001315506e-04
3.5049047808e-03
-3.6440089642e-03
6.5706311244e-03
3.5870944241e-03
-9.2010427036e-04
-4.2689778849e-03
-8.6397252011e-04
-5.5963542384e-03
-3.2617080152e-03
3.8728019191e-03
4.4391570240e-03
8.4426814646e-04
-1.7177286078e-03
9.1341263385e-04
-4.2276842178e-03
1.1781889046e-02
-6.4827629542e-03
-2.3229633593e-03
1.8929720278e-03
-1.3239904925e-03
7.1552434657e-03
1.3092252802e-03
-5.2972610643e-03
2.0845153730e-03
7.9594915052e-04
-1.4380326150e-03
2.7366343273e-03
-1.4792754708e-03
-3.9339353322e-03
-3.6406328888e-03
-1.3828777646e-03
-7.4072249323e-03
1.6930277134e-03
-3.6555729760e-03
-2.9746182717e-03
-1.9275533630e-03
-3.9038657739e-03
2.7293477541e-04
-2.4358861609e-03
-6.1411650011e-03
-5.0292386495e-04
-1.8543409255e-03
-3.5180791479e-03
-2.4949668788e-03
-1.0194836130e-03
-4.4614021251e-03
-1.1783318835e-03
-1.7388606911e-03
-1.0574618700e-03
-2.3799065006e-03
2.6000659211e-03
1.9773547258e-03
-7.4858054877e-04
-1.8245240378e-03
2.0928559833e-04
-3.4045920996e-03
-2.0849361215e-03
-1.4545688644e-03
-6.7832827532e-03
5.4445870530e-03
-1.2063775397e-03
-1.6959618799e-03
7.9750621146e-04
-1.3314423017e-03
-3.2133364353e-03
5.8978829656e-03
6.6827470898e-03
-2.0441623969e-03
-7.3603164554e-04
2.2969807216e-04
-3.8748617949e-03
-2.5947758776e-03
-2.6384641329e-03
2.7887411213e-03
-3.4231987558e-03
-1.0174282541e-03
-2.8833399353e-03
-1.2426056328e-03
3.5699218473e-03
5.4850445093e-03
-5.3596786507e-04
5.1858901929e-03
-4.1696411645e-03
-7.4601821510e-04
2.0440141005e-03
4.9038729968e-03
-1.1267362078e-03
1.1733573808e-03
5.3916615083e-03
1.1793451700e-03
8.8347272620e-04
1.3253417010e-03
2.4199831278e-03
8.0100536661e-03
1.2919309284e-03
-4.0662803499e-03
-2.2989425036e-03
-1.7260803900e-03
-4.9548898333e-03
-7.4442736723e-04
-4.1485585809e-03
-4.5114990458e-03
-2.5548127278e-03
-1.1351134204e-03
1.6659812609e-03
-8.9408578804e-04
-3.7293267240e-03
-9.3580263392e-04
-4.0089496612e-03
-1.7211760673e-03
-3.7224751999e-03
-4.7948080128e-03
-4.7040337314e-03
-5.4295950792e-03
2.9379149833e-03
6.9968245476e-04
5.1747441456e-03
1.3222810832e-03
8.0013144358e-04
2.5088203241e-03
-6.2829867281e-04
5.4060795136e-03
3.1349203547e-04
4.3155085894e-03
-2.5135606416e-03
4.7110903266e-03
6.8403517088e-05
3.7131520334e-03
4.3604919042e-03
3.6112857473e-04
2.9081870656e-04
1.0460682774e-04
4.6812039949e-03
-2.2625166980e-03
5.9740831698e-03
1.8438181434e-03
-2.2548162117e-03
9.1721445272e-03
-3.1175477919e-04
8.9072258176e-04
1.3755061182e-03
-1.4386757084e-03
2.5225248886e-03
-3.9390401450e-03
-1.5484399593e-04
-4.9536265211e-03
-1.6711989681e-03
-9.9957133722e-04
3.0002916167e-03
-5.9721884844e-04
-6.4286437381e-04
8.2285027726e-04
-1.7279018912e-04
4.7777581253e-03
-5.1700638469e-03
1.3308178630e-03
7.1284247421e-03
-3.0643488938e-03
2.2348180558e-03
6.8946301240e-04
4.8577290510e-04
5.3573978429e-03
5.3188228828e-03
-4.7792115711e-03
-2.4816611528e-03
-6.1745243244e-03
3.3453589656e-03
-5.5686505032e-03
2.4000318034e-03
3.0629662278e-03
6.4090478674e-03
7.7246400693e-03
1.3614235516e-03
1.7884620885e-03
-6.0663611696e-03
-3.4138539960e-03
-1.4668296286e-03
7.0859951950e-03
-6.3456287935e-03
-3.7825658108e-03
-6.7380250488e-03
2.8753175161e-03
2.6527337200e-03
1.0855062826e-02
2.4666934348e-03
-5.4881507453e-03
-1.3297987814e-03
2.6445790949e-03
2.4325125110e-03
-2.2133753171e-03
1.2163856584e-03
-4.0526897314e-03
-4.9780946404e-03
2.5544472097e-03
-3.5854371794e-03
-6.0189017098e-03
-3.3928190033e-03
-1.6552640735e-03
1.9383034813e-03
2.2386522528e-03
2.5290633099e-03
6.0166470368e-04
-7.7285110272e-04
2.4719215796e-07
4.6678700982e-03
7.3947459250e-03
-1.1598463028e-03
-3.1813062938e-03
-2.6081869526e-03
-2.9107701952e-03
2.3510356426e-03
-3.0983851751e-03
1.2951442366e-03
-3.6995862466e-04
1.2802040980e-03
7.4141061106e-03
-1.2177555084e-03
-1.2020039736e-03
1.0007219667e-02
-5.1469253744e-03
6.6372985234e-03
6.0352011415e-03
-2.0619223637e-03
1.6520694158e-03
-2.6762071904e-03
3.7737313619e-03
-6.0230531295e-04
-1.6635989269e-03
-6.8348467254e-04
-1.6353844702e-03
4.2423440860e-03
-2.2733231183e-03
-4.8831372458e-06
3.9914873171e-03
-2.8318098753e-03
-2.5061404466e-03
-3.4425646007e-03
2.1680805382e-03
1.7848355987e-03
1.3373664839e-04
-2.8854193637e-03
4.9874462957e-04
-5.9403588398e-03
-1.1097275161e-03
6.8589364968e-03
5.1958860035e-04
-3.6398094200e-03
6.4612927746e-03
2.9236607096e-03
5.1641656103e-03
5.4144764062e-03
-3.5266493825e-03
-2.8749637310e-04
3.6530131904e-03
-8.9726206339e-05
7.7091240033e-04
-4.0804371405e-03
6.6200884946e-03
-1.1111269379e-03
-4.0064550561e-03
3.0638776426e-03
-3.5605091267e-03
1.9100046916e-03
-5.8968246640e-04
-4.2803193931e-03
4.9620184112e-03
7.1047993412e-04
1.2878299903e-03
-1.5656830194e-03
5.5661042542e-03
-1.4560063647e-03
-2.3021927452e-03
1.2409151027e-03
2.4896753162e-03
3.2323235767e-03
1.0944365819e-03
-2.5301639264e-03
6.9412691684e-03
4.8766473549e-03
4.8975883526e-03
-4.4685237100e-03
9.0206908716e-03
1.3834820133e-03
3.1606491688e-05
1.2579139071e-03
-2.7315026045e-03
-1.8236214003e-03
-3.8837666598e-03
-6.5601001998e-03
2.3852403499e-03
-1.6023523576e-03
6.7485924210e-04
-8.5942503344e-04
4.1458935573e-03
9.5286977283e-04
2.9799283469e-03
1.0196077159e-03
-3.8261386316e-03
7.6787103880e-03
4.9964631874e-03
-8.7958545510e-04
-2.6403627178e-03
3.0284390859e-03
-4.6640203096e-04
1.7129393260e-03
-2.9018665255e-03
-2.3908092431e-03
9.0817560669e-04
3.8145278582e-03
1.2391518041e-04
5.7818312392e-04
-3.4474092623e-03
-9.2792638309e-04
-4.2162475621e-03
-9.1859544433e-05
-2.1740848423e-03
3.1681503760e-03
1.6226943511e-03
-2.7540803389e-03
-6.7522154305e-03
2.2392568333e-03
-3.9381063394e-03
1.2829706661e-03
