5.4093279048e-03
-4.0278128033e-03
-8.7688716891e-04
3.2433108112e-03
-5.8464080348e-03
-2.9403381777e-05
2.8992234758e-04
9.2228286025e-03
-9.2716905233e-04
6.0439732075e-04
2.1465227897e-03
-1.9293633653e-03
5.0574791985e-04
-2.9969351068e-03
-5.6704284692e-04
1.0719367086e-02
-1.4938071555e-03
1.9095480119e-03
8.1660431060e-03
-4.7553048114e-04
-1.7360871744e-04
-3.3324345199e-03
-3.1548671999e-03
2.5286568522e-03
4.3582912627e-03
-7.0365822374e-04
-4.6588002275e-03
4.4825067139e-03
-9.8393684478e-04
-1.0700748285e-04
2.8879411339e-03
-1.1798508310e-03
-2.8547606049e-04
3.6805663310e-03
7.9841764732e-04
-3.4440151092e-03
-1.9302021047e-03
4.5137954055e-03
-1.2015975989e-03
-6.1420913879e-03
-2.1145726954e-03
4.9504220528e-04
-2.5773071393e-03
-2.2414052843e-03
-4.3123155079e-03
-5.4142883448e-03
-3.4990752556e-03
-1.6100076001e-04
1.5652386470e-03
-4.5666544295e-03
-9.3350043599e-05
-7.3424720593e-04
-3.7188330214e-03
-8.2947988956e-04
1.1772278487e-03
-4.2162546237e-04
1.1716089289e-02
3.9025668757e-03
3.4297592019e-03
8.2705778754e-03
4.0936942621e-03
3.3299933888e-04
-2.1021151694e-03
5.4408283113e-03
8.2092410157e-03
-1.7913787115e-03
-5.1365695741e-03
-1.9235121773e-03
-3.1285045224e-03
-2.9342257566e-03
3.4854681862e-03
2.0969891780e-04
-3.5418440668e-03
7.1664647076e-03
9.3329872196e-04
2.2541172591e-03
-1.7271096208e-03
-3.2337138020e-03
-5.1522916089e-04
-3.7092903835e-03
-3.4582861345e-03
1.9385763893e-03
2.4756250785e-03
1.6539480972e-03
4.9630888516e-03
-3.4357328023e-03
6.2658027345e-03
-2.0560204582e-03
-5.8753455543e-04
5.8052062925e-03
-2.1338770597e-03
9.5832640130e-04
3.3451606013e-03
1.5911218470e-03
-2.3528046433e-03
1.2769086503e-04
-6.1113658286e-03
1.6793769888e-03
-2.8325925181e-03
-5.2397827509e-03
3.4733475592e-03
-8.6663960708e-04
3.2068795526e-03
-5.4275690800e-03
1.9656691829e-03
9.3046823559e-04
-2.1741462864e-03
1.0114259682e-03
3.6893928275e-03
6.8548493344e-04
1.0528816376e-03
-3.0824723921e-03
4.8686151235e-03
1.7358545039e-03
6.1219593546e-03
6.9639971692e-03
5.0877381467e-03
2.0244850629e-03
3.0949640128e-03
-3.4976855162e-03
-3.5758747000e-03
4.1340397092e-03
-2.8204243320e-03
-3.2391079243e-03
6.5263350326e-03
-6.4537915866e-04
-1.0072339364e-03
-3.1834804855e-03
-3.5110715575e-03
-2.6781089025e-03
5.6812536482e-03
3.6218425419e-03
3.2597858562e-03
3.4667912427e-03
-1.3677821976e-03
-2.7608618766e-04
-8.0126615201e-04
1.3678222215e-04
2.7451920015e-03
-3.5756053313e-03
-4.8223055398e-04
-2.3668833358e-03
4.3307360607e-03
3.6645500795e-03
-1.5356357906e-03
-4.7967450040e-03
1.1602136102e-03
-5.6153166620e-03
-2.6814090062e-03
-4.4650784021e-03
-3.6083921994e-03
9.7154696302e-03
-1.2586568679e-03
3.2128430607e-03
3.1092081471e-06
-4.3337365591e-03
-1.6962397122e-03
-1.5409806634e-03
1.3580318698e-03
-2.8080470858e-03
5.6768399301e-03
2.2141599855e-04
3.0274753455e-03
2.7148697090e-04
3.8824935261e-03
-2.5148934026e-03
-4.0100250557e-04
-4.1718165208e-03
3.3553115575e-03
-4.3077855713e-03
-5.9452040682e-03
-2.6188512639e-03
-1.4248469322e-03
1.6030706655e-03
-3.1963349807e-03
-6.2701636523e-04
-6.3999575495e-04
7.4546153565e-03
-3.4783817222e-03
-1.8613371414e-03
-7.3346937136e-04
-3.9955425034e-04
-3.0706146510e-03
-3.1854993640e-03
-2.7141811326e-03
3.3805286624e-03
2.0478873211e-04
-9.9131496971e-04
6.0533950543e-04
-3.8918767011e-03
2.4461234063e-03
2.9715472312e-03
-2.4327581679e-03
-2.2000744604e-03
4.0119941728e-03
-3.1290187112e-03
5.4679045946e-03
2.3813256383e-03
2.8262334165e-03
4.5836671977e-03
-2.2981742130e-03
-2.1385581007e-03
3.4793938201e-03
2.3941794382e-03
5.2812761829e-04
4.4072329776e-04
8.4232130841e-05
7.8982714785e-03
-2.1209519740e-03
5.0092241374e-03
-1.1387564639e-03
4.0478021655e-03
1.0338554620e-03
-3.2271885929e-03
-2.0396979470e-03
6.1702902689e-03
-2.6835821976e-03
-2.0705303411e-03
-4.6893612478e-03
7.5800335335e-04
-1.4255382967e-03
6.7302056368e-04
1.1378195941e-04
-2.8439467668e-03
1.4820176970e-03
4.9087979340e-03
6.1107528063e-03
-6.3677599430e-03
-5.8843944542e-03
-1.1139086071e-03
1.0687720193e-03
1.8661138521e-03
-2.9329439110e-04
-2.0062460720e-03
-6.6282785828e-03
5.7422749569e-04
2.2512774423e-03
-1.9558623757e-03
3.1418456912e-03
-2.2785166186e-03
1.2478820090e-03
-1.3961148986e-03
-4.2973587068e-04
7.6350442329e-04
-1.3347561011e-03
-1.1554655411e-03
-3.0398507960e-04
-6.3602049407e-04
3.1148963635e-03
-2.5663426036e-03
-2.9721801245e-03
-5.4040305319e-03
5.3104314760e-04
-7.3644686342e-04
1.2198205847e-03
6.7671107446e-03
-3.6746106574e-03
6.5741905490e-04
-1.1259558738e-03
4.6991395272e-05
4.0220023927e-03
-3.8610564392e-03
-3.6087894717e-03
6.6043340351e-04
5.4482707416e-04
9.9938725975e-04
1.8632518887e-03
3.8675150966e-03
-6.9951284713e-03
2.9426698833e-03
5.3399495134e-04
3.1831995653e-03
-5.4150129790e-04
3.9530404575e-03
-1.1735520070e-03
-2.9020910273e-03
4.2723119770e-05
2.8985227468e-03
7.4661528862e-03
-1.2083633367e-03
3.6952300564e-03
6.3789349570e-04
-4.1157561931e-03
-3.2132707679e-03
-1.7881165378e-03
-3.3714729852e-03
-8.9770973392e-05
-3.0627066815e-03
8.2134092158e-03
1.5087996339e-04
-1.0083758839e-03
3.4384408756e-03
-2.3389322620e-03
-3.4616839305e-03
3.4758110881e-03
1.6211372443e-03
1.0705225631e-03
1.7320175251e-03
-7.5531035594e-04
6.3431569631e-03
6.1565778065e-03
1.8440165609e-03
6.2526789151e-03
-9.7819391801e-04
1.2326372191e-03
-2.3274640414e-03
-4.6818005762e-03
-1.1963542285e-03
-2.8743093172e-03
-1.3431963762e-03
1.0368018113e-03
-9.9778518083e-05
2.8637961169e-03
-2.7851069816e-03
8.4957308299e-03
-2.1978055945e-03
2.4730613182e-03
3.0280605745e-04
-2.4512056479e-03
3.8647457258e-03
-8.3901889253e-04
-1.5336337077e-03
-2.9408085749e-03
3.4188450490e-03
2.0902329165e-03
-4.9251585805e-04
1.1729503950e-03
8.8445396309e-03
-1.7118856858e-03
9.0792206672e-04
1.1968321168e-03
3.2340308581e-03
5.4565336440e-05
1.9557573626e-03
-2.5711917571e-04
5.0575828655e-03
7.5462350912e-04
1.3047129214e-05
-3.7785854603e-03
-2.9291682126e-03
5.4452863089e-04
-2.6106584493e-03
-5.4126872520e-04
3.6146002054e-03
9.4192059514e-04
7.5605031135e-04
7.0058294250e-04
-9.3297454747e-04
7.0703435344e-03
3.3548559887e-03
-2.4521318712e-03
-3.0798202651e-03
7.1445088827e-03
4.0795467732e-03
2.3853262148e-03
-2.6949192652e-03
1.3038254192e-03
2.1681012779e-03
4.4039574340e-03
8.3174346495e-03
-2.4200742807e-03
4.5033876624e-03
-1.1411183226e-04
-3.1641726098e-04
1.6636341895e-03
1.6283209469e-03
8.1835790022e-04
6.6708097113e-03
-1.5387979450e-03
5.0995987690e-03
-2.4220403152e-03
-2.9292211199e-03
-1.9208350564e-03
-1.8643003823e-03
9.2701333777e-03
3.7471076216e-03
8.0991583743e-03
-2.5266260429e-03
-1.8449349856e-03
-2.6625852354e-03
-4.8378948109e-03
1.3271801269e-03
-6.1614688151e-03
4.2064141567e-04
9.1101792019e-04
4.6641046197e-04
7.1718844087e-04
1.5709808160e-03
9.9626516405e-04
-2.5909918586e-03
-2.6602332768e-03
-6.2875682989e-03
2.1189999523e-03
6.9369849715e-03
-1.3195563002e-03
-4.5364226841e-03
-4.2512898210e-04
1.0248217712e-04
1.2093047189e-03
6.9985007724e-03
8.7636203353e-04
-8.1467677325e-04
-3.5263629246e-03
-1.1408913848e-05
1.5441996081e-03
9.0616104731e-03
1.0337697596e-02
-9.6496723995e-04
-7.4184613941e-04
7.4088780509e-03
-1.8126167039e-03
4.5074413946e-03
3.3860081984e-04
2.6743926691e-04
-2.9702099197e-03
-6.5227571984e-04
-2.5163444368e-03
1.6730537241e-03
4.2581824950e-03
3.9737844310e-03
-1.4619272171e-03
1.9824176530e-03
2.5276952110e-03
-8.0393599634e-04
-4.2453105355e-03
-1.1589202238e-03
1.6826598358e-03
-2.5250085588e-03
-9.3227863697e-04
-1.6316359381e-03
1.6651879165e-03
3.8571146607e-03
-2.3580686258e-03
2.4069354235e-03
-4.7221371200e-03
9.5050529805e-04
-1.1092405126e-03
1.0877232457e-02
2.8427657765e-04
-5.8453644271e-03
6.6291468049e-03
1.9161660911e-03
-1.9010173488e-03
8.3771931973e-03
-1.1584100535e-03
4.1501992251e-03
-3.3109836449e-04
-3.2625287116e-03
1.6633025954e-03
-3.0839517339e-03
-3.1595265460e-03
-2.7226381751e-04
-2.2296683186e-03
4.6501185817e-03
4.4774238072e-04
2.8296023549e-03
-1.8460076173e-03
2.3385948486e-03
-1.9733229165e-03
-1.6835268264e-03
-2.0103576229e-03
5.7036411496e-03
6.7955362443e-04
1.7396240788e-03
4.5544807806e-03
1.6768578497e-03
-4.3933109986e-04
1.4264465566e-03
1.1607866482e-03
-3.5615813539e-04
-2.0643301689e-03
2.8767172253e-04
3.7716753385e-03
3.3316632176e-03
-1.8677274909e-03
-1.3283458085e-03
-4.0790600654e-03
5.0343661867e-04
-3.1432963607e-04
-3.5772881362e-03
-4.9331453310e-03
7.4930697341e-04
2.3463628699e-04
-2.8366150157e-03
4.3191777486e-03
-2.8665607809e-03
-4.4077914643e-03
-8.5376752329e-03
-4.0716846134e-03
-9.8767785235e-04
-1.3858559222e-04
2.3542439768e-03
-2.1701336280e-03
-1.3441969762e-03
7.0347775010e-03
2.1920711228e-03
3.0200075689e-03
-3.8937637334e-03
-2.4852576287e-03
2.0472382944e-03
3.5792809827e-03
-3.1593690405e-03
-3.3745248285e-03
-1.8999366401e-03
9.8810002665e-03
-2.3667992805e-04
2.9750375385e-03
-3.4129095285e-03
-2.3667387692e-03
5.0106737388e-03
-3.2179521360e-03
-2.0446241407e-03
1.3077553690e-03
-3.1092480973e-03
-9.4239946072e-04
2.1606314379e-03
-3.7289830588e-03
-3.3105183890e-05
4.0846310794e-03
2.5511572581e-03
-3.3918731046e-04
4.1037493468e-03
-4.7640677118e-03
8.8466784271e-03
3.5901623246e-03
-3.8896263951e-03
3.6572070360e-03
-5.1350876056e-04
-1.5594238159e-03
-2.8414097211e-03
-3.4977467532e-04
-6.6844116416e-04
9.1835981316e-03
-5.2092582738e-03
3.4095881181e-03
9.2322413909e-03
-5.6495993175e-03
-1.7229671558e-03
-4.7117996426e-03
-6.3862935210e-04
2.7307501148e-03
-5.3128497676e-03
1.6085792101e-03
-3.4598537894e-03
-2.5166365613e-03
-4.5960593398e-03
3.0401535987e-03
-2.2056265803e-03
-3.5454699992e-03
-1.6990194380e-04
8.5657511895e-04
1.8716573229e-03
4.7056867092e-04
-4.5012048075e-03
-7.3509679720e-04
-1.2500228074e-03
-6.8842662927e-04
1.2078366147e-02
1.4308701818e-03
-6.0396430783e-03
-9.7675515309e-04
2.4105606505e-03
8.9996728303e-03
1.3281067175e-03
1.7283044244e-03
-5.2560931681e-03
7.1518485570e-03
-3.1746010015e-03
2.0961630804e-03
3.6542770611e-03
1.4063853867e-03
5.2776543614e-03
-3.5911869425e-03
7.4180416675e-04
2.8299704349e-03
-5.9746520444e-04
-2.4669183664e-03
-4.1197236404e-03
3.1855048220e-03
5.9460199084e-03
3.6883768014e-03
2.2764712524e-04
1.3838955524e-03
-4.6986522865e-03
3.7990238944e-03
-2.6160254357e-03
-1.9738552986e-04
-2.8134274392e-03
-1.9105961811e-03
-8.4044397165e-05
-3.1297635711e-03
-8.4326190951e-04
-2.2907017687e-03
-3.9325397892e-03
1.3539683119e-03
3.5092752588e-04
6.9074414582e-04
9.5827337710e-04
2.0286882055e-03
1.5894969387e-03
5.8338197024e-03
-2.1282300092e-03
-3.1644213930e-03
1.6672443240e-03
-1.1924558264e-03
7.7655164684e-05
-2.9909815754e-03
6.1438624606e-03
-5.8826577693e-03
4.5530242348e-04
2.0211595225e-04
1.2209733686e-03
-4.4017960354e-03
-4.6235950702e-03
-2.1006284316e-03
5.4716277577e-03
9.3151152339e-04
2.0732293704e-04
-2.1542108321e-03
5.8701462638e-03
-2.4508913434e-03
-3.5523806391e-04
-3.9067574983e-03
2.4786936359e-03
-6.4208866431e-03
2.8268381530e-03
5.9934765538e-04
-3.4543981972e-03
4.9003294837e-03
-3.4616676894e-03
-1.9572166921e-03
-1.1386324969e-03
-8.1535204945e-05
3.0231924744e-03
2.7076273150e-04
-4.7734428627e-03
4.5758099783e-03
3.8044016451e-03
-2.2992996077e-03
3.5709096478e-03
7.3006865665e-03
-2.6583650414e-04
5.9948471955e-04
8.7613873258e-03
-1.3043509149e-03
3.2731696666e-03
-1.7333498555e-03
3.6624362600e-03
2.7938350308e-04
-1.6878718445e-03
4.8596153552e-03
-1.3204424167e-03
-1.5371580354e-03
1.2901101064e-03
1.8043239325e-03
5.2267555226e-03
1.5289015931e-03
2.3714578225e-03
-8.9173075341e-04
7.8678700190e-04
4.4916451389e-03
2.4489521253e-03
5.6318916237e-03
-9.1719060162e-04
5.0513747384e-03
-5.4869349336e-04
1.4943133139e-03
5.0944442287e-03
-3.8761405891e-03
2.2867423104e-03
2.6838941447e-04
2.7995554707e-03
-1.4265817268e-03
-3.7616984067e-03
6.0328055452e-03
-1.5233707094e-03
6.5223660877e-03
-3.9321699242e-04
-4.4319850948e-04
-5.1465682367e-03
-5.4762045393e-03
3.6997803468e-04
6.4691519316e-04
-4.9051371803e-03
-7.0789654428e-04
1.2936001568e-03
7.2314861137e-03
5.5037671732e-04
-3.3023728964e-03
5.1377201769e-03
8.6887853038e-04
-1.7578378642e-03
3.6806624569e-03
1.8363418229e-03
3.2740684145e-03
4.4462154927e-03
3.7908221907e-03
1.4244468495e-03
1.9604094924e-03
-1.1765970188e-03
-4.3194101884e-03
2.2074983727e-03
-2.3685694274e-03
-4.2124578221e-03
-1.3395142962e-03
3.5094050794e-04
3.1010933383e-03
-1.1823166504e-03
8.2540173011e-03
2.6194364618e-03
2.0074127263e-03
1.7998947975e-03
4.7303933995e-03
-2.5962446909e-03
1.3032215595e-03
1.4615725039e-03
-4.2349028702e-03
-1.0236790588e-03
4.4179035592e-03
-1.0952923445e-03
1.3406490919e-03
2.8301416831e-03
-3.7315066665e-04
7.3454600949e-03
7.0543223499e-04
3.0495105281e-03
-2.1262050567e-04
-1.9477012794e-03
3.4267028034e-04
-1.0344197921e-03
-9.1774603939e-04
-2.0790710580e-03
-1.7862040197e-03
-6.4008550886e-04
-2.1256229653e-03
1.4914914186e-03
1.1337049744e-03
5.4509776171e-03
-1.8406899943e-03
-6.8120773904e-03
7.1734798908e-03
1.6351719797e-03
1.6458760704e-04
-6.3628624943e-03
2.2746689332e-03
-7.1566246896e-03
1.8341821683e-03
-2.8495896970e-04
2.4313807177e-03
-4.3346991366e-04
1.9405573766e-03
3.4241009829e-04
3.1862950900e-03
2.6227816241e-03
9.3833278815e-04
-1.9304701728e-04
2.1319769417e-03
-4.5835619484e-03
3.5306425494e-03
-4.3731214245e-03
6.0679474672e-04
-4.0621112805e-03
-1.4834050733e-03
5.7366365269e-03
-8.4784820684e-04
-3.8420076615e-03
-2.8757923427e-03
1.3002742665e-03
-1.2335200218e-03
-5.5393664351e-04
-5.9496422504e-03
4.1167793244e-03
2.2794600688e-03
-1.4955040689e-03
-5.8164279752e-03
1.4942428396e-03
3.7117857426e-03
7.9046230914e-03
2.9552086200e-03
-1.6475737588e-03
1.6609310673e-03
-1.7127913344e-03
-1.7375372133e-03
-3.3001192556e-03
4.8413864783e-04
-3.9048438532e-03
5.4510410296e-03
-1.6653657462e-04
3.3407687951e-03
-4.7550172847e-03
-5.2371883500e-03
9.2356309815e-04
5.3361690988e-04
2.8209972571e-03
-5.8318487684e-04
-2.1239086642e-03
1.8612143020e-03
1.8947823432e-04
1.3109760836e-03
-4.1107109230e-03
-1.5957577180e-03
4.2018944548e-04
-5.0661140082e-04
8.0919183483e-04
9.7447228403e-03
2.3063716602e-03
3.4217264798e-03
7.1012765058e-03
-5.5187565982e-04
-3.9362082683e-04
2.7802527243e-03
-2.2264240033e-03
1.9277008121e-03
3.5486312614e-03
-4.1540519827e-03
5.1727890399e-03
-4.7555226526e-03
3.0921805781e-04
4.3784900750e-03
2.9242758111e-03
1.2862578490e-03
-3.0031992565e-03
8.8660440119e-04
7.0981830931e-05
-2.2261765147e-04
-3.6801500700e-03
-3.5669085370e-03
-4.7720756178e-04
6.0698248270e-03
-4.1055666494e-03
-1.7128423551e-03
-6.8547081560e-03
-3.8656381467e-03
2.3522256494e-03
-6.5892783459e-04
-4.1540737699e-03
-1.3527323566e-03
5.1012606123e-04
-3.3071736507e-03
1.4611599415e-03
1.7830782961e-03
3.2973754166e-03
-1.5762405010e-03
-2.1266868774e-03
-5.2635441988e-03
-5.9841264722e-04
-3.5855727108e-03
-3.5052239702e-03
-1.6914925406e-03
-1.6719626267e-03
-1.4678127403e-03
1.2179803743e-03
2.8611360075e-03
-2.8284995050e-03
-2.4863115306e-03
-3.6994235245e-03
2.7893694778e-03
1.0883164013e-02
-8.5370253127e-04
-2.2278954443e-03
-3.4415031904e-03
1.9434033226e-03
2.7691111419e-03
-4.9664853015e-03
-8.7320325518e-04
-3.6871509596e-03
1.5430880333e-03
3.1254006345e-03
5.7983927116e-03
-1.9092192147e-03
4.2248763750e-04
-3.4027390184e-03
-5.1426917130e-03
5.7777111731e-03
-3.1682571120e-03
2.5367131588e-03
-6.8036596401e-04
-4.0019356554e-03
-2.3366322551e-03
-2.8944480758e-03
-1.9182694033e-03
-6.9601908553e-03
-3.2073064376e-03
-1.6010776906e-03
-4.3035216744e-03
9.1823536985e-04
-4.2012810431e-03
4.7454292239e-03
-3.7330672146e-03
1.1509976857e-03
3.4202162760e-03
-7.0408963549e-04
6.8543145873e-03
4.7943977546e-03
3.5299981592e-03
-2.0015038153e-03
-3.3713705949e-03
1.2619874072e-04
-6.6650360965e-03
7.5749737168e-03
2.9882204623e-04
-1.2709532576e-03
-1.5720586582e-04
3.7564797661e-03
4.5572315268e-03
4.1155030523e-03
5.4584896989e-03
1.6858920007e-03
5.6821680836e-03
-2.2911001657e-03
1.0024132245e-02
-4.2871843843e-03
2.3325445901e-03
1.6704025954e-03
-3.0647772398e-03
1.3468465988e-03
1.4751778401e-03
-4.2053577938e-05
-3.2881382701e-03
3.0609554413e-03
-3.0807636497e-03
-4.3498376929e-03
-2.6750304159e-03
2.0677247103e-03
4.4056545351e-03
-1.0535731056e-03
6.9493894285e-04
-3.5067671403e-04
-1.3952807803e-03
9.5749602857e-04
2.4889015550e-03
-1.9585683478e-03
3.5737069654e-05
-1.2024904198e-03
5.0160163086e-03
4.9838552556e-03
-4.0878158027e-04
1.3254275538e-03
-3.6058533472e-03
3.6442135146e-03
5.7788599347e-03
5.0705450047e-03
-5.6082257189e-04
-1.3850886387e-03
-4.0651348350e-03
-5.4259112526e-03
2.1462614189e-03
-3.9450442298e-03
3.7923414762e-03
1.8473960233e-03
3.8802797642e-03
2.8933161899e-03
-4.8878124479e-03
-1.7249462807e-03
3.6262032996e-03
-2.1367661217e-03
-2.3890300892e-03
-1.1831994234e-03
-1.6120559278e-03
1.7209789324e-03
-2.4693446967e-03
-1.7557671895e-03
6.9509351295e-04
-3.1488119264e-03
-2.8476499192e-04
-4.6848414168e-03
-2.0256768011e-03
-2.2958263255e-03
7.2355901372e-03
-3.7541115698e-03
-1.6158440086e-03
2.5206874373e-04
-2.7134252995e-03
2.1024403668e-03
4.2203430405e-04
-2.6091861863e-03
1.2161252090e-02
1.0931007146e-03
3.8992714224e-04
7.3434271059e-03
-4.1049346849e-03
-3.0554816796e-03
8.8054536984e-03
-3.8471728494e-03
-4.4135611190e-03
-1.8735500634e-03
-3.3049843505e-03
7.3604101353e-03
1.7116808679e-03
6.9292706578e-04
1.3583125859e-03
7.8267560073e-03
-4.4902303590e-03
-5.5867509785e-03
-4.9554364070e-03
-2.2720296630e-03
1.2717237725e-03
-3.4914456696e-04
3.8854905209e-04
-5.1250145070e-03
-5.2177142271e-03
-1.8044391433e-05
1.9996642433e-03
3.5537923838e-04
5.4671653821e-04
-5.5182907530e-04
1.2743170888e-03
6.0764730654e-03
-1.0493366058e-03
-2.1136226633e-03
-2.0198383385e-03
-4.1544010033e-03
8.9227456314e-04
3.6600316625e-03
4.0441682372e-03
-1.2959028754e-03
-5.9636479478e-05
1.1392337255e-03
3.5927548697e-03
-4.4340538768e-03
2.0028863398e-03
7.2765250924e-03
-4.2079767319e-03
8.8218397259e-04
1.3269847186e-03
-3.4538699322e-03
-3.5840957041e-03
-5.6495329421e-04
3.8071659300e-03
-8.4226828605e-04
4.5661930212e-03
1.5837123896e-03
5.6681844160e-03
-1.7586203394e-05
-4.3908821748e-03
2.8659893630e-03
1.9950093172e-03
-3.5114709577e-03
-1.2084618561e-03
-2.0339343368e-03
-9.5000868155e-04
3.0296791771e-03
1.7884769541e-03
1.4792315853e-03
-6.0508141894e-03
3.9844350042e-04
-4.3421732370e-04
-3.4423110564e-03
3.0811624590e-03
-4.5086158540e-03
6.0888689474e-03
1.3398835199e-03
-3.4817881832e-03
-1.0706031375e-04
4.4454190139e-03
-3.2119259016e-04
7.0755467793e-04
1.7411341297e-03
-3.0059733183e-04
-2.1439687114e-04
-1.2456071893e-04
-1.1055390362e-03
9.4720662721e-03
-2.7967295388e-03
2.6759028043e-03
-4.1402863975e-03
8.1517503924e-03
1.4431761677e-03
-5.2047894503e-03
7.3769402179e-03
2.1487431276e-03
2.9888519782e-04
4.0255915654e-03
3.2517171865e-04
-4.3268394649e-03
1.0198244507e-03
7.1565001487e-04
-6.2112923608e-04
8.9891064673e-04
2.8860475481e-03
-5.5597398549e-04
-4.5384620802e-03
4.5641324283e-03
9.2505795121e-04
-1.5540981434e-03
-7.9880627123e-04
-1.7923826316e-03
1.0341076265e-02
2.3661786678e-03
8.7089908526e-04
-1.9732467204e-03
2.4465632201e-03
3.1072754862e-03
3.3321996668e-03
-3.1391326554e-03
2.8576696299e-03
-1.3709849563e-03
4.8889554200e-04
2.1690998638e-03
-3.6686627996e-04
-1.8289186234e-03
-5.0170089443e-04
-6.6296235456e-04
3.3411040620e-03
-1.4101685480e-03
4.2983058677e-03
3.3712119955e-03
1.0060626501e-02
3.5545751561e-03
-2.4895608788e-03
-2.5414305158e-03
7.2435091801e-04
-2.9105483212e-03
7.7259766038e-04
8.1293937238e-04
3.1127438671e-04
3.0448721580e-03
1.2084530682e-03
4.4462903005e-03
-1.4552343131e-03
1.1763223565e-03
-3.5883783757e-03
-5.3933294606e-03
-4.9949146807e-03
-1.2317641283e-03
-1.2910981578e-03
-1.5294129865e-03
2.1369884215e-04
2.9009411176e-03
6.8674950245e-03
-4.4344056854e-04
-1.0988040537e-03
-2.4414909719e-03
-1.7582243628e-03
-1.7161132771e-03
-1.0242594510e-04
-3.4105452721e-03
6.1278636794e-03
-7.7818901220e-06
-1.5131134745e-03
2.2862683448e-04
5.1085470940e-03
3.1718234094e-03
2.2882248248e-03
2.9533037032e-03
2.4598054864e-03
2.4034473821e-04
-5.6579742943e-03
-1.7203093469e-04
6.2939045564e-04
2.7504389994e-03
-1.0071590685e-03
3.7458822192e-03
4.7714729677e-03
-6.4501737457e-04
2.0834267644e-03
5.3374466966e-03
3.6893642564e-03
-4.5296361241e-03
2.7032028066e-04
-4.8222666378e-03
-9.9338732448e-04
-9.4803013929e-04
-8.1698071861e-05
4.7400062632e-03
-8.0659692845e-04
1.4123234011e-03
-5.3815321775e-05
9.2239638011e-04
6.4438578411e-03
-5.4727019800e-04
-1.7903884625e-04
-3.4823758503e-03
1.9539288906e-03
4.2532922655e-03
-5.7297554327e-04
-1.8385770654e-03
3.1965327785e-03
-3.2417017302e-04
-2.8169206659e-03
3.7628890115e-04
-3.5614434436e-04
-8.0574758370e-04
2.9682780121e-03
3.3719858348e-03
-1.1463034959e-03
-2.1983361963e-03
1.5334753264e-03
3.1177003933e-03
3.2264030992e-04
1.0110737439e-03
2.1905136458e-03
4.2615675497e-03
3.6154053099e-03
5.3867373065e-04
3.8407561286e-03
4.0251745675e-03
3.7487070672e-03
-5.8835277472e-03
-1.0488009712e-04
-2.1440171255e-03
3.0425963242e-03
1.3300206816e-03
2.8547482248e-03
-1.4410022949e-04
3.0929384531e-03
5.1894374527e-04
6.8961975462e-04
-9.1951271050e-05
-4.0205685429e-03
-2.6511192556e-03
-5.4054178325e-03
-4.4427036801e-03
-6.3690270415e-03
2.7341239176e-03
-8.0350277991e-04
-2.0071281080e-03
-1.0082540548e-03
7.0702865777e-03
5.7568847566e-03
-3.0519010455e-03
-3.2366478727e-03
-1.0299172817e-03
-2.7964140334e-04
4.2736171240e-03
-3.4300835506e-03
-1.5265316094e-03
-1.9306382098e-03
9.7038418938e-04
6.0351807886e-04
4.3513123528e-03
2.3775045319e-03
6.2113029728e-04
-8.2189857677e-04
-3.2365655507e-03
-2.7071624179e-03
1.2812339177e-03
2.2696708208e-03
4.9508530443e-03
-8.9199535876e-04
-1.0162179415e-03
3.4514860555e-03
3.9640514731e-03
-8.2782471526e-04
3.2154511804e-03
2.4850130536e-03
-1.2807907431e-03
5.8756144769e-03
-4.8236508758e-04
4.3991427605e-03
1.7901775281e-03
4.7655440865e-03
3.6878400298e-03
-2.1601272393e-03
6.7471236476e-03
-2.4342561419e-03
-1.7470032364e-03
-2.1377759976e-04
2.8401209612e-03
-1.8484937894e-03
-1.9981668542e-03
-2.5595339515e-03
-2.8686812530e-03
4.6613340312e-03
-6.9147200116e-03
-2.1942926030e-03
-2.1163810905e-03
8.9433842316e-04
-4.1272288882e-03
-1.1418273387e-03
1.7947056315e-04
1.7008069067e-03
7.5929390906e-04
-1.5236402410e-03
-2.5337423701e-04
-3.4658028995e-04
-3.0827504249e-03
5.1103586126e-04
-2.3116694009e-04
5.9100000525e-03
-3.0250199013e-03
-1.6256052267e-03
2.1255104428e-03
4.6888039966e-03
-6.5249005688e-05
-3.4467701452e-03
1.1493210398e-03
6.7248604105e-03
-3.0925585962e-04
8.1483267790e-04
-2.5070126973e-03
-1.4167919229e-03
9.2769750234e-04
-3.0801993055e-03
-4.2883060976e-03
5.8891741564e-04
-5.5933254246e-03
1.2570907446e-03
2.9382033375e-03
1.0495382943e-03
2.5883576597e-03
1.2981257424e-03
3.4551030973e-03
-4.8417090502e-05
5.2054988639e-03
-1.7028586967e-03
-3.4507251328e-03
3.7895830158e-04
7.5512122152e-03
-1.0684978301e-03
-1.6907773532e-03
-1.5068857610e-03
-6.3560842161e-03
2.4787341420e-03
-5.1499779569e-04
2.1054873381e-05
-8.5685576781e-05
4.7559068843e-03
-4.0668699112e-03
-2.1614323005e-03
6.2181583715e-03
-2.2079762639e-03
3.9351433637e-03
-1.3223939046e-03
6.1224539353e-03
4.1214023690e-04
-9.9555624937e-04
1.0314635629e-03
1.7882546199e-04
-1.1366185940e-03
-1.3480022978e-03
7.8984677431e-03
1.9964166178e-03
1.4051994453e-04
-3.1021589005e-03
1.1182690450e-02
3.3749748481e-03
-3.2611386171e-03
-2.1897739436e-03
1.9459326334e-03
-9.1023735913e-04
3.5700298611e-03
5.3197037139e-04
4.8514963617e-03
-1.0685139074e-03
-5.7509406919e-04
-9.6134586198e-04
-3.3370183552e-03
-7.1545306799e-04
-3.9662901607e-03
-4.8052076967e-03
-1.7383585624e-03
3.0550705982e-03
2.6737317163e-03
-4.7553117895e-04
-2.9736089954e-03
-3.9511048571e-03
4.9740098737e-03
2.7638261401e-03
-4.1540078137e-04
-3.3965850199e-05
-5.1479294506e-03
-8.5557945622e-04
-4.1104551766e-03
-3.1698359843e-03
9.5415511406e-04
5.1054720869e-03
4.7576211442e-03
4.3317362267e-03
1.3441486424e-03
3.4230022961e-03
1.2163569431e-03
1.7206941768e-03
-1.1264256866e-03
-1.1100978673e-03
-6.7830421355e-04
-4.2074473793e-03
-2.7064577730e-03
-3.3609860942e-03
-5.3867446840e-05
-1.5580973338e-03
-4.0477486387e-03
-1.0133014667e-03
3.9643810328e-03
-2.5975754004e-03
1.1726447397e-03
2.3534005609e-03
-9.9132312701e-04
-5.2753123115e-03
-2.3359455117e-03
-3.2183747477e-03
-9.5906190866e-04
-1.5676629368e-03
4.3988695669e-03
-5.1905469402e-04
6.0647421925e-03
2.5061465553e-03
9.3927472304e-03
1.4760369828e-03
8.3586553764e-03
-2.4971310397e-03
4.1672198694e-03
-5.6610317424e-03
5.5840585947e-03
2.7076657766e-03
6.5242296903e-03
-2.8208175699e-03
-3.1295440483e-03
1.1067091213e-03
-7.4139713427e-05
8.7943645924e-04
-1.4282506124e-03
6.3785790402e-03
-4.2392228701e-03
3.0105757611e-03
3.8799304215e-03
5.8406251915e-04
6.6581420207e-03
3.9398368912e-03
1.1165456779e-02
2.6268487012e-04
1.8022295402e-03
-2.7557480912e-03
-3.0641586408e-03
2.4428484758e-03
-8.4474968716e-03
2.0201154280e-03
-9.9577262182e-04
7.1653113316e-04
1.9196725561e-03
3.9889932385e-03
-1.4714805226e-03
2.4109965897e-03
5.3452217820e-03
-5.2177830223e-03
3.1262738073e-03
1.9066534210e-03
-2.1372853240e-05
-4.5615739593e-04
4.4590393857e-04
-2.5359038675e-03
-1.0467980638e-03
-1.0793309561e-03
2.5130697498e-03
-9.6328741150e-04
4.8944740940e-03
-1.4282570287e-04
6.7030348320e-04
1.3152388263e-03
3.0969154720e-03
-6.0380372939e-03
-5.2082223804e-03
2.4747708552e-04
-2.2420373640e-03
-1.4871700706e-03
5.1802698948e-03
-1.7773863759e-03
1.8618310670e-03
-1.5520269736e-03
-3.1703817602e-03
-4.8201918449e-03
3.7492489204e-03
3.6445671264e-03
-4.8171533437e-03
-1.1520262524e-04
2.4146017357e-03
2.5780981946e-03
-9.1482698601e-04
1.3561633021e-03
-1.4821987572e-03
-2.6703448418e-03
1.3242577545e-03
4.1273515950e-03
-3.1319698765e-03
5.1498551135e-03
-1.0371010073e-03
-5.9682915160e-04
1.0920070314e-02
-1.1419700366e-03
-2.6660044029e-03
3.3671527205e-04
-1.1476795478e-03
-2.5437225755e-03
-2.9928767523e-03
-2.1998654601e-03
2.9743446854e-03
-4.1865369539e-03
-3.5689541723e-03
-9.3798902137e-04
-3.2423350932e-05
-1.8710733597e-03
1.6006933625e-03
-2.2935481140e-03
-4.4548708102e-03
-1.8271049283e-03
4.6802603410e-03
-5.0743105296e-03
5.5700371357e-03
-1.4323507155e-04
6.1198089680e-04
-5.0474677502e-03
9.4675214191e-04
7.6419817735e-04
5.1510073015e-04
-4.1525933002e-03
4.8706347343e-03
-2.6141676319e-03
-3.7526871187e-03
-5.8007066606e-03
-2.0380656657e-03
-3.6919306384e-03
-5.6495869962e-03
-1.9542407417e-04
3.1475726905e-03
-1.1632860622e-03
-4.9646119232e-03
-2.8015073118e-03
-2.9879246188e-03
-4.5495088290e-03
6.9515301208e-04
2.6616912535e-03
-1.8998522948e-03
-5.4574140445e-03
-7.1569099246e-03
1.7877225621e-03
3.2448199997e-04
3.6162181818e-03
-4.1057950278e-03
-1.6618055866e-03
4.2404011286e-03
-3.3914967830e-03
-1.0729950876e-03
2.9326606967e-03
-2.6542152240e-03
2.0359609991e-03
1.4223418275e-03
4.4629263484e-03
-5.4716570036e-03
2.1074641139e-03
-4.4153975725e-04
-1.2707189854e-03
4.1231825197e-04
-5.3459088340e-03
-2.6477087519e-04
-5.5069235936e-04
-6.4221715209e-03
-9.7248728389e-05
-2.0105778570e-03
-1.9577800077e-03
-1.9862045735e-03
-3.2913906802e-03
-1.2535307045e-03
-9.9781910778e-04
-3.2148367717e-03
6.0169676702e-03
-2.2690988706e-03
3.0343084321e-03
-3.0271612623e-03
-2.9929451974e-03
-1.9463098778e-03
1.3631174452e-03
3.6167010149e-03
2.3649509427e-03
-1.0841654532e-03
-5.2490333469e-03
3.2911793673e-04
-3.3497627327e-03
-1.1529265248e-03
1.2403017708e-03
-5.5002223402e-03
-1.7756529336e-03
1.5688750748e-03
-2.3239126827e-04
-4.6387934880e-04
3.1760083563e-03
3.9236079918e-03
-2.0873068611e-03
9.5925399335e-04
-5.4663355708e-03
6.6606016278e-03
-5.0313313780e-04
1.2024007426e-03
-1.4956398514e-03
1.0818197195e-02
2.0683422156e-04
-3.2058436368e-04
-2.3230200375e-03
-8.5547242023e-04
-6.5326955746e-03
-2.7623983762e-03
-4.8419787189e-03
-1.8651940116e-03
-5.3915279776e-03
-3.4662672480e-04
3.2682066245e-03
1.9645139704e-03
-4.2126170146e-03
5.4897918042e-03
-3.6288179095e-03
1.7582275555e-04
4.2622535798e-03
-2.4109323440e-04
9.4392077343e-05
-1.9419304408e-03
1.6774837068e-03
-1.1652951043e-03
-6.2450690306e-06
-7.0036440786e-03
-5.3790863373e-04
5.1848710846e-03
3.5903679554e-03
2.5648845537e-03
4.4637082173e-03
-3.7243870495e-03
-1.6499134409e-03
3.2702501655e-03
-1.8221386597e-03
-2.1720211810e-03
2.9014464510e-03
-5.5893346733e-03
2.3241058389e-03
6.9114213031e-03
-5.1296503957e-03
-4.6607301873e-03
-3.9065537677e-04
3.6539271299e-03
-4.6115170097e-04
1.6825633237e-03
5.1449448691e-04
-8.9823022102e-04
3.3725903775e-04
1.0727874891e-03
-3.4305439718e-04
1.2847496115e-03
1.4330703632e-03
2.9432223644e-03
1.7236573323e-04
-4.3016457635e-03
4.4771428349e-03
2.3059672701e-03
-2.5864488385e-03
-1.8707508298e-03
-1.0176292492e-03
-5.0911403908e-04
-5.1485839756e-04
-1.2546676423e-03
-3.1796640701e-03
-1.8280862534e-03
6.4247760852e-03
-1.5200314451e-03
6.9744654686e-03
-5.2574663221e-03
1.9521267710e-03
-1.4336361228e-03
-3.3765058488e-03
7.9816464687e-04
-1.9170640087e-03
-1.3299305530e-04
5.0338453931e-03
4.3121119338e-03
-2.6572440430e-03
-4.9573808328e-03
-2.6326409295e-04
-6.0490357053e-03
6.2489017944e-03
1.4440632331e-05
-4.1258781159e-03
-5.3429890022e-03
-6.4038839686e-04
4.1880849181e-03
1.1290947962e-02
-3.0688156809e-03
6.2820649126e-04
7.1161099015e-04
-3.0598787325e-04
-2.4533130916e-03
4.4960847136e-04
6.3127599142e-03
1.3815028410e-04
-4.9783292914e-03
-2.5397386651e-03
1.8056600589e-03
-5.1986326543e-03
1.8272512132e-02
6.2266683021e-04
2.4637777372e-03
1.9311101032e-03
-2.7202180223e-03
2.6975506323e-03
1.1884502847e-03
-2.3463278763e-03
-1.9514861330e-03
-7.0971073369e-04
-1.8346839326e-03
2.1045807203e-03
-1.6111611683e-03
-1.0676713793e-03
1.5310701690e-03
4.0088987012e-03
4.0260273050e-03
1.5028366489e-03
-3.7221481000e-03
3.8393378894e-03
-6.0362143714e-03
1.6410159926e-03
1.9254550531e-03
-8.5187252807e-04
3.7983021883e-03
-2.0408402031e-03
-1.5387000667e-03
3.2563812002e-03
3.5892842957e-04
3.1002716877e-03
-2.2512484042e-03
-3.8145266346e-03
2.9954368427e-03
-8.4456048643e-04
-1.5734494223e-03
5.2688408201e-03
1.8693274933e-03
3.4612898899e-03
1.0700172256e-03
4.2149823651e-03
3.3163753083e-03
2.0076824102e-03
-1.2420303249e-03
-4.4568226992e-03
-5.8671472865e-03
-2.5760679148e-03
4.3818886552e-04
5.6956347173e-04
-5.6028867534e-04
-2.4022230139e-03
1.0878910464e-03
1.8628861130e-03
7.5237179807e-03
2.8121978389e-03
1.0061719176e-04
3.3170030249e-03
-2.6767557549e-03
1.1790199473e-02
1.5017063022e-03
-2.8868151667e-03
-2.2876168865e-04
-4.7295317959e-03
3.6715283313e-04
6.1969914460e-03
-3.5073097261e-03
-2.5911141100e-03
2.2215771206e-03
1.9355181552e-03
-3.2334605346e-03
2.4602346535e-03
-2.7234697360e-03
-3.2100423119e-03
1.1464394187e-02
-3.2770282479e-03
1.6099009262e-03
-5.3626086164e-04
-1.3228458503e-04
2.2960434765e-03
-3.0470860381e-03
7.2164350942e-04
1.2580676566e-03
-2.4058094357e-03
4.7041045625e-03
2.5528640925e-03
1.7193854513e-03
-1.9154409032e-03
-1.9059584199e-03
-1.4215580252e-03
-5.1553577561e-03
-3.5822559035e-03
3.5265135482e-04
4.4041881238e-04
1.7354445628e-03
-3.4502609974e-03
-5.6804424999e-04
-3.2594972688e-05
-2.7036258847e-04
1.4155154278e-03
-2.1020416510e-03
4.0795291309e-03
3.3785807416e-03
-3.6066606740e-04
-2.3455348574e-04
9.0660881429e-04
6.0217026211e-03
-3.8124934858e-03
-1.9284870609e-03
-2.3590285695e-03
4.8314668698e-03
-1.6295110087e-05
-5.1664880753e-03
-2.2329475182e-03
2.6430445146e-03
5.0099280990e-03
1.1274783377e-03
-1.6439937580e-03
5.8628818056e-03
6.5020382162e-03
-1.4510783320e-03
-3.3600609362e-04
6.8347046754e-03
-3.8886619247e-03
1.9685634072e-03
9.0877804867e-04
8.1680852404e-04
-3.6046769796e-03
6.0900789619e-04
3.8374393004e-03
-3.8695110881e-03
6.7562219720e-05
1.1963984772e-03
-1.4449630047e-03
-2.2711961457e-03
-1.6728651311e-03
-1.9970527195e-03
-3.3256041203e-04
1.1426323608e-03
7.0427673927e-04
-3.3234664329e-03
-9.2079111651e-04
-6.2439119721e-04
5.0120929685e-03
1.6126081690e-03
1.1281279718e-02
-4.3062447870e-05
-6.5558035071e-04
-4.7746224474e-03
-1.6791097276e-03
3.1535874830e-03
3.2938266708e-03
2.9167996539e-03
4.9320349462e-04
7.8575347521e-03
1.8671683352e-04
-2.0757309762e-04
-3.7490819504e-03
6.0945677434e-04
-3.4518883208e-03
1.1445143716e-04
9.7457330266e-05
-4.5552167037e-04
2.6404796693e-04
1.0716502486e-02
5.1816594178e-03
-4.2986529337e-03
2.1600418956e-03
-2.8656148077e-04
2.5622808895e-03
-5.8514997085e-03
2.5565509807e-03
-1.8981193422e-03
1.0492348074e-03
3.0149504735e-03
1.6689495648e-03
-1.2030043397e-03
2.4665362058e-03
2.1676105956e-04
-3.1607239329e-03
5.5491659486e-03
1.1470250112e-03
8.0169394571e-04
-2.4631917260e-03
-1.9107211239e-04
-1.9880158049e-03
5.2736088759e-03
3.0225534982e-03
-1.7385234420e-03
-1.5260955181e-03
-3.5445767474e-03
-7.9589126518e-04
5.6375106332e-03
1.1520725473e-03
7.8976094017e-04
-9.8560622146e-04
-1.9043282743e-03
4.7527038336e-04
-7.2227376302e-03
3.9680555963e-03
-2.1127718396e-03
-5.3443496536e-03
-2.1718998957e-03
-1.3870610175e-03
-6.3718558593e-03
1.6227437881e-04
-1.2839669374e-03
-4.4803631890e-03
-2.3956647929e-03
9.3128825838e-03
-2.0658728992e-03
-3.3032196365e-03
5.4582008138e-04
-1.1084376762e-03
1.9326743612e-03
-4.8284601505e-03
-5.6597160246e-03
1.1929498915e-03
-1.6766021217e-03
-4.5247875392e-03
4.6365673006e-03
-5.6209173195e-05
1.1895717782e-03
-9.5806130111e-04
-2.3788835582e-03
-2.4323472649e-03
-1.8609907740e-03
6.8542436895e-03
2.2665106728e-04
-2.5688284550e-03
-1.0280091984e-03
1.2174193984e-03
-1.4699820849e-03
1.0859658000e-03
6.4549621938e-03
1.8927176304e-03
4.8425537355e-03
6.6117261748e-04
-5.5276499481e-03
3.4636869291e-03
-4.1779000274e-03
2.6281112066e-03
-1.9361710467e-03
9.8780326199e-04
2.1876936262e-03
7.3530010972e-04
4.8101594766e-07
5.3631715597e-03
-3.3528347946e-03
-1.0016047076e-03
-1.7948543512e-03
1.0045673477e-03
-1.1743600368e-04
3.0286817136e-03
-4.0496885581e-04
6.9292853553e-03
-1.1725190303e-03
-5.4225895383e-03
2.1489705619e-03
-4.4059489272e-03
-3.1959594475e-03
6.6027083024e-04
-5.8508954592e-04
-6.6394413740e-03
2.3431692442e-03
4.4387402908e-03
5.5628214969e-03
3.5971698364e-03
-1.0629724464e-04
-2.0670820513e-03
-1.1843164925e-03
-3.2719337412e-03
-1.1245985843e-03
-4.6689062387e-04
-2.3079940560e-03
-5.2158852908e-03
5.0194146509e-03
1.8217372599e-03
-2.8111907491e-03
-2.9350724837e-03
-6.8660535174e-04
5.6938823131e-03
-4.7115882480e-03
7.1907987513e-03
3.1080151775e-03
3.6076058304e-03
7.0093253039e-03
2.9686300254e-03
8.1888888088e-04
7.8401346736e-05
-3.7318757579e-03
8.2115552155e-03
-3.4465266937e-03
2.1267170249e-04
-1.2418204161e-03
-1.7237657368e-03
7.2190379848e-04
3.0760155246e-04
1.4464885523e-03
7.1120815184e-03
1.4952475668e-03
-4.1101611054e-03
1.2434387458e-03
-2.6859985748e-03
-6.7700044120e-04
-3.6140936058e-03
-1.0603298101e-03
6.0190550006e-03
-2.9323389205e-03
-1.1397860615e-03
-3.5056704361e-04
-3.3993465884e-03
1.4777348301e-04
-1.4017101677e-03
1.5222914861e-03
1.9688412763e-03
5.4700772698e-03
-2.4427677577e-03
7.2396432061e-04
-2.5423192412e-04
6.5157274779e-03
1.1334532701e-03
-2.6663680254e-03
5.3628042812e-03
5.9623980919e-03
-1.6750914743e-03
-1.7453604689e-03
-4.0689111404e-03
4.0402865327e-03
-1.7491901961e-03
-2.1960475030e-03
-3.0419643314e-03
-2.1957670501e-03
3.0489183998e-03
3.2758055313e-03
-2.0387240940e-03
-3.0971662886e-03
6.8276780368e-03
3.0171171180e-03
-4.3317105330e-03
4.0841235625e-03
1.0659380624e-03
-5.2550273101e-03
-2.5566210189e-03
-1.3720300951e-03
4.1121019974e-03
-3.0326238659e-03
5.7424121152e-03
2.8045890951e-03
5.2388420047e-05
-7.5596946197e-04
2.4532318255e-03
-2.4054398440e-03
-4.9628058776e-03
4.0123746547e-03
3.0869973819e-03
3.7962924908e-03
-2.1015133616e-03
-2.7337227315e-03
1.8363251616e-03
-4.6614011406e-03
5.9693853574e-03
1.1647534211e-03
3.1248914367e-04
-3.2812884735e-03
-4.7140903222e-03
2.1416494622e-03
7.1087439762e-04
-3.3208833123e-03
-3.9066232740e-03
4.7713194261e-03
1.4723945111e-03
3.8993108536e-03
-4.0043311066e-03
3.2628809061e-03
-3.6805444546e-03
-2.0058724128e-03
-2.3724710677e-03
2.9601329744e-03
-5.5597168515e-04
8.5938983981e-05
1.6099949359e-03
5.0170295765e-04
-2.1274285708e-03
7.2331975712e-04
3.5137861799e-03
1.9742622213e-03
3.0810179554e-03
7.2322104626e-04
1.0654423095e-02
6.5413370687e-03
3.3806180007e-03
3.2294654252e-03
3.3452855186e-03
2.3102611429e-03
-1.8163284835e-03
7.3726205904e-04
1.5378030660e-03
5.0438781328e-04
-1.5778533068e-04
3.0516291375e-03
-3.0733893460e-03
-8.9809052552e-04
4.5001865624e-04
-1.5970635516e-03
-2.5120408211e-03
5.6181196585e-03
-6.2942700873e-03
1.6183469401e-03
1.5426047146e-03
4.0777488508e-03
8.7054275198e-03
-1.0512635642e-03
1.3050360882e-03
-5.2486129945e-03
-8.0989733203e-03
2.5905473403e-03
-3.2521080739e-03
-4.6952332120e-03
2.2904459389e-03
2.1201765135e-03
-1.6561495480e-03
-1.4754233840e-03
-3.0625965211e-03
-9.9519883127e-04
-3.3396178798e-03
-3.8425041784e-03
-6.8442196617e-04
1.5293968159e-03
3.8644124927e-03
1.8320430534e-03
3.8766560027e-04
4.5912324896e-03
-1.3082479750e-03
3.3993455671e-03
1.0623607308e-03
-5.6022844412e-03
-3.0622856253e-03
-2.5606901457e-03
-4.4774784987e-03
-1.8330512031e-03
-4.9707147214e-03
2.0893904412e-03
-4.6513123478e-03
2.8249498928e-03
-1.5770510384e-03
4.5239622994e-03
-5.7213171772e-03
-2.7961237320e-03
-3.8056277927e-03
1.4632923742e-03
-4.0272696118e-03
1.9059742408e-04
6.9547414627e-03
2.2604929517e-03
-3.8866302803e-03
-2.7404144005e-03
2.7148187782e-03
2.9512130541e-03
2.1626156718e-04
-2.8910633823e-03
7.2855658594e-04
4.3793573277e-04
-2.8299419461e-03
-1.1621708891e-03
5.4853005141e-04
2.5853404504e-03
-7.8946901605e-04
-1.0016565725e-03
6.4979363204e-04
5.1660545303e-03
1.1976856310e-03
3.9734816816e-03
2.2807882051e-04
6.7585163377e-04
-5.9775695966e-03
-3.1891752666e-04
3.8301664340e-03
5.0666021513e-04
-1.1915325651e-03
-3.0697832244e-03
-1.7336213466e-03
-9.2879659006e-04
2.9745420397e-03
8.0882438410e-06
-2.9224027565e-03
-1.3915210080e-04
-1.8629799042e-03
-2.4008773435e-03
-1.9406504992e-03
-1.0263135382e-03
1.3947835565e-03
6.3851432378e-04
2.8574075446e-03
-3.5096313116e-03
3.7682859119e-03
-3.7226619774e-03
-2.6152731633e-03
-3.5683720863e-03
-2.6142373763e-03
2.4586347497e-03
-2.8636074659e-03
-3.8868216471e-03
-1.8527371098e-03
-2.2031296519e-03
4.5443589192e-04
-1.3762976584e-03
-3.5672379101e-04
-1.1223650660e-03
1.0446241175e-03
-2.3939039854e-03
3.6104809044e-03
8.2750558954e-04
1.7717388474e-03
-2.7912129143e-03
2.4690822412e-03
2.3553132319e-03
1.9127353571e-03
2.4429732054e-03
-2.9338147337e-03
1.8471950303e-03
1.2553446696e-03
6.6387394370e-04
1.5165515700e-03
-3.4080308660e-03
5.3143317368e-04
-6.8346220965e-04
1.5344913737e-03
-5.0144345613e-03
3.4875695769e-03
-1.6549537575e-03
-1.9698526063e-03
9.3925890897e-04
-9.8291945779e-04
1.5938546722e-03
-7.5551822836e-03
-2.2780863747e-03
1.0007364488e-03
-5.5619111303e-03
-1.3898951428e-03
-3.6977474871e-03
3.4703570485e-03
-5.2919700569e-03
2.7327858388e-04
3.9990285007e-03
-1.1480823924e-03
3.4186461722e-03
5.6392350819e-03
-1.5509155196e-03
-4.2288490413e-03
1.3810775372e-04
6.6813618151e-04
-8.5959027839e-05
2.2089947614e-03
5.2888491580e-03
-2.9088070864e-03
-3.3993064600e-03
-2.8082204550e-03
6.1875945005e-03
2.3407096776e-03
6.2224266833e-03
4.8602965121e-03
9.3011157454e-04
-1.4196160697e-03
3.0383414269e-03
1.4603351147e-03
-2.9745268507e-03
-4.3751217779e-04
-2.3371769353e-03
7.2018248476e-04
-2.4206049081e-03
-2.3139785981e-03
1.6854121369e-03
1.0978421085e-03
-2.3133320323e-03
1.1745038662e-02
-4.7096035634e-03
-3.5522777391e-03
1.7688039325e-03
4.6751892946e-03
-1.6396626158e-03
-2.9593493251e-05
6.0329580541e-05
-5.9594095520e-03
-7.6792274034e-04
7.9865971011e-03
5.6600816974e-03
-2.1491717568e-03
-1.1254184267e-03
6.1428600056e-03
2.1811061575e-03
-2.7888863509e-03
-3.5989170057e-03
-7.7455257215e-03
3.1815678702e-03
-3.5948656259e-03
9.8205997584e-04
-4.0859738010e-03
2.3329857132e-03
-2.7354615407e-03
3.6288532450e-04
-4.4603564557e-03
-1.9169287898e-03
5.6744612746e-04
3.2432207664e-03
5.4482755534e-04
2.0240885184e-03
-2.0203112211e-03
4.5693113915e-04
-2.7251719513e-03
-3.5163926510e-04
2.2295720355e-03
6.8020954586e-03
4.1881197347e-03
-3.0752596769e-03
-2.6602464981e-03
1.1165993485e-05
5.4407562822e-03
-3.2352451651e-03
-4.2739883114e-03
1.4805484685e-03
7.5151883254e-04
-1.9971748271e-03
1.9083503386e-03
-5.2043041877e-03
-3.1118149979e-03
-1.4584376813e-03
-3.0834328994e-03
-2.0229225396e-03
8.5915756957e-03
-6.6298549095e-04
-3.4615272165e-03
-4.6593881465e-03
-2.8664291693e-03
1.8360747483e-03
3.6963429425e-04
1.8798106040e-03
-3.0124033469e-03
-4.8025320336e-03
-2.5070622958e-03
-5.7077634423e-03
2.1688958234e-03
-4.1331776282e-03
-3.0622499468e-05
3.8857390401e-03
1.5832552299e-03
1.0591861701e-03
-2.7934127996e-03
1.6793941007e-03
3.5617384442e-03
1.2730294231e-03
-5.6325613175e-04
-3.3476077642e-04
-3.9089202840e-03
-3.0863517067e-03
-6.6992056880e-05
-7.0096305502e-04
-2.2825589418e-03
2.9209186431e-03
2.4120216031e-03
-3.7330821034e-03
4.8656312911e-03
-1.9588580352e-03
-3.7399350778e-03
8.2327165021e-04
-2.5338267296e-03
8.8456299901e-03
-3.4866541506e-03
-1.7533267184e-03
2.5328098808e-05
4.6844132970e-03
-3.0508269601e-03
-5.0698992515e-04
-1.8760748651e-03
-1.4315156658e-03
-4.8620947009e-03
-3.3051259489e-04
1.2176145678e-03
1.4578590443e-03
1.3069190282e-03
1.3716681849e-03
-5.0032571881e-03
3.9041649243e-03
-3.4454442049e-03
3.4856252798e-03
-3.0032623962e-04
7.4890388545e-04
1.8510493061e-03
4.8611640356e-04
-7.5758792137e-03
-1.8121639516e-03
-3.4226318321e-03
3.9449078975e-03
7.8921535056e-04
1.9528090820e-03
-1.0045078120e-03
-1.4254574541e-03
1.7784714349e-03
-5.3192366012e-04
-2.0498980956e-03
-1.3280541471e-03
-2.7235184449e-03
-4.4682956852e-04
-4.7841595436e-03
4.2820927710e-03
-2.6543134494e-03
-3.8627456157e-03
-3.9342767643e-03
-1.6701609314e-04
5.0319819792e-03
2.5562701582e-03
-1.4810684915e-03
2.5673470261e-03
6.9145809113e-04
1.0971705921e-02
-2.5453920007e-03
2.3804508953e-03
-3.1033031588e-03
-3.8366044516e-03
3.6390877690e-03
6.4619488522e-03
-2.5466430677e-03
2.6511552546e-03
-4.9145527700e-03
3.1872647164e-04
-2.9903467600e-03
1.1085701564e-03
1.3381512786e-03
2.2975905836e-03
2.7306493602e-03
2.6549555137e-03
7.7157242787e-03
1.7341126151e-03
1.5020950650e-03
2.2670248133e-03
-7.2873960478e-03
-2.9623128499e-03
2.6345818805e-03
-2.3321162144e-03
-7.5729381154e-04
9.3480698286e-03
-4.1913457891e-04
-2.3196845313e-04
-2.7727804576e-03
-4.1168162501e-03
-3.1885106773e-03
-1.3568102357e-03
2.8735926748e-03
-4.3413740385e-03
-5.4440974341e-03
-3.0490645844e-03
2.2531696866e-03
-8.9448408399e-04
-4.5866602295e-03
1.2925647423e-05
-2.3319286839e-03
2.9676719983e-04
-2.3061559483e-04
-1.6430170052e-03
-1.0044185243e-03
2.0653516175e-03
-1.1114118992e-03
-7.9577907999e-04
-8.8923094245e-04
3.2177940979e-03
-9.4488539318e-04
-4.7301868621e-04
3.9265507611e-03
2.0081932387e-03
1.6841271572e-03
-2.4500327020e-03
3.4317818093e-03
-1.7576841286e-03
-2.3262812647e-03
7.0381006004e-04
-4.3528491292e-03
3.0519623856e-04
-4.7098812421e-03
-5.1524443137e-03
2.0845309669e-03
1.3520744121e-03
-1.3653377861e-04
-4.9263796794e-03
2.0806145240e-03
8.0012613310e-04
-3.2975240421e-03
2.0051918180e-03
-4.4949106880e-03
-1.5363100578e-03
-4.4589075565e-03
-3.8544466924e-03
-2.5284470140e-03
-4.0545585667e-03
3.6364968297e-03
-5.2241613879e-03
-2.2591989531e-03
-3.7902870457e-03
3.9395460873e-03
-4.6439288760e-03
-5.8007933745e-03
-5.5926389392e-04
-7.7757748074e-03
-4.9562665650e-03
-1.3485675948e-03
-2.2254426105e-03
-1.3092646672e-03
5.4040847396e-04
6.1008860051e-03
1.1046235975e-03
-2.5915815406e-03
-1.7167790040e-03
4.8664015416e-03
-6.6402494961e-03
-4.3823375750e-03
9.5320457592e-04
-1.7718628587e-03
-6.8708122504e-04
5.7936641454e-05
-2.0718490874e-03
-4.4779674625e-04
-1.9148277104e-03
-6.1608033621e-03
3.3064103997e-04
-2.8267457718e-03
3.5290893028e-03
-3.0070266197e-03
-3.4230154593e-03
-9.9403258723e-04
-1.2726938516e-03
1.1559492901e-03
-1.2970306634e-03
-4.4303022286e-03
3.9257873076e-04
2.7668526805e-04
-3.1526163893e-03
3.4444050017e-04
-6.2549203726e-04
2.9921984903e-03
-1.2675443604e-03
-2.5846215031e-03
4.8199878306e-03
3.2184462198e-03
1.2720955255e-03
-1.3885586474e-03
5.0043127677e-04
-6.3593442784e-04
-4.8252847511e-03
-8.7815974716e-04
1.9118783637e-03
4.4308736522e-03
-1.2106135291e-03
1.2786933109e-03
7.7631256219e-04
-2.0200513553e-03
-1.5244674574e-03
1.0882283972e-02
1.0847767628e-03
-4.0156566373e-03
-3.1625629886e-04
2.0743205969e-03
-5.4723759741e-04
-1.7894265577e-03
1.0213057134e-03
-1.2153928266e-03
-5.9589267271e-04
-3.0423747377e-03
1.0774666829e-03
-2.5732305209e-03
8.5920669297e-04
1.0639550999e-02
-1.4345088531e-03
-1.8599279541e-03
-3.3434513669e-03
-6.0697437385e-03
4.7754422025e-03
1.3044246561e-03
2.7675299280e-03
1.1076912644e-03
-4.0038437146e-04
1.5452783029e-04
-4.2504928165e-03
-4.3273606318e-03
-8.4451069271e-04
1.6843394725e-03
2.6379503394e-03
-1.5847982381e-03
2.1392903503e-03
1.0049741166e-02
-1.1862938177e-04
2.4500570062e-03
3.2531382237e-04
-1.0098656720e-03
-4.9420110728e-03
-2.8103688249e-03
8.9761744289e-04
-3.4419343468e-03
4.0840952207e-03
-4.9124463641e-03
6.0975647161e-03
3.9909491652e-04
-2.1387894817e-03
-8.8701630263e-04
4.5069836229e-03
-3.2800861501e-03
-8.1110938777e-04
2.0262196054e-03
-1.0595218917e-03
-3.7056698119e-03
-6.4094818721e-03
9.5961356351e-04
4.5095406804e-04
1.8996348427e-03
-5.8940931544e-03
-3.0405604433e-03
-4.5357843832e-04
-2.0941678522e-03
-8.8523713339e-04
-3.8397456868e-03
-3.8158514092e-04
2.2691043074e-03
5.8288620046e-03
2.9556885369e-03
-3.5398593808e-04
-1.8979281836e-03
-3.6358140501e-04
3.3293246269e-03
4.5576296872e-03
4.0533880179e-03
4.1315110679e-03
-1.2701190856e-03
2.8604257539e-03
-4.2592382380e-03
-5.3671046010e-03
8.0885863447e-04
-2.1790404292e-03
9.7904885533e-04
-2.2813517320e-03
-3.6953582032e-04
2.7923492933e-04
4.1674699105e-03
2.6569141721e-03
7.9378353543e-03
3.9651785237e-03
-4.2390968946e-03
4.7060557733e-05
-2.8089579246e-03
-2.4182259689e-03
-4.7219706671e-03
1.2856234170e-03
2.1932181256e-03
-4.3678999845e-03
-5.2105476549e-03
-1.6588601371e-03
-1.8666171801e-03
-1.1881200312e-03
8.3443874965e-04
2.6409554950e-03
-2.2484553405e-03
1.4709741472e-03
-4.0937331830e-03
1.0350391175e-03
-1.4211437565e-03
-1.8178721366e-03
-1.0916254754e-03
-3.2196915602e-03
-2.0951941991e-03
-3.3903757085e-03
1.9835371931e-03
2.6880915835e-03
2.3960265264e-04
2.9436277737e-03
-3.8247901278e-03
2.4593347692e-03
1.4890793010e-03
-3.0432936878e-03
6.8750125330e-04
2.3987631544e-03
6.3532287868e-03
4.4357056277e-03
-3.8016834044e-03
7.6950183487e-03
-3.5998718709e-03
5.3082828880e-03
-4.0144996188e-03
-1.3039340489e-03
-8.6577702957e-04
6.6296302715e-03
-8.0896816494e-04
2.2539034004e-03
9.6168952232e-04
-1.6173610808e-03
1.0104623385e-02
-3.6907269485e-04
-2.9122822806e-03
5.1658460884e-03
-9.9007112936e-05
-1.3218178354e-03
-1.8162248533e-03
5.8369206472e-03
1.1357049758e-03
2.6275584495e-03
-1.0799544398e-03
4.9903900283e-03
-6.2886837059e-03
1.0983173106e-02
8.3982560965e-04
2.0739107991e-04
5.5408270711e-03
3.6297083193e-03
9.0843651252e-05
-2.0268511374e-03
-3.7400454844e-03
4.0959090304e-03
2.4015625343e-03
1.4352443990e-03
-6.3313340902e-04
-6.2563057619e-04
5.5155256383e-03
-1.9040241126e-03
-8.2918780238e-05
2.9341778097e-03
3.1507951287e-04
-8.8032980795e-04
4.2005201132e-03
1.0818409650e-03
-3.5583422612e-03
-1.9981729691e-03
-2.8250894239e-03
2.6089562709e-03
-3.9048733074e-03
3.1616601775e-04
-1.4264257584e-03
4.8679984357e-03
3.2057799299e-03
8.6338161073e-03
-4.8279240681e-04
3.6978419661e-03
1.4024095630e-03
-4.4738166950e-03
7.6601577946e-04
6.5846617659e-03
7.6953033597e-03
6.8540152937e-03
3.6463175245e-03
5.5583021801e-03
-3.2984675721e-03
3.5298054444e-03
-5.2470480203e-03
1.4886957287e-03
-4.9583788711e-03
1.6065783148e-03
-4.7841773405e-03
3.3599601991e-03
3.7327165253e-04
3.6268744365e-03
4.7067107480e-03
-4.8688706798e-03
1.2111961231e-02
-1.0022968697e-03
-1.4830744829e-03
1.2470658625e-03
-3.1386792124e-03
-6.8104064903e-04
-8.7610090780e-04
7.8382941101e-05
8.4681962797e-04
1.0995340251e-02
2.3196392407e-03
1.8240808016e-03
-7.1413580946e-04
5.3518160454e-04
-4.8606010232e-03
-2.8397414715e-03
3.1058485977e-03
1.2988409641e-03
-5.1874070866e-03
-4.1254791171e-03
-6.7476248276e-04
-1.3854853408e-03
-4.9172251648e-03
3.4996201512e-03
6.4955835613e-03
3.5160089742e-03
-8.4217293370e-04
-2.0092769983e-04
5.3331301418e-03
-4.8360412250e-03
8.0505549553e-04
7.6960549949e-04
2.2736340425e-03
-3.5999449805e-03
3.1272579915e-03
-8.8244204697e-05
5.2595725633e-04
2.3868897143e-03
2.4301456738e-03
-5.3047815249e-04
-2.0233390696e-03
-3.1228164682e-03
2.4806260690e-03
3.5070112320e-03
3.7140009153e-03
-3.3678671360e-03
-3.2374407792e-03
-5.7760745319e-04
-1.4162407994e-03
6.2116765660e-04
2.7223445983e-03
7.5452735766e-03
-2.7803025440e-04
-4.5893706217e-03
-4.8716961558e-03
1.3392543975e-03
1.3943253769e-03
-8.5663089573e-04
1.3674041376e-03
3.9868621973e-04
-3.1907178399e-03
-4.7574505194e-03
-7.6531266833e-04
2.5959086211e-04
3.3925151732e-03
-4.1802188966e-03
9.4710377298e-04
2.0709651644e-03
6.1926404865e-03
-4.4279042171e-03
-2.4385163848e-04
9.7324668717e-04
-4.2844326273e-03
-2.0286609484e-03
9.9826634782e-03
3.8576384379e-03
-2.4364500292e-03
2.7906141422e-03
-2.1715525716e-03
1.0260548447e-03
-3.8474638969e-03
-4.0910134540e-04
-4.0515824062e-03
6.3205541880e-03
1.6636253895e-03
-1.0075733937e-03
-1.5281771478e-03
2.6697827928e-03
5.3910214492e-03
-1.3380711147e-03
4.5219057894e-03
6.0738267251e-03
-4.2863843198e-03
-3.8279437296e-03
-8.7438705950e-04
-2.1289775150e-03
-2.6605266224e-03
-1.1916452359e-03
2.8386363071e-03
7.0067631946e-03
9.1310846262e-04
-2.5189940793e-03
1.7844138895e-03
-3.7941103776e-03
-1.3156415321e-03
-1.1481628409e-04
4.2480754919e-03
-7.7995338044e-03
-1.2654792504e-03
-2.0157241647e-03
-8.7768976662e-04
-7.3565679982e-04
1.2152721525e-03
-4.2316143287e-03
2.9426216549e-03
-2.2681079583e-03
1.8082658980e-03
3.4367183012e-03
-2.8150977023e-03
-1.3765105157e-03
-2.1618760222e-03
5.2241684086e-04
-2.5063953130e-03
-4.9793581583e-03
-3.0882195743e-04
-1.3437054120e-03
9.1330684877e-03
-1.4262379441e-03
4.2885488695e-03
9.2030493934e-04
-2.5425443836e-03
-9.6745833529e-04
6.1387012398e-05
-2.5901535597e-04
2.7346471002e-03
1.0528450575e-03
3.8319961586e-03
-7.5259738597e-04
-3.2641973962e-03
-1.1318184937e-03
7.2705552700e-05
-3.4284776967e-03
2.5606280843e-03
2.5564979234e-03
-1.5621267249e-03
-2.3490927030e-03
-1.3898744897e-03
-3.1087449724e-03
-2.2018834138e-03
6.6251742153e-03
2.4431106951e-03
-7.6202674453e-03
8.0689662552e-03
9.4287130115e-03
-6.8271200557e-03
2.6649135181e-03
-1.3428289055e-04
-4.0815208746e-03
3.4180829883e-03
4.8849298852e-04
7.7932970643e-03
-4.5950787680e-03
7.4819621300e-03
5.9694450756e-03
-7.7984484890e-04
-4.0296736988e-03
3.8913167434e-03
-3.0532466900e-03
1.2604291927e-03
2.2502267500e-03
5.8472404208e-04
2.3224691808e-03
5.1206382283e-04
-7.7035907890e-03
-2.1808997181e-06
3.0601287144e-03
3.5728461871e-03
3.7029775309e-03
-2.0049274849e-03
2.7278460845e-03
8.2833494785e-03
-9.8176152521e-04
-1.4403548308e-03
-3.2643941788e-03
2.4454267135e-03
-2.9607550567e-03
1.8730049456e-03
4.0170805521e-04
5.0338929277e-04
4.7991388077e-03
2.1833148816e-03
-1.7564889018e-03
-6.5849165483e-04
-3.1605881114e-03
-1.5025245112e-03
-1.1362693044e-03
1.2617420000e-03
-5.0791746589e-03
-4.4596431275e-03
-9.1583892515e-04
-1.9997841206e-05
-3.2796348395e-03
5.4455282264e-04
5.3350798450e-04
-1.0496386381e-03
-9.5618705919e-05
-3.2379293205e-03
-2.5887409225e-03
6.2804084344e-04
-3.2519748340e-03
-3.9355416485e-03
-4.3502930471e-03
-1.6405536486e-04
2.7395881537e-03
9.6517940468e-04
8.2018594398e-03
-1.8036526640e-03
1.0919049415e-03
1.5570253344e-03
-1.8119284016e-03
1.8568342162e-03
-1.1466328091e-03
-2.0434988456e-03
-6.6200401820e-03
-2.4473317579e-03
-3.4919872182e-03
-1.7577673804e-03
-1.0862369065e-03
7.8036503018e-04
4.3028633660e-03
-1.8527903361e-03
1.7311487446e-03
-3.7201725464e-03
1.7744664928e-03
-1.4329305704e-03
7.6631859208e-03
-1.6231884748e-03
-3.2516410935e-03
-1.6823619648e-03
5.8800225840e-04
8.9317544768e-04
-6.5459439321e-03
2.1154509789e-03
1.3008623372e-03
7.3328967972e-03
3.7010408816e-03
-9.8633804954e-04
9.0837062901e-03
-5.2967447410e-03
-2.2681022725e-03
2.1187122540e-03
2.4085938975e-03
-5.4023516820e-03
4.1470345774e-03
4.2860649758e-03
-2.9205078051e-03
3.4078109032e-03
-1.5310336556e-03
-5.5441447433e-03
4.7515654071e-03
3.0800392396e-03
2.3430148311e-04
1.1933552378e-04
1.1685057737e-03
3.2627365873e-04
2.9181167131e-03
4.7439950212e-03
-2.7862556237e-03
2.7214520537e-03
-2.4288966611e-03
2.8813536414e-03
-1.5784481313e-03
-3.4001137504e-03
-1.4338629559e-03
6.3427792306e-05
-1.1969171514e-03
-3.5176564561e-03
-2.1790837611e-03
-3.8787451426e-03
5.0778351111e-03
7.5411994876e-04
-2.3579212253e-03
-1.8857472563e-03
3.4069308376e-03
8.1487698647e-04
7.3596137852e-04
4.6555893811e-03
-3.2516337304e-03
1.3342505953e-04
-3.8450160787e-03
-3.2380338324e-03
1.0546781090e-02
7.6050699402e-05
-5.8639649903e-04
-1.8099207123e-04
-4.2434114586e-03
2.0924952978e-03
-3.1518071630e-03
6.4488185487e-05
-3.7179036503e-03
-3.6337594470e-03
6.5334437400e-03
5.8595138397e-03
5.9301676169e-03
-6.9329713185e-03
-2.7538386852e-03
-2.7250794515e-03
2.5596258378e-03
-9.0854511040e-05
-3.2547593814e-03
-1.9501504426e-03
-1.3191356119e-03
-1.6786964972e-03
4.8574648312e-03
-4.6888928610e-04
-3.8566482559e-03
-2.4623340771e-03
-4.1678900285e-03
4.5215479844e-03
4.7539750616e-03
9.9225073755e-03
-9.7959821215e-04
-6.8453479609e-04
9.9567778031e-04
-1.7457700074e-03
-8.2646986055e-04
1.5829440414e-03
5.9195290339e-03
-6.2751557752e-04
1.0405342700e-03
4.7115802641e-03
-2.0790035398e-03
2.2831025866e-03
-8.4757820845e-04
-4.1618737222e-03
-5.6085451102e-03
2.1148008372e-03
6.8721188332e-03
2.4585032573e-03
-6.6129617628e-03
-5.3644349378e-03
5.8066693997e-04
-5.0928221747e-03
-8.2905089223e-04
-2.0190378917e-04
1.8456299891e-03
-2.9338724819e-03
3.9253157188e-03
1.2501513559e-03
-5.0324855710e-03
-4.2210150313e-03
5.0501835055e-03
-3.6717247293e-03
6.5217076564e-04
9.5090656535e-05
1.9519921423e-03
2.4103820142e-03
-3.7959096078e-03
-1.7610803607e-03
-2.0119389482e-03
1.6595032321e-03
-6.6565805581e-03
4.4433972665e-04
3.1759069759e-03
1.5454029531e-03
6.3486573280e-05
3.1666672238e-03
-2.7775609736e-03
1.7972844254e-03
-1.8364298320e-03
1.8048221043e-04
7.7139233387e-03
4.2296527881e-03
-4.2429138929e-03
4.7508452385e-03
-1.7231459775e-03
-3.9684140959e-03
1.6413799825e-03
-1.8030645244e-05
1.4947124087e-03
-5.0898602632e-03
-1.2745263803e-03
-4.1317250583e-03
1.9144700284e-03
1.1744698191e-04
9.1395420623e-04
-2.9194020062e-03
2.8907265343e-04
-2.2708173683e-03
7.3883410102e-03
-5.0613742672e-03
-2.7552060731e-03
-1.7360927856e-03
-2.8910003150e-03
-3.6095624928e-03
-3.9790760640e-03
4.0201950104e-05
-1.1695750988e-03
1.6153378771e-03
-6.4110046625e-03
-2.8017285017e-03
-2.2246584793e-03
1.3103324190e-03
6.5300509875e-03
1.1153415085e-03
4.1852655025e-03
-4.0060483705e-03
1.1335631840e-04
-5.9536854585e-04
1.5584412944e-03
1.4605673822e-03
-3.8947821101e-03
-2.0506664866e-03
-3.2923004761e-04
1.4759994700e-04
-4.8044462969e-03
3.3008252964e-03
1.0403537014e-03
3.5917894627e-05
4.7976909679e-03
2.9608646757e-03
5.8958755597e-05
-7.5875896671e-04
-5.1799947438e-03
1.5354321310e-03
3.0005884995e-03
-1.2255830159e-03
-2.2256731418e-03
2.6137358147e-03
-1.3318804229e-03
3.3672456778e-03
-1.5719630986e-03
-3.1709731803e-03
1.0479386166e-03
-1.9034977910e-03
2.2391146337e-03
2.7522519647e-03
-2.7574502129e-03
1.2537837129e-03
-2.9335220446e-03
3.5501639605e-04
7.3718650566e-03
2.3227969509e-03
-1.0415693550e-03
2.5048989653e-03
3.2204591773e-03
3.8880284352e-03
2.9086886235e-03
-2.7096187179e-03
1.4706970374e-03
-4.4432271377e-03
-1.8277211792e-03
-7.7766986485e-04
3.2748822598e-05
-6.4357845035e-04
-1.4419189642e-03
2.9634131101e-03
-1.9959150013e-03
-2.7965590485e-03
5.0380156110e-04
2.3048317448e-03
-5.6717383243e-03
2.6643055368e-03
-3.3689070506e-03
4.4813711623e-04
-1.7054739187e-03
1.8482275927e-03
2.9209727072e-03
-4.2588250022e-03
-1.2392327976e-04
-1.9240818817e-03
-4.0335709989e-03
-1.4549103844e-03
1.5213884512e-03
-2.4102528368e-03
-4.6750316418e-03
2.0354227195e-04
5.6476403995e-03
-2.1344552101e-03
-7.7164284791e-04
7.6517734585e-04
-2.2866172995e-03
-6.5715963979e-04
3.3319341222e-03
4.2117984204e-03
5.1508153537e-03
-5.7199290590e-03
6.3479729267e-04
1.0440757169e-03
-1.6696954113e-03
-1.1684328328e-03
3.8714832852e-03
-6.1588447312e-03
6.2843499161e-04
-2.0357134329e-03
-6.1034267124e-04
-1.4227019785e-03
4.8611388906e-04
3.4886059156e-03
1.0519275597e-03
4.2660361644e-03
4.9195846019e-03
-2.5908241982e-03
-2.4695272105e-03
-3.9056771024e-03
-2.5089951425e-03
7.6021067954e-03
1.2847298779e-03
-6.6859176745e-03
1.2985417203e-03
1.8548748785e-03
2.9816747019e-03
2.1945463764e-03
-4.6549968280e-03
4.3190046545e-03
-3.6702294094e-03
1.5593754557e-03
7.9994339524e-03
3.1697199393e-04
4.4415816853e-03
-2.7943621437e-03
2.1661401407e-03
-5.0450676948e-03
-2.1477196867e-03
-4.7567557895e-03
-2.7719969119e-03
-1.0911243193e-03
2.7714781081e-04
-3.8002417278e-03
-4.9419316931e-03
-2.2250614654e-03
-3.4066827202e-03
2.2879465430e-03
-1.5924128217e-03
-5.3859777057e-03
-8.4687503020e-04
1.4306572594e-03
-5.1074204687e-03
3.8735027471e-03
3.0353910564e-03
4.6485194534e-03
-2.6053479306e-03
-1.4295265772e-03
2.9915213121e-03
3.5550043154e-03
-1.0785760786e-03
-3.7446375458e-03
-9.2228421787e-04
4.1108299396e-05
2.7812157297e-03
3.4641018891e-03
1.8685711711e-03
1.8034959977e-03
-1.9755650126e-04
-3.4204839069e-03
-1.5766844196e-03
-3.9394270026e-03
-4.3527636039e-04
-1.0805982156e-04
1.2018446993e-03
-3.0128491675e-03
1.2076265127e-03
-6.0884265541e-03
5.2304040301e-03
-5.9109386308e-04
-2.0210385404e-03
-4.0510641813e-03
-5.3274101516e-03
-2.2965978204e-03
1.7771636968e-03
5.7670774971e-03
-2.7501607087e-03
-3.3869030890e-05
6.0793971251e-03
-1.4729337984e-03
-4.2895487605e-03
-8.9971009640e-04
7.3120651337e-04
-4.8139570457e-03
1.0561276736e-03
5.6641836158e-04
1.0993567902e-03
-5.8328693394e-04
-2.6123208976e-03
-1.5977009229e-03
1.8954952687e-03
4.7417999315e-03
3.8261435362e-06
5.6259661281e-03
2.9367366136e-03
-6.0841190788e-04
-4.9738374998e-04
3.7765577991e-03
3.3271148361e-04
-3.0843071561e-03
2.4503884913e-03
3.2835038133e-03
-4.4950774589e-03
7.7465704462e-03
-4.3943444189e-03
4.6952461932e-03
9.3442648580e-03
2.6755977378e-03
-1.2429833045e-03
-4.9765978825e-04
8.5596275840e-04
4.6238491861e-03
-1.4234552469e-04
-3.1370463194e-04
-2.0137964882e-03
6.1301181032e-04
-4.2725765156e-03
3.3516157359e-03
-2.2629213980e-03
-7.5443873248e-04
-5.5378703039e-03
2.6473405894e-03
-3.3068919366e-03
3.5948892723e-03
-3.5509131073e-03
-4.0082165242e-03
6.8022547943e-04
6.0132108769e-03
4.5214888166e-03
-6.9398102447e-03
-1.2725251223e-03
4.9243009479e-03
-5.6892782307e-03
-1.9838659498e-03
-3.0790334831e-04
3.5234677177e-03
6.4954750395e-04
4.7667927659e-03
-5.8742436898e-04
2.1201581480e-03
7.3113423031e-03
-2.8757693725e-03
8.9600888882e-04
-2.4706934706e-03
-4.7344800889e-03
2.0618265805e-04
-2.3467321434e-03
-1.7968988097e-04
7.9497426022e-04
-2.6691182776e-03
4.1817293701e-03
2.9181362560e-03
1.5100756163e-03
6.0241314482e-04
1.2043273767e-03
-3.7288886432e-03
-4.7851700015e-03
-1.8463768841e-03
6.7020258085e-03
-1.7931821165e-03
-1.1896928698e-03
-4.8546734793e-03
-2.9760346327e-03
7.3267762594e-03
-2.0943303498e-03
-2.1954200136e-03
-1.0866729611e-03
-1.4326131600e-04
-1.0162766193e-03
-8.3491939781e-05
4.1091154596e-03
-4.6164714199e-03
2.5023994846e-03
-5.5389803256e-04
-1.0935961236e-03
3.1120256102e-03
-7.4324632334e-04
-3.7688483224e-03
-2.2703063066e-03
2.4346488995e-03
-1.3236326594e-03
2.0835831732e-03
1.9378928461e-03
-3.6555488228e-04
-2.7304321271e-03
-2.2878095321e-04
-1.5466998965e-03
1.0108589315e-03
-2.1357532442e-03
-1.1109324337e-03
4.7252904012e-04
2.1693827526e-03
-3.3526477334e-03
-1.7939160548e-03
5.0134010082e-03
3.8191108504e-03
-5.4940930001e-03
-1.3467333824e-03
5.6933222290e-03
-3.9878189772e-03
-3.5397515411e-04
3.8780483724e-03
-5.2036776638e-03
-3.4856744049e-03
-1.3904299997e-03
-3.5837558157e-03
5.3335382028e-05
2.6713618068e-03
6.7863849681e-03
2.6051519571e-03
2.6100219635e-03
-2.2837562645e-03
3.9154663131e-03
-4.3155252821e-03
-3.0448149046e-03
1.3385482319e-03
-1.0411459740e-03
8.1382659387e-06
-1.0522598871e-03
-1.8978106627e-03
-7.4371284647e-04
3.3547724545e-03
1.0338084467e-03
8.4390454497e-04
1.1960995013e-03
-1.9832610881e-04
5.0746730777e-03
9.6590152404e-04
4.5709073214e-03
1.2370837861e-03
-3.1373110157e-03
9.0490926041e-04
-1.7570882168e-03
-1.8401972225e-03
4.7858406353e-03
4.2962071678e-04
1.8304456339e-03
4.1335003838e-03
-1.3508548493e-03
6.4626312166e-03
-7.2670257794e-04
5.7981346852e-03
7.2417619184e-04
-3.3855454531e-03
-5.3885409368e-04
-4.1086594769e-04
-4.1656239212e-04
-1.3188027994e-03
-4.5744623808e-05
5.0112733437e-03
-2.2667114504e-03
-3.2210585243e-03
-6.8475934008e-03
2.0497951118e-03
5.7287311950e-03
-1.1665870728e-03
2.4268222662e-03
1.9103420044e-03
-2.2355967907e-03
3.8854444640e-03
-3.1560315549e-03
-1.4548883344e-03
4.9058621300e-03
-1.1464256413e-03
-5.8694900323e-04
-2.4054216849e-03
-3.8114621416e-03
-7.1575021863e-03
-6.5060254222e-04
3.0537439014e-03
1.9614106033e-03
2.7469838608e-03
3.9434631513e-03
1.4327822214e-02
-5.0375513167e-03
-2.8014011320e-03
7.6226374345e-04
-2.1754226521e-03
3.0391381646e-04
2.2316323056e-03
5.0186385607e-03
2.6610588908e-03
-2.0193359231e-03
-4.1611090272e-03
3.9801669269e-03
-6.6517071407e-04
1.0203976868e-03
7.8171727275e-04
-7.1752692149e-04
8.6158656932e-04
6.9518843948e-05
4.7393541304e-03
2.7280839564e-04
-4.1263648637e-03
5.8000210607e-03
4.0266893428e-03
4.5019004150e-03
-8.5960679175e-05
-4.0708621002e-04
-1.1617084220e-03
-5.1028845241e-03
4.6114079776e-03
1.9028660824e-04
-2.2122262647e-03
-7.5333368241e-04
3.7091893683e-03
5.2238436540e-03
7.4541684151e-03
3.9513555729e-03
4.1416474930e-03
2.6411214245e-04
2.2571667317e-03
-1.4717079139e-03
3.5917574306e-04
5.2264915111e-03
-2.6041892430e-04
-1.8437403903e-03
3.0762541747e-03
7.7234799491e-04
3.9258868492e-03
-4.5683227646e-03
2.0186583583e-03
4.3762199478e-03
8.8317590912e-03
1.1192338235e-03
-1.4365841683e-04
-8.8359606457e-04
5.1438683546e-03
-3.0317440421e-04
-3.3413154095e-03
-3.2983535187e-03
5.8891266901e-03
-1.5161694275e-03
-3.0366060648e-03
7.8621690213e-05
-2.9763918409e-03
-3.8077938387e-04
-4.5727118771e-04
-1.8423468510e-03
-6.3572732531e-03
-2.5075680666e-03
-1.6529873277e-03
-1.9521212900e-03
2.5228231905e-04
5.1567871007e-03
-4.7615978973e-04
-9.2971110547e-04
-1.0308752494e-03
5.5674641231e-03
-5.5210335925e-03
-3.2484549596e-03
-2.1223379792e-03
6.3300203769e-04
3.6482336171e-03
-2.2249833104e-03
-2.0857785097e-04
1.1740909279e-03
-1.5567491543e-03
1.0714879003e-03
-3.1729672259e-03
-3.1540664703e-05
4.4150428167e-03
1.2426991753e-03
3.5251596730e-03
-2.0293630689e-03
1.0815528925e-03
7.5704647103e-04
1.1783970727e-03
2.2560667915e-03
1.8270401733e-03
3.8733885606e-03
2.9591463316e-03
1.2884423534e-04
-1.4894420575e-03
-3.7896499980e-03
7.8168982913e-05
-5.0658802836e-03
-3.9690608980e-03
-1.2203086352e-03
-1.5163879752e-03
5.1128024976e-03
4.2886816314e-03
-6.7914013709e-04
1.6781079924e-03
-4.4708304413e-04
-3.8138938528e-04
1.5437167893e-03
-4.2152070081e-03
3.3274324729e-03
8.1931715437e-04
-3.3794474565e-03
-3.7013077800e-04
-6.1210770726e-04
5.8888294224e-03
-3.5481073737e-03
7.8550548693e-03
4.9396240366e-03
-4.3990067060e-03
-2.0391396021e-03
-4.4920322936e-03
2.8513822618e-03
-4.7721909815e-03
-1.0088396425e-03
-4.4822960971e-04
-2.1797453670e-03
-2.0147421778e-03
-3.3706662558e-03
4.0266911839e-03
1.9922415478e-04
-4.0183410148e-04
1.8281490486e-03
-3.4410862011e-04
-3.9825300523e-03
-3.2388223848e-03
-8.2057893431e-04
2.3514994690e-03
4.0400104436e-03
-4.4942798359e-03
-1.0968471451e-04
-1.7290341729e-03
3.3223647267e-03
-1.5745358053e-03
-1.0618835922e-03
-7.5297500437e-03
3.3313081518e-03
-2.7459407671e-03
-4.8079792432e-04
3.8853210543e-03
-2.9339356718e-03
6.0648117132e-04
-1.4268823863e-03
7.0771258357e-03
4.8892167573e-04
2.8804954218e-03
-1.2537747222e-03
-5.0059508411e-03
3.0987414931e-03
-1.7861704805e-03
-6.3362214682e-03
-1.5833551149e-03
-1.7926266077e-03
-3.2815178208e-03
5.8361542880e-03
-3.2365638737e-03
-9.2924775507e-04
-4.6022598692e-03
1.8976633949e-03
9.6154749439e-03
-3.5874882524e-03
4.0356348665e-03
-2.9232086342e-03
-6.3383393195e-03
1.5592403924e-03
2.0664581844e-03
3.8657535599e-03
-5.7367227528e-03
-1.6871502201e-03
8.8554843263e-04
9.1726127311e-04
4.2761067261e-03
3.3142864998e-03
-1.9550013329e-03
-2.8646185019e-03
-1.0058689031e-03
1.2315552006e-02
-2.6760498183e-04
2.1859948244e-04
-9.6883641136e-04
-8.4392731107e-04
-5.0462909274e-04
2.5626436086e-03
-4.6368818283e-04
5.2528345611e-03
-3.7279980709e-03
3.4081571988e-03
-2.9102943560e-03
8.8848846159e-05
-3.4237489268e-03
1.5604374144e-04
-5.1870120733e-03
-4.0105639444e-03
1.9828687592e-03
2.1363408712e-03
1.0776120984e-02
6.8586077930e-05
1.5563811688e-02
8.0879593087e-04
1.4795551526e-03
9.4205590946e-04
7.0990979348e-03
3.7387569541e-03
3.1090746324e-03
-1.6782017962e-03
-2.9074174827e-03
-5.8625536171e-03
-4.5476792518e-03
-4.3086681243e-03
-1.9136946730e-03
3.3487850344e-04
-9.3583241835e-04
-5.6438091867e-03
3.1784435442e-03
-2.3677843635e-03
1.8340562609e-03
2.9869623677e-03
8.1400778557e-04
4.4827682065e-03
3.7675094549e-04
-1.3775526348e-03
2.0750766536e-04
-4.6134960097e-04
-1.2860368074e-03
-9.1294295815e-04
1.4198895791e-03
1.7235071357e-03
-3.1357575363e-03
-5.4297922051e-03
-4.4348490157e-03
-4.2181985463e-03
9.5737585160e-04
2.6106818445e-03
-5.3455182974e-03
2.5499816370e-04
6.3470874015e-05
-1.0109913051e-04
-3.8463278045e-03
-1.7705780233e-03
-6.8284904784e-05
-2.6677361092e-03
-4.9785228195e-03
4.9603038945e-03
-3.0197899173e-04
-5.2431266230e-03
1.2152521271e-03
4.3947697865e-05
-4.4461933045e-03
-8.5102910204e-05
-7.1759026291e-03
6.5921564685e-03
-7.7432409652e-04
-2.8159707544e-03
-1.8091280982e-03
2.2382034757e-03
-2.2618457690e-03
-1.0490710776e-03
6.1282023616e-04
9.6436658055e-04
-3.3884027278e-04
2.4776310404e-03
2.1427845546e-03
-3.1254257497e-03
-5.2479455715e-04
6.8612791488e-03
8.7698945071e-03
-2.3133964450e-03
1.8264577266e-03
-3.8217348031e-04
2.4032752377e-03
1.2696253892e-03
-3.0630701681e-04
-3.0202309973e-03
-9.5284937473e-04
-2.4454135823e-03
-6.8920734510e-03
2.4348217496e-04
1.6456287443e-03
-1.8226729690e-03
-3.7959868235e-03
5.0208328634e-03
-3.2037069612e-03
1.2847538177e-03
-5.9542423773e-04
-1.6780216909e-03
5.0575095116e-03
-2.7413322257e-03
-5.0422731828e-03
-1.4201687123e-03
8.5703272308e-04
-3.4163557601e-03
-1.3685982674e-03
-1.5029648849e-03
-1.4630108867e-03
2.1143974305e-03
5.9809199823e-03
-1.8519724438e-03
-3.9837004636e-03
9.0166530892e-03
1.1980313515e-03
-1.0226184341e-03
3.2546374234e-03
-1.0880750193e-03
-3.5037827944e-03
-1.5794131465e-03
-5.5940331395e-03
2.9807806969e-03
1.0137244061e-03
-2.9387185112e-03
-1.1031039720e-03
-7.6568153138e-03
7.8752584228e-05
-1.1639412153e-03
-2.8416915088e-03
-2.8657431099e-03
-3.8416929082e-03
8.0034448897e-04
-1.9585420670e-03
-1.2056582893e-03
3.2407169144e-03
-1.1269098999e-03
7.7590134903e-03
2.0220100299e-03
-3.6288561208e-04
-2.7292537924e-03
1.2810925707e-03
-2.0343862015e-03
4.1799135042e-03
-1.4057761167e-05
-4.3868270422e-04
-1.1630085470e-03
-5.6616726980e-03
-8.7657437166e-05
-3.3352381580e-03
4.8816548115e-03
3.0291398687e-03
5.6428787529e-03
-8.2425371641e-04
1.2435127149e-03
-2.3923795124e-03
3.3354056820e-04
7.4328535902e-03
4.2092751881e-03
-2.6251728950e-03
-2.4664163383e-03
4.5620188957e-03
3.1898586212e-03
3.7047233216e-03
5.6838350282e-03
6.3509849811e-03
-1.9514169769e-03
-2.0150728188e-04
-3.1829174222e-03
7.8640694929e-03
-1.5794482562e-03
2.7145820410e-03
-7.1144208285e-03
-1.6203293789e-03
-2.2929415667e-04
-3.5179605069e-03
-4.3576345218e-03
1.3835674931e-03
-1.8249278757e-03
-4.2512952322e-03
2.9747624100e-03
1.5390166408e-04
1.3102796564e-03
3.3075667786e-03
3.1967829074e-04
-6.0108798612e-04
-2.0619742740e-03
-2.4828722013e-03
-2.9543758045e-03
-6.6992678629e-04
5.0361947656e-03
9.3369098127e-04
9.3681362773e-04
-9.2155368197e-04
-4.3786839651e-04
6.5612856862e-04
-5.7347241547e-04
-2.3642986182e-03
-2.6236002829e-03
3.1002811560e-03
3.8088073186e-03
3.9273310068e-03
-8.6279405892e-04
-3.3068833443e-03
-2.9376841612e-03
2.9902633687e-03
-4.0385139868e-04
5.0731875506e-03
2.1604613797e-04
4.5293804249e-03
-1.1328926773e-03
-1.0072511465e-03
2.6558594264e-03
-6.5819263982e-03
2.5707892353e-03
6.0915222982e-03
1.5811488922e-03
2.6613877262e-03
-2.1280124809e-03
-2.1620011308e-03
-4.1771788510e-03
-1.2876934921e-03
7.5864420323e-04
2.7488405877e-03
3.7537174505e-03
-5.5975364770e-04
-1.9023622381e-03
8.1261222833e-03
-4.6094521776e-03
-5.5201932921e-03
-3.8280141092e-03
7.7269649101e-03
4.1479756083e-03
-3.6952006551e-03
1.9631380157e-03
-2.1242663914e-03
3.7530167789e-03
-1.7885873029e-03
-3.0747125999e-04
1.1990971983e-03
4.6278432852e-03
-9.0358900188e-04
1.6658570162e-03
-3.5538596698e-03
-3.6869555124e-03
4.2656306853e-03
-6.0607245873e-03
-5.5400207800e-03
-1.8366989813e-03
-4.5478171171e-03
-5.6486253083e-04
5.5805361181e-03
-2.2545661755e-03
-3.3253663617e-03
-1.6594885784e-03
-5.6089833623e-03
-2.3268934321e-03
-2.2180808277e-03
2.1204516238e-03
3.4409062134e-03
2.0605383723e-03
-3.0504552798e-03
4.0940691118e-03
-3.9767270483e-03
1.3380223642e-03
-5.8979888501e-04
1.5272330878e-03
-1.3583732777e-03
8.2102833640e-04
1.7970772552e-03
3.0791594801e-03
4.6803006747e-04
2.1895304370e-03
1.8239109491e-03
-1.2065430802e-03
-4.9443653227e-03
-5.2697036008e-04
7.6625503788e-04
-6.5664737860e-03
3.6377389533e-03
6.2556291838e-03
5.7773519378e-04
1.0012391165e-03
-1.1255901048e-03
3.8006160901e-04
3.7337357951e-03
-1.1133907142e-03
-2.8795242833e-04
-3.8283811576e-03
-8.5395646756e-04
-2.9416946561e-03
2.0350641136e-03
2.5624717090e-03
-1.9262062332e-03
-2.8138350984e-03
-8.9061659153e-04
6.4395234021e-04
2.8901532349e-03
-6.9160796689e-03
-7.3687158773e-03
-1.7606465943e-03
2.4391455008e-03
6.1070455971e-04
-2.6786266002e-03
-1.1432129522e-03
-3.4765905605e-03
2.7268090497e-03
4.7437111631e-03
-2.1454456387e-04
5.8760992223e-03
-2.7094516685e-03
1.3358052982e-03
4.9788293147e-03
-5.4193981455e-03
-5.7001070890e-03
-3.5786493928e-03
-4.8279401134e-03
5.0479645059e-03
-3.2087048533e-03
1.3310291908e-03
6.1413673857e-03
1.4650248797e-03
-1.1638302040e-03
-4.3009905083e-04
-1.6054109078e-03
-3.3147178356e-04
2.8212863353e-03
-1.5395418587e-03
1.5269151037e-03
9.8651844837e-04
5.3235612275e-03
1.1181338803e-03
-8.2079850194e-03
1.8555991640e-03
6.7903258435e-03
-2.1910937038e-03
-5.8206913300e-03
6.4298024744e-03
-3.5689039230e-04
2.8509328050e-04
-1.7081483066e-03
6.0999937386e-03
3.1923821713e-03
-2.0134376827e-03
-1.6187381750e-04
3.1160211743e-04
-3.3702336781e-03
-4.6907824742e-04
-8.4675154082e-04
-1.2492379793e-03
4.5519711576e-03
-6.4248507625e-03
1.8677340886e-03
-2.5629655304e-03
4.0888579190e-03
-2.2241608097e-03
-7.8801670185e-04
4.4299562375e-03
3.6689781216e-03
1.2069597676e-03
-2.7059484270e-03
-2.8589426904e-03
-2.6689104904e-03
3.6916146432e-04
-1.3704366845e-03
-6.1400028911e-03
1.9090449643e-03
3.1888833990e-03
-7.9678876555e-04
-1.9686174151e-03
-3.9358143089e-03
3.8022067068e-03
-3.3334076837e-03
7.2341102509e-04
4.0740748284e-03
-3.3081688500e-03
-1.1322544227e-03
1.2500086534e-02
7.9894831767e-04
3.8681215323e-03
3.3329787401e-03
-4.1414036705e-03
3.1120418550e-03
-3.1703297772e-03
-4.6192950885e-04
5.8386227129e-03
-6.4347680827e-04
8.9317441014e-03
1.1092058017e-03
3.8749045467e-03
-3.8648250203e-03
5.9999836716e-03
3.5127856619e-04
7.1246859549e-04
-2.8710315910e-03
-2.6271878848e-03
-3.1779326456e-03
-3.8851481891e-03
-3.9792853811e-04
3.7758165969e-04
-5.5118884247e-04
7.6505798004e-03
-1.4300115575e-03
6.2503866705e-03
1.4770326344e-03
9.5876257268e-04
-4.1634989203e-03
2.4886004842e-03
3.0127290609e-03
-4.9104308306e-03
-4.9990771918e-04
2.9920058037e-04
-1.0403961588e-03
2.2566170457e-03
4.2161561542e-03
-3.3990974400e-03
-4.2615920976e-03
-2.8505975604e-03
-2.9974442975e-05
-3.8231584769e-03
-1.4556022357e-03
-3.1622790120e-03
-2.4123135826e-03
5.5678788855e-03
2.0780792551e-03
-1.0464027250e-03
-1.6201493129e-03
1.5303374102e-03
2.9181166870e-03
-1.9210344869e-03
-6.8725798923e-03
3.2936444047e-03
4.8962598140e-03
2.6291044012e-03
1.7097549618e-03
-4.6940057617e-04
5.7589890934e-04
-2.0504528489e-03
-2.1718841112e-03
-1.7679313414e-03
-5.1158331163e-03
2.5154504263e-03
-3.5464311273e-03
1.2826502606e-03
-4.5413326330e-03
-1.1667135402e-03
5.7088780804e-04
3.7123346298e-03
-2.3859979395e-03
-1.4535750661e-04
-5.2551114249e-03
-4.3970095127e-03
3.4740036980e-03
4.7760740690e-03
-4.9455855127e-04
2.3682658105e-03
-2.0224522361e-03
1.3828886743e-03
2.4351963646e-03
-2.7394111506e-03
-4.9634114291e-03
4.3908745578e-04
-5.9158766273e-03
-3.7186132676e-03
2.4216526724e-03
-5.1979706981e-03
6.7702033598e-03
-5.9883870298e-04
2.0689075559e-03
-2.2577313193e-03
-3.1440744689e-04
-1.4207412669e-03
2.1146438601e-03
1.7626957389e-03
-3.6184619578e-03
-3.1020239510e-03
1.5897509006e-03
-4.4432666493e-03
2.0336197858e-03
-1.8648419303e-03
2.8105648639e-03
-3.4353246762e-03
-2.4394790210e-03
7.4145467689e-04
1.4518409317e-03
6.1427530092e-03
5.3625048532e-03
-2.4934605338e-03
1.8309407357e-03
-3.0455496473e-04
3.1988503750e-04
7.9793162415e-04
-3.4382399733e-03
3.0150275090e-03
-2.5254301644e-03
-4.4998238774e-03
-7.8806927082e-04
1.9771415040e-03
3.1686730222e-03
-2.0755726524e-03
2.4280689881e-03
3.2570067500e-03
2.5891477238e-03
1.4285089392e-03
1.2152805671e-03
-1.1001492949e-03
-1.2128939756e-03
3.4909948297e-03
-3.0811044940e-03
-2.7740137582e-03
-1.0130749650e-03
-6.7524241607e-03
8.7046674310e-04
3.8543025444e-03
-4.9821548382e-03
-5.2257663452e-03
2.2169588082e-03
5.5196791087e-03
-3.1827137568e-03
1.3825980371e-05
1.2327552040e-03
1.6034597057e-03
-6.5859815527e-03
-3.7156392792e-05
2.1591244377e-03
-2.6347369127e-03
-2.9078499074e-03
6.6048050131e-04
2.2314379002e-03
-1.1420117320e-03
-2.8557726011e-03
5.3302459301e-03
2.6898871551e-03
1.9096350428e-03
8.3804003454e-04
-1.9046518226e-04
4.9883881913e-03
9.5279307945e-04
-4.4707540391e-03
-3.5575984266e-03
-3.5192143143e-03
7.1251160449e-03
5.9197808443e-03
-4.4279981794e-03
-1.5529492959e-03
-2.3669733180e-03
-2.1058759794e-04
-5.6113509267e-04
-1.7285899172e-03
-4.5956190969e-03
-1.4134989923e-03
-3.7852695024e-03
1.6891504989e-02
-1.7497095362e-03
1.5874365488e-03
3.3230834525e-03
-3.3261408300e-03
-4.3676939632e-03
-2.2769926917e-03
5.2556209487e-03
4.1525341136e-03
5.7479071536e-03
-1.2269635427e-03
2.0993557615e-03
4.5012659338e-03
-3.8196826540e-03
-9.5840888243e-04
-1.5159120892e-03
1.4491779568e-03
7.9083743737e-04
-1.8116587970e-03
-2.5112558594e-03
8.7337083173e-03
-2.0346483370e-03
2.8883186022e-03
-1.7795229429e-03
-2.6560876729e-03
-2.0012143173e-04
5.8199787037e-04
-1.7860599584e-04
8.0145091201e-03
-5.4710163945e-05
-6.6322236963e-04
1.5425277855e-04
9.7655957408e-03
3.1207768638e-03
-4.1020807696e-03
2.2464919105e-03
1.2775220218e-03
3.0214209607e-03
1.5342573080e-03
-5.8961593914e-03
-3.0647747676e-03
-2.6995922684e-03
3.1933019996e-04
-2.6436012237e-03
-5.7778813730e-04
-2.4297998141e-03
7.3768382801e-04
-9.1332858798e-04
2.8805176824e-03
-3.2090269853e-03
8.1497244337e-03
5.1014491995e-03
-3.6955973809e-03
4.9519526077e-04
6.7268421001e-03
8.9161033808e-03
-9.6026157711e-04
5.4119307905e-03
9.2318011284e-03
5.0517133249e-03
2.0503782594e-03
-1.3194078108e-03
-1.1749909815e-04
-4.1453421238e-03
4.5201992646e-03
-1.2381953415e-03
-1.8666810395e-03
1.2356513921e-03
1.9442928629e-03
6.8077413929e-05
-1.8678166239e-03
-2.2501475733e-03
-1.2410714450e-03
-2.0415335180e-03
1.9979861714e-03
1.8698337180e-03
-2.4285456192e-03
1.9198879679e-04
-8.2928988848e-05
8.0728616907e-03
3.4445007940e-03
-9.5563101515e-04
1.1410565405e-03
5.9379482986e-04
5.7308100944e-04
-1.0745806853e-03
-6.9609936682e-04
4.8198219678e-03
5.8552824733e-03
-2.2761150869e-03
-2.6264438162e-03
1.1209108758e-03
-2.4521036952e-03
3.0476209022e-03
2.3502159676e-04
-8.4371148099e-04
9.0042401671e-04
3.4252913335e-03
-5.3471601896e-03
-1.1172060905e-03
1.9647418644e-03
-4.2558991080e-03
-1.8842631816e-03
-2.0615561686e-03
4.1904454051e-03
3.5821818742e-03
1.1572754121e-02
3.6105157358e-03
2.9947549532e-03
-4.7339390203e-03
-9.7300089691e-04
1.3717448822e-03
1.9582256390e-03
1.1245063453e-03
-4.0256477093e-03
-2.7479739760e-03
-3.3701818026e-03
-2.7712711632e-03
-3.2796392700e-03
-4.5382366471e-03
-4.0009252856e-04
-2.8194318089e-03
5.0103202269e-03
3.1143582928e-03
-1.2287183042e-03
4.0519240922e-03
2.3714659671e-03
-6.9973355403e-04
-2.9411044556e-03
1.0574024586e-03
-3.6431803532e-03
1.5774872484e-03
-3.3691797176e-03
-3.9887633499e-04
2.3580934637e-03
-5.0152802464e-03
-3.2217274787e-03
6.3827314709e-03
-7.3161246933e-04
-3.2559943951e-03
-2.6739124838e-04
4.7470682687e-03
4.1618278032e-03
-2.4867187970e-03
-3.9042043287e-03
2.3405926541e-03
3.5876499368e-04
5.9965701472e-03
-4.7884345107e-03
-4.8323758698e-03
-6.6578174902e-03
2.7496169796e-03
-5.2089498345e-03
2.0794808792e-03
-5.1732630135e-04
7.8885770649e-04
9.2427489811e-04
-5.8715723216e-05
7.1904873268e-03
8.9563271062e-04
3.1325373048e-03
4.4699412786e-04
1.9803711730e-03
6.2670456342e-03
6.3016692345e-03
-4.2039030544e-03
3.2267441864e-03
-4.3315019369e-03
5.4653061011e-03
-2.7829959489e-03
-3.3977646545e-03
-5.6748490926e-03
1.8817693362e-03
9.9230854974e-04
-8.0662779644e-04
-3.1359577473e-03
-3.9532300508e-03
-1.8979163565e-03
1.2500565380e-03
-4.4545253239e-03
-3.8721547726e-03
2.1641788727e-03
2.8886581359e-03
4.2446189569e-03
4.3470430862e-03
-2.9880431955e-03
-4.2063541903e-03
2.3617970230e-03
-8.2546943267e-04
-1.1772842697e-03
-5.2660178807e-03
1.5968137261e-03
1.2415694871e-03
4.1777786049e-03
3.2932673324e-03
-8.1735643234e-04
-1.3366472465e-03
4.7751327621e-03
-3.3280834595e-03
-3.7302077313e-03
4.6472840388e-03
-2.3664003473e-03
-4.8671838141e-04
-8.7699033071e-04
-2.6348257558e-03
5.6438682428e-04
-1.0240679674e-03
1.6780435483e-03
1.3849862671e-03
-3.9155275168e-03
-2.2464940676e-03
2.0315548098e-03
1.9124333059e-03
-5.8914987066e-03
5.8834910635e-03
8.7192344705e-04
-2.4195266518e-03
1.2204885823e-03
1.0595255432e-03
1.8270263042e-04
-1.4267384379e-03
-5.8369730556e-03
5.0563313816e-06
-2.6549962437e-03
4.9640472126e-03
2.1506375160e-03
5.3821085806e-05
-8.9349359170e-04
1.1815526377e-04
-2.2090684567e-03
8.4726452925e-04
2.0747592044e-03
-6.8096543159e-04
4.1680242205e-03
-8.9490517959e-04
-4.8218904952e-03
-3.5610610826e-03
2.7817399561e-04
1.5040735641e-03
-5.7039629052e-03
8.7582360814e-03
1.2827970096e-03
7.2436895368e-03
6.8817331222e-03
-4.3375952503e-04
-1.1224476976e-03
6.6482243226e-03
-7.4819640455e-04
-3.0995448880e-04
-4.5992629494e-03
-6.5353363547e-03
6.6476151333e-03
-3.1188944165e-03
-6.2111808732e-04
-7.5342586741e-04
4.7929389728e-03
-3.5133107066e-03
3.9507749074e-04
-3.8083437206e-03
-1.4649721909e-03
-9.5389222800e-05
2.6351339124e-03
-1.2214714550e-03
2.1494469733e-03
6.5774393512e-03
-2.3604624341e-03
-5.8079761647e-03
-2.4887071630e-03
6.8173096187e-03
-9.8438158492e-04
-2.3304882389e-03
7.4130541097e-04
-2.5591633035e-03
1.3259359768e-03
-1.6314887022e-03
3.6658427655e-03
-3.8978723943e-03
2.9762072714e-03
6.4555460967e-04
2.1474207149e-03
-5.3391043420e-04
-4.6288162846e-03
-1.4108484688e-03
8.1698219040e-04
4.1818644465e-03
2.3283356587e-03
-5.9104082664e-03
3.1306476509e-03
8.5375233464e-04
-2.2497315574e-03
-2.1485266248e-03
4.1587242939e-04
-1.9164560291e-03
5.0615050796e-03
8.3735336251e-04
-2.5350444688e-03
1.6331889294e-03
1.0683991556e-03
-2.3116029650e-04
6.2570530500e-04
7.9131443599e-04
8.6358708783e-03
-3.9545904200e-03
1.8787335322e-03
-3.0346656641e-03
2.4301760442e-03
1.1460452074e-03
1.4758315055e-03
1.9424079866e-03
4.5987864967e-04
-4.1181159419e-03
4.9018410637e-03
-2.7373356506e-03
-4.3208799408e-03
-8.8795445108e-04
-3.1416507483e-03
-5.6510357894e-03
-9.2823563053e-04
4.5776686880e-03
4.1615517550e-03
-1.4874386384e-04
2.1501007685e-03
-2.2494472285e-03
2.0845787069e-04
1.6509447291e-03
2.9382469858e-03
-3.1753460472e-03
-8.7689137496e-04
2.6398796795e-03
-2.0923009942e-03
2.6456576872e-03
-1.3504831416e-05
2.7351423495e-03
-4.3460090813e-04
1.1006779669e-03
2.8393338753e-04
-3.1821406071e-03
-2.1599344840e-03
9.2438184777e-03
-3.2215733767e-03
-1.8576374838e-03
2.7877697921e-03
4.8201480018e-05
7.3361433517e-03
1.6962094863e-03
4.4435190929e-03
1.5838851714e-03
1.6176790730e-03
-4.8456839997e-03
-3.1045546091e-03
4.4237306936e-03
-1.2234057841e-03
3.6304655520e-03
4.6390680479e-04
2.6973325426e-03
1.0155900129e-04
-3.4882117975e-03
-6.8310649537e-03
-8.0364054287e-04
-3.7124395173e-03
-3.9127849296e-03
2.5976357345e-03
-4.0583872529e-03
-3.6886815585e-03
9.9652907099e-03
1.6644929040e-03
1.6362037662e-03
1.3016223040e-03
-1.7172661002e-03
-5.9381528184e-04
6.8547705722e-03
7.8177450808e-03
4.9747220034e-03
3.0857066655e-03
2.3966186321e-04
3.0317634891e-04
-1.7978969575e-03
-2.9823757805e-03
1.6951021347e-03
-7.0615938796e-04
-2.3765258145e-03
-9.2083945448e-05
-1.1220969804e-03
-5.2227255948e-03
2.5528293773e-03
-6.4632933992e-03
-3.1005361544e-03
-3.0938191957e-03
-1.0779196714e-03
-1.3538038976e-03
-1.5554101551e-03
2.5019753865e-03
-1.7331879669e-03
6.4500084245e-03
-2.7006029408e-03
2.7593893012e-03
-9.9397850659e-04
1.3003269462e-02
5.7980834646e-03
2.7251107936e-03
-1.8474880991e-03
1.2404178312e-03
1.2495667383e-03
-2.4951955055e-03
1.9673142998e-04
-5.1280859172e-03
1.9611883710e-03
-1.6514819300e-03
6.3731432191e-04
1.0395290891e-03
8.2783381840e-04
9.3022933220e-03
4.5478793920e-03
-1.1944310165e-03
7.0065040745e-03
1.5681981112e-04
-3.8663607150e-03
-1.9328305509e-03
1.1518763608e-02
2.6057389484e-03
2.9909464946e-03
2.7256402111e-03
-2.4201895582e-03
8.9640378487e-04
-3.9946731097e-03
7.2676944516e-04
-4.1391850948e-03
-1.2039306964e-03
7.7136343415e-05
-1.0476384653e-04
-2.7627234663e-03
4.7621471372e-03
1.8248217949e-03
-7.2947243438e-04
-3.8050661416e-04
-3.9027050606e-03
1.6807261677e-03
-5.1476202467e-03
-1.6448904158e-03
1.1844461040e-03
-6.5843173547e-03
-2.4322465480e-03
-9.3099237527e-04
8.5018360508e-04
-3.8670709967e-03
4.0811475237e-03
-2.0357930071e-03
-1.4559551376e-03
2.6965241640e-03
-3.7513985114e-03
2.3665879056e-03
7.4257264824e-04
2.7043362165e-03
3.8829880365e-03
-3.9792512307e-03
4.9625288623e-05
-7.9018822486e-04
3.8307424171e-03
7.6936571103e-04
1.5188679857e-03
8.0366970895e-06
1.4135713453e-03
-1.4403452250e-03
-6.8663444226e-04
9.1653154535e-04
-7.5091531215e-04
-1.0484366078e-03
1.4919608905e-05
1.0827920627e-02
-5.9335275484e-05
-4.4251749401e-03
-2.6723901244e-03
5.4790973924e-04
6.1666994951e-04
5.3147376850e-04
-1.6287208400e-03
-2.3228323806e-03
1.0312613389e-03
4.2035059646e-03
2.2307037434e-04
-1.0511477190e-03
-2.7837970521e-03
-8.3470256357e-05
1.4375381759e-03
7.5766474757e-03
-9.2420334605e-04
3.8155279958e-04
-1.8527314905e-03
8.3460620733e-03
-3.0227226944e-03
6.9608116220e-04
3.9315638486e-04
5.0388494315e-04
-6.5795136085e-03
4.6607194160e-03
-6.3484288450e-04
2.2190061144e-03
3.2338804778e-03
-1.2575220264e-03
-2.1619772492e-04
-1.1064020253e-04
5.9864660548e-03
2.2628497658e-03
6.7336447523e-04
6.3055333069e-04
1.9148012283e-03
4.0601819962e-03
1.8824879207e-03
-2.0944453914e-05
-6.4829791491e-03
-1.4906683317e-03
1.2761934881e-04
2.1942794207e-03
5.2100284382e-03
1.8157832629e-03
2.2455311373e-03
2.4663490283e-03
-3.8562353484e-03
2.9841526731e-03
8.2169087186e-03
2.8160527296e-03
-1.7957687514e-03
-3.5702545254e-03
1.3796914458e-03
3.5501068141e-03
-2.5767506453e-03
1.7478069684e-03
7.7531811979e-03
-3.3328456338e-03
4.6172744772e-03
-1.7715130259e-03
-2.6941249927e-03
-2.1184546674e-03
-4.3121145176e-03
-4.3740766574e-04
-1.2587875941e-03
4.2122002457e-04
8.6534622003e-05
-3.0093730223e-03
-1.8150900549e-03
-3.2566740870e-03
4.2474106294e-04
-7.6276354452e-05
2.6648385357e-03
-2.9131858054e-03
-6.2690456707e-03
4.3117277981e-04
2.5544078999e-03
6.8053523927e-04
2.3269342235e-03
-1.9256189022e-03
-2.1318316287e-03
-1.0947595337e-03
1.6402517277e-03
2.6766286817e-03
2.6807336385e-03
-1.1144219978e-03
1.2532304506e-03
-1.3466474046e-03
1.0262782261e-03
4.8683093927e-04
-3.1570040372e-03
8.4895902296e-04
1.0026486624e-02
3.1192804515e-03
1.1192648496e-03
-6.5618865704e-05
-2.4656541942e-03
-2.0442127279e-03
-3.7110151659e-03
2.2243004685e-03
-2.6800196603e-03
2.4836426363e-05
5.5513890911e-03
-2.5355760011e-03
-1.6605694823e-03
-1.9796084511e-03
2.2848281334e-03
1.1829034437e-02
7.4841426984e-03
4.9751396953e-04
2.6025969567e-03
-4.5807432635e-03
-2.5485486851e-03
-1.8730699487e-03
-4.9785541100e-03
-7.9977756893e-04
3.4798183712e-03
4.3222127952e-03
-1.5795046167e-03
-5.0173031670e-03
-1.8869673443e-04
2.3646576336e-03
-1.0792547077e-03
1.0241350254e-03
7.9725954413e-03
8.5512731881e-04
-2.8990576110e-04
7.8947022413e-04
2.7418070974e-03
5.3513918454e-05
-4.0678421382e-04
-3.0197827534e-03
-1.1633812942e-03
-5.1261281342e-03
-3.5988727145e-03
1.0191772395e-03
2.8134460685e-03
5.9460263686e-03
6.6757099895e-04
2.9106532941e-05
-7.3965672210e-04
-3.8397345150e-03
-2.0547694421e-03
-1.8737331281e-03
1.5393874111e-03
-4.7451427056e-03
5.2181300126e-03
-2.8567397703e-03
-5.8799933786e-03
-3.8335121150e-03
-4.2716333518e-03
-8.7361888173e-04
9.6487022721e-04
2.5088841106e-03
1.8439162759e-03
-1.0320428160e-03
-3.6499358843e-03
7.0690917383e-03
-2.6264582567e-03
-5.2491038877e-04
-4.1417898121e-03
2.4937379053e-04
4.7716301415e-03
1.4929588850e-03
-5.0183728247e-03
6.8414459705e-04
3.5099604175e-03
2.9670277336e-03
-1.9876461554e-03
-3.0477143308e-03
6.9161094508e-04
-1.1949862220e-03
-2.6808464232e-03
1.9220852607e-03
-1.9505666555e-03
-1.0186733016e-03
-1.0595441625e-03
-3.0407799655e-04
-1.3873834045e-03
7.5093046941e-03
2.0354417912e-03
-1.2709671587e-03
-2.4957282076e-03
-2.4982556511e-03
-1.2412098140e-03
-2.2719359293e-03
1.7255365375e-03
-4.2604040117e-03
-1.7158217557e-03
-4.4601973348e-03
1.0865320586e-03
4.0295304579e-03
7.3628860254e-04
1.4566650420e-03
3.5492284542e-03
-3.5441787881e-03
-7.8246144280e-04
4.8558329292e-03
2.5044173217e-03
-1.8818544342e-03
2.7605993591e-03
-3.0764245671e-03
-1.7954450081e-03
-7.7083662320e-04
2.2268939024e-03
-3.7541984007e-03
7.5372350855e-03
3.4502610008e-03
-2.4236240632e-03
-1.8870919441e-03
-2.3670826673e-05
-1.5789075747e-03
1.4449481155e-04
2.0253368604e-03
2.1358392644e-04
-1.7419133428e-03
2.1855782907e-03
-4.6825749183e-03
2.3030557945e-03
-7.1131689801e-04
2.3571190651e-03
-2.9018143712e-04
-2.3746505466e-03
-1.1015307160e-03
-1.0858714955e-03
3.5779198949e-03
-2.9617081687e-03
1.4220935333e-04
3.5486563019e-03
5.6618344991e-04
3.7111847981e-03
-3.6137146502e-03
-3.8058202828e-05
1.2028307266e-02
7.3559789283e-06
3.1961373845e-03
7.7242046886e-03
-4.1811237573e-03
-5.4542936000e-03
2.2654259872e-04
1.2000024769e-03
3.0209121205e-03
-5.1947847657e-03
-2.7360685053e-03
-4.7356981696e-03
-2.0246518000e-03
1.5547234052e-03
-4.5637082949e-03
1.3258392994e-03
1.2913205094e-02
6.1610986228e-04
4.6244589727e-04
5.5960173841e-03
-3.1439540283e-03
-3.9787677654e-03
1.2332185332e-03
5.5960139356e-04
-1.0799898441e-03
2.1926971534e-03
1.1546894873e-03
-2.9727338653e-03
-6.5696758578e-04
-1.9942240284e-03
1.7089900341e-04
-3.2730629728e-04
-3.2029233809e-03
-2.8525232186e-03
-1.1963325918e-03
1.5823176801e-03
-1.1035313482e-03
-6.6177235236e-04
-4.1305867593e-04
