4.4476142780e-04
4.0345044724e-03
6.2240842611e-03
-1.8559918616e-03
1.2168542445e-03
-6.0413240071e-04
2.7995626805e-03
-1.0076208224e-03
-1.0123120430e-03
-1.8313473470e-03
1.5738897901e-03
-4.3572299417e-03
-8.5856877909e-04
2.7812698826e-03
4.3057827836e-03
-3.3717840038e-03
8.5492965487e-04
-8.0913433605e-04
-3.1783229716e-04
-2.1327486533e-03
2.7476599838e-03
-1.7745243780e-03
4.2603036263e-03
-2.6944098371e-04
-3.6920409998e-03
1.2830221838e-03
2.1569830422e-03
2.3256976257e-03
-4.3586653358e-03
4.1359100229e-03
-1.3975385223e-03
4.4357953226e-03
-1.9833498112e-03
-3.1923850663e-03
-4.9999254241e-03
-9.5755187651e-04
4.3634564414e-04
1.0099727339e-02
5.4170298704e-03
-2.8228104075e-03
-3.9395645451e-04
-2.5381820985e-04
1.0139985415e-02
-1.9992896632e-03
-3.6329116305e-03
-2.5939690704e-03
-3.2764876733e-03
-4.0553525331e-03
-3.0215255422e-03
3.5653712383e-04
1.5310359847e-03
-1.9584548006e-03
-1.8333140130e-03
6.1000267883e-04
-5.9346710367e-03
3.9700433225e-03
3.1227159134e-03
9.8868663759e-04
-3.1896905443e-03
-3.7089829610e-03
-5.5930708902e-04
-1.2937080090e-03
6.3031321021e-04
-1.6691824071e-03
-3.6822570957e-06
-2.2911159659e-03
-5.2832409433e-03
-2.1281407380e-04
-3.7687582459e-04
2.4814868721e-03
-3.5202339788e-03
1.6707967409e-03
5.4966984645e-04
-5.6520315172e-03
-8.4676636033e-04
-1.0472481038e-03
-2.0880232200e-03
-2.4813151274e-04
4.3407772101e-04
-8.5051059790e-04
4.4959750792e-03
2.1091050053e-03
3.0812743178e-03
-3.9468175336e-04
6.1036865091e-03
-2.5630649388e-03
-6.8246070915e-04
3.4746869038e-03
1.6792188629e-03
-1.6117863612e-03
-1.9917116454e-03
3.4692284208e-03
4.9552648764e-04
3.2192756601e-05
1.2736467267e-03
2.8892315309e-03
2.2478136146e-03
3.2753599777e-03
2.8473816169e-03
1.2997795020e-03
1.2754669819e-04
-1.0310970001e-03
-1.2413235025e-03
-2.2074934965e-04
-9.4717027353e-04
7.5370670954e-04
-4.1282895913e-04
7.9949208657e-04
2.2784415788e-03
-3.3841931219e-03
-3.9956140409e-03
-4.2350654875e-03
-1.2898918312e-03
4.3052321708e-03
-1.0879089690e-03
-1.9777314451e-03
-1.5528294593e-03
4.0539128754e-03
1.6349025283e-03
4.4830394591e-05
-8.2136862459e-04
-3.8649941372e-04
-1.0338287775e-03
1.7555906747e-03
-2.2512954611e-04
9.4154663002e-04
-3.0837402183e-03
4.3592397903e-03
-7.9287826267e-04
2.4198833781e-03
-4.1696677644e-03
-2.8020040180e-03
-2.5129427792e-04
-5.5536882609e-03
-9.1383110017e-04
9.4355304877e-04
1.8591723248e-03
1.0078395496e-03
1.1555483509e-03
8.8591684398e-04
-2.0297913603e-03
-8.7067768499e-04
-6.5142279048e-04
2.0476959575e-04
4.2361139382e-03
-2.2513640681e-03
2.5780364409e-03
-1.6469775101e-03
-2.4918422810e-03
6.4630088417e-04
1.7820742013e-03
-1.4694721837e-03
6.7842536077e-04
-2.2440636014e-03
-2.4675661817e-03
9.0712426615e-03
3.2095768090e-03
2.8277141692e-03
2.1159681814e-03
1.1028266700e-03
-2.7729737244e-03
-6.8572804232e-04
5.1636010611e-03
1.8979376307e-03
3.7718539847e-04
-2.6959442865e-03
-8.8411462135e-04
1.8364852672e-03
3.0183768682e-03
1.0969276964e-03
2.7833020379e-04
-2.8772885820e-03
1.4887696725e-03
4.2916583526e-03
1.6917263655e-03
5.6135052785e-03
2.0072379345e-04
-3.6835914596e-03
-4.0159860802e-03
5.1407768083e-05
-7.5420442748e-04
2.6231058892e-03
-2.2308549665e-04
8.1501345544e-03
4.3723925287e-04
1.4013651200e-04
-2.6656412178e-03
-1.9355122356e-03
1.6975350552e-03
-2.3932960543e-03
4.3374788222e-04
9.7883281287e-04
-2.6916610347e-03
-8.4989814090e-04
7.8327992166e-03
1.7487227649e-03
1.8120016767e-03
4.0253796336e-04
1.2550488902e-04
1.5284445117e-03
5.9029210820e-05
5.1949717389e-04
-4.3216045934e-03
8.6211942038e-03
8.9920557325e-03
1.4464278487e-03
-4.6361343258e-03
1.9777028650e-03
-1.2768565564e-03
-2.1257947362e-03
-3.4548586899e-03
2.1425485060e-05
4.5785374907e-04
7.4369136207e-03
5.0353040384e-03
2.5294152542e-03
-2.4694565434e-03
-1.5694332308e-03
-1.0727957584e-03
-1.6590555202e-03
-1.1135985086e-03
-5.1690761581e-03
1.9064466726e-03
4.3568873253e-03
-5.9098827988e-04
-8.2861737487e-04
-3.4663444551e-03
-3.8034279379e-03
4.9802788238e-04
-2.7260388088e-03
-1.2476388400e-03
-4.5967823181e-03
2.3695615563e-03
-6.2596306361e-04
-3.8046763469e-03
-2.1536764633e-03
4.1353293990e-03
4.4783498662e-04
1.4241684266e-03
3.6959993993e-03
-1.7018036722e-03
3.0023028914e-03
1.4751937784e-03
1.1475290274e-03
-4.8719415927e-04
2.9923494318e-03
-1.2208283343e-03
1.0648738816e-03
1.8017361015e-04
-2.8843655425e-03
-6.0122808668e-04
3.2856222242e-03
1.2330521440e-03
8.7470035645e-04
-1.3035848748e-03
9.3826133353e-04
6.3902404103e-03
-2.3103701993e-03
1.6207017501e-03
-1.7449760939e-03
-1.9281948483e-03
-4.6894491553e-03
1.2581850268e-03
2.3397019042e-03
-2.6654440173e-03
-1.7711129220e-03
5.4974337272e-04
1.2388330033e-03
-1.1390886605e-03
-5.1212543556e-05
-1.4406915809e-03
6.5086911853e-04
-1.0204451773e-03
3.3666976526e-03
-2.0319532267e-03
-3.8638668555e-03
-1.0592482916e-03
-2.3574137615e-03
5.4080906722e-03
-1.4107384425e-03
-2.2239208833e-05
5.9100659278e-03
-4.0117833416e-04
-2.5542390787e-03
2.6236935188e-03
1.7521693309e-03
5.4217714709e-03
-1.4966055853e-04
2.7958280120e-04
-1.4898806467e-03
-2.6339430293e-03
-1.3545398665e-03
-8.4008779153e-04
3.5391192378e-03
1.5144467728e-03
-3.3927353103e-04
1.2199345848e-03
4.0615587847e-03
-3.1661707305e-03
3.4805547813e-03
4.8669492369e-03
2.6291964398e-03
3.3570444297e-03
2.0659464998e-03
9.9291396274e-05
-4.8063365238e-03
-4.5139008867e-04
-4.8049684364e-03
-3.3500081187e-03
3.5929793313e-03
3.1909501931e-03
1.1679856352e-03
-5.5377482825e-04
5.6434997938e-03
2.4038691317e-03
-2.2816043590e-03
4.4690190859e-04
-1.4102739600e-05
-3.3022691915e-03
3.8625062521e-04
1.5632224208e-03
2.9711254310e-04
2.2857651091e-04
2.8944425447e-03
2.4159990063e-03
4.1110492560e-03
-1.5807920829e-03
-2.7642987640e-03
-9.6721430580e-04
1.7506330047e-03
3.8529594834e-03
2.2002771620e-04
8.8879640266e-03
8.5439425786e-03
1.0582328285e-03
-1.6388403422e-03
-2.1619139291e-04
-3.6383470059e-03
-1.9145676012e-03
3.1232585593e-03
1.3248394844e-03
-5.2519984495e-03
-2.8540470838e-03
-1.6718318705e-03
4.0389558235e-03
-2.6507995333e-03
2.7968311015e-03
9.7982035778e-03
2.9836783494e-03
2.1450414404e-03
-1.4167063070e-03
1.4197418398e-03
-6.3922520886e-04
-6.0819630508e-03
2.8770477236e-03
1.0589281124e-03
-9.7135092047e-04
-1.6743979839e-03
4.2521508527e-04
3.9840628494e-04
-2.1606629244e-04
6.4796096018e-04
1.4147030190e-03
5.3359390989e-04
-1.9904682600e-03
1.4068699102e-03
1.4079099153e-03
-4.1150067765e-04
1.5280957181e-03
-9.0352794830e-04
-2.5802882350e-03
2.5928144733e-03
-2.9501083957e-04
3.3357144069e-03
8.0310408388e-03
-2.1205180708e-04
2.5562860981e-03
1.7893653272e-03
-2.1858615856e-03
-1.0940416031e-03
-1.0698071073e-03
1.3959494002e-03
1.1169035418e-03
-1.3248375259e-03
9.1706668942e-05
1.2782667550e-03
1.4452486043e-03
-4.3746701166e-04
-1.5594692729e-03
6.3544162794e-04
-3.8800364313e-04
1.3681979980e-03
-2.7809739732e-05
1.1701655204e-04
-1.5717194177e-03
1.4262223661e-03
4.2115114147e-03
1.0768550751e-03
-1.1055087302e-03
2.3978827896e-03
3.6352775220e-03
5.7725903681e-04
-2.9508805249e-03
2.0248383916e-04
3.6141562715e-03
2.4203565124e-03
1.2965354703e-03
5.7010715306e-03
-8.3012770111e-04
-2.4420821772e-03
-5.8927925100e-03
2.6708289901e-03
9.8987688233e-06
-2.6199116722e-04
1.8828575227e-03
-1.1456546215e-03
5.1864085333e-03
-5.6860292761e-03
-1.4616263366e-03
-9.2865837637e-04
-3.0909495566e-03
1.3037958776e-03
1.9850639198e-03
-3.9971210748e-03
-3.3887294145e-04
-2.1050443707e-03
3.7097405769e-03
2.8686966906e-04
1.5615278876e-04
9.1121254587e-04
-1.7976751280e-03
-5.0780526837e-03
3.8324815415e-03
3.1058972390e-03
1.1514866583e-03
3.3915412393e-03
-1.8431030387e-03
7.8580532526e-04
-2.9007941598e-03
-3.1786272748e-04
-4.0889985034e-03
-2.6690187120e-03
8.1041136808e-03
1.3575320548e-03
4.0305263730e-03
-2.3216189785e-03
5.6179925741e-03
2.2923065809e-03
-7.6979202034e-04
1.0887539811e-04
3.5920965695e-04
3.5263216621e-05
-2.7761950770e-03
4.0741048175e-03
-4.6946442720e-03
-2.8427280543e-04
5.5524935625e-03
-7.0444890320e-05
-3.1843064084e-03
1.6578124372e-03
4.0675175206e-03
-2.7530793657e-03
-1.5098642125e-03
3.1798289541e-03
1.6272658165e-03
-2.5590051980e-03
4.8049161381e-04
-1.3335030100e-03
-3.6376268635e-03
-9.9195035444e-04
8.7725776955e-03
-2.9553003666e-04
2.7215051307e-03
2.3043246448e-03
8.9270544005e-04
6.4463482252e-03
-5.0687485367e-04
-4.7631745908e-03
-5.8609677790e-03
-4.4621843019e-04
7.6021544706e-04
1.0443326788e-03
-1.0372003424e-03
4.5744589043e-05
1.2657725349e-03
4.4782430364e-04
-3.9060667246e-03
-3.0591519786e-03
-3.5627413624e-04
5.4567398449e-03
-1.1733853963e-03
-1.8298281594e-03
-4.1987036273e-03
9.1567478483e-04
5.7981983289e-04
-3.2081137280e-03
4.8118307246e-03
-1.7564362290e-03
-7.8519173147e-05
2.0105920824e-03
3.5590941071e-03
-1.7204259631e-03
-4.7411658824e-03
-3.5591257794e-03
2.0244424402e-03
2.3155755504e-03
-1.4034320759e-03
9.7056223994e-04
2.8999817087e-04
1.6939424792e-03
-1.4709004941e-03
-7.3723072813e-04
-2.3209838783e-03
-1.3765826003e-03
1.5571648199e-04
5.2909271235e-04
1.5339302482e-03
-1.5125332913e-03
-1.6968824102e-03
-3.8059140403e-03
1.6874271501e-03
-4.3941981305e-04
1.6063292250e-03
-1.4001061615e-03
-2.6286179045e-03
5.5444071247e-04
-4.6983497152e-03
1.1819748947e-06
8.1326447127e-04
2.0677739730e-04
-1.4607667593e-03
2.0873190629e-03
-2.9797541519e-03
1.5751980319e-04
-5.5034781067e-04
-2.4206898717e-03
4.6364021943e-03
4.1409680234e-03
2.4494767921e-03
-9.8356963609e-04
1.3600631191e-03
-6.0018662241e-03
-4.5198106908e-04
-1.5768091269e-03
1.2983066624e-03
2.8231922951e-04
-7.9530096586e-04
2.0541561179e-03
-8.5311226940e-04
1.8676984443e-03
-1.7708911608e-03
2.9965142232e-03
7.3780201750e-03
-3.9692412284e-03
-1.3865185025e-03
2.2463477411e-03
5.6258681742e-03
3.2652180709e-05
-4.2209132927e-03
-2.9860471807e-03
-1.0291709174e-03
-4.2400567790e-03
-1.7477363106e-03
-3.3542339680e-03
2.6464849592e-04
4.9795957561e-03
1.5106602666e-03
2.8867421343e-03
2.0713386142e-03
3.4383463741e-03
2.7085646943e-03
-1.2576392367e-03
2.5533187151e-03
-2.8280461362e-03
-4.9010837412e-04
1.0684535913e-03
-3.5342493886e-03
-8.1565473255e-04
3.2338767656e-03
3.3180404366e-04
6.1088631336e-04
1.7298587332e-03
1.3112251119e-03
-3.1683742867e-03
3.7513867243e-04
-9.7405775237e-05
1.1347219861e-03
2.4070711850e-03
3.4888061792e-04
1.1155279113e-02
-1.3780486288e-03
1.4122984004e-03
3.9246761650e-04
-1.6026844507e-03
3.4406179283e-03
-7.6026214517e-04
1.0834694091e-03
4.0182539412e-03
5.1121017613e-03
-2.7771332256e-03
5.0359560557e-03
1.3135740145e-03
-2.8290985697e-03
3.9943104707e-03
9.9003097755e-04
-2.7792495141e-03
-3.3292255309e-03
-3.1023644948e-03
9.6066788608e-05
-3.6522171614e-03
-1.0169012992e-03
5.3444270121e-04
-2.8829426829e-03
4.8157200531e-03
2.5803543871e-03
8.9457713263e-04
4.9015451789e-03
-2.1104368442e-03
1.2254102354e-03
2.3626441963e-03
7.8751565348e-03
1.9878022859e-03
1.6104145690e-03
5.1704307508e-05
-2.3799575877e-03
1.9413012639e-03
3.5391521675e-03
-1.5580272967e-03
-2.4253488325e-03
4.5959419936e-03
5.4302091617e-03
-1.1366208922e-03
3.4350710299e-03
-1.7671419831e-03
2.7692549369e-06
6.2082637417e-04
-2.1072860489e-03
2.3500380831e-03
-3.0339913796e-03
2.7734528182e-04
-1.5489716608e-03
2.2911843090e-03
1.9825993039e-03
-1.2086371361e-03
1.7430536927e-03
6.6462546966e-03
-2.7510325162e-04
3.4729608622e-03
2.2104598007e-05
-2.1983461335e-03
1.0570281747e-03
-4.0912144446e-03
-3.6300994215e-04
1.1126607314e-03
-2.3909362856e-03
-1.2087970447e-03
8.0756843176e-05
-3.3611787892e-03
7.3707142497e-04
-3.5300254732e-03
-1.1272398178e-03
8.5958742819e-04
2.4510627464e-04
-3.9034801829e-03
4.0164489326e-03
1.3278406609e-03
3.6864993098e-03
-2.3137717418e-03
-1.6740677359e-03
-4.0891985664e-05
5.5418456093e-04
-3.0790272575e-03
-4.3501431798e-04
6.2242566738e-04
1.2300069007e-03
4.2248725572e-03
-1.4397594510e-03
-4.7451748288e-03
-5.0133728412e-05
2.2140804913e-03
3.6181817320e-04
-1.1059198226e-03
-1.0851447477e-03
-4.7423842673e-03
6.1513451939e-03
-1.6263738002e-03
1.3142333338e-04
4.3252223397e-03
4.3998437330e-03
-2.0861386820e-03
-2.6594127656e-03
-1.3002444354e-03
-3.6557281425e-03
1.9706432559e-03
2.3231534741e-03
-4.0044291893e-03
2.2482538615e-03
-1.6726596190e-03
2.4386304757e-06
-1.1091479299e-03
-3.3885076610e-03
3.7427572220e-03
4.9409179803e-03
-6.8897551685e-04
-8.7154427683e-04
6.8619071804e-04
-1.6438696069e-03
-1.1067699012e-03
-3.8571137117e-03
-5.3664095682e-03
3.3303356328e-04
-3.0006507946e-03
3.0387185413e-03
6.4474834492e-03
-1.4096068908e-06
9.6287148663e-04
1.2510657663e-04
2.4713825443e-03
3.5169630243e-04
3.5441529202e-03
1.7207638250e-03
-1.7636959196e-03
-1.9784864439e-03
-4.8804815719e-03
-3.4843449505e-03
6.3510384842e-04
1.6872096914e-03
-2.3657587137e-03
-6.5822562444e-04
6.8095550438e-04
1.3873071688e-03
-1.2049548426e-03
4.6369760569e-03
-7.5276481368e-04
-2.2960182427e-03
-3.6444872198e-03
-2.2197263019e-03
-1.3506098655e-03
6.6779096234e-03
-3.1700662680e-03
-2.9456373267e-03
3.7549547678e-04
-8.9475097178e-04
7.3830889145e-04
1.3900411742e-03
-2.1884674373e-03
-1.9804207813e-03
-2.4542731242e-03
-1.1009050640e-03
4.1435623571e-03
2.1580385393e-03
-1.3193676830e-03
6.9485147114e-04
-8.2721073673e-04
-1.7366411933e-03
4.1784961150e-03
2.5294596412e-03
-3.2967579547e-03
-4.8087543778e-04
-2.7346692541e-04
2.5471817396e-03
-8.4466418305e-05
7.7049334093e-04
5.0588626483e-04
-1.5110801857e-03
-2.5204590891e-03
-3.0369392084e-03
-9.6784417412e-04
-4.7904123844e-03
1.7617301477e-04
-3.5528177636e-03
1.5866476355e-03
2.0032582701e-03
-6.0211346924e-03
-3.0166027839e-04
-1.3388264900e-03
-3.9577788398e-04
-4.3787778871e-03
-1.5886511348e-03
-1.2151494183e-03
2.8109631305e-03
-1.0548661950e-03
-6.1328640462e-04
6.2654019456e-03
-5.3748816385e-04
-1.0756130061e-03
-2.6271091680e-03
-1.9519126975e-03
-7.6430973652e-04
-1.3554075278e-03
1.3423779041e-05
-4.9888202493e-03
-5.0310916460e-03
-1.4314125536e-03
-3.3409893050e-03
1.4239074005e-03
-4.5499502950e-03
-7.4339961881e-04
-1.4520336962e-03
2.3194668239e-03
1.0766460189e-04
1.1483589042e-03
-2.9359424280e-03
2.6062125043e-04
-3.4860181282e-03
2.0801272374e-04
2.3726178948e-03
-4.5513776553e-03
1.9649650390e-03
6.5451992077e-03
2.8330479068e-03
-5.2363803784e-03
-1.3358351590e-03
-2.0512643200e-03
-8.4757804227e-04
-2.0063223122e-03
2.2340807376e-03
-1.3649060276e-03
1.1055025414e-03
3.4551526092e-04
2.0942947711e-03
5.9272771128e-03
-6.8671355339e-04
6.0369346613e-04
-8.4893402969e-04
-1.9705593029e-03
1.5738329831e-03
-2.4348570596e-03
3.2933903618e-03
-2.6240318983e-03
1.7235084030e-03
3.0710805466e-03
-1.2168391716e-03
-1.9697793751e-03
2.4327972629e-03
-2.6937794352e-03
2.9869748009e-03
4.2020306684e-03
1.1723454367e-03
2.6349468052e-04
-4.7506353584e-04
2.7028544095e-03
4.4828401152e-04
-1.5534886552e-03
5.3162959302e-03
1.7687438106e-03
2.5266187950e-03
2.7556709061e-04
-6.8589237047e-04
-1.5216177354e-03
3.3847661438e-04
-1.1952252283e-03
-1.4239422327e-03
1.5291346092e-03
-6.0387743315e-03
5.5202601810e-04
3.0317398460e-03
1.8083589359e-03
-1.9940171940e-03
-1.8756953299e-03
-2.9379060230e-03
-4.1789783516e-03
-3.4069170852e-03
-1.3298492252e-03
-2.3992834466e-04
-1.4351454592e-03
1.2653358378e-03
-5.3079166852e-03
-2.2794748652e-03
-2.2179467237e-03
-8.1310497900e-04
3.2727765266e-03
1.8584466189e-03
-1.7447436242e-03
3.0164142034e-03
6.3247906173e-04
-6.2090660733e-04
-1.5615250175e-03
-4.4132944887e-03
3.5278430221e-03
-6.5192959841e-04
-1.5105492286e-03
3.5615372497e-03
-1.5539418644e-04
2.4801729702e-04
-2.1287497620e-03
-1.4319522549e-04
1.0947590572e-03
2.3785376238e-03
-3.0900726252e-04
-6.9008639313e-04
-1.5571369388e-03
-4.1154254239e-03
-3.2907803630e-03
-4.5697336944e-04
-8.7729427020e-04
1.5864799831e-03
-3.7549018777e-03
-9.1994270470e-04
3.8654361815e-03
-6.2644778663e-04
-3.3037961622e-03
-4.8124446819e-03
-1.9183337666e-03
1.8934440872e-03
6.8296564476e-03
-4.2300785253e-03
-9.2666604704e-04
1.1665842208e-02
1.8503615571e-03
5.4398938729e-04
4.1082763678e-03
6.3340759988e-04
-1.7929593463e-03
-1.8936190269e-03
-1.7989143667e-03
-5.1789711790e-04
3.4925867153e-03
9.3061961188e-05
-2.1118604701e-03
3.1749842040e-03
-6.5756788102e-04
-2.5006524665e-03
1.5280601923e-03
1.7345636689e-03
5.3591704592e-04
1.2716948246e-03
-4.7129228116e-03
9.2709985041e-04
-1.6629912408e-03
-2.2645836261e-03
-4.1681936663e-03
-4.1569487284e-03
-5.8793690537e-03
-5.3964121719e-03
-2.6623131872e-03
-1.5044608509e-03
2.4744541778e-03
4.4535701016e-03
3.4755861550e-03
2.5471523099e-03
-1.1125847055e-03
-3.7933316667e-05
-1.4879720674e-03
-1.8883743723e-03
-4.3231332289e-04
2.4423150107e-04
1.1606482927e-03
-1.3898690272e-03
1.9430582912e-03
2.7342022184e-03
-2.1109415562e-03
-3.5394087149e-04
2.1359271593e-03
7.9349737924e-04
-1.7733285364e-03
6.8623504542e-03
-3.5162322539e-03
-7.9007084454e-04
-1.0313512864e-03
2.8497665607e-03
3.8309596260e-03
-3.8415105645e-03
8.9051724448e-03
-1.9618930663e-03
-2.5177675055e-03
3.7191453273e-03
1.0307051463e-03
-3.9205384732e-03
-2.9896077490e-03
-9.9869081558e-04
-1.7876789704e-03
3.8207851552e-03
-9.4856215583e-04
2.8701549839e-03
-3.0414287377e-03
-1.9840228587e-03
2.5063068404e-03
4.4952428589e-03
-1.2875198698e-03
1.4254642279e-03
4.2650141069e-03
2.3850783155e-04
-1.4582623654e-03
6.1945844116e-04
-4.7751654705e-03
-3.8666438182e-03
-3.2749225646e-03
1.2338787538e-04
1.7742998349e-03
-3.9847572659e-04
1.6478000651e-03
-2.7588065874e-03
-1.4093408186e-04
-3.4244496671e-03
1.6579105728e-03
6.6734591432e-04
3.7148930692e-03
-2.4829055015e-03
4.2747241395e-03
2.2999444173e-03
-1.6388858530e-03
-4.9182883973e-03
-2.3143799321e-04
-1.4776546539e-03
7.7355305191e-04
4.2780957069e-03
2.2678795438e-03
-1.1199532945e-03
-2.4943211190e-04
2.7541061136e-03
5.4724798869e-03
2.2842666403e-03
3.9732956345e-03
-2.2527117211e-04
-5.1027750774e-04
1.6508245969e-03
1.8457736844e-03
-2.2383468185e-03
-4.6724047450e-04
4.7508182753e-03
1.8320588766e-04
3.4619689146e-03
-2.1576450502e-05
1.6362532439e-03
8.7177876628e-04
-1.1610384944e-03
2.1659590244e-04
1.7363432497e-03
-1.3569212183e-03
-4.6685619061e-03
-1.4346703996e-03
4.4219597053e-04
3.1106875530e-03
-5.4142759654e-03
1.1913763589e-02
5.9192133696e-04
-2.0907332848e-03
5.0805924045e-03
5.1735137395e-04
1.5423107787e-03
-3.8103412054e-03
-2.8205447083e-03
-3.5958184797e-03
7.8494480968e-03
-3.5535559061e-03
-2.1028216232e-03
-1.8560759128e-03
1.7019728815e-03
-4.9257639458e-03
-2.0898272760e-03
-3.1675724110e-03
-1.1780250100e-04
2.0332193606e-03
1.6562652149e-03
1.4839075861e-03
-2.1003180001e-03
-3.8230067803e-03
1.4045670663e-03
-8.8810282135e-04
3.3869557139e-03
-1.3331704287e-03
-1.0459015306e-03
2.7437726116e-04
7.4334418913e-04
3.4515496192e-03
4.8362706115e-04
-3.6227801911e-03
2.0023828042e-03
-4.5647379273e-03
-2.1788722821e-03
4.0800135549e-04
-1.4169772903e-04
-4.8555180694e-03
-1.6555849393e-03
-2.3881180421e-03
1.5334115051e-03
7.9387728114e-03
-2.1016223822e-03
-1.2737443012e-03
-1.4613012933e-03
-6.3611780575e-04
-6.0867490590e-04
2.5245903066e-03
-3.0333505101e-03
-2.7404386106e-03
-2.7885471855e-03
-4.2700408305e-03
1.3994764455e-03
-2.8236362346e-04
-2.4503862910e-04
3.4701756962e-03
1.4051276578e-03
-1.1862117159e-03
-2.8686719900e-03
-1.3135562665e-03
-1.3785353170e-03
1.9926169772e-03
-3.1190438153e-03
-1.9157084268e-03
-1.9225363926e-03
1.7494325397e-03
-5.5672810598e-06
-6.5376007310e-04
1.2597252762e-03
1.5802883009e-04
-6.0007412481e-04
-1.3345719311e-03
-2.1023885570e-04
-3.8072825195e-03
5.1972432553e-03
3.2889040393e-04
1.4764190242e-03
3.6627618235e-03
1.8180645807e-03
-5.4448282750e-03
8.2434304437e-04
-3.8132901256e-03
-2.3288022251e-03
-1.7418954099e-03
1.5431637033e-03
-2.8723421665e-03
-5.2684627459e-04
-1.6323804489e-03
5.3639433355e-04
2.0790885115e-03
2.1962130106e-03
7.9389286778e-03
-1.0560658588e-03
2.8269522695e-03
1.2032047346e-03
6.5144097342e-04
-2.9765624082e-04
-8.3248843011e-04
-2.0578523376e-03
-3.6862150860e-03
-1.6239698961e-03
-2.0348247452e-04
6.6777306125e-03
-1.3904127449e-03
3.2383339233e-03
-1.1940947241e-03
-2.4965054759e-03
2.0214149932e-03
-3.1728303144e-03
-1.4125558766e-03
-2.3996347072e-03
6.2842859730e-04
5.5437825324e-04
-1.8975984425e-04
4.8899261788e-03
-2.1504277714e-03
-2.7332459320e-04
5.7581379796e-04
1.2647096677e-03
-5.0684386662e-03
-1.4735674351e-03
-1.0449574446e-03
7.1744969745e-04
-1.5571630610e-03
5.0459127379e-03
4.3183687034e-03
-1.9480748028e-03
-3.1765753118e-03
2.6790085985e-03
3.1862163713e-03
-3.1985059090e-04
3.1995779206e-03
2.1171300448e-03
2.3747918347e-03
1.3987009889e-03
1.4074300729e-04
8.3958028484e-04
-5.8703233627e-04
-2.2333032705e-03
-3.0912346672e-03
9.6665295818e-04
-2.8035066350e-03
-2.0036165554e-03
2.6140224679e-03
6.3641443202e-04
-2.7793576528e-03
1.7316708670e-03
8.2034991254e-04
8.6611067635e-04
-3.4273826170e-03
-3.7670668879e-03
2.0449580966e-03
3.5623487941e-03
-1.7909800719e-03
1.5162527027e-03
7.7600428785e-03
5.4651954448e-04
-2.9886006097e-03
-1.0735080135e-03
1.0767681117e-03
-6.2137456180e-04
2.0524219375e-04
-1.8554157397e-03
-2.7753454609e-03
-1.9574507982e-03
1.6856572966e-03
8.0832182448e-04
-4.7965145329e-04
6.2565573110e-04
7.5103756433e-04
-1.9376201143e-03
-4.4528706958e-03
7.2574295728e-03
-2.5523214180e-04
-1.9484850214e-05
-2.8207154805e-03
-5.2447874737e-03
-1.7121143662e-04
-9.0288750264e-05
-1.2568134605e-03
7.0758158240e-03
7.7540849366e-03
8.9069770837e-04
-1.8408650265e-03
-2.3151752816e-03
1.7226634440e-03
3.3914037446e-05
-2.1975256083e-03
-3.8618314230e-04
2.2357129539e-04
-2.9973978357e-03
3.0078357397e-03
-5.3516815138e-04
-7.5118871723e-04
1.5724162751e-03
3.8268827041e-03
-2.1681411232e-03
2.1145146285e-03
-1.6934200494e-03
-5.2893308156e-04
-3.3810532204e-04
6.4317905856e-05
-5.0421190273e-03
-1.8581263077e-03
-1.0186990794e-03
-5.3021425561e-04
6.2659013990e-03
-3.6522714537e-03
1.6210118323e-03
-2.1387932340e-03
8.5324491079e-03
-8.2462211694e-04
-1.5403315147e-03
1.6772453678e-04
-1.8173721905e-03
-5.1163035690e-04
4.1359172652e-03
2.4466835838e-03
-2.0263844618e-03
2.6459729760e-03
2.8576052757e-03
1.7308529500e-03
-2.6987566456e-03
1.0467747623e-03
-9.3784882127e-04
4.6001084574e-03
-2.8367108839e-03
1.8519962491e-04
-1.1320744013e-03
-4.8203467598e-03
6.6397068519e-03
-6.1058361490e-03
4.3797865312e-03
7.3602569155e-03
2.1778113713e-03
-4.8570685845e-03
-3.1475923427e-04
-2.9017310263e-03
3.1211359217e-03
2.8741608493e-04
-2.1985128815e-03
4.7022343560e-04
-2.1164888111e-03
-1.7599810480e-03
8.7943010176e-04
-1.9787024745e-03
-4.2474936367e-03
-2.6915334192e-04
1.6526129473e-03
-1.0384349564e-03
1.5979978705e-04
6.7909945282e-03
-1.2036502786e-03
2.0853777410e-03
1.3328279373e-03
-6.2963835899e-04
3.8224998006e-03
-4.8007891651e-03
-9.8533957134e-04
5.1678035582e-03
-9.3378667809e-04
-2.8217855155e-03
4.3303460762e-04
5.7855848448e-03
-2.0745793527e-03
-1.7271207258e-03
-3.2481445296e-04
-2.2782079210e-03
3.2601110504e-05
3.7037463040e-03
-4.1760428508e-03
-6.4773078816e-04
-7.8364245290e-04
-4.3165920620e-03
-2.6653290114e-03
1.9889186406e-03
1.3709806485e-03
-2.8837632267e-03
-2.8122897743e-04
5.4161477467e-03
-1.5028914797e-03
-2.6136822619e-03
3.1727304249e-03
6.4395686548e-05
9.9411735562e-04
-1.7821010235e-03
-1.1533590849e-03
5.3906777401e-03
2.3524961089e-03
-5.0315465530e-04
8.5928894507e-04
-9.4942784086e-04
1.1016124344e-04
-3.6735480032e-03
5.6027579179e-03
-1.2153778503e-03
2.5515713825e-03
-2.8204216351e-04
2.4303178963e-03
-1.8776456931e-03
-1.7075987979e-03
-2.1000008702e-03
-4.2831178559e-05
-3.1324485982e-03
-3.2213627895e-03
2.2507113388e-03
4.1271276466e-04
3.3600558600e-04
-8.8160233909e-04
-5.0189446225e-03
-1.8522886512e-04
2.4678271766e-03
-2.4837174069e-03
1.0199549753e-04
2.1843940988e-03
2.0843115765e-03
-2.8176691505e-03
8.8397956624e-04
-9.1069984675e-04
-2.2505135738e-03
1.6955548808e-03
-5.1948426291e-03
-6.2217449452e-03
2.0465590766e-05
-2.2016325434e-03
8.2625938942e-03
-4.4078035052e-04
3.6569063536e-03
-1.1087400435e-03
-2.0658472895e-03
1.8700513829e-03
2.5206318168e-03
-4.2399861089e-03
-5.3753918102e-03
3.1328645154e-03
-1.7687922586e-03
-1.5886274741e-03
-3.0238852035e-04
2.4443652131e-03
1.4380320629e-03
-4.4681731260e-04
8.1346470920e-04
-8.0617512349e-04
8.9702011101e-04
-2.6888723186e-03
5.0924016779e-03
2.7717266440e-03
-6.5426515480e-04
-2.5981017779e-03
7.5796287254e-04
-4.7601868414e-03
2.5235523445e-04
-1.4498124143e-04
-4.6811686875e-03
-6.0357942473e-04
2.2099886182e-03
-2.7215168145e-03
2.2230453681e-03
-1.7912135169e-03
9.5548457486e-04
2.9083109759e-03
4.5473340976e-03
-2.6640006054e-03
2.3514688080e-03
2.4754579316e-03
-3.0655761554e-03
1.0672092892e-03
8.7376055118e-04
-4.9674201604e-03
-1.9922154187e-03
3.4050380102e-03
1.4391566657e-03
3.2215001079e-03
-1.6667269246e-03
8.7044400572e-04
-4.2529864533e-03
-3.2235942832e-03
5.3397571405e-03
-3.4763149149e-03
8.2676892953e-04
7.2652952434e-03
-1.9146376740e-03
-3.2837344747e-03
8.4184212582e-03
-6.8922751588e-04
-1.8960677513e-03
1.3028345239e-03
3.5227664710e-04
2.9643381951e-03
-2.5247226054e-03
3.4025674684e-03
8.9991042744e-03
5.5939874591e-03
-1.0405932635e-03
-2.5382003586e-03
-4.9175580417e-03
-2.7136688164e-04
4.8550775533e-04
7.3738365294e-03
9.4818866359e-04
5.5267326580e-03
-1.4708982889e-03
-1.5086335696e-03
1.6476912739e-03
-2.8680980983e-03
1.2812062057e-03
-7.0502372484e-04
-1.3421719789e-03
5.1371800438e-03
2.8316443083e-04
2.0940151761e-03
-1.0434621639e-03
-6.4776591862e-04
1.3172459222e-03
1.9676502984e-03
-6.6400994530e-04
9.2651204864e-04
-1.6304629340e-03
-3.3709689538e-03
2.6010903942e-05
-1.3338899577e-03
-2.0393177705e-03
6.7738307138e-04
1.8563148145e-03
6.4715193966e-04
4.7023248538e-03
-2.1606010020e-03
1.8997986156e-03
-3.6503799623e-03
4.0973568800e-04
-2.2049831797e-03
2.7331557300e-03
1.6901936868e-03
3.0109333357e-03
-1.6964569624e-03
-1.6788812472e-03
-5.6723807230e-04
-3.2343655998e-03
3.6773872005e-03
3.1593809523e-03
-5.0608182789e-04
3.1323167766e-04
9.1280037732e-04
-5.4666867069e-04
-3.5859482334e-03
-1.0505874388e-03
-5.3504769416e-03
-6.2009567063e-04
-5.8208168966e-04
-5.6374890809e-04
-5.6112914102e-04
3.4370251623e-03
-3.2764747087e-03
2.9562529689e-03
-3.2052551223e-03
-6.3393568756e-03
1.3196077743e-03
-5.9569901499e-04
1.3014683714e-03
-9.3140475100e-04
1.5544975880e-03
5.0960455346e-04
-1.3446030391e-03
3.1038094710e-03
2.1597930883e-03
6.0568426416e-04
-1.5676480049e-03
2.0477080413e-03
-4.5346540011e-03
1.1654644072e-03
-2.0816914093e-03
-2.1042387556e-03
-1.9580276153e-04
1.8400606950e-03
-3.2977586047e-03
1.5212320780e-03
-9.0590526215e-04
-7.9012304150e-04
-2.4469406074e-03
-1.8136927238e-03
-3.7507322404e-03
-3.7404021200e-03
-7.4984369790e-04
1.9155007570e-03
4.0007111527e-03
-1.3790501871e-03
-7.1766349770e-05
1.7701584856e-03
1.3417397819e-03
9.4001357678e-04
-5.4881995765e-04
7.2337615561e-04
2.1242324219e-03
-5.2472323690e-03
2.1259018105e-03
-1.5419200861e-03
7.7493133447e-04
-5.6709897045e-03
-3.4258252159e-04
7.9489434234e-04
1.1525823064e-03
6.0308213798e-03
1.8528200675e-03
-3.8617117763e-03
1.2779765508e-03
2.2200380794e-04
-1.5480589642e-03
-5.2951103976e-03
-1.4165887044e-03
-2.7810216226e-03
-2.3923253357e-03
-3.7656570716e-03
-1.8535568800e-03
-6.1349224332e-04
-4.4515630747e-03
-2.2774043453e-03
1.3031285525e-03
-3.0442780245e-04
-3.1422263682e-03
6.8466652237e-03
1.8135150274e-03
-2.9409064993e-03
-2.9836550219e-03
-1.8180369276e-03
-7.9802064546e-04
-2.6431721882e-03
-1.5646159615e-03
-5.5875754792e-04
-5.4275685452e-04
6.3699819781e-03
-2.1077849714e-03
9.0133244783e-04
1.2870106594e-03
2.1031445252e-03
1.8608520146e-03
-3.2645596879e-03
2.3116412660e-03
-5.3626588209e-04
5.8847541941e-04
2.5650265763e-04
4.0077235652e-03
8.3923172631e-03
-3.7891635792e-04
2.1892791315e-03
-2.2011063585e-03
-2.1153120172e-03
-1.1570195566e-03
9.3176136126e-04
-2.9804882626e-03
-6.6834243147e-03
-5.2993570328e-04
1.5912339908e-03
1.7083647356e-03
8.1769071203e-04
-2.3646541098e-03
-1.8986832217e-03
2.1754808141e-03
4.9473277464e-03
-4.4375695374e-03
-7.2030130256e-04
-1.6556741661e-03
-2.8026387453e-03
-2.5060716433e-03
5.8571380767e-03
-7.4304878043e-04
3.3814091012e-03
-1.5424754024e-03
-2.0219975635e-03
-2.3074884352e-03
8.4562895150e-04
1.6137689032e-04
2.4214867212e-03
1.9846906838e-03
-7.8929056006e-04
1.8861275658e-03
-1.4096864942e-03
-4.5493802502e-03
7.9223794312e-03
3.0439869923e-03
1.1313309878e-04
-2.8200866291e-03
2.3344076419e-03
7.6725990144e-06
6.7106845621e-04
1.3123995494e-03
-1.3982443959e-03
-2.5954329647e-05
1.8163332302e-03
5.5404622140e-04
1.7628177838e-03
1.3755035040e-03
1.5367125850e-03
-5.0085564866e-04
6.6179296790e-03
-2.4572010724e-03
-2.5926841957e-03
3.6868067164e-03
-2.4038872588e-03
-2.7406915676e-04
5.9208720967e-03
-2.6878257779e-03
7.1817530692e-04
3.1239443971e-03
-2.9880868695e-03
3.6934110529e-03
-4.2799770606e-04
2.4858310625e-03
-1.1571040768e-03
-3.1625673020e-03
2.0695961789e-03
-4.5692522350e-03
1.8456822794e-03
7.6055395872e-03
-2.7936146752e-03
-1.7853645706e-03
9.5159993534e-04
7.2601944677e-03
-2.1404025509e-03
1.1708116716e-03
-4.1362635288e-04
-1.6171236271e-03
-5.8568319879e-03
-2.1076641046e-03
-5.9247927996e-04
1.0785489743e-05
-6.1179184339e-04
1.1697786181e-03
-3.6775778418e-03
8.9750227085e-03
-3.9034951102e-03
6.2796321792e-03
-2.7326796889e-03
3.5239412669e-03
-3.6158625151e-03
-3.8668124567e-03
-2.4627986723e-03
1.8771015169e-03
1.1351507081e-03
3.6090034018e-03
-2.1859457252e-04
-1.3491677703e-03
-2.6097040721e-03
1.2915972164e-03
3.8628953524e-03
1.1316216976e-03
8.3058157797e-04
-1.5941637898e-03
5.6837295293e-04
2.1609117047e-03
-1.7505317038e-03
-3.5282316171e-03
-9.5690739020e-04
1.0892668000e-02
-1.6057675944e-03
-2.1335147311e-03
-2.7236912915e-03
-9.2712984819e-04
-2.9145544472e-03
-2.9901642294e-04
-5.1253792598e-04
1.8327906933e-03
5.3189095851e-03
9.2130863863e-04
1.3068504922e-04
-1.4966877250e-03
-5.9860228702e-04
-8.5420956764e-04
2.6581942129e-03
9.8198588649e-04
-1.7251938142e-03
3.2725742900e-03
-1.3009988472e-03
2.2304900815e-03
-5.2742705297e-03
-8.6495583182e-04
-6.8660724465e-04
-1.9819752854e-03
-3.7639421737e-03
-2.4091542156e-03
5.2593175165e-04
2.2347429959e-04
-3.8602037280e-03
5.9787877500e-03
-8.0812788737e-04
-4.7023397610e-03
1.5559211778e-03
3.4292373608e-03
-5.7211937180e-04
3.2616595348e-03
-2.1002488096e-03
-9.6955959522e-04
-3.7908712811e-03
2.9175758409e-03
-4.4682777924e-03
-5.4878885911e-03
3.0980435736e-03
7.2006143937e-04
1.8039133828e-03
-2.3097424684e-03
3.5247963860e-03
-1.7992587802e-03
2.1296757334e-03
5.2750543028e-03
1.4415702355e-03
-4.0275370318e-03
-3.2508768247e-03
-2.5515789425e-04
-3.6219138184e-03
-3.3535514983e-03
-4.6894873631e-03
-6.5022328430e-04
3.9211987909e-03
2.1249070392e-03
-1.6497648826e-03
-2.7728824344e-03
4.7531558757e-03
3.1104673183e-03
2.4484579245e-03
-5.8714876671e-04
-1.5046394773e-03
1.7371069081e-03
1.4800166896e-03
-3.5564374665e-03
-2.7934900463e-03
-1.5407377283e-03
-2.9325998293e-03
-5.6231056206e-05
3.5446531593e-03
-1.8450177294e-03
7.7790325748e-04
-1.6062459774e-03
-1.2205555917e-04
4.8083895583e-03
-3.2060879639e-03
1.3111384545e-03
-3.2398956457e-03
7.5781226096e-04
-6.2198642552e-04
-3.3009027320e-03
2.0623649019e-04
-8.1109877579e-05
1.3467413464e-03
6.6356727588e-03
-4.5482835974e-03
-2.2367601352e-03
1.7862119270e-03
-4.8365848716e-03
-1.3238789819e-03
9.6677388231e-03
4.9637378770e-04
2.8415330544e-04
3.5750878841e-03
4.2470425767e-03
2.2490742736e-03
-9.8140276080e-04
3.6791822722e-03
-1.3089543779e-03
4.1709280930e-04
8.8238219062e-04
-1.7279399565e-03
-2.5774378521e-03
-3.3053635254e-03
5.1548266468e-04
-3.8810974074e-05
-1.3047364047e-03
6.3421106433e-03
-4.1568345234e-04
-1.2673247494e-03
-2.4611750374e-03
4.6989139952e-03
-2.0467641936e-03
-3.7350367577e-04
-6.4927025193e-03
-3.5652232281e-04
5.1377258531e-04
-9.3525716564e-04
1.0774511203e-03
1.9893122444e-03
2.1968285205e-03
-2.7695792764e-03
-8.9484278051e-04
8.4794627309e-04
-2.7082821206e-03
-1.5419628840e-03
1.8628544486e-04
6.7475733770e-03
-1.5169771722e-03
-2.1837763419e-03
7.4259104271e-03
-2.4650586127e-03
1.4441368622e-03
-1.7308038596e-03
-1.7709460485e-03
-2.5992208030e-03
1.8039393068e-03
-1.3997328388e-03
-2.9072320447e-03
3.5592119343e-04
1.4014604676e-03
2.6042410007e-03
6.2243849493e-03
-1.3158055001e-03
-2.2381893895e-03
-2.0301559606e-03
-1.2417428770e-03
2.9371457642e-04
2.7078768543e-03
4.2083583750e-03
-4.5683129578e-04
-3.7398808958e-03
1.1782197828e-03
1.7005479927e-03
1.1582271312e-04
1.0063092048e-03
-9.2842048829e-04
7.6921178201e-03
1.0223956200e-03
-2.3308197802e-04
9.3402695040e-05
2.3796350185e-04
-3.4071567177e-03
2.8707226129e-03
3.2279642556e-03
-5.8922097940e-03
-5.8940164054e-04
3.4807547488e-03
2.2516736333e-03
-1.4041508465e-03
-5.5952176524e-04
4.3816031567e-03
-1.2252926449e-03
1.0804663243e-02
2.5897953752e-03
-6.3495738799e-04
8.9302569928e-03
-7.8744947644e-04
3.2738217054e-03
-2.6069662482e-03
-1.0435878160e-03
5.6470183799e-03
-4.9638622103e-03
2.3004768914e-03
-1.9385169594e-03
-2.6547935267e-04
-2.7734117908e-03
1.9626453958e-03
-5.2060207732e-03
-7.7288822019e-04
-8.3063173590e-04
6.3544657173e-04
1.3282275066e-03
7.2037692672e-04
-2.1441366283e-03
8.4756320031e-04
-3.4113428948e-03
2.4945502163e-03
3.0914483940e-03
8.6103947187e-05
-8.3819986321e-04
-2.5060999768e-03
5.6372952150e-03
-2.5338560165e-03
-2.0334615229e-03
4.4506474089e-03
-3.2810796268e-03
-1.8103812823e-03
-4.1174907236e-03
-4.4512175603e-03
2.6007783024e-03
-3.0235250656e-03
-1.1172217952e-03
-4.8701494024e-03
-5.2597665342e-04
-4.4969508399e-03
-3.7738797408e-03
4.7064001642e-04
-1.0402165058e-03
-1.2362664714e-03
-1.4861587910e-03
4.8318841265e-03
3.4176024165e-03
3.6931339487e-03
1.7425021533e-03
1.2622978329e-03
2.4422938160e-03
-1.0503817610e-03
-2.1002333236e-03
-1.7007246722e-03
8.4102468833e-03
-4.3403983408e-03
4.1771583758e-04
4.1439583061e-03
1.4534548572e-03
-4.9580418757e-03
5.1625239404e-03
-1.0355321636e-04
-1.7488724320e-03
2.2153615141e-03
6.3421419353e-03
1.5719865046e-03
-2.2152033831e-03
-1.6338814379e-03
-3.0398638080e-03
-8.2737795192e-04
-2.7919418953e-03
2.4055454866e-03
3.2049050517e-03
4.7619595980e-03
4.1922266195e-03
4.1293542779e-03
-7.5171142223e-04
2.1956521779e-04
-1.1161385783e-03
-2.1366522371e-03
-4.1120652785e-03
-3.0403151289e-03
-2.9304353734e-03
5.7825133407e-04
-5.7424494519e-04
-3.9663844847e-03
1.0909337050e-03
-2.5605170555e-03
1.1996820009e-04
1.3312944595e-03
3.9811069187e-03
1.1384249689e-03
4.4133345894e-03
2.6484952148e-03
-2.8885551305e-04
3.9898509154e-04
-5.5579619063e-03
3.7635418660e-04
4.6321746982e-04
-1.2769397700e-03
-2.7445452026e-03
-1.6993490099e-03
-2.0009237343e-03
7.9155871016e-04
-5.4988624724e-03
-4.4460373019e-04
8.8493587348e-04
9.3547047392e-04
6.6903477092e-04
3.2201519415e-04
-3.6073153630e-04
-8.3812293049e-04
3.5750991704e-03
-3.2795147227e-03
-4.0867433581e-03
1.1476460042e-03
3.7445872425e-03
-7.9500386068e-04
1.3748336178e-04
-2.6904847748e-03
1.0912450875e-03
3.2235634583e-03
-1.1476448714e-03
5.7806437473e-05
-1.9172409158e-03
6.5802742698e-04
6.8265354582e-03
2.6321817039e-03
5.3623659704e-04
4.0473638468e-03
8.1092280519e-04
1.4400847596e-03
-2.3221647815e-03
5.9059863165e-03
-8.7190012668e-04
3.5673750614e-04
-1.7341372581e-03
1.4316803187e-04
5.0717430601e-04
9.9316091617e-04
3.2672039313e-03
1.0162310951e-03
-3.0186204739e-03
2.7036582672e-03
-1.9748130890e-03
2.4900276584e-03
-3.3141682686e-03
1.5295837666e-03
-1.6809898751e-03
-3.0860388387e-03
4.6727228995e-04
5.2908850964e-03
1.8153917104e-03
4.8794038663e-03
5.5684146525e-04
-5.1179096779e-04
-2.4891290629e-03
-1.8558499457e-03
-1.1389219382e-03
-4.0177566853e-03
4.8867070346e-03
-7.5159019719e-04
1.2228560071e-03
3.7214313566e-03
-1.0689502534e-03
-3.4586343825e-03
4.6574038071e-03
3.5567863903e-03
1.9750512118e-03
-2.9874076082e-03
2.6932803344e-03
-9.9895722965e-04
2.5473407639e-03
6.1009502420e-04
1.4375264303e-03
-4.0166597502e-03
-6.0727613125e-03
4.9686387951e-03
-2.5555311032e-04
3.0329684021e-03
-1.9556433372e-03
1.1761240942e-03
1.2148716139e-03
-8.2734451832e-05
6.1132744084e-03
-9.3087212182e-04
-2.4096939996e-03
-5.3684499630e-03
-4.3645445991e-03
3.0257622092e-03
-5.0379074831e-04
2.9398353401e-03
-3.3811054242e-03
-1.5847472093e-03
-2.2667725749e-03
1.2465774496e-03
-9.5668796102e-04
-3.1037248001e-03
-4.1072512212e-04
-1.7467119774e-03
2.9609296068e-03
1.5349713195e-03
2.0807245480e-03
2.6327939441e-04
-2.2461790176e-03
-2.1179299097e-03
-2.9924353083e-03
-4.5095528881e-03
3.9670010265e-03
-4.7691134601e-03
1.3838137264e-03
-1.8143972998e-03
-4.4806012377e-03
-9.2287631265e-04
1.3394240524e-04
6.2862837317e-04
5.5868805814e-03
-3.6834010350e-03
2.9845605291e-03
-3.3074657238e-03
-4.8389526541e-03
5.1060522190e-03
-3.2538699989e-03
-4.0826109623e-03
6.3513149881e-04
1.5250257198e-03
1.8896010267e-03
1.0031862217e-03
-1.5678075348e-03
1.3043506570e-03
-1.8287581899e-04
-3.1108505085e-03
-3.1452072850e-03
4.9692390961e-04
1.9920645497e-04
-5.2467197878e-03
7.1135504843e-03
-3.2579288767e-03
-1.6686512881e-03
-2.3838337908e-03
1.5910875719e-03
-1.9719419536e-04
-8.1263261543e-04
-2.7186986856e-03
-4.4957252409e-03
-3.2800340711e-03
-2.5135160605e-03
1.6916284735e-03
6.2926228194e-04
1.3991279840e-03
1.1773211248e-03
-7.1597343598e-04
-1.2068114809e-03
-3.5957606520e-03
-4.2237159198e-04
-1.1711133206e-03
-6.0323425314e-03
4.2717337875e-03
5.0922641734e-04
-2.8266146772e-03
5.2335374097e-05
1.7058884576e-03
-3.0174831736e-03
2.2211641512e-03
1.3791884908e-03
8.7809400554e-04
-3.2096768419e-03
-3.2555686388e-03
-1.2813449874e-04
5.7926730397e-03
-2.7147678166e-03
-1.1298643600e-03
1.1489628078e-03
1.1806777760e-03
4.4958526607e-04
-3.0552660325e-03
4.2124923394e-03
1.1587929426e-03
5.7014751537e-04
2.5660552079e-03
-2.3480575768e-03
-2.2822219073e-03
1.4477983366e-03
1.5067582818e-03
-4.1443476736e-03
2.5660922395e-03
1.9261668645e-03
-2.1602851701e-04
-2.9020637598e-03
3.4732727562e-03
4.1450224212e-03
6.8065453738e-04
8.1961003980e-04
-4.8018739645e-03
-5.0573300551e-05
3.3466063470e-03
-2.6597221061e-03
1.3497985893e-03
-5.1578226047e-04
-3.3509878656e-03
-2.4156699386e-03
2.9213774700e-04
-3.9017250890e-03
-3.7602739304e-03
1.8789969460e-03
-1.2467777072e-03
1.6047551239e-03
-2.1977323632e-03
1.6267381310e-04
2.1065828865e-03
8.3458883406e-04
-1.4905577925e-03
-2.0318220046e-03
-6.1806067276e-03
-3.9118974232e-05
-3.3774849262e-03
1.7385413133e-03
-3.4674058169e-03
2.5563945156e-03
-1.6985153459e-03
-2.0878495473e-03
-3.5813442459e-04
-4.9210902510e-04
-1.3802554306e-03
-5.2589354677e-04
-3.0907813701e-03
6.4079273453e-03
7.7155128630e-04
2.4424887755e-03
-7.9693550443e-05
-2.5337394404e-03
-2.4479719674e-03
-3.5044511617e-03
-4.0141910417e-03
4.1640398132e-05
-2.8208654869e-03
-2.0808725147e-03
5.0215218607e-03
-1.9497989312e-03
4.1093675713e-03
2.0042299607e-03
1.6572259553e-03
6.3766192309e-03
1.9605462628e-03
5.0390163850e-04
-2.5211960998e-03
-6.0340034338e-04
1.1702925395e-03
4.1484121794e-03
2.6587934327e-03
-5.0894981621e-03
-4.4601481606e-03
4.4694374957e-04
1.9385520870e-03
4.5157397712e-04
-3.8043070634e-03
-2.9081895815e-03
1.3885872141e-03
-2.1511218710e-03
4.3139962651e-03
-1.4226130793e-03
-3.4292293056e-03
-3.6105788119e-03
-1.4430670239e-03
5.3149526714e-04
-9.5682548664e-04
-4.4946438676e-03
-3.5373777983e-03
-6.0627988264e-04
-2.6606000043e-03
4.0837741524e-04
-1.4059961100e-03
5.9395610528e-04
-3.8667352436e-04
-1.6269086287e-03
-2.3630546024e-03
-1.4025706539e-03
8.7000163274e-04
-5.0229955018e-03
-1.2467805991e-03
-1.9031217373e-03
-6.0015654593e-03
2.3443642060e-03
-2.4770311699e-03
1.1792112475e-03
-2.5459649096e-03
-2.4220967825e-03
4.4827617426e-03
4.1181279327e-03
1.6957391051e-03
-1.3325614391e-03
1.7730936820e-03
4.0274323124e-04
-1.6971641227e-03
1.5046851813e-03
1.4905290513e-04
-1.9052052108e-03
-4.8128336071e-04
-2.6507074189e-03
2.7789970967e-03
1.5607439802e-03
-1.3447665340e-03
-3.4808829345e-03
-3.9602734147e-03
-2.1379728780e-04
1.4319759312e-03
-6.3680152397e-04
6.5903203301e-03
-4.8271274503e-03
-1.4397698850e-03
-1.4918951672e-03
3.0213983584e-03
4.5260051400e-03
3.3778884523e-03
-5.1470806155e-03
2.1071614722e-03
2.7855945966e-04
-2.1808578154e-03
-2.9223963644e-03
-7.6459083019e-04
2.9956962217e-03
-4.3390671720e-03
-4.3142397740e-03
-4.6025077893e-03
-4.4353139513e-03
-5.1446827756e-03
3.5120870072e-03
-2.5440970849e-03
-1.0529240917e-03
-3.6722961521e-03
-2.3676576457e-03
5.0946571892e-04
5.5381389583e-03
-2.8734645206e-03
1.0100385355e-03
5.9989085707e-04
-3.8231593383e-03
-1.9541544938e-03
1.4048263863e-03
8.9985268211e-04
2.4892735140e-03
-3.7857118398e-03
1.8482912072e-03
8.0731770258e-04
4.7606698338e-04
-3.6836955098e-03
1.6057799941e-03
7.0332612100e-04
1.5978469236e-03
2.3186438299e-03
-5.2064685564e-04
-4.6286985850e-03
-2.5535059152e-03
-5.6124175005e-03
1.3209846750e-03
3.5664174940e-03
2.7372088136e-03
1.1196841322e-03
-1.3835907037e-03
3.2139616420e-03
2.0430159149e-03
2.3583948644e-04
-1.4899073293e-03
-3.4229154431e-03
-3.9388176813e-04
-2.1720230968e-03
-2.6021593076e-03
-5.0385847608e-03
2.8104057680e-04
-1.2232370024e-03
7.9307489774e-04
-1.3409524355e-03
1.4905559329e-03
-4.6249831005e-03
-7.3201332246e-03
8.8135720376e-04
1.4247097425e-03
1.8844749648e-03
2.0989242104e-03
5.5170428146e-03
-1.6434172497e-03
-9.7490831598e-04
-1.3696377789e-03
1.9879452675e-03
-5.9505383173e-04
1.4724708432e-03
4.0700744586e-03
-3.7542772158e-03
4.8477687070e-03
-3.4758769368e-03
-1.0408824472e-04
3.3205790055e-03
-3.7924597757e-03
1.7943233242e-03
4.1152451981e-03
2.0292918086e-03
-1.0635314158e-03
6.9706773167e-03
-1.6024215238e-03
9.9055243581e-04
-3.2067606205e-03
1.5600787744e-03
-2.4877652107e-03
1.8068365507e-03
-3.1817885895e-03
5.7024966669e-03
-2.3941011499e-03
-1.4881639252e-03
8.7037707980e-04
-9.5956773962e-04
4.1776719945e-03
2.9250272585e-04
1.2552876288e-03
-2.4040040208e-03
1.0813974177e-02
-1.9894165016e-03
-1.8700393341e-05
-7.6139052458e-04
1.1362925301e-03
2.9598937135e-03
2.1227471344e-03
6.8827076645e-04
-4.8834439051e-03
7.7260375276e-03
-2.7012403359e-03
1.0421045796e-04
-5.0468250013e-03
-7.0666458131e-04
-1.6394261664e-03
-1.6195417794e-03
1.1534436123e-03
-3.9784960599e-03
1.6182475534e-03
5.1100064234e-04
3.7285506339e-03
-7.8314089630e-04
-1.4631293598e-03
-4.7818287252e-03
-3.6178123663e-03
4.9956454356e-04
-6.5166683473e-04
3.0189686495e-03
3.5399987354e-03
-1.6144848072e-03
-4.9261526497e-04
1.7750762170e-04
1.6010720565e-03
-4.3719868063e-03
-3.0084654077e-03
-3.2966996317e-03
-1.2000391161e-03
4.8906290167e-04
-1.7522034811e-03
2.4103386848e-03
1.8925628074e-03
-3.9256565316e-04
-3.1274452868e-03
-2.9723210409e-03
-1.5905287519e-03
-4.8506900527e-03
2.4021353926e-03
-7.0963193430e-04
-1.7190581730e-03
-4.0300172186e-04
-1.1617923565e-03
5.0781815403e-03
-2.4829938317e-03
5.8179544100e-04
-1.2638033051e-03
3.9547937302e-03
-2.1767969830e-03
4.5125333273e-04
4.4564750145e-04
-3.2085644656e-03
-1.4320561685e-04
7.3878121251e-03
1.4151675594e-03
1.8169082223e-03
-1.1993472407e-04
-1.5668924424e-03
2.2248507808e-03
2.3241214700e-03
-4.3458402405e-03
9.7792032245e-04
6.5072434102e-03
-1.7649738962e-03
3.1435909979e-03
-2.4609144474e-03
1.5410904942e-03
-1.1716410669e-03
-2.3402365293e-03
1.6208101985e-03
-2.1348471406e-03
2.5145922162e-03
-1.2308376967e-03
-3.3593841657e-05
1.4849259499e-03
3.0384327893e-03
-1.4433332067e-03
-2.3385690505e-03
-1.9718798741e-03
-6.5952618474e-03
3.4830260039e-03
3.0994771910e-04
-1.2199461534e-03
-9.3347815943e-04
3.4824161008e-03
2.8905103997e-04
6.8560554008e-04
-2.0426273887e-03
5.6003880175e-03
-1.1761123853e-03
-1.5668903350e-03
-2.0030342379e-03
-4.7902207978e-04
2.5825899588e-03
2.5655081295e-03
-6.0366792884e-04
1.4137412796e-03
6.9133859641e-03
5.8118347621e-04
-4.3277567489e-03
-4.0745023327e-03
3.2733660081e-03
3.8603228221e-03
1.5173504886e-03
2.2117200898e-03
-1.9765426391e-03
-1.7190562021e-03
-1.3987975430e-03
1.6764893779e-03
-2.8469364992e-03
-1.6427112923e-03
1.4562149907e-03
4.0672187719e-03
6.9794386893e-04
1.7166565303e-03
-1.6792311675e-03
-2.5570450635e-03
-1.9286283448e-03
-4.9979487520e-03
4.7708500165e-03
1.9264693848e-03
-2.8302691701e-04
-6.1323747826e-03
5.0718466759e-04
2.2530427307e-04
-7.3272421206e-04
2.1748843207e-03
-9.0722988878e-04
-9.4889561229e-04
1.4872827084e-03
3.1633202973e-03
1.6054553282e-03
-1.9332893924e-04
-5.0226101834e-04
3.4345026437e-03
2.9442115466e-03
-4.7977984941e-04
-1.1622912200e-03
2.8927897975e-03
3.0352658212e-03
-4.1186614779e-03
4.8861383322e-03
8.9339536667e-04
-7.6285040903e-04
1.7107054249e-03
5.2484125288e-03
3.1682786173e-03
4.3701618496e-03
4.5497158103e-03
4.5550607173e-04
-3.6447114671e-03
-1.3588054744e-04
-2.3690803013e-03
3.5402296026e-03
-1.6934319508e-03
4.7458836141e-04
-2.3743751811e-03
5.1719133971e-03
5.1744065535e-04
1.4517516257e-03
-4.9788057989e-04
5.0892517766e-04
-3.9035859747e-03
8.7676171773e-04
1.8843420039e-03
-1.0681309202e-03
-5.7604944820e-03
-1.5786529511e-03
-3.4007000300e-04
-4.3936635456e-03
-2.1024623770e-03
2.1238349954e-03
-4.4597282586e-03
-2.9576363079e-03
-1.7929274561e-03
3.7985612182e-03
-2.1541275475e-03
6.9099090499e-03
4.6770613847e-03
1.2698045120e-03
-2.0592287810e-03
-2.8571692895e-03
3.5856418936e-03
-3.2031258213e-03
5.3079890863e-03
3.5376511677e-03
-1.4291943745e-04
-2.9618354370e-03
-5.2026699184e-04
2.3779105977e-03
-5.1357716961e-03
3.3702658763e-03
-4.9882502004e-03
-9.9622214136e-04
-1.1761392286e-03
-2.7455840218e-03
-1.5371114592e-03
-2.1318891071e-03
1.6060418481e-04
1.2033109816e-03
-1.3905501927e-03
1.8760527593e-03
-4.7907945509e-04
-1.7949149140e-03
-4.0242724131e-03
-4.2753778854e-03
1.2876040284e-03
5.7941005691e-03
1.9803343354e-04
1.3557096231e-03
-1.2492917415e-03
-2.0309012594e-03
4.1883462165e-03
1.4466719319e-03
-3.2538547504e-04
-1.6610932682e-03
-4.8105561311e-03
2.7524576770e-03
1.8678886269e-03
1.2903198021e-03
-1.6525442041e-03
1.1641161715e-03
-1.7694810962e-04
-6.5169092829e-04
5.2226507840e-03
-2.7831317453e-03
1.1887157455e-03
3.7392121022e-03
1.6739535024e-03
3.4410467698e-03
-4.7972768816e-04
-2.4298247169e-04
-6.4344733435e-04
3.0981891157e-03
8.6471991633e-04
1.6272562678e-03
2.2845698342e-03
-1.9517161331e-03
4.2004795617e-03
5.6976575204e-03
3.9109143885e-03
-5.4494517944e-03
-1.1759056455e-03
-2.7252679949e-03
1.3458382976e-03
3.9207920578e-03
-1.7181078443e-03
4.9797502470e-03
7.8461910769e-04
4.6036350496e-04
-9.8166648723e-04
2.8876846998e-04
-2.9514963787e-03
8.8037635106e-03
2.5946018008e-03
2.3175367679e-03
6.9531574139e-03
-1.4972341612e-03
4.2110631778e-03
1.4406561860e-05
6.4548406194e-04
-2.8943341016e-03
1.4543924910e-03
-1.0943317107e-03
-1.6565671254e-04
1.9663368421e-03
2.4302716876e-04
-3.3616424550e-04
-1.3193924734e-03
2.5719268129e-03
5.5391599039e-03
6.9463430754e-04
-3.5100137462e-03
-4.7425567156e-03
-1.6400043175e-03
-1.8396711794e-03
-7.2228719382e-03
-3.8139595965e-03
-1.5833327043e-03
1.2729533845e-03
1.5873048125e-03
-1.2634946273e-03
-6.4964523768e-04
5.9699067529e-03
-9.4205572877e-04
1.1779698109e-03
-2.0812441045e-03
-9.9377621457e-06
-9.7609096646e-04
1.1933854699e-03
-1.1215099545e-03
-2.2070071059e-03
-1.6274143925e-04
-4.4133535059e-03
4.7157742196e-04
-7.0403944287e-04
-9.6114594599e-04
-6.8319711513e-04
-1.7256575792e-03
-1.4920904899e-03
-1.3045326302e-03
-3.3340337464e-03
-5.2982812454e-04
-1.7422353752e-03
-3.8858493720e-04
1.8640428471e-03
-2.1278945182e-03
-3.4193131538e-04
1.7199591831e-03
5.7799700359e-03
-1.4109248920e-03
-8.9050545235e-04
2.2190376799e-03
-2.4128967025e-03
4.7158138466e-03
3.5582754900e-03
-2.9793567355e-03
1.0261484416e-03
-2.3287749944e-03
2.6632006983e-03
-2.3900216688e-03
2.6140626872e-03
8.2039377032e-04
6.4380970800e-03
4.6150498306e-03
-3.4749802469e-03
-5.6160926317e-04
1.5023652157e-04
-4.2351858766e-03
-2.2803702514e-03
-1.6712897989e-03
2.5347321394e-03
-5.5160358883e-04
-1.3389194965e-03
1.4396090956e-03
-4.8910144201e-04
-2.8830797741e-04
2.5038802959e-03
-2.9642238857e-04
7.3585911394e-03
1.4301838538e-04
1.1077231588e-03
-3.4354138708e-03
-7.6873562234e-04
-8.5638189282e-04
-3.6623122741e-03
-3.0463155792e-03
-3.0520025289e-03
2.1754380984e-03
-3.5206704363e-05
3.3529515271e-03
-2.7202201049e-03
1.8444856955e-03
-2.6720015133e-03
-4.1016773568e-03
3.3872662698e-03
-3.7747053066e-03
3.2496863726e-03
-1.2719984383e-03
1.2971927966e-03
-2.1415093668e-03
-7.2107670371e-04
2.0602666960e-04
-9.2996284309e-04
-4.3002210522e-03
4.1153504532e-03
2.3835085769e-03
-4.2077108033e-03
-1.7263789266e-03
2.4590271356e-03
-2.1103101733e-03
2.6616536742e-03
2.3465930243e-03
-8.9262669903e-04
-1.4806144612e-03
9.7475588591e-04
4.1308176363e-03
-2.8912307801e-03
1.0401474211e-03
8.4273431660e-03
-3.7742205581e-03
5.6607939040e-03
4.1923788364e-04
-1.5339429461e-03
5.9754302435e-03
8.5210078687e-04
3.3359348032e-03
4.6066115020e-03
2.2350637578e-03
-5.6408778538e-03
1.8465772150e-03
1.6344704400e-03
-2.2673232099e-04
-7.1114861127e-04
-4.2231046092e-03
9.3595589671e-04
-5.6903964378e-04
-2.8237580251e-03
-1.1119574954e-03
1.4741533270e-03
2.3455718948e-03
1.4136321596e-03
3.2267799529e-03
5.0760952516e-03
-1.2430437620e-03
-1.0464747888e-03
2.4740828595e-03
-3.5936158490e-03
-1.7869428282e-03
4.3695687099e-03
-1.9246012930e-03
-2.4995631812e-03
-2.4701463420e-03
6.2134749949e-03
-7.2490067837e-04
-2.3861038815e-03
-2.3289164271e-05
-4.4483745187e-03
-5.8977580376e-04
-4.8993528028e-04
-5.8961539260e-03
-1.5131772793e-03
-4.1493990555e-04
-1.5387156987e-03
-6.1528650193e-04
4.1578134375e-04
-1.2422344890e-03
3.1758899973e-03
1.2563635200e-03
-3.7119974687e-03
5.2326371410e-03
-1.3682414017e-03
3.0706202300e-03
-5.3901392721e-04
4.4044582084e-03
-4.2348722921e-03
-3.1414873709e-03
-1.8435563797e-03
9.0845353917e-04
-1.6003636345e-03
2.6022067625e-03
-9.2375919313e-04
-4.4272124585e-03
7.9344938023e-05
-5.7086595221e-03
-6.5882967674e-04
-9.1161261012e-05
1.0167532200e-03
-1.6706427967e-03
-2.1174215535e-03
-7.0809624168e-04
-1.9118575947e-03
-2.2965213531e-04
8.0455015920e-04
6.3799975702e-03
8.4628580058e-03
3.5216549171e-03
4.2138633239e-03
-1.8893933672e-03
-8.6882186414e-04
-3.2340278446e-03
2.4081974475e-03
-2.3463785369e-03
2.9276800875e-03
5.7503614138e-03
-2.7448056891e-03
9.6740434708e-04
9.8522922078e-03
9.6936826993e-03
1.8637939487e-03
5.0443714761e-03
6.2073981462e-03
4.4461743729e-04
2.2664546783e-03
-3.0560017593e-04
3.0667632253e-03
-1.2221716110e-03
2.7615609318e-03
-1.5794601613e-03
2.8408242582e-05
-1.9062676201e-03
3.5875740449e-03
-3.7849401134e-03
-8.3971414388e-04
7.3326723497e-03
-8.8829480474e-04
6.4002055181e-03
2.6843002173e-03
5.2347851663e-03
-3.7987889158e-03
1.2010346478e-03
1.7930890358e-03
-3.8942878759e-03
-3.0906491748e-03
-2.9170157989e-03
4.7868699709e-03
-1.3952744319e-03
2.4894498468e-03
2.9154935301e-03
2.0355352695e-03
-8.3720117229e-04
1.0861315378e-03
2.8199683707e-03
-2.3179344821e-03
-5.3554996082e-04
-3.7006084336e-03
-7.1303441363e-04
-1.0111717508e-03
-6.4095850296e-04
1.4387011286e-03
-3.2010827600e-03
-3.7158949353e-03
-3.3909503407e-03
-2.9991157108e-03
-3.0586769898e-03
-9.3473203766e-04
-2.7568454083e-03
2.7068082400e-03
4.4328724901e-03
1.8224179748e-03
2.4786679143e-03
-3.7929988501e-04
-1.8346600467e-03
-7.2832250631e-04
3.7273553604e-03
8.7468697804e-04
2.1498827859e-05
-1.8544547484e-03
2.8666477767e-03
3.9413613247e-03
3.6881067394e-03
-3.6599348508e-04
1.8823549113e-03
2.6716749573e-03
1.5334562773e-03
4.2695377272e-04
-1.8574845200e-03
-4.4866606240e-04
-1.9046273127e-04
1.5834218640e-03
8.8903899161e-04
3.2733711761e-03
-4.7818582089e-03
1.5229983162e-03
1.7754806890e-03
6.8978099749e-03
1.5746601261e-03
-1.5956901192e-03
-3.5985754028e-03
-3.2338134467e-03
1.3433880274e-03
3.1430458510e-04
-1.4924417470e-03
-1.3720464499e-03
-1.3519300245e-03
-7.4998815467e-04
-5.0379271428e-03
8.5572539102e-04
-4.3729422767e-04
1.6991627018e-03
6.8934586991e-03
-3.2987340012e-03
-2.1149260791e-04
-4.0726064184e-03
-1.4410204756e-04
6.8021608227e-04
-1.1743787072e-03
2.7279799656e-03
5.8415796890e-04
2.6252216039e-03
-1.0103310703e-03
-1.3439202746e-03
2.3379024340e-03
-5.8670192473e-03
-2.0200620860e-03
-3.0545324886e-04
-6.0775693844e-04
-5.5957214445e-04
6.3738206050e-04
-2.7908821542e-03
-6.7731655334e-05
6.3611571122e-04
2.1511113362e-03
5.4164532117e-03
2.0849788360e-03
4.2330349300e-03
4.3966755841e-04
-4.9651487538e-04
-7.5850862395e-04
-1.8146788304e-03
-2.7164720817e-03
-4.4516506910e-03
1.2129384622e-03
-1.3163032135e-03
5.4815070013e-03
-8.9295802350e-04
3.0547755215e-03
-2.2965481297e-03
1.0366558641e-03
-3.2023868469e-03
-9.2627237332e-04
-3.4461213185e-03
-2.8456368119e-03
2.7424690565e-03
7.2794323594e-04
2.3485738510e-03
4.9599164555e-03
-2.7121305529e-03
-2.0953028338e-03
-2.1462669927e-03
3.6551465266e-03
-1.9607313326e-03
-3.1580604294e-03
2.7541524772e-03
-4.9969430992e-03
-7.4237646113e-04
-7.1731910525e-04
-2.5282577291e-03
-7.4009424028e-04
-4.9884905641e-04
7.9636255008e-04
-8.8295998315e-04
-2.3729400803e-03
-1.2901065638e-03
2.1555966649e-04
-2.3848332025e-03
1.2408130795e-03
-4.4957877538e-06
-2.3604656376e-03
2.3619808379e-03
4.0466158528e-03
-2.7234721312e-03
8.8486498615e-04
2.8607084060e-03
-3.5600106497e-03
-2.5185821396e-03
-1.5441187024e-03
7.5637682226e-04
-3.1649348793e-03
-2.9427999592e-03
-4.6519038804e-03
-4.3319508571e-03
1.3800957579e-03
-2.0705148777e-03
8.6268134366e-04
-7.0525803444e-04
5.4695173715e-03
1.3743444867e-03
1.6246536804e-03
5.2205734584e-03
-4.1800173485e-03
-7.7955093090e-04
7.3659987930e-04
2.3376114868e-03
1.4298510056e-02
2.7003874611e-03
-1.4382252479e-03
2.8011130289e-03
-1.3586880470e-03
1.9482607794e-03
6.4751410832e-05
-1.0529435515e-03
-1.3732328560e-03
-6.3537944631e-04
-7.0926099652e-04
3.8319043088e-03
3.7623549307e-03
-3.9271330142e-03
3.4952844429e-03
-2.1692524046e-03
7.7386596490e-04
-3.3475501961e-04
1.9460715775e-03
3.3055894634e-03
-1.9260196230e-03
-4.0673074061e-04
2.7394097026e-03
-1.6099782992e-03
2.3870883595e-03
-3.1376392738e-03
2.0395907128e-03
-2.7565156162e-03
1.0766354145e-03
-4.7317645935e-03
9.4084800347e-04
2.3703659767e-03
1.6370247073e-03
1.3506321761e-03
-1.6762205713e-03
3.1780283978e-03
-1.9049065016e-04
2.0199920884e-03
4.0995165327e-03
7.7194550669e-04
5.9054663891e-06
1.3188313229e-03
-1.1291277860e-03
-1.7631990881e-03
1.9789637994e-03
-3.3040454975e-03
3.7580494665e-03
-4.2355407908e-03
-2.0910781581e-04
-3.3307132393e-03
2.3090404358e-03
-1.4076460691e-03
-1.4544091098e-03
-1.3726156179e-03
1.0091951153e-04
-2.0786154407e-03
4.5673043558e-04
-3.3965994902e-04
1.1743868675e-03
-2.3928382411e-03
-1.3671922100e-03
2.1689951245e-03
-1.7556964893e-03
-4.2306441399e-03
2.3373978167e-03
1.1003441300e-03
-2.6705122996e-03
-3.2065304129e-03
-1.4555583253e-03
3.8763663806e-03
3.7900576358e-03
-4.2031831695e-04
-5.8870191075e-04
2.7330590121e-03
3.1189372037e-03
-5.7964350035e-03
8.7649876457e-04
2.8328315874e-03
7.8717275595e-04
3.3440516313e-03
1.3491224569e-03
-7.5644515274e-05
2.6371020757e-03
4.5226822086e-03
-1.6107593200e-04
4.6125396956e-04
-1.2039297241e-03
6.1440914985e-03
-2.6603546008e-04
8.3732666301e-04
-3.1731961117e-04
2.4950971705e-03
1.1998891467e-03
1.0814514971e-03
-1.0674244661e-03
-2.5461894699e-03
5.6387615359e-04
-2.2870216812e-03
-8.1725346836e-04
3.6375392997e-04
3.5645314964e-03
-1.8771233311e-03
2.2448906292e-03
-1.1429633879e-03
-3.8265610840e-03
-2.6447532637e-03
1.3274291637e-03
-2.2863850286e-03
2.5882616680e-04
-9.8876576413e-04
4.0862815490e-03
3.4650312053e-03
1.7966021631e-03
7.3163639350e-04
-2.5549145975e-03
-1.2412817572e-04
-1.1942280033e-03
-5.7203490347e-04
9.6968015182e-04
-3.8739331446e-03
9.5449335668e-04
-1.6681233304e-03
1.8093761950e-03
3.2283216283e-04
3.5113119130e-03
-2.6988109464e-03
-6.2462475203e-03
2.5424742217e-03
1.2184022377e-03
-1.9392595007e-03
2.7631534087e-04
6.3895668940e-03
-2.5829285542e-04
-4.0688412256e-03
1.1028141510e-03
5.6294550287e-03
6.4416881981e-04
-7.3836952119e-04
1.6332053461e-03
-3.6765906602e-03
-4.4048745559e-03
-3.3939803628e-03
-3.0130471782e-03
2.7080788063e-03
-2.6668983346e-03
1.2520753776e-03
3.9581863604e-03
-1.3637465817e-03
3.6226853277e-03
-2.6893332943e-03
6.6924053919e-04
6.8109914133e-04
1.1379138558e-03
2.5705197103e-03
6.7758235576e-03
2.1644539848e-03
6.8951923711e-04
1.3730192048e-03
3.1183275845e-03
2.5229616944e-03
2.4653575308e-04
-1.5543288246e-03
-3.0703916237e-03
-9.7624043901e-04
-1.1281099650e-03
8.4598933007e-04
3.2615790420e-03
8.9230059542e-03
-7.2729865351e-04
3.2444377463e-03
-8.0814379198e-04
-2.4614185164e-03
6.5038214181e-04
2.0322173480e-03
-3.5381276767e-04
5.7294894961e-03
1.9145546030e-03
-1.8916686104e-03
-2.8682666543e-03
-5.4762795630e-04
-7.7461717991e-04
3.3435049511e-03
-7.0431581577e-04
-4.8778644010e-04
-1.1113625218e-03
1.6877123567e-03
3.9910711768e-03
5.3032098562e-03
-5.8294508438e-04
2.9690187804e-03
1.0198473066e-03
-5.3725662365e-05
-1.0038862644e-03
-2.9404496591e-03
3.0169998447e-03
-2.0142952599e-03
-2.9184287944e-03
1.1521938226e-03
-4.8430043578e-03
7.2746220895e-03
5.4457169278e-03
-2.0843784209e-03
2.0512098555e-03
6.1867112115e-04
-1.9359287574e-03
-1.3712595025e-03
-6.9632542577e-04
-4.4692430561e-04
3.5746048758e-03
-1.3933233460e-03
1.3558168847e-03
-5.3491045611e-04
9.8092391653e-05
-2.8596161753e-03
1.5001986778e-03
-3.9804796942e-03
3.7394096324e-03
2.0863569529e-03
-8.7625962435e-05
-1.5942303774e-03
1.4881431684e-03
4.0294462856e-03
2.5590126651e-04
-1.6735768974e-03
-1.7715630408e-03
5.5603517096e-04
-5.1036784429e-03
4.0794368801e-03
-4.6185490838e-04
-2.8775930374e-03
-6.1157059743e-04
-6.1152568548e-04
-3.0200203159e-03
3.6476817910e-04
1.9353797497e-03
-9.3397042197e-04
6.0448666496e-03
5.9032765853e-04
4.2378247422e-03
-8.2952699547e-05
-3.0175934376e-03
-3.0995952120e-03
-1.8989920584e-03
3.5560320158e-03
1.4716744904e-03
-3.7825677569e-03
-2.9347575470e-03
-7.7454247926e-03
-2.3453871255e-03
1.7671103154e-03
2.0268607624e-03
-4.2761400615e-03
7.1667185645e-03
-3.6901044180e-04
2.5820434391e-03
-4.0962516474e-03
1.7644326220e-03
2.1428090123e-03
8.1885796230e-04
-1.4325341356e-03
-4.7605721162e-04
-8.3399870004e-04
-2.1956741996e-03
-1.3286080058e-03
1.1231276645e-03
4.2111639035e-04
6.3252015620e-04
2.5863389188e-03
3.8675669949e-05
-1.0127014880e-03
3.3422469399e-03
-3.2716182935e-03
-1.9216362235e-03
-2.5177793605e-03
-6.0089137171e-03
-2.3694833537e-03
-5.1028296866e-03
-3.3042874225e-03
4.4228878951e-03
-3.0578357532e-03
-2.5456210252e-03
-1.1139007718e-04
3.9258332636e-04
1.9284790004e-03
-1.9255893372e-03
-1.9692931870e-03
3.0978084203e-03
3.8371493301e-03
3.4233592598e-03
-2.2805117573e-04
-2.6516934814e-03
1.9941592086e-03
-6.4455945589e-04
3.1927708642e-03
-2.3094211860e-04
1.3578704676e-03
1.3443739628e-03
2.5968880018e-03
-1.5123863509e-03
-1.4416997002e-04
-6.0411412402e-04
-7.5335094136e-04
-1.0988503302e-03
3.1536164923e-03
1.8586356871e-03
-1.7393755467e-03
-2.5867390552e-03
-3.0181523920e-03
3.5537514672e-03
6.3176870734e-04
3.4475483330e-04
3.1861181780e-03
-4.1741467295e-03
-5.2417798364e-03
-1.8740567873e-03
-1.9505449000e-03
7.7553024633e-04
2.8017140321e-04
1.1683906732e-03
2.8394764855e-03
-5.5354531738e-04
-1.5526205707e-03
6.9870699797e-04
-2.4036198826e-03
-4.8421572878e-03
-1.9825730497e-03
-3.3553132878e-03
3.7056942564e-03
5.2670174978e-04
1.0803067641e-03
-2.7889582310e-03
-8.0058595998e-04
1.1305006455e-03
3.0363969451e-03
-3.6202585199e-03
-5.8094919393e-04
-3.4870842867e-03
-1.7913349185e-03
-8.1348775318e-04
2.3095778027e-03
-3.3343696371e-03
9.2858215657e-04
-1.0735111222e-03
5.3076164526e-03
-1.5248321725e-04
-1.9561762685e-03
-2.7459145367e-03
3.2162326576e-04
-1.3992749117e-03
-3.2166288746e-03
-3.5592596738e-03
9.2525484926e-03
-1.2841922579e-03
-4.5324349873e-05
7.5679695393e-04
3.2757833054e-03
-2.3397664827e-03
-4.3359358439e-03
5.0969715561e-04
-1.9664220443e-03
-2.5588785435e-03
6.9055857748e-04
-1.6484505514e-03
-5.6187690641e-04
6.8262736546e-03
7.1748449696e-04
4.0489199207e-04
-7.1093699051e-04
8.1238228907e-04
4.0439841891e-03
2.3343280180e-03
5.4928765257e-04
-4.0949430278e-03
1.3029809404e-03
4.6846122989e-03
-7.2836008416e-05
-2.6932505076e-03
-1.8305839516e-03
-2.4448516353e-03
-2.9504842477e-03
2.1068083476e-03
-3.7976718463e-03
3.1701989442e-04
-7.6771095217e-05
1.1660140826e-03
3.5230206163e-03
-2.1324098553e-03
-2.4983200663e-03
1.1147284740e-03
2.7079000234e-03
-1.9628195339e-03
-3.0412604542e-03
-2.8144814214e-04
-6.9421619946e-04
3.8601684957e-03
4.9978725055e-04
-2.1424110385e-03
1.3273464864e-03
3.5906744822e-04
-2.0670050443e-03
2.8721102066e-03
-1.2000586255e-04
1.6065981629e-03
-3.8051155104e-03
8.0992014300e-04
2.0302509848e-03
-5.9503756988e-04
2.8233857679e-03
2.1499284322e-03
3.1287820328e-03
-1.8963485650e-03
-3.8434086886e-04
-4.6907671672e-04
-3.0417023040e-03
-2.8477626156e-03
-5.2267017895e-03
-3.3645690715e-03
1.4558955545e-03
-3.3494827261e-03
-1.6607968049e-03
3.8214218818e-04
1.3874978578e-03
1.2649762795e-03
-4.6359630375e-04
2.6714106891e-03
-3.4021366381e-04
-2.6428374043e-03
-3.6959281579e-03
-2.9774301468e-03
-3.6493081150e-03
1.9374513945e-03
8.2556595281e-04
2.7691277144e-03
3.2831881320e-03
5.8887259329e-03
-1.4213675794e-03
3.7011030008e-03
5.2337037220e-03
-2.4405361744e-03
3.7258046008e-04
2.8944301019e-03
-2.4486715786e-03
3.6419844026e-03
-5.7386544256e-04
4.3957134183e-04
4.5413774992e-04
1.0852098137e-03
1.5648130736e-04
-5.4579217600e-03
-2.3495294570e-03
1.0995118565e-03
-4.6261067850e-03
-4.1656298390e-04
6.6090299599e-03
1.3659122391e-03
-1.0101577817e-04
-1.6774880410e-03
1.8750774515e-03
-1.1738945620e-03
1.0203824109e-03
-3.7426735894e-04
-2.0367307042e-03
-2.2027519223e-03
2.3474430853e-03
6.5039563292e-04
-1.4879613403e-03
5.2781933345e-04
9.3048562700e-04
7.9486445111e-04
3.7113966601e-03
2.7406768013e-04
2.5726334386e-04
-2.3370648116e-03
1.6584698378e-03
-2.0126289672e-03
-2.2820038258e-03
-1.4851338774e-03
6.9900210826e-04
-8.5310214390e-04
3.5477726992e-03
2.5375697562e-04
6.8216078210e-03
-3.6787931941e-03
6.7570591128e-03
-1.4990315046e-03
-2.5656452338e-04
-1.1591368511e-03
1.1282730780e-03
3.1494022641e-03
2.7761807788e-03
-2.7174138774e-03
-2.4323239612e-03
-1.6010138175e-03
6.0465624578e-03
-2.2430757718e-04
1.8913791556e-03
-3.7249320374e-04
2.4172956818e-03
-2.4223586253e-03
-6.4313433178e-04
-3.1834825749e-03
-3.0634137434e-03
-3.5211954149e-03
-2.0233430909e-03
-4.2737953301e-04
-1.1736609140e-03
-3.6117203969e-04
3.1557300702e-03
4.5548262963e-04
4.3024273088e-04
-2.5749704147e-03
3.1688492796e-03
3.3176792771e-03
-1.3972628943e-04
-5.9250095224e-03
-1.9957227378e-03
-2.5330570533e-03
8.5959007517e-04
-9.9389549305e-04
-1.5793437630e-04
-4.1412666043e-03
1.0256909272e-03
1.6500425671e-03
3.4441057501e-03
2.6668904159e-03
7.1770193117e-04
-3.1922738947e-03
4.8361172728e-03
3.7200558888e-03
-1.5116801630e-03
-4.9137091616e-03
-2.4732989518e-03
2.6030399368e-03
-2.2333791435e-03
8.7348548224e-04
-4.0174794893e-03
2.6636146537e-03
-8.7063647315e-04
-2.2633018889e-03
-5.5932653840e-03
-2.0654990226e-03
-1.4538615734e-03
-2.1484358441e-03
3.6165037492e-03
-2.4368061697e-03
-2.7804906971e-03
-4.2906552506e-03
-2.5294034717e-03
9.2085494093e-04
5.2127363220e-03
-3.2054411441e-03
-2.1870926569e-03
-5.7924017102e-04
-3.2201372825e-03
-4.0664573523e-03
-4.7192014855e-03
1.2725139861e-03
-1.6505607801e-03
-1.6729995199e-03
-6.9316860038e-04
1.6293189430e-03
-1.5518457725e-04
-5.5066106504e-04
1.3127749147e-05
-2.3731303761e-03
2.7912849923e-03
-1.5379594775e-03
-1.5038074783e-03
-1.8460547063e-03
-2.2336860442e-03
1.2386842904e-03
1.3839249275e-03
1.9638608277e-03
5.6490450496e-03
-2.2668493164e-03
-1.6285916431e-03
-3.5992265149e-03
4.8677216684e-03
-2.8318142582e-03
3.5218363906e-03
5.0942792176e-04
-2.3526259582e-04
-1.5893696074e-03
9.5428443764e-04
-9.7159055707e-04
-4.7143808615e-03
6.6582660484e-03
1.2222558411e-03
2.2436149440e-03
1.4319565155e-03
-2.2381272310e-03
-1.3033820076e-03
-1.2945606341e-03
1.6705030906e-03
-2.5726707472e-03
-3.8793425958e-03
-3.5719646683e-03
-1.6220553802e-03
-1.6806606666e-04
2.0810737760e-03
-2.8501389694e-03
-6.9130861717e-04
1.3431857169e-03
-2.2538268284e-03
-4.5969480220e-03
5.2763719594e-03
-8.8129424236e-04
-3.0121258377e-03
2.2520080229e-03
-5.0264243075e-03
9.0486441297e-04
-2.9628941912e-03
8.3259147854e-03
-1.7572079834e-03
-4.8943308722e-03
2.5553345013e-04
1.9983207293e-03
5.3381239225e-04
4.5815913667e-03
-6.8205215977e-04
5.2677528816e-03
7.0960148959e-03
-6.8085245225e-04
1.7439565802e-03
-1.1056957441e-03
6.8057505241e-05
-4.9629363010e-04
-1.3392666357e-03
-4.6741902276e-04
1.2296738766e-03
4.9482849400e-03
2.7033161139e-03
6.2765946884e-03
-2.0767935878e-03
-3.1695456051e-03
-2.7010887687e-03
1.3451244218e-03
5.1886562734e-03
2.4413831868e-03
5.2060383569e-03
-1.2098637690e-03
-4.0072169462e-03
2.9324095125e-03
-1.3715454007e-03
1.8779002557e-03
-2.4943581470e-03
-8.4406338815e-04
3.1249919697e-04
4.3870528402e-04
1.9788756894e-04
-4.8375038583e-04
6.9283161658e-03
2.0586008522e-04
-1.8863147794e-04
3.1089090038e-03
2.5662755960e-04
4.0412944317e-03
2.3048187375e-04
-1.1340039806e-03
1.6698334989e-03
-3.0507717497e-03
3.9742624713e-03
-2.6904526678e-03
2.5018670488e-03
-2.5464481100e-03
9.6223192681e-03
-2.8027407042e-03
-2.1111077259e-04
-1.7116929367e-04
-2.7991676656e-03
1.4271927566e-03
-4.8256346469e-03
-4.0510962702e-03
-2.7552436009e-04
-2.6623077335e-03
2.7182436818e-03
5.9755700191e-04
-2.0259351808e-03
-4.2581699230e-03
-1.1650465197e-03
2.4453132062e-03
3.9439286829e-03
1.9472390724e-03
3.3011766273e-03
2.9445456255e-03
3.7002095214e-03
-3.2254902676e-03
2.0881011383e-03
1.2036538501e-03
3.7171847852e-04
-3.7260649836e-03
-4.4597849246e-03
-3.8137280967e-04
-8.9095984959e-04
1.1233372209e-03
3.0446410572e-03
-4.3854182640e-04
-3.1077162073e-03
-2.6401322622e-03
-8.8488796622e-04
9.5629706122e-04
3.9565832831e-03
-3.5416299897e-03
-2.9201412853e-03
1.5880853074e-03
-1.0684537765e-03
1.9921487244e-03
4.8583481622e-03
5.6095589818e-04
-2.3969826078e-03
-9.7120954059e-04
-3.6108270191e-03
-2.8949686732e-03
-1.3723717135e-03
7.8540411831e-03
1.3789209770e-04
-2.4763243287e-03
1.1049332022e-02
-2.4933638232e-03
-1.1075420043e-03
-2.7139731581e-03
3.2728529458e-05
4.8760269266e-04
-2.4870730361e-03
-6.4046926683e-04
-3.2358202568e-03
-6.3954771864e-04
2.1970879331e-03
5.4942732503e-03
4.2489764396e-03
1.8993637947e-03
-1.6307709679e-03
-2.6310791564e-03
-3.6661386840e-03
2.5297882281e-03
-4.6148301768e-03
3.6241684163e-03
-8.4357609825e-04
3.9372300478e-03
-1.2440108926e-04
-3.9925250832e-03
-1.9131652565e-03
2.6949843681e-03
1.9459049230e-03
-2.2531474567e-03
-5.8896434674e-04
-7.6646991210e-04
-3.3855053660e-03
4.9264391617e-03
-1.8997966268e-04
4.0436086170e-03
-1.1245930416e-04
-4.9948956556e-04
-3.4769803472e-03
-2.9477836437e-03
1.3357159467e-04
-1.4613486709e-05
2.6916849000e-03
1.9731703266e-03
7.6277052824e-05
-6.7850109388e-04
9.8759983837e-04
-9.3910017864e-04
-1.0670735038e-03
-1.2943890228e-03
-3.4401275813e-03
-2.0075949592e-03
-4.6700438332e-03
1.8741676311e-03
7.2714446903e-05
1.0801527029e-03
3.1593970096e-03
-7.1876741128e-04
-1.6483253500e-03
-2.7826573240e-03
-2.0051486164e-04
-4.4558601497e-04
-5.3805092075e-03
-1.7580245532e-03
-1.8888904515e-03
1.2035624126e-03
-5.8377540204e-03
2.7273107550e-03
5.3426662267e-03
-1.4079568388e-03
-4.0471040292e-03
7.1787024109e-04
2.3743288314e-03
2.3908963122e-03
-2.5864540946e-03
1.1094531910e-03
6.0602474248e-03
-4.9838323697e-03
3.4165066235e-03
4.4426240215e-03
2.5425513956e-03
-3.3822273047e-03
-2.0625486876e-04
-4.3187603239e-03
1.9836296484e-03
-1.4313728935e-03
-3.3174076865e-03
-2.4593793846e-03
-1.7593641973e-03
7.9914103320e-04
1.8846235242e-04
-6.3575068220e-04
2.9926931638e-03
-2.5205542269e-03
4.5238227806e-04
-4.8903991455e-04
-4.8845093939e-03
2.6992097531e-03
2.2393154729e-03
-4.8222024009e-03
-1.0544210999e-03
-2.9394089487e-03
1.5698142663e-03
-7.5327377562e-04
3.7273337135e-03
3.2153120035e-03
2.5164711652e-03
2.9197685748e-03
-3.2593125985e-03
3.0934463384e-03
-5.5707605161e-04
-6.0698797137e-04
-2.3947634277e-03
3.5173423516e-03
-1.7615003235e-06
-1.0037219058e-03
-9.3028864144e-04
6.0218383348e-03
-4.9875262578e-03
-3.1646834515e-04
3.3112091996e-03
5.0045655000e-03
4.7790995663e-04
1.8028758304e-03
1.4996663196e-03
5.0164300293e-03
-2.0759718277e-03
1.9439757544e-04
-5.9035890369e-04
-1.8293145674e-03
1.8853883526e-04
-2.1325212808e-03
-6.7310759846e-04
6.6618404339e-04
9.2800061237e-05
-2.1197636036e-03
-1.8910872075e-03
-1.3391387752e-03
-1.7798899763e-03
4.6737614178e-03
1.3199479325e-03
-2.1669252287e-03
-1.5466591125e-03
-1.5888673769e-03
4.9270277857e-04
3.4940810653e-03
-1.7196740681e-03
8.3820081650e-04
5.0751535305e-05
-6.4394341088e-04
5.4383638115e-04
-8.8068200392e-04
-2.3266678958e-03
5.1863717021e-03
1.1987390592e-03
6.3516057906e-04
6.9194829541e-04
2.5888374427e-04
1.1642605523e-03
-9.4814016316e-04
1.4612252960e-03
2.6332760147e-03
-7.0364368010e-04
-1.3957444880e-03
2.7528959384e-03
-9.0483176643e-04
-2.3353788127e-03
4.9761965064e-03
6.8197247551e-03
-5.0043098179e-03
3.0352787736e-03
-2.1114595197e-03
4.3292369781e-03
-1.1497010577e-03
2.3677934880e-04
3.2357283389e-03
1.6059439181e-03
-1.4802053490e-03
-2.0080043302e-03
-7.3948217177e-04
-3.9648166312e-03
-5.3130596827e-03
1.9026972993e-03
3.0940701137e-03
3.1903029446e-03
-3.0383755156e-03
2.5386300568e-03
1.0250086167e-02
3.8386016469e-03
3.3637859707e-03
-7.6511578758e-04
-2.5093591808e-03
2.7088321846e-03
1.5399774902e-03
1.0553640773e-02
5.4929170530e-03
-5.5806292333e-04
-1.3258145742e-03
5.3519990547e-04
8.0080704642e-04
-3.0138316140e-03
-1.9041346654e-03
-1.8047232268e-03
-1.4376174604e-03
-1.6013260934e-03
3.3485477758e-03
-8.8370026989e-04
1.4093516019e-03
-5.2398473726e-04
4.0390366894e-03
-1.4642643952e-03
-1.3288082158e-03
-2.5114642611e-03
-1.5335701107e-03
-2.2404700089e-03
-9.6651947611e-04
-7.4109238816e-04
-2.4534209860e-03
1.1696824373e-03
-3.1342361743e-03
-7.9955311453e-04
-3.2479115965e-03
2.7297660842e-03
-1.6782937735e-03
-3.4468781756e-04
-5.1794707744e-04
-5.2235273158e-04
8.5584483760e-04
-3.5992489052e-03
-1.8867090319e-03
1.6391938898e-03
3.9934655089e-03
-4.4853619789e-03
3.0576674656e-03
-3.0994810796e-04
-1.1204677464e-03
-1.3072940544e-03
-1.5605877465e-03
-3.6106929277e-03
-2.0212901096e-03
1.7350672092e-03
-5.5412332556e-04
7.8205587323e-03
9.5945591332e-04
-3.4553563888e-03
1.3895261774e-03
-1.1796440587e-04
-3.4989543096e-03
-9.0707205808e-04
6.2024220017e-04
-2.7448283213e-03
4.7268092152e-03
7.9986433603e-04
-5.7497504588e-06
-8.8069081280e-04
-3.3322298628e-03
-4.9064413490e-04
6.8674727187e-03
1.2037166395e-03
-2.0710139103e-03
8.4200174742e-04
-3.5426885052e-03
-1.9376333326e-03
6.9815261919e-03
-2.4408036468e-03
2.7432271576e-03
-2.9326851644e-03
-3.1689200571e-04
4.6359109985e-03
-3.4650343472e-03
4.4192852779e-03
3.4919199262e-03
3.1288349220e-03
-6.9753163712e-03
6.5039358318e-03
-1.8117480178e-03
-5.4181397523e-04
6.8273673581e-03
-1.3102424744e-03
-1.3134309281e-03
5.9517926157e-04
-6.0280830595e-03
2.4835538495e-03
-1.5882846954e-03
-5.4225072958e-03
2.4875131235e-03
-6.0973745461e-04
1.6630506719e-04
4.6428694314e-05
4.4964251006e-03
-2.6216147238e-03
1.8136685560e-03
3.1294231832e-03
2.0093067887e-03
6.6031422986e-03
-7.0746054815e-04
2.7028173270e-03
-2.8889685963e-03
-3.4140031574e-03
-1.5287585705e-03
7.4081492848e-03
-4.3831117562e-03
2.2047422027e-03
3.3960179846e-03
6.5380807390e-04
-9.7787570780e-04
3.9067529356e-04
-2.7498225245e-03
-1.5967568766e-03
1.4555243611e-03
-6.8960808644e-04
-4.2197196236e-03
2.7136562662e-03
-1.1426017440e-03
-1.0982264716e-04
3.5367052761e-03
2.4395099971e-04
1.8366647222e-03
-1.9100200376e-03
-3.2264567187e-03
1.5575991920e-03
-1.2250418614e-03
-8.8233453086e-04
-2.2691949247e-03
-1.4415836087e-04
-7.2555935767e-04
-2.4200752571e-03
4.3349380857e-03
3.5772836192e-03
-3.2251801755e-03
2.8520300788e-03
1.1926297544e-03
4.8646943529e-04
2.5484616290e-04
-1.1000555288e-03
-1.8540187298e-03
2.2133644237e-03
2.5679856383e-03
1.8486532567e-03
9.1389825845e-03
1.8970290018e-03
1.5728130263e-03
-3.6801877128e-03
-2.0460430866e-04
-1.2607965451e-03
-1.2693206189e-03
-1.8326960595e-04
2.4661820100e-03
-2.8697758203e-04
-5.9875638787e-03
-1.5027060012e-04
-2.2472977737e-03
6.8536751423e-03
1.0199697732e-03
-2.3487525195e-03
5.7001877704e-03
4.0223990150e-03
7.8210061814e-03
-3.2258719601e-05
3.8303362476e-05
-5.2327221576e-03
-4.1866202132e-04
4.5721290474e-05
4.3114020199e-04
5.5600094260e-03
-1.3070964274e-03
-3.4186153219e-03
1.3673348082e-03
2.0845727820e-03
1.6951870294e-03
-9.0824199341e-04
-1.2554044960e-03
6.8647152978e-03
-3.3590579699e-03
6.5223650462e-03
-8.2980436480e-04
-2.1945575343e-03
-1.9318050409e-03
-7.1449170136e-04
1.6491049891e-03
8.8595747158e-04
2.8070598443e-03
2.1899277470e-03
4.0700563193e-03
3.6286938701e-03
-1.0757650326e-03
2.1296787833e-03
-1.4558717050e-04
3.0542986831e-03
2.9064932084e-04
-1.2180374468e-03
-1.9005164633e-03
2.9192872791e-04
2.8823136097e-03
-1.0715229224e-03
1.0311420258e-03
-5.0267217153e-03
-4.7955198035e-03
-2.3685163337e-03
-2.3852736210e-04
1.6165956303e-03
4.4587115698e-04
-2.1628352929e-03
2.9353792593e-03
8.5187321358e-04
9.3668301590e-05
-4.0275514999e-05
-8.8747494466e-04
2.2975576305e-03
-4.9881084212e-03
-1.3371145512e-03
1.9288594917e-03
-4.1297217264e-04
-1.0332272293e-03
-1.9513490290e-03
-8.7674738591e-04
1.1249642510e-04
-3.4929663375e-03
3.8516634911e-03
3.9564977055e-03
-2.9911418710e-03
1.4263341649e-03
2.3305979333e-03
-2.9289067282e-03
1.3693963927e-05
-1.8913022086e-03
-1.2126342226e-03
-3.4605960463e-03
3.7892435188e-03
-5.6256151828e-03
-2.2087840319e-03
-3.6354349805e-03
-3.1892610281e-03
-2.5705367680e-04
-3.7398274063e-03
1.7357408578e-03
6.5417625004e-03
1.2770794751e-03
-5.3885683422e-03
1.6172568506e-03
6.5888027908e-04
9.2241287075e-05
-4.9423171414e-03
-6.6251628770e-04
-1.4412569712e-03
1.3737488130e-04
-8.8557530183e-04
1.3319999808e-03
8.9112853485e-04
-2.7177853776e-04
2.8988194225e-03
-4.8806816318e-03
5.6363273652e-04
-4.9662273412e-04
4.7949396196e-05
5.3789280194e-03
-2.1256706783e-03
-3.3804642919e-03
4.2545779788e-03
-6.8725386991e-04
-4.7879481121e-03
4.1006818828e-03
-2.9336354134e-03
8.2062077285e-03
1.6040992709e-03
-3.6500868395e-03
-1.8884044256e-03
3.4330099237e-06
-2.1019422461e-03
-1.7759882038e-03
-2.6049258693e-03
-3.7205798794e-03
1.8349729385e-03
-3.3038599880e-03
9.0445479079e-04
-1.6896807994e-03
-1.8273260075e-04
1.9904381764e-04
2.8505694164e-03
-2.5651711788e-03
-4.9309284575e-04
-1.8889640368e-03
-2.2405439020e-03
-7.3854383557e-04
-4.6036902410e-04
4.3863734863e-03
9.1699147994e-04
3.7070747925e-04
-5.4717704460e-03
1.3998854638e-03
4.1651991362e-04
1.7541797852e-03
-1.6557512703e-03
-3.7618784342e-03
-2.9404072718e-04
-2.2342979383e-03
3.4198171755e-03
6.4067285881e-04
-1.3729502379e-03
1.0876024854e-03
-2.5281291282e-03
-3.3364505051e-03
-3.2098145144e-03
-2.6353555117e-03
4.3208075642e-03
-2.7890423153e-03
-4.4375821240e-04
2.0462630099e-03
-1.2021540472e-03
3.4673568094e-03
1.0804878877e-03
-2.6472044584e-03
4.3267002288e-03
-4.0919055205e-03
-9.0360852199e-05
5.7339048225e-03
1.6725434685e-03
2.6582177022e-03
-3.7758743413e-04
-6.5767576788e-04
-2.3455826271e-03
-6.1406746428e-04
2.0456837189e-03
2.2259753735e-03
3.7922173041e-04
-4.8180528584e-03
-3.1459769365e-04
-2.4515315102e-03
-3.1507752596e-03
-4.1795322829e-03
-3.4549968954e-03
-3.4385300783e-03
-2.1547397691e-03
3.3540809788e-03
-1.2404836157e-03
-1.1748914819e-03
-5.7345387742e-04
-1.1340813272e-03
3.0473503670e-03
2.8720256870e-04
3.3182399473e-03
7.2678561906e-05
-3.0945787640e-03
-4.1733684394e-03
2.8476543925e-03
-6.0301316235e-03
1.6318721371e-03
1.5313499405e-03
1.8486260710e-03
3.8774638763e-04
1.9272839630e-03
-3.0630691842e-04
-1.3607463144e-03
-3.1868395626e-03
1.7736262261e-03
-1.2729800343e-03
8.9895535337e-03
1.3873965050e-03
-1.7196806247e-03
2.2544094045e-03
-3.7216162312e-03
2.1233931326e-03
1.2789781338e-03
1.2888982337e-03
2.3389406103e-03
-9.5750664085e-04
2.6849702435e-04
3.1767005304e-03
-4.5643667173e-03
4.2493289946e-03
-1.9514763690e-03
-1.4400458883e-03
1.4313629171e-03
-1.8359608564e-03
-2.5229286730e-03
7.1084475187e-04
2.4506514017e-03
-4.2616401297e-03
3.8376842881e-03
1.1413700771e-03
1.0467641758e-03
-4.8374985292e-03
1.5272634873e-03
3.0274993453e-03
6.4145810605e-04
-7.4731008638e-04
2.5994069306e-03
-2.7823615268e-03
8.3059722242e-04
-1.4195364298e-03
-3.9632095248e-03
2.7213045313e-03
2.8624257418e-03
-2.1558653505e-03
1.2673698732e-03
2.9484227459e-03
1.9445944383e-03
1.7148081675e-03
-1.7541965745e-03
-3.0805634960e-03
3.6924661195e-03
-1.0626179333e-03
8.4407574826e-04
8.9861047938e-04
-1.0689098862e-03
-2.8212758894e-03
-4.5789636210e-03
-4.8616691935e-03
2.4221912526e-04
1.7757619401e-03
-4.7298878344e-03
-4.3956672143e-03
1.2026454226e-03
1.4139402166e-03
-5.1585381360e-03
-2.6833363103e-03
-5.6615027870e-03
2.4670654849e-03
-3.8524325968e-03
-2.3409515447e-03
-1.6177454889e-03
-5.1616419151e-04
1.2996805118e-03
-2.9126429018e-03
-2.6125377847e-03
-4.5335884917e-03
8.9307223395e-04
7.1774284408e-03
3.0199516526e-03
2.3128492878e-03
-4.5479126111e-03
-3.5185189323e-03
-4.9499651428e-04
-2.8626152814e-03
8.3117554561e-03
3.4675118703e-03
-2.6671069677e-03
-1.4600020486e-03
2.4470308730e-03
1.0600101981e-03
-3.0972231271e-04
-1.0244703784e-04
-3.5700376503e-03
1.6621488437e-03
-3.4615527345e-03
-1.2416442019e-03
-4.4577602684e-04
-2.8393278172e-03
-1.6203461037e-03
4.2888459085e-03
2.1104647196e-03
-2.5385130826e-03
-3.0837495197e-03
-3.0700097935e-03
-6.7939457379e-04
-1.9126495682e-03
4.6034455072e-03
1.4593805352e-03
-5.3895611382e-03
5.3749400725e-03
-1.7917404778e-03
-2.5923423321e-03
-2.2833218586e-03
-4.7417847671e-03
-4.0057360754e-03
2.8587259407e-03
-3.0516589124e-03
-3.7356309487e-03
9.9336231537e-04
-2.6393946008e-03
1.6542016518e-03
-2.5869014702e-03
3.4667766071e-03
-7.0163861758e-04
6.8633383942e-04
4.3286864252e-03
-8.2494958955e-04
-2.9594468810e-04
1.9861893375e-03
-2.6294490028e-03
4.8428915942e-03
-8.9867668674e-04
1.5243540099e-03
-5.3722361924e-03
-4.0291025311e-03
7.6383745391e-04
4.8942137288e-03
-1.0162252925e-04
-2.9172996839e-03
-2.3241553334e-03
3.1311388776e-03
-2.8045228873e-03
1.2674432122e-03
-3.6403495906e-03
-4.2097128546e-03
-2.6972451231e-04
4.0413537838e-03
-8.7361798255e-04
2.4673318934e-03
-1.6737753717e-03
-1.1012628048e-03
1.9238735217e-03
4.3240052491e-03
1.6602180500e-03
9.0143361297e-04
-4.8486115292e-03
-4.3132897518e-03
1.1318739416e-03
3.6833035066e-04
9.4846859905e-04
7.0729366648e-03
5.7925785324e-03
-5.2837797605e-03
1.8481344558e-03
-4.4480186385e-03
7.8663988879e-03
2.4294288726e-03
1.4952943792e-03
-2.5535199935e-03
1.1973323723e-03
1.5493655043e-04
-2.4214891257e-03
1.1096582357e-03
-4.2016934106e-03
-3.8409002533e-04
-1.4282195770e-03
-5.9217007731e-03
-2.5298927741e-04
-1.3984237112e-03
-1.2223903945e-03
1.7705283776e-03
2.6171195335e-03
-4.2070258919e-03
-2.3857154514e-03
6.7185624362e-03
9.0653346180e-05
-9.5902640117e-04
2.0938152915e-03
1.0843363645e-03
-2.5582179377e-03
-6.2595034414e-04
-3.0813531348e-04
1.7332753088e-03
4.7304015501e-04
3.6042909024e-03
2.4079386907e-03
-1.6899786360e-03
5.6886438555e-03
1.5538945450e-03
2.9809146458e-03
5.7490088895e-03
-2.6172616757e-03
-1.1873183768e-03
-2.9077953939e-04
-2.4517942874e-03
-2.9136079601e-03
-1.8054029519e-04
-3.0465227628e-03
-2.4258299259e-03
-4.2166494738e-03
9.3843268939e-04
-8.6088071067e-04
-3.8517227112e-03
-3.7351343059e-03
2.6022196641e-03
-3.1552365917e-03
-1.1100756397e-03
-3.0079009846e-03
-2.8214891486e-03
-1.3908458090e-03
-1.4930511771e-03
1.4425140986e-03
1.6492408172e-03
-3.2379090212e-03
1.7831269394e-03
2.4924071315e-04
-2.4125655439e-03
-2.3611002558e-03
-2.1783155028e-04
3.7062941949e-03
-2.1389532866e-03
1.2257477656e-03
-5.5267309003e-04
3.6024781437e-03
-7.3971024159e-04
3.8942930181e-03
-5.0122210927e-04
2.4918473569e-03
6.6911049584e-03
-3.2827100030e-03
-1.2742424672e-03
-4.9237951116e-04
-2.2339225069e-03
-1.3759772892e-03
-4.4759067575e-03
1.1320917806e-03
6.8712256432e-04
5.0892673527e-03
3.1744370060e-04
-2.0743296780e-03
5.7424735350e-04
-2.8437474509e-03
2.9066704035e-03
-2.2374815633e-03
4.5148252880e-03
-3.0392522342e-03
1.6718741310e-03
1.3250805174e-03
-1.7480966686e-03
-1.5360074986e-03
-1.4167938463e-03
-3.5896367366e-03
-1.4882582185e-03
-2.2671093209e-03
6.3872752758e-03
-2.7626139243e-03
-3.4531056383e-03
1.7827874371e-03
4.9666175055e-04
-3.8197798785e-04
-2.4598734875e-03
-2.4014598005e-03
2.6874373125e-03
-3.6372066534e-03
-2.2046562449e-03
1.1402147521e-03
-3.1786021317e-03
-3.9759604166e-04
-1.7993293625e-03
-2.3574734208e-03
8.0051464920e-03
5.6552692936e-03
-4.0289174816e-04
-5.8264339501e-04
2.6696848006e-04
2.0501917392e-03
-1.5588193194e-03
2.3988862970e-03
1.5643801744e-03
-1.0227564256e-03
1.4541592497e-03
2.8278488761e-03
1.1095385521e-03
-3.3197235276e-03
1.7569530525e-03
-1.5922382898e-03
-5.0685584405e-04
-1.0035280032e-04
-1.6546722801e-03
6.2226421280e-05
-2.9751487926e-03
-1.8224023701e-04
2.1913635451e-03
1.5818616160e-03
-4.9460192317e-04
-1.2223286820e-03
3.2346591930e-03
3.1002923976e-03
-3.8356191087e-03
-1.3135161979e-03
1.3850154070e-03
5.0961459690e-03
-1.8704632553e-03
-7.5509745745e-04
-3.3867396420e-04
3.6731229744e-03
-2.8953194064e-03
5.6403766964e-03
-3.8619564653e-04
-2.3827173552e-03
-1.6696722372e-03
-2.0611483218e-03
-1.9123963850e-03
-3.9371438174e-03
4.2568592889e-03
8.9305286759e-04
6.6530751431e-04
4.5663388376e-03
-1.5017015348e-03
-1.5267625560e-03
-2.0038292136e-03
-5.6575868936e-03
-1.5793620110e-03
1.3396465303e-03
-8.7336881151e-04
-3.9523009138e-03
1.3410449840e-03
-9.9103103606e-04
-3.1801444999e-03
1.8905666376e-04
-4.3395706946e-04
-1.5416640258e-03
-4.8378483058e-03
7.6667808451e-04
2.4735835896e-03
1.5398264082e-03
-3.8615060413e-03
9.6462298342e-04
-4.9443080007e-04
-3.6163922339e-03
2.7932821085e-03
-6.2848566068e-05
-4.9332740129e-03
7.4514783945e-04
5.8916940503e-04
4.4193289167e-05
-5.4057756348e-03
-2.5595423727e-03
-7.4022547975e-04
6.3631144772e-04
1.4671548342e-03
7.1757056419e-03
-4.1505284577e-03
3.0879085908e-03
-1.7460406274e-03
1.1819218193e-03
4.6483850382e-03
1.3105556203e-03
-2.5029260346e-03
-1.9955933669e-03
5.4972342216e-07
3.9798695317e-05
4.4180627919e-03
3.5708995145e-03
-2.0588221343e-03
1.8590651322e-03
3.9785552661e-03
1.0358998156e-03
5.0012459804e-03
5.7944716698e-04
7.6873965247e-04
-4.7083319221e-03
-3.4522812662e-03
2.4019465494e-03
5.9212618556e-03
1.0724183302e-03
2.5914918597e-03
-4.6816388948e-04
-1.6290151680e-03
5.5372577306e-04
4.0776469248e-04
-4.1654465278e-03
3.0115989253e-04
8.6091204466e-04
2.5513502736e-03
-3.7047334395e-03
5.8886215514e-04
1.6166055316e-03
2.9588503739e-03
-1.7603186895e-03
9.3972850420e-03
1.1161887098e-03
1.9224553439e-03
-2.3418266014e-03
1.6297228593e-03
2.4424062844e-03
2.9078345095e-03
-3.8030929880e-04
3.1423744599e-03
-4.4461172717e-03
5.2732968303e-04
6.9015717012e-04
-1.3871436143e-03
-7.1241665969e-04
-2.7723321776e-03
-3.7055735677e-04
-3.8012721606e-03
2.3108833337e-03
-2.5408858339e-03
-7.2036014116e-04
-5.3747845175e-04
5.1836770680e-03
-4.1110975800e-03
-2.0824955362e-03
-3.0607371236e-03
-4.0706151837e-03
-8.9404933130e-04
-4.3894331418e-03
3.0157074100e-03
-3.1037197249e-04
2.7430244487e-04
-1.9555160240e-03
-3.3466860468e-03
3.1533735373e-03
3.1070321497e-03
-4.0799075034e-03
1.5648891317e-03
6.1079704279e-03
2.3940942571e-03
3.9641733282e-03
-2.9115051985e-03
-2.4560925914e-03
4.9003555058e-03
4.3855626068e-03
-2.9443687718e-03
-3.5921528520e-03
-3.2403255060e-03
2.4363116426e-03
-9.1752004305e-04
-1.8425939794e-03
-1.4238101572e-03
-3.1635213356e-03
3.7279431193e-03
7.3227765905e-04
5.6904882156e-03
2.9043786951e-03
-1.9989337157e-03
2.0144701037e-03
7.6803901141e-04
-2.0700442763e-03
-2.9663442511e-04
5.6504846816e-04
7.1352533008e-06
2.6174602455e-03
1.9356648087e-03
-6.8664450350e-04
-3.9142333975e-03
9.5829461316e-04
6.8532440126e-04
5.2747646730e-04
3.9216230364e-03
-1.1654856354e-03
2.1911183217e-03
1.2327915095e-03
-3.0831688985e-03
4.0647243228e-03
-1.0856944368e-03
2.6061779349e-03
2.0668280091e-03
-2.7253751983e-03
-3.4506567778e-03
-1.6493532721e-03
1.3873019723e-03
-9.6989887218e-04
-1.5889391328e-03
-2.7985599329e-03
-5.5267697169e-04
-1.2543761057e-03
-8.2683370589e-04
-3.0053278630e-03
-1.2877023330e-03
-5.5541390366e-04
-9.3942916929e-04
-3.7849970685e-05
2.1390640510e-03
3.3482696497e-03
2.4070359913e-04
-4.1743623317e-03
-5.5731169163e-04
3.6808705934e-04
-7.0702715987e-04
2.4007973648e-03
-1.1881999797e-03
-1.2494497174e-03
-5.7251582525e-04
-3.0284543168e-03
-2.3412528151e-03
2.0634670587e-03
-5.0674254838e-04
8.9985034039e-04
6.2499424533e-04
1.4085085673e-03
2.3167906709e-04
5.9898130948e-03
1.9949370620e-03
1.9790093714e-03
-2.2225164948e-04
-6.5222934135e-04
-1.6476648611e-03
-3.6322428547e-03
1.7482573815e-03
-2.2313024364e-03
-1.4344985428e-03
-2.2164684878e-03
8.5124343646e-03
-2.5953934777e-03
-4.0530407743e-03
-1.8168316913e-03
2.7346150186e-03
2.7491679091e-04
2.3794254348e-03
-4.0344493341e-03
6.1666501291e-03
3.6279135816e-03
1.9723727273e-03
-4.0615074413e-04
-7.9515549372e-04
-1.4654823764e-04
4.2703307800e-03
-1.3872321717e-04
-3.4876146398e-03
-9.3564162272e-05
-2.5283431534e-03
-7.1226375238e-05
-9.7870760120e-04
-4.2752344468e-03
-2.0660487748e-03
-2.2153052984e-03
-3.4895187567e-03
-1.1618899747e-03
-2.0709499922e-04
-3.8323138443e-03
-1.0125788417e-05
-1.1509734363e-03
-2.2185078502e-03
-5.0631431883e-05
4.0699952108e-03
6.0355713140e-03
-1.2176497323e-04
1.0770015246e-02
-3.0600851413e-03
6.0384836396e-03
-2.8017850733e-03
7.4022921715e-03
3.5592376609e-03
-9.5743268585e-04
2.5891313985e-03
-2.1846251444e-03
-2.3735071679e-03
-3.5184583213e-03
-4.1632629813e-03
-3.6651962456e-03
1.2735051630e-03
-1.6008085899e-03
1.8037356395e-03
-7.3307772551e-04
4.7830074764e-03
-4.2681803836e-03
-1.8290753640e-03
-1.0591742893e-03
-2.9575012008e-03
3.3351373527e-03
1.2200640268e-03
2.9845886094e-03
-3.0398278761e-03
2.7273642110e-03
4.8430302886e-03
-4.2045039296e-03
2.4956576954e-03
2.3906719817e-03
2.3754513711e-03
5.8592815010e-03
8.1132773575e-04
-3.3138398872e-03
6.3213823684e-04
1.7035806354e-03
-1.0394532867e-03
-1.5077359177e-03
9.9558965153e-04
2.3810126195e-03
-1.3524597180e-03
3.8557250951e-03
6.4775487531e-03
-1.7600873484e-03
-1.0357411084e-03
5.0853288094e-04
-3.2866105200e-03
-1.8952783593e-03
-5.0847445806e-03
4.3785789457e-03
2.7071145882e-04
-2.4726384606e-03
-2.2031828211e-03
-2.6155765670e-03
-2.8051090248e-03
3.4915430642e-03
7.3652307076e-04
-1.0475155247e-03
2.6966389070e-03
2.4584111640e-04
-1.5560326290e-03
-2.2452871803e-04
-2.2395765519e-03
1.0582498837e-02
-1.0278189515e-03
-6.3481128641e-04
1.8960683414e-03
-2.9745366702e-03
-4.1009171121e-03
-2.1275836038e-03
4.9395466436e-03
5.4943037413e-04
-5.5200793716e-03
6.5707765123e-04
4.7617840714e-03
-3.3579358809e-03
-9.3546096739e-04
2.1180889862e-03
-2.3616384541e-03
5.1440446564e-03
-9.1396548151e-04
2.0469210906e-03
2.5417638267e-03
-1.8721676457e-03
2.0895420376e-05
2.5810767845e-03
-1.8400533026e-03
2.7041997626e-03
-2.5214255672e-04
-5.1436784238e-03
-1.2100835981e-04
-3.0759043603e-03
9.7849499329e-04
2.0797101589e-03
-1.3057476836e-03
1.5330985893e-03
7.4480498040e-04
4.5555054079e-05
-2.3043322548e-03
-2.3187215699e-03
-3.1360423509e-03
3.4581121223e-04
-2.5131199555e-03
-5.0906928808e-03
5.5690988199e-03
-5.0672739129e-04
-3.2702288395e-03
-3.5353795482e-03
-6.4722016240e-04
3.5042679698e-03
3.1309376607e-05
6.5735017957e-03
1.8884168484e-03
-3.7748714847e-03
3.1674628019e-04
3.5353109895e-04
6.9119202044e-03
3.8090428966e-03
1.0736100104e-03
-3.7724056693e-03
-1.9133672615e-03
-2.2439115754e-03
1.1818755865e-03
-3.5852361066e-03
-1.6476192556e-03
-6.1503025986e-04
2.9969573064e-04
-3.1736894070e-03
3.9571918811e-03
