-5.5833738491e-03
-9.1973754560e-04
-1.8993055877e-04
1.9742592582e-03
-4.0638478267e-04
-1.0083832898e-03
6.7252455734e-03
3.3395075386e-03
-2.6277847016e-03
-1.2234806135e-03
9.7824457326e-04
7.9466959824e-04
-4.7631532907e-03
1.9798564987e-03
-2.7174944236e-03
-7.5175358991e-03
4.1091036063e-03
-3.0612818801e-04
-2.1427384971e-03
-1.6731067525e-03
-3.5682750930e-03
-1.7734685945e-03
2.8716509687e-03
-1.5159538705e-03
4.8262890190e-03
-6.4408148404e-05
1.5588206855e-03
-3.4915069609e-04
2.5468493663e-03
1.1747715396e-03
-5.9690064331e-03
-2.4550620704e-03
1.3652000651e-03
-4.6664504076e-03
-1.0126281879e-04
-2.0792246585e-03
-2.7998703038e-03
-8.1013680763e-04
9.9632507285e-04
-1.2158536386e-03
-3.1830762983e-04
5.2051140365e-05
-3.9226109011e-03
-3.8648645654e-03
-2.3967615072e-03
6.4036878722e-04
-2.6271781953e-04
-1.6989613811e-03
-2.2221925507e-03
-4.1054804374e-03
2.4616791866e-03
-3.2308485690e-03
-2.3458139991e-03
1.6027016204e-04
-1.2023422883e-03
3.2286116585e-03
-1.6668368008e-03
2.0632138132e-03
-2.8693019889e-03
3.5348486440e-03
2.2114139116e-03
-1.5828516730e-03
-1.9339786539e-03
-3.5745763180e-04
1.0513591015e-03
1.6951880251e-03
3.8519056534e-04
4.2441056165e-04
-2.3154614919e-03
-9.9577858656e-04
1.9279928450e-03
2.3218389478e-04
3.8239199734e-03
4.7819466413e-03
-4.1428216484e-03
1.7645914040e-03
5.3017029675e-03
-4.5286995237e-04
7.2843464912e-03
-1.5436922171e-05
-2.4713138851e-04
6.1816343370e-04
3.6334922450e-03
4.8971365469e-03
-6.6961856649e-04
-2.1252143344e-03
-2.4364822203e-03
2.9012640971e-03
-3.8052389775e-03
-2.1035819934e-03
9.4675607882e-04
-1.2241007019e-04
1.5371224000e-03
6.1381244207e-03
-1.5535910672e-03
1.8380718277e-03
-1.2265121547e-03
1.0117099116e-03
-2.2792417297e-03
2.6585248994e-03
-9.2765783114e-04
-5.9886657992e-04
-4.1712941762e-03
-1.1457279413e-03
-2.6201285237e-03
6.0796031792e-04
-7.2989502952e-04
-3.0411726096e-04
1.9898010257e-03
2.4662464863e-03
2.3341105389e-03
-3.8082617649e-04
1.3273167845e-03
-2.1789691630e-03
3.8433852129e-03
1.6338203751e-03
2.9311978621e-03
-1.1531818573e-03
1.7395468738e-03
4.5241602004e-03
-1.1553769473e-03
2.9066568217e-03
5.0178698586e-03
-4.8705680178e-03
-2.0075086504e-03
-3.2754571183e-03
1.5891685268e-03
-5.5680165050e-04
8.8031831649e-03
1.1392030282e-03
2.2289717561e-03
2.3192082265e-03
-3.1296572186e-03
2.6156367313e-03
6.5548127102e-03
9.1259102616e-04
8.3602364196e-05
-6.4642740853e-04
5.7492858153e-03
-4.5216920991e-04
1.7154364025e-03
8.1397060713e-03
-7.4308374808e-04
-2.7452543363e-03
-1.4543497088e-03
3.1475196431e-03
-1.6560451771e-03
3.2021032430e-03
1.8319222190e-03
-8.5463235168e-04
2.1126587412e-04
2.1341133041e-03
-1.4789569863e-03
-1.5266064503e-03
-2.7098711443e-03
-1.7668456683e-03
9.4169245665e-03
4.7289086364e-04
1.4895610221e-03
-2.8855937528e-03
-2.3859147996e-03
4.3480858432e-04
2.8427137223e-03
-1.3785476309e-03
-5.7881018585e-03
4.6042706696e-04
-1.2730886677e-03
8.5059834308e-04
-2.3143334922e-03
3.3577477624e-03
2.4508920218e-03
2.9357383403e-03
-4.4097009843e-03
8.3280110933e-05
-3.2829142632e-03
-3.3437881230e-03
3.4845852177e-03
-4.3900325659e-03
-5.0998011396e-03
-2.0935271408e-03
-1.8071579631e-03
9.5354236810e-05
1.9822610941e-04
4.2522358645e-03
1.2601796547e-03
-1.5001174121e-03
-3.8074524009e-03
-1.0431463920e-03
8.0244422260e-04
-1.5467903519e-03
-9.8414914062e-04
8.3385291808e-03
2.6530649952e-04
5.7239493922e-05
6.2276545406e-04
-4.2516580375e-03
-1.5958022464e-03
5.0196134165e-03
1.3661478862e-03
-2.6002607209e-03
4.2328971004e-03
9.7650494757e-04
-1.4900643113e-03
-1.4499397993e-04
9.9745016174e-05
-1.5005090627e-03
-6.8729998568e-04
1.0552556305e-03
-3.4946060109e-03
3.4973203294e-03
4.3470784909e-03
-2.4311899384e-03
1.6914825716e-03
-2.0981612786e-03
-5.4661361122e-03
-3.5149836718e-03
3.5699367922e-03
-1.8195104228e-04
2.2418697156e-03
-3.9689155870e-03
-1.6256937437e-03
-1.9060532757e-03
6.0820812861e-03
-1.4995570903e-03
3.9548667852e-03
-3.1860480322e-03
-1.0249428470e-03
5.9708319629e-04
9.2609821162e-04
1.7463984169e-03
2.2917342969e-03
-3.0946510109e-03
-1.2704318214e-03
-4.9480128641e-04
1.4560378879e-03
3.1353708508e-04
-1.5789475984e-03
-1.5373917851e-03
1.1841337624e-03
1.3777951977e-03
7.4379921927e-04
-3.0442807159e-03
-9.5120873972e-04
4.0799283264e-04
-8.3076575702e-04
2.8325665041e-03
2.1739996028e-03
2.8911639122e-03
-1.9177153266e-05
1.9661583605e-03
-9.4480025437e-04
-1.7037901872e-04
-6.1455592825e-04
-2.8480623539e-03
2.9183520481e-03
-2.0972949656e-04
-1.2378365690e-03
-2.6336733795e-03
-1.5058153670e-03
1.7930596045e-03
-1.0268855836e-03
1.5085295004e-04
-8.6223507301e-04
2.0089256678e-03
6.9231640555e-03
2.4710985468e-03
-3.5378620369e-04
-2.0043662290e-03
1.9106851604e-04
4.4414634192e-04
-3.7048373887e-03
3.7665966881e-03
1.6521282792e-03
-4.7904515063e-03
6.0046174002e-03
6.3637459753e-03
1.7338661726e-03
-1.3459938864e-03
-3.8533930670e-03
1.5803307806e-03
-2.2822195222e-03
5.5057387382e-04
-1.0313652086e-04
-3.2083789033e-04
-4.1488919920e-03
-1.6222299070e-03
-2.9555286997e-03
-2.5562929341e-04
2.8652855359e-03
-2.4459120326e-03
8.0120456226e-04
-2.3483773809e-03
4.3760490108e-03
-5.9814235241e-04
1.7953109885e-03
4.9651609143e-04
-2.1726702874e-03
-3.1276271955e-03
-8.6228010214e-05
3.1782230723e-03
2.6805101936e-03
5.7003352349e-03
-1.5055545075e-03
2.7878379607e-03
1.6466432254e-04
1.6794611087e-03
-1.2823415581e-04
4.9560751795e-03
1.0750205079e-03
-2.2755061168e-04
-2.7641714893e-03
-3.5121044780e-03
-1.5757472084e-05
-1.9761976964e-03
-1.3672301938e-03
3.2839641972e-03
-1.7923034598e-04
3.8403467664e-04
6.7708112840e-03
-1.0942954253e-04
-1.1213654101e-03
-1.4664111327e-03
1.3843185113e-03
4.8032129897e-04
1.9137247549e-04
-1.4568518968e-03
1.3409520734e-03
1.3132299560e-03
3.2739827731e-03
-2.1967813769e-03
-2.5221915448e-04
2.2211207489e-03
8.7800612631e-04
9.3077170900e-04
-2.4441173199e-03
4.2726478582e-04
-1.7946286579e-03
1.4509446284e-03
2.1855029967e-03
-6.3743520323e-04
4.5081913030e-03
-2.4165932764e-03
-3.2438805362e-03
-3.0376330104e-03
-1.4424531553e-04
1.3851418072e-03
-3.1902221429e-03
9.6124776549e-03
-6.4188214030e-03
-1.4650313608e-03
4.7945735225e-03
8.2628346998e-03
1.1405214877e-03
-2.9224960165e-03
9.2120193618e-03
-1.6928554418e-03
1.4425311110e-03
-3.9312354590e-04
-7.4133877649e-04
-1.3057229256e-03
-1.2973230081e-03
-4.9523543966e-03
3.1721996400e-03
5.2942558099e-03
2.7575509270e-03
1.7256112340e-03
2.5699922224e-03
-7.3059937846e-04
-3.4660853238e-03
4.0031170978e-03
6.3133434732e-04
6.2793917128e-04
9.8656371844e-04
-1.6750672045e-03
-2.8615146852e-03
-4.2573621768e-04
1.7401884518e-03
-2.1341531825e-03
8.5334094434e-05
-2.3718363086e-05
-3.4014740597e-03
9.6886570625e-04
-1.7232619244e-03
-1.0018943063e-03
2.2786835178e-04
3.8291559762e-03
-1.1351242320e-03
4.0078632539e-03
-3.5454315091e-04
2.0059310397e-03
5.5401986137e-03
6.6796887643e-04
-7.2811422175e-04
-5.7476493713e-03
-5.1861101216e-04
2.0863561180e-04
1.8182306543e-03
2.0588195703e-03
-1.3596866776e-03
-3.3066248306e-03
-1.4709599001e-03
-3.1198195875e-03
-3.0316562932e-03
7.9216267944e-04
1.6896527002e-03
-2.6999713282e-03
-2.8446825090e-04
-1.3016881385e-03
-1.4524722121e-03
1.4936652319e-03
5.4435426318e-03
-1.5072972590e-03
-8.3165682215e-04
-1.3615777121e-03
-1.1288375966e-03
1.7870704500e-03
-1.7269631760e-03
4.9352875111e-03
4.9848510150e-04
-3.5876997661e-03
-2.1939327093e-03
-7.7914643818e-04
-2.2305800741e-03
2.8580020343e-03
4.0985140484e-03
2.4148543466e-04
-2.2545733274e-03
-1.2095838845e-03
-1.2896118073e-03
2.6901806272e-03
-2.5574217550e-04
-1.0122504659e-04
4.1740088495e-03
1.4056706957e-03
8.6360678732e-05
-1.7469900166e-03
-7.3383135928e-07
-2.1765500642e-03
-1.5478599306e-03
-3.6658388421e-03
5.4303478923e-03
-4.2472699656e-03
-2.8879648437e-03
-2.3414590494e-03
-3.6132970979e-03
1.9964691713e-03
1.2096190709e-04
-1.5898438147e-03
-2.2289074956e-03
-7.0178447271e-04
4.4853309153e-03
2.7731347033e-03
-3.2235488422e-03
-1.8387559018e-03
1.2614019869e-03
-2.4932044995e-03
-2.8275697370e-03
-3.4640605907e-03
3.4068001405e-03
-3.4862588756e-03
-2.4884167827e-03
-1.0865230192e-04
-2.9993756943e-03
-4.7615016746e-04
2.3488238457e-04
1.3371749543e-03
4.3968105228e-03
3.6233126439e-04
8.4892178103e-04
3.9289337271e-04
1.5647118971e-03
-2.3736743902e-03
1.1425887081e-03
2.9434588962e-03
7.9969196071e-04
1.1076377473e-03
-1.6065768158e-03
-8.9673689806e-04
-9.3710380404e-04
3.4386788613e-03
7.4879826592e-04
3.1194573394e-03
-1.0879898472e-03
-5.1568785982e-04
1.9473928962e-03
6.0411426539e-03
7.6552652721e-03
-3.3843788207e-03
-1.6546312233e-04
5.9512264208e-04
-2.8131002405e-03
2.3662189195e-04
-4.8013150444e-04
-4.2224454078e-04
5.1286449552e-04
2.3266200699e-03
1.4577109259e-03
5.3707321828e-04
1.3519798913e-03
-6.2507931166e-04
2.3292675626e-03
2.3925985811e-03
1.3893030202e-03
-2.4964739023e-03
-5.5435286101e-04
1.1423627495e-02
3.5253779329e-03
-2.7118781036e-03
5.3262531554e-03
-6.6124105652e-03
2.2517374251e-03
-2.7431487767e-03
8.1653188959e-03
-4.8860713588e-03
3.1642425658e-03
1.1075985680e-03
1.8197294562e-03
-2.9302253987e-03
2.0216091587e-03
-6.3180006624e-04
2.7608197914e-03
-3.5712549435e-03
-3.0969837061e-03
2.1982123291e-03
3.9033052493e-04
-1.3020657239e-03
-1.7570391396e-03
3.8623195788e-03
-5.4613739839e-03
8.0069333656e-04
-1.7483956647e-03
8.8472299994e-03
2.4207581803e-03
4.5193830657e-04
-1.6953470992e-03
2.3138535403e-03
-1.8676974546e-03
6.3744142587e-04
-3.7924563213e-03
-3.3690691014e-05
1.6461247584e-03
2.2402757421e-04
-9.9367498289e-04
-3.2913522526e-03
-1.9524294684e-03
-1.3907163390e-03
1.5856732449e-03
-1.3637137270e-03
-1.2088593823e-03
1.2480042706e-03
-2.4025950063e-03
4.6685326895e-03
-6.8907971288e-04
6.8670631094e-03
1.2302362570e-03
-2.6772512520e-04
3.0600594111e-03
-4.3096981807e-03
3.7378614330e-03
7.2502058594e-04
7.7614428167e-05
-6.4030094541e-04
-3.2354901130e-04
3.3640041002e-03
-3.7086562299e-03
-7.7094233445e-04
-3.5826461883e-04
3.2920052587e-03
8.1453306210e-04
-2.4360316277e-03
5.1512632432e-03
1.2331188525e-03
7.2846450956e-03
2.8332292966e-03
-2.2778862032e-03
1.5604668172e-03
1.2035141395e-03
1.3739273704e-03
-1.9498062324e-03
-1.4477686032e-03
3.4800685042e-03
3.3185083365e-03
-1.0569620190e-04
-1.8439569337e-03
1.8261221909e-03
2.3071829586e-03
-9.6713043927e-04
-7.3530341617e-04
-1.4203294771e-03
-1.3138002557e-04
-2.3202141483e-03
-3.9098971351e-03
-1.6440779999e-03
-2.9533799034e-03
-4.3791985528e-03
-2.9428767309e-03
9.2739677668e-04
3.6601973093e-03
2.2093049151e-03
-5.7504003247e-03
2.8951796862e-05
4.1231448310e-03
4.1738475460e-03
2.5421439946e-04
1.0288816147e-03
-2.3838412790e-03
1.5366600710e-03
6.5444941561e-03
5.1943264469e-04
-1.6082279015e-03
1.6536413762e-03
1.4413100028e-03
-1.2350839112e-03
-3.0325917242e-03
-3.6386274985e-03
3.0352269019e-03
-7.0916679118e-04
1.9835084645e-03
-1.1509933906e-03
2.7104209406e-03
1.2922726128e-03
2.2649233051e-03
2.6533887903e-03
8.2803310736e-04
3.4347562739e-03
1.7334918449e-03
-3.2407200334e-04
2.5520232181e-03
-1.4509314672e-03
1.2191895074e-03
2.0807475097e-03
9.1283334526e-04
3.1261868385e-03
-1.5597319877e-03
-8.1885650602e-04
1.6552671922e-03
2.1301379633e-03
-1.1880846883e-03
3.4143356227e-04
-3.0537188213e-03
1.8697510418e-03
7.8154349116e-03
1.2692839331e-03
9.2597827010e-04
-3.4856946366e-03
-1.7381729216e-03
5.3162572102e-03
8.0643756045e-03
-3.0129206220e-03
3.4399534847e-03
-1.1567869812e-03
-1.0567546478e-03
2.2190277637e-03
-3.3537636899e-03
-3.0719406649e-03
-1.8072676981e-03
2.1659587797e-03
-2.2334217537e-03
-6.9578824364e-04
2.4541034561e-03
4.5067778119e-03
1.0396126716e-03
5.7460633123e-03
1.0471697060e-04
1.8604195511e-03
-4.3183603177e-04
3.7099778406e-03
-8.5674200128e-04
3.0643072578e-03
-3.2789227989e-03
-4.5311120068e-04
6.9516307643e-05
-4.4428567741e-03
-2.4562716373e-03
2.7518100701e-03
1.2999491996e-02
-3.8649600086e-03
-2.5677561895e-04
3.9435376476e-03
-7.3545473659e-04
-1.3820803262e-05
4.2335162074e-05
-2.7678494906e-03
-1.2973133348e-03
-6.1850413109e-04
3.0586369547e-03
2.2479048739e-03
-2.8635325537e-03
-5.6254565293e-03
-1.8918497194e-03
2.0264091096e-03
-3.4768867889e-03
2.5943453398e-03
2.4153028991e-03
-3.7635017389e-03
6.8558128681e-04
-2.4185249658e-04
3.8348143947e-03
4.5821055112e-03
-2.5793008022e-03
-8.7549525762e-05
4.5831097230e-04
-1.3839093120e-03
3.3879862153e-03
7.5853568366e-04
-2.0431827651e-03
-7.3799651192e-04
5.0400455235e-03
-2.5307493927e-03
-3.3425499064e-03
1.5378542767e-03
-4.4704658765e-03
-1.6166069583e-03
-6.7964405175e-05
4.0446844560e-03
-7.6798593702e-04
-4.5451935607e-03
2.4208513572e-03
3.4318283862e-04
-2.0202715233e-03
-3.8721171670e-03
-4.3999534391e-03
5.7479355928e-03
-3.0090874348e-04
-1.3152325518e-03
-3.2439252849e-03
-1.7753341678e-03
3.7546162956e-03
2.0522729173e-03
-1.2656475789e-03
-3.0108290732e-03
4.9758693925e-03
2.6671790583e-03
2.0394693696e-04
6.9322329418e-03
5.3097371162e-03
-1.7771135612e-03
-2.2361642201e-03
-1.4279343042e-03
9.0304828155e-04
-2.2921623278e-03
-3.4979447796e-04
-8.0686397473e-04
5.1194674479e-03
2.2868884535e-06
-3.1119317251e-03
-1.0300065295e-03
-6.8478605720e-04
-3.3144288607e-03
-7.5297762443e-04
6.6011685954e-04
1.7468650753e-03
3.2310105609e-04
2.8333128702e-04
6.6344195117e-04
1.7871217930e-03
1.2264718196e-02
8.8771877929e-03
-2.6406981568e-03
-3.2661369626e-03
6.8835251913e-04
-2.0060952668e-04
2.3697304665e-04
1.1641964867e-03
8.3878010473e-04
-2.0557736400e-03
-3.6202190931e-03
4.8749791554e-04
-1.3487037226e-03
-3.1263430005e-03
1.0081133532e-03
-2.2718989264e-03
-1.4610564464e-03
-4.6835694167e-03
-1.0978588408e-03
3.5314953602e-03
-2.5112794911e-03
-2.1130155567e-03
7.9279365647e-04
-1.7476538424e-03
1.8568717733e-04
-5.5296684741e-04
1.7488403400e-03
7.5095948522e-05
-1.4775112034e-03
1.0226527417e-03
1.9401497959e-03
-4.8317592550e-04
-1.9281062820e-03
-2.9936785585e-03
-1.2853258679e-03
-7.9143925640e-04
-1.6427319464e-03
2.0355345436e-03
-3.5024807796e-03
2.6251589357e-03
2.1425873083e-04
-2.2614863005e-04
-2.0945034091e-03
-4.3015475715e-04
-2.0597803395e-03
-9.1090070708e-04
1.7276086693e-03
3.3608652439e-03
3.4516262265e-03
2.2169383766e-03
-3.6735851251e-04
-1.1022576550e-03
-3.1743947274e-03
3.0155434698e-03
7.1948222801e-03
-9.4275309688e-04
-1.4938561627e-03
-5.4516118487e-03
-2.3412189289e-03
1.4102561296e-03
-5.6483769559e-04
5.7183000311e-03
2.0781505032e-03
-2.2389589777e-03
-9.6039211683e-04
1.2272789068e-03
-2.5962259404e-03
5.0457219059e-04
-3.0074216596e-03
2.4043065028e-03
-2.7342243126e-03
-2.6320092722e-03
-1.6745570860e-03
4.6648010538e-03
-1.7905991270e-03
4.0336490572e-03
-3.1894809916e-04
-5.3160435220e-03
5.4719520514e-03
-2.1598422749e-03
-4.1407878781e-03
-6.0945868165e-04
-3.1697044239e-03
2.3837265932e-04
7.1399921365e-04
-2.3926406262e-03
4.1682268939e-03
-2.1768044053e-03
-2.7946886031e-03
-2.6698836609e-03
-2.3091597100e-04
2.2552812643e-03
-1.7486037701e-03
-3.3806652060e-03
1.0763235444e-03
1.3502302703e-03
-5.4212287442e-03
1.3077823547e-03
3.4943809502e-03
-2.6076962124e-03
-3.9804751009e-03
2.9519089793e-03
-4.7267312270e-03
-8.3993923265e-04
-5.2523511546e-03
-2.8979802274e-03
2.0896304898e-03
8.5505399933e-04
6.4494126915e-05
2.4535114346e-03
8.9484911330e-04
1.1136106800e-04
7.4912195843e-04
-1.2356248462e-03
-2.7131132218e-03
2.6357561664e-03
-3.3084432483e-03
-1.4486940739e-03
-1.5761309676e-03
1.6747578644e-03
1.1589638896e-03
-3.5450337369e-03
9.1393312984e-04
8.1325113218e-04
-1.0183958600e-03
4.9774898977e-03
1.9617685914e-03
-6.4573946467e-04
2.1013938318e-03
1.8913486747e-03
-2.3001100585e-03
-3.4955051049e-03
-1.7795858563e-03
-3.7672788650e-03
-4.7817352699e-04
8.3709413541e-03
-3.1330643949e-03
-1.1733845328e-03
-1.5383132047e-03
5.5879275193e-03
-5.8765127319e-04
8.4589843857e-04
2.8714717014e-03
-2.6188155444e-03
-3.4074247176e-03
2.1106179881e-03
-3.5188787726e-03
2.7046153136e-03
-2.9086748371e-03
4.5140011685e-04
-1.8975482847e-03
-3.0040596700e-03
6.1719398960e-04
-4.0034850998e-03
-2.4200557669e-03
-2.5664528692e-03
-5.4635928889e-03
-2.7700397609e-03
2.4850879165e-03
-2.5487804369e-03
5.6705509378e-03
1.3998135504e-03
4.8910609195e-03
2.5085119297e-03
2.3061852281e-03
-2.5937623970e-03
-2.9402469346e-03
2.3401389806e-03
2.0463092403e-04
-2.0565395725e-03
-4.6720828411e-04
-3.2408169252e-03
8.7671788910e-04
1.0394955593e-03
-4.2589891962e-03
-4.5624446858e-03
-2.3385548514e-03
-3.9448220022e-04
-8.2481811864e-04
3.4134580569e-03
-3.5053200559e-03
-1.1790666051e-03
-5.0686840320e-04
2.2015091604e-03
6.9915193796e-04
-3.5319343460e-03
3.7612292066e-03
-7.7095390906e-04
-1.7899199914e-03
9.9235356036e-04
2.4234324703e-03
-8.9466610309e-04
-9.8602658922e-04
-3.2919570713e-03
7.8231600851e-03
4.7825258408e-04
3.8432883102e-03
3.3698630789e-03
3.6636906594e-03
8.1608530249e-04
1.9524707380e-03
-1.4277828331e-03
1.9415736021e-04
-7.8996243008e-04
1.6214249424e-03
2.7355030544e-03
-8.8957907631e-04
9.9841082115e-04
-1.4530607840e-03
1.0289252904e-03
2.3534148508e-05
1.7637414071e-03
-1.5957537915e-03
-1.0425089425e-03
5.2560975003e-03
7.5910767984e-04
-2.5636551627e-03
-2.4239935853e-03
-2.2002526994e-03
3.0987724014e-03
-1.6753122103e-05
-9.6660118377e-04
2.9355219504e-03
-8.3809267565e-05
2.0214966036e-03
3.5449272789e-03
-1.8786115457e-03
1.5155507488e-03
2.1544311018e-03
4.0585446949e-03
4.3735163430e-03
4.0530428673e-03
1.4657810374e-03
-7.2554931094e-04
-2.5422347571e-03
-3.5984208560e-03
-1.8238756474e-04
-1.5296902768e-03
-3.6130253099e-03
1.8402749408e-03
2.3063645311e-03
5.2394546434e-05
-4.4422824487e-04
-1.7715238023e-03
-1.2805723854e-03
2.2906959613e-03
-1.8867598558e-03
3.8383376189e-05
-2.9540998052e-03
-3.0679770380e-03
-1.9973893762e-03
-2.7256308673e-03
8.9788371160e-03
-1.7252648898e-04
-5.4356867627e-05
3.5234169142e-03
1.6981546227e-03
1.2039677703e-03
5.9060614697e-04
-4.6412041130e-04
-3.1378539665e-03
-4.1464334912e-03
-5.8632957880e-04
3.8942668134e-03
-3.6080144623e-03
-3.1882710276e-03
3.4140288987e-03
1.0114915886e-03
8.8624938885e-03
-2.2055397903e-03
-3.8955276062e-03
-1.5227769596e-04
1.1808724470e-03
6.3882109452e-04
1.4971600012e-03
-1.3259610535e-03
-2.2096017817e-03
-4.3733892148e-03
-2.1054610061e-03
6.1097762354e-03
6.5188747200e-03
-1.8792034599e-03
-1.9952161190e-04
-2.8752555343e-03
-1.2376698256e-03
1.8807704896e-04
-2.7650987433e-03
2.1128361041e-03
-2.4308645432e-03
1.5880674698e-03
-4.8308354539e-03
3.7785729303e-04
-1.9043995779e-03
3.7990176990e-03
-8.8719475200e-04
4.2474172346e-03
-2.0025970864e-05
5.6398915277e-03
1.5697679748e-03
1.8238334121e-03
-2.8336206230e-03
2.3753735868e-03
-1.8610156945e-03
3.6071307494e-03
-3.8504981648e-03
2.4471136487e-03
-2.1277966256e-03
6.9493114675e-06
1.2591018081e-04
1.4612993263e-03
-6.9509999238e-04
-1.8018220621e-03
1.8137241056e-03
1.6367400653e-03
2.5671283964e-03
-3.4083981466e-03
5.6871969190e-03
-2.3892380422e-03
4.6312172225e-04
3.1243778617e-03
-1.0122001944e-03
-2.5591442346e-03
1.0522738112e-03
-2.3562836960e-03
-6.2968280628e-04
-1.5737285444e-03
4.2306997676e-03
-1.4911736788e-03
7.7272946627e-04
-2.6095579171e-04
3.2333104048e-03
5.9631137566e-03
5.3704650034e-03
4.0975716920e-03
-2.1289129417e-03
-2.9201806453e-03
-2.1606536130e-03
1.4184397443e-04
5.5351322554e-03
-3.5871293816e-05
3.3219081072e-04
-1.3312097867e-03
1.7419281092e-03
-2.3336472473e-04
-4.2299981948e-03
-3.2280948214e-04
2.0795795553e-03
2.5398282638e-03
2.3183800844e-03
4.3932232685e-04
5.0265404124e-03
-3.9961549203e-04
-2.5964509859e-03
4.0992652627e-04
7.7041754247e-04
-1.6947588589e-03
3.1683512659e-04
1.0386985345e-03
-1.2064957083e-03
7.0167756305e-04
6.3194372610e-03
2.8688669432e-03
3.2586704162e-03
3.5582828486e-04
6.5565537229e-03
-9.2274039240e-04
-7.3056782778e-04
1.2106506435e-03
3.9676253049e-04
5.4265925011e-04
1.8807754450e-04
3.9656853431e-03
5.5565265554e-03
-1.5871556257e-03
3.9676709753e-03
-3.3111084786e-03
5.1589080715e-03
-8.5402619163e-04
1.3835375762e-03
4.3064537017e-03
3.4047947099e-03
-4.0117301089e-03
1.7296258296e-03
1.4340363535e-03
-1.8232431937e-03
-3.6363012731e-03
-1.9011145427e-03
-1.4274903223e-03
-4.0686806031e-04
-2.5043733454e-04
-8.7046990820e-04
-2.7332234292e-03
4.3990190039e-03
-1.9464513195e-03
-4.6556306575e-03
2.8292090104e-03
-2.9923534178e-03
-6.3469535200e-03
-3.2992459477e-03
-1.4261648574e-03
-4.0115882888e-03
7.7414460692e-04
4.8171193983e-04
-3.3062734603e-04
5.9897878163e-04
-4.7988913280e-03
-5.5521605625e-03
5.2271950760e-03
-4.3953889034e-04
-2.2240202301e-03
6.2835665860e-03
5.4556771617e-03
-7.4877736321e-04
-1.2695408787e-03
-3.6783082184e-03
4.0758726896e-03
3.8150510556e-03
1.8367970367e-03
-4.9946179176e-04
1.1730280716e-03
-4.6236404894e-03
-2.5850151510e-03
-3.2744227349e-03
-1.7588003569e-03
9.3807564612e-04
-4.2473673702e-03
-7.3018796961e-04
-1.2169940038e-04
-4.8784533262e-03
-2.3485385867e-03
-6.0833488945e-04
-1.6487589554e-03
4.3634084296e-03
-1.7007758691e-03
3.1617243049e-03
4.3046501313e-03
1.9252814104e-04
2.4205266794e-03
4.9358346604e-03
1.2412548316e-03
2.0775697421e-03
3.6088156376e-03
-2.7027731737e-03
-1.3431734345e-03
1.2632927438e-03
-1.0673867241e-03
-8.2376681649e-04
-2.2240537968e-03
-1.2514156138e-03
-4.0258989151e-03
2.1370320394e-03
2.4754289841e-03
-4.7626225386e-05
-3.3229233240e-03
-9.0595475026e-04
4.6807051986e-03
-2.8977313699e-03
-4.8609147962e-03
1.3587992448e-03
2.5364680015e-03
-7.3111456531e-04
7.6772755687e-05
2.5770106108e-03
4.3642835466e-04
-2.5979718599e-03
4.1338695554e-04
4.9444952821e-04
6.5338366043e-03
-4.1121732651e-04
-2.5410442806e-03
1.5839849521e-03
3.6677965571e-03
-2.3222506129e-03
1.6807273978e-03
-2.5209293853e-03
-4.5671254688e-03
-1.7013152826e-03
1.1592467901e-04
-1.5897542405e-03
5.1660014617e-03
2.7741428264e-03
-1.2812987034e-03
1.9183891021e-03
3.1016455213e-03
2.6577255098e-03
-1.3844175609e-03
6.8637857397e-04
2.9134369721e-03
-2.1346817286e-03
-1.1885954543e-03
1.6060285500e-04
4.1824342365e-03
-1.7168312322e-03
-3.3318051272e-03
8.7424432184e-04
-1.3011276226e-05
2.1233665241e-04
-1.8136564272e-03
9.8504611261e-04
5.3730425324e-03
-2.5066287850e-03
4.3767731534e-04
-1.3578049490e-03
7.6530509352e-03
3.6714227229e-03
-3.9292948961e-04
-5.2583058116e-04
-1.0935815906e-03
-1.0863611526e-03
-2.8018014249e-03
5.4960613888e-03
2.2015714038e-03
1.5398080647e-04
1.5688547439e-03
1.1946429229e-04
-1.0869608504e-03
6.0133601818e-04
-5.9494845654e-04
-3.1974358950e-03
1.3533478085e-03
3.8392778931e-04
-3.6813020020e-03
-3.7056339052e-03
6.2609742125e-03
-2.9385849646e-03
1.1758052396e-03
-8.2624327431e-04
-1.2205212623e-03
1.4094125682e-03
1.2864500572e-03
3.5406073322e-03
-7.7356192901e-04
1.0858062177e-03
2.4557172005e-03
6.3345097699e-04
2.0309438624e-03
-8.6562642716e-04
3.8718616904e-04
1.9409376470e-04
2.5514948566e-03
4.1324838951e-03
3.9013690073e-03
-4.6206688800e-04
4.1220282868e-03
-4.5221056208e-03
2.2854650076e-04
1.9653984286e-03
7.5707854464e-04
5.9038052235e-04
1.5267723729e-04
-4.2110901864e-04
2.1512101805e-03
1.5557495861e-04
1.9173509012e-03
9.6170917725e-05
-2.4868315436e-03
-1.5405213323e-03
4.1245987956e-05
-3.7734600570e-04
-1.3651863340e-03
-3.6041700572e-03
2.4664454298e-03
-1.4247721766e-03
1.1284125531e-03
3.0520525699e-03
-1.4114993619e-03
6.1095350738e-03
-2.3708082851e-03
1.3940788887e-03
3.6168641527e-03
2.0614945149e-03
2.8206949941e-03
-4.5483024969e-03
-1.6066257409e-03
6.7667039013e-03
1.3541418829e-03
4.4844913059e-03
2.8399842747e-03
1.9639014498e-03
2.5674013422e-03
4.2127955379e-03
-2.5924885922e-03
3.5413637362e-03
-5.4011716819e-03
9.8724125903e-04
1.0955535411e-03
-1.6168363443e-03
2.5767695080e-03
-1.3297137229e-03
-1.8033201112e-03
-1.6062086070e-03
-3.4420408280e-03
7.7147938585e-04
5.0125121816e-03
5.4284589375e-04
1.9914731856e-04
-2.6729039925e-03
-3.7460562325e-03
1.9264476585e-03
4.1463377669e-04
-2.4659662877e-04
2.7978489357e-03
-2.5485013615e-03
-1.8648347521e-03
1.3565411490e-03
4.0266073018e-03
-1.2985243357e-03
-6.7455483360e-04
9.1634862817e-03
-5.5144894170e-03
-3.6475481925e-03
-2.0978092015e-03
-2.6589415868e-04
-4.9769353794e-03
8.6378139364e-03
-2.9680732979e-03
1.2511268667e-03
1.4191792061e-03
-1.5267715622e-03
7.0929851104e-04
6.2270945713e-04
8.8467259739e-04
-5.7526350571e-03
3.9114326955e-03
-5.9576399838e-04
2.2622619399e-03
-5.0253018834e-03
-4.5112864061e-03
2.2477475075e-03
-1.8541821000e-03
1.4077005098e-03
-6.9936226054e-04
-3.8805024271e-03
6.1118929256e-03
-2.8879343116e-03
-6.2478668040e-04
2.6042676412e-03
-4.0865832439e-03
-2.7641081962e-04
-2.0056287473e-03
-6.2298692256e-03
-1.6259498347e-03
-9.8031006654e-04
2.3731798421e-04
4.0612935192e-03
-2.9153858858e-03
-1.4085690749e-03
-4.5266668553e-03
-3.4338171921e-03
-2.0134163585e-03
-2.0028029490e-03
-3.3661808104e-03
-1.0487054813e-04
-2.2622840054e-03
-1.5034993003e-03
-2.3671502998e-04
-2.6860034822e-03
1.0329105383e-03
1.8215198842e-04
-5.4563809424e-04
-1.9394120805e-03
8.0975953953e-03
-2.9782498519e-03
-2.9430376211e-03
-4.1586158914e-03
-2.9632589043e-04
4.5557729583e-03
-7.6643908905e-04
5.7481656348e-05
-2.4107885184e-03
1.5009421687e-03
7.3842495879e-03
-1.0577558765e-03
-2.8492578372e-03
9.8775831381e-03
-3.3649413167e-03
1.0867229277e-03
2.7957343839e-03
8.5297531184e-04
-2.1643470614e-03
4.2002537267e-03
-2.6214220217e-03
-1.8055233811e-03
-1.2921130155e-03
-3.7123021724e-03
-1.7911730702e-03
4.9364723865e-03
-2.7524492353e-03
3.3265180331e-03
2.7702711222e-03
2.6014730651e-04
-5.5006852548e-03
-2.4542628131e-03
1.1115614044e-03
5.6574887949e-04
-1.2430821689e-03
3.0654686481e-03
3.8664933765e-03
5.0884693730e-03
2.4963698370e-03
-7.4655446972e-04
-1.5125377120e-03
2.3343326166e-03
3.0765069618e-03
-1.9415414279e-04
-1.5727211889e-03
-3.2304493771e-03
2.5130290393e-03
3.1394146634e-03
1.4586465020e-03
1.1464395247e-03
-5.5245808609e-04
4.4339745611e-04
6.9573843071e-04
2.1867758003e-03
2.0156971256e-03
-1.4223501768e-03
-1.4309291191e-04
-1.6397466984e-03
-1.4855611461e-03
1.0827499284e-04
-1.9556416149e-03
-8.3016204618e-05
4.1498431422e-04
-2.9134505671e-03
-6.5441744096e-05
-9.9722132380e-04
-1.2410796268e-03
3.0573310033e-04
3.2814058367e-03
1.9798855232e-03
8.1546287583e-05
8.6496632953e-05
-5.7766921767e-04
-2.0892065673e-03
4.7202186554e-04
1.1460047746e-03
4.1940445287e-03
1.4599175126e-03
-2.6536723729e-03
1.7917111060e-03
-1.3784689440e-03
-6.6731280627e-04
-2.1842454325e-03
2.9682566106e-03
4.3925587444e-03
1.2327035892e-03
1.5364059503e-04
-8.0840252798e-04
1.7412432147e-04
1.3690347169e-03
-7.8071103287e-04
-1.1447425197e-03
4.5298613287e-04
-1.8652888259e-03
-6.1936168958e-04
-2.7229694829e-03
4.4912148648e-04
1.9058493195e-03
1.9002532696e-03
3.2932651318e-03
-7.3525854712e-03
-4.3279801760e-03
-2.2675040621e-05
-3.7335215709e-03
8.2483021284e-04
-3.6322647474e-03
-1.2147141297e-03
-3.5168430508e-03
3.5855446914e-03
-5.2093871536e-03
5.8853724108e-03
2.9173748074e-04
1.9430570616e-03
-1.1770259918e-03
-1.2523503414e-03
-2.9235944802e-03
1.3644969618e-03
-1.1834904993e-03
2.5746608781e-03
1.1134650160e-03
2.1688673399e-03
1.9645404207e-03
-3.5824530534e-03
-4.4406468119e-04
3.1786883053e-03
1.8008104222e-03
-5.6639099302e-05
3.0892919879e-05
-6.7732135313e-04
-2.8700675330e-03
2.3475652219e-04
-9.5217849356e-04
-1.0341959948e-03
-2.3443559781e-04
-2.3487136314e-03
-5.8298980051e-03
-4.2975654900e-04
-1.5930737441e-03
8.8483026753e-05
-2.8151512617e-04
-3.7371483751e-03
6.2831181883e-04
1.9394383965e-03
-6.9455767303e-05
-1.5225370339e-04
-2.2834552515e-03
2.6979598219e-03
-2.0205267922e-03
-1.7641726054e-03
1.1365088661e-03
4.7424186021e-03
7.3322954137e-03
6.0269529353e-04
-3.2106714507e-03
2.9768524010e-04
-3.2675390445e-04
-2.4733374979e-03
-2.9426284414e-03
-2.9854695998e-04
2.3074565336e-03
-5.1315804806e-03
-2.7946674349e-03
-4.9072118796e-04
2.2268831099e-03
-2.8704767496e-03
-3.6793073160e-03
-9.2529138998e-04
1.7132121561e-03
-4.0300531608e-03
-1.0622946216e-03
-1.8390510187e-03
-2.3155747191e-03
4.1098557274e-03
3.9412720991e-04
-8.6222885426e-04
1.5282250222e-03
3.2878107662e-03
-1.8832527599e-03
2.6892409188e-04
-1.7650800841e-03
-7.3932830917e-04
-2.5317381731e-03
3.7368209214e-03
-7.3611633611e-04
1.0153053531e-03
1.5639821833e-03
-3.3011008236e-03
-1.2372307887e-03
4.0070713854e-04
-4.9206099587e-03
1.1037970286e-03
-1.9518754386e-03
-2.4068182828e-03
-5.8239946825e-03
-1.4392155524e-03
-3.1763978141e-03
1.0207053377e-03
-1.5763497279e-03
-8.8492313522e-04
-1.6063721853e-03
-2.9684969121e-03
2.7042712103e-03
-2.3665506764e-03
1.1266391058e-03
4.5488664415e-04
9.1127163990e-04
-2.4693917633e-03
-6.1560558428e-04
-2.0128697653e-03
-3.6992795692e-03
1.2540343971e-03
-2.4895850932e-04
9.5536183501e-04
3.2361047790e-03
-2.0775056544e-04
1.9900919307e-03
3.0476665690e-03
-1.2157181191e-04
7.7537005181e-04
4.7456722311e-03
-4.5743431998e-03
-1.0920087852e-03
-1.9934693825e-03
-2.9611463170e-03
-8.4550896812e-04
3.1561427392e-03
-3.6591169581e-04
-1.7217175555e-03
-4.0601974797e-03
2.5573399725e-03
4.8685127518e-03
1.6069852972e-03
3.2201875690e-03
6.5323117195e-03
-8.9824131220e-04
1.1970522573e-03
5.9367913157e-03
-1.6595492972e-03
-1.9292877154e-04
-1.7530908355e-04
4.2847280342e-03
-1.8390044816e-03
-2.9850069228e-04
-2.9865205714e-03
3.6407483398e-03
3.5406958447e-03
-5.8347103194e-03
-8.5120198576e-05
4.6666207118e-04
7.2533581036e-05
1.5219917723e-04
-3.2992732679e-03
-8.4799920197e-04
7.4797332068e-04
-9.3284119602e-04
-2.2602988266e-03
-1.4422456330e-03
2.7396247151e-04
-4.6469238908e-03
4.3704813572e-04
-1.6410333218e-03
7.3748848740e-03
-5.9518428993e-03
1.7846712106e-03
-3.1391630932e-03
5.2074643738e-03
4.0190399904e-03
2.0340153503e-03
1.1195551188e-03
-1.1611167328e-03
2.9285522791e-04
-2.9899422720e-03
-1.7644793170e-03
-2.0614231237e-03
-4.9499329918e-03
1.9681865487e-03
-7.2801385226e-04
3.3211939269e-03
-4.9541690039e-04
5.9574576466e-04
8.1867238760e-05
-7.4045390277e-04
-2.4854597112e-03
-4.3568449919e-03
8.6026529415e-05
-1.8142223111e-03
1.2230232513e-03
1.1930949800e-03
-1.7810041789e-04
-3.4919240946e-03
-3.1588618495e-03
5.0442212466e-03
-2.8474541994e-03
-3.9036964182e-03
-2.6462892001e-03
-1.4560737189e-03
-5.0600465203e-04
1.7741569499e-03
2.6446953488e-04
6.8156970247e-03
-3.1078129835e-03
-2.0334463132e-03
1.0618563774e-03
-2.8195347847e-04
-2.1014448361e-03
4.8313128067e-04
1.6167605084e-03
4.1520602208e-04
-2.5192163545e-03
-2.9347853195e-04
1.4365059894e-03
-9.7740287943e-04
-1.2184939521e-03
-1.0645380711e-03
-2.0995372939e-03
3.4950097951e-03
1.3836380389e-04
-5.3037996148e-03
-9.4536270156e-05
-7.5101886391e-05
3.1174009612e-03
-2.6252273070e-03
-1.1852091455e-03
3.7636303260e-03
-1.4698829209e-03
4.5056395245e-03
4.4651310794e-03
-4.2051146650e-04
-4.8938006635e-03
-8.8727713928e-04
-1.9740333902e-04
7.6338792324e-04
-7.2618548835e-04
5.1940266478e-04
5.9573039592e-04
-2.5479083127e-03
-1.5036441344e-03
-2.9122905334e-05
6.9871004634e-03
5.5056333855e-05
-2.0940864324e-03
3.8909939843e-03
-3.9981710643e-03
2.5734777284e-03
1.7784756679e-03
6.9191324951e-04
-3.4764232167e-03
2.8734879963e-03
-3.6997062364e-03
3.4401348856e-03
-1.9359842180e-03
8.6488241168e-04
-2.4251177404e-04
-4.0204894297e-03
-1.2270354870e-03
-2.5213192593e-03
-5.5283419767e-03
5.0327431639e-05
4.1300428528e-03
-4.7302346456e-03
2.8740015214e-04
-1.1691390324e-03
1.6494392067e-03
1.8721253177e-04
-3.3446999791e-03
-9.3068590522e-04
5.1870167599e-03
-2.6554889087e-03
6.6767618126e-06
1.1335708176e-03
8.5825243683e-04
2.7791361653e-03
-2.4679633510e-03
-2.3301975841e-03
-2.6524931837e-03
4.4442406841e-03
1.9660201000e-03
-2.8607733954e-03
-5.4762734607e-03
3.8591328774e-03
4.0181103472e-04
3.8673291121e-03
-1.1069971257e-03
8.2696987093e-04
-4.5831514439e-03
-7.6553042872e-04
-6.1856620930e-04
-1.9952212043e-03
-9.3560815500e-04
-1.7644122689e-03
2.8718293357e-03
-8.8050882006e-04
-3.0513444274e-03
-9.3284010139e-04
6.6757458459e-03
-1.6856316498e-03
-7.6551849239e-04
-1.8878702557e-03
4.4490654517e-03
-8.4523912188e-04
2.0587742034e-03
-1.9767056959e-03
-2.9452929873e-04
1.5163654283e-03
5.6258829921e-04
3.8175696834e-03
-1.9144626307e-03
-1.7165696210e-03
-2.7428474223e-03
-3.0097655282e-04
1.5406641913e-03
5.5478958618e-03
2.1388143545e-04
-3.6471304957e-03
3.3634860364e-03
-1.1956347161e-03
-1.8193026030e-03
4.8960804177e-04
5.2657986631e-04
1.0479632072e-03
-3.4600587535e-03
1.9110958349e-03
-1.4154697465e-03
4.6363031111e-04
-2.3323924787e-03
1.7018254483e-03
-5.3114106881e-06
4.9228291730e-03
2.3152972081e-03
4.8752025313e-03
4.3383775421e-03
-2.0113434065e-03
1.4767037496e-04
-2.4293450310e-03
-4.0169872405e-03
6.2285508913e-03
-6.1753355971e-04
-2.9210310989e-03
-4.5265736993e-04
2.4278486893e-03
1.4815997968e-03
-4.5833241160e-04
9.0414041061e-04
-2.0688518276e-03
-1.0354833748e-03
3.7481841298e-03
2.6379578378e-04
2.3780813169e-03
1.4973825704e-03
2.7353873657e-04
-5.7208722635e-04
2.2900025144e-03
2.2247142170e-03
4.0874392727e-04
-5.0114433480e-04
1.8059660814e-04
3.3180840478e-03
-2.0506077262e-03
1.7454140595e-03
3.8192600177e-04
-4.5972826272e-03
-3.0902675074e-03
7.1619113113e-04
-6.0337069046e-03
-3.3010747655e-03
-2.3538948310e-03
3.4713172986e-03
-5.7624675355e-03
-2.1031579620e-04
-9.1132838385e-04
1.5850346113e-03
-1.4695045611e-03
-1.7274515695e-03
-6.8296807620e-04
2.0308736599e-03
5.6795406354e-04
5.1202464596e-03
2.1920460452e-03
9.9097953227e-04
1.1886474351e-03
2.0033718509e-03
2.8187545186e-03
-3.0451532786e-03
-4.7058679915e-04
-6.0604385554e-04
-3.3806480563e-03
-2.6499481806e-03
-3.0630041969e-03
4.6010398007e-03
-1.9598347836e-03
-9.5845315207e-04
8.1694470745e-03
5.8817971089e-04
-2.9093822586e-04
-1.9728534333e-03
-1.4580589260e-04
1.2550552492e-03
2.4273056438e-03
1.3176334554e-03
-9.3088727829e-04
-4.9899642592e-03
4.2141926978e-03
4.7432959493e-04
4.0045559088e-04
-6.1820174780e-03
-3.0725792970e-03
2.5540429583e-03
2.8235895325e-03
-5.8493794741e-04
-4.7124487916e-03
-2.0730873418e-03
-1.3391727587e-03
3.9867148579e-04
2.1149406951e-03
-1.1796177970e-04
2.2081708419e-03
2.3803854528e-03
1.1259600800e-04
-5.2208843176e-04
1.7749434208e-03
4.4314599633e-03
1.7142008650e-03
1.9268591472e-03
2.8395069667e-03
-1.8537333339e-03
2.0178686935e-03
7.8701222737e-03
3.2584238588e-03
-1.7686821227e-03
6.3417199657e-03
-2.0152827900e-03
-2.6957815160e-03
3.0101270916e-03
-3.9203377529e-04
1.4397476713e-04
3.6171267633e-03
-9.6416096237e-04
-2.0850032035e-03
-3.4016938706e-03
2.8676612915e-03
2.2821800194e-04
-2.6418092666e-04
-3.9896504780e-03
1.5533067730e-03
7.3900509266e-03
-3.0113460863e-04
-2.9678945667e-04
7.0691161809e-03
2.7099093989e-04
1.8783408036e-03
-5.3880380862e-04
-9.2961594295e-04
-9.5289824033e-04
1.6817645309e-03
-1.0590076720e-03
-4.2869986720e-03
-1.2760437998e-03
-9.4957443770e-04
3.4372700657e-04
-9.5145038309e-04
1.7699555425e-03
1.7774388615e-03
1.8323958023e-03
-1.2750062376e-03
2.8425951388e-03
-3.4896224600e-03
1.7142140930e-04
-5.2616610974e-03
3.6997207265e-03
-6.3136887830e-04
-2.5347684733e-03
2.3823636919e-03
-1.3368915137e-03
2.2695897585e-03
3.3884091924e-03
1.9924978860e-03
3.4882618420e-03
-3.5452699548e-03
5.7766040548e-03
-2.2877720526e-04
2.1187414378e-03
-2.7307812194e-03
-2.7492281113e-03
-4.1030624601e-03
-1.3978103943e-03
-1.9925902284e-03
-1.3946565914e-03
-1.9991683758e-03
-1.0386941660e-03
-1.4527065395e-03
-1.7094151871e-03
3.2880782513e-03
-2.5194343064e-03
-3.3926888912e-03
-1.1661523732e-03
-1.5598472312e-03
-1.1167126898e-04
4.3377714574e-03
3.1999718422e-03
-2.1548379896e-04
1.3023953117e-03
1.2778801363e-03
-5.7817632501e-04
-3.7117750858e-03
5.5397817992e-04
-3.1490825785e-03
1.3421020027e-03
-2.2273401047e-03
1.5037304983e-04
-1.7006155561e-03
5.4992390294e-04
9.8228451148e-04
8.7975027769e-04
-1.7058491744e-03
3.2294129220e-03
2.1258743542e-03
1.0517719381e-03
2.8857889314e-03
7.9109456845e-04
4.5152303569e-03
3.7337423484e-03
2.3164258329e-03
1.1419606795e-03
-2.5587628181e-03
4.1738021307e-04
-1.9790004785e-03
-1.0063804237e-03
1.7213904590e-03
-4.0198596954e-03
1.0434115367e-03
-4.6355894114e-03
-3.6040895911e-03
3.4083576814e-04
4.6756026227e-03
-4.5716255476e-03
-1.0959365077e-03
4.7210974298e-04
2.3901354502e-03
6.5808510447e-04
1.1563194159e-03
3.9180465976e-03
3.9793695251e-04
2.4811658022e-03
-3.1998115921e-03
2.9767742641e-04
-1.5843770075e-03
1.0657124945e-03
-2.4748636353e-03
-1.2814089903e-03
-1.4169905864e-04
-5.0656415402e-04
7.9643236134e-04
-1.6877125787e-03
-1.2730601241e-03
5.1100811256e-04
4.2292841235e-05
-2.2750163211e-04
-3.8000182537e-04
-2.9798729930e-03
1.6631325817e-03
6.2161176818e-03
-2.0448484015e-03
-4.7598406389e-03
-2.2036180173e-03
-5.5204632262e-03
-2.7486988255e-04
4.7423317809e-03
1.1806510612e-03
6.5225403962e-03
-1.4280589046e-03
5.8274291028e-03
-1.2211410556e-03
-4.3671398758e-03
-2.1189359346e-03
-9.1570135399e-04
2.0067893337e-03
-1.5325483601e-03
-1.7947951278e-03
-6.0937249884e-04
1.0882663730e-03
-5.2674011226e-03
-2.6943922625e-04
3.5096538041e-03
-2.6400465871e-03
-1.0748395054e-03
7.8994585818e-04
2.8963698741e-03
2.5815733591e-03
3.0490728722e-03
2.1259699640e-04
1.3274339316e-03
1.4002463732e-03
2.5084282947e-03
-3.2266596352e-03
2.2488819151e-04
-1.7354556349e-03
1.9863663785e-03
4.1427510895e-03
5.9600013459e-04
5.2474266454e-03
1.0708761587e-03
-2.1375826770e-04
6.6819954718e-03
7.4060655507e-03
-1.2818191204e-04
8.5199849400e-04
-3.2422261299e-03
3.0347393603e-03
3.3710196183e-04
1.3107202126e-03
-5.9634449947e-03
-1.4388341682e-03
2.1662452084e-03
-2.0843873149e-04
1.0691805127e-03
3.3485061102e-03
1.1994769444e-03
-3.3570296770e-04
5.4846502935e-03
5.1843128655e-04
-8.7821754135e-04
-7.7653245944e-04
1.3065407979e-03
3.6651250477e-03
-1.4187624705e-04
2.8764044403e-04
-4.3155255428e-03
-1.5728464539e-03
-4.0438993585e-03
5.5386673887e-03
4.3123758393e-03
8.9918808828e-04
-3.8475677658e-03
2.2394814330e-03
-6.7988454795e-04
-6.9706080642e-04
2.4243650260e-03
2.5815961223e-03
6.5917679473e-04
-3.9534710282e-03
-3.7527596315e-03
2.8425462479e-03
2.7716311481e-03
3.0985001022e-03
2.7968204537e-04
-1.8399936031e-03
-2.7218787439e-03
2.8039928638e-03
3.7703398431e-03
3.7553822201e-03
2.1532892195e-03
-1.8791697517e-04
-1.3388887668e-03
6.7302506656e-04
2.8200610922e-03
-3.7646844403e-03
-1.5876919740e-03
6.7497724868e-04
1.9561667084e-03
-2.7796935858e-03
-3.2869852575e-03
1.1231214189e-03
8.9044539839e-04
-2.6209362831e-03
1.0056834390e-03
1.4810401790e-03
-2.9113960129e-03
-3.8918970601e-03
-1.9231557873e-03
-5.1183284745e-03
-1.5147574190e-03
-4.9639041489e-04
1.2718818693e-04
-8.1414903616e-04
1.3489113247e-03
-1.0316986840e-03
-1.6796842699e-03
5.6259361842e-04
3.2177722345e-03
1.3203290999e-03
3.8108061579e-03
-4.2190867917e-04
7.6871952171e-05
-1.2533323637e-03
4.1412067068e-03
2.2813612189e-03
-1.6994864813e-03
-2.1597764793e-03
1.8625651551e-03
-5.0568207508e-04
5.6636405764e-03
-2.0841877832e-03
3.8797224327e-03
-4.4410488600e-04
-1.5945285808e-03
2.7493410929e-03
-6.6524617763e-04
6.0999052538e-04
3.8634089597e-04
-2.3867142000e-03
-2.3115979924e-03
1.1858363242e-03
6.0549298182e-04
4.6233962682e-03
1.5222370272e-04
-6.8870986933e-04
-4.7579892514e-04
8.6754000804e-04
2.0642337744e-03
-9.8177078178e-04
1.6097037968e-03
-7.4429805374e-05
-2.5521566043e-03
-5.0654867627e-03
2.8999383929e-03
1.1977190113e-03
2.4828418212e-03
-1.2046865157e-03
-6.0565064695e-03
-9.2032507099e-05
-1.3179566986e-03
5.8736802853e-04
-3.0480659138e-04
-2.2791297197e-03
4.9884522812e-04
1.0745448639e-03
7.6675271349e-04
4.6156354996e-03
-1.0082767185e-03
-2.8302576271e-03
-2.4953579131e-03
1.4601232536e-03
2.5962701959e-03
1.1236880163e-05
4.3324465536e-04
1.8933256659e-03
-5.2004664445e-03
-1.9733749728e-03
5.9462569496e-04
-1.1713030895e-04
5.0765233755e-03
3.0270806391e-03
-2.1360279144e-04
-2.0293488622e-04
-2.5153137862e-03
-3.3466579787e-03
1.5361950288e-03
3.3537651987e-03
2.5823143298e-03
5.0524668591e-03
-5.1463840769e-03
-2.0758220732e-03
8.0180298570e-04
4.2825681700e-03
-3.3570147386e-03
-1.3147235100e-03
-2.2298045142e-03
-1.4138910198e-03
6.8521612236e-04
3.7160587087e-04
-1.1222524220e-03
1.5901378539e-04
2.1650882447e-03
6.1017438967e-04
2.6756657205e-03
2.1430856360e-03
-2.3964197963e-03
8.5344676297e-03
-9.2491242008e-04
4.0746180174e-05
-3.1814145130e-03
-2.8337749022e-03
1.1280754429e-03
-2.6849029439e-03
-3.0804801050e-03
1.3783535326e-03
-4.6663733985e-04
-1.0676498535e-03
2.0545186096e-03
1.5648039225e-03
-1.2831886052e-05
-5.1855649057e-03
1.1668144027e-04
9.9874932205e-04
-4.2170334914e-04
-3.7659617093e-03
1.6565829216e-03
-3.8735270200e-04
-3.7941353690e-03
-8.8099248921e-04
-7.4826603746e-04
1.7360445157e-03
1.1360900236e-03
-1.1578697532e-04
-6.8299178132e-04
3.6892725741e-03
-9.6047299530e-04
4.0225473908e-03
4.5712960202e-04
-2.2676037688e-03
8.4812807321e-04
-5.0030505628e-03
5.1608487260e-03
-2.2142753010e-03
-1.8198150203e-03
5.0765569446e-03
3.6873887783e-03
-1.0477231776e-03
1.0066928003e-03
-1.2858353072e-03
5.5320543710e-03
-1.2817076845e-03
1.7787213727e-03
-5.2326710340e-05
-5.9401342243e-03
-3.3806266059e-03
-1.3813441571e-03
1.6242484657e-03
-2.3918384849e-03
-1.0102338354e-03
-2.3295930245e-03
-2.0676142047e-03
3.1792969575e-03
2.9180974711e-03
2.3132723866e-04
-1.6460681001e-03
4.4898908067e-03
-4.2055925190e-03
-1.5042238104e-03
3.5849109721e-03
-1.2228145378e-03
1.7556426456e-03
1.6659053823e-03
-1.3080133661e-03
-3.4813178979e-03
-1.5841929719e-04
6.9924398077e-04
-2.0366044862e-03
-3.9014192243e-03
-2.4226964535e-03
1.6835135475e-03
5.1149306342e-03
7.3484603647e-03
-1.8999283980e-03
2.4641119424e-03
-3.0769808123e-03
-3.7396263845e-04
-2.1453883232e-03
-5.2740405605e-03
-8.4000960451e-04
-2.0451201036e-04
2.5649804672e-03
-3.5993975245e-03
-1.4770013810e-03
-3.5096567319e-04
-1.0839623610e-03
2.7925283399e-03
-1.0102485888e-03
1.8883172450e-03
1.9139966749e-03
-1.5660474635e-03
3.5163043082e-06
1.1240361303e-03
5.6811552631e-03
-5.4874823681e-04
1.1027665576e-03
-1.4410441985e-03
-6.7859153209e-04
-2.8950000210e-03
5.5036484481e-03
-1.9232142917e-03
2.4233241511e-03
-6.3218377099e-04
4.7110737661e-03
3.2313519919e-04
-4.1686349695e-03
-4.7006782705e-04
2.9896157683e-03
1.7553040342e-03
1.5913000894e-03
2.8782311896e-03
-1.7381107228e-03
-1.9375960613e-03
1.7800261102e-03
-2.5132644911e-03
5.3838953663e-03
1.6138929509e-03
-8.8186125291e-04
-2.9921114618e-03
-2.9284168977e-04
1.4543921838e-03
6.1820373352e-03
-3.0635129769e-03
-2.5519965895e-03
-2.9652173875e-03
-2.9486067340e-03
-2.5014790367e-03
-3.9935639849e-03
4.2051164212e-03
-3.6658984180e-03
-2.0326481589e-03
-4.0580707123e-04
-8.3499526314e-04
7.9185907417e-04
-5.0659158845e-04
-9.3323120259e-04
-2.2342231525e-03
9.1248365246e-03
-2.7685118246e-03
-3.3649279493e-03
-2.1084294135e-03
2.5782821686e-03
2.4367585104e-03
3.7494508064e-04
2.4199925305e-03
-2.2618051503e-03
-1.0649271193e-03
5.3524293912e-03
-3.1792780998e-04
-1.2142490266e-03
-2.4560008769e-03
-8.1470158998e-04
3.9805344856e-03
1.7784789697e-03
1.6702301973e-03
5.2695586150e-03
-2.9588902850e-03
2.9046193080e-03
-2.4385560201e-03
-3.2834970062e-03
-2.9180772768e-04
2.3058669531e-03
-1.4965257922e-04
-2.2138992983e-03
-4.0821618198e-03
-5.6239211496e-04
5.8243644650e-04
1.0932275647e-03
2.1695111354e-03
-2.1167433416e-03
1.9508321431e-03
-1.1619963256e-03
3.4214753258e-03
-8.3982042248e-04
-1.7480066101e-03
-2.8278246557e-03
-6.1674026923e-04
-2.0611075933e-03
3.9507865064e-03
1.1314792036e-03
4.9589338757e-03
8.2177164293e-05
-2.0886580583e-03
-8.5659969183e-04
5.0428312427e-03
-4.0315142217e-03
-1.6025539569e-04
3.7048943892e-03
-1.8598068900e-03
6.4648750263e-04
5.0552478470e-04
-2.0428537069e-03
9.7835526006e-03
-3.4802399666e-04
3.3320433288e-04
-1.3102814588e-03
-5.6949602473e-04
7.4124470470e-04
1.2442074497e-03
-8.2046274759e-04
-1.1214766317e-03
-1.8622095860e-03
-3.9906186022e-03
1.0436452422e-03
1.7663555625e-04
6.4142345061e-04
-1.3843427331e-03
5.2864212828e-04
1.8733784511e-03
-1.5434658135e-05
7.3901773930e-04
-5.3833484195e-03
-1.9946066881e-03
1.0253765059e-03
2.1303788287e-04
3.7718057372e-03
-5.1043672302e-04
-1.3376557606e-03
7.9027579766e-04
-1.5415448326e-03
1.1283342618e-03
9.0783193117e-05
5.9158953357e-03
-4.9395779636e-03
4.4493369982e-04
-5.1737714931e-04
-1.5293716840e-03
4.7712927154e-04
1.6270606984e-03
5.3913024768e-03
-2.2853918671e-03
4.2996909786e-04
4.2430832780e-03
1.3127409618e-03
5.8093556010e-04
1.8939843079e-04
-1.1976841178e-03
-1.4459839265e-03
2.4838099191e-03
3.8600673312e-04
6.1866094593e-04
8.7884087632e-04
-1.1134783680e-03
-2.5362275155e-03
5.4820589248e-04
4.0970951389e-03
6.4835684430e-05
-1.0946685017e-03
7.9429241630e-04
-2.5050694068e-04
-1.8816752713e-03
-2.0046152737e-03
-2.5827856711e-03
4.8332411575e-04
-2.7502976307e-03
-2.3537579027e-03
-1.6243468494e-03
6.8496301331e-03
2.8014541824e-03
1.7755385511e-03
-7.9593016924e-04
5.3676385109e-03
8.4024381293e-03
7.0600251669e-04
4.8237183556e-03
1.3484963439e-03
-1.8711384569e-03
1.1994724789e-03
2.4644737300e-04
1.2904969994e-04
-2.9151953467e-03
-3.0224840270e-03
3.3203809896e-03
9.2963320941e-05
-2.1368553952e-03
1.9804120440e-03
9.1898707150e-04
-6.9817847703e-05
1.6988422342e-03
-1.1078706995e-03
4.0534039060e-04
-1.1643550023e-03
-3.1569676067e-03
-3.0070156089e-03
3.4468061989e-03
3.1143152688e-03
1.7263771411e-03
5.6532054071e-03
1.5419731644e-03
9.0222900754e-04
3.6311695359e-03
3.8130740537e-03
-1.4970274042e-03
-2.2864839149e-03
6.4514282967e-03
9.0738653605e-04
-1.5730927081e-03
6.8278501820e-04
2.1141691402e-03
6.0386299964e-03
1.3653422279e-03
3.2088596450e-05
1.8703716334e-03
4.5330542241e-03
1.9877343197e-03
-7.6721029929e-04
-2.7610854743e-03
-3.1969359020e-03
-1.7513806228e-03
1.5524035287e-03
-7.4872562776e-04
-1.3417690949e-03
-9.7987527063e-04
4.3825090750e-03
3.2896313502e-04
1.0190404020e-03
7.3757632529e-04
-3.8245390294e-04
5.5234706298e-03
4.6619859308e-04
-3.0224121614e-03
-4.1343138057e-03
-3.4186259856e-03
4.2661115961e-03
-3.2103400417e-05
-1.0989374992e-03
3.6502146699e-03
1.6032786359e-03
-2.2060409060e-03
4.4074846547e-03
-1.7271967189e-03
9.6279785963e-04
1.8455406836e-03
-5.0231181672e-03
-2.2399204250e-03
-2.7452725365e-03
1.7561876915e-03
-2.6140656612e-03
1.0084108415e-03
1.6571774486e-03
-2.4089028528e-03
-4.9608742173e-03
-4.7152412605e-03
-4.1065918683e-03
-5.2090073017e-03
2.2274583047e-03
-3.5787399677e-03
5.4467468741e-05
-1.4227228331e-03
3.0398712670e-03
1.7002147149e-03
-8.8170795369e-04
9.6639476405e-04
1.3034307009e-03
3.5005032643e-03
1.6977165058e-03
-3.2552919188e-03
-3.1931561222e-03
2.7435694540e-03
8.9096834103e-05
3.0846023011e-03
-3.2530786454e-03
-9.1641044951e-04
1.4592312697e-03
-1.5286145026e-03
2.7170361960e-03
-1.1188290629e-03
8.3096216148e-05
-1.2891947359e-03
2.5445518330e-03
1.9527330151e-03
1.0210592711e-03
-2.7881802679e-03
1.6768602058e-03
2.3663426591e-04
2.3870289211e-04
-1.4901147902e-03
2.5369933894e-03
-1.0949511831e-03
-4.6181123383e-03
-2.4206113694e-03
-4.5847160992e-03
-2.8206407677e-03
2.3254167253e-04
-8.8470190469e-04
-2.7391582569e-03
2.8007546835e-03
-4.0423530170e-03
-9.7414111661e-06
-1.5509999385e-03
-1.7116877862e-03
3.0504130171e-04
-6.9996223733e-04
4.7286571506e-03
-2.1896403257e-03
1.9215254784e-03
3.2110483013e-03
-4.6066624550e-04
3.2530053598e-03
-3.7942608892e-03
-1.6016609730e-03
-5.3014020891e-04
1.8348079764e-03
4.0308539442e-03
7.2594876142e-05
-7.4899295407e-04
9.0932467009e-04
-4.8398284904e-04
-3.6832149445e-03
-9.2140188914e-04
-5.2449879576e-04
-5.1375284572e-04
2.4905119419e-03
6.5306608961e-03
1.3976398787e-03
-1.9399791600e-03
3.5361191236e-03
-1.5315485826e-03
1.5894910818e-03
6.4510494178e-03
-7.1197888046e-05
1.1305916269e-03
2.5047130827e-04
-3.0724131307e-03
-3.2255496210e-04
-5.9358035513e-03
2.3806999533e-03
1.4983675815e-04
-1.8681112322e-03
-3.4394249077e-04
2.3273615344e-04
5.6704489140e-04
-2.0350574523e-03
6.6584814858e-04
2.0554983750e-04
1.9344318478e-04
2.0432931411e-04
1.1960584863e-03
4.4863664556e-03
-2.6016123382e-03
1.0910815502e-03
-1.5533304446e-03
3.7732193831e-03
1.7749866565e-04
4.1774305992e-03
5.5418541327e-04
8.5073538212e-03
-6.6336554175e-04
-2.8306119108e-04
2.8149873955e-03
-6.5625397595e-04
-1.0606645611e-03
-4.2933400326e-03
-4.8597350466e-03
-1.0605714053e-03
-5.0160503784e-04
5.5410541492e-03
1.4666525781e-04
-2.6452605033e-03
1.5175124378e-03
-1.5408140252e-03
-8.4463294261e-04
5.3069747882e-04
-2.1988691744e-03
1.5758172354e-03
1.7703829893e-03
-6.4326653496e-04
5.8053631554e-04
5.2683884833e-04
2.0709673865e-03
-1.3754467066e-03
5.1374001702e-05
-7.9432031901e-04
1.9345162969e-03
-3.3970771023e-03
1.0274059303e-03
8.8088040781e-04
9.4237217373e-04
3.5093033949e-03
4.4459791694e-03
1.9475480601e-03
8.5659289662e-03
3.8005953851e-03
-4.2059551108e-03
3.9710067398e-03
-7.4976136748e-04
2.1679546612e-03
1.1612450779e-03
-2.3260343135e-03
-4.6168354207e-04
-3.9336534556e-03
-8.4460724160e-04
-2.6755290590e-03
-3.8391288247e-04
-1.2709333522e-03
2.6810277391e-03
-1.1433063829e-04
5.7696026340e-03
-1.8289409806e-03
1.5841378462e-03
-7.0320943339e-04
-2.3708811832e-03
-1.4069423167e-03
-4.5351886958e-03
-3.5861702984e-03
4.2569278596e-04
6.9649615622e-04
8.2732958907e-04
1.9898650576e-03
-2.3716634225e-03
-6.6731833743e-04
-3.8731098255e-04
-6.4568906733e-03
-1.4159267119e-04
-3.9778836239e-03
-5.0096509971e-03
1.7271695998e-04
-3.4489239401e-03
-6.0056752369e-03
-2.7743580704e-03
4.2876188324e-04
2.1976669830e-04
-2.2230205341e-03
-4.0094024339e-03
-2.9476161779e-03
-2.5010353662e-03
5.2517927018e-04
1.7266649884e-04
1.3878080794e-03
9.2874863201e-04
-2.8683478277e-03
5.5067904824e-03
-2.2798235563e-03
-1.8810294376e-03
2.4353740566e-03
-6.9151278726e-04
-1.5311144510e-03
6.0078156471e-03
5.5300177905e-04
3.8533019933e-04
2.2837338679e-03
-1.1787980965e-03
-4.8095017157e-04
-2.1601037249e-03
1.7163314194e-03
-4.0795192846e-03
1.3242200072e-03
-3.6634017512e-03
3.3453810017e-03
1.8571769085e-03
7.7757660184e-04
-4.7735822371e-03
-7.9535895746e-04
1.9524788858e-03
-5.8772070014e-03
-1.4459687964e-03
1.9184164483e-03
2.9768860566e-03
1.2302680058e-02
3.7052308302e-03
-4.0743715019e-03
-8.9518806216e-04
-1.9382414254e-03
2.1593404971e-03
-5.1216621875e-04
-4.5810545343e-04
1.7044389001e-03
-8.3795674094e-04
-3.4107049223e-04
2.1084763731e-03
1.5433351443e-03
-3.3280500912e-03
-6.9389702283e-04
9.0690703837e-04
6.1766929770e-04
-2.3178886754e-03
-2.2840208817e-03
1.4810744910e-03
-7.6659023204e-04
-2.4516980454e-03
8.1984607993e-04
-4.7974446823e-04
-2.5019468951e-03
-1.7013616714e-03
1.3643236972e-03
-8.5212259969e-04
-1.5194397232e-03
-1.6340385806e-03
2.9781184115e-04
3.0991100261e-03
-4.2844175208e-03
3.8886911344e-03
-1.0534290815e-03
6.6057803895e-04
4.5850788437e-04
2.3609298465e-04
-1.1293633656e-03
-9.5063971293e-04
-2.8765069897e-03
7.9087972564e-05
2.5462248200e-03
4.5194526026e-04
-4.5694155870e-04
2.3464944250e-03
-3.0682149098e-03
5.3413835248e-04
4.7650096462e-03
3.5684994901e-03
-2.7600260416e-03
4.3643000210e-03
-3.9352068660e-03
-2.0165075990e-04
-1.2994876679e-03
2.1326156947e-03
-3.2186388336e-03
4.7347262063e-03
-4.5830477922e-03
2.2128257813e-03
4.5116135980e-03
-3.2533190184e-04
-3.3404702905e-03
1.9131651379e-03
-3.4251953657e-03
-1.4898247540e-03
1.9332341039e-03
2.6980087673e-03
-2.4158817907e-03
-3.9980225919e-03
2.8064112729e-03
5.3761675771e-03
3.3813586176e-03
1.8678912345e-03
-1.6291715919e-03
2.3408779705e-03
1.2628719675e-03
-4.0467692257e-04
-1.4152751572e-03
-3.6187183022e-03
3.2470869788e-03
-8.8597097370e-04
-3.8067108045e-03
-1.6055669929e-03
2.9586691313e-03
7.4039759882e-04
-8.7584993805e-04
5.1108519745e-03
-3.3671576590e-03
2.6864982638e-03
-3.5333161661e-03
-3.5123761539e-03
-3.3600091875e-03
-2.8625669870e-03
-2.1862537868e-03
2.1302282121e-03
6.0828555423e-04
3.7319517467e-03
-9.3238223019e-04
1.7423232595e-03
-2.0648461467e-03
1.4466005260e-03
-2.9361254121e-05
1.3635431340e-03
-3.5989630761e-03
-2.7014478371e-04
-1.4138472885e-04
7.1523214206e-04
-4.6785955462e-03
4.1135350436e-03
-1.1335502749e-03
5.6396603763e-03
2.7244854321e-03
8.2408507066e-04
8.9194226648e-04
-1.5098600759e-03
1.5347366059e-03
-1.2124840815e-03
-2.1652566524e-03
1.3352389915e-03
-3.4864482979e-03
-1.8414810837e-03
3.1160122547e-04
1.9716161888e-05
-1.7813886196e-04
-4.5352890992e-03
1.2938647656e-03
-1.4293330489e-03
3.6837950057e-03
1.6925697025e-03
1.4536484471e-03
-9.0731781789e-04
-3.6978042423e-03
-2.5856187909e-03
-9.3643014769e-04
-3.1711391492e-03
-3.0393499678e-03
3.3587028319e-03
7.7412194135e-04
-1.8654258050e-03
-4.2912069775e-03
-7.6944395648e-04
-8.6654369459e-04
-2.6306644698e-03
-2.6719757345e-03
-1.4414712017e-03
-2.3812772394e-03
1.1524109201e-03
-1.8369656057e-03
4.3001722826e-04
-5.5375899385e-04
3.8238443895e-04
8.4233053960e-04
8.6696880251e-03
1.3344164775e-03
2.3997432847e-04
2.1827692701e-03
-3.3262664067e-04
1.9804620252e-03
-1.5057320643e-03
3.6704914081e-03
-3.9475152250e-03
-2.5005547555e-03
-2.1630915806e-03
1.9105235103e-03
-1.1590283009e-03
-7.2556841302e-04
-4.0996391025e-03
6.3139124200e-03
3.1742072747e-03
4.8480942504e-03
3.7384496137e-03
1.0694612476e-03
1.5582631449e-03
3.7767781811e-04
-3.1223648725e-03
7.8484117543e-04
1.2117924569e-03
-2.4967879739e-03
3.6340034976e-03
2.8996764996e-04
-3.6328345304e-03
-2.4641258413e-03
-8.4333119801e-04
-5.5938526421e-04
-5.0644988568e-03
-2.2911986614e-03
1.7447750946e-03
5.9724669275e-03
-3.2073117018e-04
-1.1529911006e-03
-3.3964370089e-03
1.0938463413e-05
-9.9224125369e-04
4.6082952386e-03
-1.5695024703e-03
6.3222178095e-04
5.0583267885e-05
7.8404914697e-04
5.8008174010e-04
1.8191574582e-03
2.9625856155e-03
-2.3786454923e-03
4.4244470902e-03
-2.2457786189e-03
1.6855432265e-03
5.6038819998e-03
-2.5058832250e-03
1.7227599330e-04
-3.3256599537e-03
-1.7908493245e-03
-2.5225538939e-03
-2.4640993288e-03
8.6104824704e-04
-1.2026524024e-03
3.3585844956e-03
2.3303076826e-03
5.3344960075e-03
5.4151074394e-03
-2.6587785951e-03
5.1442475147e-03
-8.8102414336e-04
-2.5741312258e-04
-1.0849900776e-03
3.7703592621e-04
-2.0888633392e-03
-3.1548487324e-03
-1.1223403980e-03
-7.3794064723e-04
5.7128169054e-03
-4.3646061385e-03
-1.8151507390e-03
1.3810489368e-03
-2.5807108352e-03
4.6221436212e-03
1.4482116395e-03
1.8909464281e-03
-1.6651135261e-03
7.5095068879e-03
2.0508014074e-03
5.5367292208e-03
1.3101272205e-06
-7.7347325762e-04
-1.3029826439e-03
-3.8370507303e-03
-6.4344008400e-04
1.5731499298e-03
-2.8458871130e-03
-2.2621744055e-04
6.5158578683e-03
2.0422745657e-04
8.6979862168e-04
-2.1753898752e-03
-4.1917840479e-03
-4.3268559030e-03
-3.9341333441e-03
-3.5509028492e-03
2.1674525171e-03
-1.3833553975e-03
-6.4132000520e-04
8.9744253269e-04
-2.9111058952e-03
-1.1710114582e-03
1.9553898946e-04
-2.7318192287e-03
1.6481496313e-04
4.2713673896e-05
3.2889239719e-03
2.3672308020e-03
-1.8728693077e-03
-1.3229333092e-05
5.8474700503e-04
1.4667723125e-03
-2.6366761030e-03
-9.7714774857e-04
-1.4697895127e-03
-1.4196379095e-03
-3.7152457978e-03
-4.9700640457e-03
-1.0955255655e-03
8.0074294714e-04
-2.6618722241e-03
-3.8143816341e-04
3.7515673078e-03
-3.7276984407e-04
-3.4969284421e-03
-1.6333965203e-03
-1.7321656411e-03
-1.6932210013e-03
7.1140710351e-04
-2.4322382980e-03
-2.4582481011e-03
1.7866099908e-04
7.7737073601e-04
-3.5863305895e-03
4.4314218702e-03
2.9058303245e-03
-9.0127686878e-04
-4.9337773645e-04
2.2598728042e-03
2.3111316372e-03
-1.0575247543e-03
-3.5493079726e-03
4.1969614643e-03
-7.0499864987e-03
3.0253847848e-03
-5.1642443248e-03
3.5584825407e-03
2.5064538126e-03
2.8495578523e-03
3.2242935303e-05
-3.2076273360e-03
4.6342931717e-03
-2.4815489671e-03
-2.5244814857e-03
-1.6688546822e-03
1.2748748190e-03
-3.1570074799e-03
1.1513171040e-04
9.3993523225e-04
-8.8343294514e-04
2.7688114132e-03
-3.0470425057e-03
-2.6885022840e-03
-3.2465365445e-03
-2.3763353368e-03
3.7721064603e-03
2.1871166217e-03
-8.9874893062e-04
1.7512372100e-03
1.0297614161e-03
1.6536112750e-04
-4.8606846728e-04
-2.4361652188e-03
-1.9535015732e-04
-6.8337725402e-04
1.0338522803e-03
7.0560577927e-04
4.9570506451e-03
-5.6290473564e-04
5.6268715979e-03
3.6805230957e-04
-1.7898467646e-03
6.9421136783e-04
-5.8885151176e-05
8.3966835975e-03
6.4883458805e-04
3.2605450269e-03
3.6039208338e-03
-7.1684208650e-04
1.1181083428e-03
-1.4456852271e-03
6.6134452904e-04
-7.6164875107e-04
-6.3313636403e-04
4.0496960975e-03
-4.2247053947e-03
-2.0879634907e-03
-2.3161776457e-03
1.9994300211e-04
1.3006002084e-04
-2.3617259066e-04
3.4732470026e-03
2.7242577803e-03
-5.2333501746e-05
-2.2650451971e-03
-3.7665071576e-03
6.2641263298e-03
-2.7810217598e-03
1.7203988101e-03
-9.4304652352e-04
-2.4933701030e-03
-1.4892496660e-04
-2.2106175052e-03
8.0059545511e-04
3.2951538234e-03
9.8579279540e-05
-4.2244087383e-04
-1.1894283512e-03
-2.8296702061e-03
-9.0101671783e-04
5.2737833504e-04
-3.5151911537e-03
-2.0566028824e-04
-3.9344752318e-03
6.4550947201e-03
-1.4465645253e-03
1.2577196521e-03
1.0149964741e-03
-3.8679228932e-03
-2.5418490567e-03
4.0887732735e-03
2.9748745527e-04
9.0324095508e-04
2.0423991321e-03
-4.0073948493e-03
-3.7856640023e-04
-1.9244415589e-03
1.9115486186e-03
-9.1240714728e-04
-2.2259870427e-03
-3.8204289266e-03
3.2511408952e-03
8.5710862954e-04
-2.5584866768e-03
-2.2711326536e-03
-2.2861349250e-03
7.9298519058e-04
-8.7530942787e-04
-3.5124400342e-03
7.4966087019e-04
-1.5122791776e-03
3.5242979984e-03
6.7104638782e-04
-3.0999812345e-03
-4.5565315837e-03
-1.6630393306e-03
-2.2659189874e-03
3.0873206524e-03
9.1659388009e-04
5.2217944545e-04
3.8606126432e-03
-1.7807074917e-03
3.0417486167e-03
-8.6688922888e-04
2.4580277990e-03
4.1906945605e-03
-1.6181078502e-03
-2.4925740076e-03
-3.2289241484e-03
-1.9203085539e-03
-8.4139884183e-04
-1.0005638235e-03
6.8508662092e-04
9.8994539323e-04
-5.1481288921e-03
1.9152149779e-03
-2.6190817691e-03
-3.4658421352e-03
-1.8531685161e-03
1.6638789499e-03
7.4951982719e-04
-5.3868252817e-04
1.0748219749e-03
-2.4073177248e-03
3.8058545473e-03
-2.8224824060e-04
4.0109647439e-03
1.6415802714e-03
-2.3779290617e-03
-3.2754836640e-03
-1.8773478589e-03
-3.7893735874e-03
3.3146061671e-03
1.8773449726e-03
3.5771613535e-03
-1.3128021629e-03
-2.0493949649e-03
-3.2116444137e-04
3.6913851658e-03
-2.3935855142e-03
3.7370483052e-03
-3.6988418870e-04
-1.8117449911e-03
-1.1088655239e-03
-1.5550847126e-03
-3.5829456295e-03
-4.6805963071e-03
1.1122962020e-03
-2.5482857444e-03
7.5733857551e-05
-1.2571302776e-03
-1.3715167412e-03
-4.4002397679e-04
-3.4773494384e-03
-4.5189512946e-03
4.5203685396e-03
2.6810908650e-03
-1.1993067870e-03
3.3013865531e-04
4.3316435288e-03
1.8006657236e-03
-5.2150906281e-03
-1.6078169029e-03
1.6776091990e-04
9.2998773550e-06
5.3343392732e-04
1.6593902427e-03
-2.5855304532e-04
1.7605892877e-03
1.4488634813e-02
-1.3739745002e-04
-2.6479941804e-04
2.7167595783e-03
2.2220357196e-03
1.4707604830e-03
3.6624124920e-04
4.0113109373e-04
-2.6872073818e-03
-2.9863570383e-03
-3.2621248472e-03
2.8676706673e-03
-2.5792622184e-03
-5.9820741791e-05
3.9326741895e-03
-3.6940451186e-03
2.7142525652e-03
1.0138436386e-03
2.2087767533e-03
-5.1841313841e-03
9.1617512784e-04
1.3154633747e-03
2.1257427771e-03
1.2047425841e-04
-3.0758782576e-03
-2.2661692564e-03
4.4841280288e-03
7.1059666132e-04
-9.5323351641e-04
2.0018156051e-03
-1.0111405208e-03
-5.5582195115e-04
3.5828134605e-03
4.7360185917e-04
1.2801041858e-04
-1.7646489907e-03
4.9916824884e-03
1.3742900032e-03
1.9065362093e-03
1.3507487928e-03
3.0858608920e-03
2.2883974989e-03
-9.9596512149e-04
-5.9024888177e-04
1.8253085764e-03
4.7426057955e-03
7.4525035830e-03
7.3021414501e-03
9.2196611610e-04
-7.6697062245e-04
3.0973666613e-04
-1.0352645843e-03
2.4275530102e-04
1.5474150235e-03
4.4854785475e-04
-2.6224852249e-03
1.2250432342e-03
-2.3845024001e-03
-1.2758385192e-03
-4.3415441687e-03
-2.6025683716e-03
1.1139386536e-03
-2.4559541710e-03
1.7927598789e-03
-3.1553997358e-03
6.0642732066e-03
8.3231156712e-04
-1.1932368786e-04
8.7918294570e-04
1.6533470187e-03
3.3975553194e-04
-5.8268991405e-04
-3.0361881675e-03
-1.7843164815e-04
4.5500116648e-03
-3.6884001260e-04
4.1215722217e-03
-3.4147889671e-03
4.5572929726e-03
1.3418608258e-03
-3.1727169648e-03
1.2606821259e-03
-7.9078319896e-04
-3.3275477564e-03
-9.6610864820e-04
-1.8233026718e-03
-4.5675519677e-04
-4.0403452508e-03
-2.8589872991e-03
-2.3977230830e-04
1.5478213781e-03
-1.1019850683e-03
2.7327741926e-03
-5.4044305826e-04
3.4703222672e-04
-3.1923779429e-04
-2.7369351000e-04
-2.0704732229e-03
2.8466438024e-04
3.2430416606e-04
-2.2890623082e-03
-7.7301560792e-04
3.6486914121e-03
-2.8537953601e-03
2.7550030675e-04
-2.0850613842e-03
-2.2115383348e-03
-4.2303024488e-03
2.3251986096e-03
1.2574409845e-04
-4.7872655091e-04
5.7765349854e-04
-2.2239571176e-03
-2.5135658646e-04
-6.5105390645e-05
1.0401887696e-02
1.6249753553e-03
7.2582035431e-04
-2.4292224004e-03
1.0249591880e-03
2.8312965520e-03
-4.3532003286e-03
3.1394343653e-04
3.2632209128e-03
5.2499429020e-05
2.2181772908e-03
-1.7548443264e-03
1.0069461177e-03
2.4119097286e-03
-1.4303730859e-03
3.5184682310e-04
3.7834242713e-03
1.7873764771e-03
-3.0152790109e-04
-1.8960399437e-03
-6.5196512449e-04
-1.1213424430e-04
-4.0572828508e-03
-2.5115052364e-03
6.6103526750e-04
-1.3132587125e-03
-1.4159300303e-03
2.8711398298e-03
-8.2688898338e-04
1.5736985198e-03
8.5642983385e-04
2.2743381101e-03
9.2967893030e-04
7.6823099162e-04
1.6433990058e-03
2.9401008036e-04
5.4436038346e-04
6.0914675685e-04
-1.3282224012e-03
-2.7743059836e-03
-4.8951344869e-03
3.8815299244e-03
8.2548393854e-03
3.2740399992e-03
-2.1468360107e-03
-1.5297122026e-03
1.7169241003e-04
3.8619322642e-03
5.4892891138e-03
8.0272600176e-03
6.2821041474e-03
1.5526101199e-04
-2.5397972600e-03
-5.9180888013e-03
-1.6962179542e-03
-4.3877348444e-03
7.7415418929e-05
2.7225891954e-04
-2.5946653032e-03
-1.1739878369e-03
-1.1069741130e-03
7.3548980453e-04
-1.1979059538e-03
3.6694270201e-03
-2.2622398959e-03
1.1303725024e-03
3.9541087480e-03
-3.0718521151e-03
5.2979472381e-03
5.0953832097e-04
-3.6769567865e-03
5.0164872866e-03
-1.5010491004e-03
1.9736108289e-03
-3.4163394724e-03
-1.4911569927e-03
3.9304817365e-04
-9.5851744502e-04
9.3712931588e-04
-3.9231719686e-03
1.7720099764e-03
-4.3302468064e-04
3.0670242893e-06
-4.1101277477e-03
-1.2824449485e-03
1.4850960452e-04
-2.9880708369e-03
-9.8651653501e-04
-2.5435495326e-03
-2.0161054740e-04
-2.4419000521e-03
-2.2519096333e-03
2.1000665719e-03
7.1156455230e-04
-1.8074176333e-03
1.3774629526e-03
3.7000912079e-03
-3.4343455690e-03
-2.2382602805e-03
-2.0206448345e-04
-7.6989725842e-04
3.8755437864e-03
2.3557447295e-03
-2.7312184148e-03
-3.8138139220e-04
-4.9386549111e-03
-4.2694366011e-03
-3.5530823384e-03
-1.1547857372e-04
-7.2848175407e-04
-2.6478306836e-03
-1.5618694233e-04
-2.8876454100e-03
-2.2552206069e-03
-1.4893499395e-03
-1.5922525096e-03
-1.6437430325e-03
-1.0734259409e-03
3.7201062199e-03
2.3151164322e-03
-1.8509509973e-03
1.0084909453e-03
2.6165190912e-03
-1.6129031210e-03
-5.4926722871e-03
-6.1828191530e-04
3.1600855271e-03
8.9488964445e-04
1.7141928540e-03
1.2317251698e-03
-5.7293232084e-04
-1.2954042320e-03
3.9142445415e-03
-1.1351528180e-03
4.1157194589e-04
-1.7313889005e-03
2.9322019511e-05
-2.5121480393e-03
4.5038798947e-03
-4.2684423868e-03
1.1945475004e-03
-6.3697099796e-04
4.0519550630e-03
-3.4279771602e-03
9.9988061045e-05
5.0866308916e-03
9.2365878640e-04
2.5005853621e-03
6.7313632435e-03
-2.0417197128e-03
-3.7077276700e-03
5.5103835323e-03
4.3718078596e-03
-3.4894486666e-03
-3.3434473317e-03
-4.8470007909e-03
-4.2962798252e-03
6.8141066846e-05
3.7126517976e-03
-3.0883091062e-03
6.5752022750e-04
1.0539341755e-03
2.7469702165e-04
1.0782933594e-02
7.1536773225e-04
-6.5784653896e-04
-5.0061454925e-03
-3.4068189874e-03
-6.2678032580e-04
2.2926207740e-03
-1.0733397784e-03
-2.4086043762e-04
1.6428859166e-03
-2.2784155597e-03
-1.7318401499e-03
-3.7556045402e-04
-2.5561992675e-03
3.0875702434e-03
2.0823540844e-03
4.3498425487e-04
-3.7013359415e-03
-1.0387587805e-03
-2.1954390005e-03
8.8710618319e-03
-2.4481298715e-03
-2.2733624593e-03
1.6203812606e-03
1.2063157376e-03
-4.0599059378e-03
8.6752892867e-03
-4.4986548747e-03
-2.2162382649e-03
1.2679155317e-03
2.2709950977e-04
-2.3117664574e-03
2.9931892985e-03
-2.4870521112e-05
-1.4989176782e-03
-3.2727394543e-03
-2.1946840466e-03
3.3779897867e-03
6.3421411281e-03
1.8051314159e-04
2.4182439930e-03
-3.1816305270e-03
3.5261245135e-03
-2.8150524371e-03
4.6237308657e-03
4.1956231109e-03
-1.1112452027e-03
-1.0535498489e-03
-1.2931403725e-03
-2.1695550754e-03
-1.8203856632e-03
-2.3759128324e-03
-1.5979743636e-03
4.5542398170e-03
1.1775036686e-03
-2.0549428063e-03
-1.2817762777e-03
-8.9177113731e-04
-2.3619644498e-03
1.5832423542e-03
4.8475334133e-03
1.4834081224e-03
1.4235436304e-03
-1.7905687822e-03
-1.8050914616e-03
4.3292922160e-03
3.3047408300e-03
2.1147740159e-03
3.7027891082e-03
4.3352258455e-03
1.1887986314e-03
-4.5633975858e-03
-1.9230549424e-03
-8.9850601344e-06
-1.4600786827e-03
-9.7362081164e-04
-1.2118757908e-03
9.7432887855e-04
-4.5902361395e-03
4.4599761392e-04
1.3073505084e-03
4.3121927467e-03
-6.6283162142e-04
2.5474127280e-03
9.4849808740e-04
5.0451141541e-03
1.4424568444e-03
4.1968867878e-03
2.8267334725e-03
-3.5281526886e-03
1.0012828268e-02
1.8192777513e-03
1.2827896492e-03
-5.1092524849e-04
1.6720621617e-03
-8.4216587336e-04
-2.2042396945e-03
-2.6033823141e-03
1.2340840233e-03
2.4763212369e-04
-2.9930684795e-03
1.9413585713e-03
-4.2357867927e-03
2.7601175681e-04
-2.3441647933e-03
6.3126642138e-04
2.1230665120e-03
3.2232692686e-04
-1.1078921172e-03
-4.8936284472e-03
1.0050766671e-03
2.1879932088e-03
-1.5536571513e-03
-1.9860897291e-04
-5.6636937705e-04
6.5653745888e-03
-2.5893717055e-03
-4.3731735415e-03
-9.7214192608e-04
-3.5037487945e-03
1.0889494511e-03
-2.0060113561e-03
2.6841972129e-03
4.5250964050e-04
-2.1061398498e-03
-7.4025966138e-04
3.6786398161e-03
3.8991157156e-03
-4.9231721256e-03
-1.1222656154e-03
-3.2961928616e-03
3.9068378818e-04
-1.7751730653e-03
4.3842404568e-03
3.5011282209e-03
3.5354811882e-03
-5.0714719548e-03
1.7016137466e-03
1.9144690654e-03
4.5033678178e-03
-4.1901154541e-04
2.2513011244e-04
6.0872920969e-04
2.3204429582e-03
8.2852028126e-04
-5.7702399305e-04
-2.5991867115e-03
-5.4925388738e-04
-6.1032399376e-04
3.4150498051e-03
-2.2490758349e-03
-1.9671893141e-03
-1.0296052594e-03
-1.8314961309e-03
4.4006692257e-04
-1.3241907437e-03
5.2413300829e-03
-5.4997667537e-04
3.4983878804e-03
-3.8143738108e-03
-1.9515843103e-03
2.5874204382e-03
-2.4063415937e-03
-2.1521724034e-03
-3.2029769652e-03
-8.1934826338e-04
8.8731653106e-04
5.8706259085e-04
3.5208238081e-03
2.9751226663e-03
-2.6101742961e-03
-2.5520179408e-03
-1.0821853350e-03
-1.5749028440e-03
-3.0457461231e-03
-1.1259394269e-03
-1.6178070923e-03
3.6065413647e-03
1.3506417970e-03
-1.4439704278e-03
1.3788282712e-03
3.1332273029e-03
-5.9144673860e-04
-8.6149089816e-05
1.4961145370e-03
3.8188733472e-04
3.3277312892e-03
4.1741050305e-03
-5.2845431816e-04
7.2560861159e-04
2.8331724045e-03
-2.0969337378e-03
1.2596432772e-03
8.4694719831e-04
-1.4387743669e-03
4.2629687131e-03
1.3299858815e-03
-8.4443617833e-04
5.0578571070e-04
-1.6115888455e-03
-5.5206032168e-03
-9.5626217231e-04
1.4076684789e-03
-6.1844766685e-04
-4.7600241842e-03
-7.3072740818e-04
-3.1793961991e-03
5.1355197812e-03
1.5504477070e-03
1.5570186783e-03
-1.4927127816e-03
-4.6425448166e-03
9.5161990861e-05
2.7110044334e-03
1.5978739402e-03
-4.6066910834e-03
-9.1776072104e-04
-7.0662716411e-04
6.8780259380e-04
2.3133609003e-03
-1.9431566970e-03
-4.3990262717e-04
4.7101929780e-03
-2.7164238466e-03
4.3547008018e-04
3.0102748795e-04
1.8413094832e-03
-2.7746252019e-03
-2.9217464445e-03
-1.0910259522e-03
7.9343175612e-04
-1.9089093517e-03
2.3861191917e-03
2.6145877036e-03
-2.8467761266e-04
1.1959449651e-03
-8.0819302709e-04
-9.0575308122e-04
-2.5908845686e-03
-1.8960607706e-03
-7.6644726293e-04
-1.7832747263e-03
-5.4004470325e-04
-5.8488555682e-03
-9.1783776872e-05
-3.0092379952e-04
3.2736217516e-03
2.2000353017e-03
2.9872313150e-03
1.7255812936e-03
2.7429281399e-03
1.3690059226e-03
-4.1913421289e-04
-1.1461047829e-03
2.0430269208e-03
3.0162681607e-03
-1.5662237248e-03
2.2149255957e-03
2.0858039635e-03
3.3068871544e-03
3.7642059625e-03
-3.5413784256e-03
2.9978528697e-03
-2.0773537157e-03
3.1626204468e-03
6.2101914564e-04
9.1076471597e-04
-9.8729003406e-04
3.4564023145e-03
1.8991907954e-03
-4.2698359839e-03
4.7488335423e-05
2.8263566960e-03
-3.5250979325e-03
1.0125325037e-03
2.8496956624e-03
-1.2706294382e-03
4.8548295534e-03
3.5947144733e-03
-1.6768035410e-03
-1.2953509527e-03
2.1176530401e-03
-1.1449530651e-03
2.4709315099e-03
-2.6562610719e-03
3.3626139873e-03
3.4715114217e-03
-6.4908297040e-05
4.7838315912e-03
-1.0194056490e-03
2.3572125199e-03
-1.2939757078e-03
1.1022885337e-03
1.3329968216e-03
-6.1094898850e-03
1.1999415472e-03
3.2060593732e-03
6.8263670922e-03
1.9811616300e-03
8.5540167109e-04
3.0168872244e-03
-1.9848615559e-03
4.8921044283e-03
-6.6034943868e-04
-1.6149101200e-03
1.3474694562e-03
3.0295545450e-03
8.5918949693e-04
2.8674288335e-03
-4.1675614061e-04
-1.1255457811e-03
4.4891338731e-04
2.5393237196e-03
-9.0935986160e-04
-2.4379898063e-03
5.9096931101e-04
6.3653542436e-03
-5.1899335384e-03
-1.5211105794e-03
-3.2986345984e-03
2.2878847444e-03
-2.2586715261e-03
-2.3695738894e-04
1.4093555646e-03
-2.3238422231e-03
6.0819610331e-04
-3.0037688005e-03
-7.7322781574e-04
1.7196166240e-03
8.0236650758e-03
3.3808276387e-03
-2.8433530066e-03
-1.5760213961e-04
-7.9694087231e-04
1.4952845412e-04
-2.8213385963e-04
-4.2885077933e-04
-9.5747621115e-04
-2.2354725215e-03
1.2610435829e-04
2.6527818080e-03
-1.4484839073e-03
4.1023974593e-03
3.3504291364e-03
7.8935569999e-04
-2.7230739826e-03
-9.2784012426e-04
3.2672166101e-03
4.7459124595e-04
-1.9003863486e-03
-2.3650328231e-03
-1.6154675578e-03
6.5112966148e-03
-1.1936597070e-03
3.9634072324e-03
2.6200921875e-03
1.8260703607e-03
2.2786869636e-03
-4.4372982106e-04
4.9826293063e-04
1.5025054829e-03
4.2409257817e-04
4.3785637640e-03
7.1587615736e-04
4.8113653894e-04
4.1633103223e-03
-4.3079736759e-03
-5.5228924795e-04
3.2667212754e-03
1.7219449434e-03
8.3685008799e-04
-2.9493234135e-03
1.2594367694e-03
-1.3127557193e-03
1.3994247566e-03
3.0772952484e-03
2.1883624838e-04
2.5022150065e-03
-2.3115569630e-04
5.0529627683e-04
1.4039300463e-05
6.6928169764e-04
-9.4974550822e-04
-1.6125129302e-03
8.2899072527e-04
-1.6134357530e-05
2.7378361395e-03
2.6174149141e-03
-1.8670122104e-03
1.1126034793e-03
4.6935233363e-03
4.1746351129e-03
-2.9327674049e-03
-1.6135546335e-03
4.5607751278e-03
7.7194071046e-04
3.0840073780e-03
-3.8295136441e-03
4.9583015171e-03
2.4976991407e-03
1.4594484419e-04
-2.5251232517e-03
-7.3932254316e-04
-1.3025893682e-03
-2.9340200587e-03
6.2489952898e-04
1.3331976719e-03
1.4822574858e-03
1.5858054437e-03
2.0766723354e-03
2.1420035314e-03
6.2580687539e-03
-3.9808892211e-03
-5.4808491420e-04
4.2405716377e-04
5.4202885813e-04
-1.6785461918e-03
-3.0059316855e-03
-2.6366528651e-05
3.7440420182e-03
7.2046415067e-03
-2.1318136399e-03
3.2684066160e-03
-4.9673168528e-03
-9.8323572227e-04
4.3984704315e-04
-1.0899554946e-03
3.3474593308e-04
-9.8191971245e-04
-3.2566935894e-03
-5.0156251482e-06
-4.7619127474e-03
6.1851618098e-04
-4.6231506009e-05
-1.7954956248e-03
-3.5337264103e-04
-1.9401080853e-03
-5.4103224842e-03
3.5131453516e-03
-2.6461262827e-03
-6.0576724620e-03
-3.5688895348e-03
3.4480617602e-04
-2.4040657834e-03
7.6786060663e-04
-4.6337065607e-03
1.6546508965e-03
-2.1271858516e-03
6.6498566318e-04
-4.2907311687e-04
-1.3670597956e-03
-3.1370615238e-03
-2.7234718182e-03
-2.0709396766e-04
-1.1517315715e-03
1.2979688635e-03
-2.6129895915e-03
-1.2491177478e-03
3.7692228628e-03
-3.3965077213e-03
-2.8838016181e-03
-3.1612281641e-03
-1.8246689996e-03
9.0956448978e-05
-1.8107011315e-03
-3.0056851674e-03
-2.3742052347e-03
3.0235466691e-03
5.6319765190e-03
-5.5227139356e-04
-8.0135783722e-04
1.3652946559e-03
-1.3285318116e-03
7.5816924144e-04
-5.2107813298e-04
8.1542424570e-03
4.7049658347e-04
4.3047138985e-03
-3.0111422772e-03
-3.5378170856e-03
5.7074632574e-04
-1.6470368739e-03
6.5146437931e-03
-5.4477246435e-03
1.6606483014e-03
3.4953924931e-04
-1.7716544640e-03
-1.6286312487e-03
-2.0661654354e-04
-3.2143739578e-04
-7.6826506480e-04
1.0885307338e-03
-5.5324063456e-03
3.6316902085e-03
-1.5436079983e-03
3.1161766495e-04
1.4114722623e-03
7.8751220144e-03
-4.8395820487e-04
1.4899428262e-03
-4.3280439015e-03
1.7039206549e-03
-5.0870562763e-03
-2.0220384081e-03
-7.8112971513e-04
-5.2359174580e-03
-3.2269304273e-03
-4.6302438022e-03
6.3949806079e-03
-1.9322987596e-04
2.1531986161e-04
-3.4643936523e-03
-1.0637063490e-03
-2.4201256757e-03
4.0240013482e-04
1.8269492883e-03
-2.1555109007e-04
-1.8830556099e-03
4.3847107646e-03
3.1741995272e-03
2.8544730901e-03
-4.9213073934e-04
1.9916703616e-04
1.0804708139e-03
-9.2708166480e-04
3.6366652302e-04
-1.0522983246e-03
-3.4358026918e-03
1.5677445616e-03
-1.0915947080e-03
-1.6311231482e-03
-3.0185824623e-03
1.2465851603e-05
-3.7389454249e-03
-3.3292398319e-03
4.1588922840e-03
3.2927539865e-03
-2.7117401379e-03
-2.6936126561e-03
1.8810828875e-03
-2.9286810360e-03
-7.0294392818e-04
5.7236135121e-04
5.7573158313e-04
-3.8705125986e-03
-4.6165448962e-04
-5.1691886993e-03
-3.3555899293e-03
-2.8359096008e-03
-1.1682657658e-03
-5.3031888257e-04
1.0157643125e-03
2.1640921120e-03
-2.1590103530e-03
2.6968537105e-03
-1.8564645121e-04
2.8694156510e-03
4.9410925908e-03
-5.1121739729e-03
-2.4643510629e-03
1.6655479978e-04
-3.5646021208e-03
8.8043876230e-04
5.3916345612e-03
5.5690333810e-03
-1.4963500457e-03
-2.5931078919e-04
9.2481762781e-04
-2.5248096298e-04
-3.5312862782e-03
2.8769122634e-04
7.8404255000e-03
5.2445119988e-03
3.8759043829e-03
-3.5672333042e-04
4.1249622736e-03
7.4235023623e-03
-1.0649011795e-03
-1.5432411275e-03
2.1580790804e-03
4.5671775625e-04
3.6385551670e-03
-2.3218955647e-03
-4.8601316625e-04
4.4017943377e-03
-3.1552009140e-03
-3.8128102453e-03
1.3114575469e-03
-1.1381706866e-03
3.7902764023e-03
-1.6359211639e-03
1.5620390737e-03
1.8507119219e-03
-2.1299536886e-03
-1.9512049673e-03
3.1500877905e-04
1.4219334122e-03
2.9983423945e-04
1.0778281679e-03
1.8566549397e-03
-1.3899945945e-03
-2.3476237361e-03
-2.1502536734e-03
-1.2294263238e-03
-3.2043899534e-04
-1.5647310196e-03
2.5315910860e-03
1.2541117707e-03
-2.8628845702e-03
-9.2909800118e-04
-1.4713612145e-03
2.4337069637e-03
2.7724135656e-03
2.7383463597e-03
2.5694210705e-03
2.3455263438e-04
1.8521974599e-03
2.9347620296e-03
2.4531929132e-03
-1.6018590104e-03
6.2544441960e-03
-2.0309463324e-03
4.7253637528e-04
1.5975250723e-03
-1.5067516086e-03
-1.3527601379e-03
3.8563804283e-03
4.7468005981e-03
2.1315929078e-03
-1.8073405226e-03
-2.2809452502e-03
-2.3012554040e-03
2.6226784712e-03
-2.6114721195e-03
3.8041753836e-03
-3.7200574609e-04
-2.3055827733e-03
1.5951648073e-04
5.5510140428e-03
2.8788138887e-03
6.3458774391e-04
-2.9448444996e-03
-3.5486141060e-03
1.9797076021e-03
-3.6067742576e-04
4.2337935294e-04
9.7230620082e-04
2.3815902722e-03
-3.3296660400e-03
-2.2909069025e-03
3.6575472758e-04
4.3317794362e-03
-2.2349944627e-03
-3.5723744440e-03
7.3661532736e-03
5.4286817592e-03
-2.9355040436e-03
-3.0430161231e-03
-3.5382731813e-03
-1.8465024125e-03
3.5528560713e-03
-1.0910260107e-03
2.3289817318e-03
6.0660261832e-04
-1.9368791158e-03
1.3617007543e-03
-6.6664311892e-04
3.0328356250e-03
-1.8936287348e-03
1.2416211607e-04
1.3965285882e-03
-4.6599765175e-03
-1.2473765532e-03
2.2134970002e-04
8.8651775478e-04
8.6487308858e-04
2.0965509399e-03
2.5439330395e-04
4.5254922430e-04
5.3140027185e-04
-8.3643416453e-04
-1.2301999831e-03
-5.9742769332e-03
-3.7857568797e-03
-2.6938153724e-03
2.7613957738e-03
4.7221388736e-03
-6.7559983981e-05
5.9880219218e-03
-5.3884808934e-04
-3.1295683596e-04
1.7148960365e-03
2.6068710344e-05
-2.1588624731e-03
5.5801225475e-04
2.5024359449e-03
-5.0027246559e-03
-8.3958757137e-05
5.3600445117e-04
1.5176876347e-03
4.8075836127e-04
-2.7680551164e-03
-2.0931963016e-03
3.2923190369e-03
-9.4876990747e-04
-3.0882089719e-03
5.1429301289e-03
5.4922808395e-03
2.3566700749e-03
-1.2286567949e-03
7.1977405724e-04
-2.2239261327e-03
3.0297864591e-04
-1.5718472504e-03
-1.5095450805e-03
-2.0733574035e-03
3.0143120248e-03
1.5294628350e-03
1.5995815280e-04
-4.2729553202e-03
-1.2535685917e-03
9.7265918351e-04
2.8684418222e-03
-2.5981214298e-03
-6.0547774406e-06
-1.3098229944e-03
-9.1014795876e-05
-1.7427590939e-03
-5.6992674366e-03
-1.1724900028e-03
3.6432142833e-03
6.8489147470e-04
7.9007780410e-04
-8.1422337533e-04
-5.4434855507e-03
1.7638694917e-03
-1.8549595205e-03
-1.3831111391e-04
2.1719603701e-03
5.9659817656e-04
-1.7328876541e-03
2.6570672499e-04
2.5822020678e-03
-1.5847595189e-03
-3.1987279810e-03
2.6197507083e-04
2.6510157701e-03
-1.4720317642e-03
3.0740482739e-03
5.9079861874e-03
-1.7666819883e-03
-2.3626524014e-03
2.6473191402e-04
4.1930026876e-03
-2.2857524529e-03
-1.9873691971e-03
-1.6941284566e-05
1.6054995976e-03
7.7706492962e-03
-1.9611997955e-03
-2.0399995614e-03
-2.0332062595e-03
5.7592119747e-03
3.3027375508e-03
4.9100370219e-03
3.6420775505e-03
1.0391003121e-03
-7.1058345983e-04
-2.4104575424e-03
-2.3757722602e-03
2.9624264990e-03
2.9224231544e-03
7.9958628778e-04
1.7710628704e-03
7.6717424192e-03
1.4330845818e-03
2.1177366728e-04
-5.5012874049e-04
4.0095944810e-03
7.4275994029e-04
2.2544316622e-03
-1.6272910533e-03
2.4229817374e-03
2.2785613418e-03
9.1033387394e-04
-2.0506169523e-03
-1.9141815409e-03
-2.2576151704e-03
1.7540111849e-04
1.6116215351e-03
4.6932159382e-03
-1.9640277175e-04
5.8238322446e-04
-6.3322360034e-04
-3.5418485976e-03
5.8731810437e-03
-1.9732011919e-03
-1.7109576856e-03
1.7671562266e-04
3.6931337823e-03
-1.1760074088e-05
-2.0025890215e-03
3.1812997071e-03
2.7342951601e-03
-9.8555778151e-04
-1.1889415472e-03
1.7229445837e-03
1.2819896187e-03
-9.7755428964e-04
2.4515669091e-03
-2.2108094849e-03
-6.5622985679e-04
-1.3234846665e-03
-4.6401470841e-03
-6.1400460876e-04
-1.7860313810e-03
1.1770223132e-03
-1.6459165172e-03
-4.8635114034e-04
4.0893274914e-03
-6.6839299960e-04
3.8057767812e-03
9.5896155533e-03
-1.6486757148e-03
-1.6060208323e-04
-4.4933099894e-04
-1.2458394557e-03
-9.7360969692e-04
-2.2918471680e-03
1.5283895290e-03
-4.0444477554e-03
1.4506969535e-03
4.3192189439e-03
-1.2208624534e-03
-2.3971838439e-04
6.7735540677e-04
-1.1053528806e-03
3.6517328636e-05
-1.9223065025e-03
3.6760359500e-04
-1.2044987946e-03
-2.7793600188e-03
3.5054644383e-03
-2.2701067096e-04
-1.9694703635e-03
-1.8820005056e-03
-4.6920187320e-03
4.6111554263e-03
-1.4674182652e-03
5.6799677528e-03
-1.5899867761e-03
-1.4697909530e-03
6.7317731018e-04
7.7740422366e-03
-1.5265139369e-03
-2.3514874154e-03
4.0396601871e-04
7.5013769822e-04
-1.3434817730e-03
1.0770157021e-03
-2.2043952301e-03
-4.3304986368e-03
-1.0213168671e-03
-2.3910745890e-03
-2.0083556576e-03
-4.7975755090e-03
-8.3125775626e-05
1.2381109268e-03
3.2813694770e-03
-3.8439614380e-03
5.4465027846e-04
-1.5533173720e-03
-4.3117723978e-04
-2.6794243145e-03
3.3498642010e-03
3.9497669785e-03
-1.2456272578e-03
7.1346630591e-04
-2.0389773663e-03
1.2015033744e-03
-8.6430813461e-04
-2.6037889379e-04
-1.0997715596e-03
-3.1795589811e-03
-3.4563506347e-03
-2.0078585748e-03
-9.9986541362e-04
-1.8613035146e-03
2.3902503099e-03
3.0593674140e-03
-9.2334678274e-04
3.0613559053e-03
-3.1459956554e-03
3.7511781685e-03
1.3665223524e-03
-2.6765566868e-03
-1.5475293875e-03
2.7397621771e-04
-1.8109138201e-04
-5.0153422887e-04
-1.5822266439e-03
-1.1086052858e-03
-3.3001073729e-03
2.0763634564e-03
-3.2258624658e-03
1.3188473638e-03
-2.6924376024e-04
-1.7212732835e-03
4.5050435280e-03
2.2890327911e-03
4.6857321285e-04
5.0670221968e-03
5.1284918450e-03
2.2419451293e-03
-3.4713021548e-03
5.1024688696e-03
-1.7985204518e-03
4.3705675924e-04
-2.0415608205e-03
1.0013319812e-03
-3.4202070789e-03
4.0711166112e-03
-3.7605151194e-03
3.6203314226e-03
-3.3622855092e-03
1.4420954317e-03
2.0150872431e-04
1.9151206628e-03
-3.3828387471e-03
8.7763556342e-04
2.2152090833e-03
4.4429276266e-03
-4.3366981812e-05
1.4485629268e-03
9.8921123332e-04
4.0579307641e-03
2.2450554819e-03
-1.0719738857e-03
-2.1401812950e-04
-2.4116988709e-03
1.8574275473e-03
-2.9374541844e-03
1.4011710117e-03
7.1403873941e-03
-4.7554747810e-03
-4.2955292750e-04
-8.6116111092e-04
-3.0219659880e-03
-2.0839876638e-04
-2.2704065592e-03
8.9225763576e-04
1.9582058283e-03
-3.6724205799e-03
1.6419155894e-03
-1.7442363572e-03
-2.7460550377e-03
-1.5459626345e-04
1.7953493027e-03
-8.7251081870e-04
7.0352990467e-04
-4.2875652948e-03
-2.9309092495e-03
-3.0080961618e-03
-4.3987112657e-04
-1.7111128271e-03
-2.3148184869e-03
3.0888745278e-03
1.9669184674e-03
2.0612674901e-03
-1.2489723576e-03
6.2036514672e-05
-2.3566961644e-03
3.4837938118e-03
-5.2136569059e-03
5.7167816675e-03
-7.3785357134e-06
-4.6774571739e-03
-3.9761759514e-03
-2.2886575200e-03
-8.0849078280e-04
-3.2319110086e-04
-2.0959164534e-03
1.6454967025e-03
-2.1639556095e-03
-9.4910893768e-04
3.3067450778e-03
-1.2488212418e-03
-3.3504821716e-03
-2.4966266845e-03
-5.2487459433e-03
4.0780664884e-04
-1.2115729079e-03
-3.5943017093e-03
-1.2962392304e-03
-2.9074514475e-03
-1.0485901175e-03
-4.7882422783e-03
-4.3731310415e-04
3.6340983097e-03
-1.6130271730e-03
1.3920589849e-03
-2.6939586664e-03
4.5010702281e-03
-1.6570305139e-04
7.1074917407e-03
-6.5895315311e-04
-8.6539506985e-04
-4.2654513353e-03
-1.7470360116e-03
1.4556763432e-03
-8.3176406694e-04
2.6384221553e-03
7.5305114782e-05
-8.3765771007e-04
-1.8784533979e-03
1.3349672418e-03
9.7304350999e-04
6.7620992105e-03
2.2465811705e-03
-1.9768209726e-03
-1.7022905722e-03
4.2085654187e-03
-1.9725593838e-03
-1.0157850402e-03
-3.1665001511e-03
6.5563049899e-04
-3.3331617231e-03
5.3183299420e-03
7.9497025882e-04
-1.4127251947e-03
5.5022080499e-03
8.8205356442e-03
-2.9967513900e-03
3.8617821693e-04
1.9352861871e-03
-6.5638463816e-04
-2.4132825875e-03
-2.7378280501e-03
-3.6358297980e-03
5.3496139647e-03
6.1832530833e-04
-1.0804285288e-03
2.9488114503e-03
-2.2491532644e-03
-2.6441309395e-03
-1.9495085622e-03
-2.0970586882e-03
6.3583414659e-04
2.0406855647e-03
1.4204421919e-03
-7.6897822915e-04
-7.4862130046e-04
7.7204437442e-05
-1.4247038964e-03
-1.7746411062e-03
-2.4733132069e-03
-2.8823621768e-03
-2.0914923594e-04
3.0604494114e-04
-1.9592748274e-03
-5.2356130873e-06
-4.8929785147e-03
-3.5039462010e-03
8.9514542751e-04
-1.7901814982e-03
1.6037203958e-03
-3.2179311212e-04
-5.7779577151e-03
3.2707619717e-03
-1.9055494699e-03
-1.8507205160e-03
1.9162212125e-03
-1.8856846334e-03
-1.3716273485e-05
2.2426807708e-03
-1.2001078435e-03
3.1595615728e-03
4.0834171156e-03
-4.6917155599e-04
-1.4777980797e-03
2.1313175897e-04
-6.9817935757e-04
-1.2713807910e-04
2.1970353832e-03
-1.0070929636e-03
-1.6393465051e-03
2.7128451221e-03
1.5222049674e-03
5.5546062354e-04
-4.6909080182e-03
-7.5393378057e-04
-3.7375863746e-04
-2.3601150718e-03
6.9717097272e-03
-1.3725914228e-03
-1.8686819666e-05
3.3264633291e-03
1.0489569297e-03
6.4519574016e-03
-2.5721372434e-03
-1.3745588147e-03
-1.3160065567e-03
-2.2297506026e-03
-2.1279278248e-03
3.0693281151e-03
-1.7920361181e-03
-3.5171052159e-03
2.7199276413e-03
-5.2402686426e-04
6.5563777440e-04
6.5117976180e-03
-3.2442330520e-04
-2.5230638193e-03
-1.8108633323e-03
-2.4687964456e-03
-1.4298620067e-03
-3.0121737604e-03
4.0586636282e-03
3.2325888115e-03
2.0854616945e-04
-3.5118738659e-03
-5.1197020730e-03
-3.1859658804e-03
-1.1313085971e-03
-6.2437648728e-04
4.9087143860e-04
3.7998076523e-03
-5.6589201850e-04
8.9087087509e-04
-4.5574239780e-03
-8.0186643663e-04
-3.3000119419e-04
6.2651952471e-04
-2.0222725992e-03
-2.5384320425e-03
-2.7052237751e-03
-1.4739671476e-03
2.3080748076e-03
2.9812523054e-03
6.4641602539e-03
-2.0915576981e-03
-2.1181437453e-03
4.9259834161e-03
-1.8432253015e-03
-3.0786687965e-03
9.5727301282e-04
-2.3374168259e-03
-2.6301979500e-03
2.3419162661e-03
-5.2291387848e-04
-9.0570067848e-04
4.3214811387e-03
4.0212964890e-04
5.7509748989e-03
2.5471361010e-04
9.2720235097e-04
-3.9519553010e-03
-1.3661105692e-03
1.2817851604e-03
-3.0421953690e-03
-2.1195630325e-03
-3.3795779852e-03
-4.8127261498e-03
-1.9385184668e-03
2.2193426983e-03
5.9908019805e-05
-2.1322475889e-03
-4.2743982607e-03
-1.0700755320e-03
-3.5041340034e-03
-1.8734764944e-03
-3.1746391725e-03
-1.3954048467e-03
-8.7745147732e-04
-3.3079135775e-05
2.5686590882e-03
-1.6055116764e-04
-5.1744351962e-03
-4.7575204619e-05
2.0669359987e-04
-4.4084179333e-04
-3.4171845176e-03
2.3162784400e-03
-1.7657321439e-03
-4.5051277713e-03
-1.5398790855e-03
-2.0600128577e-03
1.8323863244e-04
-2.5236492493e-04
-3.5366555872e-03
-1.7751460969e-04
-1.7390859024e-03
-1.1964169463e-03
-3.3537140886e-04
3.4706978420e-03
-9.1594383059e-04
3.2513671701e-03
-3.6412489009e-03
-1.1111047109e-03
-5.7906977214e-04
-2.1935009831e-04
-3.4935840816e-03
5.6966707565e-03
2.5655994130e-04
2.1195541980e-03
3.7311926524e-03
-3.5571273454e-03
1.1106705343e-03
-1.9047751359e-03
-4.5185308099e-03
1.3586418385e-03
-3.5304105174e-03
-7.1818829803e-04
-2.3322820810e-03
1.4834341266e-03
-2.0465067811e-03
-2.4528190851e-03
1.5588720774e-03
-3.6071686700e-03
-3.2634493728e-03
1.6850057124e-04
8.8869720666e-04
2.9436375298e-03
-3.2850773836e-03
-4.2688603007e-03
1.1659178531e-03
-1.8384963110e-03
8.4295290632e-04
2.9336790896e-03
4.4037193311e-03
-1.2047852500e-03
2.9926240758e-03
-3.2943665917e-03
3.0614209384e-03
2.5658116939e-03
6.2294061938e-06
-1.8021915821e-03
-3.3389397453e-03
1.5525223600e-04
4.2342053311e-04
3.6550582247e-03
6.3147056436e-03
-2.9886333396e-03
-9.1461579272e-04
-3.5731858080e-03
1.0680940885e-03
1.1181197197e-03
-2.6249113717e-03
-8.5212723875e-04
-9.2008665742e-04
1.8115289622e-03
-6.9519822355e-04
-7.2517665308e-04
6.1842636027e-03
-4.3808330229e-04
-2.0884230378e-03
5.2417581167e-03
-3.4303932283e-04
-3.3347335536e-03
-2.3979736150e-04
-1.0284740394e-03
2.2371781463e-03
4.2043122335e-03
2.1650206828e-04
2.5966948195e-03
3.1712590136e-05
-5.9042531195e-03
1.5859923212e-03
-1.1816798095e-03
-2.0437658007e-05
-5.2194371824e-03
-3.2857486670e-03
-1.3527944794e-03
3.0135074070e-03
-1.9015642718e-03
-3.7454121707e-03
3.3774024118e-04
-2.5969014857e-03
5.1022021386e-03
8.7837635108e-04
1.7823695236e-03
-3.1997070097e-03
-1.0508879528e-03
-2.2727342285e-03
-3.8106618641e-03
1.4254658579e-03
-3.9818470911e-03
2.1526289935e-03
8.1602645967e-03
-1.4817064568e-03
1.2465866732e-03
5.7177758705e-04
-2.3865482662e-04
-1.8933091613e-03
-1.7062802627e-03
1.2515240268e-03
-5.7108675383e-04
-3.9099187143e-03
-4.3158297248e-03
-6.3488742961e-04
2.0139868690e-03
-3.9107809445e-03
-1.7892852142e-03
-2.2456673342e-04
7.1656413199e-05
1.3570240980e-03
-4.3706369348e-03
-2.4923466396e-03
5.0125252517e-04
1.6611982042e-03
-1.2944410859e-03
5.9557170734e-05
2.3426239242e-03
-8.6209537312e-04
-2.1166936312e-03
-8.9173514184e-04
-1.2539120581e-03
3.7229526072e-03
2.9807335505e-04
-6.4141272267e-04
-6.5333423258e-04
3.6918064843e-03
1.1623976378e-03
2.1754298078e-03
-1.3271731231e-04
2.3066869904e-03
-1.7445371973e-03
-2.6692770790e-05
6.1740709411e-03
-4.5118179723e-03
-1.9634619047e-03
-6.5254172748e-03
-1.7238688957e-03
-2.0546019189e-03
9.2808355591e-04
-2.7153369540e-03
-3.4998118915e-04
4.2618862145e-03
-6.4846498839e-04
2.6377715171e-03
5.9986009064e-03
4.7411508270e-03
-3.9602877307e-03
-6.0347776129e-04
1.9105649396e-03
-2.2107460458e-03
1.6039291086e-03
-2.2772898501e-03
2.2174676204e-03
4.1260067895e-03
8.4620687472e-04
3.7194828399e-03
-1.6072300234e-03
2.4367331287e-04
-5.0497823300e-04
-3.4169311343e-03
-1.5747484733e-03
-9.4715296592e-04
1.1925886900e-03
-1.5880133416e-03
-1.0321267976e-03
-6.7677021031e-05
3.9512305654e-04
-2.7583437455e-04
9.9181780583e-04
1.1261074412e-04
2.1452943412e-03
-1.2541651024e-05
1.3324412437e-05
-1.8092836422e-03
-3.9762819213e-03
7.5703678263e-03
2.7924399578e-04
-1.2931091677e-03
9.5785946294e-04
-3.1712398446e-05
4.8659175076e-03
4.8008659184e-03
7.6407203460e-03
-6.8040877276e-04
-6.7875568049e-04
-5.8203450334e-04
-4.6456707458e-04
6.3415191244e-03
8.1111175063e-03
9.9321582417e-03
-4.3199752560e-03
