-2.0013349090e-03
5.3719856157e-04
-3.4244712958e-03
-1.3494753949e-03
-2.3368685763e-03
3.3683250858e-03
-2.5874180599e-03
2.5118489504e-03
-3.8889007257e-03
-6.8372328538e-04
-5.4495827039e-03
1.3130945965e-04
3.6400055149e-03
3.5916575538e-03
-2.2813971858e-03
-1.9987159987e-03
-2.9413943919e-03
7.4219215537e-03
-3.5619994590e-04
-3.4063578150e-03
-4.6153758380e-03
3.2335077131e-03
3.4492881783e-03
5.8755383313e-04
2.4131953050e-03
-1.6033265547e-03
-2.8700226399e-03
-4.7474695742e-03
1.9706007650e-03
-4.2446330660e-03
-4.8834618967e-04
1.6769254599e-04
-6.5616269586e-04
-1.7394647478e-03
-2.4696928030e-03
2.5761652619e-03
-3.8770461478e-03
7.2379608925e-03
1.6923568544e-03
-9.5630115442e-04
-1.7413930076e-03
-2.8182863859e-03
2.0294491979e-03
8.5208080438e-04
-2.9862484846e-03
3.1179428622e-03
-4.6891994017e-03
3.9756992301e-03
6.5569962221e-04
-2.4333784376e-03
-4.0502897276e-03
5.9234888202e-03
2.0799484565e-04
2.7844437986e-03
5.0448906993e-03
-3.5650195007e-03
-4.8894593685e-03
1.9581425260e-03
-1.8545953078e-03
-3.0760742442e-03
-3.9029528598e-03
-1.9605399244e-03
-2.1724792035e-03
2.7416324143e-03
-3.4296086420e-03
-3.1613738993e-03
-4.1571536878e-03
-3.2348013378e-03
-1.4571660449e-03
1.5747167902e-03
-2.8740512806e-03
-5.4240628079e-03
1.3018325680e-03
-7.0337665855e-04
-1.0300334036e-03
-5.0001174960e-04
5.8071731270e-03
2.4909506444e-03
-8.1318954378e-04
1.1898404156e-02
-3.2634719504e-03
-1.3910846935e-03
-1.9625289938e-04
-5.2168141962e-03
1.4112481349e-03
-6.1051276204e-03
-2.9547759631e-03
5.0090060932e-03
2.1569282308e-03
1.7370219937e-03
6.3805596252e-04
-4.5022662437e-04
-4.8368643998e-03
-2.0565567706e-03
4.7070435808e-03
-2.8263330759e-03
2.9588909631e-03
2.8031352196e-03
-3.2746213848e-03
-1.2846452950e-03
1.6118059157e-03
-1.3296235881e-03
-3.8285132024e-03
-4.3798194583e-03
5.8085669878e-03
-4.0314956395e-03
1.1145814502e-02
-7.6807349011e-04
-5.9752506702e-03
1.8449045917e-03
2.1573253627e-03
2.4519563307e-03
6.1166360997e-03
-3.6539432471e-03
-3.4912363172e-04
-1.6755697198e-03
3.2120804876e-03
-7.0223192767e-04
1.6325958325e-03
-3.7663851116e-03
1.6305510464e-04
2.5038014676e-03
3.4822650659e-03
1.6614527245e-03
-2.0020250026e-03
7.3335420799e-05
-1.7011576193e-03
-1.8242006290e-03
-4.6879125556e-03
-5.8761085248e-03
-3.2744861001e-03
-2.6310308985e-03
1.5258420667e-03
-2.8470895349e-03
1.1012642103e-03
-1.6310087211e-03
3.9634611779e-03
-1.7566039570e-04
6.9275537446e-03
-1.2524483877e-03
-4.4128512440e-03
-1.7761603602e-03
5.4979005507e-03
6.3843087276e-03
-3.8264896259e-03
-2.2009616039e-03
2.1236007224e-03
-2.4000725845e-03
-4.0864179761e-03
1.9118814335e-03
1.4067838168e-03
5.6615445475e-04
-1.2153091264e-03
2.9932400452e-03
-2.3678940200e-03
1.6195211504e-04
5.3245160256e-03
-1.0520877726e-03
2.4309839645e-03
5.8699815565e-04
4.6836221183e-04
5.5333093234e-03
2.9374034469e-03
1.0663471441e-03
2.7652384719e-03
2.5837873514e-03
-2.4074804419e-03
-1.1827277846e-03
4.3745078899e-03
-1.2356785089e-03
-2.5495357741e-03
4.3465344062e-03
-8.1404691398e-04
-2.7799780809e-03
9.3353337594e-04
-5.5874292485e-03
-4.9122060187e-04
-2.3070947693e-05
-3.0029656869e-03
6.0569815651e-03
-4.2984926127e-03
-2.6319748888e-03
-1.4363225993e-03
2.6598553839e-03
-5.1008454095e-03
9.6971901710e-04
-2.8102677098e-03
2.6440882433e-03
2.1894288527e-04
3.6747267789e-03
2.7999918413e-03
-1.3922291375e-05
1.2278191178e-03
2.0572541736e-03
3.8921346438e-03
1.0703536716e-02
1.5404921399e-03
1.4036631461e-03
-1.9624240735e-03
-6.7407465985e-03
1.5893853376e-03
1.3862357836e-03
6.1555947973e-03
-2.4293015127e-03
2.5956443516e-03
-3.8248159372e-03
5.2166728395e-03
-1.9276153686e-03
4.8776619915e-03
-2.3729676157e-03
-4.7294389399e-03
-3.8778964108e-03
1.3599374782e-03
-2.0693817883e-03
-6.0159995161e-03
8.3400493179e-04
-5.2534046933e-03
4.9993751542e-04
2.5897200438e-03
-3.3758765188e-03
4.9905988621e-03
2.6981436768e-03
-4.6840821159e-03
1.7058776767e-03
-1.4293320860e-03
-4.1195648792e-03
2.8715476190e-03
4.8384563576e-03
1.0388774576e-02
3.9406440257e-03
7.0431413507e-03
8.9070928592e-04
2.4045048262e-03
4.8107803627e-04
5.3768955937e-03
6.5530494673e-04
-3.0012278300e-03
-3.8924525419e-03
-2.7354688597e-03
-2.9968627336e-03
-1.0637587064e-03
-2.8048723090e-03
-2.0305132367e-03
-1.4508202678e-03
2.3386188231e-03
3.8103593070e-03
1.8663937923e-03
4.9262500242e-03
2.6553297334e-03
-2.8014855382e-03
-9.7152238461e-04
-3.9014932678e-03
-3.9165099434e-03
5.6698810299e-04
-1.7311951951e-03
-4.0413509651e-03
1.2278591070e-03
-3.1503226412e-03
3.6915711725e-03
-6.2160347409e-04
1.1724197458e-03
-5.9584450785e-04
2.4665595595e-04
8.6505906626e-04
2.7321770554e-03
-1.7126448868e-03
-2.7254295460e-03
-3.1874861534e-04
1.9790014263e-03
6.1000691279e-03
-1.0966734713e-03
1.0442326389e-02
-2.1293997672e-03
-4.1627770389e-03
7.5646693811e-04
-2.1480883635e-03
4.4805463705e-03
-1.2044499750e-03
-4.8704504004e-03
2.7541668309e-03
5.9234862010e-04
1.1604320131e-03
8.9655403490e-03
1.5291409490e-03
-2.9002711840e-04
9.5794859992e-03
2.6443578436e-03
-3.1797761536e-03
1.1301693500e-03
4.3302284934e-03
4.5499832830e-03
-1.8453807129e-04
1.4245724205e-03
3.6300853458e-04
-1.8074626700e-03
-7.6781199161e-04
-2.3383725715e-03
-2.5172497282e-03
-1.1165008185e-03
-3.9986178003e-03
-8.0286655064e-04
-1.2917667058e-03
-3.4088650689e-03
1.0974198175e-03
3.6163260600e-03
-9.0221427749e-04
3.3055393992e-03
-2.2924343114e-03
4.6119766863e-03
-3.4689220898e-03
8.3865509277e-03
-1.4106641405e-03
-1.9291352952e-03
5.1205577758e-04
-1.1679215786e-03
-4.4168949011e-03
1.6232349573e-03
-1.5191497097e-03
1.4455269340e-03
2.4345351991e-03
-1.2939129586e-03
1.0914238727e-03
-2.4579059510e-03
4.2281251459e-03
5.6254197040e-03
3.2195148170e-03
-1.6713889452e-03
5.8300807165e-03
2.1014280291e-04
-2.0146247447e-03
-4.6220732114e-04
-5.0640548176e-03
-1.7011481326e-03
4.1409468445e-03
1.2018334419e-03
-2.4740668026e-03
7.8562739944e-04
-1.4977259346e-03
-4.0174977573e-03
-1.3609921811e-03
-2.9753503290e-03
-1.0189713948e-03
8.1371116901e-03
-1.9225501280e-03
4.4460979709e-04
3.3572468682e-04
2.3331694018e-04
-8.1768196869e-04
4.2907849629e-03
-2.6494429096e-03
3.2434752422e-03
3.7908695216e-03
-3.2398722902e-03
-1.0494131305e-03
8.6957066272e-04
-3.0992329282e-03
2.2869281807e-03
6.4470917182e-03
-5.6163410150e-04
1.1256327883e-02
-3.6728515033e-03
4.4936399496e-03
3.0642157263e-03
-4.3904514252e-03
2.8870730947e-03
-1.6359445442e-03
-1.7156250246e-03
-6.0268504364e-03
-6.1236687581e-04
-4.9202126503e-03
-1.1385127135e-04
-4.5575587384e-03
2.8745062603e-03
1.7101960996e-03
-4.5565613490e-04
2.4318289127e-03
-3.1224149862e-03
-1.6681640412e-03
1.6934284934e-03
-1.8892990104e-03
5.0650439432e-04
-2.8130020044e-03
-1.0944776876e-03
4.3226998489e-03
-4.3892837115e-03
-2.9315507722e-03
-6.7980004051e-03
4.2511656023e-03
-6.0469859542e-03
-5.6403120086e-04
2.0251597042e-03
-3.9438597238e-03
4.5678368480e-04
2.6003575689e-03
-4.1810790708e-03
-7.5799632718e-04
4.7082313931e-04
1.1962191079e-03
1.3998946807e-03
6.5971880324e-03
-2.2682595892e-04
1.1972397220e-03
-2.4705461937e-03
9.7789512611e-03
8.4631318724e-04
-3.2986804983e-03
-3.2628751377e-03
-4.8204949118e-03
-4.6688130133e-04
-3.5240460767e-03
-8.4942263986e-04
5.8025729300e-03
-4.4379034366e-03
-3.5709548871e-03
-2.2141116808e-03
-3.8465930121e-03
2.4919139026e-03
1.3109692967e-03
-2.1088017695e-03
-2.4306200897e-03
-2.6822534242e-03
3.0225434431e-04
-1.3350572112e-03
3.3513363223e-04
-2.7420409145e-03
-4.5746594366e-03
-3.6465782189e-03
-3.9083662639e-03
5.4027970938e-03
7.7754713126e-03
5.5149429582e-04
1.4623882984e-03
8.8672339525e-04
4.1869866345e-04
4.1768653237e-03
7.0598510896e-03
3.2100915066e-03
-1.7129037717e-03
-1.7941694060e-03
-4.7355770791e-03
-3.8867508607e-03
-2.5331132060e-03
1.0664478764e-03
9.1769781474e-04
5.0824432328e-03
7.4891656226e-03
6.2521186587e-05
-2.0543969622e-04
-1.6842820220e-03
-1.9506313831e-03
-4.4555707299e-04
-6.0477133409e-03
-4.3169698110e-04
4.2694681020e-03
1.2341355628e-03
-1.6284215941e-03
-5.7725684017e-03
-3.9926317809e-03
-1.7666762694e-04
2.9169252134e-03
-1.6115976600e-03
-3.4924477711e-03
-4.4777081716e-03
-8.9157424104e-04
-1.5564355516e-03
-2.0737463908e-03
5.4537069926e-03
4.8566948944e-04
5.5515149292e-03
3.4499919388e-03
-1.6405515528e-03
-2.4095644392e-04
-2.5758038640e-04
2.6101263394e-03
2.5928498004e-03
-3.4364841432e-03
-2.1881642764e-03
3.6115921089e-03
7.6781524363e-03
-2.0022893513e-03
-5.9517588111e-04
3.3071634923e-04
2.9807185220e-03
1.0343187796e-02
1.1349968002e-03
3.9222555670e-03
2.7215728708e-03
1.4990000373e-04
9.8492053355e-04
-4.4219425709e-03
1.9717323943e-03
2.3022610400e-03
-1.4931918388e-03
4.9541362854e-04
-3.7081465220e-03
-2.1442778308e-04
-4.1121945908e-04
3.6303923668e-04
1.2887041567e-03
1.4685265671e-03
-2.9636499192e-03
5.7666260878e-04
-3.4304917747e-03
-9.3687601327e-04
8.0380599750e-03
-2.0292044619e-03
-5.7723928874e-03
1.8012981054e-04
2.1144601747e-03
6.2342330600e-04
1.3740680443e-03
-5.5007209004e-03
-1.1182990343e-03
-2.1806677200e-03
-1.0692029068e-05
1.7785231462e-05
-4.9250843921e-03
6.8094617401e-04
-2.1355270073e-03
-1.7391921333e-03
-1.3121013848e-03
-1.4042084294e-03
2.4920892342e-03
2.2313131369e-03
-4.0171973541e-03
-1.7159816174e-03
-1.2556683053e-03
-4.6746226793e-03
-5.0594889672e-03
-5.7493937901e-03
8.0710677904e-04
-2.9473848496e-04
1.0212597855e-03
2.3179322619e-03
-3.8010725107e-03
2.4537423838e-04
-9.2720718119e-04
-1.2489005595e-03
3.1804658899e-03
-1.7094823626e-03
-3.0811139703e-03
-4.1242859936e-03
-8.4505009646e-04
-1.2399392208e-03
8.9936755305e-04
-2.4297579880e-03
-1.9761544605e-03
-1.1529203054e-03
-1.9620942561e-03
-1.0813918528e-03
-2.2695424717e-03
-3.8853798742e-03
2.6305004432e-03
3.2581138061e-03
-3.6203337536e-03
3.2399358029e-03
-1.3530519416e-03
-2.9042369748e-03
-3.7701759431e-03
3.6879848663e-03
-8.0889564660e-04
-5.5823470644e-03
-1.4597024408e-03
1.8413554719e-03
3.2247514019e-03
1.4840568682e-03
3.3715015795e-04
8.9519265811e-05
-2.3480736843e-03
-7.7860531949e-04
1.6505001865e-03
3.2807681403e-03
3.3830183351e-05
-1.5470330121e-04
-8.7512460478e-04
1.1147587177e-02
1.9304204987e-03
-2.5126759101e-03
-1.4735091901e-03
4.6250634897e-03
4.3549698681e-03
-1.6803340451e-03
1.2083458481e-03
-7.7985874720e-04
1.4731806405e-03
-1.3547988258e-03
-2.9342278509e-03
2.6076174354e-03
2.6263472546e-03
-1.7729775961e-03
2.8374055303e-03
1.6804354538e-03
-4.1431659524e-04
1.1362354849e-03
3.2293518850e-03
-2.0019031413e-03
-3.4195191176e-04
1.6674479574e-03
1.0610333443e-04
3.0230101195e-03
9.3179962831e-03
1.6381876732e-03
5.8534422430e-04
-1.6372985144e-03
-8.2756716362e-04
3.8692439807e-03
2.3724137338e-03
-5.7888821912e-03
1.9734417415e-03
-2.5252910768e-03
-3.2905141097e-04
-5.5695920098e-03
4.5731879773e-03
-1.5991348194e-03
1.2732461562e-03
7.3951944582e-04
1.2381644791e-03
3.6334095927e-04
-2.1280390981e-03
-9.1996795590e-04
-4.0060719700e-03
-5.0293216473e-03
-1.9880071163e-03
-2.7352505816e-03
-5.9283785134e-04
1.6553666114e-04
-2.5796395857e-03
-1.5913449536e-03
-3.2852117331e-03
4.8270696185e-03
-2.2438908325e-04
-9.4460568864e-04
-1.2589016564e-03
-3.2124453650e-03
-4.4175572535e-03
-3.5341221892e-03
5.5034606342e-03
-2.7412652796e-03
-3.2644122512e-03
3.1209115196e-03
-3.5087262195e-03
-3.4595438970e-03
-2.5378672529e-03
6.4651241505e-04
1.5672974949e-03
-3.8568097108e-04
1.1975412798e-03
3.3210452671e-03
4.0176117489e-04
-1.1581375173e-03
3.8422462111e-03
-1.1261247507e-03
1.6454030989e-03
-6.8358766337e-04
-3.2632251489e-03
1.3566441659e-03
1.0470016937e-02
-4.6135972641e-04
-2.5721730472e-03
-2.1167033592e-03
3.3187893730e-05
-2.9211842037e-03
2.8595229687e-03
2.6426725818e-03
-2.8811672592e-05
2.9556434101e-04
-4.0371023030e-04
4.0935062519e-03
2.8453191803e-03
1.6222962895e-03
2.1605395521e-03
-1.4276142304e-03
1.7695496775e-03
3.5368201294e-03
2.7997063966e-03
-5.2843748786e-03
3.4377998531e-04
-3.9037001873e-07
-1.7900230275e-03
-6.0353846955e-04
8.0725642895e-03
-2.6198101748e-03
6.3553275528e-03
-3.7764923966e-04
-7.3924664861e-04
-4.1627251969e-03
-2.3704846953e-03
-8.4831256244e-04
-5.1176247062e-03
-1.5182776028e-03
1.0285690100e-03
1.3010238864e-03
1.9857769464e-03
1.1180306739e-03
-1.0309154261e-03
-1.0844074853e-03
-2.1534618994e-03
3.6418809954e-03
1.4737578269e-03
1.9339919066e-03
-1.0286854332e-03
5.6757261181e-03
-2.3770298344e-03
-2.0728276968e-03
-5.2784760132e-03
5.8747061295e-04
6.6453149131e-03
-2.3180404265e-03
1.1406618233e-03
-4.2900013791e-03
6.4758705890e-04
3.9970402936e-03
-3.2373359066e-04
1.1644907935e-03
1.4473801897e-03
3.2840542513e-03
-5.6371863459e-03
-1.4704573618e-03
-3.3731186515e-03
-8.9448129509e-04
-1.0927194053e-03
4.0964463166e-03
2.8293333716e-03
-2.6297663080e-03
-2.2925664329e-04
2.7611466400e-03
-8.3329673567e-04
-1.2727503955e-03
-1.0613880733e-03
-1.7959050396e-03
9.7625208097e-04
-3.9365346565e-03
-3.3502267005e-04
1.8585742585e-03
-5.9835088670e-04
2.7931037431e-04
3.8687504040e-03
-1.7813624221e-03
-4.3354310341e-03
8.4918902681e-04
-6.4641944434e-04
-1.9638674022e-03
6.6041555400e-03
5.2153661278e-04
1.9496589675e-03
-8.2798062180e-04
-2.5486596032e-03
-3.3808275845e-03
4.9611486652e-04
2.6828817205e-03
-1.7173870998e-03
-6.5115060191e-04
-1.4165278121e-03
-2.7624799020e-03
-4.5000128182e-04
-3.0398956704e-04
-2.1766892788e-03
-1.4194021734e-03
-3.9323574198e-03
-1.6129165848e-03
-9.6993909442e-04
5.9186016025e-03
-4.0522830423e-03
-3.5169806198e-03
-4.1004734594e-03
1.5934852240e-03
7.0406187721e-03
-1.5519800910e-03
-3.4486615721e-03
4.7229292251e-03
-5.2086474851e-03
-1.4122800263e-03
-4.8520478588e-03
1.5742269173e-03
7.2696324141e-03
3.1694685602e-03
-4.5986432898e-03
-2.8873022075e-04
-1.2930614630e-03
-7.4314637535e-04
-2.4835040676e-03
9.4510794972e-04
-2.1476989718e-03
1.0653773822e-04
1.1490807617e-03
-3.4653821037e-03
-2.4100934573e-03
4.7820572229e-03
5.7019160743e-03
-4.7893054806e-03
4.3696841508e-03
-1.4442725732e-04
-2.2305786148e-03
-2.2768320246e-03
-3.4602194441e-03
-1.4800138662e-03
-3.0993837421e-03
2.5004255572e-03
-3.7156665806e-03
1.2911162975e-03
2.7841489826e-04
6.5624470484e-04
-2.2859751064e-03
-1.9868255950e-04
-5.5137419012e-03
-1.0435313391e-04
1.2143946792e-03
6.2388267865e-03
-3.8033318890e-03
8.1529695577e-03
-5.4192280726e-04
-1.7186163078e-03
3.9693508492e-04
-6.3836295703e-04
-7.4165931849e-04
3.7416344386e-03
2.1022581281e-03
-2.1826417030e-03
-2.4261856799e-03
-1.3669456881e-03
2.5936976799e-03
1.1880349695e-02
-2.5064505080e-03
-1.1567368563e-03
-3.7493399464e-03
-6.0179575957e-04
1.3600866007e-03
-3.9726893104e-03
5.4181420867e-04
4.5024738616e-03
5.5117835161e-03
-4.8230594327e-03
-1.5467351025e-04
1.9851951808e-03
4.7268970114e-03
-4.9291327346e-03
3.2757360100e-03
-2.7485954642e-03
-1.0113632344e-03
5.7890027780e-04
-1.2827932044e-03
2.0943372115e-03
5.4866381233e-04
2.9554103340e-03
3.8251034519e-03
3.2294160816e-03
2.7394739415e-03
-9.2766395350e-04
1.5263403619e-03
-9.5022419084e-04
-3.0366773168e-04
-3.9779865984e-03
-1.8628932754e-03
2.8060368272e-03
4.3083633044e-03
1.7837017496e-03
-2.7513955255e-03
4.9688148906e-03
-1.8220767103e-03
-6.8615391449e-03
8.5859822616e-04
7.5553959238e-03
1.6706105879e-03
-1.6806251859e-03
1.5262954541e-03
-3.2462705522e-03
1.1160642557e-03
1.6078414969e-03
-4.2304372653e-05
8.1470911023e-05
-1.6205429210e-03
1.7025533674e-03
-1.3968818199e-03
3.5019784396e-03
3.4082795714e-03
2.3505915039e-03
-4.2254939290e-03
-3.0282184428e-04
-7.6501700598e-05
1.8053340712e-04
3.8125775050e-04
3.4363329750e-04
-4.2468034403e-03
-3.1175215154e-03
2.0507132426e-04
-1.5106391563e-03
-1.0026909266e-04
6.9542870715e-05
-2.1890057353e-03
-3.9853793292e-03
-2.1665260066e-03
-2.7861833363e-03
-1.7357686667e-03
1.3353204791e-03
1.8373140106e-03
-4.3064218894e-03
1.3537034699e-03
-3.4796840168e-03
-2.6478545589e-04
2.2855972490e-03
-6.5440975886e-04
5.4370134859e-04
3.3221240162e-03
2.2488175381e-03
-8.8788733518e-04
-1.9481769874e-03
-1.8917486505e-03
-2.1441674466e-03
-1.5197932799e-04
-7.8494239212e-04
2.9396690645e-04
4.8518273578e-03
4.3018285392e-03
-8.0226638464e-04
3.4511959516e-03
-5.8892882234e-04
3.1239232602e-03
6.3553761369e-03
-2.8906665206e-03
-4.3381815269e-03
-3.8202733251e-03
-3.5092008799e-03
5.9169592360e-03
1.5964572771e-03
-1.3123403217e-03
3.5333885271e-03
1.3217429026e-03
-2.3038816295e-03
8.4620037195e-03
-3.9210289803e-03
-1.5078338924e-03
1.1962657095e-03
9.7431004205e-04
-1.7917749143e-03
-5.5346643895e-03
-3.8440626107e-03
-3.0217784887e-03
1.0453351351e-04
5.8682074352e-03
3.7887617342e-04
5.1826710919e-03
-2.5652784196e-03
3.9714532990e-03
-4.9204517188e-03
9.2482004970e-05
4.2018754618e-03
1.7790033726e-03
-1.6074188859e-04
8.5959434240e-03
-3.7485684760e-03
7.8892239700e-04
-4.8455810310e-03
2.4277610770e-03
2.4349612156e-03
-2.6131408166e-03
-2.5415455323e-03
-2.2053056038e-03
3.9980744843e-03
-2.3188925946e-03
4.1278949531e-03
-1.0373881226e-03
4.5279254302e-03
2.7039634666e-03
-4.6394580879e-03
1.7820949646e-03
2.5553724393e-03
-4.5186205952e-03
-4.3880129734e-03
-1.9229424599e-04
3.6762040691e-03
2.7285261556e-03
1.4616240888e-03
6.7868953969e-03
-1.6168355044e-03
-3.0844451218e-03
-2.8981417727e-03
2.9705007204e-03
-4.2505896629e-03
-6.4510663472e-04
-1.2586016733e-03
1.4132777958e-03
6.2274668210e-04
-2.3380874023e-03
-1.6073872625e-03
-7.1012271148e-03
-3.8888078060e-03
5.8714338092e-03
-2.1584011122e-03
-7.4155346721e-04
1.3772948600e-03
-1.8150697378e-03
-4.9947900394e-03
-2.5737009021e-03
-1.6355539114e-03
-2.6090222307e-03
-4.5938175205e-04
-1.2278159295e-03
-1.6708690275e-03
-1.0298950972e-03
-1.0227604322e-03
2.5081973752e-04
-2.5276110085e-03
-3.3091531403e-05
-3.0560705829e-03
3.2632273459e-03
-1.1352674619e-03
2.0246270375e-03
3.7001846937e-03
-4.3642885222e-03
-2.1989564467e-03
-7.8272338753e-04
8.1266734679e-04
-3.8066479866e-03
-3.4916949360e-03
3.1414755526e-03
3.9920235151e-03
-3.8819751467e-03
4.5709330815e-03
-1.3293211193e-03
1.9360628265e-04
-2.6044310131e-04
3.5087399589e-03
-5.2204679504e-03
6.0565361038e-04
2.4248652916e-03
-2.9805053749e-03
3.6290131791e-03
-1.4932053106e-03
-2.2316970988e-03
-5.1478750075e-04
-9.2229310493e-04
-2.6965765921e-03
-2.3129117232e-03
-4.0930048630e-03
-4.5088548194e-03
-8.8059367662e-06
-1.7465858516e-03
2.4616695585e-03
1.8891586483e-03
-5.2606810841e-04
-1.5558472846e-03
-3.4100458654e-03
-1.1742181324e-04
2.9606197905e-03
-3.0300018110e-03
-3.9970547019e-03
-9.7012430501e-04
1.9532223407e-03
2.9918565206e-04
-2.7029972306e-03
-2.0168534221e-03
-2.8200441524e-03
1.9532546765e-03
1.5382354660e-03
-4.3334928869e-04
1.8090362597e-03
1.9052254315e-03
-4.9349923929e-03
1.4484344108e-03
-2.6936281962e-04
-3.4274773009e-03
-1.9722156636e-03
4.8500237005e-03
1.7423807003e-03
1.9906338936e-03
-3.0831718461e-04
-2.0354271211e-03
-2.5252533335e-03
-2.9984333590e-03
-4.3915488599e-03
-2.4380823104e-03
2.1954325659e-03
2.2393936225e-03
-3.2958233065e-04
-2.7109331331e-03
-2.2108973305e-03
-2.5783410216e-04
2.0943736412e-03
-1.0191069243e-03
-3.4033373248e-03
2.7574334677e-03
-2.7823370419e-03
-5.5343575924e-03
-3.3108672868e-03
-3.7564805065e-04
1.4857577087e-03
-8.5314829297e-04
-4.2168885952e-03
-5.9062212399e-05
1.8502785397e-03
2.4639414341e-03
-7.0234070413e-04
-5.9487240250e-03
9.3827528476e-04
-1.0353621572e-03
3.2964209152e-04
1.0013970650e-03
4.9396952610e-03
1.8236046974e-03
-4.1154936765e-03
-5.8151046743e-03
-1.6020880980e-04
1.8447009234e-03
-2.1647986550e-03
-1.6765962171e-03
-4.0026277044e-03
-1.6215354521e-03
1.2558483288e-03
-2.0989351021e-03
8.6869267433e-03
-1.5700223747e-04
1.4179600394e-03
-7.0983914544e-04
4.6070089522e-03
3.4579458418e-03
-2.6304084939e-04
7.9135166949e-03
-2.4345752249e-03
-2.4893935880e-03
-2.0921952230e-03
1.1494267402e-03
-2.1286653221e-03
6.0457198566e-04
-2.5388306121e-03
-4.6561206923e-04
-1.3502468239e-03
-7.0522592673e-04
-2.0587122161e-03
2.0825839531e-03
6.6060644556e-03
-2.4446892509e-03
1.4884889037e-03
4.1559551864e-05
1.3929861317e-03
6.4163429074e-03
-5.5661531775e-04
-4.4886966393e-03
-4.1173213816e-03
-2.0645092254e-03
-2.4148058706e-04
-4.7204048099e-03
1.0153117163e-03
-2.0874922304e-03
2.8818004215e-03
-4.3554187402e-03
-2.2416857185e-03
6.1071031306e-04
-7.6811700779e-04
-2.3321960316e-03
-3.3172126617e-03
-2.4271241086e-03
-8.0857680053e-04
5.8492371029e-03
-3.4905678208e-03
-5.3680115282e-03
-3.1234961272e-03
-1.7520537002e-03
6.4688723597e-04
1.3327386953e-03
6.4876853862e-04
8.2326586860e-03
1.0718727968e-03
-1.7147304970e-03
-2.3333509871e-03
-1.4026799457e-03
1.7077029510e-03
-3.7011454171e-04
-3.0858479170e-03
-4.9911164813e-03
-2.2221164467e-03
3.7794943260e-03
2.9545334429e-03
3.7613332460e-03
-5.4327089493e-03
-5.1280422169e-04
-2.4780028262e-03
1.6500591043e-03
1.4837250517e-03
-1.2910329698e-03
-7.8165383912e-04
2.9040958199e-03
2.1937310796e-03
6.1179410719e-03
3.1232919197e-03
9.8194258377e-04
-2.5066220558e-03
-2.6056448703e-03
6.0872266322e-03
-2.7228371821e-03
-2.8915719549e-04
5.3484530130e-03
-4.4129346301e-03
-5.7038808477e-04
-2.0563066281e-03
-2.2816102655e-03
-1.2986588622e-04
-7.5772638592e-05
6.7968023811e-04
1.2988049747e-04
-1.6150397694e-03
-2.2511694125e-03
-3.6214144935e-03
-3.7227858413e-03
7.4803397232e-04
1.7142927933e-03
-3.7777063503e-03
-1.4828680031e-03
-2.4667110177e-03
5.4498554823e-04
3.0245158270e-03
1.0735537128e-02
5.0765506552e-03
-2.3951195185e-03
-5.5187963343e-03
-1.4268774155e-03
-1.7594891040e-03
1.6329387110e-03
-1.5570340413e-03
4.8317732443e-03
6.4592064683e-03
9.8257023143e-04
-1.6503097959e-03
-1.4969285487e-04
6.9743737783e-03
4.0850076355e-03
1.2555203164e-06
2.5280610017e-03
8.6289980244e-04
-5.6729096277e-03
2.0222039356e-03
3.1867198676e-03
-1.0878212155e-03
-1.7715591776e-03
-2.0185920376e-03
2.8442474233e-03
-5.0139387893e-04
-1.9182768720e-03
-5.4641497949e-03
-4.1703578351e-04
-1.4077246759e-03
2.4478401572e-03
-2.4998758744e-03
-2.0369456950e-03
-3.2274416825e-03
2.0680739841e-03
-1.7790538463e-03
-9.8200619242e-04
2.0617362645e-03
1.5697192355e-03
1.4325831299e-03
-1.1154608669e-03
-1.2551595855e-03
3.5552015004e-03
-1.7849308782e-03
6.9183745545e-03
7.7118079489e-03
2.5202171347e-03
1.0288422913e-03
4.8346522925e-03
1.1297557701e-03
-3.5943648560e-03
4.2532321208e-04
9.8583030294e-03
-3.7863248548e-04
2.9708253140e-03
4.9473692868e-04
-1.5752716914e-03
3.5200687078e-03
-1.5437500155e-03
-3.5017148819e-03
2.0178967921e-04
1.3665084585e-03
6.2129856493e-03
-3.3711938455e-03
-8.0820367463e-04
-1.0754933147e-03
7.2340453934e-03
-5.3033604794e-03
1.3157621802e-03
-1.3849918448e-03
-2.0593702952e-03
2.5192398777e-03
-4.6984205877e-03
4.1134935939e-03
-2.1091047297e-03
-3.1217760162e-04
-2.9300191225e-04
-2.5534881119e-03
2.4373541962e-03
5.3515794138e-06
-2.3751002537e-03
1.2975111327e-03
-2.7764766402e-03
-3.0965039946e-03
-7.2585224204e-05
-2.1655248075e-03
-7.7734112209e-04
-3.0478206296e-03
3.9680260467e-04
3.4848421161e-03
1.0331417797e-03
-3.1050382858e-03
2.6545994853e-03
-4.8446196567e-05
-2.3154866698e-03
-1.6352418320e-03
-4.4606105288e-03
-7.7005360600e-04
6.8590013424e-03
-2.1025702849e-03
1.1984838867e-03
-1.9497155633e-03
3.4668255406e-03
-2.0823062922e-04
-1.6316150539e-03
-2.0280415937e-03
-1.7804677404e-03
-3.3605455528e-03
-1.4471659805e-03
6.3337324029e-05
-1.9397021612e-03
4.2333555772e-03
-7.5825515697e-04
-1.4767396055e-03
1.8827464025e-03
-1.2229650618e-03
-8.7857030661e-04
2.2726830129e-03
-1.5345374069e-03
-1.3386028230e-03
-4.5497097456e-03
1.4137791400e-03
4.3299202445e-03
7.5036037802e-04
-1.9151805062e-03
-3.0346745932e-03
1.8032339366e-03
1.1748813769e-03
-1.8315561225e-03
7.5962435235e-04
-4.2679711578e-04
-3.4213008538e-04
1.5471420691e-03
-4.4089070968e-04
2.6687536896e-03
-1.1954944242e-03
-1.4826272264e-03
-4.1785579306e-03
-5.1911081259e-03
-4.6370665527e-05
7.3342223002e-04
-8.5096624918e-04
2.3340728919e-03
-1.0997237836e-03
-3.0482629583e-05
-1.6780735242e-03
-4.3167428937e-03
3.7475384158e-03
1.0963698254e-03
2.6354421711e-03
6.2179466427e-04
-5.0865633454e-04
-3.4957190963e-03
2.3789108018e-03
-2.5106916105e-03
-2.0113427922e-03
3.6985050306e-03
-4.2447930304e-03
-4.3800035045e-03
-3.6750031539e-04
6.2626194697e-03
-2.5826350602e-03
4.3365771039e-03
-3.5091621239e-03
-2.9542453083e-03
-4.9127979904e-04
-4.1726930019e-03
5.5808670357e-04
5.5357350027e-04
-3.4140809836e-03
-4.5743961293e-04
6.4598659388e-03
-7.7920827958e-04
-1.9690495937e-03
1.6631672567e-03
3.2716969109e-04
-1.3269030098e-03
-2.6908118096e-03
-1.9878977792e-03
2.2199413017e-03
-2.6902977774e-03
2.8303435140e-03
2.2586074021e-03
1.8000806377e-03
1.5311208812e-03
-4.8603936789e-03
4.4496088604e-04
2.0636500502e-03
3.2915287344e-04
-3.7902041427e-03
-7.7074374793e-04
6.6018470653e-03
2.7595313275e-03
-1.8039983030e-03
-1.3933985619e-04
-6.9666396861e-04
-5.5988762856e-04
-2.5008123648e-03
2.3871191400e-03
-4.0662335498e-03
-2.6239824794e-03
1.1852144200e-02
-2.0228339616e-04
-2.0239077682e-03
1.7176061703e-03
3.7453464901e-03
-2.2474306594e-03
-3.1980306906e-03
-6.5683709467e-04
5.4654133229e-04
-2.3830816478e-03
-4.6441001044e-03
-8.5855696355e-04
-7.0608329203e-04
6.9650961792e-03
-6.0636209453e-04
-2.3203716407e-03
9.0654555968e-04
-1.6586332282e-03
1.4450506939e-03
-6.3733804937e-04
2.4255276350e-03
-1.2888227622e-04
2.5250573819e-03
1.5050592376e-03
1.6789683539e-03
9.5193554987e-04
-5.4710285640e-03
-4.0037248121e-03
3.9241147350e-03
5.3584683067e-03
-8.5999848782e-04
-3.3459343561e-03
-1.1331455598e-03
-5.1927085108e-03
1.0802801923e-03
-2.4137796697e-03
5.0600421331e-03
1.4934131746e-03
-4.5296368783e-03
1.9119337675e-03
4.3879748072e-03
3.1338338070e-03
1.2702829465e-03
-2.1290204762e-03
-4.6607612383e-03
-9.8854271379e-05
-2.5312854494e-03
-4.9579626178e-03
-4.8761016980e-03
2.6439274762e-03
2.2585509501e-03
6.6367572901e-03
-4.1393284737e-04
-1.9647043299e-03
3.7463040753e-05
-2.7802860152e-03
-2.2274086686e-03
4.7339547324e-04
-6.1673737067e-03
3.9322922053e-03
2.8675866812e-03
8.3039856210e-04
7.5358122515e-04
2.3402817721e-03
-2.6325498573e-03
-1.5383724116e-03
4.3237867582e-03
-4.6698593489e-04
1.8520045211e-03
5.8153081542e-03
-2.8373789906e-03
-2.2821432711e-03
-3.3462573417e-03
-4.3230618825e-03
-9.4009359876e-04
-1.4827921872e-03
-2.4996196688e-03
-2.5267801674e-04
1.7233195115e-03
2.9959946600e-03
2.8969433681e-03
2.1228511585e-03
5.6000594535e-03
-4.6948866148e-03
2.9630228516e-03
-1.8600968489e-04
-2.2010025009e-05
-5.4395773984e-03
3.9555164936e-03
2.5198125145e-03
-2.5821251164e-03
-2.6191601615e-03
-3.1374396321e-03
1.1060922443e-03
9.4986329413e-03
-1.4394629174e-03
5.1013623139e-04
-5.3882653365e-04
-4.2092127707e-04
-3.0831665698e-03
-3.6365419009e-03
-2.2493629000e-03
5.1612838744e-03
1.4057537851e-02
-4.0808086509e-03
-6.6193021699e-04
-1.7132557729e-03
-2.4674891875e-03
1.1707009785e-04
1.1287117123e-03
-2.4670730952e-03
1.7760717645e-03
-3.5724971443e-03
1.1268902438e-03
6.6183660870e-03
-4.5379350865e-03
-1.2277738560e-03
-3.0632533317e-03
4.1357568830e-04
6.8303715498e-03
1.6019148178e-03
-1.6134619997e-03
-3.9160829917e-04
-4.0583222994e-03
-1.1253280349e-03
4.1774336074e-03
-1.2585265433e-03
6.8480824721e-03
-1.3130907384e-03
-2.0759579699e-03
-2.4013192234e-04
-3.5645871663e-03
-8.8181786672e-04
2.8439302152e-03
2.7442919802e-03
7.3653740450e-03
1.6037011742e-03
-2.1241702351e-03
-3.0693853349e-04
3.3691253954e-03
-1.3904560350e-03
-1.4642926383e-03
-1.0035109721e-03
-3.4073942670e-03
2.2520051941e-04
2.0785234724e-03
-5.1197166490e-03
-1.1142797443e-03
2.5738037813e-03
3.2224639892e-03
8.1579781896e-03
-3.6146707985e-03
1.9460826443e-03
3.3492484658e-03
1.4267866868e-03
-2.2623507143e-04
1.5849457627e-03
3.2962107645e-03
8.8786733273e-04
-1.2859627613e-03
-5.8295949468e-03
7.7348867784e-04
-4.7465316079e-03
-9.0406319198e-04
2.5666883065e-04
3.0825684771e-03
2.8802661448e-03
-2.0554960843e-03
-1.5286698423e-03
-2.7728513850e-03
-5.2732890295e-03
-2.5280996124e-04
-7.7999381107e-04
-3.7296545391e-03
2.3814610276e-03
-2.8681224002e-03
4.7903032391e-03
-3.3135974700e-03
-2.9866210586e-03
6.4385729764e-03
-2.1212850903e-03
1.3069801788e-03
5.1618899974e-03
1.1325570583e-03
-6.5688588798e-04
-2.9102650943e-05
2.4205698770e-03
7.1214287414e-03
-8.4245930201e-04
1.5829228402e-03
2.6722325926e-04
9.0338360888e-04
-4.0221163062e-04
3.4508162116e-03
-1.8042286632e-03
-1.5636428020e-03
-2.6096540096e-03
5.1225581856e-03
-3.5902984618e-04
-2.8255998484e-03
-2.2099914565e-03
6.2935804663e-03
-1.6376860769e-03
-4.6182327155e-03
-1.2175544587e-04
-7.8156275705e-04
1.0061128012e-03
-1.6673452380e-03
-1.6100030317e-03
-1.6293590022e-03
-5.7949648638e-04
1.3050196823e-03
-1.6045670239e-04
1.0251405140e-02
6.3715546737e-04
3.9231484843e-03
1.8731357178e-03
-2.7256723878e-03
-5.7473627717e-04
-6.3416047364e-03
-1.4930622476e-03
-4.7507430478e-03
-5.0230453053e-04
1.0157245326e-03
9.2363055416e-04
7.8013610629e-04
6.3596128216e-04
-3.9507507357e-03
2.2748315031e-03
-1.1654248597e-03
1.2100723681e-03
1.0411402985e-03
3.5897172974e-03
2.3129163479e-03
4.8332602037e-03
1.3610138154e-05
-3.0028460420e-03
3.9747718921e-03
-2.9367177835e-03
3.9207858592e-03
-2.6667218081e-03
-6.4409211189e-04
1.8020118822e-03
-3.4768513274e-03
-1.7685912370e-03
2.5907553645e-03
2.0573603473e-03
4.8068685999e-04
-4.4563389857e-03
1.6093370290e-03
9.2402561504e-04
-4.1458992312e-03
-8.8844612729e-04
-5.0895359996e-03
-2.8354243111e-03
-2.1478994648e-03
-2.2585304408e-03
1.1273143028e-03
-1.3353301080e-03
8.7042067763e-04
2.0430970972e-03
2.9991274332e-03
-5.0124129660e-03
2.0814411656e-03
1.3819948295e-03
-6.4023762184e-04
-6.5781287456e-04
-2.1539112958e-03
-7.8932718834e-04
2.1223096069e-03
-5.6137320118e-04
-7.0103059310e-03
-7.1348579738e-03
3.9778189497e-03
-2.4181251870e-03
-3.9186676064e-04
-2.3119718702e-03
9.8253868375e-04
1.9254159402e-03
-5.5801818715e-04
2.9883965568e-03
1.1492614691e-04
3.2136853193e-03
1.6629652629e-03
-9.1623827704e-04
5.0233740895e-04
3.3710819887e-03
2.8085212898e-03
2.4546417024e-03
-3.6239993834e-03
-1.9439032818e-03
2.6043588768e-03
-6.1786018562e-04
4.5496255540e-03
-5.4531047231e-04
-8.3449828872e-04
1.7045085568e-03
-1.2628480783e-03
-4.0929316263e-03
-1.9229998658e-04
-5.9159181457e-04
6.3715753248e-03
-2.1239608440e-03
2.2023906945e-03
-3.7191387125e-05
1.5712387443e-03
-2.3358483174e-03
-4.8715482155e-03
1.8589133025e-03
1.2712262541e-04
3.2571762057e-03
-3.9272361375e-03
-4.6836342402e-03
-6.1362386942e-03
2.0187830038e-03
1.0924733825e-03
3.9741378791e-03
3.2927788936e-03
8.0912671239e-04
-3.6964196415e-04
-4.3788188228e-03
-5.9114612058e-03
5.8943862311e-04
1.4183640047e-03
-2.1257766218e-03
3.9468082786e-04
5.7721943183e-03
-5.3589264292e-03
7.5344783685e-03
9.0927870297e-03
-2.9312499328e-03
-4.1090536824e-03
-7.3409013352e-04
-3.0935207144e-03
1.1625672845e-03
-2.6916736674e-03
-2.9500111981e-03
-6.3199839309e-03
-3.3127935051e-04
4.8479860843e-05
1.1792159565e-03
-5.3329714776e-03
-2.5416134532e-03
-3.4248051982e-03
1.0267101325e-02
-3.9969439881e-03
-3.1763388223e-03
4.4830995165e-03
4.7446148253e-03
-1.3417455882e-03
-1.4412687522e-03
1.5248231669e-03
6.9000206827e-03
-2.5504254542e-03
1.7548228421e-03
3.6415054772e-03
-1.3186295505e-03
-2.9551760997e-03
-3.9937756825e-03
-2.5074031309e-03
2.2515114449e-03
-1.1253272289e-03
-3.8737449666e-03
2.8365312273e-03
-5.0842679124e-03
3.0441220890e-03
4.7655011112e-03
2.2270233843e-03
-2.4190490865e-03
1.7284366167e-04
5.7866105316e-03
-3.6740269303e-03
-8.0852584536e-04
5.8623593370e-04
-5.5763429298e-04
4.4648812902e-04
-3.1601328482e-03
-3.8528968383e-03
1.4786844457e-03
8.1717564828e-04
-3.6599306242e-03
-1.7268636052e-03
5.5472772547e-03
5.3211228489e-04
-2.6318828864e-03
-2.1206519326e-04
1.6971970613e-03
-6.1807145021e-03
-5.9275747654e-03
1.7974099761e-03
4.3346626984e-03
3.7020196163e-04
-3.1096271554e-04
1.7185496383e-04
-5.2252802467e-03
6.2742459536e-05
-1.0947131857e-03
-2.4660976232e-03
-1.6202606368e-03
4.7627806715e-03
-4.0532087963e-03
-3.7500002796e-03
3.7715514573e-03
6.6061113601e-03
9.3704815697e-04
-4.8658046258e-03
-7.9413200856e-04
-2.2843827263e-03
-7.8038233135e-05
-3.5254293527e-03
2.6160469362e-03
-2.2217331705e-03
7.3260067795e-04
-1.1231003541e-03
-3.6219318811e-03
5.7469664524e-04
-3.8435182965e-03
1.4932486662e-03
4.4835421936e-03
-1.3726596063e-03
1.1527202643e-04
-8.7688563825e-04
5.5156204637e-04
-3.0612711099e-03
-6.6929523869e-04
7.8041038579e-05
-1.5830079504e-03
-2.0713686189e-04
3.8698902701e-03
1.8684622784e-03
-3.8377819542e-04
-5.5809856575e-03
6.3839932022e-03
3.9487822647e-04
6.2227707190e-03
1.9005598234e-03
-3.1989181494e-03
5.0560140727e-05
-3.1667764566e-03
7.4166422181e-04
-1.1774895089e-03
-2.0859473668e-03
-4.8271074612e-03
-4.7883004347e-03
2.6569915174e-03
5.2471101365e-03
2.0297801925e-03
-1.8713886059e-03
-1.6127186191e-03
-2.8251798383e-03
1.0950751729e-03
2.1733228619e-03
2.1608789556e-03
-3.2461707949e-03
6.3182145084e-03
5.9457213930e-04
-1.5983732418e-03
-3.3621460490e-04
-3.4608198219e-03
-4.2895052129e-03
1.8081121238e-04
-2.8220837794e-03
-4.8368127530e-03
-1.4034799107e-03
5.2427872391e-03
-1.5663412843e-03
-2.3020298566e-03
-3.7850150825e-03
-1.8027587671e-04
7.3294939706e-04
7.5787132902e-03
8.3330431681e-04
-5.6482167938e-03
3.3029941286e-03
-5.3855430566e-03
9.2154729001e-04
3.5492475376e-04
-5.8509234895e-04
5.0499493108e-03
4.1956264237e-03
-4.0419749704e-04
4.0492835662e-04
6.5815316142e-03
-1.5874357635e-03
-4.3186618626e-04
2.6885542535e-03
5.3846143730e-03
-1.9926040842e-03
3.3671415097e-04
-4.2747036419e-03
-2.3226215890e-03
3.3613374965e-04
1.3712696599e-02
-3.9277989867e-04
4.7816892761e-05
1.8454298538e-03
-5.2218535222e-04
1.6266734483e-03
-3.8696245261e-03
5.0952438263e-03
-2.1592781993e-03
-8.6323635855e-04
2.0278623787e-03
-3.9044763278e-04
-1.5656263972e-03
-3.5407450267e-03
-3.1829928548e-03
-4.2979329184e-03
9.6339479532e-04
-1.3644764765e-03
5.5781755974e-03
-8.9206705668e-04
-2.1781402612e-03
-1.3008474940e-03
-1.6187713526e-03
2.1941247852e-03
1.1127031611e-03
-5.2183832497e-03
8.5497695216e-04
-8.1237037175e-04
-2.0407964183e-03
2.5936646829e-03
4.3035766827e-05
-9.0676638898e-04
-2.2773813686e-03
4.2884143917e-03
6.2698131132e-04
4.6759229508e-03
-4.4295798992e-04
-1.7930313841e-03
-3.9381611313e-04
3.1661993773e-03
-3.2888922349e-03
2.0627782237e-03
-5.3212975280e-03
1.1075995605e-03
-1.8453528999e-03
-2.5401922581e-03
-6.7933799486e-04
-4.0290110309e-03
7.0226506101e-03
2.5305574849e-03
-1.9325182387e-03
-5.1819474064e-03
-4.7851196985e-04
-5.3295678178e-03
-1.0107148376e-03
-1.9978232337e-03
-4.7131248886e-04
-5.4817222098e-03
-4.2845605609e-03
3.1739862564e-04
-6.2513840471e-04
-4.1010528495e-03
1.8027250293e-03
1.8551831099e-03
6.5787285201e-04
3.2049877161e-03
-5.3284030196e-05
2.4697173655e-03
-2.3423318683e-03
-1.8754947753e-03
-3.2863149355e-04
-5.2802371780e-04
3.9743576860e-03
-2.5637876220e-03
4.1749820201e-05
-1.2911150559e-04
-2.6693929921e-03
6.3453456775e-03
2.6580585052e-03
-4.7819006888e-03
-5.2352942131e-04
-1.5902029095e-03
-6.3115096095e-04
-6.6912063008e-04
-2.0326513827e-03
-1.0485867907e-03
2.5846308279e-03
1.9046738076e-03
2.5021060864e-03
3.9316595991e-03
2.5251009515e-03
2.9611786291e-03
-1.2479878564e-04
-2.5593589016e-03
-1.9231052404e-03
-1.2311315386e-03
3.6371224541e-04
-2.2934074638e-03
1.4508282482e-04
6.6373558632e-03
3.8661351126e-03
4.3695461349e-03
-4.8778015598e-03
5.8826955268e-04
1.0680381753e-03
-5.1067557605e-03
-2.9281712857e-03
9.5969882613e-04
1.5605743549e-05
-4.9360473945e-04
-2.4337897019e-03
-3.8631562374e-03
8.9608980622e-03
3.5460401209e-03
2.2530483201e-03
-5.0340922690e-04
-2.7751162100e-03
1.2168224272e-03
2.8399930386e-03
7.6964452826e-03
-3.1411733461e-05
-1.7459468588e-03
1.4562893435e-03
4.3169042978e-03
-3.2644271115e-03
-2.8969330668e-03
2.5174507154e-04
3.9447346542e-03
-8.8019638945e-04
-2.6090749419e-03
2.2597429348e-03
-5.3194295943e-05
-4.9308092619e-03
8.6074179492e-04
2.7470513304e-03
5.0548813159e-04
-4.3260134592e-04
3.9191850083e-03
5.0986880416e-05
-6.7757221005e-04
5.7766087778e-04
-1.6204582936e-03
1.2100115790e-03
-2.0171602920e-03
-2.4955733665e-04
2.1585410958e-03
3.8858761300e-04
-2.4243783627e-03
1.5285812267e-03
2.7998202385e-03
8.1463831898e-03
7.3437467193e-04
3.6638222941e-04
-1.5314705928e-03
1.8502073045e-03
4.0748369377e-03
2.1530626069e-03
6.9638158798e-03
-4.7321117407e-03
-2.6162991473e-03
-1.0884280070e-03
-6.5488841452e-03
1.6872227325e-03
-2.9964460551e-04
-1.7244903873e-04
9.4983447583e-03
-2.6019958745e-03
-1.2883745622e-03
-4.2061046821e-03
5.9771508472e-04
-2.7053786042e-03
-2.8952671784e-03
-4.3931214447e-03
-4.1368215463e-04
-3.0848482460e-04
1.2789642167e-03
5.0229223168e-04
1.4519897918e-02
-2.4867170687e-03
-1.1691454133e-03
-2.9377504485e-03
-3.0024826667e-04
3.7192971738e-03
4.0794357543e-04
-6.2410359478e-03
-7.6590052436e-04
2.3241990210e-03
2.0314852982e-03
1.3221755068e-03
-3.0022619804e-03
-5.2179025702e-03
-1.2324123640e-03
-2.1414422390e-03
-3.9007194975e-03
-2.5719184261e-04
1.3957616724e-03
1.7257637061e-03
2.9017472073e-03
2.4558287918e-03
-2.7804501146e-03
7.3607320073e-04
-2.3966999423e-03
3.0303507497e-03
-1.4821979592e-03
-2.8269308599e-04
-2.3113806373e-03
6.9953420544e-03
2.8772320204e-03
-5.0958046273e-04
-9.5819157906e-04
-6.0270784027e-04
-4.4175693443e-04
1.8509458935e-04
-1.0731527884e-03
1.3481648254e-03
5.4154315184e-03
8.4859285490e-03
-6.7206536284e-04
-1.3890566405e-03
3.1517202774e-03
-2.2154236550e-03
-2.0189607810e-03
1.3711854954e-03
-2.1981116183e-03
-5.5913720328e-04
-2.9120511556e-03
3.2085644858e-04
-1.2276749778e-03
1.6638329439e-03
2.2041357695e-04
-7.2536647006e-05
-2.9929583117e-03
-2.9815757346e-03
-6.0749145660e-04
-1.4549895556e-03
-1.8247514145e-04
-4.0578002218e-03
-2.8436029362e-03
-2.9323639154e-03
-3.9196252937e-04
-7.1643425672e-04
7.4615365443e-04
2.7440547765e-03
4.4157354118e-03
-6.6331769410e-04
2.5619707595e-03
-7.6769121611e-04
4.2014244484e-03
7.5786580183e-03
-5.1331131120e-04
5.3287955920e-04
-2.8403000493e-03
8.9834354093e-04
-2.5818482456e-03
-3.6710572395e-03
1.0185398479e-03
-2.3838831742e-03
7.7637030996e-04
1.0433916903e-03
1.8120665177e-04
-3.7327348726e-03
-1.2469037519e-03
-2.5691038033e-04
-7.5212625389e-04
-1.6910963394e-03
-2.5837208458e-03
-1.3095373605e-03
2.1986581475e-03
-3.4961224590e-03
-4.5136550430e-03
-3.5896626242e-03
1.7633986246e-03
4.7573495867e-03
3.9321773901e-03
3.1155243453e-04
6.4438873959e-04
3.0163695458e-04
3.4964566510e-04
-3.2976493040e-03
-1.5671886758e-03
-3.1605554045e-03
-3.6510906466e-04
9.4283872301e-04
2.6553337425e-03
5.5466289761e-03
3.7577819934e-03
-1.6083584656e-03
3.6059285369e-03
-1.6180762602e-03
9.2396147438e-04
-3.5887012492e-03
-3.0059095440e-04
-2.8426449335e-03
-5.4944953642e-03
-1.0224737466e-03
-2.1708980647e-03
-2.5578906575e-03
3.5442553748e-03
4.5570341521e-03
-4.8859281804e-03
4.3344346495e-04
-4.7386864495e-03
1.2059320927e-04
-9.7566037846e-04
2.2957424786e-03
-1.8881775687e-03
4.6383972983e-04
-4.2683528550e-03
-3.2466193255e-03
-1.0303030320e-03
6.4209517635e-04
-3.8524933938e-04
-4.9306182962e-04
-2.3797835256e-03
6.1887274659e-03
2.3254027368e-03
6.3083913818e-04
-1.6867937772e-03
5.1850013223e-03
5.0748757907e-03
-2.5827283410e-03
2.3656762432e-03
8.5704194501e-03
7.1850301808e-03
-1.8114246510e-03
-1.3342842129e-03
-9.9355890084e-04
-5.3713594688e-03
-1.0174302996e-03
-3.5972378402e-03
-8.2879591950e-05
-4.7214088089e-03
6.0327919778e-04
1.3764384541e-03
5.0890045988e-03
2.5217164753e-03
6.7662978908e-04
-1.4636002119e-03
4.2264719395e-04
1.8034394595e-03
-2.7756814346e-03
2.2130336627e-03
-1.9797105469e-03
9.0073442007e-03
-2.2038921833e-03
5.5375877210e-04
-1.9836840825e-03
-5.6268066467e-03
-6.2188065483e-03
1.7439420045e-03
1.1138692184e-02
-1.3978967289e-03
-3.3527828504e-03
4.2013417335e-03
-3.1241159180e-04
-4.2886956409e-03
-9.2914201600e-04
-9.6746348946e-04
1.3587983408e-03
-1.7867093717e-03
-2.8316204445e-03
6.1591532027e-04
2.3234489488e-03
-1.5528183271e-03
-8.3051974010e-04
-1.0786055212e-03
-6.4791600224e-04
-1.4452054054e-03
-2.0443397622e-03
4.9639493578e-03
5.0069625757e-03
-2.7986605551e-03
-5.4841635512e-03
3.2488083917e-03
3.2366138447e-03
-1.9536836472e-03
-1.2770465280e-03
5.9933369167e-05
-1.1958739712e-03
-1.9338849723e-03
-1.3428245046e-03
-2.3219557508e-03
-3.2695192075e-03
-2.8565372442e-03
-4.6918007051e-04
-1.9041967570e-04
2.0798433953e-03
-3.8685593589e-03
6.4103654123e-03
-2.3878748033e-03
3.8630678332e-03
2.6103477982e-04
2.7250439187e-03
2.5685821643e-04
3.2581965130e-03
-6.1009241501e-04
-3.7288674313e-03
2.0337080973e-03
-9.0507700776e-04
-5.2501218198e-04
-1.3834299560e-03
-2.9479496630e-03
-1.3073306969e-03
-2.7100461172e-03
-7.1893251644e-04
-4.1763160238e-03
9.2046615796e-04
2.5944368161e-03
2.4417528453e-03
-3.9879084301e-03
-9.2215990715e-04
3.8880502993e-03
-1.4150421590e-03
1.8172401719e-03
-5.0830478312e-03
-2.1625775319e-03
3.8222588225e-03
-1.6669822343e-04
7.6228407040e-04
-3.9233028406e-04
-1.8819729665e-03
-4.5473664897e-03
-2.8466704756e-03
-2.2274624925e-03
6.0428373312e-04
-4.8537687815e-03
-2.6029785195e-03
-2.3260642943e-03
7.4148880475e-04
2.7516993548e-04
-1.7700243574e-03
2.3379565372e-03
-2.3553697208e-03
3.4299186892e-03
-1.1496921799e-04
1.4404556633e-03
1.2069347754e-03
1.0297344760e-03
5.8689185133e-04
-1.7425601155e-03
-1.0346665334e-03
-3.0602299176e-03
2.0884116906e-03
-3.2508809529e-03
-2.1688156973e-03
1.4107769994e-03
-2.6390009103e-03
3.8354193979e-04
6.2448032665e-04
-1.3765531408e-03
-1.5984906297e-04
5.3142795379e-03
3.4448720170e-03
3.9058405266e-03
-1.1776154854e-03
-2.2250061474e-03
5.1014790326e-03
9.0585961838e-04
6.6664570773e-04
-5.6211832212e-03
2.2678061779e-03
-4.9342496803e-03
-6.4097739949e-05
4.5558866289e-03
-5.7447553250e-03
-1.4522661256e-03
-2.2533062537e-03
1.8349959521e-03
-1.8440664343e-03
-3.1109197708e-03
2.2101926915e-03
2.5264906155e-03
-5.5044936486e-03
1.7224649411e-03
-2.5657270322e-03
-1.5326730123e-03
4.8357467720e-03
1.0312549487e-03
-2.8795583396e-03
2.5612560707e-03
-3.7209923253e-03
5.7314032227e-03
-2.9845990079e-04
-2.5150479894e-03
-2.2705450603e-03
2.8437268111e-03
1.9953705931e-03
-4.6122700256e-03
7.2422542808e-03
3.9836725610e-03
6.8299821495e-05
2.4702075642e-03
3.7477129349e-03
-4.2639627041e-03
-3.5046879605e-03
-2.2398181687e-03
6.3559407522e-04
-1.7185241009e-03
2.0499354230e-03
-4.8660540453e-03
-7.7294387014e-04
-4.6109963386e-03
1.7443958320e-03
-1.4285738436e-03
-5.0065161345e-03
3.9870868150e-03
-2.2685148993e-03
-6.8362726896e-05
3.0330610129e-03
-1.9750821000e-03
7.5412936090e-03
-6.2736116107e-03
-5.8978807297e-04
-2.6714904008e-03
3.9687953567e-03
4.8254757738e-03
7.6913343230e-03
-2.3530615387e-03
-1.3993344655e-03
1.1610211619e-03
-6.3142556564e-04
-1.6138676506e-03
-2.7094634375e-03
4.6623265006e-03
-5.2316084853e-04
-1.1676452320e-03
7.0565937303e-05
4.0408683530e-03
5.4984476790e-03
-1.9568038803e-03
-4.4998699475e-03
5.2198594473e-04
7.5940623834e-04
-1.8721959188e-03
-4.4182444768e-03
8.2393591374e-03
-1.8521706794e-03
-9.9721367788e-04
-2.0502168803e-03
3.9891530270e-03
3.3254363338e-03
-3.2801694895e-03
2.8776897076e-04
2.4353498717e-03
2.8538986955e-04
-3.3395473987e-03
1.4936760582e-03
7.2475211260e-04
-4.7814732913e-03
-1.8770911880e-03
1.8865891861e-03
-2.0366435213e-03
-5.0203743521e-03
8.1905771642e-03
-4.2506299553e-04
-1.6226042111e-03
2.7007988482e-03
-1.1617781992e-03
8.1713552476e-04
4.6354130911e-05
4.0095071292e-03
-1.9634721882e-03
-4.5241916098e-03
-2.9956781010e-03
-4.4938328520e-03
-2.6567707211e-03
-8.7967126046e-04
5.8765281141e-03
-3.5032156785e-05
1.0032942526e-03
6.4193359006e-03
8.3126145465e-04
-1.6403332521e-03
-1.6235815706e-03
1.9406281098e-03
3.5719116803e-03
9.2236699298e-04
-2.7643318875e-03
-3.0727557803e-03
2.5828121284e-03
2.2698420720e-03
-1.6570779491e-03
2.4538646559e-03
-4.7068072948e-04
2.7408197404e-03
-5.3012159578e-03
-1.9294698784e-04
-3.0454190883e-03
-1.4891482210e-03
8.8632410576e-03
-1.8135202741e-04
6.7152380188e-04
8.5562124892e-04
-2.7369166169e-03
2.1512454243e-03
2.1584139373e-03
2.4727995013e-03
3.1074370771e-03
-2.5110255039e-03
2.6543505916e-03
-4.2827030418e-03
-1.0961001015e-03
8.4321049601e-03
1.9997175504e-03
1.1286314565e-03
2.3690912061e-03
1.0755311083e-03
-2.7029933266e-03
-5.4710514440e-03
-1.6208011253e-03
-2.3791722746e-03
-3.0422186717e-04
3.0894130467e-03
4.0260101825e-03
-1.8255077387e-03
1.1463591673e-03
3.3879662042e-03
-2.4961384973e-03
-1.0470626008e-03
1.8811475008e-03
3.8932354648e-03
-1.4528925680e-03
-2.1856763110e-03
-1.4185717067e-04
-1.2211248037e-03
3.8477699496e-03
-4.0206052115e-03
-1.5550552083e-03
-3.0176035851e-03
-2.7010056857e-03
-1.5292522593e-03
7.2891029225e-03
-3.8833990150e-03
1.9026645304e-03
2.4938460532e-03
1.0566797273e-03
-2.1353109382e-03
-1.0361317070e-03
-3.2315615234e-04
-1.3338656304e-03
1.6682744831e-04
-4.8337352575e-03
1.4586246906e-03
5.5692177105e-03
-2.9445851301e-03
3.7276828257e-03
-2.1333455640e-03
-3.0158129181e-03
-8.2933647406e-04
1.4939893503e-05
4.2871455703e-03
1.4760330543e-03
6.5247408243e-04
-3.4052326250e-03
1.0727241708e-03
-2.9981846506e-03
-1.2251600052e-03
-2.2146803785e-03
4.1565861088e-03
1.8284926088e-03
-3.6622620720e-03
-2.4657462024e-03
-1.0755442237e-03
-1.4658516825e-03
-1.6236803123e-03
-4.1421521204e-03
4.8415865407e-03
-2.8119791758e-03
1.1154609035e-03
-3.9104698417e-03
5.8616728817e-05
1.3489035781e-03
1.5177023584e-06
2.4824857316e-04
-3.0818071507e-03
-2.5256420383e-05
-7.9840216460e-04
8.5315082976e-04
1.2214239757e-03
-3.9433158064e-03
7.9999614503e-03
-1.7730704825e-03
-4.4202040698e-03
6.0665385240e-05
2.2726070557e-03
-2.9966646985e-03
-1.4667849616e-03
-1.7607070555e-03
2.8476968273e-03
2.8949724351e-04
-1.9790514347e-04
9.1502016974e-04
1.7829980281e-03
7.4677037552e-03
-1.3766934771e-03
3.0777580828e-03
-3.8402246001e-03
6.2226253291e-03
3.4074255526e-03
7.0214183152e-03
5.1357056341e-04
-2.5674891352e-03
2.9577313414e-03
-1.8955312935e-03
9.4044463508e-03
1.7031367664e-03
1.4260293443e-03
-1.5291886112e-03
2.4502944784e-03
1.6447023510e-03
-4.3968621466e-03
-2.6307053916e-03
1.9466986813e-03
8.1302767106e-03
-3.0524817779e-03
1.8094208785e-03
-1.6543370501e-03
2.1831982580e-03
1.5930138866e-03
-1.5577943620e-05
-1.1688664881e-04
8.5376147485e-04
-6.0119341778e-03
-4.3752930519e-03
4.0415663877e-03
-1.2490915320e-03
1.4512793231e-03
1.4524434915e-03
-1.5594658364e-03
2.7619858211e-03
-7.4675892279e-04
1.2679317810e-02
2.1156357653e-03
3.0575005477e-04
-1.0937216988e-03
-3.2930347803e-03
3.4229606136e-03
4.3846950771e-03
4.7009939695e-03
-2.5336570285e-03
-2.6639643282e-03
-2.9579655715e-03
-3.4878143496e-03
4.5419395746e-03
-2.1528226629e-03
-3.3926501325e-03
5.0674992790e-03
-3.8814335661e-03
4.8184496708e-03
1.3158414940e-03
2.5704793010e-03
-1.0623799105e-04
3.2134473143e-04
2.9160636613e-03
-1.0900784593e-03
-4.2377436518e-04
1.6587782717e-03
4.7720928676e-03
6.4069408374e-04
3.5648897101e-03
8.4976759016e-03
-2.7055275572e-03
4.8303471654e-03
4.8825845641e-04
2.1946621372e-03
-2.6908971153e-03
-2.7415614601e-03
4.1826099383e-03
-1.5253175146e-03
3.7673830777e-05
-6.6246841141e-03
-3.8658841289e-03
-1.3900629048e-03
-2.1027481911e-03
3.8189491717e-03
6.8401992689e-04
-1.9781830927e-03
1.3842558501e-03
5.2412572744e-03
2.9656985885e-03
-1.3523264612e-03
-4.4554557766e-03
-3.2057389330e-04
5.1262987050e-03
-2.5596687445e-03
-4.0949460824e-04
-1.0139038599e-03
8.0420972435e-04
5.7126636285e-04
2.8702659719e-04
2.1632991362e-03
1.0784115188e-04
-7.9738594032e-04
1.2065361307e-03
2.5333576141e-04
-1.5432971916e-03
-2.9311581919e-03
-1.9147485689e-03
4.4063242941e-03
4.1840594552e-03
-1.7988260179e-03
-9.6299204462e-04
2.1639097887e-03
-3.7552974405e-03
-2.1261882723e-03
6.8229007155e-03
-2.9968601844e-03
3.7437542694e-03
-3.2958571150e-04
-2.5103565664e-03
3.3505204967e-03
-3.8607317565e-04
-2.9485906116e-03
-2.0510302801e-03
-5.0781773333e-03
1.2560394145e-03
-2.3179498537e-03
1.9578776184e-03
-5.3654203424e-03
4.3797352552e-03
-4.0195004480e-03
4.5796335790e-03
4.0640727158e-03
2.1098248817e-04
-6.1836399287e-05
-3.3710140238e-03
-1.2740204897e-03
-8.4672747878e-04
1.2211566414e-03
1.3472589646e-02
-1.1791814862e-04
-2.9529666798e-03
-6.0094210385e-03
-1.9335245226e-03
3.5784509638e-04
7.2933378951e-03
1.4070130548e-03
2.4222454636e-03
3.9239786057e-03
1.9802113341e-03
7.5976460567e-04
-2.2574889711e-03
1.2973113825e-03
4.4204571830e-03
-1.0739765222e-03
2.3481519000e-03
-1.8698845929e-03
-3.5153320573e-03
3.4675949614e-04
-1.5642043481e-03
5.0259445839e-04
4.3260116501e-03
-1.2352799029e-03
4.8650455012e-03
5.0134910896e-03
1.7262276019e-03
2.8018883200e-03
-5.2810192231e-04
-1.6987831092e-03
2.7959382362e-03
-5.2546192537e-04
-1.6941693290e-03
-8.6528719285e-04
-2.3515150267e-03
-2.6033504421e-03
-3.5521992421e-03
-3.6113049245e-03
-6.9379920323e-03
9.3860745991e-04
-1.4815559431e-03
-2.1754025299e-03
1.5266959824e-03
3.3513652939e-03
-2.0286336073e-03
2.6742633669e-03
1.9577962886e-03
-1.7005456354e-03
-3.1394475970e-03
-3.1528323555e-03
-2.8262969614e-03
2.8811861747e-03
-4.8787719733e-04
-3.6757909845e-03
-1.3547897020e-04
3.7329008096e-03
-8.2125169579e-04
-1.3956130546e-03
-3.5435121813e-03
-1.7165429897e-03
-1.0327928169e-03
-2.5837607820e-03
-2.5710010402e-03
-2.1484662554e-03
5.1112545327e-03
-3.0409347535e-03
-5.7173845936e-04
-1.5565787823e-03
2.1677383948e-03
-5.4994488508e-03
4.4209578804e-03
-2.1449048544e-03
-3.4113279399e-03
2.7110005026e-03
-1.6662306959e-03
-5.2363471322e-04
2.5387191137e-03
3.4795955236e-04
-2.1444534151e-03
8.8460307680e-05
1.0593550992e-03
-1.8508103924e-03
-2.9127460374e-03
-4.3000693763e-03
-1.7156676763e-03
-1.3820745519e-03
1.9407153097e-03
-1.9870454183e-03
6.4476212195e-04
-1.7327845818e-03
-5.4259452734e-03
-1.0877946188e-03
3.7164101380e-03
4.4419208189e-05
1.9737065033e-03
-8.8859765362e-04
1.6686414884e-03
4.4939313226e-03
-4.2496676673e-03
-3.8405088526e-03
1.9736803680e-05
-3.1171982754e-03
-2.5535394055e-03
6.2964273587e-04
-1.8856054891e-03
-1.2849732071e-04
-5.0880950662e-03
6.2499241752e-03
-9.2519077681e-04
1.7791615901e-03
1.0359160968e-03
5.7384857327e-03
3.0052476210e-03
-4.4880045734e-03
1.7714552902e-03
-2.0988251733e-03
-1.2422605131e-03
-2.4325642344e-03
5.3996471527e-03
-1.8326925783e-03
-2.5199076593e-03
1.2051498973e-04
3.3043996193e-03
3.5638627356e-03
-1.9073554445e-03
2.3083062495e-03
-7.8388547212e-04
-8.3351297356e-04
-1.7747190427e-03
1.4310390580e-03
1.4857427112e-03
-5.3197135076e-03
1.6061281619e-03
-5.3567228418e-03
1.0934467437e-03
-1.4396808255e-03
2.3835387412e-03
-7.9979192229e-05
-1.2998511755e-03
5.6237239918e-03
-2.6735485248e-03
-1.1602013514e-03
-7.0012964405e-04
-4.2210704598e-03
6.5408266509e-03
9.4682603512e-04
2.7485169368e-03
2.0015775136e-03
-7.5078543264e-04
-3.8131844140e-03
-3.3491796227e-04
-5.9393805768e-04
-3.0386437359e-03
-7.4784743452e-04
2.2802962865e-03
3.4361184845e-03
-3.7839328208e-03
-3.8611562578e-03
1.7586387462e-03
6.9258511657e-03
5.6614311970e-03
3.7082850688e-03
-2.1720285267e-03
2.7381765332e-03
-1.5316835066e-03
-3.6669856967e-03
2.0064362162e-03
-1.8615948715e-03
-2.9064187280e-03
-3.0011891730e-03
-3.5550134246e-03
1.8364355433e-03
9.8039769710e-04
6.9134299913e-03
5.6840244702e-04
1.2603087687e-03
7.8008503123e-03
1.9019200100e-03
-5.6726668377e-04
1.2954450150e-03
5.9295955547e-04
-2.8741693650e-03
-1.4770419110e-03
-2.2637773616e-03
-2.3349959682e-03
3.8114747028e-04
4.1050585803e-04
-3.3957453485e-03
-1.6537597624e-03
4.4265870057e-03
-1.0612606755e-05
-7.6297103188e-04
3.8346680118e-03
-2.2941098992e-03
5.3702062549e-03
1.0153061239e-03
5.0083385991e-04
-5.6788167736e-03
-1.8716313137e-03
3.9357331075e-03
3.4207461809e-03
-2.3675599184e-03
-2.6249027050e-04
6.1436170144e-04
2.0647688487e-03
2.9659338503e-03
8.5230128824e-03
-7.7616111551e-04
1.6234956946e-03
1.0613010092e-03
-3.6301361011e-03
-8.5249596943e-04
1.8857724571e-03
-2.3128354902e-03
1.3085065293e-04
6.7862108676e-04
1.1109631326e-03
-5.7023697150e-04
7.5351658976e-04
-2.6240796923e-03
-5.0260784426e-03
3.0505533647e-03
6.5697535112e-03
-6.3254530440e-03
-3.8068964179e-03
-1.6146385294e-03
-6.5852525554e-04
-3.1700447719e-03
-1.3197742865e-03
1.9189393571e-03
-2.2861126780e-03
-9.0179478208e-04
-5.4752193549e-04
1.6019512826e-03
2.3927166253e-03
-3.8119259467e-04
-2.1166725341e-03
1.0506998228e-03
-6.8699946741e-03
-2.5054267394e-03
4.1640665144e-03
9.0165868058e-04
5.7698273791e-03
2.1260105592e-03
2.3928150147e-04
-3.8464217999e-03
-1.9915307423e-03
9.6236345343e-04
1.2655512531e-03
5.1816070133e-04
-5.2959059620e-03
1.8299232555e-03
-5.4384837438e-04
-2.2907238476e-03
-3.4954976233e-03
3.2681188275e-03
7.7011271066e-05
-7.3189613424e-04
-2.3152157391e-04
-1.6195934604e-03
-3.8768791400e-03
-7.0778509859e-04
9.1929827782e-04
-6.2692342427e-04
5.8553408833e-04
-3.3315341278e-03
-1.9113626363e-03
3.5093303947e-03
3.0198779389e-04
1.0511573176e-03
2.0357760873e-03
-3.2084579330e-04
-1.1476502559e-04
-1.5711155914e-03
-9.4743950152e-04
-1.4721474343e-03
1.6810530436e-03
3.2978845840e-03
3.7583239261e-03
1.2514160471e-03
-2.0932172854e-03
-3.4982816142e-04
1.0551094906e-03
5.8943195180e-03
1.8406262470e-03
7.5938343961e-06
-1.5991039425e-04
-2.5550904447e-03
2.3994298196e-04
1.7680760872e-04
-1.8361078447e-03
-1.7622611638e-03
5.4034354498e-03
3.3330474753e-03
-1.5353808042e-03
3.5060406798e-04
6.3582176635e-03
-1.3621213893e-03
3.6374863343e-03
3.8649552004e-03
-5.2337996206e-04
-9.8336652256e-04
1.3571957568e-03
-3.7821393935e-03
-7.5073374927e-04
-2.5117365673e-03
1.1113992897e-03
5.2445363640e-03
3.5417402380e-04
-4.7108218588e-03
8.7660383035e-03
5.1592136874e-04
5.1641941364e-05
2.7924805286e-05
-5.5058098147e-03
4.3565500273e-03
7.5643691762e-05
-1.3006471150e-03
-4.7331198560e-04
-1.6853287613e-03
3.6779552701e-03
2.6235667217e-03
-4.4732704995e-04
2.7848827892e-04
-1.6407459808e-03
4.9158021377e-03
-5.6737902050e-03
-2.5853692062e-03
-2.3854022158e-03
-6.0577482480e-03
-3.5654968864e-03
-8.5455568142e-04
-7.1093598482e-04
1.2365642300e-03
2.9535533847e-03
-5.3999833991e-04
-3.1078243681e-03
-5.0796967609e-03
3.0958663038e-03
-2.8084001608e-03
1.0869531718e-03
-1.7601431271e-04
4.4003213158e-04
-9.0039508290e-04
-3.8880577978e-03
2.1474782729e-03
-2.6977438967e-03
-4.5698550001e-04
-1.4585029660e-03
1.5579526619e-04
2.0562172764e-03
-2.8787562391e-03
-2.0268023714e-03
2.2843348784e-03
-4.9168564975e-03
-2.6439128720e-03
8.6176196639e-03
-9.4323136082e-04
-2.1443319789e-04
-2.5731309374e-03
1.2624362156e-03
-2.1623737677e-03
-2.8988642537e-03
-2.8789191951e-03
1.9893046828e-03
-2.6894803645e-03
-3.6018558437e-04
-7.4140316362e-03
6.7633679195e-04
-6.3036635687e-03
-7.5666196438e-04
1.1256664496e-03
2.7631750364e-03
-2.5564048315e-03
-3.9311503957e-03
-2.2191484515e-03
-1.6514224607e-03
-5.6983356475e-04
-4.0057450082e-03
-5.2709680968e-03
3.2513339733e-03
-3.3715660550e-03
-2.8859709925e-03
4.9104240939e-04
1.8986249198e-03
6.6593639966e-03
5.0940856840e-03
-1.6796892768e-03
-3.1318288498e-03
2.3858056103e-03
7.1964323334e-03
-1.1262190153e-03
1.3293973044e-03
-4.3034024995e-03
-3.9223241717e-03
-4.5281460069e-03
2.6930765625e-03
3.5295668720e-03
3.2188546041e-03
-3.4882874489e-03
1.0425771884e-03
-3.9357238418e-03
6.1934018911e-03
7.0842726261e-03
-2.9314731361e-03
-8.8280975568e-04
-4.8078197257e-04
7.2567675435e-03
-1.7998067412e-03
4.2899482079e-03
-1.4221938291e-03
5.0588132577e-03
1.6182926963e-04
3.7373142928e-03
-1.3473258699e-04
2.7627456761e-03
3.0012415099e-03
-4.8915131852e-03
9.8375133769e-04
3.0185479090e-03
2.3485728945e-03
9.6314046489e-04
3.2463792207e-03
3.0312496871e-03
1.0404728266e-03
-2.9210210298e-03
2.3979307123e-04
-3.4665755127e-03
-6.9853708966e-04
7.0266386355e-04
8.9472269495e-04
5.4397648184e-03
9.9057946565e-04
-1.3328672261e-03
-3.4380804412e-03
-5.6751555664e-04
-1.1457387317e-03
4.8249915942e-03
5.6972950894e-03
-3.9230076746e-03
-4.2955316886e-04
6.5415713616e-03
4.1071273868e-03
-3.2311847975e-03
-1.9302868144e-03
-4.5076545250e-03
-8.3882793354e-04
6.7570009163e-03
-5.0671647656e-03
-3.2461094929e-03
-3.6788849478e-03
-1.0581100914e-03
4.9419773675e-03
-6.7320450644e-04
-5.0657762307e-03
-1.4644576311e-03
-8.7294020015e-04
4.9081729393e-04
5.9586355809e-03
3.3199768547e-03
1.4936628690e-03
-4.3150259346e-04
4.2455230873e-05
5.5460821574e-03
-2.6413092038e-03
8.0039540238e-03
-3.0360316837e-03
2.3077181956e-03
6.6685301346e-04
4.8011259016e-03
-9.2327642982e-04
-1.0755892194e-04
-1.7098813042e-04
3.2697511004e-03
-1.5985703928e-03
-2.7473621575e-04
-2.2031488204e-03
2.8280283793e-03
-2.7050382466e-03
6.2646687915e-03
3.7541301918e-03
-2.6385411893e-03
3.2890764949e-03
-1.4253689817e-03
2.1735336971e-03
4.9801769011e-04
-2.9662329345e-03
1.9922463496e-04
9.0585227662e-03
2.9145703596e-03
2.1194990217e-03
1.2979065124e-03
3.0969090925e-03
1.1536064876e-03
-5.2274868784e-04
-4.2399835885e-03
-3.8653211129e-03
-3.5554676241e-03
5.3433690524e-03
8.7759134463e-04
-4.1369091998e-03
1.0089898997e-03
-1.7463537117e-03
-3.4302044055e-03
1.1137768269e-03
3.2800422791e-03
-2.6956970049e-03
1.0342686768e-02
-1.6059744349e-04
-1.9011529773e-03
-6.0374894189e-03
-1.3722633719e-03
-9.6219380453e-04
-2.8204534819e-03
-1.3090190771e-03
-1.6371333399e-03
-3.9953026020e-03
1.5324046549e-03
8.8458340258e-03
1.4281256570e-02
2.4746494978e-03
-7.3852939969e-04
-8.5585534085e-04
1.2462911670e-03
-6.5307053144e-04
-3.1437822653e-05
-2.8527472643e-03
6.8703456671e-04
1.0617799341e-03
2.0554658505e-03
6.1796480514e-03
2.8135081558e-03
-2.5846004863e-03
1.9940818166e-03
2.2830754471e-03
9.9320507015e-04
1.3703305110e-03
2.2767945942e-03
3.9026563034e-03
-1.4408262212e-03
5.2923294007e-03
-3.5253839714e-03
-2.2410364761e-03
1.2577388749e-03
1.3172436250e-03
2.5894738614e-03
-1.2952561861e-03
-3.9595443356e-04
4.1385553091e-03
-1.0896643526e-03
-1.3964928451e-03
2.4957369735e-03
-3.3571145939e-04
4.6000903674e-03
-5.7839678004e-03
1.5242572740e-04
-2.0234883482e-03
-2.7187933766e-03
2.7295912211e-03
6.1352075840e-03
4.5637622372e-03
3.8590634052e-03
-4.6430571543e-04
-1.3139312261e-03
-1.6218661866e-03
-2.8715961701e-03
1.9120829158e-03
1.7884927738e-03
-2.5227398402e-04
2.2930824374e-03
-1.9296908179e-03
2.2530004936e-03
-1.4513751251e-03
-9.4795583089e-04
6.6257429217e-04
6.5364818272e-04
-2.0241553439e-04
1.7329818768e-03
2.9167359882e-03
2.9629284762e-03
5.0221932171e-04
3.3624498834e-03
3.8155663001e-03
-1.6793524219e-03
-3.2722103128e-03
-3.4583744300e-03
-1.3219872023e-03
-1.5017254185e-03
-1.1949429763e-03
-1.3724415808e-03
-1.6636364671e-04
-3.3483500964e-03
4.6341642551e-03
-1.6228743110e-03
2.1984588568e-03
-3.6971863782e-03
-3.7398969585e-03
-3.1863986565e-03
-1.1902663670e-03
-6.7601700143e-04
3.8781238872e-03
-1.2862755966e-03
1.0081065506e-03
1.5504688002e-03
-1.8941528538e-03
4.0201928908e-03
-3.6942114322e-03
2.2817306617e-03
-4.3754570282e-03
1.5010759226e-03
-1.0522328744e-03
6.8186503929e-03
-1.5483912009e-03
2.0559325851e-03
2.0753082383e-03
9.0782305487e-03
3.3221490239e-03
6.0105964262e-03
-1.4705372084e-03
4.0551698548e-03
3.8560049586e-03
1.7636072374e-03
-2.0130353717e-03
1.9355993337e-03
-2.5796297560e-03
6.3257673027e-03
1.0635408981e-03
-2.4126296931e-03
3.0180879827e-03
-2.6652173777e-03
5.9055999045e-03
-4.3380758904e-03
5.0009887011e-04
2.4915126173e-03
-5.9940621826e-04
-7.1758456938e-04
6.4299536763e-03
-1.3842434226e-03
1.1334785580e-03
1.4064048186e-03
3.4670829016e-03
-3.3965339797e-03
1.1142805062e-03
-6.6955183679e-03
-6.8302452350e-04
1.3067410291e-03
3.5789026700e-03
-5.5764662964e-04
1.5627362942e-03
-4.2355857738e-03
-1.3420729510e-04
-2.6062676524e-03
-2.6523732623e-03
4.1943489897e-04
-2.5593194016e-03
8.6912032086e-04
-2.7303663394e-03
4.1978182833e-04
1.6215430642e-03
5.3923511483e-03
-3.8334601914e-03
4.8216451725e-03
-7.9551031740e-04
3.8292006066e-03
-6.4220371581e-03
-4.8178138835e-03
-4.2146858544e-03
2.5602116075e-03
9.2429747992e-03
-7.6601442297e-04
7.0472863763e-03
-9.1982615910e-04
-1.6849801375e-03
-2.5983019247e-03
4.5160515460e-05
4.0082547196e-03
2.2396565799e-03
-1.6712977208e-03
-2.7508276994e-03
6.4248019570e-04
-3.2897169816e-03
7.1092524866e-04
-3.3033332189e-03
1.4993421155e-03
-1.7209749317e-03
1.2490162187e-02
-4.7700950497e-04
-3.0895558648e-03
-1.8188972296e-03
-1.6828444589e-03
1.1540551352e-03
-2.7853859167e-03
-1.1864081445e-03
-1.7420212815e-04
-2.2388678371e-03
-5.2194828658e-03
5.1092759991e-04
-2.3085569167e-03
1.3194833335e-02
5.1883413387e-03
5.5629061216e-03
-1.4097664020e-03
-2.7818276923e-03
2.8120994573e-03
5.3804379980e-03
7.4663372524e-04
-5.6063659244e-04
-1.8558110166e-03
1.3542953035e-03
-4.2819723036e-03
6.0071497691e-03
6.5956124959e-04
4.0673191545e-03
-1.3933905837e-03
-3.0199627959e-04
-3.8014244892e-03
3.8518044792e-04
4.1887020845e-03
-2.5661948139e-03
-9.5571189293e-04
-3.1344001050e-03
9.1557392022e-03
-8.3090372146e-04
-1.8621765545e-03
3.2193639577e-03
-1.3483655554e-04
-3.5076032580e-03
3.4141026752e-03
1.8480587078e-03
-6.0064457868e-04
2.8827689629e-03
3.0459039424e-03
-3.1763925322e-03
4.3791669338e-04
2.1602508337e-03
-3.3710243710e-03
5.0268566274e-03
6.3872084751e-04
-4.4890541491e-03
3.8179378284e-03
-2.0784122681e-03
-2.0341629799e-03
2.1853126633e-03
-1.3013752667e-03
1.1166054713e-03
-2.0179491377e-04
4.4544438276e-03
-1.6032034408e-03
-1.7465137888e-03
1.1936097645e-03
4.1585591072e-03
-2.9705493587e-03
1.3839683980e-03
1.4599120753e-03
-7.9269500110e-04
3.6659797709e-03
-2.5406738095e-03
-5.0299901849e-03
-7.0265554695e-04
-4.3392606837e-03
-3.0072979892e-03
4.4674766593e-04
4.1274552273e-03
1.5744768069e-03
2.1587991694e-03
-1.3274346561e-03
3.3675835064e-03
-1.5575830139e-03
6.8337634440e-03
-1.1826401841e-03
5.4430469750e-03
-1.3971881524e-03
1.3908075334e-03
1.3479819902e-03
-1.2279279842e-03
3.6177405210e-03
7.8521815094e-04
3.8651420361e-03
5.9430885645e-03
-4.1007517865e-04
8.0500309492e-04
2.0386527678e-03
3.5114315611e-03
7.3988500068e-04
1.3766343568e-03
-4.2500861357e-03
-4.2334112184e-04
-1.3565098431e-03
1.3342316291e-03
8.3604750575e-04
4.0920224525e-03
-1.4756194041e-03
3.5426767131e-04
1.1567607711e-03
8.4444873625e-04
1.9746842454e-03
6.4299090012e-03
-2.0846832379e-04
-2.7203824689e-03
-1.3709973315e-04
-4.4540977607e-03
-1.8250406257e-03
-1.3893561864e-03
5.7523453960e-03
1.6097370915e-03
2.5285301939e-03
-1.4730719272e-04
6.5004527082e-03
2.1557212881e-04
-4.8249421550e-03
1.8443317965e-03
-1.9485549216e-03
2.1506489266e-03
-1.6564382766e-03
7.0185262610e-04
-5.0094304893e-04
-1.1232076580e-03
-3.0110983319e-03
-1.3785845774e-03
-1.4001042508e-03
6.0945338425e-04
-1.3200518249e-03
3.7179683226e-03
-1.5909246335e-03
-1.2429953455e-03
-4.2598660670e-03
-5.8669275323e-04
3.6111029158e-03
-4.5195072342e-03
-4.9937700166e-03
-3.7079927618e-03
4.5420375150e-03
-3.0062605014e-03
6.9242203652e-03
-7.7659682977e-04
1.7648135675e-03
6.2453536238e-04
6.5775603747e-04
5.0781769137e-05
-6.1010165514e-05
-4.3554479084e-03
-3.8418554483e-04
-2.9701866998e-04
-4.1420375236e-03
-3.0793865139e-03
4.4642885651e-03
8.1097723679e-04
-5.1867290896e-04
-2.8561977167e-03
-2.7003987845e-03
2.6820220975e-03
-4.0480347198e-03
5.2372919202e-03
-1.2281035271e-03
2.0071311540e-03
2.7326336497e-03
-3.8592292470e-03
-8.7870082849e-04
-1.4759372362e-03
-1.8729211548e-03
4.2164454614e-03
2.8815981930e-03
-1.7528090742e-03
4.4373990758e-03
-1.1476360626e-03
1.3348271728e-04
-1.0109955553e-03
2.1034057898e-03
1.7090632411e-03
-1.2557627830e-03
-3.9509356407e-03
-2.2862906151e-03
6.4568050465e-04
5.8211276141e-04
-3.9099647150e-03
2.2773148353e-03
6.5057401170e-04
2.2406837414e-03
-3.4993734409e-03
-2.5675363353e-03
-5.3230108395e-03
-6.8308458898e-04
7.5104709067e-04
-2.9007945634e-03
4.1982783957e-03
1.5544661121e-03
-1.1070086723e-03
-8.7684449426e-04
-1.6446858525e-03
-1.3029092900e-03
-2.6786331828e-03
-1.5926006471e-03
-6.4799750011e-04
-2.8659520941e-03
-4.2842415634e-03
-3.1965266428e-03
6.1263024067e-03
-2.7141780808e-03
-4.0027473880e-03
-1.3330779634e-03
-4.2883302256e-03
-3.3291424592e-03
-4.4984953713e-03
-6.1912465981e-04
-2.5276817344e-03
9.0208113644e-04
-1.0539552263e-03
-2.0715731363e-03
2.0907395570e-03
-4.3581527268e-03
3.3044418829e-03
1.9616170627e-03
-1.7052863706e-03
-2.4765171462e-04
-1.6286541603e-03
-2.3035418001e-03
6.5656958286e-03
2.1386141343e-03
-3.3882440230e-03
3.5626412547e-05
-2.5188025026e-03
-8.4557270310e-05
3.8706825253e-03
1.5122816327e-03
1.4717646969e-03
-2.2012693681e-03
-1.0836604965e-03
-2.2873079143e-03
1.0159117869e-03
6.0896829681e-03
-1.9053132583e-03
2.1823109526e-03
8.9236769949e-04
-2.0629158841e-04
5.0148967568e-03
-1.1650415814e-03
-1.9765751219e-03
1.0349159803e-02
-2.9124452558e-03
-4.6608628297e-03
1.3284692596e-03
-2.5505366966e-03
5.0972572910e-03
-1.7413358596e-03
-1.7473518022e-03
3.0466400679e-03
3.0237217746e-04
7.5874372871e-03
-1.9648574751e-03
2.6518991089e-04
-6.4850404506e-03
-1.8722368197e-03
3.2766289243e-03
-3.9290948412e-03
-1.6185406109e-03
5.9099624222e-03
-1.7702948957e-03
-9.6471524503e-04
3.0903703436e-05
1.9900346738e-03
4.0439728605e-04
5.7532552703e-03
-2.5841936933e-03
-6.3851887551e-04
-9.1972653077e-04
3.4400926733e-03
5.7293042121e-05
-2.2745220384e-03
-4.0109521773e-03
5.8187899871e-03
-3.5931636733e-03
-5.3731739386e-03
-4.7635315889e-04
-1.3172928745e-03
-1.1463086908e-03
1.8704961605e-03
-6.8791607385e-04
5.1477256633e-03
4.0274214039e-03
-1.5426812690e-03
1.1316663471e-03
6.9974872736e-04
4.8389273498e-04
6.0591175171e-03
-1.2630299463e-03
-1.8215092741e-03
1.1430710753e-03
-2.6123617840e-04
3.1537906844e-03
1.1926289917e-03
2.9349943399e-03
2.3942100857e-03
-3.7806826206e-03
-1.0467217802e-03
-1.2663607521e-04
1.4906120848e-03
4.9800183511e-03
-3.2461318466e-03
1.7642050382e-03
2.2574881800e-03
8.3303107784e-04
8.4844951100e-04
-1.9382418424e-03
-1.6527886245e-03
-2.4633363022e-03
4.6293031965e-03
7.7052716211e-04
1.0426068644e-03
3.2317236732e-03
-2.5501278220e-03
-1.6692365489e-03
1.6021345061e-04
1.2076622493e-03
-1.1777594094e-03
-4.8358661689e-03
5.5785343276e-04
4.0208748010e-03
1.9715100543e-03
-2.6549830053e-03
7.6987666023e-04
-2.7020473453e-03
1.8680607771e-03
-1.6520293753e-03
1.6530168860e-03
-1.7102567864e-03
4.7249504068e-03
-2.1484976465e-05
1.2537277270e-03
-3.9931558620e-03
-4.7439759626e-03
-1.5526892149e-04
2.4706773506e-03
-4.6584729971e-04
2.0880663716e-03
4.7229476607e-04
1.9680555311e-03
6.4291351440e-03
-1.9647100276e-03
-3.9128783160e-03
2.2065735634e-04
-1.0887675375e-03
6.3835654216e-03
-3.5038198048e-04
-2.5726929718e-03
-4.3239934249e-03
-2.1172777476e-04
4.9454362607e-04
-3.2261387561e-03
-6.6481656477e-04
-2.0245681464e-03
7.5926029775e-03
-1.9755158130e-03
-5.0475053645e-03
-2.1849483838e-03
-2.7531243289e-03
-3.1943860920e-03
1.8816510902e-03
-2.4730181965e-03
5.8428514934e-03
1.2855298322e-03
3.5934096495e-04
-2.3554695344e-03
-1.2163225331e-03
-2.1459272137e-05
1.3890427446e-03
3.8347898620e-04
-2.0918795770e-03
3.0305788162e-03
2.0287993804e-03
-3.2134892380e-03
1.3519562048e-03
-2.4685001837e-03
-3.6710190695e-03
1.5237923241e-03
1.6398643427e-03
1.3028282247e-04
-4.2535895666e-03
-3.1404070545e-03
-3.3026779703e-03
1.6156370516e-03
-8.8047970004e-04
-4.9903600908e-04
8.2275496255e-04
2.1590694350e-03
8.2265725105e-05
3.1305045198e-03
-2.9672765666e-03
-3.3133522281e-03
-3.8132133629e-03
-4.0385396771e-04
-2.8179392923e-04
-2.9902270772e-04
-1.4747819710e-03
-3.0971968502e-03
1.7420858726e-03
5.6322478454e-03
-4.2757717583e-03
3.4088413705e-04
2.6102014457e-03
7.2528057684e-03
5.7883079696e-03
-2.8818494256e-03
1.1222501592e-03
-2.3751988847e-03
9.5501534333e-04
-3.2567562259e-04
5.1489255207e-03
-4.1279430716e-03
1.8402202241e-03
-1.3918376672e-03
-3.6886986888e-03
-1.7205050000e-03
-1.7871105415e-04
-2.5639581615e-03
2.3426742458e-03
5.4343555695e-04
4.3632444088e-03
3.0331156273e-03
-2.6946128145e-05
-4.0986249956e-03
-1.0368047229e-03
-3.6550392674e-04
4.0992805596e-03
6.5857961631e-04
3.7049106744e-03
9.4202898152e-04
1.5428514078e-03
-2.6494898875e-03
-1.4731436534e-03
-3.6763867268e-03
3.2870272481e-03
-1.7077064583e-03
-2.5836573975e-03
-2.0020797877e-03
2.3831086737e-03
-1.3056815989e-03
-2.6829243753e-03
2.8057871464e-03
-3.7785353696e-03
8.0797986666e-03
-1.5516140321e-03
-7.0812706908e-04
-3.5290029707e-03
3.1505313979e-03
-2.8366574835e-03
1.2557934114e-04
4.4982487840e-03
-1.4313858625e-03
-3.9560441210e-03
1.0505951116e-03
-2.1685913685e-04
-2.4101857634e-03
3.9656954401e-03
-5.0805766188e-03
-3.0627290335e-03
-8.0137465282e-04
-3.5205514115e-03
-2.0006920410e-04
2.8957618006e-03
-1.2971402101e-03
-7.1339105293e-04
1.8507910495e-04
-6.0063517447e-03
-1.8064297781e-03
4.3804675871e-03
1.0224482389e-03
-3.9166079090e-03
5.1477638081e-04
1.1962921055e-03
1.1333626822e-02
1.4263379891e-03
4.9862837276e-03
3.5061172903e-03
1.1252056467e-03
3.6814024588e-03
-2.3656610700e-03
-1.7173895535e-04
-3.8634346182e-05
2.2475967878e-03
-1.3051362371e-03
5.2699862934e-03
-9.5941081149e-04
2.2368439774e-03
2.0372912601e-05
4.9631559816e-03
7.7027602160e-04
-2.7328346692e-03
1.2592690435e-03
8.9521777187e-03
2.9536736794e-03
-4.9321493111e-03
-2.3840166625e-03
-2.8150508741e-03
9.5510100903e-04
4.9662468781e-03
4.8231020346e-03
-4.6419023794e-03
7.0265833519e-04
-1.2516621066e-03
5.1428006348e-03
-4.4494843803e-03
-1.1627355393e-03
-6.1425495836e-06
-2.9136119746e-05
7.4225391571e-04
1.0411152458e-03
2.8503315583e-03
-1.8671708113e-03
1.2794366702e-02
1.5676296375e-03
4.5686464308e-03
1.9999969844e-03
2.0113735556e-03
-5.4271640800e-03
-1.2525221476e-03
-2.3672691025e-03
-1.8596933006e-03
9.0713435002e-04
2.8137485076e-04
5.0549881336e-03
1.0130839596e-03
-2.1494527668e-04
-2.2010828233e-03
4.6647812910e-04
-7.9412969558e-04
5.9530565866e-03
7.1533052047e-03
-2.6199305757e-03
-1.5873303052e-03
7.8135335102e-03
-2.6067352436e-03
-3.7620671023e-03
-1.8976956657e-03
3.4146547989e-03
1.4063867208e-04
2.0089030501e-03
-3.4202597910e-03
-1.3299396159e-03
2.1821743271e-03
4.1573578503e-03
-2.5156922651e-04
5.3645551929e-04
-3.2818287985e-03
-2.9424639255e-03
-7.0117665557e-04
7.5800014325e-03
4.6760757208e-03
-1.8032116124e-03
6.9816624553e-04
-1.1049317348e-03
-2.0200378054e-03
-3.3319323372e-03
1.0621123448e-04
3.5972906412e-04
-3.4927611134e-03
3.6195302448e-04
-4.1659243673e-05
-4.3769068180e-03
-4.4456942383e-03
2.4522980848e-03
-4.7859946827e-04
6.2916222781e-03
1.5880924671e-03
4.6901104743e-03
-7.9153312966e-04
-2.3151186545e-05
2.6663317831e-04
4.5868811771e-03
-1.4931049534e-03
-3.9193662995e-03
1.2800108438e-03
3.4054919980e-03
-2.3322667480e-03
-8.2547219312e-04
-8.3519068454e-04
-2.8034555542e-03
4.0222564509e-04
1.1538473063e-03
-3.3222838715e-03
-1.3470277971e-03
-5.4942498723e-03
-3.8073758281e-03
-1.3378168400e-03
-2.9379497420e-03
7.7302091235e-04
7.3602996540e-03
4.8517728626e-03
1.5780200278e-03
1.8399810274e-03
3.3187167309e-04
-4.9959266155e-05
9.6259023436e-04
-3.9302057813e-03
2.4695525247e-03
-2.1024572739e-03
-7.1772066551e-03
-2.0414355620e-03
-2.9417997203e-03
3.2006377332e-04
-4.3018793229e-04
-1.2052132418e-03
3.0601671479e-03
-4.8241445712e-04
-3.8484528543e-03
-2.0951700165e-03
-5.5372984092e-04
6.8526005350e-04
-1.0572213810e-03
7.0333587734e-03
-4.2627860863e-03
-1.9294536960e-03
3.0436781980e-03
6.0165222380e-03
-3.7981633780e-03
-9.1205507856e-04
7.2557682482e-04
-5.0916702826e-04
9.6365524523e-04
-2.2222262186e-03
4.1616371045e-03
8.1364655405e-04
6.0737911134e-03
2.3604208993e-04
-4.9491365987e-04
1.6915680185e-03
-8.2438591906e-05
-2.1968075356e-06
8.9892041271e-03
6.1431457226e-03
-5.7046972289e-03
2.3908395154e-03
6.2383919566e-03
-7.9503757560e-05
9.2720729052e-03
1.0813661468e-03
-8.3602817984e-04
-4.6866674406e-03
-1.6327570826e-03
4.5931716087e-03
-5.7695625203e-04
-4.7576684867e-03
-1.1135318746e-03
-1.5921364119e-03
2.5571782897e-05
-1.5956495345e-03
6.4498274679e-03
-3.1539374930e-03
4.5822370287e-03
-2.8758221683e-03
-9.4252631803e-04
-5.8024953365e-03
-3.2717061204e-03
3.2973676909e-04
3.6585114414e-03
-9.4687020571e-04
1.1039222544e-03
-8.9665309778e-04
4.9292485596e-04
5.3211160417e-03
4.3369498675e-03
-2.0980662160e-03
-4.0727140253e-04
-2.8727066300e-04
-2.3225037986e-03
-3.2006285020e-03
-4.1962135512e-03
1.6266265031e-03
2.0070440517e-03
-7.0320823907e-04
3.2365596757e-03
-2.4462493439e-03
-3.2239093706e-03
2.1575698762e-04
1.4107100817e-03
-2.1800109123e-03
7.1119021447e-03
-5.1080872794e-03
1.1707987319e-02
2.6809400487e-03
-3.4982382651e-03
1.4727368718e-03
-1.0244054031e-03
-2.2577945207e-03
-2.5588401406e-03
-1.5712989874e-03
1.6750270126e-03
-5.5593728993e-03
-4.8011468620e-03
-5.8162732417e-04
-4.4981817123e-03
-1.8153255374e-04
-7.0713613918e-04
7.7001873744e-03
2.8869226264e-03
-3.1172455190e-03
-2.3368661282e-03
-1.8063055528e-03
-2.2430394722e-03
-5.7467843698e-03
1.0394212920e-03
-6.3046835936e-04
5.5400559420e-03
7.7594722652e-03
-1.6539799441e-04
-1.7277353691e-03
8.9416738690e-03
-4.1356454269e-04
-1.9048529434e-03
5.2299233050e-03
1.0213596240e-03
8.2252687079e-04
-2.8951343686e-03
-8.1883957593e-04
-1.9325143842e-03
7.6997117661e-03
-2.2198183310e-03
-3.7478416541e-03
-1.5111296160e-03
6.6072792060e-03
1.9691304581e-03
2.1071512173e-03
-9.9956544048e-04
-3.0497449043e-04
7.4774168494e-03
1.5640485007e-03
1.9685955233e-03
1.1292184737e-03
4.7706521213e-03
-9.8830543394e-04
-4.3542393007e-03
2.0007919584e-03
-2.0158322933e-03
-2.5242591781e-03
1.6060789415e-03
-4.2342846584e-03
5.4557338308e-03
-3.1269782135e-03
-3.2954048073e-03
5.0797299616e-03
-3.1918492673e-03
1.6553699900e-04
5.6665397071e-03
-9.8165173695e-04
5.8668636708e-03
2.8503539524e-03
1.8785044477e-03
-2.1949669240e-03
1.2212879526e-04
-7.8968466962e-04
7.1609596418e-05
5.0853081524e-03
-2.5107699540e-03
3.6896411473e-03
2.7732415402e-03
-7.5988699464e-04
-3.0225252587e-03
-2.5341907947e-03
2.5684388966e-03
1.5123825883e-04
1.0302655793e-03
-3.7860510023e-03
3.2149754418e-03
4.0420353055e-03
-1.6860787513e-03
1.7199731828e-03
5.7381287228e-03
-4.2200286181e-03
-4.0894553777e-03
-3.6501236318e-03
2.4408544553e-04
1.1879981381e-02
-3.5829130635e-03
-2.1772545397e-03
-2.8583062525e-03
2.0083296045e-03
1.0701703028e-03
-4.1384344062e-04
6.7637260287e-03
6.4231871176e-03
-1.5220989303e-03
-2.3982883255e-03
2.5936695394e-03
9.5454289710e-04
-4.4599571199e-04
-4.5710667714e-03
4.6652818642e-03
9.8129995869e-03
5.8819931513e-07
-2.8101738069e-03
-6.6671591866e-04
1.1745112139e-03
-3.6475047913e-04
-2.8089269401e-03
1.4397633826e-04
-1.6142408974e-03
6.0314124150e-03
1.8333317483e-03
-3.3044542800e-03
-7.8814132279e-04
2.3532061675e-03
-2.4404071142e-03
-1.9205345556e-03
4.9271946214e-03
3.8584325360e-03
-1.5966089053e-03
-8.2033836219e-04
-3.0617725854e-03
-3.6069042670e-03
-4.4845851449e-03
-3.9339175535e-03
-2.2482078390e-03
-3.3339557249e-03
-1.2535364146e-04
-7.6042110066e-04
8.5389984837e-03
-3.2120373286e-03
5.2969510964e-03
-2.7937030135e-03
4.2792067028e-04
6.3212406947e-03
-1.7200736575e-03
1.5300818402e-03
-5.5320569308e-04
-2.2901462420e-03
-1.5688805543e-03
-1.0478679643e-03
-2.0393684958e-03
-1.7585391037e-03
-5.5436703830e-04
5.8521415805e-04
1.3207798227e-03
8.6049050180e-04
-8.3293835843e-04
7.1853707212e-03
-3.2351924648e-04
-2.9920644883e-04
-3.4153203438e-03
-1.6792549287e-03
-2.0853484546e-03
-3.6473036782e-04
-6.0421166698e-03
1.2195323157e-03
2.3074371341e-03
-3.3952077784e-03
5.3959759449e-03
4.6725283580e-03
-2.3233316988e-03
3.6324708996e-03
1.7719297573e-03
2.1691884721e-04
4.6151339488e-03
-2.7074398877e-03
6.1116942385e-04
2.1670333347e-03
2.7653163132e-04
-4.3525794005e-03
1.5143892719e-03
-2.5385187688e-03
6.2957651475e-04
8.6310827176e-03
-5.2334669848e-03
2.4240645167e-03
3.3925309269e-03
1.8466478020e-04
3.0114203635e-03
6.7953421606e-03
-4.2954028004e-03
-1.7836068436e-03
8.3570722668e-04
5.1391405403e-03
3.8544693204e-04
-8.3932984044e-04
-1.5636071279e-03
1.3583195029e-04
2.9227067712e-03
-1.3432589857e-03
-9.8912978587e-04
1.1749229371e-05
3.3332802662e-05
1.7050217318e-03
2.8422085228e-04
-1.1543865478e-03
-5.5323774249e-03
-7.4733088295e-03
-7.6435466090e-04
4.3121013377e-03
-3.6488069144e-03
1.6001229907e-03
-4.1548398605e-03
-1.4209345030e-03
-5.2579187215e-03
-3.1187463520e-03
1.7740037278e-03
-2.2520772827e-04
-2.4344716885e-05
-3.2714662297e-03
-3.5011309847e-03
-2.2919399158e-03
5.1072004962e-03
2.5956693818e-04
-2.5718204075e-03
6.9289515988e-03
-7.4923736765e-04
1.7245975109e-03
-1.6201747975e-03
2.0334697139e-03
-8.6227463800e-04
-3.5146931072e-04
-1.4551030511e-03
3.9426607446e-03
6.7440086648e-03
-2.3949395437e-03
3.4107935853e-03
-1.0514179467e-03
-1.3746733105e-05
-2.8640104886e-03
-1.9223179674e-03
-2.8098244933e-03
-1.9825396865e-03
4.2330759615e-03
-4.9880402123e-03
2.2385657334e-03
2.5700999468e-03
1.1566062781e-02
3.1714985216e-03
2.0161167208e-03
-1.2016594239e-03
3.4557201785e-03
-3.3852467076e-03
-9.1685809635e-04
8.7265531659e-04
1.1419154941e-03
2.7059758623e-03
-1.5524847569e-03
-3.0545130508e-03
5.9140181519e-03
1.6988826904e-03
-2.9190183403e-03
-8.4662436638e-04
-6.7281566179e-04
9.9494679491e-03
4.4310122502e-03
-2.7685771531e-03
-3.1191093502e-05
6.0247421860e-04
-3.5566734070e-03
-2.3515319749e-03
3.3111331568e-03
-1.3107659633e-03
-4.1611389266e-03
1.1752975868e-03
-2.8795655958e-03
-7.0431661423e-04
-2.3324485585e-04
9.2459839194e-04
2.6851888871e-03
2.5662200076e-03
-1.4798079808e-03
3.5297526495e-03
2.0155012450e-03
-2.7864347990e-03
-3.1775802995e-03
-4.9296874053e-04
7.0852363482e-04
-3.2238629829e-03
-2.2784733007e-03
7.4326290737e-03
-3.4227107836e-03
-4.1438397517e-03
-5.1605371534e-03
-2.9708059496e-03
6.8516975093e-03
1.3746995220e-03
2.0112292667e-03
4.2709158407e-03
-1.5288429358e-03
3.4376851066e-03
6.5190790540e-03
4.8523589219e-03
3.1966226178e-04
-3.4973879422e-03
-5.1414165498e-03
6.2349745096e-04
-5.8543600559e-03
1.0082036152e-03
-4.2159265825e-03
2.1878201106e-03
5.5453454923e-03
4.2359451977e-03
2.5241369843e-03
-9.4061881563e-04
-8.2886218168e-04
-3.9758036874e-03
2.2382691006e-04
-1.3945155096e-03
-2.6528777371e-03
-4.0895633223e-03
2.3141458407e-04
-6.0333190736e-04
4.4898285215e-03
7.3334963509e-03
-6.6459605994e-04
-2.4973462654e-03
4.5715707664e-03
-4.4116131743e-03
-5.8722181514e-04
3.8458521930e-03
-1.6455191804e-03
-3.3329622423e-03
2.8330703588e-03
3.6163533227e-04
-4.7478810340e-03
-3.2058280921e-04
8.7508854558e-04
-2.4231772130e-03
-9.5617937477e-04
-1.8518335033e-03
-4.0892747333e-03
1.0622934758e-03
8.4226773223e-03
-2.4317416322e-03
-2.4227107918e-03
-1.6618231870e-03
-2.4556000736e-03
-2.3998066560e-03
-2.4485738906e-03
-1.8616973060e-03
-2.6973930858e-04
-1.4338100079e-03
2.1241332995e-03
-2.0147182687e-03
3.1022832979e-03
2.1101686187e-03
-3.2625922872e-04
4.1537099066e-03
-2.4738916750e-03
-4.7717704055e-04
2.9867410481e-03
2.2206000216e-03
-2.7308567248e-03
-1.1378886661e-03
3.5423753098e-03
1.7539638953e-03
-2.2885859853e-03
-4.6032216282e-03
-3.5661816341e-03
-1.5585185934e-03
3.2578140726e-03
-4.9116024302e-03
-1.6913695947e-03
2.6921664506e-03
4.8154189068e-03
-4.0443673748e-03
2.5207267791e-03
-2.4851535252e-03
-4.3990627117e-03
4.3597219902e-04
-2.2598461505e-03
9.9071302417e-04
2.0109498771e-03
-1.8235540542e-03
3.2721872591e-03
-2.4028985742e-04
6.4490956489e-04
2.8318449778e-03
1.3716522732e-03
-2.8321105242e-03
4.2158634662e-03
-2.9374221202e-03
-3.4220704103e-03
1.5417104769e-03
2.4257900578e-03
-5.5442357255e-03
3.4917516483e-03
-2.3730215208e-03
-4.3309345244e-03
-1.7677073200e-03
-2.0053067123e-03
-2.3110226129e-03
6.5338911917e-03
-6.0855457552e-03
-7.2464618179e-04
2.6123975729e-03
-2.0796172893e-03
-2.8557073285e-03
-1.9285861565e-03
-1.0679264948e-03
-1.5783204513e-03
2.4503164976e-03
4.9152830986e-03
7.8537744481e-03
1.5949228321e-03
5.2385843209e-03
-4.9556388877e-04
-3.4252646006e-03
7.1942278719e-04
-3.9408630986e-03
1.2793263916e-05
-8.4029716695e-04
-4.6191555595e-03
7.3738398389e-04
-1.1417286481e-03
-5.6713265819e-03
-1.2955321659e-03
-3.0128246125e-03
1.4638605021e-03
1.3362077920e-03
-6.5786648856e-03
-4.7109066343e-04
-4.1656012719e-03
-2.2916129136e-03
-1.6528430122e-03
-1.2212411920e-03
-2.7766184678e-03
-4.2397042415e-03
2.1605066363e-03
-7.5142163228e-05
8.6477856480e-03
-2.4672509724e-03
3.7113126212e-03
5.2711563546e-03
-1.4055782440e-04
-4.2043454906e-03
-3.5326092566e-03
2.3700561767e-03
-5.6296600558e-03
8.0437051431e-04
1.0985842068e-03
-5.7995376702e-04
3.0049285688e-03
2.3142996222e-05
-2.1004307101e-03
-2.2052513277e-03
4.9841410112e-03
2.4240604371e-03
-1.5495508170e-03
-3.0742868224e-03
6.1649385160e-03
-3.0832102170e-04
8.1699304391e-04
-2.4239925030e-03
2.6611099219e-03
-1.8083122755e-03
3.9241912611e-03
-2.4063771198e-03
-3.3115819945e-03
-4.4640542225e-04
-1.0513041906e-03
-6.6018164925e-04
-9.7628421883e-04
2.9862856478e-03
-2.0910175860e-03
-6.1922708477e-04
3.5748399731e-03
8.1934603279e-04
3.6108268159e-03
-3.3020891582e-04
-2.8735577566e-03
3.5896154827e-03
3.7902901644e-03
-4.3351398045e-03
8.9817746371e-03
-1.5631100821e-04
1.5673352211e-03
-3.5333596495e-03
-5.7886643030e-04
1.6048159524e-03
-1.5177883438e-03
2.3884771321e-04
1.3225855922e-03
-1.8285725941e-03
7.1162742263e-03
9.3911978430e-03
1.5900974298e-03
-2.2895599736e-03
-8.3801134085e-04
1.2091827785e-03
9.3189490959e-04
-3.8138767894e-03
-1.2178321449e-03
-2.5915137771e-03
-8.4847217879e-04
-3.3829034169e-03
-3.3505800359e-03
-1.0707413208e-05
-1.0248083471e-03
3.3044983598e-03
1.1189562698e-03
6.5622270306e-03
-2.5949375785e-03
-4.9796244243e-03
-4.1184092930e-03
-4.5330841453e-03
-3.1367240539e-03
3.6431190192e-03
1.1201229608e-02
-7.1333903874e-03
4.6899617650e-03
-3.5805198151e-03
-2.5769128907e-03
3.3231103892e-03
-2.5664163911e-03
7.9818699380e-03
-1.7758031474e-03
-2.6903790481e-03
-6.9707370552e-04
2.3656160929e-04
-6.8855539663e-04
1.4238464095e-03
1.4341774794e-03
-4.2467328599e-03
-1.3421822408e-03
-4.7577690518e-03
-1.5206298907e-03
2.0615865977e-03
-4.7446794770e-03
1.1767478268e-02
6.6736256203e-03
8.7782298776e-03
4.2686822327e-03
-2.1297857045e-03
2.8112658795e-03
-3.4254595495e-03
-2.3427739289e-04
2.8487329622e-03
1.6845409159e-03
-6.0493314185e-03
3.0139100516e-03
4.8472573492e-03
1.7486171481e-03
1.7260925584e-03
6.2326427535e-04
5.3029876310e-03
2.0838473758e-03
-3.6058225626e-03
3.7183368531e-03
2.2535865518e-03
-3.6396910488e-03
-3.6446585691e-03
3.2100677717e-04
8.3757420952e-04
2.9426957186e-03
1.9504540963e-04
-2.6687130485e-03
-4.3390063327e-04
2.4385696673e-03
1.1786605680e-03
-5.8267102202e-03
2.1001901706e-03
1.7704037963e-03
1.7182157655e-03
-5.5906436324e-03
-3.3994452571e-03
4.0013973127e-03
1.2999046284e-03
-3.5330140181e-03
-1.4454984659e-03
-2.5670873825e-03
-1.9195961889e-03
-1.0344501077e-03
-4.9928081697e-04
-3.2262406406e-03
-2.0809358053e-03
-9.5766979608e-04
-1.1457820998e-03
-1.2751938752e-04
4.0405876190e-03
-1.0537333441e-03
-3.9216213760e-03
-1.2095872901e-03
9.2924085064e-04
-5.7900973130e-03
1.1882912595e-03
-5.5394312878e-03
3.5992327892e-03
-9.4780620700e-04
2.1730379892e-03
-2.8208384919e-03
-1.3404870842e-03
-1.2662754739e-03
-2.2727433272e-03
1.3926579722e-03
-2.0358712482e-03
-5.3380310011e-03
4.0293487703e-03
-2.3144232126e-03
-1.8669315906e-03
-9.3895058251e-04
1.6277037705e-03
-1.8737243638e-04
-2.2548538698e-03
-4.9940326580e-04
5.0702221435e-03
4.8071818652e-03
-1.9016231320e-03
-8.3594402539e-04
-2.8048075780e-03
-5.3055915904e-04
-1.7674101934e-03
5.6820351057e-03
-2.5580948157e-03
1.0741089660e-02
-4.0453669139e-03
-7.8257579200e-04
-1.5588648763e-03
-2.0084588995e-03
-2.6107713297e-04
-4.8345510373e-03
-3.5728558888e-03
1.3568054824e-03
-5.1042778729e-03
-1.8699960627e-03
1.4147056468e-03
5.5367185425e-03
-2.1167835174e-03
-2.1503023768e-03
-4.1244834144e-05
-9.6170532236e-04
2.5289832401e-03
-5.4319195752e-03
5.6810937707e-03
1.5148704700e-03
3.8191168110e-03
-4.0858739606e-03
1.0202213429e-03
3.0452818796e-03
5.0969821431e-03
1.0936271443e-03
-1.6868354487e-03
-2.3567193913e-03
2.2057303745e-03
5.3878868694e-03
6.3554621158e-05
2.5446520966e-04
8.5112379832e-03
2.6024986114e-03
-3.7230980704e-03
2.3653383222e-03
-3.6538847291e-03
6.8008755376e-04
-4.2749341159e-03
6.9044420959e-03
-2.4397302505e-03
-7.9179416956e-04
-2.6118778659e-03
-1.9027029892e-03
6.7772720643e-03
6.1033559096e-03
2.0173226821e-04
-1.9492375736e-03
-3.8346178278e-03
-1.4851359815e-03
-8.6401505627e-03
-3.7328705333e-03
-2.7527169427e-03
-6.7958404624e-04
2.2350646456e-03
-2.6593683514e-03
6.8568233004e-03
-1.3594404594e-03
-1.9308164920e-03
1.8230430609e-03
6.2888739337e-03
-9.2160358388e-04
1.9163713430e-03
-2.6258436560e-03
-3.5341591081e-05
-4.7126752645e-03
3.9197955527e-03
-4.3090728433e-03
-1.1741361714e-03
1.3322872762e-03
-4.0125895788e-03
-1.6452290470e-03
-5.6066749794e-03
4.8425747814e-03
3.6768575378e-03
5.6412595219e-04
5.4887100493e-03
1.7294589639e-03
3.2222818188e-03
-6.3034519544e-04
-4.4673385619e-03
3.0748835841e-03
2.3155813517e-03
1.0634125466e-03
-7.5920590411e-04
-2.2656756488e-04
3.5590681413e-03
2.8254225742e-04
-2.5974836020e-03
-5.5342601735e-03
2.6713692337e-04
-1.9101217627e-03
7.2713960189e-04
-5.7831300351e-03
-1.1297000696e-03
3.6662170108e-03
1.1606826469e-03
-2.7413939750e-04
-4.3671689820e-03
-3.1352366393e-04
6.6875250837e-04
3.7334545994e-03
3.0707534578e-03
-2.6293002592e-05
-3.1398319699e-03
2.6873939726e-04
-1.6602844924e-03
7.8800179626e-03
-2.0362957287e-04
4.3283821113e-03
6.1063886710e-03
-2.5793204480e-03
-1.4807193303e-03
-9.6627463173e-04
-2.8429670406e-03
-1.7447041341e-03
-9.2045417834e-04
-5.5729847172e-04
6.7983477267e-04
-1.8914257993e-03
1.7285855758e-03
-2.9224115373e-03
-3.6639162324e-03
-1.4625059522e-03
7.5474081160e-03
-2.4240540864e-03
-1.3542554075e-03
6.3896232801e-04
-4.8169495449e-04
-8.4345318734e-04
-1.3135027098e-03
-4.6674524383e-03
-7.8821055503e-04
6.7700668338e-03
3.3664624296e-03
-3.1264981066e-03
-4.2411905780e-03
8.9785107592e-04
-6.0330055117e-04
1.6424757111e-03
-2.4601912077e-03
7.8265435723e-05
8.5148969336e-04
-1.3853774129e-03
-3.1555032604e-04
-1.2446734706e-03
9.8718543649e-04
-7.5937949349e-04
-2.0767400214e-03
-2.7961009515e-04
1.9873759950e-03
-1.4079328516e-03
-2.0362241162e-03
7.0223925627e-03
-1.8703678949e-03
-3.4360254084e-03
4.6321068535e-03
3.1914830442e-03
1.1721610028e-02
3.0392856999e-03
4.0324394322e-03
-3.4472886781e-03
1.1018049246e-03
2.2508958665e-04
9.9650991642e-04
-2.0254285567e-03
-7.1949952717e-04
4.5884199529e-04
3.1579619405e-03
-1.4406798008e-03
-4.4668948625e-04
-1.2831165314e-03
1.1317463402e-02
5.4184572464e-04
-9.4627558558e-04
3.9683718043e-03
-4.1103240872e-03
2.5294552851e-03
1.6137041630e-03
-1.6031742322e-03
-1.2013500265e-03
1.6965981608e-03
-2.8659382576e-03
1.7889424237e-03
3.5374739418e-04
3.6647246319e-03
-4.7499446787e-03
3.2854060652e-05
-1.8892645191e-03
1.3613601145e-02
5.1675834473e-03
-4.7387227353e-03
3.1662924831e-03
-4.2605137623e-04
8.5189291484e-03
-4.2927561031e-03
2.3896253291e-03
-3.7274100214e-04
1.7199298844e-03
-9.1387970621e-04
-2.3950953016e-03
5.7016966989e-03
-1.2513787947e-03
-2.9410653365e-03
-2.3358531865e-03
-4.5686729801e-03
-6.0413401298e-03
1.5925541111e-04
2.8599872044e-03
2.5517094266e-03
1.6838520304e-03
-1.4137911224e-03
-1.0195437084e-03
3.5057111873e-03
-4.4819977226e-03
-1.5208516173e-03
-5.7719112018e-03
-2.6549367297e-03
-1.6685709357e-03
3.1430368212e-03
-8.3402135014e-04
-4.8910991109e-03
-4.5215740747e-03
-3.1018461665e-05
-1.6194566289e-03
3.5776150758e-03
1.3843361475e-03
-2.0205581764e-03
-9.5814364777e-04
-6.3528981738e-04
7.5436250898e-03
-4.7905282544e-03
-2.1048220567e-03
-2.2568711189e-03
-2.7489127085e-03
-2.3695383885e-03
8.2746063434e-04
7.5247282798e-04
1.4216219549e-03
-7.7891678291e-04
1.1611553407e-03
-8.8853004860e-04
4.0347584942e-03
4.0423582525e-03
1.2347269596e-04
-2.7575481626e-03
6.7083149594e-03
-2.2147457938e-03
5.6035993321e-04
3.2727282534e-03
8.5855161552e-03
-2.2028631932e-03
8.6555370738e-04
1.6190074110e-03
-5.2213779879e-03
-3.3566761846e-03
-1.2343230529e-03
-3.8337112133e-03
1.0162063182e-03
-4.6160632208e-04
2.2782247926e-03
5.6376340977e-03
-2.9639254869e-03
-6.3792983768e-04
1.6817146409e-03
1.5526279402e-03
