-2.7861179566e-04
-1.9715464793e-03
5.9570475562e-04
3.5227678027e-03
5.2483975617e-03
1.1178135228e-03
-3.4954782285e-03
8.6296744071e-03
1.0313782429e-02
7.2347893997e-03
-2.4664307804e-03
1.2468346976e-03
-2.1206022459e-03
7.5231096393e-04
-1.8645406865e-03
-1.5582001298e-03
-2.0720159650e-03
4.6627343787e-03
7.0558782576e-04
-6.4479066279e-04
-4.9480236583e-04
3.3411538764e-04
6.1739674306e-04
-3.3255727130e-03
4.4039904450e-03
1.1056550126e-02
7.4453825292e-04
-1.6586795885e-03
-1.7243817549e-04
6.0895873923e-03
2.0148028106e-03
-5.3685415342e-05
4.5062049691e-03
1.5429398371e-04
-2.8285116195e-03
5.4204783995e-04
-4.4082192916e-03
-1.9600681812e-03
-2.1987701114e-04
-1.9835800632e-03
3.6728691431e-04
-6.3172892928e-03
-8.9173253795e-04
1.1527407208e-03
3.0489220202e-04
-2.8388195414e-03
2.1931788565e-03
-3.6248227457e-05
-3.8874478279e-03
1.0998466901e-03
3.7071568687e-03
-1.6741470585e-03
1.5781152033e-02
-3.9660015015e-03
3.9344335632e-04
-2.7548352444e-04
-6.8772048191e-04
-1.4565422268e-05
-1.6602500214e-03
-2.4526542414e-03
-4.7844143462e-03
1.4777036338e-03
-1.5098432538e-03
6.0821106845e-03
2.0586024899e-03
7.2232398560e-03
-1.5072561787e-03
-2.0030913365e-03
-7.0959157493e-04
4.8757580550e-03
-1.6103486642e-03
1.8365727591e-03
1.5293616684e-03
2.2295999517e-03
1.6501560914e-03
-2.4159969318e-03
-2.8398666153e-03
-4.7115803726e-03
6.4020863920e-03
-1.4658853440e-03
-4.3798620907e-03
-1.6345778580e-03
1.8126086663e-03
-2.1084123732e-03
-2.0380801834e-03
-1.5759820515e-03
-4.3357859676e-03
-5.1363131523e-04
6.4772703494e-04
-3.2074803693e-03
-1.2009065290e-03
1.5686554729e-03
4.1482819053e-03
-2.9332641182e-04
1.8979675131e-03
-2.3630481381e-03
3.4627316915e-03
-9.8977604877e-04
-6.0345136601e-04
1.8395895777e-03
-1.2235479468e-03
-3.9841260272e-03
2.5935417078e-03
9.0819640691e-04
1.4970677118e-04
-1.3871428354e-03
2.4180624494e-04
2.7243033191e-03
1.7243676093e-03
1.3254677068e-03
-3.7568285039e-03
-5.9501115128e-04
3.8208696797e-03
7.6818398450e-04
-3.2139079548e-03
-2.3679554825e-04
1.3121537029e-03
2.8979968739e-04
-4.3393788988e-04
-3.0145925420e-03
3.5403273359e-03
4.0264601605e-03
-4.0146025948e-03
6.5495485685e-04
-1.5499243103e-03
-4.3438859904e-04
2.0378641696e-03
3.8994322168e-03
-3.5891704497e-03
-3.7999845924e-03
-2.5200675966e-03
-2.7109236873e-03
-3.8492020556e-04
-4.6249742480e-03
1.0409387223e-03
-1.4235183383e-03
5.1409418265e-03
1.6239398724e-03
3.3736588831e-03
-3.3015830420e-03
-3.0659700353e-03
-2.2633627666e-03
-2.5605216986e-03
-1.9677075847e-03
-2.1745624786e-03
-2.8008496811e-03
-4.4591011508e-03
-4.0217623702e-03
4.7494089188e-03
-3.3559885484e-03
-5.2788487700e-03
-4.1516344240e-04
-9.9024071630e-04
3.6122382835e-03
1.4244734883e-03
-3.6993114534e-04
-3.4941921091e-03
-1.6360550893e-03
1.9200565924e-03
2.2873018127e-04
-2.9582008266e-03
1.8710205342e-03
2.1057485918e-03
-2.2518766659e-03
1.6155641090e-04
7.7253293074e-03
6.1334048153e-05
-9.7806904557e-04
-4.5389638994e-03
5.0373081311e-03
8.3140131979e-05
1.0939360222e-03
-2.0900532054e-03
-2.3714099128e-03
1.9568439265e-03
4.4084341544e-04
3.8449775134e-03
3.3175701585e-04
7.9033749646e-04
2.8226779522e-03
-2.9511034335e-03
-6.5642506685e-04
-1.0365322300e-03
4.8685066800e-03
-2.4102373334e-03
3.3417385957e-04
4.2300331685e-03
-2.6356228666e-03
-3.2363063823e-03
-1.3212808688e-03
4.8671731033e-04
2.4866090756e-03
-3.5716671674e-03
-3.1067709058e-03
2.4100203937e-03
-2.4325252726e-03
-2.6841450607e-03
-1.2258848039e-03
5.2930216803e-03
5.9831683795e-03
-3.7834799867e-03
-3.3424130966e-03
2.3279323543e-04
-9.0767984663e-04
-4.4481493518e-03
-3.5315631867e-03
-1.5943431701e-03
-1.5595564024e-03
4.5035607958e-03
-1.9495522075e-03
2.9821660448e-03
-2.8304589065e-03
6.5724268204e-04
-3.3790579042e-03
-3.5099414076e-03
6.5172247195e-03
-4.6673531876e-04
3.4122467144e-04
-3.9038070839e-03
-4.0123565280e-03
-2.7930746641e-03
-4.2424972302e-03
5.3382274746e-03
-5.6389574939e-03
-4.5217894036e-03
4.0888399249e-03
5.7814586199e-03
-1.1468297616e-03
-5.2447154637e-04
1.0014460318e-02
7.2161372178e-03
1.8437902780e-03
-1.0910322779e-03
-1.8041584016e-03
1.1401922296e-02
2.3891528399e-03
-4.2976111112e-03
-2.4267945401e-03
2.2040476437e-03
3.2295966374e-03
1.4041589183e-03
-1.0872962742e-03
6.8876434629e-04
1.2021740893e-03
-1.2542910119e-03
8.3796776834e-04
-8.1732385015e-04
-1.2933026141e-03
-3.2594415202e-03
-3.7040523233e-03
-3.9833429642e-03
2.7528823549e-03
2.5794153119e-04
-3.5751134934e-03
5.6553104371e-04
2.2925265062e-03
-2.9894098967e-03
6.1865367036e-03
1.8063656007e-03
2.0902132908e-03
-3.5163982538e-03
-1.1008150865e-03
6.9334979047e-03
1.7819849349e-03
2.5497414948e-03
-1.0346547790e-04
-6.2462039026e-04
2.0040397310e-03
-1.7578548209e-03
4.9885161632e-03
2.0239344932e-03
-2.2628036534e-03
-2.4133245194e-03
1.6240084022e-03
-3.6491156656e-04
-2.5198291632e-03
2.3446031179e-03
5.7178668432e-04
-6.5410476257e-04
4.6292609735e-03
-1.1057155315e-03
3.8634516693e-03
-1.6282771157e-03
-1.2734628544e-03
6.1556249352e-03
-2.2335106185e-03
-2.3459951318e-03
6.1502635097e-03
1.9393576702e-03
-5.9417560074e-04
-5.3839407805e-04
7.3505794943e-03
4.3848007948e-04
-1.8249683710e-03
-1.6687158249e-03
3.3448074264e-03
-2.3665436307e-03
1.0276757412e-03
2.8423392426e-03
-4.4322200338e-04
-4.1932255442e-03
-6.1412364516e-04
8.0244363122e-03
1.3125151234e-04
1.1401438157e-03
8.4788658753e-03
-3.9837668537e-03
4.0508099619e-03
-2.9111396882e-03
-4.3271346483e-03
1.9538394228e-03
-1.5902182018e-03
-3.9563208884e-03
6.1170294457e-03
-3.9364666031e-03
-2.4268164281e-03
-4.3500404447e-03
9.1891560010e-04
2.9256780185e-03
3.6259993888e-03
-5.9905182128e-04
1.6728156889e-03
2.9300951969e-03
1.0230887282e-03
3.5946620140e-03
2.0232536096e-03
-3.4691715256e-03
-2.6216776955e-04
-4.1733037759e-03
3.1397439877e-03
-4.9776113697e-03
2.0826793881e-03
-9.3625053710e-04
3.0717464217e-03
-1.5723401596e-03
-2.5795503765e-04
3.5460584938e-03
-1.4637298657e-03
-3.1155780556e-03
-1.2129696799e-03
3.7262611749e-04
4.5847705767e-05
1.1537953145e-02
3.0818653638e-03
5.4512714946e-03
8.0675128307e-03
3.1215112997e-04
-4.2045149777e-03
-2.2460738199e-03
-3.5961602188e-03
9.3549873947e-04
1.6932386742e-03
-4.7492937585e-03
5.3327294095e-03
8.9294614825e-04
-9.7600278558e-04
2.1079811789e-03
2.5111655457e-03
-2.9506351119e-03
-6.0312234251e-04
5.6341987680e-03
-3.1064962561e-03
1.5630159615e-03
-2.0626373629e-03
-1.0749967927e-03
-1.0593610006e-03
-1.1076379844e-03
-3.5237991658e-03
3.0500539847e-04
-2.0308936030e-03
-1.0592021709e-05
5.1203690290e-03
3.9076789362e-03
8.2194702972e-04
6.4009712657e-05
-1.9137641744e-03
-7.0854542319e-04
-5.1207376929e-03
2.8309635169e-03
-1.5020415687e-03
6.2807752961e-04
-8.4524516732e-04
-4.4411603195e-03
-3.9605125754e-03
4.1879571150e-03
-1.2951134340e-03
-1.0200115613e-03
3.3442705983e-05
-1.9122012450e-03
-2.6432301688e-03
-5.2758113862e-04
1.2779317115e-03
3.6532988461e-03
-3.5136757776e-03
-1.2920669658e-03
9.6150574469e-04
-2.6015495190e-04
-2.8633306385e-03
-3.4929603952e-03
-2.6490262387e-03
6.6741664858e-04
-1.0991610656e-03
2.1403153156e-03
5.6846197800e-04
-8.3665854083e-04
-4.2932697375e-03
2.5692067069e-03
1.8095957576e-03
3.5822957434e-03
-1.2240712298e-03
8.1698851297e-03
-2.6352452930e-04
8.8565349821e-04
-1.3452541609e-03
-4.3083384704e-04
8.8886983861e-03
-3.0333804878e-03
-2.5478069577e-03
1.7480070631e-03
-9.9457201987e-04
-1.1000735803e-03
-1.1468937668e-03
-7.3460790300e-04
8.0006129484e-04
9.1835063679e-04
-1.5072524793e-03
-2.3681106737e-03
4.5665541216e-03
2.6871846047e-03
-2.3652381279e-03
-3.4481892754e-04
2.1784934912e-03
3.0206850379e-03
-3.6356399403e-03
-2.0701692060e-03
1.6005871360e-03
3.8802930968e-04
-1.7414709604e-03
2.0552477259e-03
-1.1118661597e-03
-2.6388113644e-03
-3.2255656677e-04
3.6538047605e-03
2.2410350654e-03
4.6125612104e-03
-1.8792651198e-04
1.9613568036e-03
5.5034363848e-03
2.2807739587e-03
1.5496240682e-03
-8.4244964740e-04
2.6568884131e-03
3.2711946701e-03
-4.5923020967e-03
7.7074775035e-04
-2.7705622550e-03
2.6663477423e-04
-1.0951355930e-03
6.1234549364e-04
-1.3073495623e-03
-6.0309250752e-04
-3.5239944682e-03
4.9666473655e-03
3.7905259028e-04
-5.6161665687e-04
-1.6479874995e-04
-4.7625402790e-03
-1.9040989859e-03
5.9258963607e-04
3.2958282461e-03
6.8169604479e-03
-6.2222862474e-03
-1.0758605918e-03
3.4627606023e-03
3.5677905582e-03
4.7233582589e-03
2.9911823803e-03
8.5648363662e-04
1.8859333835e-03
-2.2102029312e-03
4.2639285205e-04
1.3626723894e-03
-3.8078223958e-03
-1.7406106242e-03
-1.5061150889e-03
-2.1811764433e-03
7.8252841767e-03
-3.1746569849e-04
-7.7124858632e-05
-7.6312171567e-04
-3.2629759056e-03
-5.2821686723e-04
-1.8634151308e-03
-3.1547390962e-04
-2.6860489955e-04
-2.4721382542e-03
1.9078041784e-03
5.8473043365e-03
-2.4962841962e-03
-1.9505810834e-03
7.4375741511e-05
1.2140408601e-03
-1.8088041229e-04
-2.4445788405e-03
-3.3502194778e-03
3.3731646120e-03
-8.0178114734e-04
7.0385797029e-03
2.6560483518e-03
-2.6030381352e-03
2.1047101446e-03
5.0498447469e-03
-4.6337645181e-04
5.4906535764e-03
-2.2203070786e-04
-2.5767778760e-03
3.5820695444e-04
-8.8856567533e-04
-2.4876043089e-03
-1.2344641948e-03
-4.1434499545e-03
-3.0867694471e-03
-1.3825339287e-03
-2.6383683392e-03
-4.2237054730e-03
2.5176162378e-03
3.7851879355e-04
-2.2719421060e-03
2.3400008379e-04
-1.3475998893e-03
1.1064391104e-03
3.4230618873e-04
1.2723414313e-03
-4.3550207527e-04
1.6350965565e-03
1.9121232942e-05
-4.0875258776e-03
5.1253862690e-05
4.2582168552e-03
-2.9517655353e-03
-6.7497355308e-04
5.5529904289e-03
-1.7807137886e-04
2.7342022900e-03
-3.7067028459e-03
-1.1655076338e-03
-2.0933308263e-03
-3.1394480549e-03
3.6631199782e-03
4.1500830739e-03
-3.6357587770e-03
1.8434243273e-04
-3.2230667636e-03
-2.4494955568e-03
-2.6556562122e-03
-2.1885159450e-03
-1.6083986277e-03
-9.7717044147e-04
-1.5027586781e-03
-3.6969695063e-03
7.0321558074e-04
-4.2130971529e-04
-3.6401635874e-03
-3.8108399886e-03
1.0243416699e-03
1.6924537657e-03
-1.3814669584e-03
8.3466078318e-03
3.3038847358e-03
6.8533429267e-04
1.0649734092e-03
3.6442535616e-03
3.1883857660e-03
2.9627980368e-03
4.6141256465e-04
6.3566447350e-04
-2.2799222754e-03
-1.3865148427e-03
-6.9102496047e-04
2.5984970161e-04
-1.7199477656e-03
-3.9379468410e-03
2.3492067837e-04
-2.7950352310e-03
-2.7019473907e-04
-4.7584141593e-03
3.1673997918e-03
7.7827479817e-04
-1.5459618768e-03
-1.2944155814e-03
-5.6737967853e-04
2.6864116324e-03
-2.3394781208e-03
9.9687892590e-04
-1.9764296213e-03
-1.9591097508e-03
6.0348871327e-04
2.8969215066e-03
-1.3652727782e-03
-3.1650094591e-04
3.1969667327e-04
-1.7328367010e-03
-2.5366907797e-03
4.9104057047e-03
-3.6823427150e-03
-4.8682906928e-04
4.5086984385e-03
4.0222615386e-03
-1.0983760274e-03
-3.7786941922e-03
-1.8248101920e-03
-2.3213585475e-03
-2.6297194944e-03
-5.6075055933e-04
1.9388373730e-03
-6.3931602991e-05
5.0610557677e-04
8.8128482354e-03
-3.6582341215e-03
-2.1267146702e-03
-3.7289184330e-03
-4.2290578117e-04
-5.6112463984e-03
4.0526407720e-03
6.5733747031e-03
2.1044182542e-03
-2.3711940570e-03
4.3457951491e-03
1.7228892900e-03
1.0184449181e-03
2.0890364452e-03
9.9740990526e-04
3.8341357095e-04
2.1610223596e-03
4.0359231918e-04
-7.6183125649e-04
4.1651455232e-04
-5.4351067786e-04
-3.5339470498e-03
-1.8863548233e-03
-2.6740423618e-03
-1.3262932750e-03
-1.5164610827e-03
4.4560986439e-03
-3.2476888336e-03
2.4862192071e-04
-1.0592340685e-03
3.8396818058e-04
-2.2939715503e-03
-7.0319730320e-04
-3.0382173325e-03
1.4994647857e-03
-3.0851437692e-03
5.7023977246e-04
-1.7060239188e-03
-2.3911400466e-03
-2.6699752054e-04
-4.9063461232e-03
-7.2375874333e-04
-2.9836380990e-03
7.0429827825e-03
-7.7862109500e-05
-7.8864362735e-04
5.5858920875e-03
1.0924640507e-03
5.6774779992e-04
1.1145183560e-02
2.8708626827e-03
6.3201208618e-04
-2.4581945467e-03
-8.5261551747e-04
-1.3531340127e-03
3.7515932931e-03
-1.1937729576e-03
-1.1794473546e-03
-3.4511475809e-03
8.8953767724e-03
1.0998055209e-03
2.5268701535e-03
-1.2087864103e-03
1.1265606280e-03
8.7680837160e-03
8.5461997017e-04
-3.6673299879e-03
6.3127886873e-04
-1.6742438525e-03
3.7751677053e-03
-2.0424356733e-03
5.3772522405e-03
-4.5878567829e-03
-4.2903879363e-03
7.8332719664e-04
-4.8428602826e-03
-8.4124700465e-04
-5.8188022543e-03
5.8595601109e-03
3.4353868949e-03
-4.6643805951e-04
-7.2235311966e-04
1.2879835934e-02
5.9995560536e-04
-6.7392796561e-04
-7.4432396234e-04
-2.6789765566e-04
-6.0895351148e-03
-1.3821986371e-03
8.6745323488e-04
-9.2104235767e-04
-5.7157245688e-04
-3.0862160750e-03
-1.6170120384e-03
-7.8442363164e-04
1.6425407839e-03
-6.3982908580e-04
-5.3095471663e-03
-3.5781051036e-03
3.1893188711e-04
-4.0957717857e-03
-6.7903441685e-05
-1.9620894734e-03
4.5084408692e-03
-3.5084952267e-03
-2.6051324934e-03
2.5897325883e-03
-2.7720270040e-04
4.1377004212e-03
-3.6043849718e-03
-4.2463741566e-03
5.4033137914e-05
4.6535051241e-03
-2.5340282975e-04
1.7630978804e-03
6.0830002520e-03
-2.4306773714e-03
-3.9139596840e-03
1.3726432873e-03
-2.1589963308e-03
4.4894759173e-03
8.9778995764e-04
-3.0702483131e-03
4.8288846429e-03
-4.7753269297e-03
4.8920536297e-03
-2.7293890996e-03
3.3610958712e-03
1.3906029849e-03
3.7234635998e-03
7.5990627906e-04
3.6044655845e-03
-2.0433160383e-03
-8.3057986541e-04
-1.5667908121e-03
-1.9363896766e-03
-1.3244980054e-03
-3.0781197708e-03
-4.1397653369e-05
2.5963179878e-03
-1.4541655340e-03
-4.1792552478e-03
2.8636006204e-03
-1.6850669111e-03
-2.6527678614e-04
-1.7477693793e-03
-7.7203652987e-04
-7.4301207823e-04
-1.2123985595e-03
-1.9095431419e-03
-3.2863100779e-03
2.7424730192e-03
2.7153610711e-03
-2.3461514288e-04
-6.5645944529e-04
4.8381491023e-03
8.1248775193e-05
3.1847543210e-03
2.9543936377e-03
-3.1907187331e-03
3.8877461358e-03
1.0519719505e-03
-3.4907592728e-03
-2.2829125060e-03
-2.2483210243e-03
-3.0425760820e-03
1.5479295659e-03
-2.5758939884e-03
-2.4900592026e-03
3.7329917057e-03
-5.0930686052e-03
7.6936744170e-04
-1.0867805737e-03
1.3808688786e-03
7.4069750850e-03
-8.0699509708e-04
-3.9675334628e-03
7.2642196542e-03
7.9009637693e-04
-1.6044529008e-03
2.6764208374e-03
2.7908452220e-05
-4.9913053726e-04
-1.0025679420e-03
1.7700117899e-03
-2.8615379905e-03
1.0651660228e-03
-1.4394232392e-03
-1.3774665970e-03
-8.2292177607e-04
5.4004678368e-03
-7.1384191739e-04
-2.4380210597e-03
9.3472587174e-04
2.6658202323e-03
-2.4476544556e-03
-4.2494136627e-03
-4.1976297108e-04
5.0152559516e-03
1.7184588759e-03
-2.4041617129e-03
-2.5574936731e-03
1.2667750715e-03
-1.6745450011e-03
3.7863003137e-03
-2.7932366012e-03
7.3024578393e-03
-2.5370547568e-03
2.3327796967e-03
-1.1788132065e-03
3.3018760791e-03
-9.1245702280e-04
8.7240535642e-04
1.2669326378e-02
8.0352086016e-04
-2.3717816458e-03
-1.4674905082e-03
6.8107702754e-03
-1.4098894741e-04
3.0975354521e-04
1.3936629711e-03
3.4336819860e-03
-3.8534480179e-03
-4.9928488825e-04
-4.6259562231e-03
2.0905132286e-03
-2.9944619891e-03
-9.9475556335e-04
-2.9398055470e-04
-3.2906216399e-04
-3.9722997975e-03
-4.2697053023e-03
-1.1080605076e-03
3.9667208655e-03
1.0981479682e-03
-4.8098525406e-03
2.1383284501e-03
-4.7479067746e-03
5.5410244799e-04
-6.5733405491e-04
7.0822952811e-04
2.2866390952e-03
-2.2215821132e-04
-1.5935279130e-03
8.2206457327e-04
-7.0956920743e-03
2.6285843153e-03
2.0660824761e-03
-2.4056771441e-03
2.3400217325e-03
-4.1267836478e-03
1.5483584561e-03
2.4385996267e-03
1.3366187918e-03
2.6136151249e-03
3.2316074760e-03
-1.9085350614e-04
-4.2121581698e-04
-2.9983440563e-03
-3.6848240714e-03
1.6371879630e-03
-7.7792221576e-04
-3.8421697538e-03
4.7748811676e-03
2.0496428536e-03
-1.6716260116e-03
1.4033240953e-03
4.2657629480e-03
1.2831650387e-03
-3.2060236172e-03
-1.8019210681e-04
-9.3048505457e-04
-9.0451550912e-04
3.0316386475e-03
1.3368972368e-03
3.2046288844e-04
3.8471765353e-03
-1.7360366256e-03
-3.1324450035e-03
-8.8342291853e-05
-2.4140466714e-03
1.5303449961e-03
-9.5048898516e-04
1.4560397480e-03
-1.7020112149e-04
-2.4299850902e-03
-5.0735396381e-03
3.7475829918e-04
1.5710639069e-03
2.0628915636e-03
-1.3061125135e-04
-2.9448274168e-03
-2.8572326272e-03
1.7932907568e-03
3.0471168566e-03
2.1338698441e-03
5.7650550620e-03
9.0137423271e-04
-3.1133148028e-03
-3.0790055349e-03
3.0987776194e-03
-5.3694627738e-04
7.8836719274e-04
3.3112799418e-03
-5.3097972576e-03
-1.8340530456e-03
-1.5945840953e-03
5.9910920270e-03
6.6633759505e-03
-7.6152561700e-04
-1.5521746995e-03
1.6175153054e-04
-6.2281476412e-04
3.0638232562e-03
3.9887312160e-03
4.0746837960e-03
4.2576145505e-03
1.8527773964e-03
3.3142590911e-03
8.5800202432e-04
1.4420702701e-04
4.9514059191e-03
-4.0393020605e-03
3.8258271125e-03
-2.3548433469e-03
3.9732435885e-03
-2.7317560773e-03
2.9956886898e-03
8.2147458227e-04
9.1814598231e-03
7.7457060329e-03
3.6715816840e-03
7.3466630008e-03
2.4836617738e-03
-1.3301000041e-04
6.1707448427e-03
5.4523380578e-04
-3.2944619090e-03
6.7189784580e-03
4.0534355034e-03
9.2328244963e-04
4.5131958100e-03
6.2328065652e-03
-1.0013551504e-03
-2.0134396002e-03
2.7591168198e-03
3.4693785024e-03
-1.6192053741e-03
-1.0897202877e-03
-9.6592968873e-04
-3.2520470193e-03
-1.6423256618e-03
4.3408401910e-03
1.1563614268e-03
-2.1712824380e-03
-1.3828742054e-03
1.8079877405e-03
-4.1278270844e-03
1.4062531906e-03
4.1409205818e-03
1.9314966040e-03
3.5329359937e-03
-4.3058007447e-04
-1.9460799032e-04
-7.6891152607e-04
-7.6081988231e-04
1.4737824241e-03
-2.5373651614e-03
5.8453144802e-03
-1.7877111984e-03
5.0003439541e-03
-3.7520387991e-03
-5.3705221451e-03
1.3613992453e-03
3.3689122248e-04
-3.1776889469e-03
-1.1969254833e-03
-1.1269118614e-03
-2.7789506496e-03
-2.0977769358e-03
3.8992720480e-03
-1.2898617336e-03
1.4234857977e-03
-1.8515235812e-03
-3.8434313378e-03
-1.7708536238e-03
3.2869265665e-03
-2.0956750347e-03
-9.6162959891e-04
2.3964276601e-03
-9.9231987786e-04
-2.7441198753e-03
-1.1448320279e-03
-2.8989416201e-03
-3.4546176297e-03
-2.0411747471e-03
2.8460262494e-04
2.5068251548e-03
-5.3981560772e-03
-1.2904972430e-03
-1.9933573799e-04
-3.4942476547e-03
1.4064074863e-03
1.6267312911e-03
-2.5905116990e-03
-1.0455805464e-03
5.8735190783e-03
-2.1169810744e-03
1.2106504431e-03
-5.3230978733e-03
1.4853617335e-03
4.8585100875e-04
-2.8429238997e-03
-3.4701142924e-03
5.2902095197e-03
-4.1708710927e-03
8.4979009212e-03
2.1959020127e-03
-1.6655391005e-03
5.5469263733e-04
4.6800180524e-03
-1.0964509105e-04
-1.9389546560e-03
6.6741296302e-03
-4.0760532122e-04
-1.8753235094e-04
-2.0723778527e-03
-2.7898825084e-03
1.3902287607e-03
-4.5275791433e-03
-8.0938548754e-04
1.4719445742e-03
5.9681144821e-05
1.2759697992e-04
2.7006515749e-03
1.5251106213e-03
2.0976378046e-03
2.1900954067e-03
-1.8678034941e-03
-1.1356384172e-03
-9.6393724355e-05
7.7244514907e-04
2.1281099703e-03
9.1912598218e-03
-4.5955953199e-03
2.0703418267e-03
-2.2531431234e-03
1.9583720603e-03
-9.8317266740e-04
-2.4226468036e-04
6.6809058050e-04
-1.4551831385e-04
-2.7941226952e-03
4.5745243596e-03
5.4508677682e-04
6.9088565092e-03
-3.2942515100e-03
2.3232434485e-03
-5.6428354422e-03
1.3439147099e-03
4.0289135675e-05
4.8375074199e-03
1.0062895749e-03
6.5086827168e-04
5.3428464273e-03
2.2689282668e-03
1.3910591508e-03
-1.2460702282e-03
4.6674554434e-03
3.2867135795e-03
4.3240733741e-04
-3.5078868586e-03
3.7642036811e-03
2.1010455186e-04
3.4929832121e-03
-1.7325311753e-03
-2.8884219879e-03
1.8911607871e-04
-3.3808729378e-03
-2.2632420731e-03
5.4254316136e-03
1.0046113865e-03
2.0293551229e-03
-1.0689483194e-03
7.7881425635e-04
4.0881423545e-04
-7.3946133426e-04
-2.4656696303e-03
-7.3367361910e-04
9.0488281638e-05
-1.0826598694e-03
-1.1610430580e-03
3.1030681414e-03
5.4625585863e-04
6.0964749674e-04
-1.9943912424e-03
-1.1932663769e-03
2.4198092931e-03
2.9026871983e-03
-4.7782247861e-03
2.0699985133e-03
-2.7916871790e-03
6.4635649798e-04
-4.1702883387e-03
1.7486449541e-04
5.5123587662e-04
8.0642903742e-04
5.3764630431e-03
3.3750921288e-03
-4.3079584705e-03
-7.7001655915e-04
4.0266253746e-03
-3.0688464013e-04
5.2890283660e-03
1.2843683908e-03
-1.8598916476e-03
-5.8300636678e-04
3.1108963595e-03
-1.0742037637e-03
1.0960606733e-02
2.3289161178e-03
-3.1624662713e-03
-3.5902764276e-04
2.8880425976e-03
1.7469033983e-03
-4.7274006143e-04
-2.5403028882e-04
-1.5890571453e-03
4.5166978422e-03
-5.6489075748e-03
-5.3372749521e-04
4.4377472841e-04
3.6462995577e-03
-5.9240136694e-04
-2.5957111656e-03
4.5017855753e-03
-4.1039917754e-03
-3.2560236653e-03
-3.1976199437e-03
2.0415612900e-03
3.3703984207e-03
-2.4822356508e-03
-4.8662897412e-03
3.0752028168e-03
5.8889041449e-03
2.2635433351e-03
2.5352609123e-03
1.5978544192e-04
2.8735163782e-03
-1.6360044777e-03
7.0053564438e-03
-1.7965265079e-03
-1.4154264048e-03
5.2918637260e-03
4.3522110095e-04
8.4029596084e-04
1.1256193766e-03
2.2617728105e-03
-4.2803897179e-04
1.5790394709e-03
-2.1926816066e-06
-4.8714360938e-04
-3.1376583535e-03
-6.2512574384e-03
2.6077913318e-03
-2.2492912284e-05
1.7993990398e-03
7.0065295834e-04
-2.9114969753e-03
1.9063904744e-03
9.8105249150e-04
-2.9229106752e-03
-2.1889054253e-03
-2.4702804357e-03
-1.5387638333e-03
3.2539016610e-03
-2.5184800562e-03
-1.8807534741e-03
7.1147136002e-03
4.3779142534e-03
1.2946503651e-03
-1.7520759119e-03
5.9118289390e-03
6.1802981785e-04
3.7479266096e-03
-8.5583815800e-04
-1.7022333255e-03
6.0292872857e-04
-1.4175515784e-05
-6.0158050540e-04
5.1575754998e-03
-9.1290183531e-04
-7.3058839822e-04
-3.1194063795e-03
-1.0839319440e-03
-3.7934179211e-03
-2.4703822712e-03
-5.6263476914e-03
-2.9740795022e-03
4.4418898062e-03
6.1428253790e-06
4.4917588889e-03
-4.3966132545e-03
-1.7413961939e-03
3.4139453600e-03
1.1992776384e-03
-2.6718631570e-03
3.7779990814e-04
1.5055814769e-03
3.0148920260e-03
5.4699084842e-03
-1.0424557081e-03
-1.6706515776e-03
2.3756527793e-03
2.0613231564e-04
1.2910085089e-03
-2.5452846326e-03
-5.1904973078e-03
7.6640925352e-03
1.0525633614e-03
1.0082523220e-03
4.7724600996e-03
7.9436531089e-03
3.5577371152e-03
-3.6723247476e-03
-4.0245883113e-03
2.3027426342e-03
8.2388421193e-05
-1.2227600472e-03
-2.3189278722e-03
1.2156298005e-02
-4.4993952934e-04
-1.7493099120e-03
1.6703623294e-03
1.8448429099e-03
1.6576658005e-03
6.4657354701e-04
-1.7679868581e-03
-2.9305657669e-03
1.0617937031e-03
-1.6245393361e-03
-1.8647025534e-03
-1.5457665629e-03
7.7524550808e-04
2.4378581156e-03
-5.8452493967e-04
1.1687800623e-03
7.5983762056e-04
1.5761052432e-03
1.1864054215e-03
-6.2284481684e-04
-4.8606898527e-03
-5.2803590451e-03
7.3524563614e-04
4.5562173285e-03
1.0509684358e-03
4.0406265851e-04
1.6401029245e-03
1.5537707844e-04
1.3008321660e-04
-1.4511862015e-03
-2.2628070036e-03
1.9854374219e-03
-1.4874973482e-03
1.9607665956e-04
1.8592355779e-03
7.9309668848e-05
-4.7283550263e-03
5.5734205788e-04
-5.5852088186e-03
-4.0055741047e-04
8.7918297318e-06
6.7378397044e-03
-4.5556546390e-03
3.5776314411e-03
1.0797711230e-03
-3.4826299358e-03
-3.3029260514e-03
-1.2245088955e-03
5.5325879423e-04
3.5379918206e-03
1.5571313934e-03
-1.9236230962e-03
3.9891157213e-04
1.9022825258e-03
-4.0957655174e-03
-1.2532632276e-03
2.9502956962e-03
-4.9668791296e-03
-2.2134077790e-03
-1.3492629205e-03
2.9540373763e-03
8.6457615356e-04
-3.1817990313e-03
5.4174104069e-03
-3.8992147621e-04
-6.6885863757e-04
1.2531600883e-03
6.7727682721e-03
4.9170488612e-03
8.0345201722e-03
-2.4517138299e-03
9.8292237249e-04
2.7567188513e-04
-1.5791159016e-03
3.7862132622e-03
2.2786823004e-03
-3.4472589445e-04
5.8907119894e-03
3.1778522755e-03
-3.6267441250e-03
7.8559156701e-04
8.1289937220e-03
-2.1377524993e-03
-3.0083834231e-03
-3.2571070401e-03
1.7988969360e-03
-4.6936390904e-03
-3.9518657060e-03
-3.9452308006e-03
4.1428923867e-03
3.1206587873e-03
2.2465851502e-03
-2.2516156143e-03
4.2197895380e-03
-1.3369199710e-03
1.3145791762e-03
8.8983765564e-04
1.1256378268e-03
2.0621308102e-03
-1.9460768336e-03
7.5765934899e-03
7.4533550735e-04
7.1351551112e-04
-5.8874887886e-04
-2.3320738393e-03
9.2220921309e-04
3.2037874646e-03
-6.1153683250e-03
6.5725533158e-04
7.1759371398e-04
-4.9335898163e-04
-1.2000956660e-03
-6.6091866611e-04
-4.2680715398e-03
-1.2791697107e-03
-4.4547742273e-04
-2.7883829543e-03
1.0568639656e-03
7.8848504487e-03
-6.3876915982e-04
-5.5362952596e-04
1.6585367684e-03
-1.0338780320e-03
3.7325916081e-03
-5.9064341600e-04
-3.1464679032e-03
-2.7976141786e-03
6.3355044224e-04
-3.2105037911e-03
-6.7873101697e-04
1.2059346852e-03
-3.6606547810e-03
5.3395729871e-03
5.4833427744e-04
8.5508014462e-04
-1.4538460643e-03
1.6122567445e-03
-3.4035054384e-03
4.3518536134e-03
5.6530769154e-03
-3.7113692978e-03
2.2305335669e-03
9.8390313137e-04
-1.8206965502e-03
-3.9674081366e-03
-3.7874092845e-03
3.4825318524e-03
4.9783514232e-03
-7.0865493863e-03
1.0855098952e-03
2.3042151657e-03
-3.3314085804e-03
-2.2369384437e-03
3.1092998245e-04
-2.3505018893e-03
1.9130788287e-03
-1.9209099180e-03
-3.5104211000e-03
-1.8871703150e-04
-1.0250255675e-03
5.4585280197e-03
2.3071158015e-03
1.6608115902e-03
-6.4994920468e-04
5.5846528902e-04
-3.3461691142e-03
4.2165139112e-05
-3.4020411048e-03
1.4894548944e-03
-2.4422855735e-03
5.7842558389e-03
4.1213676259e-04
9.3776592935e-03
-1.6818717268e-03
-1.7849565918e-03
1.1372720838e-03
3.5031371223e-03
-1.0082369445e-03
6.6372624353e-03
1.6070850793e-04
3.0255775861e-04
-1.2024993523e-03
-9.1733867835e-04
-1.1565999590e-03
1.9923985467e-03
3.1111320212e-03
-1.6324132312e-04
-1.8705081201e-03
4.7369122287e-03
1.8509581995e-03
4.8652075736e-04
2.8358011107e-03
1.9248320971e-04
-3.4036277125e-04
-2.0187090208e-03
1.2361868859e-03
6.8215650557e-03
-2.6905867316e-03
5.2908746623e-04
-3.0710924951e-03
4.7969218677e-04
2.9335603428e-03
-1.8963438399e-04
5.6318485026e-04
2.6412731496e-03
-4.3518427535e-03
-1.7429852655e-03
1.5252360824e-03
-2.9264506630e-03
6.9100435821e-03
2.3283258298e-03
1.2805652207e-03
3.2573559191e-03
-8.3974872078e-04
-1.1750069062e-03
-3.0423483744e-03
-7.3503717744e-04
-4.5259483006e-03
-1.2445223831e-03
-1.6167022062e-03
-3.5918756260e-03
4.8866952788e-03
-3.3100504680e-03
3.4758902160e-03
-1.0406106008e-03
1.0070707796e-03
-2.2679245391e-03
2.8499077294e-03
2.9506301201e-04
-3.4792207524e-04
1.7340552077e-03
-1.5893600700e-03
-3.0741066336e-04
4.7870554180e-04
-1.2984901364e-03
1.6834461726e-03
-3.5867700703e-03
7.9324039260e-04
-1.9780477823e-03
2.2737660448e-03
4.5696785663e-03
-2.8012014348e-03
4.3514040152e-03
1.8343879465e-03
-2.8630088748e-03
2.8326025330e-03
-3.4168331868e-03
2.2628355402e-03
-4.2058066551e-03
-3.1510433642e-04
8.6045755665e-04
-2.1304884663e-03
-2.6793832979e-03
-2.8479501578e-05
-1.1137734088e-03
-1.5984200942e-03
4.7402323742e-03
4.2094430642e-03
2.1675144733e-03
-3.4358319846e-03
-2.0135473816e-03
3.1630113171e-03
-1.4656324895e-03
-1.7016355076e-04
-1.3503492180e-03
-6.6456267401e-04
-1.4241140558e-03
-1.1465208884e-04
-2.7004875100e-03
-2.1637517527e-03
-1.9819147000e-03
-4.1326822448e-03
-3.0590547177e-03
-1.5965419246e-03
-2.8405205669e-03
-2.2502441191e-03
-3.2583866532e-04
-4.5547478594e-03
4.5374073688e-03
-1.4636075931e-03
-2.7000489242e-03
-2.2677884707e-03
-2.0745819436e-03
5.8086484490e-03
-3.8698720232e-04
-2.8192577690e-03
-1.7566499453e-03
-1.0194991674e-03
-7.6686244508e-04
-8.9123632427e-04
-3.8852157478e-03
-1.0079965755e-03
-2.7084418863e-03
-1.3762520140e-04
-1.3999524092e-03
-2.5687885128e-03
-2.5315487240e-03
1.1187664124e-03
-6.1989754824e-03
-4.7131187977e-04
4.9683550561e-03
-8.1891546273e-06
-9.1425991979e-04
-3.6860100420e-03
-1.8346907513e-03
2.3949113714e-03
7.4259185808e-04
-2.7179053513e-04
-1.6595376197e-03
-3.2514320345e-03
-3.1334739299e-04
4.4826415885e-03
9.5090494391e-04
-1.7057479270e-03
9.7709425955e-04
3.3360404553e-03
2.5898367363e-03
6.0571801172e-03
-1.1385235572e-03
2.2998423569e-03
-3.2776523021e-03
1.5345773817e-03
-3.8890469072e-03
5.6330179673e-03
5.9928102020e-04
-5.3046572675e-04
4.8699232927e-03
-1.2763608002e-03
-1.0824003930e-03
6.2553948795e-05
1.8321557327e-04
-2.1382784609e-03
-1.9129932809e-03
-1.2670299876e-03
1.8421078655e-03
2.9953417212e-03
-1.3353908890e-03
-3.8320560847e-03
-4.0348709339e-03
-2.4993593492e-03
2.9662388054e-03
6.5481210479e-03
2.3531287149e-03
1.2165235386e-03
-8.4802871398e-04
-1.3884169253e-03
-4.6248547261e-03
1.5672580212e-03
-3.7515973426e-03
5.9926054633e-03
6.8285399997e-03
-1.4152947256e-03
4.9176049686e-04
-2.7657801379e-03
-9.2662711972e-04
1.8415026141e-03
4.7516790487e-04
-1.8514463658e-03
5.2668771455e-03
-3.2853452550e-03
4.3553181192e-03
3.2079279387e-04
-3.7978089522e-03
-3.7079652360e-03
5.0374237990e-04
3.2050702993e-03
-6.3845781503e-04
-2.0545931401e-03
1.7850125189e-03
-3.7873840055e-05
-1.5195078749e-04
1.6199765380e-03
8.4830501646e-04
-2.6619343995e-03
-2.3870003229e-03
2.5878046244e-03
-1.7673141822e-03
-1.4913815788e-03
-8.9812900259e-04
3.4298865875e-03
-2.7503477730e-03
1.0223973967e-03
-4.8830109523e-04
-1.1321225428e-04
1.6250653437e-03
-1.0493961566e-03
1.4517171558e-03
9.4098069790e-06
-2.9456119245e-03
-2.4655708220e-03
-2.7347170515e-03
9.8238916504e-04
4.0930131629e-03
2.7924959514e-04
-2.8915110851e-03
-3.7512667329e-03
-1.1633025137e-03
-5.9511634032e-04
-1.3969979661e-03
-2.6948484823e-03
1.2148865421e-03
2.8996240632e-03
-3.0584255430e-03
-1.0094418269e-03
1.3493885502e-03
2.7319596534e-03
-3.3565664375e-03
1.3736319768e-04
-3.3096557386e-04
1.2564654780e-03
1.2258580937e-03
2.8587664274e-03
2.3989025731e-03
3.8491150791e-04
-2.5018516996e-03
1.7116106236e-03
1.3085957865e-03
-4.2271039217e-03
6.3934152702e-05
4.0628126446e-03
3.6330078883e-03
3.3483841735e-04
-5.4616999874e-04
-1.8988327371e-03
1.8987232208e-03
-5.6232917816e-04
-2.3787021479e-03
4.6813496168e-03
-8.0662057870e-04
1.2355430607e-03
1.4563279247e-03
2.5455427895e-03
-4.6567353738e-03
7.0548500684e-04
-1.1659172726e-03
3.5330019611e-03
-1.0913607898e-03
7.4224453380e-04
1.1196054183e-03
5.6762270901e-03
-1.8573265110e-03
-1.6830326741e-03
-1.9992763364e-03
-2.7814650331e-03
-9.8784847247e-05
5.4504073737e-04
2.7518295106e-04
-3.0315324719e-03
5.7982983083e-03
-1.8663345370e-04
-9.6700311980e-04
-3.6153357055e-03
2.5625785090e-04
-2.8365488761e-03
-2.1377089438e-03
-7.8738115224e-04
1.3831443174e-03
5.0006343256e-03
3.2624398433e-03
4.0017653525e-03
7.0906551357e-03
-4.6466884310e-03
-3.8190545213e-03
1.4103053026e-03
3.0131005831e-03
-1.3777935938e-03
-1.3760265560e-03
-2.6055397628e-03
6.3646781348e-04
-2.6000608827e-03
-4.6759234512e-04
4.7480301317e-03
-4.8998653946e-03
-1.6535943811e-03
-2.3375442706e-03
-3.5123369894e-03
1.3172758219e-03
-1.0947146931e-03
-1.9895098887e-03
5.3062932328e-03
5.5456496199e-03
-2.8998954245e-03
-5.4833538672e-04
-5.4433838678e-03
-3.0280419215e-03
-2.5508337840e-03
3.0003525209e-03
-1.1234918505e-03
-1.7939816025e-03
1.0739904734e-03
1.9812805395e-03
1.2687710610e-03
3.1199320594e-03
-2.3049999028e-03
1.8301648219e-03
-6.0674998619e-03
1.0133114117e-03
-4.2801112511e-03
-5.8533411665e-03
-3.9195425786e-03
3.2808961712e-03
1.9969572706e-03
-2.4691763889e-03
-2.5922167412e-03
-1.4590584563e-03
9.1181265587e-04
4.2319819476e-04
5.8938631757e-03
7.0465541157e-05
-5.8737483376e-04
-3.3704306991e-03
1.8614215320e-03
-6.6969441234e-04
-2.6425501580e-05
3.2711285144e-03
6.3240095588e-04
-5.4581659667e-04
1.0275589622e-03
-4.1073147311e-04
2.5794444178e-03
-6.6837239634e-04
1.3332650979e-03
-2.1748774635e-03
3.0674964648e-03
-6.6217749545e-04
1.5816008242e-03
-2.8587317490e-04
2.7376311401e-04
1.9410039051e-03
-3.8954688543e-03
2.6804789383e-05
-5.8210330402e-04
-3.4121510813e-03
-1.3293196633e-03
-1.8611891755e-03
-1.3598932799e-04
-1.1933133099e-03
5.6325588303e-03
-2.1102189045e-03
4.9766458307e-03
-2.8190959572e-03
-1.2484402751e-03
-2.0505248228e-04
-4.2135859983e-03
-1.4385960127e-04
-1.8328731401e-03
1.3928332851e-03
2.2967774716e-03
-3.0183970296e-03
-2.8218677752e-03
-2.4492396991e-04
1.2767334572e-03
-1.6244730736e-03
-3.0418319778e-03
4.6626274405e-03
2.1685259628e-04
4.4269072307e-03
-2.6540275075e-03
-3.0284461284e-04
-5.0449198608e-03
8.7869307074e-04
1.4081659008e-03
6.6682960099e-04
-1.4841714432e-03
6.6943743659e-03
-2.1018152343e-03
6.0503043081e-03
-1.9344288698e-03
3.0656207545e-03
-4.1304404949e-03
-1.2124029227e-03
-3.9260414719e-03
2.3957756361e-03
-6.4023090459e-04
-1.6888354471e-03
6.0716412336e-04
1.7749974910e-03
2.4212349113e-04
-4.8826762426e-03
1.1493458164e-03
-5.9707378146e-03
-4.2962695034e-03
-1.5703301225e-03
1.6061753385e-03
3.5922933752e-03
1.9728601445e-03
-3.7799545450e-03
3.5569610854e-03
5.6764532740e-04
2.7778402726e-03
-2.8366152257e-03
-3.7129986678e-03
-1.1083572478e-03
-4.4898553587e-03
3.4981041287e-04
4.4728736239e-03
2.1839757483e-03
-3.1508834220e-03
3.5326748299e-03
1.4294593405e-03
8.0401066617e-04
-8.8657186125e-04
4.1669312791e-03
-2.4103635233e-03
-2.4973333347e-04
4.3811342193e-03
-4.9727338724e-04
-2.5119404593e-03
-2.4801897902e-03
-1.5921252201e-03
-1.2736759224e-03
1.0506323500e-03
-5.8547434295e-04
-1.2222991659e-03
-2.0719254913e-03
2.5987602075e-03
-1.0488578153e-03
4.6690100542e-03
-3.1520203876e-03
1.4135708957e-03
-2.3640221695e-03
8.8830975524e-04
-2.6777661033e-03
-3.9676270873e-03
2.7096939509e-03
4.2232133735e-03
-1.6054057025e-03
3.6768538879e-03
-2.5714759499e-03
-6.7878285566e-04
-3.4657678112e-03
-1.9118005824e-03
-3.0572630165e-03
-7.2363009772e-04
7.6946288342e-04
-1.8943048358e-03
-1.4715142765e-03
-3.8095302484e-03
2.5067109238e-03
-1.8870356209e-03
3.3456305381e-03
2.9115645837e-04
2.9949357191e-03
-2.8129252141e-04
4.8753611490e-03
5.4322817220e-03
-3.7073486870e-03
2.2773675499e-03
3.4977122503e-03
-3.5662213755e-03
2.2091664651e-03
-2.3742183197e-04
3.2466868366e-03
-5.4180860301e-03
-4.5635028496e-04
-3.0759610488e-03
2.8033232618e-04
3.9980825579e-03
2.3236423835e-03
-1.5544334051e-03
-9.3112377680e-04
-4.3890341568e-04
1.5775057410e-03
-2.8876462760e-03
-2.8076749132e-03
-2.0663697433e-03
2.5359153836e-04
-1.1972177510e-03
-1.4121857358e-03
-5.3337707129e-04
2.7142025108e-04
-4.9873622505e-03
-2.8954349325e-03
-1.6332793387e-03
3.5601831118e-04
2.6603796023e-04
-2.9800896059e-03
4.9848731870e-03
-5.8270809405e-03
-2.6183369097e-03
5.2984486464e-03
-3.4092080972e-03
1.2042471760e-03
-3.9716072681e-03
-9.0647986193e-05
9.8767244871e-04
9.5055305286e-03
-3.4997613984e-03
2.2462349889e-03
3.5316911465e-03
3.4261546331e-03
-4.9028969831e-04
8.6365448129e-04
-1.5668353852e-03
1.1088660260e-03
1.8463383044e-03
-1.9345547938e-04
-1.5785301651e-03
-2.0974858142e-03
2.2469831279e-03
-3.6998658523e-03
-2.8174016365e-03
1.5045359971e-03
-3.2859436835e-03
6.2297274410e-04
6.7230289211e-04
-1.3016885266e-04
-3.7795960432e-03
-1.9186912820e-03
-3.8707118514e-03
1.4036308449e-05
5.5136930882e-03
-8.3321541145e-04
7.5953136925e-03
1.1098947950e-02
-2.0299330365e-03
-3.7677328717e-03
-1.4542519590e-03
-2.4316091044e-03
-1.7552090968e-03
-5.0758544494e-03
-4.6709581091e-03
-2.7552170911e-03
-2.7381332314e-03
6.5759683895e-05
-3.3039203741e-04
4.8859791892e-04
3.9800770888e-05
1.3005855435e-03
5.5075089393e-04
-4.8040444326e-03
1.3872410911e-03
5.3534160584e-03
3.3035458217e-04
6.7005304744e-03
3.4870361963e-04
2.1148431594e-04
-1.0900509377e-03
1.2576093776e-03
4.3164037613e-03
-3.7844479571e-04
-1.1688995277e-03
-1.5406594136e-03
-1.4729666508e-03
9.8767930537e-03
8.7749298471e-04
-1.1996568377e-03
-1.8714378394e-03
1.1651648534e-04
-2.3465719388e-03
-2.3358423270e-03
3.5826913108e-03
-1.4442860353e-03
2.5491189399e-04
-2.5180473302e-03
-3.6094871874e-04
-2.1797560101e-03
-2.7780874198e-03
-1.3021265532e-03
7.9644644421e-03
3.3298309879e-03
9.6585319607e-03
1.3397423998e-03
5.0879354364e-04
-2.2906697791e-03
1.0262250831e-02
-4.6775665414e-04
-2.1404513850e-03
5.4345033085e-04
3.3597705380e-03
1.7110158811e-03
-1.6710620467e-03
-2.6317073216e-03
-5.0109432519e-03
2.2493068401e-03
3.8515900230e-03
6.9020254027e-05
-2.0236341683e-03
9.6768359134e-03
2.8198113595e-03
1.9912095325e-03
3.2503675708e-03
-1.9508588803e-04
2.5393368894e-03
3.1446270434e-03
-2.5056415476e-03
2.4019747755e-04
1.9620568179e-04
-8.0220148193e-04
4.9685079007e-03
-4.2836632718e-03
-3.8179144580e-03
2.2351580952e-03
-1.0266954533e-03
-5.0790772658e-03
-4.3844469201e-05
-3.1144449137e-03
-3.3281074347e-03
-7.3589676255e-04
-2.5419707531e-04
2.5374661072e-03
1.4372899086e-03
-1.6271596641e-03
-3.1445269732e-03
2.1316426559e-03
-1.5987078737e-03
-5.0668532919e-03
8.0816538138e-03
1.6872197231e-03
1.7930737197e-03
5.4634328172e-03
-2.5006999566e-03
-2.1613824285e-03
7.2313362943e-04
-1.4610711505e-03
3.1938542972e-04
1.0878194496e-03
1.2228001480e-03
-3.8730402832e-04
5.9606842542e-04
-2.2065979077e-03
-1.4490199740e-03
3.7895468414e-03
2.2095037383e-04
3.9444918574e-03
1.4754629808e-03
-3.0784855249e-04
-2.5654069134e-03
-2.0912523821e-03
1.0246127438e-03
4.4507166952e-03
-2.2445485872e-03
7.0900876392e-04
-1.0158407505e-03
-1.0961449378e-03
-4.8874751107e-03
-3.2619184243e-03
4.0832054571e-04
4.1621616702e-04
2.8619934359e-04
9.8792571499e-03
-3.0551279999e-03
5.0725617447e-04
-2.2757188014e-03
3.1155874236e-03
5.3121214361e-03
-3.3088340656e-04
-4.4488349246e-03
1.7839503544e-03
-9.4687017416e-04
3.2954415782e-03
6.5420089041e-03
-3.7683190671e-03
-2.3041318924e-03
6.1494405157e-05
1.8117673748e-03
2.2578972739e-03
7.4425556855e-04
-3.2120658556e-03
8.7701806526e-03
-1.4352229287e-03
7.5284003884e-04
-3.7565011557e-03
1.9129075011e-04
-1.5407958993e-04
8.9439519613e-04
1.0348924537e-03
-1.8028832254e-03
-1.7274330857e-03
3.1325614287e-03
1.1815759382e-03
-2.8756808569e-03
-2.7473967873e-03
8.4952616577e-03
4.3743307813e-04
5.2080144566e-03
7.0827624139e-04
-2.6152213771e-03
5.5708062358e-03
-5.2821209927e-03
8.5708577277e-03
-3.2989970710e-03
-3.7385095703e-03
-1.1996394684e-03
1.1423520599e-03
-2.4737106781e-03
-1.3448496943e-04
7.9575056060e-03
-3.7687203591e-04
6.6658236706e-03
3.6944256278e-03
-2.8493109096e-03
-5.7698523470e-04
2.6678610603e-03
2.9634149637e-03
1.5802720698e-03
3.1680916684e-03
2.2110511247e-03
1.5837088543e-03
-3.5251001712e-03
2.8079766675e-03
-3.5918323866e-03
-4.8279923919e-03
3.6651563999e-03
3.4638749813e-03
1.3620139290e-03
6.6847534300e-03
2.4557147691e-03
-7.6216902362e-04
-4.5435552028e-03
4.3421779836e-04
5.5032284574e-03
-3.9676146609e-03
-1.2597718366e-03
-2.9080343663e-03
-1.5212591845e-03
-9.7472377828e-04
-2.0564196878e-03
2.4052705996e-03
-1.0142408101e-03
4.7272292962e-03
-5.0434399863e-03
-7.1471722557e-04
1.8397359442e-03
-1.2878098731e-03
9.4635547771e-04
-9.5800415098e-04
3.5050631437e-03
-3.9359551264e-03
1.9147858275e-03
7.0486757907e-03
-5.6964267209e-04
-3.7797038920e-04
-1.7035307206e-03
-1.3250749632e-03
5.8204139669e-03
3.9128042216e-03
2.3368514103e-03
-1.3143247118e-03
1.3427567355e-03
-5.2239241323e-04
7.1227035170e-03
-1.7723295847e-03
-3.7249587156e-03
-9.6552910004e-04
-1.9948949942e-03
-2.0821101094e-03
-9.1821765682e-04
-1.0580381971e-03
3.9325845497e-03
-2.9526896425e-04
-6.3490469549e-04
-1.9260728093e-03
-4.5932944577e-03
-1.1967424239e-05
-1.7445363403e-03
-3.1857647261e-03
4.8467701407e-03
3.4938769192e-03
-3.4183674991e-03
-2.6725611164e-03
-2.3095562659e-03
-1.7605329903e-03
-2.6843550664e-03
-4.4933646501e-03
-3.0953577606e-03
1.9331951805e-03
-3.3783212071e-03
2.8023458559e-04
-2.8126855097e-04
-1.3138072337e-03
1.4504889409e-03
1.6284592028e-03
7.7728188736e-03
-4.4173399138e-03
9.2105039240e-04
4.7343481718e-03
-3.5820940961e-03
2.5655147577e-03
-4.0924047222e-03
-2.0677209464e-03
-4.1248190744e-03
7.3446281410e-04
3.0863139115e-04
2.1608366163e-03
1.4472270301e-03
-1.0301642623e-03
-2.1662525063e-03
3.3023276422e-03
1.5916677446e-03
-5.0610090373e-03
-3.3697399115e-03
6.7908480232e-03
7.6531266059e-04
-1.6960392342e-03
5.0349995159e-03
-3.7519238624e-04
-6.3624314650e-04
-4.9257931008e-04
-2.0864196993e-03
-4.2689831316e-03
3.5606682811e-03
3.7516130803e-03
2.1482247170e-03
-2.6311971929e-03
-3.4188625551e-03
-9.3675793123e-04
5.7540513362e-04
4.3944318079e-03
-3.4012797032e-03
-1.6842775217e-03
6.7939107540e-03
3.4547265697e-03
6.0540073440e-03
-7.7863627561e-04
2.3272018067e-03
-6.7274884036e-04
-9.7079600692e-04
2.8861060503e-03
9.1559122789e-03
-2.7068695299e-03
-3.5935025059e-03
-3.9594400343e-03
4.9040750655e-03
5.9943774827e-04
-1.8656906009e-04
8.6821784095e-03
3.7097551411e-03
-2.6807984404e-03
7.1402958845e-04
-2.7119927613e-04
4.3240017358e-03
6.8888128020e-03
1.9735879753e-03
4.6573753227e-03
1.5024791796e-03
8.7990379366e-03
-1.7904504392e-03
2.4122198352e-03
-1.5076761567e-03
1.7306461300e-03
3.7365299731e-04
2.7838022609e-04
-3.9412877164e-04
-4.4522725955e-03
1.7209576716e-03
-3.1946293416e-03
1.1058759662e-03
1.6480013429e-03
-1.6753103487e-03
-3.0320350648e-03
-3.0131800182e-03
-2.2807359402e-03
-1.6827675260e-03
-4.3433235326e-03
7.0648456663e-04
-1.5947499502e-03
4.3962663531e-04
8.9798187454e-04
-4.4222895315e-03
9.7281939380e-05
1.4357502959e-03
-1.6987471046e-03
-2.5828570753e-03
3.3432571311e-03
6.2201433955e-03
-9.1272713959e-04
6.4663904818e-03
-3.9485846584e-04
5.9665297229e-04
2.9078953398e-03
-1.1737690360e-03
4.9548077663e-03
4.9352197159e-04
2.4973209974e-04
2.8213843702e-03
1.5406681405e-03
-4.9338477985e-03
4.0129785213e-03
1.3061518482e-02
5.9084435500e-03
-2.7313318181e-03
-1.1559874858e-03
-1.0680733622e-03
-4.5125210361e-03
-3.9960517960e-03
2.5496026194e-03
4.0273881436e-03
-2.6394592298e-03
-1.2405966630e-03
9.2677853647e-03
-1.8927290451e-03
-3.0601914634e-03
3.5565992481e-03
-3.2043944855e-03
1.4303315037e-03
-3.5364206402e-03
-9.7103680438e-04
1.8748376453e-03
6.9557998588e-03
2.1226821083e-03
3.1188523291e-03
-2.7053288061e-04
1.7688293109e-03
3.6750834844e-03
-2.2697130034e-03
1.2673140512e-03
-3.9526721995e-04
6.5371378770e-05
-3.2663634215e-03
6.3363205998e-03
-5.8276430213e-03
-3.4004014511e-03
1.7369994389e-03
1.4463573200e-03
2.3389052415e-03
-6.1904260320e-04
1.2667669467e-03
5.2993267876e-03
-2.0322963755e-03
-2.1603530812e-03
5.7800254068e-05
3.8446469616e-03
-1.9777486174e-03
1.2883886402e-03
1.4777421833e-03
1.0190241169e-02
1.1090975376e-03
4.1700633263e-03
1.0585978300e-03
-2.0595500432e-03
-4.2255207311e-04
-6.9580589467e-04
4.6466812021e-04
2.4396018076e-03
3.5779687588e-03
5.3944408530e-03
1.3060293529e-03
-1.7760336873e-03
-1.9386442205e-03
1.1357286431e-03
3.3790907323e-03
2.2872625781e-03
1.6332998942e-03
-9.8306695796e-04
3.5938971932e-03
-6.4322965682e-04
2.5106631284e-03
3.0621961480e-03
1.5637585626e-03
3.6384771692e-03
4.5228275215e-03
1.1282586677e-03
-8.3576168947e-04
-4.6835148333e-03
-2.3540105160e-03
5.9127292088e-03
1.1238496041e-03
3.6293350299e-03
-2.0779525387e-03
-6.3826780290e-04
-2.3834955334e-03
-1.2247483767e-03
2.1062935700e-03
-5.9261105883e-04
2.4590691759e-03
6.7696912835e-03
3.5339367568e-04
-8.4729595224e-04
-2.4912887793e-03
-3.0457530177e-03
3.0051858985e-03
-1.1539063043e-03
4.5818766018e-04
7.1236173593e-03
1.2024091137e-02
9.7803842038e-04
-3.3449184419e-03
-2.3873833075e-03
8.6139928100e-03
5.6682137589e-03
-5.5259571066e-03
-2.9008836877e-03
-2.3005062116e-03
5.7184998534e-03
5.4895199795e-04
-3.5977682223e-03
7.9781070921e-03
-1.5090752641e-03
-1.7039142199e-03
7.8388555544e-04
5.4055828364e-03
-8.9418681207e-05
-2.3341716930e-03
1.3386600082e-03
-8.8147889558e-05
-5.2500017586e-03
4.0608419759e-04
1.6556751267e-03
1.3094668012e-03
-1.9566575735e-03
-1.8841506936e-03
3.0484146847e-03
-2.5924284580e-03
-3.5713176261e-03
1.7012415418e-03
-2.8946162082e-03
-3.5060670090e-03
3.2262169274e-03
-1.0794957837e-03
-4.3244284253e-03
-5.6273363827e-04
2.9554440345e-03
2.9888778136e-03
-5.4849121489e-03
-1.3233552728e-03
-2.2292402706e-03
6.0049703440e-04
-3.9871624906e-03
-3.6102330377e-03
-3.7208852358e-03
1.6452758682e-03
3.6582264371e-03
2.7483737380e-03
-3.5751703751e-03
-2.2149711538e-03
8.9468294155e-03
-4.8835706618e-03
-2.1235052451e-03
4.9808799102e-03
8.6012563677e-03
-3.4025287363e-03
7.6438648902e-03
-5.7073470160e-04
6.3083594882e-06
-4.7459060455e-03
-2.6618572377e-04
-3.4798229952e-03
-3.9669535719e-03
3.4442700146e-03
3.7121120274e-04
7.8801729919e-03
-1.9063965394e-03
-1.3691599431e-05
-2.5209591269e-03
1.9175401096e-03
-1.4299728053e-03
-3.5976158946e-03
4.9075120405e-04
9.9406428785e-04
-3.5407707167e-03
-2.8536136463e-04
1.5407487771e-04
2.3548105617e-03
3.3631742663e-03
-1.0335753280e-03
-3.5309147359e-03
4.9598820088e-03
-2.1134971149e-03
4.3742382624e-03
6.2227376871e-03
2.6998227968e-03
-4.2402407331e-04
-4.9715332806e-03
-1.1321248729e-04
-3.9316489576e-03
1.2674279453e-03
-6.2102622631e-05
3.0267456062e-04
-4.2405020306e-04
-4.4761385356e-03
3.1513162677e-03
6.1502636354e-03
3.1808091606e-03
3.9909723748e-03
-7.3469761759e-04
-3.6236437720e-03
7.5891660526e-03
3.6144342524e-03
3.1828341370e-03
-2.5821803401e-03
-1.5588159598e-03
2.3561052289e-03
-1.1656432502e-03
2.4409167026e-03
-2.0029077608e-03
-1.3079899742e-03
5.5268944995e-03
2.4842937260e-04
2.3288772020e-05
1.9324618770e-03
-5.1789731652e-04
4.3008146640e-03
3.3853793171e-04
1.8601715625e-04
1.9283318150e-03
2.0483286143e-04
3.2197592671e-03
-2.2609346452e-03
5.8380850129e-03
1.7327449588e-03
2.7874803716e-03
-3.4290761901e-03
-1.1733969947e-03
6.7417953504e-04
2.3009629007e-03
1.0315429475e-03
-3.0423147267e-03
2.5950696674e-03
2.6091108115e-03
-7.0746074134e-04
6.6844668796e-03
8.2658466775e-04
8.3451226229e-03
1.7936116591e-03
-4.7577734508e-03
6.1755710592e-04
5.5722526459e-04
-2.4208706939e-03
-2.1861581416e-03
2.6115524768e-03
2.0755110633e-03
-2.0578735525e-03
-6.7749323479e-04
-5.1895091141e-03
4.1109670401e-03
1.7934509439e-03
-1.2962559994e-03
1.8089407395e-03
-2.9672952063e-03
1.1193938138e-04
7.2097774275e-03
6.2697803053e-03
3.4692544256e-04
1.5655337602e-03
-3.6158176005e-03
3.4838842357e-03
-1.0177188274e-03
-3.8746995662e-03
-4.5481321819e-04
-2.5202698288e-03
1.0815328764e-03
-4.7737198056e-03
3.3015079676e-03
-1.6618660718e-03
-9.8263683555e-04
-1.4147490496e-03
-9.3965000461e-04
-3.3751395751e-03
-3.8902306097e-03
-3.9930107097e-03
1.1851967727e-03
-1.2643913106e-03
3.2709074790e-03
-3.5069433601e-03
1.2805723479e-04
-3.1674818314e-04
3.6712645985e-03
5.7250552762e-03
-1.1916799776e-03
-1.0342061253e-03
-3.6485564812e-03
-1.4894357082e-03
6.4926034697e-03
-3.4354400303e-03
-1.6276628761e-04
3.2926436760e-03
-3.3995943746e-03
1.5566187840e-03
-1.8494440797e-03
2.8171823662e-03
4.7523674313e-03
-2.0750011158e-04
1.8085872966e-03
4.9129829660e-03
-3.0261322645e-03
9.7560492867e-04
-3.2048195161e-03
5.2305063454e-03
-6.2216421098e-04
-6.4375222896e-04
6.5812263352e-04
2.2196021640e-03
6.4981380074e-03
2.7209408012e-03
2.7680921485e-03
6.0071703352e-03
-4.7791434229e-03
1.2469168425e-02
-1.2368079568e-03
2.1336740274e-03
1.2418636461e-03
8.1883934040e-04
3.4902071710e-03
-4.2975227367e-03
4.2219017089e-03
-2.2944826223e-04
1.2586153596e-03
-2.6094975103e-04
8.2939900366e-04
-3.7075868352e-04
2.5620079758e-03
2.5309315642e-03
1.2274037045e-03
2.4698931945e-03
-2.6778144821e-03
-2.2842783979e-03
1.1988987663e-03
1.7296359584e-03
5.9737020804e-03
5.8096638905e-03
-1.7152322072e-03
8.3107022291e-03
1.4356333920e-03
4.6740454651e-05
-3.6114366924e-03
-7.3684794371e-04
-1.5222717970e-03
1.1906720407e-03
7.5002180965e-04
-2.0530121653e-03
1.5235077717e-03
2.1003753938e-03
3.9138268801e-03
1.1511467311e-04
5.4690386044e-04
2.1337822779e-03
-1.6209000119e-03
-1.1395730828e-03
7.2656429613e-04
-1.2055454697e-03
4.9869363980e-03
1.7262292239e-03
5.0942474138e-04
3.7911724154e-03
-3.1847492645e-03
1.5029615256e-03
2.0412191438e-03
-1.3207588586e-03
1.9268583294e-03
-7.7202828489e-04
-2.8478074884e-03
-1.5450839942e-03
3.2364229677e-03
-8.8195118392e-04
-2.3551983178e-03
-7.8745360066e-05
-8.3997690420e-04
3.5230907344e-03
-4.6681768706e-03
-1.3756392159e-03
-8.0106771399e-04
-8.4322520317e-04
2.6219085732e-03
-2.3103680417e-03
8.2977136599e-03
4.3257414793e-03
3.2147850925e-03
8.8608934225e-05
4.5441628348e-03
-4.2146067412e-04
-9.8524692969e-04
-4.6209497613e-03
-2.1672912942e-03
3.7551073995e-03
-3.5625277766e-03
-1.9670127938e-03
1.8803414571e-03
1.7350719325e-04
-3.9879976950e-04
1.1897535560e-03
1.3438152051e-03
5.8008472929e-03
-2.4378251083e-03
3.4727521489e-03
-3.5865086045e-04
-1.2276069317e-03
2.6792564995e-03
-1.7222421887e-04
-2.0150030641e-03
-5.6956976652e-04
2.0553055323e-03
5.2208433172e-03
-1.3011742723e-03
-3.0964810884e-03
3.2368993739e-04
-1.8742500993e-03
3.6410050818e-03
5.9367100519e-03
3.8364125133e-03
2.3081060030e-03
-2.6094362051e-03
5.5467160434e-04
-1.3670114776e-03
-3.5787972124e-03
8.5052967560e-04
2.2651320575e-03
-2.9705764282e-03
2.0068288062e-03
-2.0929284230e-03
-2.0869803953e-04
4.3643384959e-04
-3.6482449836e-03
-1.4442909809e-03
1.5560841059e-03
1.5504912265e-04
4.1654903028e-03
-1.2580393034e-03
1.7131295626e-04
-9.7636630151e-04
-3.4627727064e-03
-2.4224608066e-03
3.7962532283e-03
-2.7789524887e-03
-3.3159845707e-03
-3.1453181618e-03
6.7460101146e-03
-1.1591691062e-03
8.8007159298e-04
-5.0370104597e-03
4.8341679409e-03
7.9286227076e-04
7.4023764592e-03
-5.4356493519e-03
1.3215007904e-03
-1.5643067570e-03
2.3084705375e-03
-1.2783834036e-03
-1.5775349617e-03
-3.3430824045e-03
-4.8085001322e-03
-1.5285586500e-03
-4.3149433189e-03
7.9642220211e-05
7.9978312162e-04
1.4176802203e-04
-3.0901853806e-03
1.9134594643e-03
-5.6434300950e-03
1.2360169044e-02
4.1339946111e-03
2.2311070070e-03
3.1916182840e-03
-1.9621689731e-03
-1.5402739926e-03
-1.2185645353e-03
-7.0301525005e-04
6.2783970296e-03
3.4718117028e-04
1.9557366038e-03
-4.5663105918e-03
1.2218418753e-03
5.8035745803e-04
-3.6963524491e-04
-4.3092764458e-03
-3.5283787937e-04
4.5348718497e-03
6.7380544727e-04
2.4280422180e-03
-6.6865020249e-04
-9.0707007117e-05
-5.1919628262e-04
4.6665009162e-03
2.7146440053e-03
-2.7275388237e-03
-1.7363372581e-03
2.8748968857e-03
6.5279632426e-04
-1.1203034250e-03
2.6665467007e-04
-3.3340016605e-03
1.7513883989e-03
-3.4221826901e-03
-1.8647286472e-03
-2.0086681263e-03
-3.7088766351e-03
-1.7969005517e-03
-2.5487245759e-03
7.1651589077e-04
-2.1675465723e-03
2.1076465569e-04
-2.6459332142e-03
-6.6158448498e-04
1.7915084021e-03
-2.8275302885e-03
-3.8100097629e-03
-6.0184620199e-04
5.8543222912e-03
-4.0108837631e-03
-9.9250809703e-04
-9.1279063371e-04
1.2767980249e-03
4.1725092180e-03
-3.4493844255e-03
-2.3017792861e-03
8.6366864249e-04
-1.9936834749e-03
-1.0608166484e-03
-2.6931923531e-03
-1.2473215995e-03
-5.1572733594e-03
3.5473581470e-03
1.7713255829e-03
2.0561422977e-03
4.5619383840e-03
-2.2913558847e-03
-6.2688050977e-03
4.3449270824e-03
-1.7057797969e-03
1.9417061376e-03
-3.2360531801e-03
-6.3990535660e-04
-2.8716111856e-03
-2.4838446826e-03
-3.2528087325e-03
-1.1000955064e-03
-1.3925818786e-03
-8.3133728801e-05
2.6012943048e-03
-4.6068582482e-03
-2.2779515987e-03
-2.0663741035e-03
-4.0184814346e-03
9.7203701325e-03
-9.2944052459e-05
8.6438296251e-04
2.6297756132e-03
-3.4574781960e-04
-2.3517645621e-03
-9.1749652408e-05
-2.4814644761e-03
8.9234555655e-05
-1.4859465733e-03
-2.7258266369e-03
3.4523167938e-03
-1.2342264202e-03
2.0515915278e-03
-4.3209469879e-04
-5.9763262021e-04
-4.9754533679e-03
1.9834661312e-03
-1.6934356936e-03
1.1405161320e-03
8.5641955023e-04
2.8485078419e-03
-2.3651634045e-03
-2.1457456033e-03
1.3358441150e-03
2.6695774611e-03
-1.1706499935e-03
5.5054352647e-03
-2.2079000090e-03
-3.7358016387e-04
3.9316557797e-03
-1.5074572078e-03
-7.3261022655e-04
2.8781261598e-03
-2.4762011265e-03
-8.0174661357e-05
4.6779071971e-03
9.9544618287e-05
-4.5468229477e-04
-3.4717518955e-03
-9.9228241507e-04
-1.4012454344e-03
5.8776334978e-03
7.2105349735e-04
3.9057042318e-04
-2.7376956235e-03
6.0660893653e-04
3.6005558190e-03
8.3213792563e-03
-2.4548824352e-04
6.8457531641e-03
-1.3373530938e-03
-3.0663565708e-03
-1.3430167391e-03
-6.7105269913e-04
-3.0051853721e-03
4.8844507669e-03
1.4248659703e-03
6.7553618549e-03
5.3724096301e-03
3.1542780619e-03
-8.5916969000e-04
4.3710079813e-04
-1.7024763793e-03
-2.1579536833e-03
5.7657624629e-04
1.1357510909e-03
4.7619512608e-03
-2.6248426051e-03
2.8235629805e-04
4.3030432866e-03
-2.2687747155e-03
-2.1773409288e-03
-7.7727001129e-04
3.2680700642e-04
4.5595565489e-03
-3.7628135388e-03
1.0767917239e-04
1.5604003671e-03
-1.9002508354e-03
-3.6440359488e-03
2.2112628623e-03
-1.5069603871e-03
2.0596470018e-03
-5.2969362026e-03
-4.5451376543e-03
2.1849718415e-03
-8.7845417030e-04
2.0349005528e-03
4.9111810128e-03
-1.7558969412e-03
-1.2353728822e-03
7.4025962976e-05
4.6419797020e-03
5.9483945681e-03
4.7608224576e-04
-2.6564266867e-03
1.1013429520e-03
5.2139373022e-03
-2.2353870566e-03
-3.0793916353e-03
-5.3840351463e-04
-6.7950165929e-04
-2.3990247185e-03
2.2125731776e-03
-1.2281034190e-03
2.2945872350e-03
1.0211875333e-04
7.1136512272e-04
2.7012729374e-03
-2.8932552495e-03
5.6427310390e-03
-4.7158321421e-04
-1.8037415120e-03
-5.7061043136e-04
-4.2342237269e-03
-4.5947645313e-03
-3.1405320539e-04
2.1463745682e-03
1.0321627628e-03
2.6501675815e-03
-7.9756387857e-04
1.9377555680e-03
1.9306818488e-04
-1.3326209529e-03
-7.8456308851e-04
-2.5704388868e-03
-1.8070694334e-03
-4.2879249905e-03
-5.7095235661e-03
-5.2853143402e-04
-1.2535476925e-03
-2.1257285666e-03
1.4908518905e-03
-3.7140883188e-03
-1.2285733619e-03
-2.5646080592e-03
-7.6777683632e-04
6.6748579646e-04
-3.9433226091e-03
-1.9795341638e-03
-1.1041274730e-03
6.2559016311e-04
4.7692559616e-03
1.3922624667e-03
-5.3458053040e-03
-2.9602808073e-03
-4.6291451572e-04
1.0795242315e-03
2.9567490966e-03
-2.7929144510e-03
-2.1241793482e-03
-2.9097565521e-03
-2.0691061714e-04
-5.8866930156e-03
-1.9885043853e-03
-1.0205973723e-03
1.7626639138e-03
7.4007621030e-03
-3.3705755773e-03
-2.9073371996e-03
-1.5512397448e-03
1.9907865499e-03
7.0059459345e-03
-5.6015269612e-04
-3.7096546327e-03
3.0756772701e-03
-2.1354690783e-03
-1.3836801355e-03
-4.1316805068e-03
7.6665935032e-03
1.0654529960e-03
-3.6423357439e-03
2.1445902912e-03
5.7133090551e-04
1.2349185454e-02
-2.9745736551e-04
2.2417314967e-04
-5.7176131160e-03
1.6295301267e-03
2.4534775920e-03
-8.2139171231e-04
-4.6785131042e-04
1.3754559589e-04
3.6158163961e-03
1.2929018434e-03
1.0736244870e-04
-2.7320462196e-03
-3.9671634134e-03
5.4609353572e-03
-3.1600986003e-03
-1.0143446841e-03
2.4752225445e-03
9.2342230296e-04
2.9640156771e-03
6.3689004200e-03
3.1066477690e-03
-1.7394953674e-03
-6.9831942053e-04
1.6038212021e-03
5.2480427305e-04
-4.0417193622e-04
-9.0902474155e-04
5.7731828455e-04
-1.2190646752e-03
-1.5405773757e-03
-2.5467657173e-03
-3.7402818140e-03
-2.0519568501e-03
3.8477108885e-04
-2.2087887387e-03
8.9909985672e-04
3.8572469425e-03
-3.1355842797e-03
3.2096412381e-03
2.1510451262e-03
-1.2815637189e-03
3.5873407751e-03
-2.0073500114e-03
-1.4596084751e-03
7.2178618473e-04
-7.2296465102e-04
-3.3066382114e-03
-2.0803491861e-03
-2.8164678395e-04
-1.6448018447e-03
9.6628493029e-03
1.1004903070e-03
-1.7351915191e-03
1.8938662311e-03
-2.5695761816e-03
3.1457817940e-03
9.3696898410e-04
-2.3850930139e-03
-4.9377444682e-03
3.9499489350e-03
-3.8775680960e-03
1.2134915841e-03
1.3934022774e-03
1.4249027080e-03
1.5298847155e-03
6.2607517691e-03
6.0735356541e-03
-9.8025383501e-04
-1.6694842475e-03
-3.9643251460e-03
-1.4229992002e-03
1.5234290830e-03
1.2928794536e-03
-1.2357934086e-03
2.9390471512e-03
7.0297078076e-03
-2.0373361516e-03
-2.0291728949e-04
7.4234300048e-03
2.3148594831e-03
7.7233099103e-04
-3.1617148791e-03
2.3960849665e-03
-5.1802224710e-04
5.8210226630e-04
-2.3358945180e-03
4.1835773314e-03
-3.1963278590e-04
3.8966659521e-03
2.2493250583e-04
4.3839754900e-03
-1.8125380398e-03
-2.1680135003e-03
-4.3640291797e-04
3.0246118819e-03
-1.0007646973e-03
-3.1876687293e-03
1.1459332040e-04
-1.0154182909e-03
3.3883862151e-04
-1.2472239709e-03
-1.7302352611e-03
-3.7985777012e-04
4.9343937769e-03
-1.9360755469e-03
1.2526436497e-04
4.1094116077e-04
-2.0921805524e-03
-5.9505696652e-05
4.1678220476e-04
3.2451173724e-03
-4.5009779443e-04
-6.0427675592e-05
-1.4448218551e-03
-1.5913703920e-04
4.5560288809e-04
-1.2542429331e-03
-1.6641891087e-04
3.7319219690e-03
1.8800728026e-03
4.2926370616e-03
2.6619027942e-03
-2.9411032366e-03
-2.0520203212e-03
1.5820984216e-03
-1.4319355596e-03
3.4544831724e-03
2.4741848224e-03
3.3387234565e-03
5.7311849663e-03
-3.3725529466e-03
-2.4269394779e-03
-7.1601931765e-04
6.9579374317e-05
-1.4725828818e-03
3.2790887461e-03
5.2182266023e-05
3.2594507541e-03
-3.2413561369e-03
9.4442902738e-04
2.5391416197e-04
-2.1280938949e-03
-4.6587095440e-03
3.9608758973e-03
-2.0783188963e-03
-2.2312865218e-03
-2.5419653167e-03
3.7274889971e-03
-8.9246004317e-04
-4.1688969454e-03
3.2903297965e-03
-5.2295856790e-03
-2.1558754170e-03
2.6520840238e-05
-2.2763529311e-03
-3.0485613466e-03
-1.5624355127e-03
-3.2391542117e-03
2.1179042593e-03
-9.4930126782e-04
-1.5222164320e-03
4.4345971448e-03
-1.2550990275e-03
-1.9357298538e-03
1.1491250021e-03
2.4691876005e-03
1.7864908080e-03
2.9506941765e-03
8.2081889110e-03
1.0050194371e-02
1.6379882399e-03
-2.0007113095e-03
3.2123379044e-03
-9.2690913963e-04
-4.2006875600e-03
-2.5234049658e-03
-2.7693103922e-04
-8.4485783770e-04
5.2007349176e-05
-1.3138574624e-04
1.2774189019e-03
1.5225174150e-03
-9.7766580768e-04
8.6191700710e-04
-3.4436391478e-04
4.0407695777e-03
-2.3061752453e-03
-2.3461390977e-03
1.8840768954e-03
1.7486478307e-03
-5.3738893358e-03
9.7466737594e-04
-3.7238548218e-04
-1.5261882139e-03
7.3858230445e-05
-4.7791768805e-03
-3.0117623106e-03
3.5038736022e-03
-2.9380834719e-03
-5.3244224863e-05
6.0200898967e-03
6.4456050848e-03
8.1688242935e-04
4.7505737539e-03
-2.3876184876e-03
-1.1169245990e-03
6.3970337706e-04
-3.5723455516e-03
-1.4360354697e-03
-1.2779343272e-03
5.1211677130e-03
6.8258521666e-03
-6.9415739595e-04
-9.1411036811e-04
-4.0655213328e-03
-2.1488979431e-03
-9.3119003501e-04
2.4356519392e-03
-2.9430070732e-03
-3.6138899557e-03
-8.8856151261e-04
1.4690591342e-03
-2.9197816265e-04
-4.1884749224e-03
-2.8829888192e-03
-3.3906168447e-03
-2.1969316108e-03
1.9042772956e-04
-4.0464511441e-03
-5.8487903112e-04
-2.1728379429e-04
-1.7167766497e-04
-1.5853225257e-03
-4.9001152525e-04
2.8395604852e-03
7.1042233827e-03
-5.0799360982e-03
1.2168218668e-03
-2.1820715360e-03
-1.4197385162e-03
-1.4486672308e-03
-1.1404422858e-03
-2.1660651621e-03
-7.1675998484e-04
2.3509508225e-03
9.2670874587e-03
-2.1483199546e-04
-1.1701034429e-03
-3.0423266735e-04
2.4431870789e-03
2.9523575717e-03
-8.4491377196e-04
1.7918422166e-03
-2.9674568240e-04
-1.3774067204e-03
-3.0194557578e-03
1.9261188863e-03
1.9101559950e-03
-9.6514723229e-04
4.5563746587e-03
6.8876210874e-03
-3.2094932109e-03
3.9694571658e-03
-2.1620621898e-03
1.4421971695e-04
-2.5157823584e-03
-2.4459512552e-03
2.2638019766e-04
-4.5097107408e-03
-5.1618757181e-03
3.4451515432e-03
-3.9623700412e-03
-2.9929600735e-03
-1.8152258380e-03
-4.7637905826e-04
7.9885404982e-03
-6.9697708457e-04
-3.9567590961e-04
2.1087643643e-03
4.4657017381e-03
4.1880617630e-04
2.2664416543e-03
1.7434892032e-04
1.8892199613e-03
-4.5308034496e-03
3.5329806547e-04
2.2646205547e-03
-6.7420525839e-04
3.6011789527e-03
1.5471080768e-03
-2.5327506623e-03
-6.1379656589e-04
-2.2222245376e-03
-3.8249426884e-03
2.5797876456e-03
3.2450601566e-03
3.7623960786e-03
-1.4877982719e-03
-5.2957911156e-03
2.2970408829e-03
1.0139764550e-03
-2.7832986217e-03
-3.5983913664e-03
3.9435059303e-04
-5.3523451277e-03
-1.2347446398e-04
7.9725822782e-04
1.0626879237e-03
1.8557159723e-03
1.8154056903e-03
1.2989524011e-03
-8.9406381593e-05
-2.2888211665e-03
-4.4037332993e-04
-4.4566133605e-03
6.0584491588e-03
-3.2863358595e-03
1.4495604472e-03
-4.7621780642e-03
-3.4851213969e-03
5.9123100885e-03
5.1778294363e-06
-6.8703750903e-04
7.9299779721e-05
5.1536978469e-03
4.9093105212e-03
-7.4883702695e-04
5.0041664995e-03
-1.4440465652e-03
4.0797047943e-04
4.5769478217e-03
1.5322845299e-03
7.7175057731e-03
3.9645114153e-03
-3.0825146135e-04
2.7582819950e-03
-4.6074336079e-03
-3.2496523597e-03
-3.1444686682e-04
-3.0983524873e-03
-4.1176794730e-03
-4.9339963518e-04
-1.7792415854e-03
-1.7367804689e-03
1.4718852455e-04
-2.3451092384e-03
-1.6376679637e-03
1.7048604763e-03
-1.6803923786e-03
1.9983359648e-04
-2.2396544436e-04
-5.0577611542e-03
1.6211474367e-03
-1.7607657867e-03
-5.6305665647e-03
8.8762657439e-04
-2.7282532410e-04
1.0031491043e-03
2.6069814296e-03
1.7747055990e-04
1.2878814269e-03
-1.5826561077e-05
7.5375256904e-03
1.1279765186e-03
5.0188026776e-03
-2.8778799176e-03
2.7143312223e-03
-3.6300998941e-03
8.6414476562e-04
2.7830114798e-03
-1.8967936120e-03
-2.1058575251e-03
-3.0004717884e-03
4.4471499887e-03
-1.7790978493e-03
-3.1700337384e-03
1.0098935020e-03
-4.2976470727e-03
7.0428859619e-03
4.0457260563e-03
-3.7392922366e-03
7.2896192198e-04
2.8203004172e-04
-1.6502442128e-03
1.6031315949e-03
3.1230809937e-03
3.0889464686e-04
-3.4850591047e-03
-2.6748637334e-03
-2.3363546142e-03
-9.4598142621e-04
-1.2446838981e-03
1.5903347837e-03
1.9473275135e-04
4.1247276176e-03
4.0237909844e-03
-2.2440647134e-03
-1.3891531240e-03
-8.5530091691e-04
-4.5357018092e-03
-8.1611576365e-04
5.9915010543e-03
3.4929807660e-03
1.7549160330e-04
-4.8208282872e-04
-2.3684275080e-03
-4.7021526660e-04
1.3038654092e-03
1.3513894660e-03
-2.5413910482e-04
1.0353858095e-02
-2.0837489416e-03
-2.0918457614e-03
-3.0830618263e-03
4.8690866759e-03
3.7036666770e-03
-3.5322953718e-04
1.2690373921e-03
-1.5865137911e-03
2.8365750105e-03
1.7067152650e-04
9.8077793729e-03
-1.5615495881e-03
-1.1737913563e-03
-2.9370359512e-03
5.3859810643e-03
6.3045846622e-03
-2.0536194574e-04
-2.6788365449e-03
-2.6853464129e-03
-1.6696898432e-03
-3.7749155905e-03
-5.2319737641e-04
2.6430914255e-04
-1.2147674305e-03
2.0929551348e-03
-4.7796444662e-03
-2.2793244071e-03
3.7866696155e-03
-1.0520726344e-03
-3.8375100895e-03
-2.5248393379e-03
-6.5627232810e-04
3.1829106403e-03
-4.8400042810e-04
5.1506919668e-03
-3.6810002059e-03
-1.9322921121e-03
2.7683285793e-03
-6.3734386568e-04
3.9785442562e-03
1.1203233777e-03
-4.9367179553e-03
-1.5438614012e-03
1.8914735553e-03
-1.1377330886e-03
-9.8248342586e-04
-2.2102552870e-03
5.1907860245e-05
-1.0674739168e-03
2.4744802765e-03
5.2918710793e-03
2.7185832381e-03
1.8637438974e-03
-4.3454926027e-03
3.1893751560e-03
-5.5917182574e-04
-3.6486660047e-03
2.5893629348e-03
-5.8931118659e-04
3.6010105905e-03
1.8552610105e-03
1.1490852796e-04
-1.2324363914e-03
-3.9667517047e-03
4.5597734885e-04
-1.6195473408e-03
3.7354705951e-03
-1.6746125765e-03
-5.4001372935e-03
-7.5397104515e-04
-3.9678123511e-03
-2.1184982214e-03
-7.2991673878e-05
8.8325732290e-03
-6.1066321173e-04
-3.5333244738e-03
-2.8722497308e-03
-2.3280818495e-03
-1.2848833964e-03
-1.6637004051e-03
7.4969471049e-05
-3.9115776248e-03
-1.0311724445e-03
-1.6502737249e-03
-2.3114876178e-03
-2.4690474166e-03
3.2617920171e-04
-3.0792126046e-03
-2.9614246105e-03
3.1003103846e-04
-1.7999629226e-03
2.4147652550e-03
9.3222376380e-05
-1.7445884861e-03
-3.3995747786e-03
-2.6923324585e-03
5.8288518338e-04
3.8180306154e-03
3.1143635398e-04
-2.3713591156e-03
3.1875900941e-03
-2.8759424031e-03
2.0112970679e-03
2.5507391983e-03
-1.9327876540e-03
1.2581335721e-03
1.6341714848e-03
1.9996442982e-04
-8.8863301172e-04
-9.0673464185e-04
-2.8506459347e-04
-2.7758579725e-03
-3.9501346172e-03
3.6963194922e-03
9.4748725273e-05
-2.7933392112e-03
1.6197089152e-03
-2.2708502224e-03
-1.6852442916e-03
6.4914661175e-03
-2.1696847547e-03
1.7090838141e-03
5.2554658605e-04
5.3360089830e-03
-2.3958421336e-03
6.0476794133e-04
3.0938545619e-03
-5.4383466921e-03
-1.0988035794e-03
-4.0261519251e-03
-2.6578405608e-03
4.3059690030e-04
-5.7702623507e-04
-2.4458366112e-04
-7.1323219574e-04
5.3084007542e-06
3.5310121894e-03
6.4627298662e-03
2.5391930098e-03
-3.0888308112e-04
1.6734756233e-04
-1.8869044105e-04
-5.0785527608e-03
1.1246038502e-03
-1.4318619024e-04
1.0582674949e-03
-3.4515982755e-03
-1.1657877401e-04
4.8412953162e-04
-2.1852895460e-03
7.9693213531e-04
-2.3764940170e-03
-2.9507583081e-03
3.0215208501e-03
-5.9129488005e-04
2.3419688322e-03
-1.6996104721e-03
8.0944487930e-04
6.0671015042e-03
-2.2166276649e-03
-2.0676211613e-03
3.8184632939e-03
3.0679395283e-03
-1.9022119678e-04
2.0770792266e-03
-4.9645727092e-04
-2.8059077967e-03
-8.2123411197e-04
-1.2912428566e-03
-7.0137538532e-04
-5.3428085013e-04
-3.5111712591e-03
1.4738743061e-03
-6.9935482317e-04
-2.4696656523e-03
1.0186606228e-03
-3.5942568663e-03
4.1960989577e-03
1.0110081138e-03
4.7799017003e-03
-1.4277478379e-03
-2.3709506558e-03
-1.1788934815e-03
-4.5258355298e-04
-3.3811974568e-03
6.1710943219e-03
1.8411481980e-03
-7.7479965456e-04
1.6230176765e-03
2.7145436719e-03
-7.9593626720e-04
-5.7844662827e-04
-3.9160727548e-03
-4.1193477433e-03
-5.3655517560e-03
-6.9145297708e-04
-2.8586684267e-03
-3.1329213373e-03
-3.6982426396e-04
6.0991293789e-03
-1.3506589973e-03
8.2130350285e-04
-6.2384416910e-04
-3.9605221525e-03
-3.5272473196e-04
7.0941516779e-03
-2.2394233412e-03
6.1555375466e-04
-3.6719485304e-03
-3.3757946886e-04
-3.1250380206e-03
3.2071079122e-03
2.7842201014e-03
7.1933969877e-04
6.7206322149e-04
6.5938212839e-03
-3.3640809587e-03
1.9469533673e-03
4.2560887783e-03
4.6593027656e-03
3.9273047325e-04
1.3209556562e-03
-2.7080255787e-03
1.5414971706e-03
-2.1897037814e-03
5.8425743972e-03
-4.5852846909e-03
1.3307498081e-03
4.7223913994e-03
-1.2267711550e-03
1.0208494958e-03
-2.0673288026e-03
-3.0939711612e-03
-3.7779152441e-03
-4.5363690081e-03
-2.3168658073e-04
4.0941826589e-03
-1.9705411818e-03
1.8065225160e-03
1.2600318878e-03
1.8139901912e-03
-3.3553516178e-04
4.8651663016e-05
4.6861479959e-04
-2.1030243587e-03
7.0649437190e-04
-5.6420953658e-04
3.2026986329e-03
7.5564138124e-05
-2.4157441920e-03
9.4399540814e-04
-4.3472815244e-03
-3.1845326835e-03
-2.7636463732e-03
2.9735124084e-03
4.8101433843e-04
1.0645434253e-02
3.3984856254e-03
3.1717971798e-03
1.0616517694e-03
-6.0951156813e-03
9.2593974188e-04
1.0172177428e-03
-2.4117876634e-03
1.2126043885e-04
-1.5444669287e-03
1.0187600153e-03
-4.6100706810e-03
6.2066295472e-04
1.7112540521e-02
-4.0343106185e-03
9.1036184297e-04
-5.1845202361e-03
4.6350772285e-03
3.0879071064e-04
-2.7365781305e-03
-4.0842844366e-03
-3.2351943379e-03
1.2186406782e-03
2.0602277373e-03
-4.5119172268e-03
1.9735423487e-03
-2.6438042615e-03
-7.8958221412e-04
2.8579301025e-03
1.6793046847e-03
-1.6147370808e-03
3.5925024715e-03
-1.7671897041e-03
-1.6450966916e-03
1.4525828404e-03
1.3076740185e-03
6.2420547407e-03
-2.0085634891e-03
5.4937205603e-03
-1.0306741925e-03
-8.1514810181e-04
-5.1497809654e-03
-3.1049248420e-03
-4.2576425136e-03
-7.2913948793e-04
1.0330956825e-03
-3.0900106193e-03
4.3451568228e-03
-2.3021700995e-04
7.3300411968e-04
2.0387594306e-03
3.7739722566e-04
-1.8136762751e-03
5.6560810515e-03
-2.8633541590e-03
2.1167172858e-03
1.9684122554e-03
1.5664590921e-03
-1.6473759779e-03
-6.7656785096e-04
3.2683535510e-03
1.8069371446e-04
-5.5024597564e-03
1.3942725345e-04
-2.3520336083e-03
-8.2030634986e-04
6.9591505749e-03
3.4958905405e-03
1.4870158981e-04
-5.3875267941e-03
2.9194779076e-03
-3.9873660150e-03
-1.1190036721e-03
2.3516008890e-03
-3.8044006024e-03
6.9956651508e-04
-3.7161309418e-04
1.6450880075e-03
2.2831917663e-03
-3.6348165533e-03
1.6085218922e-04
3.4060301777e-04
-8.5190326825e-04
-4.9048237297e-03
-2.4168430462e-04
1.1677089649e-03
3.7934877508e-03
9.3917190984e-04
1.0594360267e-03
5.6823276691e-03
6.2201213233e-03
4.6127732237e-04
-5.5925307378e-03
-1.5823249472e-03
-7.3828541932e-04
-2.0755857292e-03
-4.0121399419e-03
-2.3972168325e-03
1.1768562818e-02
-1.9553294462e-03
-3.6323001538e-03
-1.6965906811e-03
-2.9366392154e-03
-1.5472380978e-03
-2.9979999678e-05
5.1174797866e-03
4.5371106231e-03
4.9076547580e-03
1.0056387631e-03
-1.4941894008e-03
1.1852190652e-03
4.2151018975e-04
-1.6471936952e-03
-7.0246919339e-04
-4.4049786343e-03
-2.6726092223e-03
2.6282806756e-03
5.0867486665e-04
-1.2272957728e-03
2.0086970712e-03
-1.8184941411e-03
-3.1820806829e-03
-1.0759367235e-03
4.5406671047e-04
-7.9249813991e-04
-3.4106779928e-03
-7.7277059136e-04
6.5422292794e-04
-2.9847853410e-03
-3.1846786441e-03
-1.8422008900e-03
-2.1097645308e-03
-1.7953028786e-04
1.7682673722e-05
5.8464522901e-03
-2.5019469671e-03
1.0528187940e-03
2.9026475505e-03
4.0641465497e-05
5.3456929988e-04
-3.9808465622e-03
-1.5660406718e-03
-1.7130188956e-03
2.4151686751e-03
-1.5222598391e-03
6.4194600102e-03
4.7819121369e-04
-2.5448595285e-03
8.3436437260e-04
-2.7304199912e-03
-1.5878610562e-03
-7.9022008416e-04
-5.6465033301e-03
2.9728643313e-03
-4.1616454843e-03
-1.3079350398e-03
-6.0123367779e-03
-2.8375592078e-03
-3.2679254409e-03
2.8130151880e-03
-1.6216920315e-03
6.7130781356e-03
-4.6672515362e-03
4.4934460592e-04
-2.1054814116e-03
-3.3425655886e-04
-3.2994675765e-03
1.7036442927e-04
1.0988613276e-03
4.3093978318e-03
1.0255261213e-03
-3.5768898198e-03
-1.5741634148e-03
-5.6516917349e-03
-3.9157848741e-03
-2.7029839917e-03
-2.4246680457e-03
1.1420398757e-03
-1.9128955368e-03
-5.2291971094e-04
-1.3861018170e-03
-2.3072604015e-03
-2.1852373481e-03
-2.9058652306e-03
-5.8827459909e-03
3.3457787584e-03
-3.8873893682e-03
1.1522872661e-03
5.4637126729e-03
-4.0944929336e-03
-1.1501467654e-03
2.5134411267e-03
4.6743392488e-03
-1.2599667585e-03
-7.1811591877e-04
5.9747761136e-03
1.2315569916e-03
-3.0062381203e-04
-1.7246269384e-04
1.6569156051e-03
1.2398970637e-03
2.1533680054e-04
-1.3957878964e-03
2.2494230091e-03
3.2481623705e-04
-1.5163992755e-03
-3.7034797093e-03
2.7872541068e-03
9.4269777850e-03
8.6772136113e-04
-9.5452226473e-04
9.4380052133e-04
-2.0111292682e-03
4.4179246450e-03
4.8989215968e-03
3.1732416194e-03
-2.3481626187e-03
2.0219441139e-04
-3.8328857598e-04
6.5716480593e-04
-1.3034213323e-03
-1.2077991510e-03
1.1961352695e-03
-1.8120800350e-03
1.4670955074e-04
2.3192276984e-03
5.0584627865e-04
-3.2516563907e-03
-3.9642127119e-03
7.6995389902e-03
-2.4905828693e-04
1.4309203655e-03
-6.7321659315e-04
1.1450718789e-03
-3.4268613441e-03
2.0388220388e-03
2.2243566119e-03
1.0248302808e-02
-1.4454255853e-03
-1.3709170750e-03
-3.4410491907e-03
-5.6728457782e-03
3.0710396745e-03
-6.7397492899e-07
4.0342545960e-03
-1.1125059480e-03
4.3998849462e-04
1.1699263038e-03
-3.0899352073e-03
3.9540699925e-03
-6.9472948209e-04
3.6939917303e-03
-4.8194547666e-04
6.2336356905e-04
-2.2552056302e-03
5.9428992015e-03
2.2969791790e-03
-4.9892900220e-03
-1.0811466531e-03
-7.4648558814e-04
-8.8252348037e-04
-3.9642590049e-03
5.3101310334e-03
1.9808159430e-03
-1.3054129611e-04
-1.1410717092e-04
9.9092647334e-04
9.4085536918e-04
3.4356179576e-03
-1.7707190207e-03
1.1066789561e-03
2.6595884643e-03
2.1187785407e-03
1.1044219641e-03
7.7554203002e-04
1.8129664400e-04
2.1945193349e-03
-3.0454553519e-03
-3.3670189647e-04
-3.2487772906e-03
3.7605382761e-03
-6.6199124709e-04
-1.1986069200e-03
8.6778215514e-03
4.0816778577e-04
1.2932981063e-03
-6.4125975223e-04
2.5499247956e-03
-2.1725827777e-03
-2.3454659298e-04
-7.8136016809e-04
-4.4792582412e-03
9.4625206124e-03
3.6062611667e-03
7.1674656945e-04
-5.8326472298e-03
6.4348747177e-04
1.0540308847e-02
-1.5768887565e-03
-1.0198079399e-03
-2.9382876409e-03
2.9322751422e-03
6.0952818409e-04
-4.2158813812e-03
-8.8582466404e-05
7.0682148887e-03
-1.1539570746e-03
-2.2807658518e-03
-5.0571131867e-03
5.1997840015e-04
1.5501539341e-04
-4.1159942455e-03
1.5900055446e-03
3.0212041962e-03
2.2265804824e-04
1.5390103079e-03
2.6690074974e-03
2.1053173311e-03
2.1689225310e-03
-2.2753946236e-03
-1.1297093829e-03
-4.9481253945e-03
6.5665488260e-03
5.7956837420e-03
-1.8722803186e-03
8.6553326510e-04
1.8130436102e-03
1.1153221832e-04
-5.0352410687e-03
-1.9295017911e-03
1.1163718822e-03
5.0141949695e-03
-7.5022793817e-04
-1.0302901723e-03
-1.3709615963e-04
-4.8457993574e-03
1.7241147253e-03
-5.8330038369e-04
5.4801103208e-03
2.8052874373e-03
-1.2201003491e-03
-4.5810610254e-03
1.0628176338e-03
-9.5787007628e-04
-3.9992723842e-03
7.6654515889e-03
-7.5889453222e-04
3.3063175915e-03
-8.8406209120e-04
-2.0816598692e-03
1.6842686884e-03
7.8875710850e-04
-2.3799619716e-03
5.1909128824e-03
-6.3534901796e-04
-2.9286642624e-03
-2.7428111077e-04
-1.2741412089e-03
-1.3956670354e-03
9.6354247723e-04
3.0823443440e-03
1.1718640544e-03
1.3644739658e-03
-1.6884440275e-03
7.6609300474e-03
-4.6702814648e-04
-1.5186182554e-03
8.4414859759e-04
-2.2841005259e-03
-1.7308422758e-03
-2.3568739664e-03
-1.0243854420e-03
-2.0730061360e-03
-8.3746326153e-05
1.7054799521e-03
-7.6196858602e-04
1.0708508239e-03
-1.3668193942e-03
-3.5539733900e-03
-5.6137641775e-04
3.0404381556e-03
8.7652119265e-03
1.3224947051e-03
-1.8235083665e-04
-1.6216885912e-03
-3.3340390348e-04
1.4239668421e-03
-3.1381056520e-03
-8.5758074750e-04
1.0563419479e-03
-3.4213550855e-03
-6.1259892176e-04
-1.6078748242e-03
5.9320829594e-03
2.8685329797e-03
-2.2936126319e-03
-3.0978417549e-03
-1.0586257038e-03
-2.1888133040e-03
5.9526372679e-03
-5.5187175225e-03
1.0136179043e-03
-3.2748768229e-03
6.6965959180e-05
-5.3892482448e-04
-3.0198704543e-05
9.0098044715e-04
-2.4053404524e-03
9.7907377923e-04
7.2309943133e-04
1.6109189861e-04
1.3550822837e-03
-2.1129014364e-03
-1.7868666222e-03
-7.6127854383e-04
5.2390518148e-04
2.2952370205e-03
-2.1833738192e-03
-1.5636106075e-03
2.3432508521e-04
1.5231271652e-03
6.5486705958e-04
-1.1045256890e-03
-1.6256262795e-03
-4.0292991852e-04
-2.0938113719e-03
1.3485211775e-02
-2.8437788402e-03
-2.4087592352e-03
2.3906194962e-03
-3.4885987707e-04
-1.2014161685e-03
3.3994019629e-03
9.1025936439e-04
-2.4310045732e-03
1.8030019944e-03
6.2206158253e-04
3.1399893027e-04
-1.1588374058e-03
5.6157464162e-03
-5.6317450644e-03
-5.3907894988e-03
3.3452967658e-03
3.1585096509e-03
2.6192472306e-03
1.2100875033e-03
4.2508326009e-03
2.9166000956e-03
-3.7570238888e-03
5.6630594486e-04
-4.8953239233e-03
1.6211255725e-03
-4.4420436396e-03
-1.5994568607e-03
8.4684361370e-04
2.1698037671e-03
-2.0765684732e-03
1.9660512928e-03
-3.6749740420e-03
-1.1960832772e-03
-1.0737974198e-03
5.9058380877e-03
-2.4253789293e-03
-2.5106058848e-03
4.7851632825e-04
1.2178708955e-02
-3.2723334746e-03
-2.8199772432e-04
2.4216431484e-03
2.1913481208e-03
-2.7573392172e-03
-2.8085642581e-03
-8.0610244575e-04
-8.5990911860e-04
2.0154971844e-04
3.9245712484e-03
5.7385383818e-03
2.3621504099e-03
-2.7288567409e-03
8.3780046706e-04
2.1926945659e-03
2.0579497979e-03
-3.2109264601e-03
9.6610250546e-04
-2.3422138319e-03
-6.5086032826e-04
4.7591933773e-03
6.6064318126e-03
6.4367458605e-04
4.9635099375e-03
-8.8391607788e-04
-1.1212743579e-03
1.7833707259e-04
5.7461785957e-03
1.2060569810e-04
-3.8263539314e-03
1.3969720895e-03
1.0119776141e-03
9.7353102773e-04
1.4129427595e-03
-4.5623548492e-06
-4.9296403857e-04
-2.3143188518e-03
-4.8392529500e-06
-3.2220917574e-05
4.4422480901e-03
-2.9006186127e-03
4.6790508334e-03
3.3087920726e-03
-1.7006087290e-03
-3.8607475865e-03
1.6735970882e-03
-2.6289917548e-03
-4.3293561887e-04
5.7583441789e-03
-3.9251879317e-03
9.3096196414e-04
-9.6804640785e-04
5.8340857607e-03
1.1462069642e-03
3.4006341963e-03
-1.5774160529e-03
-2.7162450330e-03
7.6028935463e-04
-1.6572483025e-03
-3.4122244563e-03
-5.0725001993e-03
7.6127860256e-04
4.2357137471e-03
-3.5345048452e-03
1.3092646650e-03
5.9933455197e-03
2.2992007051e-03
-1.6612833303e-03
-1.0727134715e-03
-3.0678548196e-03
-5.9290491608e-03
-1.3751595776e-03
-5.5740214446e-04
-3.3732968666e-03
-2.1648347970e-03
2.1666359034e-03
6.8369248390e-04
1.6009130879e-03
2.2974770673e-03
-1.9582699521e-03
-2.7846042064e-03
-3.7248767337e-03
5.6409507494e-03
2.3407232763e-03
-2.2160149290e-03
3.1018554676e-03
3.6661498421e-03
-7.0792151370e-04
4.1608965246e-03
2.0671261287e-03
-3.5972336551e-03
-1.1489276623e-04
-3.7546858900e-04
-3.8231470637e-03
-8.5950961670e-04
-3.6020973027e-03
9.1746873703e-03
-6.7188354492e-05
6.1799579401e-04
8.7914574876e-03
-8.1437510200e-04
-4.3793078949e-04
-9.8012144669e-04
9.4428201013e-04
5.2710920555e-04
-1.1324419165e-03
-1.3041786548e-03
-5.2443747710e-04
-2.9052793871e-03
5.7782951109e-03
6.0053011253e-04
-2.0938824682e-03
-4.4644383957e-03
9.0910486650e-05
-1.7503595946e-03
-1.5815931484e-03
4.3029914375e-03
-1.2261700498e-03
2.5918448223e-03
8.1608799651e-03
2.2567574330e-03
5.3240906859e-03
-1.8607801744e-03
-2.2932406551e-03
3.1272615512e-03
-8.2600274799e-04
2.5965345059e-03
-1.6651406460e-03
-2.5120200604e-03
2.7203306098e-03
-2.4264606791e-03
6.9211377928e-04
-3.1088135373e-03
-7.1748126963e-04
9.7559717003e-04
-1.4731282246e-03
4.4968257599e-03
9.6092475523e-04
1.2347230534e-03
5.7103753401e-03
-1.5098454848e-03
-2.2698730938e-03
-1.2427836626e-03
-3.0951191163e-03
-3.6156761779e-03
8.3340634324e-04
-2.0023529120e-03
6.6410663557e-03
-2.4132999570e-03
-7.5447102070e-04
3.7403532645e-03
-1.6161230382e-03
-2.3451628497e-04
2.1025509090e-04
1.0613436071e-03
3.9833770267e-03
6.4285865030e-03
4.0032048704e-03
1.2694013341e-04
-2.6724989196e-03
1.7434164041e-03
7.1690325521e-03
6.9990814996e-03
7.1094935263e-04
-2.4910263844e-04
-3.1599116942e-03
-1.1683632429e-04
6.6727401007e-04
6.2630794789e-03
2.8278737019e-03
7.5258715416e-04
2.0937742673e-03
-3.2838057524e-03
2.6418205986e-04
2.5263245432e-03
1.1037806715e-03
-4.4574672568e-03
-2.6585669494e-03
8.2702066270e-04
2.6309203046e-03
-5.4345979338e-03
-1.8706102439e-03
-2.1065167079e-03
3.6414710570e-03
-1.8702004478e-03
2.2261600952e-03
-1.6736760369e-04
-3.9997985556e-03
-3.8395637823e-03
-3.8063698219e-03
6.3505819636e-03
4.1161285434e-03
1.1459078086e-03
3.7282223623e-03
7.3678023705e-05
6.2504414670e-04
-4.1455618371e-03
-2.2211702715e-04
2.5596218584e-04
-1.6587507801e-03
-1.5245384881e-03
5.5936965546e-04
-2.8912535500e-03
5.8941017251e-04
-4.4906750414e-03
6.6814729333e-03
-1.4819854775e-03
-3.7805076472e-03
-6.0435024831e-04
5.3082214783e-04
3.3401855077e-03
-9.9295278151e-04
-1.6067633092e-03
1.0553851616e-02
-4.3946142060e-04
-3.5023719656e-03
-2.5893127376e-03
-1.3282564647e-03
-2.5978689175e-03
-2.8626579882e-04
5.3813137609e-04
6.3719708025e-03
4.8619224876e-03
-6.2119475501e-05
4.9899380401e-03
-1.5702232377e-04
-2.3822490706e-04
-1.6298118133e-03
-1.7291356065e-03
-3.5059231368e-03
9.3491361682e-03
1.0320296509e-03
9.9503770761e-04
-2.6693765633e-03
-1.7524580837e-03
-9.3656309496e-04
1.0024803701e-03
1.0518943552e-03
1.8214290262e-03
4.9706238217e-04
-1.1936656208e-03
3.7675634263e-03
6.1906250396e-03
-1.3000399819e-04
2.8467629461e-05
1.8769006163e-03
3.0911994248e-03
-5.4417062385e-03
4.7616353708e-03
1.2335318666e-03
2.7888116943e-04
5.6415620180e-04
-4.1143397080e-03
-3.5303440367e-03
-1.0761758180e-03
6.8644827857e-04
-1.8042880103e-03
3.0919225497e-03
-2.3495079162e-03
4.6651298638e-03
-1.1309586474e-03
4.4863601519e-03
8.2832780879e-03
8.3487362496e-03
1.1300847123e-02
-2.2706560310e-03
3.4630497464e-04
1.5971456637e-03
-8.4536248183e-04
-8.3359732841e-06
-1.6172905230e-03
3.1521924854e-04
4.1455287788e-03
-1.4847249299e-03
-1.0001956957e-03
1.0136711214e-03
6.9495742457e-03
-3.5714709076e-03
-1.7133708566e-03
1.7496566332e-03
5.3172744898e-03
-1.3429694368e-03
-2.9171592686e-03
3.2404712065e-03
3.2954653968e-04
1.0901604889e-04
6.1672809275e-03
-2.3028609042e-03
-2.5931101409e-03
3.3530193087e-04
1.9540185832e-03
-1.9990543197e-03
7.6296999798e-03
1.0042286440e-02
-1.1133238991e-03
5.6324769089e-03
-1.0539370325e-04
-1.3383009360e-03
7.1131622757e-03
2.0466963645e-04
-3.1068181853e-03
-2.2120232815e-03
-4.7142660879e-03
-2.0047780017e-03
-4.6014232200e-03
-1.8781915473e-03
-1.5661056043e-03
3.0830770530e-03
-4.3315691271e-03
-4.5378227058e-03
3.6993427762e-05
-8.0023640365e-04
-2.4856226731e-03
-6.9919968423e-04
1.6511226017e-03
-1.5284397769e-03
8.3561759378e-03
9.0313898942e-04
-2.0533223692e-03
-2.9010086949e-03
-2.1771994197e-03
3.8535000660e-04
-1.6580162022e-04
-1.3178659735e-03
-2.5863450125e-03
-1.4216592960e-03
2.0910636315e-03
1.6731786323e-03
-1.8712094655e-03
4.0823975337e-03
-1.5723621386e-03
-2.5731663381e-03
1.0769475138e-03
2.8701593889e-03
-1.3300969996e-03
9.8038053534e-03
-3.1775245967e-03
3.9450457280e-03
-2.4791782823e-03
-4.6811659873e-04
-2.4847486619e-03
-2.8459717095e-03
-2.2386274737e-03
1.4005908206e-03
1.2283828425e-03
-2.1672655728e-04
-6.4704278554e-04
1.4709171726e-03
3.6292829766e-03
4.4865957165e-03
-1.2272362387e-03
4.4066942402e-04
-2.0686500014e-03
1.5298917464e-03
1.0138564953e-03
-1.7011904076e-03
-2.1805467306e-03
-1.7451994757e-03
2.1348791525e-03
-3.9997075606e-03
4.6207606537e-04
-1.8361826443e-03
4.1024447437e-03
-3.2690622738e-03
5.2384669712e-03
-1.7273459184e-03
2.1725034111e-03
-1.4746715118e-03
-2.5134019076e-03
6.1386955580e-04
1.2602236258e-02
3.5045094709e-03
6.3819128887e-03
-4.3857734396e-04
-1.4392320490e-03
-2.0673101214e-03
-5.4391082985e-03
1.6853525379e-03
4.1482730403e-03
-3.4323885913e-04
1.0178209246e-03
-3.1434657620e-03
-4.7687413119e-04
-4.4635138726e-03
9.6698180886e-04
2.0459818539e-04
1.7136189662e-03
-2.6497821884e-03
-4.2082270152e-03
-3.0094708370e-03
-3.4957051255e-05
1.4485817839e-03
-4.5942487247e-04
-2.7847845457e-04
3.6274965982e-04
-4.8917607160e-03
2.2851298528e-04
2.7687436642e-05
-4.3455824126e-03
1.2394509496e-03
-2.9698223861e-03
7.9215176009e-04
-5.3895277583e-03
-5.4039268919e-04
2.5089896274e-03
1.2712125939e-03
-3.0782879582e-03
4.3714925345e-04
-1.8537509608e-03
3.7290210616e-03
3.6875344435e-03
4.2595419077e-03
-1.0864411838e-04
-2.6132124054e-03
1.4544250942e-03
7.4827774910e-03
1.2239702069e-03
-2.8206831006e-03
2.6066494907e-03
4.9092429901e-03
4.2854631249e-03
-1.4453429758e-03
7.9742450980e-03
3.3299744658e-04
8.5435459644e-07
2.5334631662e-03
-2.6104193716e-03
-2.2370712214e-03
1.4021417800e-03
-3.3145450520e-03
-4.9780836386e-04
6.1511795697e-04
-1.7573267464e-03
8.8800614793e-03
-1.9704334855e-03
5.0078114764e-04
3.3842632453e-03
7.0864277055e-04
-2.7062795152e-03
-1.5697764998e-04
1.6487329539e-03
2.1730604990e-03
1.9348005089e-03
8.5782129298e-04
5.8311969695e-04
6.2690944856e-03
2.0040809237e-03
1.4397387531e-04
-1.2418886610e-04
9.8322226519e-03
-5.0795030670e-04
1.3267643226e-03
-3.5489445555e-03
2.0636616872e-03
6.0683446087e-03
9.4586788405e-04
-3.0038746437e-03
-2.2235017414e-03
4.4979292628e-04
1.1033427439e-03
-2.4029776738e-03
4.1295441330e-03
-7.5842653711e-04
-2.7094550734e-03
-1.7297297635e-03
-2.9864836094e-04
-2.2055228313e-03
1.6346681900e-03
-2.2507935723e-03
-1.8267541178e-03
-1.4588664442e-03
-2.9998599637e-03
5.7186679714e-03
5.7810435893e-03
1.9062111227e-03
-1.8070630136e-03
7.4492271529e-04
-2.2228235731e-04
2.8919715774e-03
-4.5413183006e-03
-4.7688928382e-04
-7.0851555005e-04
-3.0860430833e-03
1.7273327625e-03
5.6909250009e-04
-2.8521910376e-03
1.9375455457e-03
-3.6555892828e-04
-3.3432273826e-03
-1.3151758585e-03
-1.9241510519e-03
6.9518888972e-03
1.4516045809e-03
7.5338253540e-04
2.6723283566e-03
2.9164398693e-04
1.3956926565e-03
-1.9531452095e-03
-3.5279309994e-03
4.1998192218e-03
1.8490271728e-03
3.1049293720e-03
2.6910014240e-03
6.6136483939e-03
-3.8368561001e-03
-2.0367981429e-03
-2.2215950106e-03
-3.1149016496e-03
-2.0738785090e-03
-6.5245842558e-04
9.4029662767e-04
-1.1797909866e-04
2.8666553302e-03
1.1551428914e-03
6.5776873131e-03
-4.1564866592e-03
2.9391245690e-03
-2.5572669665e-03
-3.1362154231e-03
-2.2235812360e-03
-3.2798978583e-03
-2.1268529217e-03
-2.4046999989e-03
-4.3624671062e-03
3.9080611564e-03
1.3065167138e-03
2.6778175383e-03
-4.4910365980e-03
-1.8033425190e-03
-2.0060709067e-03
2.1258811392e-03
-4.0373161559e-03
2.3851973974e-03
2.0851931537e-03
1.5181395143e-03
2.9902627662e-03
2.3452100176e-04
-1.5369255068e-03
-5.7176526118e-04
4.4795726412e-03
4.9322015333e-03
3.8669534301e-04
6.4448152074e-04
-1.8068193020e-03
7.8310504101e-03
3.9455128810e-03
-2.2009723309e-03
-1.2122453535e-03
-1.1075030668e-04
1.6987741628e-03
-1.4280603200e-05
7.2778609283e-03
2.8422983624e-03
-3.2017029085e-03
-1.1245787316e-03
-4.7067457284e-03
1.2379690230e-03
2.8340794539e-03
3.1734979611e-03
2.0608819369e-03
-1.6862565440e-03
9.2192381105e-03
1.7075360409e-04
-3.0218410391e-03
6.9045649785e-03
-5.4237159326e-04
-2.1011676452e-04
2.9080406164e-03
-8.2553159655e-05
-2.7090923882e-03
-7.5634335659e-04
2.0468687203e-03
2.2818444651e-03
-1.4377503353e-03
1.0223390465e-03
4.6493101601e-05
2.8665862470e-03
-1.3262742957e-03
2.2275217441e-03
4.9308778982e-03
4.1514607575e-03
1.4635451497e-03
1.8761843137e-03
-5.8881139443e-04
3.2502647383e-05
1.7819774279e-04
-4.3543351022e-03
-4.3258054918e-04
3.3996443840e-03
2.3074769664e-03
-3.4698165380e-03
-1.9458618099e-03
3.4196836010e-05
-3.4095070383e-03
-1.9380093879e-03
6.1210506028e-03
-1.8133216719e-03
5.4433998643e-03
6.0189938608e-04
1.8534911799e-03
-3.5528148348e-03
3.5292260197e-04
6.1450713026e-03
1.5532720177e-03
-3.0662297435e-03
-5.2864092132e-03
-3.4115866168e-03
-1.8723949419e-03
2.2053036114e-04
4.9254963751e-03
3.5523946955e-04
-1.5789230001e-03
3.4574515326e-03
5.6858370440e-03
2.3833367662e-03
-3.2778015783e-03
-3.8544338102e-03
-4.0341135096e-03
-3.6122397255e-03
-2.3802264447e-03
1.7221992584e-03
-2.7571009225e-03
-4.4277006047e-03
-5.3912050847e-04
5.8451218119e-04
1.9408009531e-03
5.4258339929e-05
2.8977122038e-03
2.8476130402e-03
6.6969824797e-04
-7.7821178197e-05
-4.4670303468e-03
-4.6973921408e-03
-3.0176795614e-03
2.7036641507e-03
1.4274690000e-04
5.0010340296e-03
-7.2127624983e-05
4.1434660180e-03
-1.7826535340e-03
-3.5844502054e-03
-5.8905124579e-04
-4.1996813177e-03
3.8210719454e-04
-1.2963481241e-03
2.3962670373e-03
-4.1724850894e-03
-2.2598158916e-03
6.9086979062e-04
1.2905412667e-03
5.1065283628e-03
9.3093643364e-03
-3.0184699054e-03
8.8882912399e-03
1.6033549066e-03
-5.0957636216e-03
-1.4140076248e-03
1.3042835326e-03
7.3147300046e-03
-9.3809639920e-04
-1.9229528230e-03
-3.2498557431e-04
4.7358457463e-04
4.0381227238e-03
-8.0057558170e-04
7.0174219455e-04
3.5717088730e-03
-5.5125090978e-03
1.1320754720e-03
9.1930590754e-04
-4.2988032238e-04
2.8734161058e-03
2.7649648826e-03
-4.8005948478e-03
5.2664159020e-03
-1.7324938340e-03
1.2623860884e-02
-3.2374989471e-03
5.8569155646e-04
-9.5066359163e-04
1.3351555457e-03
-1.7173479055e-03
-1.8538739247e-03
-3.8666199990e-03
2.6819680834e-04
2.7437278177e-04
-4.7872051272e-03
-4.5832286390e-03
-2.3706850954e-03
-4.0158574081e-04
2.8870421596e-03
-4.7953434042e-04
4.7725905301e-03
-3.6297195254e-03
-1.4132004787e-03
1.0860171594e-03
2.7232176624e-03
5.2518397559e-03
-4.1715570657e-03
3.0891158248e-03
6.0764435962e-04
-2.7939087818e-04
-1.2919120827e-04
-3.4174995209e-03
1.2202753164e-03
-3.0359329328e-03
-1.7010242559e-03
4.7596822166e-03
-3.4248903429e-03
-2.3789373018e-03
-1.2580550625e-03
-1.6071631320e-03
-2.7718219156e-03
9.1677061877e-03
8.4080018449e-04
-2.6494140062e-03
4.0105429381e-03
5.9753958323e-04
1.3790767617e-03
-2.8099662305e-03
-2.9939136580e-03
-1.2537951389e-03
-2.5770029497e-03
1.2956703042e-03
2.6063569643e-05
-3.5097087544e-03
-5.6331053712e-04
-2.5054976793e-03
2.6477810457e-03
-4.7394573308e-04
2.0848880592e-04
5.5911332747e-04
1.3761097944e-03
-1.3453080034e-03
4.9554207267e-03
-1.6183566210e-03
1.7932298565e-03
3.5333038440e-03
-1.7604184723e-03
4.1357076723e-03
-3.4204248310e-03
-2.8835237325e-03
8.6206717917e-03
-4.0790889955e-03
-1.1685093610e-03
-8.0470593867e-04
-1.3190215820e-05
-3.5567799145e-03
-2.5683334866e-03
-1.4283534293e-03
-5.1892489031e-03
1.6141998614e-03
3.4162489822e-03
3.4153102773e-04
-3.8635073254e-03
3.7592316845e-03
-1.4621471225e-03
1.8886151302e-03
1.3863726348e-03
1.8479114927e-03
-2.9038926821e-03
-3.8524152656e-03
1.8260284548e-03
-1.0598641422e-03
6.8331423401e-05
-4.3184613730e-03
-7.2579392852e-04
4.6686548728e-04
5.5233248682e-03
3.8627061931e-03
1.4794567111e-03
1.2991625998e-03
-4.3020309242e-03
7.8227622752e-03
-8.5280508259e-04
-6.0533783633e-03
-3.8408065443e-03
-4.2377701034e-03
4.7185497712e-04
4.2136786147e-03
-1.5147140210e-03
6.8123647339e-03
-3.3694119830e-03
3.9369716423e-04
4.2005022789e-03
-1.2528654365e-03
2.7713997083e-03
-4.2119970200e-03
1.7222936578e-03
3.8696548970e-03
-5.4763665923e-03
-6.2074934147e-03
2.0713481548e-03
-2.8266778101e-03
3.2944115107e-03
-8.8553897967e-04
-5.9132135088e-04
-6.6305471406e-04
-1.6098471387e-03
-2.9565157021e-03
4.6852210854e-03
1.2617633880e-03
1.6813676496e-03
1.4103440319e-03
1.7087471750e-03
2.1234801396e-03
1.2584039261e-03
5.7746229421e-03
1.0418859254e-03
-1.9971121830e-03
-2.9706057696e-03
-3.1505899546e-03
1.3499135730e-03
-3.1517540407e-03
9.2671259490e-04
-2.8164234475e-03
-3.2526943875e-03
4.8866468804e-03
-2.4150715412e-03
-3.4986306061e-04
