3.0117051605e-03
1.6604564475e-04
1.1637297430e-03
2.7962517733e-03
-3.0194961057e-04
2.5838819507e-04
-3.0193546411e-03
2.6538886504e-03
8.6010383298e-04
5.5479230059e-03
3.9268393890e-03
7.2847389387e-03
3.9023040253e-03
-8.5591661694e-04
-2.4729080079e-04
3.3136008418e-03
-2.1124882887e-03
-3.0595802080e-03
-3.3445250975e-03
-2.9487729898e-03
6.0654565210e-04
-1.6162368009e-03
3.4554887287e-03
-2.7238415112e-03
-6.0869915372e-04
1.7603864062e-03
3.1061406672e-04
-3.5156959896e-04
-1.1263343899e-03
-2.8853590337e-03
-3.6449203376e-03
3.5046558371e-03
8.8766873972e-04
1.2212153704e-04
-2.0184476641e-03
-2.1451278933e-03
-1.7131539388e-03
1.7219931140e-04
-1.2711564098e-03
-3.6023854205e-04
-5.0294165895e-03
-2.4011404866e-03
-2.6914177186e-03
1.0527279818e-03
1.2739853808e-03
1.0741884787e-03
-1.7595896941e-03
6.0289606441e-03
-4.8608620695e-04
-5.0336929726e-03
-1.3358251874e-03
-1.6328583098e-03
-7.1488843109e-04
-1.3873866174e-03
-1.3666003653e-04
2.7026079598e-03
1.1516469197e-03
1.4104980347e-03
7.8941321584e-03
4.3143011218e-04
-3.2296586400e-03
1.5264463490e-03
-3.8691779324e-03
-1.1643417634e-03
-1.0908942288e-03
4.2074185808e-03
-1.5951570242e-03
2.7810030483e-03
4.0540752887e-03
-1.3054900739e-03
-1.3847807450e-03
-3.4514517830e-04
1.3794632513e-03
5.0423859654e-03
-3.2174238743e-03
-2.2588026600e-03
3.0223461171e-03
1.4877029092e-03
3.1906953078e-03
8.4070405263e-03
1.4598433468e-03
3.9584760002e-03
5.4191722248e-04
-6.9001011454e-04
-3.6528478824e-03
1.8535253322e-03
-7.8744188586e-04
1.2886757747e-03
-3.3790214648e-03
8.9439110360e-04
3.5562817214e-05
-2.9737309184e-03
2.8190126535e-03
1.9425822400e-03
-3.3471050685e-03
1.2209310225e-04
4.4048685793e-03
1.7396262593e-03
-3.1415772943e-03
-4.0790110219e-03
-2.6869202352e-03
-2.5634809389e-03
3.7085423822e-03
1.4567777308e-03
1.2797797685e-03
2.4490679482e-03
1.7858899702e-03
-2.0002999093e-04
5.8120585658e-03
-1.4849731362e-03
5.6333175577e-03
3.1571692954e-03
3.8901224534e-03
-4.3127697544e-03
-1.1097722910e-04
4.9644702122e-03
-1.6875028477e-04
-1.8954244101e-03
-2.0604650877e-03
-1.2433635363e-03
3.8087150521e-03
2.2758535396e-05
-5.1632803661e-04
-2.8862103017e-03
-1.4832791580e-03
-4.3887347173e-03
-2.1102372845e-03
7.0368082410e-03
-7.2610052957e-04
-1.1988615631e-03
2.4955429601e-03
-3.7446225221e-03
3.5864314613e-03
4.0482547521e-03
3.7422425798e-04
-4.3592622936e-03
8.9204257216e-04
4.1485320577e-03
1.0204835460e-03
1.2382705634e-03
3.9652226845e-03
1.2030253101e-03
5.1329062214e-03
-1.3316676825e-03
6.6394053420e-04
3.7972778592e-03
-1.0367875561e-04
1.2118329058e-03
9.7302426527e-04
-1.0024155089e-03
-5.0227498194e-03
-3.6500362344e-04
-2.8250311242e-03
-1.3748289373e-03
-3.0258804707e-04
-2.9418186547e-04
-4.6642664958e-03
5.1809675789e-04
2.2688209226e-03
-6.8760712577e-04
6.6578698073e-03
7.3345746348e-04
4.0196656969e-03
1.3782172048e-03
-1.1724906545e-03
-4.7170803633e-03
-1.7673483859e-03
3.6485737304e-03
-2.7884077010e-03
-3.9092403041e-03
3.2054343525e-03
-2.0439137584e-03
2.6266512431e-04
4.7223600753e-03
-1.7981988621e-03
1.1733433128e-04
1.2584006432e-04
-2.4684687989e-03
-4.8615556600e-03
-1.1932596400e-03
1.6628321191e-03
5.9209913678e-04
1.1028252042e-03
2.3000407965e-03
5.4993446573e-03
1.5399366802e-03
-7.9638822555e-04
1.5138779413e-03
2.6165195331e-03
-1.9036367591e-03
-2.0286337147e-03
-2.2934657945e-03
-2.6867623632e-03
7.5879266367e-03
-2.1091709597e-03
-1.0610745770e-03
-2.9973229125e-03
2.5195259829e-03
5.3168976157e-04
-3.1426308772e-03
1.1604951501e-03
-4.6591177324e-03
-9.3864920482e-04
9.2148021649e-04
-4.8510697649e-04
-3.2809161064e-04
2.0637345583e-03
9.6732275615e-04
-1.8110106817e-03
6.3224451235e-04
4.6673430172e-03
-2.4357833258e-04
-1.8080106805e-03
5.9043192581e-03
7.5416983552e-03
1.8791705520e-04
-2.3046050498e-03
-7.9755781874e-04
-2.8163713922e-03
9.8330096413e-04
-3.2935977817e-03
-4.4986802458e-04
6.7571476767e-04
-1.1977790796e-03
1.3143960739e-05
1.2958030860e-03
-3.9878167893e-04
-3.7013908855e-03
8.6905833589e-04
-2.4590309668e-03
-6.5407320261e-04
-3.4407101007e-03
-2.5107982000e-03
-2.6269086632e-03
-3.6049664042e-03
5.1769442042e-04
-9.5632306963e-04
-2.0070708592e-03
1.9880127724e-03
-9.7431864980e-04
-2.1085200367e-03
-2.3669855530e-03
-2.8200561507e-03
-1.9148106086e-03
2.2224911548e-04
2.2063526982e-03
-1.7009401709e-03
-2.7759022262e-03
-2.5115872915e-03
8.5678420775e-03
1.2702367567e-03
-3.6759733094e-04
-7.4006519622e-06
4.8407371267e-04
4.9023582082e-04
7.4539193290e-04
-9.9677697124e-05
4.1961158254e-03
-7.3274865133e-04
6.3831398634e-03
-2.2508671149e-03
-1.6614576923e-03
-6.4731870006e-05
4.2550976745e-03
1.5192882299e-03
2.1515147564e-03
-9.5904021274e-04
6.2095855708e-03
-3.2505789168e-03
3.3345155762e-03
-4.4507609403e-03
7.8643125490e-04
3.7691825850e-03
-9.3577450912e-04
-1.8978640396e-03
2.2772470141e-03
1.5113584034e-03
1.6546566820e-03
1.7223577140e-03
-3.9139255640e-03
4.8931631864e-03
1.8777307827e-03
-3.1419214097e-03
5.4499486535e-05
2.6298652028e-03
-1.5494182144e-03
2.4312471687e-04
1.7086946978e-03
-1.6756340369e-03
1.5309039990e-03
1.4973389130e-03
-7.2421996323e-04
-1.6284008930e-03
-4.8052322577e-03
-5.2986391312e-03
-2.3397114327e-03
9.7034954956e-04
8.0895634306e-03
-1.5742686013e-03
-2.3589207364e-03
2.5652686012e-03
-9.5860387226e-04
-1.4614129637e-03
1.2366262085e-03
-5.4664046820e-03
-3.3378960223e-04
2.2421479136e-03
-2.5101247933e-03
9.9115478762e-04
-6.2408515855e-04
7.4900988792e-04
-3.5573957604e-03
-2.4735118521e-03
1.6499067108e-03
8.9569487353e-04
-4.2889285554e-03
3.4573141911e-03
-3.7866777511e-03
-2.0975943215e-03
-2.0696553935e-03
2.8291032836e-03
2.1884288950e-03
-2.7698367746e-03
-4.8865269571e-03
1.5978955484e-03
1.2988663031e-04
7.6435438246e-05
-3.7556899492e-03
8.2938185546e-05
9.3700813130e-04
2.7110134225e-03
-2.1889382357e-03
-3.1977627467e-03
1.4467349767e-03
-1.0323891404e-04
4.7205125135e-03
5.0143511228e-03
-1.3510905154e-03
-2.0160616940e-03
1.2326405560e-03
6.4854681032e-04
1.6920608501e-03
-5.6968994826e-04
2.3310867786e-03
1.4537071501e-03
-3.2071795743e-03
-2.0510833150e-03
-2.8377728715e-03
6.1405468824e-04
3.4187144528e-03
-1.6976212574e-03
-1.6281749911e-03
-9.9738815975e-04
-3.2406686718e-03
-3.1710672408e-03
8.5514788092e-03
-3.9705915309e-04
-2.0344638249e-03
8.6012234107e-04
-5.4267194278e-04
-1.8015494786e-03
-5.5550763563e-04
-4.0501932734e-03
1.0337083489e-03
-1.1751688717e-03
-1.5080343844e-04
8.1449388838e-03
7.5871059455e-04
2.6603104001e-03
-6.2722582702e-04
6.7401011386e-03
5.6101976903e-04
1.8710016128e-03
3.2347617603e-03
2.1233058564e-03
2.0005245285e-03
-2.7237110888e-03
-2.8775327287e-03
1.1291854696e-04
1.0697204030e-04
-2.8782292826e-03
1.3640996179e-03
1.8129189940e-03
3.3741270822e-03
3.2847225944e-03
-2.9839123483e-03
2.1683419264e-03
1.4926400570e-04
-1.6827366038e-03
-9.2250166526e-04
2.7137566474e-03
-3.7160466030e-03
1.5842358945e-03
5.7211530755e-03
3.7254822389e-03
-4.4225623556e-03
-1.1303004966e-03
1.8055881423e-04
-1.6544560177e-03
-2.1771553800e-03
-1.5059630637e-03
2.3659048006e-03
8.2821688589e-04
-3.4524335754e-03
-1.2682958531e-03
-3.7264190011e-03
8.1863352247e-04
-1.8078814603e-03
3.1985002063e-03
2.5019998416e-03
7.4760155416e-06
-7.9182650935e-05
4.8261251605e-03
-3.9325579532e-03
-2.3913852460e-03
1.2223564315e-03
-3.4419308019e-03
-1.6370250968e-03
2.3518691448e-03
-2.8494985663e-03
6.7263531700e-06
5.9447143209e-03
-2.2087943805e-03
-8.3361901187e-04
-2.4437495822e-03
-4.7012369912e-03
2.5202087548e-03
-1.8248228199e-03
2.1564864503e-03
-2.0648539917e-03
2.8981077888e-04
-2.1156802078e-03
1.0328286920e-03
-2.6092026914e-03
-4.8625763561e-03
-1.7208729952e-03
-2.7666880642e-03
7.7056497260e-04
2.2335195245e-03
1.1761407753e-03
-6.0918108863e-04
3.4671646998e-03
-1.5538137213e-03
7.5903830161e-04
3.5854946223e-04
6.1065772359e-04
-1.7520515120e-03
3.0363385945e-04
5.9769024356e-03
1.7471483272e-03
3.7329625996e-03
1.0481074953e-03
2.8193770746e-03
-2.4578241304e-04
-1.7745569778e-03
-6.1870982796e-04
3.0432845193e-03
2.1694031761e-03
-2.0517127472e-03
-3.0888838184e-03
1.1255739454e-03
6.0685522170e-03
2.6394845262e-03
2.8080822779e-03
-2.7269144185e-03
-2.9528467479e-03
-9.5057083747e-04
7.6677965069e-04
9.9755721701e-04
-1.0120846007e-05
-3.7641984582e-04
-2.3360940749e-03
-4.9593825296e-03
2.0728150752e-03
5.1775532199e-04
3.6249657742e-03
-8.6406647620e-04
2.0132631654e-03
6.8482632988e-03
-1.7545930562e-03
3.1092656738e-04
3.7678827652e-03
1.0771716134e-03
-1.3543818051e-04
-1.9646347526e-03
1.2549052065e-03
-1.6869699825e-03
-3.3151593244e-03
-1.5652675918e-03
-1.2959323677e-03
-4.7650349949e-03
-1.6769206411e-03
-3.4468793441e-03
-8.0447024999e-04
7.2110782685e-03
-2.7986252221e-03
-1.1104559445e-03
2.4636696495e-03
1.7469436823e-03
2.6212800591e-03
-2.0648405414e-05
-1.7270216615e-03
-4.7254083493e-04
1.4568982044e-03
2.0103681891e-04
8.2813604620e-05
1.3329800774e-03
5.1637472732e-03
-2.7046071934e-03
-2.1025230623e-03
5.3162092023e-03
-1.0493520388e-03
3.5414729546e-05
-1.3855073344e-03
-8.8912888003e-04
1.6875080954e-03
-3.1740049078e-03
-7.4727413028e-04
2.1674645516e-03
-1.2485204279e-03
2.1416311469e-03
1.4575495825e-03
-1.1529172678e-03
-1.3828284386e-03
4.9705203872e-04
-2.2233342000e-03
-2.0820009798e-03
-1.2475572778e-04
-1.2755447878e-03
4.5152213084e-04
8.5626723228e-04
-1.0531901229e-03
2.0204869784e-03
2.3957065534e-03
-4.4473897216e-03
-1.7426564161e-03
1.7492665149e-03
4.9821386647e-03
-2.1209916447e-03
1.3086575063e-03
-3.5995145635e-03
1.0777634766e-03
1.2803155077e-03
1.1000746329e-03
-8.1851228118e-04
1.9464501353e-03
-1.3652681635e-03
-2.1302527726e-04
3.0192658850e-03
3.9716346153e-04
8.7766657376e-03
-3.1083436913e-03
4.8849199181e-03
2.6533165978e-03
2.6173917069e-03
1.8007701163e-03
7.8712985172e-04
3.5176755823e-03
4.4194965657e-04
1.2979201907e-04
-5.1866676847e-04
-3.7832933627e-03
1.0458241390e-02
6.2107654984e-03
3.2344505064e-03
8.9088498919e-03
-3.9635949781e-03
-2.0830304091e-03
4.0028596600e-04
-2.4255353115e-03
1.9659427567e-03
-1.9849918854e-04
5.9014910649e-03
1.7144710114e-03
6.2348308890e-04
-3.7846537355e-03
2.3845349992e-03
4.2561334877e-03
5.8813649064e-03
6.2422466789e-04
-9.6527410108e-04
1.1562836254e-04
1.5500300748e-03
5.4126337648e-03
5.4997320051e-04
-4.0738595512e-03
-3.3510981261e-04
5.1615031818e-03
7.8123370720e-04
-2.0519833109e-03
9.7412071851e-04
-2.4240883628e-03
3.5012684639e-04
1.7399016215e-03
4.3823277517e-03
3.1263479313e-03
3.6900216729e-03
2.3407261197e-03
5.7454536034e-03
8.1280216871e-04
-3.8734295826e-03
4.9429063985e-04
-1.8727646884e-03
-8.3614916801e-04
-4.2927830333e-03
2.4893507828e-03
-4.6069960565e-04
-3.4683359360e-03
-2.0688965190e-03
4.7311602304e-05
3.8447574158e-03
1.9222190931e-03
8.0655974968e-04
1.7927002811e-04
-5.0483343375e-04
-1.5019973583e-03
-3.9338267560e-04
-8.3030109505e-04
-3.5609685967e-03
5.0313711808e-03
9.4872189542e-04
9.4249095807e-04
-4.5010123898e-03
-4.6964917393e-03
2.2738905527e-05
3.0567061459e-03
-1.5332605384e-04
-3.5405311143e-03
-2.4066697115e-03
1.6548120590e-03
2.1183939681e-03
-2.0979969766e-04
1.4970599988e-03
-6.1430577964e-03
3.8115216126e-04
3.2709569281e-03
-4.9279016293e-03
-4.8412012534e-03
2.5797594630e-03
3.4863648346e-03
4.3893303632e-04
-1.7495078711e-03
-2.9182728076e-04
-6.0610854260e-03
-1.3566264345e-03
-5.1221807128e-03
1.9839338521e-03
-2.0836605946e-03
4.9467513644e-04
2.9373072412e-03
-1.4751535382e-03
-3.0690508781e-03
9.8632740712e-04
-8.6446583598e-04
3.1925229051e-03
-3.6192613068e-04
-7.6486191858e-04
1.2618903515e-03
-4.0151227244e-03
1.1357311408e-03
3.1559792617e-03
-1.0445083287e-03
2.6177742706e-03
4.9213357596e-03
2.2989843408e-03
-6.2636738270e-04
-2.6988008790e-03
-2.6486350137e-03
-1.7351488668e-03
-1.5834058781e-03
-4.5550664668e-03
1.2716709355e-03
-1.6256395707e-03
-5.6834232041e-04
-1.2357383705e-03
1.1341546315e-04
4.1640468988e-04
6.8857854664e-05
-4.8171168433e-03
1.0435253197e-03
2.4926395664e-03
-2.5126326652e-04
-4.0076062729e-04
-2.7711609312e-03
7.9748850671e-04
3.4697934548e-03
-4.0966701872e-03
2.2923697794e-04
-2.6632674117e-03
1.3931254168e-03
7.0944498185e-04
2.3052365971e-03
-9.0904184978e-04
7.7176685131e-04
-3.5819388574e-04
-2.1856502720e-03
3.1336578711e-03
3.5340331599e-04
-1.3566013477e-03
-3.0572737201e-03
4.0124076361e-03
-3.0889052087e-03
1.4396223545e-03
-3.2940549178e-03
-2.8542626548e-03
4.3477726502e-04
4.6134569999e-03
4.6842632365e-03
-1.4215653328e-03
1.9229704332e-04
-2.5772153198e-04
-1.6303757267e-03
5.9437252688e-03
-1.2384904329e-04
-2.5753798393e-03
-2.2715256395e-03
-4.5724735557e-03
-1.3318685610e-03
-2.6210410396e-03
2.5640916640e-03
1.2688522942e-03
5.0634730989e-03
-4.4684171191e-03
-1.9670435620e-03
-1.0743973034e-03
1.7940129667e-03
3.9172923464e-04
4.4004204953e-03
2.1895625652e-03
1.1090432394e-04
-2.4147411313e-04
2.5271368003e-03
1.7789675276e-03
-6.0821176612e-04
8.9325687738e-04
-1.1698306100e-03
1.7167950628e-03
-2.2437170992e-03
-3.8723662225e-03
1.4407250934e-03
2.0844563428e-03
2.4190350494e-03
-1.0050750758e-03
1.4507711226e-03
1.3958437769e-03
-4.1094564959e-04
-3.1533902827e-03
4.4597835894e-03
1.1336310807e-03
2.1523276313e-03
4.6660117808e-03
-1.4939667728e-03
-3.7715195827e-03
2.4634777419e-03
2.6566264883e-03
9.6603959856e-03
-1.9782320559e-03
3.8108915803e-03
-1.8475965625e-03
1.2484992416e-03
-3.2494722517e-03
2.9950289349e-03
2.8181249218e-03
1.6429969482e-03
9.3654169620e-04
1.3149957679e-03
-3.4418520122e-03
-1.9404961767e-03
-2.1144944679e-03
3.0039407989e-03
5.1431131770e-04
7.2996823758e-03
1.9055062076e-03
1.1622493768e-03
-4.2722610787e-03
1.0174235081e-03
4.5051674021e-04
4.1890933180e-03
4.1471189511e-04
-3.1324708651e-05
-2.1089688581e-03
-4.3049664172e-03
1.1895137079e-03
-1.8404851391e-05
-1.5694083470e-03
-2.1350720665e-03
5.8543663488e-03
-2.7555012007e-03
-5.2016519970e-03
-2.6056648018e-03
-4.0498232597e-03
2.5108252345e-03
-1.5644451643e-03
1.0325433993e-03
2.9266963976e-03
7.0040207203e-03
-1.8115518152e-03
-2.3274817485e-03
2.2868361350e-03
-8.9142941326e-04
-3.0126549618e-03
-2.4262926428e-03
-2.3411945607e-03
2.1097140560e-04
-4.8361880534e-05
-2.9407236122e-03
-3.8098158573e-03
5.7818431432e-04
-8.0588667961e-05
-3.2743781568e-03
-1.4095323477e-03
-3.3023883944e-03
8.8291819593e-04
5.1318639180e-03
3.8847657418e-03
-3.1726775863e-03
-7.4072296857e-05
-7.5524977453e-04
-1.6242493964e-03
3.9663881296e-04
1.6055710613e-03
-1.8353106969e-03
-1.0411418319e-03
6.6040299606e-04
-2.2279172423e-03
-3.8611213748e-03
2.9356685206e-03
-1.1513665204e-03
-5.7687815832e-04
-2.0056146376e-03
-1.3880764892e-03
-4.9212856962e-03
1.1800494304e-02
-1.8209699553e-03
-2.7478874588e-03
2.5202693005e-03
7.6239810336e-05
4.9137748040e-03
-1.4416357162e-03
-1.5329143779e-03
4.5473363373e-04
-1.4969953496e-04
6.0484472814e-03
-2.8597538332e-03
-3.3581595807e-03
-4.9986019163e-04
6.2499524388e-03
-1.0738188658e-03
-4.9182090110e-04
9.6424552993e-04
1.6540588301e-03
3.2416344310e-03
-2.7067152042e-03
3.4457484457e-03
8.4695976824e-04
-1.9084249764e-03
6.3379426700e-03
-3.3960558937e-03
6.5354004980e-03
1.9941843134e-03
-1.2672978499e-03
8.2109658341e-04
-1.6498492156e-03
-3.0046639514e-03
5.4630627021e-04
-2.9758596611e-03
4.2005875455e-03
1.1712517691e-02
4.0074718611e-03
2.3632893937e-03
2.4073888763e-04
1.0291621125e-03
2.8605570110e-03
-2.1056194716e-03
-2.1201461966e-03
1.0509106555e-03
-4.1061432657e-03
3.9101536173e-03
-6.2732891166e-03
-1.7832249221e-03
-1.6287092483e-03
4.7087793845e-03
1.4890285785e-03
5.8441012027e-03
-2.3441612189e-04
5.8198223219e-03
4.9506936742e-04
4.0687428764e-03
-2.2577400193e-03
-3.3705413066e-04
-2.0411179254e-03
7.2233715092e-03
-1.3381279208e-03
-2.4371944724e-03
3.0462776290e-03
3.0516803612e-03
9.1945402342e-04
5.2388080981e-03
-5.6309036698e-03
3.0095151157e-03
6.9913095057e-03
-1.7854551438e-03
-2.8531799882e-04
-1.2412939511e-03
-3.5835258027e-03
4.2001280224e-03
8.4072395371e-03
1.5907044390e-03
1.8714310132e-03
-1.7372632522e-03
2.4173391509e-03
-1.9231271798e-03
4.1793208815e-03
7.3110418944e-03
5.9145112804e-03
3.0736462252e-03
-2.0115721361e-03
6.7982584605e-03
1.6400238953e-03
-2.3240965462e-03
3.0738126936e-03
9.0202822166e-04
1.9764762982e-03
5.6830027472e-04
-3.9177648847e-05
8.5992797684e-04
-2.0996923103e-03
3.2704266131e-03
3.3474611181e-03
-3.2347292419e-04
5.2731157475e-04
-1.4022690376e-04
-3.2184733780e-04
-3.5074413855e-03
6.6668985017e-03
9.5584995339e-04
-2.0259110033e-03
2.2661622214e-03
-8.9944808708e-04
-2.7316765488e-03
8.7953216504e-03
4.0392586817e-03
-5.8978509976e-06
-3.2988454820e-04
-1.8317508658e-04
1.6389417381e-04
2.0985547511e-03
2.5859778924e-03
-3.6778989462e-04
-6.2162182207e-04
-3.7630933295e-03
-3.0063615636e-04
1.4652455323e-03
-2.1808495819e-03
5.1091322598e-03
-4.2613559355e-04
-2.6519201055e-03
-2.5193993326e-03
-2.5885526963e-03
-1.0327984676e-03
4.7981730194e-03
-8.8420784616e-04
2.7085097261e-04
-3.3025409866e-03
-2.7554180268e-03
-1.8551281222e-04
-2.5551149687e-04
1.7548088003e-03
-3.9231614844e-03
-9.4180431944e-04
-9.4487690216e-04
-2.1231102068e-03
-1.5673216577e-03
-2.4558222379e-04
-1.1127237790e-03
1.3490196935e-03
9.9675812528e-04
-4.5004615906e-03
4.2921646654e-03
-1.6755311306e-03
2.2064913930e-04
7.9314812119e-04
1.8480185887e-03
3.9890778146e-04
-2.2668551388e-03
1.1868783192e-03
8.9707022604e-04
4.0617466508e-04
-1.6442830159e-03
-7.6889096792e-04
4.2814749259e-03
-1.9525638145e-03
2.7426362340e-04
-3.8763256466e-03
-7.3142547593e-04
4.1153948663e-03
1.2822659769e-03
-7.9539561724e-04
-1.1822695047e-03
-3.3461254673e-03
-4.5041843704e-03
-3.2327182161e-05
-2.5182450901e-03
2.0887627684e-03
3.5558125700e-03
-4.1904758314e-03
-4.5508215428e-04
-2.0013013112e-04
1.0363710876e-03
2.7366775387e-03
-3.0150067567e-04
-2.5944087453e-03
-1.4498321218e-03
-4.9666704291e-04
4.7601233892e-04
-1.5165318244e-03
2.0933024122e-03
7.6717641166e-04
1.6271914123e-03
1.8145035429e-03
-2.4268322770e-03
-3.4999489980e-03
2.4677411158e-03
-2.8149930038e-03
1.1482699179e-03
1.7379373676e-03
6.3981816397e-05
1.7325526304e-03
-4.3351116390e-03
-1.0672333727e-03
1.8964339458e-03
-1.3157321171e-03
-5.7228024605e-04
-8.4800367774e-04
-4.3628879662e-04
4.6864389097e-04
1.9424421828e-03
-8.9886743792e-04
3.7692073589e-03
1.5440203761e-03
-1.3875713529e-03
-3.1208812727e-03
6.5673091023e-03
3.2248197041e-03
5.5516564158e-03
1.4982016027e-03
-1.1128380977e-03
2.3771423010e-03
-5.4930636669e-04
-1.2517331873e-03
2.7656676103e-03
-1.0444257465e-03
-4.9687447927e-03
-2.6799917522e-04
8.3212157529e-04
7.7421443724e-04
2.4046680036e-04
-2.5652690223e-03
2.7859312865e-03
-8.8815208664e-04
6.0469001421e-04
-1.0592444698e-03
1.2579940194e-03
-7.4109203197e-04
1.4042141056e-03
-2.4293773895e-03
1.2783106158e-03
-3.5473793274e-03
4.7064632938e-03
-1.3667307563e-03
-1.2816075130e-03
-7.0901794003e-04
3.0042178538e-03
5.3092452273e-04
-4.1526229710e-03
4.9665487730e-05
6.2980681791e-03
5.6372664847e-03
-2.8542388605e-04
-1.4257365610e-03
-4.7510447353e-04
-1.2585723223e-03
1.6053113544e-04
4.5175768501e-03
-1.1004477560e-06
4.7438162248e-04
5.9677306276e-03
-1.0372832547e-03
1.0636172986e-03
-3.2138940653e-03
1.5612698281e-04
5.1654171001e-04
-2.5227216489e-03
3.7950730491e-03
5.6343499863e-03
7.4295830323e-03
-1.4645272325e-04
1.2151187394e-03
-1.3835788732e-03
4.9769849527e-03
4.8107387729e-04
8.1477062332e-04
4.7094535630e-03
-4.7310168583e-04
-8.3288470372e-04
-9.7619164843e-04
-1.6040885381e-03
2.4367170899e-03
-3.4659454535e-03
9.8349320293e-04
3.8147142287e-03
1.1871539086e-03
-2.7409122516e-03
1.4881406103e-03
-5.4463095250e-03
9.1914429173e-04
2.2091160854e-03
2.9713970299e-03
8.2867784976e-04
-2.3650366297e-03
-1.8203803714e-03
-1.4495066021e-03
1.5141171850e-03
-1.8779909110e-03
2.8966351502e-03
-2.1215065284e-03
-2.3706104815e-03
-1.4432180733e-03
5.5819007558e-04
-1.1645410427e-03
-7.6110468210e-04
-2.5579729800e-03
-9.5348228366e-04
-2.4640811848e-03
-2.0458722496e-03
-3.2442820989e-03
1.0406408927e-03
1.2852778130e-03
1.5387689230e-03
-3.0311186289e-04
8.1588909860e-04
1.7948616201e-03
-1.8927817211e-05
2.2828232477e-03
-2.2646484596e-03
-3.7380589227e-03
1.2116728738e-03
-2.8948329938e-03
1.5135910386e-03
-6.5615324813e-04
-7.4463209498e-04
-2.5518419561e-04
-1.5926772741e-03
-3.7384426584e-04
-1.3467952193e-04
-1.1795916139e-03
-4.0577609742e-03
1.9664024527e-03
7.4713398945e-03
6.5362508011e-04
3.2810373836e-04
-1.2609798515e-03
-1.1178487252e-03
2.1100159358e-04
-1.1734506150e-03
-2.4446172012e-03
-1.1565558069e-03
2.5769693542e-03
-1.6411861259e-03
-2.4989126259e-03
2.1528471646e-03
1.3358092780e-03
-2.0665422803e-03
-2.9139174348e-03
-4.6293843961e-04
-1.3972264462e-03
1.1642864363e-03
-1.4803541495e-03
-4.2057723540e-03
4.8307763178e-03
-4.6096973574e-03
-1.5970800585e-03
-1.1795878453e-03
3.0441134355e-03
3.5639318087e-03
-7.9964878770e-04
-1.5078729365e-03
-1.5836213461e-03
3.4312260964e-04
6.9935838163e-04
3.1893463875e-03
5.8654143613e-03
-8.4882857252e-04
2.0459115400e-03
2.7997294638e-03
-1.5044454278e-03
2.1893795285e-03
-3.3678586778e-03
-3.3457370151e-03
-3.2526027432e-03
5.2326595111e-03
2.4533541612e-03
-8.2467708694e-05
-1.3849610744e-03
-3.6137503186e-03
3.5563255777e-03
1.1403929674e-04
3.9176633458e-03
-2.4888962731e-03
2.9485996241e-04
-2.5000237453e-03
-3.3278836508e-03
4.5632502581e-04
-1.4368711162e-03
8.2167368757e-05
4.0866171884e-03
1.6209923787e-03
5.2157082668e-03
-1.8316387045e-03
-1.9936488889e-03
3.1613633604e-03
-1.7238633689e-03
-1.7232476349e-03
-1.4705078879e-03
1.8515636443e-03
-1.5754889977e-03
-2.1864542601e-03
-1.6555692577e-03
9.6780563191e-04
-5.2961259535e-03
-6.7309095263e-04
1.1636622366e-03
-2.3796793177e-03
-3.6947232676e-03
-1.2057395036e-04
-3.5698650436e-03
-2.7170941948e-03
-3.8935124906e-03
-1.6407608629e-03
6.0893220319e-03
-3.8737675578e-03
3.5093902153e-04
1.0825244506e-03
-2.6669619765e-03
-9.4921627827e-04
1.9128113399e-03
-9.0185391505e-04
8.0143008303e-03
-7.6659386116e-04
-2.8515096492e-03
3.7471376962e-03
-1.1176166985e-03
-2.4502724229e-03
-2.8395857865e-03
2.3744337685e-03
2.3892554127e-03
-1.5350905855e-03
1.1950977652e-03
2.2475300608e-03
1.7322119229e-04
2.9371705915e-03
-1.4908076592e-03
-5.2180662362e-05
-4.6077021949e-04
-5.6224125035e-03
-5.5746676583e-03
-3.3802450823e-03
-1.9517248299e-03
-3.8250352753e-03
-2.6716301483e-03
9.3550232942e-04
-2.1539280572e-03
-4.7958175635e-04
1.4955311318e-03
2.2099228244e-03
-4.1469706042e-03
-1.4658766865e-03
-9.3799244979e-04
9.5991692733e-03
3.9564879519e-03
-1.8516591474e-04
1.2892358234e-03
1.0682796819e-03
6.8718619863e-03
1.6543913664e-03
1.0482857250e-03
-2.8612542031e-04
-1.8677665909e-03
1.7822252538e-03
4.5105329825e-03
1.9813603826e-03
-3.0592199949e-03
3.1137381211e-03
-1.9559485233e-03
1.5058659828e-03
-2.3693615494e-03
-2.6434308718e-03
-7.2353904638e-04
6.0198210078e-03
1.9981143268e-03
-2.6568949761e-03
-3.7099621979e-03
1.5498076560e-03
2.5306659699e-04
2.5405969737e-03
2.2253974216e-03
-4.5221466810e-03
5.2626961909e-03
1.0131090172e-05
-4.0640002354e-03
-1.8427273753e-03
-1.3311272222e-03
-2.4536021176e-03
-2.3836742751e-03
-1.3524547712e-03
6.5273116097e-03
-3.1808478447e-03
-7.3935043549e-05
-3.4180915082e-03
3.5482103379e-03
-2.3474378527e-03
-7.9785986780e-04
-4.2344653402e-03
-5.3613188099e-04
3.2663125519e-03
-6.6003715799e-04
2.1309691093e-03
-3.7863875237e-03
-1.4868218857e-03
-5.3525709776e-03
6.7579724696e-04
1.0019695474e-03
1.8550019546e-03
-1.9449108295e-03
-7.2528479143e-03
-5.9268172375e-03
3.9823210036e-03
-2.0213221013e-03
4.7949485232e-04
2.3104441587e-03
-1.1534881199e-03
-1.3243630303e-03
-1.5247530588e-03
1.4472178530e-03
8.6103558533e-03
-3.1426654883e-03
1.5297979352e-03
5.0168530249e-03
2.6490281526e-03
2.7566050232e-03
4.8403042921e-04
-1.5699861891e-03
-1.2236552420e-03
7.0289205735e-06
-1.4912908840e-03
-2.9995246039e-03
4.5730264596e-03
-2.8164015848e-03
4.9173761351e-04
-2.0540652381e-03
2.3562215760e-03
4.7728687050e-03
-5.2194036442e-03
-9.8684808238e-05
5.6241110287e-03
-3.7016984713e-03
-2.4648282134e-03
2.3074473541e-03
4.4478606536e-03
-2.3662608509e-03
1.9080076899e-03
4.4236943507e-03
-2.6892515784e-03
8.0080564648e-04
-2.0067719092e-03
-1.8618605530e-03
2.4344774131e-04
3.2035156603e-03
1.2051651895e-03
-3.8215878954e-03
1.5268313365e-03
4.7918030352e-03
4.8339679718e-04
1.6933426113e-03
4.2494324193e-03
-3.2640743441e-03
2.9403588483e-03
1.8871443862e-03
-2.8186679799e-03
-5.5955296961e-03
-2.4524622813e-03
1.5074361729e-03
1.9785449615e-03
1.2961897480e-03
-1.8277290196e-03
-5.2797373656e-03
-2.7951223608e-03
8.2172284524e-04
-2.0580663642e-03
5.9023258637e-03
-3.2010470255e-03
9.1774809566e-04
-4.0742332537e-03
-4.6321467060e-03
-1.2557897920e-03
-1.6427424113e-03
1.8729942766e-03
1.8909532965e-03
-2.1447034494e-03
-4.2889442859e-05
-1.8310790305e-03
1.5869154820e-03
-2.0863784379e-03
-8.3687724365e-04
1.7468057355e-03
-4.5711069273e-03
7.6809977811e-04
1.3056215873e-03
-1.1433382455e-03
1.2351938585e-03
1.5979021392e-03
9.1667905493e-04
-2.8399502197e-04
-3.7948073739e-03
1.5990764686e-03
-4.1162121498e-04
4.0617750659e-03
-1.8714092950e-03
9.1272698145e-04
3.5021491454e-04
-3.8826737435e-04
4.6489886047e-03
5.9264101933e-05
-3.3574641675e-03
-4.1837127976e-03
-1.7376251359e-03
-1.5475393455e-04
3.5452379508e-04
-1.1876694211e-05
7.4654676877e-03
-1.6485644887e-03
1.0994942177e-03
-4.4129714597e-03
4.6781208731e-04
-3.2972696236e-03
2.5960069109e-03
3.3504129008e-03
8.0305446404e-03
-2.7406377785e-03
3.8332484850e-03
-1.4707676307e-03
1.4521416201e-03
-2.5872756234e-03
2.0222499686e-03
-5.6143287168e-04
-2.7372826733e-03
6.5576759151e-03
-3.9441266702e-03
1.7467710879e-03
-2.0297081451e-04
-2.4080457868e-03
2.1569398360e-04
-8.5821481734e-04
-1.2749476539e-03
4.0855478925e-03
-9.1075974359e-04
-1.6776180773e-03
-3.3919432725e-03
-8.7338496863e-04
-4.9723250863e-03
-9.3949943724e-04
2.8756873973e-03
5.4009453306e-05
2.6764568953e-04
-1.7018639727e-03
6.9898741120e-03
1.8846385359e-03
-1.0768733803e-03
-1.7473303727e-03
1.5080548494e-03
-1.4162594862e-03
-3.1864880672e-03
1.6478288774e-03
-3.3936142054e-03
-2.9985502438e-03
-1.1220964844e-03
5.4752307340e-03
-4.4232406331e-04
-2.5243406713e-03
1.7011332570e-03
-1.1750671775e-03
2.5976352420e-03
-1.4600096974e-03
3.9315259968e-03
-2.5784434111e-03
-1.4891299672e-03
7.2559014548e-04
-1.8374236711e-03
3.6412589522e-03
-1.9521269593e-03
-2.0258242537e-03
1.5307478971e-02
1.6016553112e-03
2.5853999636e-03
-3.3117236682e-03
1.5510057017e-03
-7.3649965280e-04
-1.3009556622e-03
3.8217132035e-03
7.0215512847e-03
1.9681962696e-03
3.5763588158e-03
4.0262145280e-03
-4.6947671998e-03
3.2608987158e-03
9.9172714062e-06
-2.8487826742e-03
-5.0802887685e-03
-2.3472294141e-04
-3.9172492654e-03
-4.4763465714e-03
1.3227551860e-03
2.0423216261e-04
-3.7714736196e-04
-1.1108281843e-03
-8.1587974635e-04
-4.4277249764e-03
-2.7223049391e-03
5.0984341467e-03
1.5587768980e-03
-3.4793862415e-03
-2.4507671951e-03
4.8511175439e-03
-6.8045999825e-05
5.1134368574e-03
8.4427004165e-05
-2.4276699401e-03
1.1046577227e-03
2.3199032720e-03
-1.9961870769e-03
-6.8256839217e-05
1.8176272593e-03
-9.4785862852e-04
1.9612165187e-05
-2.7152095175e-03
-2.5027735073e-04
5.3969152767e-03
6.5648190316e-04
6.9477941959e-04
1.5990505518e-03
1.9794936563e-03
5.0504605998e-03
1.1488012626e-03
-1.8502761729e-03
-4.2327215809e-03
-1.6316861025e-03
2.1817176787e-03
-1.3265886240e-03
-1.7988607745e-03
-1.0547356568e-03
1.8312303034e-03
-9.8913269609e-04
5.2429236228e-04
4.7355901892e-04
-4.4741467596e-03
7.2670290817e-05
-1.0468330560e-03
-2.9904870920e-03
-1.2177197453e-03
5.2005317792e-03
3.3210797524e-03
-3.9681977910e-03
-3.4691777859e-03
-4.2889431242e-03
3.5970104519e-03
-2.1414603086e-03
4.1154686981e-03
-3.4330454218e-03
-1.9189085198e-03
-2.5490687116e-03
3.6815382582e-03
3.7424954171e-03
2.6312900490e-03
-3.1839344939e-03
-2.9779238857e-03
2.2372460648e-03
-1.9119200244e-03
-5.5900388898e-03
1.4165011692e-03
-1.2832540578e-03
-1.1063372618e-03
9.3239446334e-04
3.3626701806e-03
3.6682856044e-03
1.0102284797e-03
1.6851751498e-04
2.0275856831e-03
-1.0059594378e-03
-1.7365103058e-03
5.7753116700e-03
8.9799624226e-04
-1.4317641814e-03
1.0562912600e-03
2.8719377680e-03
8.7262695860e-03
1.4065792372e-03
4.0477021724e-03
-1.9884609744e-03
2.9974811613e-03
-3.3718710149e-03
-5.1825727106e-04
-3.1952704917e-03
-3.8012656672e-03
-1.0721631208e-03
-8.4242939258e-04
-3.0459180217e-03
1.3988847465e-03
-2.0273005964e-03
-6.3079912368e-04
1.7503631628e-04
-6.8849380254e-04
-3.1702507325e-03
-1.0844467861e-04
1.0509172539e-03
3.7054013425e-03
3.9186283241e-03
-1.5389824617e-04
-2.3040512009e-03
3.8386938720e-05
-9.7577274271e-04
6.0208176711e-04
4.7228542507e-04
-4.1735196668e-04
5.8060527112e-03
-3.0879108313e-05
-3.6905887426e-03
7.0741711776e-04
7.3741044108e-04
-1.4293477977e-03
-3.1073790847e-03
-2.9120130215e-04
5.2963542018e-03
-4.7447432809e-04
-8.3429948339e-05
-1.7335553323e-03
4.8260165511e-04
-7.8227653492e-04
-4.4078142325e-03
8.9874931270e-04
-9.7475769351e-04
-1.6915479305e-03
2.1634753366e-03
-1.8775491701e-03
-7.5872139179e-04
6.1375765204e-03
-1.7840483148e-04
1.5523497064e-03
-9.3913639332e-04
-3.3769207347e-03
-4.8700921273e-03
-1.5924685780e-03
-1.3730716413e-03
4.8973104799e-03
2.9603158240e-03
-5.4412842748e-04
-1.5897826216e-03
9.6914201175e-05
4.8322704130e-03
-2.2328254294e-03
-2.5608969229e-03
5.3156761859e-03
1.4994308943e-03
-1.7047805407e-03
5.2342095100e-04
-7.6915142228e-04
5.8878051955e-04
-1.2352230882e-03
5.1615016513e-03
2.5718555826e-03
1.2875882380e-03
-3.7548956048e-04
-1.9395158624e-03
-3.2536118416e-03
-1.1124028180e-03
-4.5559307946e-03
2.5677873004e-03
9.9290939513e-04
5.9927469807e-03
-3.0777813331e-03
4.2515533398e-03
-3.0812771696e-03
-3.3075581915e-03
1.0022850395e-03
6.0998214583e-03
3.8301474507e-03
-3.5278025254e-03
-3.6055765385e-03
8.6340438670e-03
-2.9665943624e-03
-2.5667111512e-03
8.3486369492e-04
-4.4725285535e-04
-2.1838581856e-03
-1.4216985591e-03
-5.0397593836e-03
-2.4960389502e-03
1.9192764562e-03
3.4966447445e-03
-4.1011465909e-03
-2.4096738115e-03
-3.2578081652e-03
6.5156882907e-03
3.5267265460e-03
4.5039587396e-04
-1.6664869520e-04
-1.9203029397e-03
-3.8933482280e-03
-3.0390661070e-04
3.1383390806e-04
-1.6875352862e-03
-1.9408715455e-03
1.2127284157e-03
-2.7160595798e-03
4.8526355510e-04
6.0671837695e-04
4.0720588277e-03
-3.7710915167e-04
-1.1564130905e-04
-2.2816403663e-03
-5.2984769438e-03
-1.7750394403e-03
5.4717288495e-03
1.2874617455e-03
1.9662451525e-03
-4.3467258155e-04
2.9750234584e-03
4.8230677211e-04
1.5014185395e-03
3.8945653177e-04
8.5257597549e-03
2.5055552104e-03
3.5653719181e-03
1.8576653125e-03
-1.2038419951e-03
2.8532698661e-03
3.6379978765e-03
-3.4664899909e-03
4.5363591691e-03
-7.8393476198e-04
-2.9020134460e-03
9.8179429756e-03
-9.9166303806e-04
-2.9883699055e-03
1.3478449713e-03
-6.1112166392e-05
-4.5454343263e-03
-6.9217270602e-04
-1.0596038372e-03
-2.0066194599e-03
3.6260870230e-03
8.5266123515e-03
-2.1345089197e-03
5.3090903980e-04
-3.2033669579e-04
-1.0477314838e-03
-3.5953250906e-04
1.2284157949e-03
-3.6492622492e-03
6.7651205391e-03
4.1566211500e-03
1.4984397980e-03
4.8408546542e-03
-1.2400322296e-03
-2.2427326907e-03
-4.2502972616e-04
-1.8445232215e-03
1.6688684342e-03
1.8417504595e-03
7.5960811281e-04
5.1523279811e-04
2.1143375648e-04
5.5446800054e-03
-4.3859306375e-04
-1.9434351454e-03
-1.2371609909e-03
-1.7791683284e-04
-3.3544088847e-03
-6.7655478132e-04
-3.4301652009e-03
-1.9674144891e-03
-2.6298439016e-03
-2.7457852879e-03
1.2444228714e-04
-1.0612597719e-03
-2.9436747124e-03
3.4704321360e-03
-6.5423606045e-04
-7.0224452621e-05
3.5232062700e-03
1.7754248448e-04
-6.3915155504e-04
3.0039466405e-03
-2.8540399907e-03
-1.4530416670e-03
-8.7802370596e-04
-3.1069832353e-05
2.7251365768e-03
-2.3657222922e-03
2.0456163884e-05
1.1303225645e-02
-7.5664616056e-04
-5.4473165988e-04
-2.0055931123e-03
2.9985312969e-03
-2.5128523554e-03
-5.4307094273e-03
3.1745592985e-03
-9.7201058851e-06
-1.1407959569e-03
-1.7577730477e-03
-1.8637506005e-03
1.2207170144e-02
5.5986449490e-03
-5.9727685998e-04
-2.5214408557e-03
-3.8939351673e-03
9.2443913735e-04
-1.0302824018e-03
-1.0692348997e-03
-2.5553836062e-03
5.5136112879e-03
-1.0149306344e-03
-4.8259511530e-04
-1.4996180929e-03
2.2915422231e-03
1.2033190385e-03
-1.5937001225e-03
-1.8805271261e-03
2.8045658625e-03
1.6344453171e-03
-2.1803674912e-03
3.6024062103e-03
3.2562018123e-03
4.6586206999e-03
1.3492400694e-03
2.0356192216e-03
-7.7799720132e-04
-6.1155034447e-04
2.8209891718e-04
-8.7226716519e-04
-4.5320892282e-03
-5.3992665941e-03
2.9524731816e-03
-4.1497955576e-03
1.7030943413e-03
2.1881882531e-04
-5.0891564502e-05
1.9075103687e-05
2.0302711720e-03
-1.8730682803e-04
-2.4245642149e-03
-4.3241097982e-03
-2.6427125621e-03
1.5991847150e-04
5.1024608891e-04
8.0493065304e-03
-9.2999861341e-04
3.4798696042e-03
-9.1874713943e-04
-1.3749574548e-03
1.6323598416e-03
1.2571062093e-03
3.4892674724e-03
-1.2735965187e-03
-1.8454338621e-03
3.1260378103e-03
1.1026900256e-03
-1.1512478234e-03
2.6564889827e-03
-1.8356870222e-03
3.9629958593e-03
-3.4929385879e-03
2.5887702097e-03
5.6882081207e-04
4.0226211130e-04
2.2714289269e-03
-5.3415036630e-04
3.4293055469e-04
-7.4926320132e-04
-2.4843136203e-03
5.5863069154e-03
-2.6776114034e-04
6.8926815343e-04
-1.9052989454e-03
1.1560606483e-03
-7.1426257287e-04
-9.8462274038e-04
2.3603861068e-03
-4.4848360450e-04
-1.3104486466e-03
-9.1695522768e-04
-4.1422695619e-03
-2.4416907494e-03
-2.5619804143e-04
-1.1128930927e-03
-4.6639442653e-03
5.6412482391e-03
3.2750454159e-03
1.6930613852e-03
-6.7680865990e-04
1.9061147642e-03
1.2271043341e-03
5.1399052726e-03
8.0932099628e-04
-4.3136072383e-03
-2.7822765042e-03
-2.5326651642e-03
5.2059521217e-03
2.7819031720e-04
-2.1156538840e-03
1.0405888676e-04
-2.7787033052e-03
-1.8625572460e-03
-4.1503145445e-04
9.4790399659e-03
6.5460361518e-03
2.5490751276e-03
-8.8140205969e-04
3.1793269804e-03
1.4797376044e-03
1.9350880959e-03
-1.0825443245e-04
5.6872330746e-03
-1.1219620857e-03
5.0411058436e-03
1.7832864625e-04
-2.2792685278e-03
-8.0751757948e-04
-3.5677704638e-03
-3.8784990939e-03
-3.6350278091e-03
2.5470350781e-03
6.1553687302e-03
-4.2218999314e-03
6.7184281228e-04
-1.6233693842e-03
-1.0408922568e-05
2.4127781008e-03
-1.8067570428e-03
-1.3894440267e-03
-2.7314710886e-03
-3.1187774331e-03
-4.2325214256e-03
6.7911824705e-04
2.0323774993e-04
1.0442373469e-03
3.9205821086e-03
3.4582523257e-03
2.9844453065e-03
-1.2618544045e-03
-3.4926982599e-03
-2.4994264400e-03
-1.4356632726e-03
3.4808261645e-03
4.9014291970e-04
2.9625057944e-03
-2.3111350217e-03
6.2025722251e-03
-3.4782313141e-03
1.2051093864e-03
1.1318217217e-03
-3.3236303377e-03
1.3632378508e-03
-1.2927274934e-03
-2.1998249517e-03
-3.4425933960e-03
2.0620291829e-03
4.2652656216e-03
4.3429926515e-03
-2.1087412150e-03
-1.6843180698e-03
-1.8985957653e-03
-1.1000063522e-03
3.7612701097e-04
-7.1745986495e-04
-5.7202204675e-03
-2.3660707854e-03
-2.6616438160e-03
-1.9006517930e-03
1.3484178562e-03
7.2480238096e-03
-2.0574405453e-04
-8.1323328058e-04
-4.1479253710e-03
-2.6311415076e-05
-1.3951218379e-04
6.0550438789e-03
-1.1761691365e-03
-2.0851323428e-04
4.5049805220e-03
6.5346239326e-03
-2.6068596506e-03
3.2383390134e-03
-1.7595154922e-03
1.3326494472e-03
-1.6889585774e-04
-3.2625298282e-03
-5.3292004084e-04
-2.7658531733e-03
8.3451865410e-04
5.3234451665e-03
-2.4879204690e-03
-5.3291111573e-04
1.7561300826e-03
1.3520005659e-03
-1.3773093035e-03
-2.7172608538e-03
-4.7656020142e-03
1.1000523053e-03
-7.2109068696e-04
-6.6756986655e-04
-4.1202472592e-03
1.7682231497e-04
1.0960097437e-03
-8.2350586937e-04
-8.9651743942e-04
1.2176618021e-03
3.7888632097e-04
-1.1416136702e-03
2.6344799583e-03
-2.8452427294e-03
-4.2770920667e-04
5.0373730060e-03
-4.3600237201e-04
-4.1151493356e-03
2.8344008867e-03
9.1510405900e-04
6.2162932080e-03
5.0071395252e-03
-9.6416119764e-04
2.7191582188e-03
3.6121895636e-03
4.6386484619e-04
-1.0124634110e-03
-3.5922787559e-03
-2.5502244974e-03
-3.1983052128e-03
6.8164089827e-04
-3.7406705955e-03
3.5927974890e-03
-3.8363372547e-03
-1.5410216464e-03
4.6410544927e-03
-4.7095874735e-04
-3.4300353082e-03
-1.3412600831e-03
2.6063503436e-05
-1.2913553217e-03
1.0633762819e-03
1.7410621726e-03
1.7396257683e-03
-2.1034317879e-05
2.0611917580e-03
-4.4732991517e-03
1.9098263854e-04
9.7635142497e-04
-8.6611716613e-04
-1.5959157950e-03
-2.4061835684e-03
8.6655657644e-04
1.3456841622e-03
1.3592774363e-03
1.5652647792e-03
-4.1889467842e-04
-3.9257468185e-03
3.5158496291e-03
3.8672134140e-03
-6.9892735687e-04
-2.6181894182e-03
1.7620869041e-03
1.2426915722e-03
6.3932955905e-04
1.1338934016e-03
1.1304089883e-03
1.2148998088e-04
-1.4741760579e-03
-1.5195256220e-03
-7.9183752916e-04
1.9688612582e-03
-1.8372766655e-03
-4.9471035003e-03
-1.8371836814e-03
1.1451604687e-03
-2.2173970581e-03
-2.6258777222e-04
-1.4920989261e-03
1.0772004048e-03
-7.3700032084e-04
1.7448344908e-03
-2.5411194193e-03
-1.7015708185e-03
-3.1338971844e-03
-5.9065781739e-04
2.2064814073e-03
-7.5090408073e-04
-2.2295196708e-03
-1.7247780942e-03
-4.7702932513e-05
3.8931650546e-03
2.4118350019e-03
-2.0736472835e-03
1.6004478750e-03
-1.7261215933e-03
-5.2104382147e-04
1.3981097801e-03
-1.4880926430e-04
9.7826796532e-04
-2.2535834482e-03
5.9883877390e-03
1.1626032472e-03
3.0366879293e-03
-7.2279871527e-04
4.7259118390e-03
4.4885827983e-04
-3.6987741348e-04
-1.2533247374e-03
-4.0245022032e-03
2.4323458246e-03
-1.2662527894e-03
-2.5300809972e-03
5.3545953857e-03
1.2967197542e-03
-6.1264255970e-04
2.8210767090e-03
-2.7428200496e-03
9.9585702701e-03
-5.9085357982e-03
1.2376343297e-03
3.7237683620e-03
2.9962692856e-03
2.7358940155e-04
-1.8938755677e-03
1.6634298102e-03
-3.4371405159e-03
-1.0207414680e-03
-1.0553766693e-03
1.0085554909e-03
-1.8563070711e-03
-3.3341695422e-05
-4.8365294091e-03
1.3962573256e-03
3.7463765229e-03
5.5752888166e-05
-1.7630262735e-04
1.3510921208e-03
1.2938577401e-03
-2.4733380739e-03
-3.7193093942e-03
7.9096017380e-04
-1.5136553302e-03
4.9119447087e-04
-3.6674233116e-03
7.0019639472e-04
7.4190005742e-03
-3.8686777981e-03
7.7833552877e-03
3.9182325530e-03
-3.8496658833e-04
5.4703799387e-04
-2.5859039755e-03
2.1380063628e-03
1.4550162214e-03
4.4776182508e-03
3.4921452667e-03
3.2898758767e-03
1.7761544904e-03
-2.0853199616e-03
-2.3779163363e-03
2.8355805496e-03
-2.1335809877e-03
-3.1423844424e-03
-7.4967960889e-04
3.5804277319e-03
4.9095446915e-04
-1.2319695091e-03
2.9125958624e-03
1.7108079793e-03
4.9914890488e-03
-2.7144735294e-03
1.4572307414e-03
-2.0307430544e-03
2.3242495266e-03
7.8235717516e-03
-1.4991137028e-03
-1.0124267397e-04
3.1272856254e-04
1.7652912330e-03
2.0269903971e-03
-2.1741504936e-03
3.3547159131e-04
-1.0882117304e-03
-1.7535795696e-03
-5.5260115961e-03
-1.0697810736e-03
-3.1818400951e-03
-9.6129128857e-04
-5.2778912783e-04
-4.2976897307e-04
-6.8386816837e-04
7.4251080370e-04
1.2406409326e-03
1.0455683944e-04
5.0692837286e-03
-2.5157156788e-03
9.4645198832e-04
1.7966694313e-04
8.6114610536e-04
1.1008962385e-03
-4.9513599281e-04
1.1139860596e-02
-4.0352702092e-03
-1.5548618568e-03
-1.6582668776e-03
1.8449505842e-03
4.5044928041e-03
6.5184215992e-03
3.0590830304e-03
-1.1459787438e-03
-1.8797643182e-03
2.1642124526e-03
9.2178660220e-04
-3.9897839619e-03
-2.9705180609e-03
-4.2043862132e-03
-4.4985070950e-03
5.0839947998e-03
9.3964390653e-04
3.0010484259e-03
-4.2926880612e-03
3.5064282158e-03
-4.2879095626e-04
7.6441904441e-04
2.5450587792e-04
-1.8916873830e-03
-3.4863070990e-03
-8.5788385389e-04
-2.5636137052e-03
-2.2893578468e-05
-1.3587752344e-03
-1.6308548519e-03
1.4334843396e-03
4.2234117484e-03
6.7272648154e-04
-2.1866684367e-03
2.6016914568e-03
-2.3754552924e-03
-1.5975305535e-03
1.8059058903e-04
3.3846047497e-03
1.6904380110e-03
2.0377523864e-03
-4.2600084427e-03
5.5593887861e-03
7.5056005903e-03
-1.7675097621e-03
6.0617164919e-03
-2.8344105303e-03
4.4311286881e-03
-2.9578836224e-03
-2.2546116932e-03
4.4010638760e-03
-4.6075715813e-04
-4.5865339605e-03
8.4907947298e-04
-1.2433497895e-04
8.4111234946e-04
-1.9576190416e-03
3.5460259542e-03
-2.9438418923e-03
-1.9798982272e-03
-8.7567997094e-04
-2.1515495238e-03
-1.1434527771e-03
-2.5059163632e-03
-2.9420823625e-03
-3.0815196696e-03
2.8610163257e-03
2.6186218473e-03
-1.7768771347e-03
-1.2711886163e-03
1.3189946981e-03
-4.1722917309e-04
1.6660626882e-03
2.1501193264e-03
-3.9608123277e-03
-8.5242184012e-05
-3.1287648886e-03
-2.9873669091e-03
-3.3771464291e-03
5.5482965639e-04
1.4675310410e-03
-6.7875533649e-04
-4.8009430851e-03
2.4403941120e-03
-1.5807759916e-03
-2.2529397973e-03
3.3425806956e-03
-1.0289049447e-03
9.2371931065e-04
-2.0854556214e-03
1.5142474397e-03
-2.1318876693e-03
6.1623884095e-04
1.9442217974e-03
4.5909098849e-03
3.5814318319e-03
-2.8195005163e-03
-2.3514564893e-03
-3.9485676764e-03
5.9389819311e-03
8.2669511178e-04
4.9301139720e-03
2.6078025128e-03
2.0722088968e-04
-2.3715310131e-03
4.7613827806e-03
1.0890180365e-02
-2.6236410911e-03
6.2477541169e-04
-4.9411993287e-03
7.5637838913e-04
-2.6372220901e-03
-4.2783468164e-03
-1.5985892912e-03
1.1749044029e-05
2.0936971183e-03
3.4338579083e-03
2.6220114724e-03
5.4780871933e-04
2.1562996706e-03
4.6017644323e-03
-4.0686709481e-03
-9.2745377391e-05
1.5895717447e-03
-3.4178990613e-03
-2.8714243012e-04
6.6293557132e-04
-4.9084584010e-03
-4.0253550437e-04
7.9731111436e-04
9.4789543839e-04
-1.6543388113e-03
-1.8485750998e-03
8.6060094860e-04
-2.2423118772e-03
-3.1103180712e-03
-5.1724920743e-03
9.6535782566e-04
-3.4487403132e-03
1.7995231128e-05
-1.4625628729e-03
2.2241938078e-03
-2.8363567904e-03
1.5390643709e-03
6.5091561329e-05
8.8149119323e-04
5.6268761275e-03
6.9128707542e-04
-3.3616405642e-03
5.1093862366e-03
-8.8809528938e-04
-4.7904423996e-03
-2.8433848296e-03
1.0314243650e-02
-6.6543483826e-04
2.9751862878e-03
-1.6279590375e-04
-3.9266396697e-04
2.6430956031e-03
6.0493896522e-03
-1.7795184347e-03
-4.7477062404e-03
8.7931001265e-04
5.4109129586e-04
7.9744650618e-03
-4.9462776844e-03
4.6457009556e-03
-1.6312707769e-03
-1.8882237739e-03
-1.8329116138e-03
2.3040370690e-03
-2.3033654760e-03
2.1739740020e-03
7.7062200428e-03
-1.3659769023e-03
1.9212320153e-03
3.8947823624e-03
7.2426304392e-03
-1.8884954989e-03
2.4367273775e-03
-1.2956488323e-03
-3.3064115312e-03
-2.7804878087e-03
-4.6609493049e-04
9.3832468786e-04
2.1177394607e-03
-2.1530379005e-03
1.5511717292e-03
-1.2050299673e-03
4.9037011842e-04
-1.3589779978e-03
2.4493345992e-03
2.1751694025e-03
-2.4111376559e-03
-2.3949088092e-03
-4.3371377199e-03
2.3590566999e-03
-1.7691946702e-03
-1.3336156487e-03
2.2367036140e-03
-2.9182683378e-03
-4.1919950665e-03
-4.0736203554e-03
9.3479687873e-03
2.3233172916e-03
-1.1006825641e-03
-1.7806294380e-03
-1.2345085491e-03
3.5636060919e-04
-3.6628786869e-03
4.4740683281e-04
8.1387287958e-04
-1.6778974835e-03
-6.7737659374e-04
-6.2961372034e-04
5.1430005050e-04
1.6700954687e-03
-8.1580284111e-06
4.4512090829e-04
8.0349869785e-04
-3.1854214242e-03
-1.3912712214e-03
-5.1433029460e-03
-2.5853232386e-03
6.0837728061e-03
3.7911179469e-03
6.5233117656e-03
-1.2584029293e-03
7.9382076798e-03
5.6586882919e-04
4.0751841478e-04
4.3499409027e-03
2.2840249070e-03
4.6144897093e-03
5.5989614388e-03
-2.0796061438e-04
-1.0681426430e-03
-3.1687251192e-03
-3.5944109984e-03
-4.7664726168e-03
3.7355502972e-03
-2.0374234543e-03
2.9461852084e-03
-7.0118732341e-04
-3.0109681367e-04
1.1497942404e-03
-2.4139886527e-03
2.6641349007e-03
-2.9798080086e-03
5.9982150835e-03
-1.7689727552e-03
-8.1591347384e-04
-3.2727367841e-03
-3.8699616318e-03
-1.2794268972e-03
-3.3836911420e-03
3.2382121840e-03
-7.2713608317e-04
-7.4277008002e-04
-7.4228446511e-04
-9.0014524838e-04
-5.3396620551e-04
3.6472865338e-03
2.7561668403e-03
-6.5979851601e-04
2.2633559521e-03
9.3916707012e-04
5.5019053391e-05
2.2802519158e-03
-3.6705956578e-03
-4.2838482908e-04
-2.7494879960e-03
2.4347088460e-03
-3.1249758930e-03
-2.3129680996e-03
3.3616991313e-04
-2.2165818535e-04
3.6742824070e-03
-2.3960745646e-03
-1.4859399222e-03
3.7192233763e-03
2.8635936231e-03
-3.0202617961e-03
4.9063695959e-06
8.3089037106e-04
-1.1508441062e-03
-1.5379311341e-04
-2.2898001149e-03
-4.7719839164e-03
-3.0159863093e-04
3.7303010479e-03
7.6303625831e-04
7.9604059971e-03
-1.2344256979e-03
3.4466671389e-03
-2.3650456922e-04
2.8926993116e-03
-5.1221374038e-03
-2.2850582985e-03
1.8362004017e-05
-2.3725410637e-03
-2.0806810033e-03
2.2263517547e-03
2.3512529640e-03
4.9419727749e-03
3.6381685182e-04
3.5972553070e-03
5.2581230350e-05
-1.8062172065e-03
3.2131567231e-03
4.5365667127e-03
-2.3031395907e-05
-3.3218286878e-03
4.2438944419e-04
-2.9907546027e-03
2.6078440867e-03
-2.2747446762e-03
-4.3781861124e-03
-3.5628458130e-04
-6.0044279081e-04
5.2051205925e-04
-4.3778357563e-03
-2.3479416581e-03
-1.8452576880e-03
1.8332575083e-04
-3.2955355875e-03
-3.5778937563e-04
2.0372340074e-03
-1.9037470494e-03
-1.6813779871e-03
2.2479310638e-03
-2.5897130121e-03
1.6733057578e-03
9.4809032435e-03
7.8106434953e-04
-4.9986784544e-03
-1.7850773778e-03
1.4417437420e-03
-3.3863777678e-03
-2.0025844438e-03
-6.9385221304e-04
-5.4841607177e-04
-2.5411815520e-03
2.1466858456e-03
-2.1927668210e-03
-7.4054228360e-03
-3.1824783920e-03
-4.7558192647e-03
-2.4910033554e-04
-3.0547466795e-03
-9.4489606618e-04
-8.9791663843e-04
-2.6048599293e-04
-2.6136443832e-03
-1.4881689682e-03
-3.3534053402e-03
-3.1997385476e-03
2.5555753347e-04
-1.3950988990e-03
-2.3914650757e-03
1.0902728620e-03
-2.1657524510e-03
1.0052594882e-03
-2.1256161373e-03
8.7992328547e-04
2.7937679463e-03
1.0135195411e-03
-1.2260045483e-03
3.0021347461e-03
-4.1936521647e-04
1.4422327465e-03
-3.0283713940e-03
3.6717468831e-03
-2.0064743860e-03
7.5489538091e-04
3.4641469890e-03
2.1761986744e-04
-2.2926239395e-03
-2.1207776031e-03
-2.3803295054e-03
5.7225702339e-03
-1.8707221018e-03
-1.0850689560e-03
-4.5598939280e-03
1.1522232148e-03
3.6367414460e-03
1.1946335272e-04
-9.6344100606e-04
-1.7473599655e-03
-2.3824449985e-03
2.1498688813e-03
6.4069612483e-04
2.7538531363e-03
-5.6847547150e-03
-1.3476795450e-03
3.7005735217e-03
4.2684686485e-03
-1.3836661901e-03
-5.2042089385e-04
-3.7079902617e-03
-1.6688430807e-03
-1.5482267782e-03
-6.2437730239e-04
4.7353621407e-03
-3.6631248505e-04
-2.3433277598e-03
-5.3363765483e-04
4.4234155072e-03
1.4176071696e-03
-3.3782325157e-03
-6.1132612976e-04
7.3516046583e-04
-9.3631022309e-04
1.7118571902e-03
1.2227417515e-03
-2.0171304234e-04
3.6642388466e-04
-3.3500556709e-03
2.9514429460e-03
3.5611537046e-03
-4.1424914731e-04
-4.4808265564e-03
-2.4877401266e-03
-3.1801293840e-03
-4.2118601027e-03
7.6284185320e-04
-2.9054429274e-03
-1.7913913867e-03
-1.1106314911e-03
-1.1069069927e-03
8.4535594466e-04
1.2064581331e-03
2.2499390010e-03
-1.9162754916e-03
-1.0802754334e-03
1.8915982696e-03
8.3285348806e-03
-1.0934886272e-04
3.9341955127e-03
4.8505853114e-03
9.9115121243e-04
-1.0272944412e-03
-3.1296599202e-03
-5.2085981376e-03
2.2026794982e-04
2.3665237275e-03
-1.9371779278e-03
-3.2697403128e-04
2.9934685776e-03
1.5582773375e-03
-2.9287384659e-03
-3.6836401840e-03
4.7165977376e-04
3.8078931633e-03
3.8438030613e-03
-1.0082247289e-03
9.7859398666e-04
7.8923283476e-04
-8.4147121084e-04
4.0144212681e-03
-2.4011768790e-03
3.0029674789e-03
-2.9652169631e-03
1.9051041977e-03
-2.5563046361e-03
-1.1414290915e-03
-1.1760527745e-03
-2.0159293615e-03
2.9158147096e-03
-2.7719487119e-03
-1.2136454169e-03
3.0365493081e-03
-8.9778669441e-04
-1.8713700289e-03
-7.7512828841e-04
1.5040200200e-03
-1.8573298806e-03
-1.7235919440e-03
-2.4972549998e-03
-2.0234867517e-04
-1.3577827115e-03
-3.5143042068e-03
3.0567929746e-03
3.2147101815e-05
-2.8210971277e-03
3.8119066767e-04
8.3794536222e-04
-5.0707358289e-03
1.2093146576e-03
2.8941588630e-03
-1.2209814695e-03
5.3091752715e-04
3.3722108784e-03
3.8399952672e-04
6.1973596133e-04
1.0689375099e-03
-3.2332320964e-03
-3.4081146250e-03
1.3386794097e-03
1.9521042683e-03
6.4829407105e-04
1.1246178276e-03
-2.0040880934e-03
5.0176422007e-03
-3.4962333824e-04
5.2276203658e-04
-6.3200012395e-04
6.5788610252e-03
-4.2923667441e-03
4.2433042150e-03
1.9577103212e-03
7.2412487749e-04
4.0686467391e-04
1.8490256182e-03
-2.5724659200e-03
-3.0074646715e-03
6.8586848777e-03
4.2310538885e-03
4.9404632812e-03
-2.8055323002e-03
-2.3729332778e-04
-1.9004247536e-03
6.8803039185e-04
-5.3292429874e-04
-1.0839381649e-03
3.4702057415e-03
1.1649021646e-03
8.1453842414e-04
-5.5700776029e-03
1.7352591751e-03
1.0995984993e-03
1.9277327678e-03
2.9108087213e-03
-3.5726066012e-03
-2.7890919264e-03
1.0909577177e-03
-1.8762067794e-03
3.9532639534e-04
-4.4758606231e-03
-2.5851838436e-03
9.8452160599e-06
3.3240484545e-03
5.1882034016e-03
-2.3983756592e-03
-3.8539007129e-03
3.4556469057e-03
-6.6052788991e-04
1.1086713153e-03
2.1318528540e-04
3.9316385145e-03
-1.1176255455e-03
7.3557569220e-05
1.2895362063e-04
-1.5061872755e-03
5.5389077257e-03
2.5050710228e-03
6.9715609717e-04
1.9613458126e-03
1.0438654580e-02
-4.6373098208e-03
-9.6433312197e-04
7.7855676048e-04
-4.8645573051e-03
-2.0736632082e-03
1.1372318644e-03
-1.7341182124e-04
-1.1981350364e-04
-3.8725104647e-04
1.1238195814e-04
-1.8957772876e-03
1.5080974663e-03
-3.1275205674e-03
3.6621985102e-03
-2.5215109324e-03
-1.1207042311e-03
-5.0894988039e-04
-4.6362848716e-03
3.8660834710e-04
-3.0261998654e-03
-2.3068308496e-04
2.6442176838e-03
-1.6213131151e-03
-5.1231931380e-03
-1.8991699903e-03
-4.4852624378e-03
-3.7894310687e-03
-4.2606834098e-03
3.1861434025e-03
3.1735860790e-03
7.2505998549e-03
-1.9670850330e-03
-1.9543611519e-03
-2.1809708866e-03
-5.3738408205e-04
-4.4169897665e-03
-1.5960299390e-04
7.1818156154e-04
-1.2305968287e-03
2.3086168004e-03
2.7530517680e-03
-6.3908003802e-04
1.2146544705e-03
3.5692260360e-03
-5.2209703599e-04
-4.2532896646e-03
-4.1109372236e-03
-2.8029789809e-03
-3.0562473203e-03
4.6405900166e-03
-7.7287709906e-04
-1.3496438744e-03
3.5719825496e-04
-1.1502743223e-03
-2.9977400546e-03
2.5999413441e-03
-1.8500109119e-03
5.3876978129e-03
-1.5662176135e-03
3.1490523449e-04
5.7161391267e-04
1.9807982557e-03
1.4208083018e-03
-3.5494761464e-03
-3.3484110554e-03
4.7803201795e-03
3.1093221150e-03
8.8446813836e-03
1.1982131356e-04
-2.4619071572e-03
1.5506587117e-03
-1.2056147191e-03
1.7146119104e-03
-3.0794234892e-03
-9.9088370556e-04
6.7044565611e-03
1.3702640447e-02
-1.3239480024e-03
-1.6975213765e-03
-2.0358613977e-03
6.7387055856e-04
-8.4720410791e-04
-3.8592848548e-03
-3.8967634153e-04
-2.8805226848e-03
-3.4574112478e-03
-5.0471207155e-03
-9.9910428919e-04
1.3684568260e-04
-1.1589262100e-03
2.3965494802e-03
-5.1063230653e-03
-2.9616003490e-03
-1.2519616976e-03
7.3350552209e-04
-2.3643026101e-03
7.4590995759e-04
3.0495471629e-05
-6.2781603163e-04
-3.8264844969e-03
6.8198345410e-04
-1.2834157986e-04
2.6230062048e-03
-1.3686224078e-03
-4.6434236155e-04
-3.1373192401e-04
2.3169570867e-03
4.1233168673e-03
3.3044044866e-03
3.6581504225e-03
-5.5775825658e-03
-2.2134434323e-03
-1.8049101772e-03
2.0990010721e-03
-3.6640222930e-03
-2.5770697865e-03
-1.9539921285e-03
-2.7482297500e-03
-1.0107329258e-03
2.5498405397e-03
6.9834110573e-04
3.7554036175e-03
-2.2876712319e-03
-2.8988849842e-04
-4.0803563939e-03
9.4023360542e-04
-1.9668318428e-03
7.2633586702e-04
-1.6461449009e-03
-5.5982768391e-03
2.4402904769e-03
5.6706417377e-03
4.1388222847e-04
-2.6499728311e-03
-2.4876414174e-03
-3.4725293045e-03
6.5975085079e-04
-1.8483921357e-03
6.8124832083e-03
-3.2565699186e-03
4.6282243375e-03
-5.0208997536e-04
-2.6271011221e-03
-1.4739006607e-04
-4.6357172979e-03
-1.7046012702e-03
-9.6544040522e-04
4.8356798658e-03
-4.4117936273e-03
1.6350041649e-03
-1.4843970856e-03
-5.3201865172e-03
3.2864565929e-03
4.2706431048e-03
2.2960604166e-03
2.2255940320e-04
1.6383500723e-03
1.1824877563e-03
3.4391463227e-03
-5.0355813162e-03
-3.4351850379e-04
8.6089536037e-04
-5.3239237534e-03
-6.0942506787e-04
-1.4824841541e-03
-2.9950069430e-03
2.3530292474e-03
-1.7886164533e-03
4.9807005069e-03
-1.6739745304e-03
-3.3169653853e-03
-6.9405200399e-04
2.1779188520e-03
6.6907344168e-03
4.7919448241e-03
-4.7756506400e-03
3.4569319592e-03
-3.3502237930e-03
8.3924167889e-04
-1.7119679950e-03
-2.3874130919e-03
2.5419163174e-03
-4.4841921172e-03
-3.0855587575e-03
-2.5698406480e-03
-4.2913801189e-04
4.2749691667e-03
5.1051840685e-03
-1.4963965232e-03
-6.2794414346e-05
-4.1840250526e-03
5.0943004681e-03
-1.0748578879e-03
2.5210699442e-03
-9.3900624881e-04
-3.6941784408e-03
-1.8503959767e-03
4.0412397235e-03
2.9993366375e-03
-3.3820165349e-03
1.3801863335e-03
-2.0777037915e-03
-3.7688881157e-03
2.6031978096e-03
1.6159402979e-03
-2.9777672436e-03
1.4331626111e-03
-1.3586187136e-03
6.6401267173e-03
-8.2525030623e-04
-3.5942469296e-03
-4.8845667087e-03
-7.7482221311e-04
2.3967246128e-04
5.8557974270e-03
-2.5195258910e-03
-3.7510574517e-03
-2.8982138765e-03
1.8503132632e-03
6.1956489999e-05
3.3051812694e-03
8.8262779427e-04
3.1111212175e-04
-5.0935553387e-03
-2.9289516649e-04
1.9734922399e-03
-4.4071069581e-03
8.9946048675e-03
1.8662005427e-03
4.6625182711e-04
-7.1142745715e-04
-1.4356297431e-03
3.0670476485e-03
1.4011439294e-03
4.8066569660e-03
1.5916619591e-03
-6.4858440196e-04
-3.5401665086e-03
-1.2333782642e-04
3.7303810553e-03
8.6593270025e-04
6.0085300214e-03
-2.4825980493e-03
-1.3344277448e-03
-3.0195557121e-03
-9.4102000367e-04
-1.7677760976e-04
-1.4793266517e-03
-9.6196847267e-04
3.4465589242e-03
5.4179861245e-03
4.3339220965e-03
-9.3198269681e-04
-1.6011849744e-03
-1.8300847899e-05
2.2449472068e-03
-4.3271708562e-04
-1.3425357878e-03
-2.9591004520e-03
-3.3698071390e-03
-4.7352557251e-04
-1.7526551728e-03
4.8320110954e-04
-8.7983665538e-04
-9.9532710011e-05
-2.3685437201e-03
-7.0309205990e-03
3.9194804939e-03
-1.9884339304e-04
3.3939966067e-03
3.7648354537e-03
6.5603062759e-03
-4.6436532758e-04
-1.6600500970e-03
3.3853799007e-03
1.2969542371e-03
-7.2760547607e-04
-3.0093403140e-03
2.0172739285e-03
-2.5502296441e-03
4.1580438115e-04
4.9632773342e-03
7.2813632909e-03
-2.5438619397e-03
2.3600317289e-03
-1.0910405626e-03
-4.1013285658e-03
-2.7303606508e-03
-2.2818087800e-03
4.4378959082e-03
-1.5156146196e-03
-3.1075183062e-03
-3.0715408786e-03
6.9647932732e-04
-5.2733730676e-04
2.4968634834e-03
1.0577108082e-03
-1.1043304048e-03
-1.0420869430e-03
1.4547901703e-03
1.2302912317e-03
-3.6161775336e-03
-1.2540020481e-03
-3.1673310288e-03
2.9603895750e-04
-2.8907143462e-03
-7.3009046987e-04
2.8494215361e-03
3.5648373516e-03
-2.1755506989e-03
-3.5187061581e-03
5.2521727191e-03
1.0419902136e-03
-8.5535674597e-04
2.0761492737e-03
2.4018872193e-03
-8.9822399514e-04
1.7323286993e-03
-1.4218328305e-03
-2.0437957169e-03
-1.4465741767e-03
-4.8527504132e-03
-1.0522555112e-03
3.4514591848e-03
7.3737879872e-04
-2.1249919732e-03
-1.2394374264e-04
-2.5753695681e-03
-1.8364255488e-03
4.4044226334e-03
-2.4084591242e-03
3.0034705120e-04
-1.4815421229e-03
-4.3123734405e-03
-8.6444134465e-04
-1.4137869161e-03
2.4465583122e-03
-1.9433186097e-03
-2.2428620995e-03
3.9983937749e-03
4.2246273862e-03
1.6146024553e-03
1.8774796282e-04
-2.9536260589e-04
-3.3095023219e-04
-2.4814863495e-03
-4.2438444400e-03
4.1127604722e-03
4.7362199982e-03
-6.3831542833e-03
3.9286338874e-03
-3.1852578886e-03
-2.0678027518e-03
4.5314092837e-03
2.6711410159e-03
3.2283563540e-03
-1.0218427331e-03
5.8055296684e-04
-1.2967522372e-03
1.5009927758e-03
-5.6056167894e-04
-7.3631454120e-04
-9.8739321212e-04
-4.9681657572e-03
4.0462808662e-03
3.0284743636e-03
-1.6703644817e-03
-2.1068455973e-03
-7.1684910685e-04
-2.6704002108e-03
-3.9789389417e-03
-4.5408608548e-03
6.2428287833e-03
5.6021574440e-04
1.6867608685e-03
2.2285526936e-03
6.2435726086e-04
-2.1352010949e-03
-2.6606378706e-03
4.0408609165e-04
2.0679002703e-03
2.0323737044e-03
3.0608581705e-04
-1.8849055965e-03
-1.7322635020e-03
-3.0790342727e-03
-3.5991495854e-03
-1.7336334729e-04
-2.2604952362e-03
4.3749787717e-03
-1.4077539467e-04
-4.3843324104e-03
-5.0956438454e-03
-3.1108686531e-03
-1.7921542783e-03
2.1361632154e-03
-1.4654736980e-03
-9.8241992907e-04
3.0259765985e-03
-1.1230002786e-03
1.0949991270e-03
-4.3170040405e-03
1.1523496808e-03
-1.8504316255e-03
-2.6329306715e-03
-7.7019706627e-04
-2.1179050966e-03
4.3981891801e-03
-3.5465299132e-03
5.2550834722e-03
8.1860823402e-03
4.5831669752e-03
-3.8478286839e-03
8.3644275342e-04
-1.2933284755e-03
-3.3476268487e-03
-6.1319771240e-04
7.2247719576e-05
1.5528728742e-03
3.1538131102e-03
-1.9246300880e-03
9.3583849566e-03
7.3595780395e-03
-7.5269724581e-04
-3.7311367451e-03
1.6454153545e-03
6.1449434943e-03
3.3233047251e-03
-5.2809037047e-03
9.5560495559e-04
1.7286516184e-03
3.9822645343e-03
3.6093101742e-03
-4.4404399840e-03
-3.3891859608e-03
-3.8004446116e-03
-8.8705999679e-04
-2.6488806039e-03
-5.2880613247e-04
-3.5631259319e-03
-2.0632701535e-03
-1.8619726056e-03
-3.5513605472e-03
-2.8069772544e-03
3.2886366774e-03
-2.8534528082e-03
8.3633558684e-04
-4.9784772610e-04
9.5155722931e-04
2.8748859498e-03
5.1523658306e-03
-3.7454808352e-03
-2.2582874730e-03
-6.2173163968e-04
-9.2215383403e-04
2.4604388854e-03
3.8237018579e-04
-2.6095068209e-03
7.1147648578e-04
-1.0766243675e-03
2.5533447972e-03
-2.3161200680e-03
2.1382557803e-03
4.8710293121e-04
-6.7185527398e-04
-4.3554770503e-04
1.4568457705e-03
-2.6518085400e-03
-7.2751647408e-04
7.2673666261e-03
-2.4072613626e-03
-3.7052983057e-03
-2.8076280387e-03
4.2985457360e-03
8.6600573619e-03
4.4576668308e-03
3.8332534807e-03
7.1570566359e-04
5.2798272403e-03
3.4576495339e-04
-3.5703747913e-03
1.2512030725e-03
2.0559946747e-03
4.2975606665e-03
-2.8727588883e-03
-1.4586812927e-03
5.5063375945e-04
-2.3417771315e-03
4.0904481871e-04
2.1052113128e-03
-6.0357251259e-03
-1.4693667078e-03
5.4268181756e-03
3.3740029613e-03
-1.4186674809e-03
1.4174810049e-03
-2.7197358987e-03
-1.6803144642e-04
-2.5123462090e-04
-3.4114964138e-04
-2.1639999746e-03
-3.5562638107e-03
-4.9763813460e-03
-6.3653818418e-04
4.6106122711e-04
-3.1816857426e-03
-2.4644428199e-04
-1.0269534195e-03
2.1621129019e-03
4.1663319597e-03
-1.8703361735e-03
-3.2267312744e-03
2.2789375173e-03
1.6444205687e-03
3.5491360881e-03
2.4718256296e-04
1.7316227347e-03
-2.4751957755e-03
1.0282263201e-04
-1.9960902103e-03
-4.3193432769e-03
3.4405399257e-03
8.3570321120e-04
2.6030182993e-03
-1.2157967376e-04
2.8324645544e-03
-1.3976062731e-04
6.6504068062e-03
3.4737879221e-04
3.0991806738e-03
-3.6210570407e-03
1.2398683592e-03
-2.1587688699e-03
-7.4539747112e-04
-3.7200414280e-03
-4.4746985685e-03
-5.6353805966e-04
3.1966349117e-04
-2.7713943057e-03
-3.7530081213e-03
-1.6254567289e-03
-1.1660130567e-03
8.8386818060e-05
-1.2518916519e-03
2.7121997469e-03
7.7756262645e-03
2.5500005751e-04
5.1330223148e-03
-1.3115575714e-04
-5.0229497326e-03
4.5201707467e-03
1.1041409015e-03
-1.0553910352e-03
2.1658634236e-03
-1.0662095023e-03
-4.7474074051e-03
-9.9512547756e-04
5.2907153134e-04
6.6265268046e-04
1.9377851028e-03
2.6287652074e-03
-9.6523907539e-04
-3.8204448552e-03
1.5985226507e-03
-2.2704272328e-03
-3.6036430878e-03
3.0575183784e-03
4.2709448508e-03
-3.8470915768e-04
4.9612867417e-03
1.9389117478e-03
-2.4302265125e-03
-1.4930074147e-03
-1.8196802280e-03
-1.3508004840e-03
1.5778481953e-03
-3.5490167882e-03
6.2148791552e-03
-2.4706411134e-03
-2.1635426591e-03
-3.0161890872e-03
-1.0776494393e-03
5.2803748734e-03
2.5175318411e-03
-1.9058042924e-03
2.5120924067e-03
3.2035134214e-03
2.1405848809e-03
3.3210569737e-03
-4.4739962311e-03
-3.6884797280e-03
-3.9794503173e-04
2.0571833994e-03
-2.2196980083e-03
-1.3839447081e-03
-4.6313104422e-03
-3.1543742503e-03
1.9966986031e-03
-1.0203393600e-03
-1.4089707215e-03
1.1100225559e-03
-1.1675535667e-03
4.6968329815e-04
-1.0736532608e-03
1.3458543857e-03
-4.6642140369e-03
1.0351801003e-03
2.4094375841e-03
-4.0949205846e-04
-4.0730876088e-03
2.7428883391e-03
1.8115371716e-03
-1.3027357685e-03
-3.4148877391e-03
1.8111757813e-03
-1.9169293416e-03
-7.5953887505e-04
-2.3005781838e-03
-8.9955632127e-04
-7.0381136371e-04
9.6804654304e-03
1.2055274089e-03
-1.8578390765e-03
-5.2240227856e-04
1.1858775303e-03
-1.1312103093e-03
-2.7367252317e-03
-7.1720837350e-04
-2.5729094006e-03
1.3709193689e-03
3.9030714924e-03
-1.0481325726e-03
3.2392659752e-03
8.6100102132e-04
2.2817273546e-04
-3.8311587784e-03
-1.6096268034e-03
-3.1775685766e-03
6.5700643663e-04
-2.7284449155e-03
1.0096200600e-03
2.9119415315e-03
2.5047718984e-03
-3.3737888938e-03
2.7184058604e-03
9.3219048552e-04
-9.2783648631e-04
-1.8773634601e-04
-6.8711370313e-04
1.2028384347e-02
1.3862192750e-03
1.2549053878e-03
2.9014212615e-03
3.6822081561e-03
-4.2535120145e-03
-4.2196445831e-03
-1.3704722570e-03
2.0121614832e-03
-3.2187125285e-03
-1.0251358330e-04
5.6441223921e-04
3.7960692822e-03
-8.8851505446e-04
1.1518829092e-03
-2.7033644437e-03
1.5377496551e-03
2.8093524833e-03
-7.0388062465e-04
-2.1617298827e-03
-3.0531530447e-03
1.5512933509e-03
-1.0790862557e-03
4.0997428891e-03
2.1929911237e-03
5.7531586175e-03
-6.0241807779e-03
-4.9906724947e-03
3.0691710801e-03
-2.1045742795e-03
3.8644493970e-03
6.9539145494e-05
4.1174451165e-03
5.6699608393e-03
-4.2414214793e-04
7.1004113947e-03
8.8885591236e-04
-1.5316538869e-04
-4.7517514854e-03
-1.2753503898e-03
-3.1735096429e-03
-1.1236373480e-03
1.7553227106e-03
6.2044237637e-04
1.6812299638e-03
6.4661558776e-03
-4.3714455742e-03
1.9306587272e-03
8.5312182261e-03
-9.2554669359e-04
2.2794635667e-03
-2.4663083829e-03
1.3805705989e-03
1.3233808873e-03
-2.7508813136e-03
7.0195186375e-04
-3.9733863672e-04
-2.5249488277e-03
-2.0917250429e-03
-8.3670438826e-04
-1.3770051082e-05
-1.9649063593e-03
2.4941090064e-03
-1.1171127581e-04
8.4711759853e-04
-3.2895284280e-03
-4.9706242947e-03
-3.4584757000e-03
-2.1274258157e-03
1.3763179469e-03
7.9057408846e-04
2.4223193353e-03
-1.2119357920e-03
4.2758721246e-04
-3.0778698571e-03
-4.1603775795e-04
1.3274308182e-03
1.4881962489e-03
-1.0561648396e-03
-2.0982176831e-04
2.2803270271e-03
-6.6308369273e-04
4.4570189058e-03
-3.1672951557e-03
1.2970765936e-04
-1.4256258245e-03
1.4046635817e-03
-1.9199640458e-03
-2.3581772637e-03
2.0549735099e-03
1.7192803690e-03
-1.8824547823e-03
2.3150032788e-03
-1.1257282986e-03
-1.1335918947e-03
4.6678772749e-03
1.5018438575e-03
-4.1550071486e-05
3.7020209639e-03
-5.3860271247e-04
-2.3565579849e-03
9.9250253920e-04
-3.5302081106e-04
6.9342189208e-04
1.8134909414e-03
5.1688537313e-03
-4.4713857559e-03
2.2364725482e-03
2.1028287719e-03
3.3101765002e-03
4.1106743002e-03
7.2272155989e-03
-3.8066010108e-04
-1.9199995739e-03
-3.8548596237e-03
-2.3680395313e-03
5.8686216366e-04
-2.6579504542e-03
-1.7856778962e-03
-1.5544431895e-04
2.0291613333e-04
-2.8819137570e-03
-3.6549264756e-03
-2.1721744994e-03
-7.9544642759e-04
1.1839905868e-03
6.4352042442e-03
4.6918448071e-03
4.5468048782e-04
-1.6074938659e-03
-5.5130826965e-03
5.2848937496e-03
-1.6182320079e-03
1.4314394364e-04
-1.8718185297e-03
4.5946350851e-03
1.0109147949e-03
1.5389909616e-04
-3.4908392733e-03
2.0181431306e-03
3.9208502714e-03
-9.2061948728e-04
1.5141758586e-03
4.1087209362e-03
-1.9801341116e-03
1.8311497661e-03
2.6584441178e-03
1.2419910601e-03
-7.0126206449e-04
4.7458906591e-03
9.5934302411e-04
3.4158567603e-04
-4.7328828724e-03
2.6548509538e-04
1.3792208291e-03
-2.1350884626e-03
-2.2491004287e-03
-1.6666698169e-03
-6.4023798228e-03
-5.2622200893e-04
-7.5244779503e-04
1.1232452260e-03
-1.2666875550e-03
-1.4004289988e-03
-2.5943497695e-03
1.0203553730e-03
-5.0499835304e-04
-7.9541362653e-04
7.9128866591e-03
3.5904061468e-03
1.0858306273e-03
2.1565049032e-03
3.8954592684e-03
5.2729768050e-04
1.9872488012e-03
-8.8502713918e-04
7.5473597946e-04
3.8612586386e-03
6.1067973519e-03
2.3057601289e-03
-1.0474739204e-03
-4.5393491761e-03
-1.1445023433e-03
5.1342038042e-03
-1.2052618461e-03
-1.4276367622e-03
-2.6807352881e-03
2.3736358960e-04
1.8037394845e-03
-8.9750385607e-04
-3.0537323389e-03
3.1801988657e-03
7.9255840574e-04
-2.8348647294e-03
-2.5086675461e-04
3.2171101935e-03
-2.5769710704e-03
-2.6696769926e-03
2.8142692380e-03
3.6685306587e-03
5.0641749287e-03
6.1552246029e-03
2.8106576180e-03
5.7335822570e-03
6.6807976298e-03
1.1286597032e-03
-4.1181755926e-04
2.6823136780e-03
-3.7132721309e-03
5.3890111175e-04
3.1956120483e-03
-3.0671341878e-05
-1.7160247992e-03
9.3934336375e-04
1.6061549611e-03
-6.2157521357e-03
-5.0567800269e-04
2.5590878870e-03
1.6779772737e-03
-4.7300191073e-03
-2.2781190879e-03
-1.5718481863e-03
-2.4898811939e-03
3.1197586507e-03
5.3959274690e-03
-2.4206856219e-03
-3.7239934936e-03
-7.3193429072e-04
-6.5793492162e-04
2.1803439958e-03
-4.1888635097e-03
-1.2532608297e-03
-9.2639401656e-04
8.0113455368e-04
5.9673032487e-04
4.8271753459e-04
7.9180147082e-03
-3.5905798981e-03
-7.4285419023e-04
-2.5118917927e-03
-1.2961944093e-03
7.4093927756e-04
2.9597451714e-03
7.3375383666e-04
-3.1902529295e-03
-7.9779600190e-04
-1.0187398529e-03
1.3898744931e-03
-2.7716049454e-03
-1.1479988389e-03
-2.4704928842e-03
6.3866793580e-03
8.6241632041e-03
2.0746260026e-03
6.1242058367e-03
-5.1268441137e-04
5.6355468641e-03
-3.6901687640e-03
-8.6583250946e-04
-7.1881926131e-04
-1.3038557839e-03
-3.3390564153e-03
8.7166302577e-03
-9.2889655921e-04
-5.2630057609e-04
-4.0730151901e-03
-2.5764595709e-03
2.8356038386e-03
3.4713379564e-03
-7.4954144219e-07
1.6052458480e-03
-4.3742417874e-03
3.2474941279e-03
3.7547882803e-03
1.8481241312e-03
9.5105847239e-04
-5.0190154080e-03
-2.3497472137e-03
-1.7430722711e-03
3.0515125782e-03
-1.5168949388e-03
1.0171318330e-03
2.6355790033e-03
-1.5832203984e-03
1.4541103300e-03
-1.3919389679e-03
-2.6523514772e-03
-1.4262663828e-03
1.5273859011e-03
2.8249173619e-03
-2.4440159610e-03
-1.4382497068e-03
-5.3400871508e-03
1.5673024445e-03
5.3805709848e-04
-6.2487043672e-04
-1.2061913070e-03
-1.4331644582e-03
-1.1567590405e-03
-2.3010966319e-03
3.9415715347e-03
-1.2971897981e-03
-2.9882677459e-03
7.4618849689e-03
-9.3200809572e-04
4.0337872850e-03
-2.1829252972e-03
-2.4432517950e-03
-2.4619455443e-03
-1.4437884698e-03
-1.5345454137e-03
-1.0943738792e-03
-3.2937783479e-03
-6.2719202076e-04
-1.0422457321e-04
4.5719214421e-03
-2.1576414538e-03
1.1064567057e-03
4.6039689625e-03
2.2029323436e-04
2.9357821464e-03
-2.8479050044e-03
2.8687278945e-03
-2.8421343486e-03
-4.2128064674e-03
2.2639259681e-03
2.7121527006e-03
2.2573513047e-04
-3.3407879860e-03
6.6352801040e-04
1.5979448717e-03
-5.2811862233e-03
-1.3699249142e-03
1.3647834733e-03
-2.9062454262e-03
-1.4979732351e-03
3.6572188007e-03
2.4851744636e-04
3.3106767579e-03
3.2268552295e-03
-2.9216423176e-04
2.3930341110e-03
1.9628914131e-04
4.6936303088e-03
2.9175085320e-03
3.9309085871e-03
4.3534686189e-03
-8.5953685434e-04
-2.1179627472e-03
-1.8964990456e-03
-7.4209077573e-04
-1.6316410387e-03
6.0761924246e-04
-1.9667048983e-03
9.4954378555e-04
-1.4241624855e-04
1.3399591328e-05
-2.4571197166e-03
-1.1771059862e-03
1.5793193604e-03
-3.3653830261e-03
5.9639816077e-03
-3.5800051533e-03
1.6858779344e-03
-3.7948046215e-03
5.6217059877e-04
-2.7965432944e-03
6.1195723228e-04
1.2324883946e-03
-6.5950352535e-04
9.3198247631e-03
5.7829902944e-04
-8.9249380934e-04
-3.6021668817e-03
-3.2841595019e-03
-5.3636780446e-04
2.6577916922e-03
1.1135924141e-03
-3.2384929136e-03
1.5551351220e-04
-1.4346518347e-03
-1.8022690293e-03
-1.0374813371e-03
-1.4027832140e-03
3.1027792974e-03
-1.0458376844e-03
5.4405360909e-03
3.6401486743e-03
-9.9298996328e-04
5.7443284950e-04
4.3079898558e-03
-3.1601450450e-03
-1.7977492111e-03
2.8822134571e-03
7.2009798399e-04
-3.9640347032e-03
1.2216777178e-04
4.7736570174e-03
-3.1121790117e-04
4.8939083571e-04
2.3287020505e-03
-5.6826022484e-03
-1.2302908074e-03
-8.7301790181e-05
2.5354786226e-03
-4.1073685910e-03
6.2022358122e-04
-3.4615100115e-03
2.0176013257e-03
5.8844835116e-03
-9.6608695153e-04
4.8856372745e-04
6.5000970536e-03
1.1261368378e-03
1.7258433989e-03
-9.7103185447e-05
2.4727921836e-03
-2.7228362685e-03
-1.4227846849e-03
4.7937887970e-04
5.5454142842e-04
-1.5171225247e-03
-2.5563414351e-04
-1.1720225029e-03
-4.3210458676e-04
3.4194625492e-03
2.8686579456e-03
-2.7244802056e-03
-2.4818482561e-03
1.7796318085e-03
8.0854737680e-03
4.1876864438e-04
-9.9432614499e-04
-3.7094419422e-03
4.1365044435e-03
8.5528565460e-04
3.5601720684e-03
-2.9607492839e-03
3.0553193380e-03
-4.4159366778e-03
-3.9068661371e-03
-1.3459980602e-03
-4.8350622444e-05
-3.6872376111e-03
-6.2886821022e-03
-2.4964873802e-03
7.9864372810e-03
-3.4915836899e-03
2.0947290113e-04
-3.5808161882e-03
-2.2173966619e-03
1.6543901986e-04
-1.2327882033e-04
-3.4865072136e-03
-1.0877300040e-04
-5.7131340508e-04
1.2429428183e-03
-1.7296092161e-03
-1.1466196922e-03
5.3256857112e-04
-1.6030127166e-03
3.1200748059e-03
3.1542354061e-04
8.6093138925e-04
2.2453435467e-03
-2.1744364137e-03
-2.8606247666e-03
8.6831022176e-03
5.9682571614e-03
3.2420369961e-03
3.7860492819e-03
-1.9490654951e-03
-2.3372744961e-03
3.3630066591e-03
3.3704740318e-03
-2.0912198997e-03
1.5436841462e-04
-6.6512122020e-04
4.2877787350e-04
-1.2830312672e-03
-2.2341852471e-03
-1.9066316035e-03
2.4588735285e-03
1.0419958460e-03
-1.2827561246e-03
1.2548076203e-03
-7.7800458889e-04
4.2579669467e-03
1.6826796079e-03
-1.7500410556e-03
-3.9346199921e-04
2.3063212783e-03
-7.9170140597e-05
-3.2385450715e-03
-1.1385906689e-03
-4.3652362718e-03
1.9841092511e-03
-3.6143090931e-03
9.1249419184e-04
-2.0658308702e-03
4.2544161725e-03
-6.0311765622e-03
-7.6587957334e-04
-2.0858889993e-03
-2.5535352122e-03
-9.8740906032e-04
1.6474099260e-03
3.3786449192e-03
-2.3760726838e-03
-7.2403494292e-04
5.9847923090e-03
-1.2784079763e-03
3.0819871143e-03
-3.1598743182e-03
3.6947700724e-03
-1.5701821191e-03
1.5701020077e-03
1.3801411373e-03
-1.6539552943e-03
1.3660869164e-03
2.1248730419e-03
6.4922869039e-03
-8.5257103856e-04
1.9959077108e-03
4.9028926917e-04
-2.1886213720e-03
1.2551768263e-03
-2.3983816389e-03
-1.8470241792e-04
-1.1313461413e-03
-3.8963414645e-03
-1.9640966629e-03
4.9435030336e-03
4.4361817223e-03
-3.4141278608e-04
6.5885862886e-03
3.9652344566e-03
7.1672562912e-03
-3.6965956217e-03
-3.1242069798e-04
1.7628617130e-03
1.0385234003e-03
1.3251561291e-03
5.3589738138e-03
3.8511003582e-03
-2.0774675171e-03
5.7054503518e-03
-1.5008068598e-03
-9.7717605366e-04
4.2756961513e-03
3.4769922830e-03
8.5196217869e-04
2.0892536209e-03
3.4526330848e-03
-2.8574297819e-03
-3.4283914461e-03
1.0161746687e-02
1.5128370360e-03
-7.3412219153e-04
1.6641876173e-03
-3.6704628539e-03
-5.6569744081e-04
-3.2247912751e-04
-4.3034092693e-03
5.8224251696e-05
2.6139006925e-03
-2.6163738451e-04
-2.7532322414e-03
2.4432392211e-05
-9.7123075899e-04
-2.9665714838e-03
-9.0166416703e-04
3.8610709085e-03
-8.1436413434e-04
-2.1956093034e-03
6.6320627964e-04
-1.6037464582e-03
-1.1459738905e-03
9.4670195121e-04
2.2406513387e-03
-1.8739903613e-03
-2.0459126804e-03
6.6322394225e-04
-1.8973658882e-03
2.7587891155e-03
-1.2277650852e-03
-4.4689513419e-03
4.5407636912e-05
-6.2983763043e-05
-1.8053149096e-03
-2.0494842796e-03
7.3189726270e-04
-1.4053574417e-03
4.1807192549e-03
-1.5830481049e-03
4.0058354694e-03
1.0712819508e-03
3.2148687698e-03
-1.3724510851e-03
1.0928366779e-03
-4.3312056695e-04
1.9170946208e-03
3.6523384500e-05
-2.9061022995e-03
9.3434682319e-03
-2.0840404730e-03
-4.7800011762e-04
-1.4182596192e-03
-2.8799576562e-03
-2.2242175645e-04
-6.5636970611e-03
5.2304595702e-03
-2.3444274909e-03
3.8084861321e-04
-1.2743671910e-03
7.3969003067e-04
4.6027499181e-03
1.6055559820e-03
-3.3661105443e-04
1.1310484867e-03
-4.2208960218e-03
1.6863278530e-03
-2.7278032314e-03
-3.3452285637e-03
6.7309124529e-04
-2.3724529344e-03
1.8095564214e-03
4.0045154213e-04
2.2163363014e-03
-3.0648267182e-03
1.2569909815e-03
3.2144297003e-03
6.6584182573e-05
2.0409036687e-03
-1.8567411025e-03
-1.1933781688e-03
-1.8853547098e-03
4.2276631489e-03
-1.6056113596e-03
2.6337166868e-03
1.4178365521e-03
2.8632240793e-03
4.0990347345e-03
-1.3142973151e-04
3.4799651360e-04
-5.9182204266e-04
-8.8219487927e-04
3.9457990490e-03
-1.3900551947e-03
3.2818540279e-03
2.7525979086e-04
1.9805041051e-03
2.5185371151e-03
-6.7138613162e-04
-1.0341796085e-03
-3.7511706711e-04
7.0909207621e-04
3.4301671598e-03
-4.5955063175e-04
9.2271659879e-04
-2.3485558391e-03
7.1443395232e-05
4.7777835327e-03
8.6734136453e-04
6.7458929123e-03
1.1909711587e-03
-1.5694319874e-03
1.2267113152e-03
-4.7693246744e-03
-2.0528564428e-03
2.5209081237e-03
3.3455592430e-03
-3.5118604931e-03
-2.7827245544e-03
2.7942133920e-04
-7.7741318290e-04
-3.9103481424e-03
2.8112792026e-03
-1.0642787682e-04
-1.7482991130e-04
-1.7888319714e-03
6.5350771615e-05
2.9471375342e-03
-1.7555437673e-03
-1.1139014051e-03
-2.5308715411e-03
-3.5159624059e-03
1.0870174989e-04
-1.4736097512e-03
-1.4066125404e-03
-8.3007618621e-04
1.6651299799e-03
7.2977950355e-03
-2.8201869028e-03
4.1395866312e-03
-7.9448715601e-04
-2.5799080917e-03
-1.8980796580e-03
2.2410990120e-03
-3.4001540981e-03
-1.0576366456e-03
-5.5092945009e-04
5.9816416480e-04
7.9139446206e-04
3.2101269499e-03
3.6037526094e-03
-2.5083842076e-03
-2.3762283803e-03
-3.8126112024e-03
3.3519885073e-03
2.3769947385e-03
3.3586775066e-03
7.5905019818e-03
-2.5887012135e-05
-5.0592816791e-04
-1.5409994189e-03
2.3150782637e-04
-1.1656157243e-03
-4.2415575848e-03
-3.5719694279e-03
1.6301399761e-03
1.0851228211e-03
-5.3471630424e-04
1.8755055018e-03
3.2577935920e-03
5.3032007770e-03
-4.5380463437e-03
-1.3348115697e-03
1.9144163547e-03
-2.3223202798e-03
-1.5849858184e-03
2.2728752117e-03
-7.2446222663e-04
-3.1939343789e-03
-2.2716745203e-03
-4.0515493192e-03
-5.1091265059e-04
1.6331090159e-03
-3.1058864964e-03
-1.4644910397e-03
-4.5364024198e-03
4.4658356817e-03
5.9602070343e-03
3.6900410068e-03
1.7337916971e-03
4.1834039632e-03
6.8990211259e-04
-1.5953350143e-03
-3.4060009659e-03
-4.3964200830e-03
-5.4648541655e-04
-2.1225846217e-03
3.4293357084e-03
3.6416593498e-03
1.1305350432e-03
1.5205868626e-03
1.7289280348e-03
9.4032866759e-03
9.2123451332e-04
-7.1435283048e-04
1.1226785031e-03
9.4809379441e-05
1.2849381308e-03
2.9218962163e-03
-3.4833010992e-03
-2.3370025906e-03
3.0246469958e-03
-1.8543604279e-03
-8.4743514068e-04
2.5686659855e-03
7.8636266016e-05
3.9630315632e-04
5.8766079555e-03
3.1637053453e-03
-2.7718650321e-03
1.6821082437e-03
-2.6642343939e-03
-2.1722911833e-03
5.4093099978e-05
7.0297601793e-03
-1.6305941004e-03
-2.6149278570e-03
4.6624360044e-03
2.0010525697e-03
2.4723769919e-03
3.0013259333e-04
-3.7145311731e-03
5.7495858201e-03
6.6075505694e-03
-1.9640134120e-03
-5.5601068569e-04
1.5937089584e-03
-2.7833849833e-03
-1.0623418062e-03
-1.2646081913e-03
6.9109410760e-03
1.1917055062e-03
4.4122115667e-04
-6.2723153230e-04
4.2121853114e-04
-3.6919853417e-04
-2.5617507091e-03
1.0956778127e-03
1.6859618596e-03
7.9097473112e-03
4.7687981070e-04
-4.3004717655e-05
1.0610309559e-03
-4.4224495742e-03
3.2825763629e-04
8.2012995062e-03
-3.2503789382e-03
4.4430587079e-03
-4.0136520062e-03
1.5866546086e-04
-5.7027513101e-04
-1.0452976337e-03
-1.1679919063e-03
-1.8998424796e-03
-2.3435736370e-03
1.6772488386e-03
9.7429459841e-03
-2.9784095822e-03
5.4944049503e-03
-1.8435902261e-03
3.3453151936e-03
2.0021526105e-03
-2.7375017371e-04
6.7937691483e-04
1.9241483618e-03
8.5855180091e-04
3.5145146322e-03
-1.1375961916e-03
-2.2659954100e-03
-1.0696987182e-03
-1.2689903038e-04
1.4939076691e-03
1.8541521608e-03
-2.1295373882e-03
-5.6896870613e-03
-4.3871479825e-03
5.9375490697e-03
-3.1195901197e-03
1.3139118643e-03
-1.7051054650e-04
7.1830367859e-03
-1.0936740362e-03
-2.5153536625e-04
-1.5782589749e-03
2.4037941105e-03
4.6337060892e-03
1.2240316220e-03
-4.6585201754e-03
2.0910981558e-03
3.2563931358e-03
-4.2390999342e-03
-4.6974326239e-03
-2.2719018697e-04
-1.5280005426e-03
-6.9912837511e-04
-4.2256223538e-03
9.9073058926e-04
-8.1325653648e-04
9.8060525605e-04
1.4836476189e-03
4.8512019258e-04
3.4800007947e-03
-3.8014581955e-03
-2.6487914497e-03
-2.4636604835e-03
-3.3749802215e-03
-3.2403403701e-03
-1.6867672873e-04
-2.7694694186e-03
-4.2057274962e-04
-2.6526028873e-03
3.2675259543e-04
4.6699170822e-03
5.3367731384e-04
-2.4974593682e-03
9.5600094697e-04
2.1911069629e-03
-1.1670642187e-03
-2.7018136556e-03
1.8664697131e-03
2.0268502665e-03
2.1916422034e-03
7.2557043277e-03
1.4194929470e-03
-2.9526396704e-03
6.9112127733e-04
-1.2455775785e-03
1.3889212457e-03
5.0102591665e-03
-2.7075084607e-03
-2.1390275331e-05
-4.0572250635e-03
7.8328953635e-03
4.6912577422e-03
-2.2347332949e-03
-4.3188862147e-03
-1.4713855373e-03
2.2077136189e-03
3.2590557391e-03
8.1722435929e-04
-4.4429468025e-03
-5.2950680142e-03
-4.5005644135e-04
-1.9014298762e-03
-3.8775152484e-03
5.4065911598e-03
-3.2433992722e-03
9.1430725429e-03
3.5549487912e-03
-5.8966240139e-03
6.1308202428e-04
1.7862271082e-03
2.1069524753e-03
-3.1906186312e-04
-1.5994924226e-03
5.2818698933e-03
4.2721426107e-03
-3.4351229158e-03
2.2980565906e-03
-1.4511089465e-03
-1.6480781378e-03
-2.1701880683e-03
1.7601777971e-03
9.2333929058e-03
-1.3876850589e-03
6.3460864614e-03
4.4525777371e-03
-3.7461908794e-03
8.1307920029e-04
2.4173733285e-03
-2.7183752553e-03
-2.5114598520e-03
1.2092071782e-03
-3.3846208280e-03
3.0760830323e-03
4.5939534532e-03
4.1553096888e-03
-1.8356538734e-03
2.1016630413e-03
1.1502964812e-03
-1.8053446612e-03
6.0814505440e-03
-1.0778910150e-04
-4.8994747630e-04
-4.4744302919e-03
-3.3136117687e-04
2.5443832613e-03
1.7055459274e-03
-1.3542630665e-04
-3.4624602281e-03
9.0358659559e-04
2.3938012495e-03
-1.4090648188e-03
-3.9753164137e-03
-2.9080872687e-03
3.2189658209e-03
-3.7418431205e-03
-3.5948942739e-03
5.8121447558e-03
-3.9145473295e-03
-2.7106804625e-03
-5.0796334453e-03
-9.2068236383e-05
3.9670004087e-03
2.4115637980e-04
1.0052256006e-03
-2.7828379603e-03
2.7361842869e-03
-1.1432964999e-03
2.2890808507e-04
1.5286315979e-03
4.2751287248e-03
-2.6159894350e-04
1.6176124106e-03
8.5267018073e-04
-1.9648717970e-03
-1.8903015997e-03
5.7868527290e-03
-2.1612135889e-03
-2.1909077922e-03
1.0080695305e-02
-6.6599195599e-04
2.1530453737e-03
2.8614022762e-03
-1.2688339980e-03
7.5776389766e-03
6.5109572117e-03
2.8838965017e-03
-8.4815426247e-04
6.8278311172e-03
3.5148223707e-03
2.5668431452e-03
-3.2529083118e-04
-1.8418913837e-03
-3.1544755039e-03
1.0136950825e-03
-1.9388850482e-03
-3.6109953145e-03
-1.9424091821e-03
1.0535801901e-03
2.0094748811e-03
-3.0896006862e-03
-1.7769313655e-03
8.7541254865e-05
3.2172661829e-03
7.3239809638e-04
1.4734363529e-03
-8.4188808985e-04
-3.0705842462e-03
5.6422597483e-04
-1.6342409591e-03
3.8736139054e-03
-2.4850356052e-03
-2.7344332225e-03
1.3346306419e-03
9.4895246833e-05
-1.0052399308e-03
-8.5981269851e-04
1.9689985194e-03
-2.1178229230e-03
2.9231979329e-03
-1.0855645078e-03
1.3145882825e-03
3.7029105950e-04
6.2141271031e-03
-1.9293397185e-03
3.4702654117e-03
7.9111545121e-05
6.6712299598e-03
3.4231503659e-04
4.7949066014e-04
-4.5659015905e-03
3.5564564136e-03
1.0822145860e-03
-1.7750629653e-03
2.3798310041e-05
-5.5975858057e-04
1.1713543172e-03
-2.5675029270e-03
1.5165015026e-03
1.4385102905e-03
4.0010533112e-03
-1.4405798660e-03
-3.3980326193e-03
2.6285152175e-03
-5.3184743551e-03
-2.8040640548e-03
-3.2487279758e-03
4.6805531133e-03
-1.6955281101e-05
-2.2025309704e-03
3.9320590537e-03
1.0803230219e-03
-8.6132629862e-04
-2.2721423085e-03
-2.2966320876e-03
-3.0873636666e-03
2.2153387410e-03
-2.9520041510e-03
6.0668299533e-04
-3.5682190597e-03
-1.1135744335e-03
7.4172984009e-04
1.9916357439e-03
2.4748503560e-03
5.6495638458e-04
1.5008596834e-03
-2.5050307032e-03
-1.9087918704e-03
-1.3891181506e-04
-2.3361372213e-03
-9.0349833289e-04
-3.9551077162e-03
-1.7956226560e-03
-4.8627817242e-04
-3.4542032066e-03
-1.7343741914e-03
-7.7026703653e-04
1.0749746599e-03
3.8449096982e-03
-1.3251408045e-03
6.8619119375e-03
4.3406428769e-03
2.4924315923e-03
-3.3125553032e-03
5.5407196965e-03
1.0691454300e-03
1.9337727525e-03
-2.1306666438e-03
2.6666796007e-03
-4.1123390749e-03
1.5072597351e-03
-5.4377888895e-03
2.0312124762e-03
3.4759633557e-04
1.4116255694e-03
2.7133187425e-03
3.7513704611e-05
1.1976408565e-05
3.6312740489e-04
-2.5871717667e-03
-6.2115441735e-03
1.6185186502e-03
2.2537917518e-03
1.6569495954e-03
-3.0088139661e-03
-3.0684199155e-03
2.0008249910e-03
4.2930179739e-03
-3.3022757958e-03
1.6680881162e-03
-4.0407945364e-03
3.0840514806e-03
3.4345538895e-04
2.0881863339e-04
-2.9561686820e-03
2.2540107954e-03
-1.2423842360e-03
-3.1033770491e-03
5.3072059440e-03
4.3658402041e-03
-3.3120978850e-03
-1.1247254418e-03
-5.5945221177e-03
2.9443182721e-03
2.1396728495e-03
-1.9131098055e-03
-5.2625803479e-04
-1.0519088626e-03
-3.1989070288e-03
-4.4411122663e-03
3.9773305934e-03
-2.1010239468e-03
-1.2325468446e-03
-1.4092511401e-03
-4.5490192600e-03
-9.3765026590e-04
-2.6828168279e-03
2.0913551559e-03
6.3305036653e-03
4.9325117754e-03
-1.8860150550e-03
-1.2372313687e-03
-3.2921267535e-03
-2.8106263382e-04
6.7233432647e-06
4.8927737018e-04
1.4642376859e-04
1.1529724546e-03
-3.7391015608e-03
-1.6252241671e-03
3.0821104740e-03
-5.5160346198e-03
-4.3109756229e-04
4.2830457498e-04
-1.5740984189e-03
4.3394815597e-05
-2.4535752543e-03
3.9356636239e-03
1.2203451002e-04
1.9826951743e-03
-8.7881529418e-04
2.2428975939e-03
-3.8291870102e-03
-4.3767489861e-03
-2.2109334727e-03
5.1197553379e-04
-2.4599202376e-03
-1.4751884969e-03
4.6360880559e-04
-1.6871414899e-03
-8.4155782170e-04
3.3775365486e-03
5.4102391376e-03
-2.1653623696e-03
-4.1741155675e-03
7.3355242981e-06
-1.8790375248e-03
-2.3321209764e-03
-3.4168749118e-03
4.9333601034e-03
1.6811032014e-03
6.8547009590e-04
3.0326730957e-03
6.1474489305e-03
-2.1441232903e-04
-3.3216041641e-03
-1.0441722118e-03
-9.0414469983e-04
5.3185113130e-03
-7.9840796023e-04
-5.2844894339e-04
3.5416520594e-04
-3.2587082101e-03
5.0998628633e-03
-3.3613838838e-04
3.0332260893e-03
-3.1959505344e-03
3.8558191945e-03
-1.7716600054e-03
2.5379333190e-03
7.8681479059e-03
2.1811775355e-03
-2.1052297902e-03
-4.3635340696e-03
1.3532689881e-03
-8.8666682885e-04
-1.0914162350e-03
-7.5896054045e-04
-2.9743366898e-03
-2.2177659928e-04
1.2003357755e-03
-1.5247169830e-03
4.5810686965e-03
-1.0302283497e-03
-1.4128200588e-03
-9.1320636404e-05
-2.0429194602e-03
4.1301161604e-04
-4.0230271113e-04
3.2539081909e-04
-1.1003002437e-03
7.5919711123e-03
-1.2729718702e-03
-6.0444740290e-04
2.2302977857e-03
-1.0111123702e-04
1.4497320216e-03
8.2748335997e-04
-4.2675151659e-04
-8.1445283335e-04
3.3025751243e-04
-1.2322274397e-03
-2.9465140887e-04
-3.4073840555e-03
-3.5315294929e-03
-1.3050979121e-03
2.2302772193e-03
-3.8238485013e-03
7.9703043158e-03
1.4482163357e-03
-2.5785872636e-03
-2.1961868912e-03
3.6127100238e-04
-3.4905137749e-03
-1.9490708777e-03
-2.6344717694e-03
2.3429256429e-03
1.5997089741e-03
1.2031247260e-03
2.5261321011e-03
-2.1921251981e-03
-3.3731660307e-03
-2.8422945441e-03
1.7640586340e-03
-1.1871407753e-03
3.4176614498e-03
4.1361709961e-04
-6.2613649021e-04
-3.5483196226e-04
5.5134476997e-03
-3.5886836840e-03
2.4714800544e-03
3.5759173298e-03
-1.4066796103e-03
3.1799997486e-03
-1.1022745348e-03
1.7564337997e-04
-4.0606805804e-04
-2.6572499591e-03
-1.6241129281e-03
-5.5920607909e-03
-6.8596573497e-04
-2.7013348468e-03
1.6261962604e-03
-3.8640350141e-03
4.7589034705e-03
-3.4104708934e-03
3.6911911815e-03
2.2807232184e-03
-3.0625678789e-03
-7.0880979401e-04
1.4034522356e-03
6.9994441023e-04
1.4390197801e-05
8.4660404766e-04
-3.3254293391e-03
1.2477452437e-03
3.6459226340e-03
3.3022571291e-03
-2.0456376334e-03
-3.8776325558e-03
6.6142172524e-03
-4.0547259508e-03
-3.2399957800e-03
-3.4101482549e-03
-3.0200040373e-03
-1.4169392439e-03
-2.5090806340e-03
-5.9030023840e-05
1.5943906848e-03
-3.6108727439e-03
-1.5738683225e-03
8.7639476087e-04
-3.5042311375e-04
1.1791130568e-03
7.0777083312e-03
-2.0362908897e-04
3.0136159832e-03
-6.0043192296e-03
6.4989609893e-04
1.5773352374e-04
3.8615888047e-04
-9.3008951910e-04
-6.2618360674e-04
4.8625395060e-03
-4.3712018809e-04
1.7020827576e-03
-1.6504019666e-03
3.7294677832e-03
-1.7031910781e-03
-3.0583847583e-03
8.5473715921e-04
1.9856157245e-03
2.8015161769e-03
-3.1180526330e-03
-4.1309623827e-03
-2.4972519676e-03
3.5600979439e-03
-2.5116705945e-03
-4.4571066464e-03
-2.6544522790e-03
2.4897397003e-03
4.4619721123e-03
1.1218555480e-03
1.0203419632e-03
-1.4936777945e-03
-4.0336451041e-04
2.5373291367e-03
-3.7578463863e-03
2.9829696031e-03
-1.9580920560e-03
-2.9164345830e-03
3.5379862986e-03
1.4627063691e-03
1.1719057089e-04
-2.7333844323e-03
4.3561155712e-03
3.1114722179e-04
1.7771402154e-03
-4.1560663890e-04
-3.8768888631e-04
1.5467308700e-03
-2.4454745176e-03
-1.3977677556e-03
-8.7502236795e-04
-4.5035047907e-03
-2.2794340519e-03
1.0953259140e-04
-2.4111933868e-03
-2.0791601529e-03
1.8456685112e-03
-1.7049262765e-03
-1.6904036188e-03
-7.1127749300e-04
6.4958802724e-04
-2.2809573923e-03
-3.6865235577e-03
5.7631027133e-03
-6.3940581490e-04
6.7932872733e-04
-2.5733231798e-03
-1.9311305769e-03
5.4036209964e-04
2.1526374790e-03
-1.2440220595e-03
5.6951493003e-04
1.4284391667e-03
2.9238341723e-03
-4.8272620895e-03
-3.0545993080e-03
-6.2077122042e-04
-2.3670031137e-05
-4.6449172760e-03
-7.6380019302e-04
1.5571421630e-03
2.2546963376e-03
3.9207422524e-03
-4.2268506447e-03
-2.4380873465e-03
3.2018198177e-03
-2.5259484583e-03
1.4710522803e-03
-1.1497453912e-03
-4.1248553191e-03
-3.9087220446e-04
3.0979522839e-03
2.5102936184e-03
2.7529747113e-03
-5.1051353629e-03
-1.5954555833e-03
1.4151453298e-04
1.9053346723e-03
3.6046252405e-03
3.4084726259e-03
1.5235699554e-03
2.4932380913e-03
-2.9951273187e-03
4.9147863094e-03
5.8253942698e-04
3.4078507852e-03
-2.9852576687e-03
4.7613110873e-03
2.7647771370e-04
1.6050992836e-03
3.3317333793e-03
-3.3529091266e-04
-1.4314941078e-03
-1.6195608404e-03
5.3149558911e-04
-7.6538372128e-04
-2.2478026692e-03
-1.8296412641e-03
-2.2396851439e-03
2.4373986636e-04
-8.4020198900e-04
4.8610891207e-04
-6.7475848982e-03
-3.2676287416e-03
9.8477298288e-04
2.1266334216e-03
-1.5881752199e-03
-2.3186282762e-03
-2.8973991404e-03
-6.1455190788e-04
-9.6270592502e-04
-2.7188904338e-03
-3.6567513205e-03
2.1458203757e-03
-1.8647588213e-03
2.6710088427e-03
3.1785354911e-03
2.5456900125e-03
9.2474841973e-04
-3.4611167477e-04
8.5746969262e-05
-1.1378218892e-03
-4.0863339491e-04
-2.1236578545e-03
-4.9651808145e-03
9.0810973758e-04
1.1879792550e-03
2.0431504312e-03
-5.5439567222e-04
-5.1979422792e-05
2.7913344865e-03
-2.0110474794e-03
-1.6321403830e-03
-1.2771797528e-03
-2.4947020383e-03
6.6807022852e-03
-1.1176279816e-03
-1.6018300784e-03
3.4120366744e-03
1.7483364651e-03
-2.1894725828e-03
-2.2629276367e-03
-3.5998031293e-03
1.5896792765e-04
-4.5285459218e-03
9.8001092732e-04
9.4785598238e-04
7.5504297938e-04
-2.6152178897e-03
-3.1118398517e-03
1.8396581173e-03
-3.3760735950e-03
-2.0288613790e-03
-3.4990004454e-03
-1.4848165853e-03
-2.6207771634e-03
-5.9384412993e-05
8.4344105590e-04
8.7272968236e-04
2.8259832630e-03
-1.0943324099e-03
-3.2981769461e-03
2.1219680945e-05
-3.0334368773e-03
2.4790508241e-04
3.1238364154e-03
-1.8887299357e-03
1.3186513753e-03
3.2886830814e-03
1.9811638827e-03
-1.8710740333e-03
6.5318714274e-03
4.4852197913e-03
-2.8147057464e-04
3.3007861495e-03
6.5475322801e-03
7.0640946066e-03
-1.3222468233e-03
2.7261949116e-03
-9.4671471069e-05
-2.2413470150e-04
-2.4910593791e-03
-1.8751936221e-03
1.3232155020e-03
-6.4845592654e-04
-2.1619956882e-03
-2.3458305991e-03
-5.5748142313e-04
-2.4977973454e-03
-2.2235213789e-03
2.6118468359e-03
-1.1014837275e-03
-2.7328280271e-03
-7.0790324910e-04
-1.7969019736e-03
1.2134466546e-03
-3.8052005670e-03
-1.3760467568e-03
-1.7112013380e-03
4.8123034609e-03
4.4690676321e-03
-6.8103190779e-04
-3.3907931528e-03
2.4144364469e-03
-1.9709790574e-03
1.8480971039e-05
-1.8780359034e-03
-3.1674977164e-03
-5.9236968311e-04
8.2117384435e-04
1.0020710141e-03
1.3191310715e-03
-2.8313738243e-04
-1.8309428233e-03
7.5859220518e-04
-2.2744137203e-03
-2.1576605123e-03
-4.5678102301e-03
3.9397249935e-03
-6.3534838198e-04
5.5394049168e-03
2.1048741848e-03
1.9266993055e-03
5.3771241238e-03
-3.0089137865e-03
-4.4533583932e-05
5.2701379797e-03
4.8374703425e-03
-1.4101064949e-03
1.1880724307e-02
-3.4764448717e-04
-6.4826406747e-04
2.1966977590e-03
-1.8239533986e-03
7.1007585922e-04
-3.4971819448e-03
4.4457605435e-03
-1.8916388414e-03
2.0385159427e-04
4.6622085068e-04
-1.0792845694e-05
-1.8534586904e-03
