-1.3537302395e-02
1.2823850095e-02
-4.2024455902e-03
-1.2270766935e-02
-1.0769923671e-02
-1.9003517474e-02
1.4572539967e-02
3.6518940354e-05
-8.1436121403e-03
5.0281968114e-05
-1.2235320117e-02
5.5038999256e-04
-2.3740037098e-03
-2.0095636405e-02
9.4688513324e-03
-1.7192334815e-03
8.0549849967e-03
1.5822516307e-02
-1.8774751670e-02
2.3653236383e-02
4.2479560289e-02
-5.7712437416e-03
3.4950762150e-02
1.5907592231e-02
5.3608181799e-03
2.4067686766e-03
-1.4280044328e-02
9.3440633990e-03
1.2074282340e-02
-1.8467452237e-02
-7.8215536112e-03
-6.5881840566e-03
9.2799262226e-03
-1.4611010601e-03
-5.1525101452e-03
2.5844415401e-02
-6.2246776879e-03
3.8466595612e-03
-7.1285473667e-03
2.9924494666e-04
-1.0653504903e-02
3.8908654985e-03
-1.3069527348e-02
3.3362772856e-04
-7.2318821149e-03
-2.5115650338e-02
4.6910948312e-02
-1.3318074297e-02
-1.5685672657e-02
-1.7991970187e-03
-6.7357238818e-03
-1.1885731094e-02
-1.4079945674e-02
8.4604755451e-03
9.5107592703e-03
3.0681618828e-02
-2.1309036913e-03
1.0637898085e-02
4.2948981258e-02
2.2938595175e-03
7.4177940015e-03
-9.4182007205e-03
3.4569569638e-02
-1.2680960277e-02
4.9619746753e-03
-3.4928460291e-03
-7.8447606563e-03
4.1183567181e-03
-6.6759732570e-04
-5.4450544430e-03
-1.2155393785e-02
-8.2741186128e-04
4.8695909511e-03
-5.2071127997e-04
1.3139588878e-02
1.0122995553e-02
-1.0971422038e-02
2.5256325826e-03
-8.5737792770e-03
2.8757160223e-02
-1.0567345801e-02
-4.3479980761e-03
-8.5305317992e-03
1.5401211421e-02
-9.0013427944e-03
-2.4715330686e-03
-1.9080977414e-02
-1.2044665317e-02
-6.4638703456e-03
2.4573365743e-02
4.9249774304e-02
-4.3622572425e-03
-6.4637187825e-04
5.1761343143e-03
-4.1393941152e-03
-1.5586581164e-02
-4.3870586061e-03
9.5632697702e-04
4.8397167435e-03
2.0898891878e-03
4.5472745539e-03
2.1249582017e-02
4.0761920542e-03
1.6859601272e-02
-5.0752145723e-03
-1.0439918290e-02
1.0304362177e-02
9.2162639191e-03
1.2458684439e-02
-4.8893948353e-03
4.3642361947e-02
4.4727112785e-04
-9.2349603588e-03
-2.5437266193e-02
6.2210304438e-02
1.9757991280e-03
1.0116350834e-02
3.1404482021e-02
-7.0352070810e-03
2.7963405619e-03
1.3599156625e-02
2.1560550371e-04
2.1194371493e-02
-4.9063480101e-03
5.7285751083e-03
-2.2595981932e-03
1.0988915669e-02
-6.0769316960e-03
4.9179842840e-02
1.0686963990e-02
3.2140276333e-02
9.9135846005e-03
8.6988722409e-03
-1.0123451285e-02
5.8591478173e-03
3.0431127109e-02
2.7192711694e-02
-6.6079142675e-03
-1.2959238986e-02
-1.2029917774e-02
-1.5366289944e-02
-2.3221021079e-02
1.2196792123e-02
5.2439051787e-03
-8.6431740659e-03
2.0174507542e-03
3.1038106499e-03
-1.5879332949e-02
-1.7540292294e-02
-1.9624916818e-02
-1.1819600501e-03
3.0054284465e-02
-8.9127884755e-03
1.2143828416e-02
-1.0682868979e-02
-1.0235352961e-02
-8.2550261924e-03
4.6551100821e-02
1.6354513337e-02
3.8233635010e-03
-1.5534206853e-02
-1.2270291498e-03
9.3284933448e-03
1.6181365475e-02
-7.7075979696e-03
4.1541547250e-03
1.0496643989e-02
3.5656904105e-02
-1.7164767090e-02
1.3922664266e-02
-1.4646424590e-02
-1.1558997836e-02
-7.0716235247e-03
1.1965528401e-02
-1.4803388073e-02
2.7329440407e-03
-1.6398876796e-02
-1.4337985069e-02
-1.7234322507e-02
-8.4567744631e-03
-1.3202422822e-02
9.2690808249e-03
2.0819300814e-02
2.5222749444e-02
2.2042853441e-02
1.1538208607e-02
1.8144267288e-02
-6.9473397465e-03
1.2639559012e-02
-1.1178369855e-03
-4.2419260001e-03
-1.0056102511e-02
4.4707277403e-03
2.4430713593e-02
-1.3194604818e-02
1.5540763020e-02
3.5171501696e-02
-5.5801580159e-03
-1.2247731043e-02
1.6466995634e-02
1.5855668257e-04
-5.3861093828e-04
1.3096060377e-02
-1.7384894287e-02
-1.4310562268e-02
-1.0878537740e-02
3.9031608456e-03
3.2098887696e-03
-5.3856586338e-03
-1.1832081667e-02
-9.1446344477e-03
3.5413298877e-02
2.5849792963e-02
-1.3143706646e-02
-3.6156667758e-03
-7.8105183274e-03
-1.5946156766e-03
-1.6833595888e-02
4.6966925730e-02
-1.1376798973e-02
3.5014292355e-03
-9.9570677429e-03
-9.3572773469e-03
-3.6988146656e-03
-5.4166360482e-03
2.7738832135e-04
2.3129960437e-02
-1.8415252938e-02
-8.7722799936e-03
2.3008743589e-02
4.4997449765e-03
6.5595527953e-03
-9.4650305598e-03
3.3462347722e-02
-1.9188229340e-02
-1.1421189191e-02
-1.1900135954e-02
2.8335401088e-02
1.7539424892e-02
-6.5930070642e-03
1.5028365875e-02
2.3109453728e-02
-6.9935048319e-04
-1.5047732049e-02
-2.5202814637e-02
2.4327814969e-02
3.0183891622e-02
-1.6341217567e-02
-5.8796843570e-03
7.4494351981e-03
-9.6625185563e-03
5.0264675123e-03
-8.6781667981e-03
1.9308340414e-02
-8.8263171367e-03
-1.4814678266e-02
1.7868924926e-02
1.9207602323e-04
-2.1398023323e-02
-1.0757465098e-02
-1.8239802264e-02
-6.5830449547e-03
-1.1404849634e-03
5.7267819068e-02
-4.4998323623e-03
2.4200097777e-02
1.2319929635e-02
1.2771530700e-02
1.9027602171e-02
8.4216549463e-03
7.7404379240e-02
-6.4826932762e-03
-9.8572009776e-03
2.1870493269e-02
2.1408923017e-04
-1.4479460906e-02
-1.9167485262e-02
-1.4033147072e-02
-1.2613077425e-02
-5.0496943647e-03
1.5757973197e-02
-5.5409077825e-05
-1.1267594442e-02
-2.5484394110e-02
-1.5575717562e-02
6.1677306353e-02
2.5542162177e-02
1.3864655047e-02
8.6703083842e-03
-6.2349304704e-03
-2.0753186064e-02
3.2210684163e-04
1.1600956088e-02
-8.4712685729e-03
2.1825720660e-02
-2.1050046146e-02
1.0171462553e-03
-2.5240185294e-03
9.3599195680e-03
8.4822954739e-03
-1.4736793451e-02
-2.3561474508e-02
-7.6612509050e-03
1.9932770940e-02
-1.0175718546e-02
-7.5368468997e-03
-1.5633440637e-02
2.5565341938e-02
-1.9804187605e-02
-1.2128676527e-02
-4.3366976416e-03
6.9742981151e-03
-4.5212652832e-03
3.6331452457e-02
1.3519775330e-02
1.0681483833e-02
7.0478578876e-03
-1.4939098892e-02
1.7781547128e-02
1.8543340958e-02
-1.0529989269e-02
-1.9394509204e-02
7.8593309394e-03
-2.5330139463e-02
1.7108858053e-03
-1.1078738557e-02
-2.7161195426e-03
-1.3190966461e-02
-1.0868263231e-03
-1.1797815002e-02
-7.2197576684e-03
-9.6900600571e-03
-4.2051841741e-03
-4.5031172264e-04
4.2995645431e-02
1.6672677967e-03
-1.5409962364e-02
3.3535808860e-02
1.8834159623e-02
1.0637277168e-03
-1.6140940841e-02
-1.0942960907e-02
7.2512624445e-03
-1.3200740811e-02
2.2996329833e-02
1.1067205858e-02
-1.5319481087e-02
-1.3307832669e-02
3.6187136079e-02
-2.4689006882e-02
-2.4429801096e-02
7.3426941079e-03
-4.2991849794e-03
1.8793088794e-02
3.0785534158e-02
-7.0618371514e-03
-9.7652256504e-03
-1.6126499229e-02
1.3438878412e-02
-1.1387300728e-02
-1.2931130902e-02
1.1063781667e-02
-1.6719345990e-03
-1.9988037794e-02
2.6549570489e-02
-2.6415537763e-02
-1.5746493440e-02
2.8364608175e-02
-3.6964197928e-04
1.0625949441e-02
-2.2343326246e-02
1.3863677099e-03
1.6658759135e-03
-2.9288985476e-03
1.3409443707e-02
-4.0213264709e-03
1.5060821431e-02
4.2467264877e-03
-2.0560678064e-02
-8.7730524853e-03
-1.0009503380e-03
-7.2454947367e-03
-6.4639974740e-04
2.8629506029e-03
2.5534567994e-02
-7.2075391437e-03
-1.8161346515e-02
-3.2511126399e-03
7.0248140878e-03
5.6729591586e-03
1.5110502912e-02
1.5609439792e-03
-5.5868853598e-03
-7.4891098171e-03
9.3718097308e-03
4.3757811551e-03
-1.5330548871e-02
6.6141932750e-04
1.2774601009e-02
-6.9330503132e-04
-1.5132827969e-02
4.5907291063e-03
3.3719725087e-02
-1.2118814176e-03
-2.0931206689e-02
-9.6129079156e-03
1.7352602758e-02
4.1873815968e-03
-7.2006714894e-03
-3.3131967782e-03
1.9698990807e-02
7.1008519774e-03
-1.4652671649e-02
1.6696923128e-02
-4.7650173844e-03
-1.3882456381e-02
-3.4893601864e-03
-8.5779164722e-03
2.2480637054e-02
1.1392838062e-02
-1.3512996336e-02
-1.2713467164e-02
-5.0718026582e-04
9.0389881953e-04
-5.5418726164e-03
1.0944729432e-02
-8.1509423275e-03
-9.9054995910e-03
-7.5151399328e-03
-4.7605938947e-03
-1.3372057485e-02
1.8583411735e-02
-1.2290367497e-02
6.3823398618e-03
-8.5452196038e-04
8.6573959984e-03
-2.3829992852e-03
1.0598228034e-02
-2.1716166918e-02
-5.6562753469e-03
-1.0131284301e-02
-1.1914201591e-02
-4.7581782133e-03
-7.7301882584e-03
-1.0205209325e-02
-2.7946267944e-02
-1.9223027771e-03
-1.8648880636e-02
-1.8070332366e-02
-1.3989788938e-02
2.6884095865e-02
-1.4335844412e-03
1.2771456481e-02
4.2929667210e-02
-7.4810095509e-03
7.2929039030e-03
-5.8953501058e-03
-2.4174539268e-02
-2.0601667583e-02
-2.5043856324e-03
-6.4017266734e-03
-3.5813189819e-02
-1.0484298391e-02
-1.1173196040e-02
-4.0045029151e-03
8.4316650698e-03
4.4639513475e-03
-1.2941415333e-02
3.0183596364e-02
5.5390694599e-03
-5.1529296805e-03
-1.2820850822e-02
-1.4868379326e-02
-5.9547583258e-03
4.6692656779e-02
-6.9313256954e-04
-2.8689789225e-03
-6.6382984220e-03
-2.3416011380e-02
8.4153769236e-02
1.2281131854e-02
8.6225429519e-03
-1.1496990553e-02
1.4856624729e-02
4.6025677455e-03
-2.3012059813e-02
-1.7123621554e-02
-2.1107300293e-02
-1.9272386081e-02
2.4009145815e-02
4.7079742684e-03
-3.1311457791e-03
-3.2344034549e-04
3.2981139415e-02
6.5099216463e-03
-8.5098025984e-03
-9.0504103747e-03
-5.9895042467e-03
1.2161307987e-02
-5.8936153131e-03
3.2585726468e-03
1.7610158249e-02
1.4611529328e-02
-8.5277675952e-03
-8.3903039380e-03
-9.4724110649e-03
1.2466466782e-02
3.6163200748e-05
2.1064547754e-02
5.5616361313e-03
-1.7792609448e-02
-2.1852096821e-02
-7.1715194523e-03
1.8006317232e-02
-6.4526932379e-03
-9.8950965760e-03
1.5811862504e-02
2.3430183238e-02
-1.9164349525e-02
5.8187762444e-02
-3.5997960355e-03
-1.2294010036e-02
3.1133210188e-02
2.7381549514e-02
1.0485739516e-03
3.0192339035e-02
1.0946586504e-02
-1.0275078181e-02
1.1201639620e-02
-1.1616215000e-02
-1.1702233295e-02
-1.4491723272e-02
-1.2585100632e-02
8.7073239884e-03
1.1868332196e-02
-9.7889594850e-03
1.0383966308e-02
1.7670295940e-02
-6.3990787766e-03
8.7171650779e-04
8.1227302498e-03
-4.9695099490e-03
1.5338334898e-04
2.9669505159e-02
-2.3647322584e-02
2.5095169698e-02
-1.5322655098e-03
-6.3944736847e-03
-1.3532457477e-03
1.5568437377e-03
-1.3874558867e-02
-1.4643330292e-02
-1.2422321703e-02
-8.0549554803e-03
4.9119283643e-03
-1.2481555826e-02
-7.3607494663e-03
6.0753621709e-03
-7.1485583894e-03
1.2550302563e-02
-5.5605553770e-03
-4.1374893313e-03
-1.2852979334e-02
5.6592913667e-03
-2.4794474711e-02
-8.2044481462e-03
6.6289967292e-03
-2.1470775771e-03
-1.7104934568e-03
5.1303102843e-04
-2.4963036110e-03
5.9318612801e-03
-1.1540776719e-02
-2.6029180414e-04
1.6272670237e-02
-1.9620230536e-02
-8.4757921233e-03
5.2942323353e-03
4.8319863966e-03
-1.6355774246e-02
1.5940912977e-02
-1.7210430832e-02
-3.4493323764e-03
1.9269047763e-02
-1.1466711014e-02
6.9278741691e-02
-1.7612167873e-02
-6.7420990337e-03
-1.0275602085e-02
3.5689947334e-03
-4.7051898209e-04
-4.5547821585e-03
3.2038357392e-03
-2.6857561427e-02
2.3459089258e-02
2.7610953201e-02
-8.0349248137e-03
-1.1363655037e-02
3.4957265700e-02
2.0532012515e-03
-1.2639619236e-02
3.7987794293e-02
-1.3644530651e-02
-6.7923418068e-03
-2.0104129453e-02
4.0601046292e-02
2.3127449325e-02
-1.2487939928e-02
-1.5566086362e-02
-6.5675250727e-03
1.7153901457e-02
-8.4988508762e-03
-3.4469850449e-03
1.6862572397e-02
1.0033206115e-02
-1.1750725980e-02
4.0676545945e-02
-2.4077950617e-03
-1.7249890513e-02
5.2171700786e-03
2.9072105871e-03
2.3080872050e-03
-2.9867322853e-03
5.3865597614e-04
1.0775735512e-02
-6.3257893986e-05
-1.3062391401e-02
-3.4884504880e-03
-2.2330877097e-02
-2.9227026649e-02
-4.9677673844e-03
1.0437790317e-02
6.3901702226e-03
8.6117646453e-03
1.5350934386e-02
-1.0106261583e-02
-1.3752526377e-02
-4.2805255199e-03
-5.9677602252e-03
5.3499439052e-03
1.0904409931e-03
1.0195640489e-02
2.0145053708e-03
1.2559800125e-02
1.4945739819e-02
1.6556815597e-02
1.3314039512e-02
8.1699046751e-03
-1.2901077624e-02
-1.4213864292e-02
-1.8364241438e-02
5.7998082213e-04
1.8602432761e-02
-1.5540958842e-02
-5.9715681454e-03
-1.5896537004e-02
-1.6110897118e-02
-7.6235815162e-03
8.2551467616e-03
1.5680799074e-02
-5.0918599574e-03
-1.5743165451e-02
1.8739835344e-02
5.5207448490e-02
-1.7602978103e-02
1.9000255270e-02
-2.3773001313e-02
-2.9842498308e-03
-4.7497260020e-03
1.6562887594e-02
5.9219041484e-03
1.5810780316e-02
1.1156616822e-02
7.7751362662e-03
-1.3629688865e-03
-1.2098742521e-02
4.1096740511e-02
-9.0060979339e-03
-2.6700075394e-03
-2.8525753942e-03
5.5449895642e-03
1.4825406922e-02
-1.4358106081e-02
8.1205146586e-03
4.3987134022e-03
2.7540184736e-02
9.7388843529e-03
-1.3416531562e-02
6.8664026952e-03
-1.5356442250e-02
5.6904393968e-02
1.0584123407e-02
1.1594471406e-02
7.9746192355e-03
1.6404549348e-02
7.1349758373e-03
2.2780946978e-02
1.7076819655e-02
-1.8197221286e-02
-1.7018420760e-03
3.6235030094e-03
-9.8455437896e-03
-8.4037392085e-03
-9.6012742821e-03
-1.0110114802e-02
2.2548599169e-02
-1.9949674426e-02
2.8495285407e-02
-1.7200823576e-03
-1.1646450540e-02
1.0756943933e-02
-1.3050527891e-02
1.2685222712e-02
2.5804214912e-02
-8.0236341560e-03
-4.2831268499e-03
-8.0585634264e-03
2.0252648246e-03
7.9574092341e-02
2.9521655737e-03
3.0565208324e-03
-4.6636307629e-03
-3.3829022801e-03
1.8752664783e-02
6.2350722559e-03
4.6655619512e-03
2.9647456009e-02
-3.8689976486e-03
2.1371103786e-02
-7.3924620372e-03
8.6074924206e-04
-1.3445975923e-02
4.4577103366e-03
-1.4733997955e-02
-4.5359272300e-03
1.4353834271e-02
-1.8262330246e-02
2.1761984300e-02
-2.0694638935e-02
5.0446038593e-03
-8.0071152029e-03
-1.7335263066e-02
-1.0704882750e-02
4.7790208521e-02
-1.1096076571e-02
-1.6054402265e-02
1.5955377585e-03
-1.0096663707e-02
4.2303731743e-02
-1.8156469037e-02
8.7411447874e-02
5.7749122955e-02
3.4135421683e-02
4.1767597990e-03
-1.5485901799e-02
-7.3461640807e-03
-1.1981495923e-02
6.0327918837e-03
-8.5487638866e-03
-8.5508838800e-03
7.1927226385e-03
-3.2707054082e-03
-1.0642175825e-02
-2.3893219413e-02
-4.6208083177e-03
1.3075300130e-02
3.7852449127e-03
5.7147185837e-05
-2.1086292976e-03
4.1054793393e-02
4.5332676720e-02
1.9179637887e-02
-5.1320174046e-03
-1.6072539207e-02
5.0072019364e-03
-1.9378068515e-02
8.0251272373e-03
-1.0482955077e-02
1.6270533901e-03
-2.0657371929e-02
1.5106022352e-03
2.5380650547e-03
-6.0792401988e-03
2.8125396223e-02
3.9803344543e-03
3.4837990537e-02
1.1464357379e-02
1.8550248473e-02
-4.2257320671e-03
-4.4114693576e-03
-5.2312293315e-03
-1.0785950863e-02
-1.6067802009e-02
-5.2652722894e-03
-6.6149132849e-03
-7.8904777491e-03
-1.2367282086e-02
-1.9567117781e-02
-2.0392119890e-02
-5.4109259765e-03
-9.6649389858e-03
-7.8062533793e-03
-8.4795795647e-03
4.4412682758e-03
-1.8522516087e-02
2.4092649879e-02
-6.1658488125e-03
-4.9683223369e-03
3.9386856224e-03
1.9812906182e-02
-4.9108290698e-03
2.4153564974e-03
-1.7669071971e-02
1.0590297457e-02
2.0185672127e-02
1.2987443262e-02
1.2750670252e-02
-3.9714158120e-03
1.5045019626e-02
1.1571321942e-02
2.9871252051e-02
-2.2299528781e-05
-1.9257049128e-02
1.4199797585e-02
-7.4918813186e-03
1.0631477111e-02
6.1428824893e-02
-1.5200830230e-02
-1.8772143377e-02
-6.7422289530e-03
7.1062386261e-03
1.5789168250e-02
-1.4720189428e-02
-1.8198261332e-02
1.5643346664e-02
-2.5373939466e-04
5.8792694180e-03
4.2684231800e-02
-1.1141514495e-02
1.8724311732e-02
-1.2433026119e-02
5.6237318984e-02
2.9174644799e-03
-3.7762160376e-03
-2.3364990606e-03
1.7019875972e-03
2.3677233594e-02
4.5992632204e-03
-8.6265019503e-04
-7.6137227955e-03
6.6583599697e-03
1.3886295981e-02
-3.4657735612e-03
-4.1465976271e-03
-1.5063645860e-03
1.1936084345e-02
-9.7527897462e-03
-4.7605777463e-03
2.6042190936e-02
-2.3340902395e-02
1.5469902195e-02
-4.4756045021e-03
-1.0800804095e-02
8.5728209255e-03
-1.1217285564e-02
-1.0382112733e-02
-2.2603853813e-03
-2.5347776128e-03
-3.2507120598e-02
-9.5277378665e-04
5.9569767897e-03
-2.0404615925e-02
-2.7348935371e-02
-1.1712192734e-02
4.8445496511e-02
1.1401850431e-03
-2.9033372206e-03
-2.0101339662e-02
1.3234040454e-02
5.2549862862e-03
1.0480177291e-02
1.8733100989e-02
-5.3518533926e-03
1.4030717535e-02
3.5571948176e-03
-1.4865672956e-02
9.4364463633e-03
1.1573267442e-02
1.2288772687e-02
-1.5581339640e-02
-1.3357878036e-03
2.1440191875e-03
6.0140091982e-03
1.6352994875e-02
2.2795394371e-02
-8.3863692433e-03
-1.7533216202e-02
1.3477775130e-02
-5.1830795663e-04
2.4573338297e-02
8.8480045624e-02
-2.0783678428e-02
1.4020057969e-02
1.2514031533e-02
-2.0657379553e-02
5.1089600218e-03
1.6389158755e-02
-8.1022999845e-03
-3.5308761188e-03
2.2479214069e-02
-1.3193404710e-02
-1.3285502161e-02
-1.0815251708e-02
1.5123896187e-02
-2.1329162371e-03
-1.4671969889e-02
-3.6147152669e-03
-1.6599298900e-02
-1.3948560760e-02
-7.1439295448e-03
-1.8469775254e-02
2.2132396107e-02
1.3312795528e-03
-1.7792341518e-02
-9.5207465855e-03
-2.0310570793e-03
2.9604961121e-03
2.1290285368e-02
3.1470728371e-02
1.9551105061e-02
3.2761335785e-03
9.0503295844e-04
-1.2871774434e-02
-1.2660087656e-02
7.8368741185e-03
2.7913537047e-02
-9.8363165068e-03
-2.1245525672e-02
2.8970842467e-02
3.5160874105e-02
-2.1670485219e-02
-1.8339489446e-02
-1.3760011678e-02
4.1939655442e-03
-1.4028796994e-02
3.7355822175e-02
1.3632803774e-02
-2.8636136953e-03
4.1353662736e-03
-8.4691848616e-03
-5.1940345758e-03
-9.5749078487e-03
-1.8894732509e-02
-2.8868781083e-03
-5.7481776813e-03
-1.7530093178e-02
-1.1397072085e-02
2.8648979228e-02
-7.9642920848e-04
-5.8502076726e-03
-6.4583054086e-03
-4.9820955884e-03
1.2132252430e-03
-1.8517611446e-02
1.7498678270e-02
5.8033282644e-02
-1.0132277302e-02
-1.0811399146e-02
-1.1034776078e-02
-8.0784336739e-03
1.7857883240e-03
7.8057848877e-03
-1.7286447709e-03
-7.1027440760e-03
2.1318591369e-02
2.4516986217e-02
7.8286873702e-03
5.6515757496e-02
-1.5687253048e-02
-1.4348516559e-04
5.8230318306e-02
1.8856480609e-02
-1.2996823961e-02
1.3041874268e-02
-1.5124117883e-02
6.2235008456e-03
-9.1965908521e-03
-1.7009255285e-02
-2.3326922682e-02
-5.8453840414e-03
-9.2542517327e-03
-1.5300260722e-02
9.0408257967e-03
3.0730300437e-02
8.3503659245e-03
1.4014443974e-02
-6.4936072091e-03
-1.1298749355e-02
-2.0910680219e-02
3.2230524570e-02
2.8495608964e-02
-1.5006120170e-02
1.9257589495e-02
-4.9552437018e-03
4.2098913868e-03
2.5819952836e-02
1.1631472630e-02
-2.4383155811e-02
4.8035581336e-03
1.0252737248e-02
-1.0696445413e-02
3.2213869266e-02
-4.0394602775e-03
3.7452107633e-02
5.5749838010e-02
2.1205929268e-02
9.8697865566e-04
3.9471779699e-03
-1.6541958782e-02
6.9320798500e-03
-7.0825814854e-03
-2.4498234080e-02
-1.1929854328e-02
-2.1002264328e-02
-1.2245574432e-02
1.2285954332e-02
1.1865155183e-02
-1.0692708508e-02
1.2695286164e-02
-2.1125017231e-02
-4.7407243164e-03
2.6888543629e-03
-1.3920326143e-02
-9.3252308015e-03
1.2997500328e-02
2.0831765687e-02
2.5685310299e-03
1.9376060123e-02
3.9197517993e-03
2.5243590203e-02
1.3882620559e-02
1.6532993729e-03
-6.4624839178e-03
1.6524207528e-02
-7.8824029943e-03
1.0950070268e-02
3.5688233443e-02
-1.2187594469e-02
-5.9885909655e-03
5.0512797505e-03
-9.6219823134e-04
-4.1272252825e-03
-1.9514939995e-02
1.6737367824e-02
-5.3880878467e-03
-2.1775393691e-02
-1.0808469495e-02
-4.2541783899e-03
-8.1802371722e-03
-6.5055803228e-03
-1.0852369393e-03
-1.6062162926e-02
-5.8956216914e-03
-8.7341535590e-03
1.5742209331e-02
-3.3156369239e-03
-3.9389296553e-03
-4.9662716466e-03
-8.2872345865e-03
1.0562363114e-02
-6.0141459034e-04
7.3730590664e-03
-5.8605607957e-03
-1.9140627681e-03
-1.3715546506e-02
-1.8575930689e-02
1.6977275963e-02
-1.1354048195e-02
4.8228454425e-03
-1.0596222349e-02
3.6716723359e-02
-8.6850216240e-03
-7.6193666625e-03
-1.6055947465e-02
2.2493874980e-02
5.6270396383e-02
-9.1195479223e-03
7.5127120549e-04
5.1879584799e-02
-1.7298679140e-02
-7.2582059319e-03
-1.4053781537e-02
-9.4159187801e-03
-1.0683606110e-02
1.1161217988e-02
-9.0959393475e-03
3.5583979947e-03
-8.3527891406e-03
-1.9157927449e-03
7.9323336982e-04
-1.7205636927e-02
-9.1463421797e-03
3.1320994544e-03
3.4434165878e-02
2.1552982129e-03
-2.0917043521e-02
2.8964190843e-03
1.6868947908e-02
9.3991313118e-03
1.2483056528e-03
-1.0759053555e-02
-4.3883663716e-03
-5.2097516871e-03
5.1717559119e-03
-1.4694912999e-02
7.8213558606e-03
1.1767526868e-02
-9.2101486467e-03
-1.3699781122e-02
1.0160858636e-02
-8.0358509921e-03
6.5510493455e-03
-2.7567739364e-03
-9.7621942244e-03
7.8527296468e-03
2.2178005989e-03
4.8432400159e-03
1.6208624485e-02
-1.6836671236e-03
2.1234824612e-02
-1.8598077512e-02
-8.8936482048e-04
-2.0831468225e-02
-1.0315557012e-02
-1.4160457784e-03
-1.0185264908e-02
-2.9020251773e-02
-2.3306677197e-02
4.7182606381e-02
4.6588691830e-02
-7.2077272161e-03
-3.6524171422e-04
-1.2683474942e-02
5.2934488637e-03
1.7570033353e-02
3.9821651082e-03
-9.4539169799e-03
2.7142483557e-02
4.7604422809e-03
6.0799028801e-03
5.3271265586e-02
7.0720689846e-03
1.0700882280e-02
-1.3174923900e-02
8.4144308087e-03
2.3527026263e-02
4.7990651001e-03
-1.2878859798e-02
6.4518865625e-03
-1.3766807896e-02
-1.5788692081e-02
-6.0079565118e-03
4.6135611133e-03
3.9479031183e-03
-2.0381302787e-02
3.8259084134e-03
-7.6332377739e-03
8.7309626661e-03
-1.4359563718e-02
-1.7885789212e-02
-1.1296192583e-02
-2.4031092404e-02
2.6062221491e-02
-8.3884639414e-04
-4.4809342284e-03
-1.7480754299e-02
1.3250426432e-02
6.7218312489e-03
-7.0326140653e-03
6.1158322442e-03
-1.2443153481e-02
-2.5986374577e-02
4.1887972929e-02
4.3088492204e-03
-1.0801884740e-02
-1.7602946594e-02
-1.1683552588e-02
3.6159062151e-02
-1.3296373433e-02
8.3808794600e-03
-2.6160303284e-02
1.4108561639e-03
-1.7413532634e-02
1.2185135039e-02
-3.8145863607e-03
1.8661350584e-02
4.8100794981e-03
-9.3844054690e-05
6.3996915290e-03
3.8751131792e-03
-1.3170552569e-02
2.7812801796e-03
-3.1279361571e-02
-7.3357363921e-03
-8.1910070409e-03
-1.3605983694e-02
4.8555240851e-02
1.6731385529e-02
1.2373502920e-03
3.2193496293e-02
-8.2174311608e-03
-7.3538528425e-03
6.2447014207e-03
-9.5124655937e-03
-9.0505163249e-04
5.6515361532e-03
-5.5170163907e-03
-9.1140909564e-03
-7.4851791597e-03
-1.6470407512e-02
4.5603580152e-02
-6.5140764687e-03
1.9154280252e-02
-1.9563128637e-02
1.4312501415e-02
-1.2494329714e-02
-8.1027748743e-03
-2.0652409201e-02
-1.4730532861e-02
-1.8567891956e-02
2.4797789015e-03
1.9467127229e-02
7.5952519845e-03
-1.7950404835e-02
-2.3322043978e-02
-6.0640311997e-03
7.0507228889e-03
-1.1457478825e-02
1.5296220624e-02
-1.3653322600e-02
-1.4668828240e-02
-2.1878211630e-02
1.0743812626e-04
5.9399852942e-03
4.4312026062e-02
-3.4085861142e-04
-1.6242926468e-03
-5.3267230173e-03
-1.3416877875e-02
-8.4366746715e-03
-6.1611771319e-03
-1.9299228536e-02
7.2337846710e-03
1.3027159671e-02
1.4869822771e-02
-1.0508906581e-02
-7.7307192742e-03
-1.1883855853e-02
8.1017408062e-03
1.7251644147e-02
-1.2702454752e-02
-1.3729271443e-02
9.7306390391e-03
-9.6312185687e-03
-7.0120234872e-03
1.0770673500e-02
2.5713327322e-03
-8.9329079441e-03
1.4929549745e-02
-1.5884839276e-02
2.1863792427e-03
-1.0884773559e-02
-1.3019043259e-02
-2.0934106262e-03
7.8794309834e-03
-1.0630171944e-02
1.2839701989e-02
6.5480899719e-03
2.3475113159e-02
-1.0580655250e-02
-1.0994561938e-02
-3.7792756977e-03
-6.5826873506e-03
-3.1885335646e-03
-2.2938372070e-02
-9.5597963086e-03
5.6994889629e-02
-1.0605224272e-02
-1.6150952234e-02
-6.6939813395e-03
6.5833985155e-02
5.3075306656e-03
-1.4096060652e-02
-8.9123783511e-03
-9.6322529955e-03
1.2222172168e-02
-6.0543866364e-03
-7.1061626206e-03
1.1772588652e-02
-6.6954578659e-03
-5.1541095612e-03
-5.4399808402e-03
2.8064336615e-02
-7.4956346060e-03
-3.2349841570e-04
9.5264179262e-03
-1.4351879578e-03
8.0020526021e-03
-1.8264158301e-02
-4.9247839882e-03
-1.0332888770e-02
-1.1520837625e-02
4.2464794963e-03
-8.7484183228e-03
-4.7503210304e-03
-1.4354086674e-02
-1.0454588285e-02
4.3935060480e-02
-2.2531313804e-03
-1.8644819121e-02
-1.6973222686e-02
1.8066735185e-02
1.0456960850e-02
-1.2442910865e-03
-1.5028503039e-03
1.2149318412e-02
3.1455665033e-03
-1.1518015295e-02
2.0496714242e-02
-1.1509943239e-02
-3.9015140102e-03
1.7079345439e-02
3.9783848012e-03
2.1283777149e-02
-4.5294878540e-03
-7.7245181863e-03
1.6996673429e-03
4.1780844580e-03
-3.3717342393e-03
4.3431084673e-03
-1.3285706530e-02
-1.1909729604e-03
-1.5475150389e-03
-1.3972374019e-02
6.1459084203e-03
4.0150709388e-02
-1.0460193194e-02
-6.0052771975e-03
-8.0347616867e-03
-1.3508447548e-02
-1.1042526379e-02
2.6684922229e-02
3.1949654915e-02
7.7914196212e-03
1.7772374856e-02
4.4034790732e-02
-3.5587287964e-03
-1.6969629020e-02
-5.0087138029e-03
-2.4356066416e-02
-3.3594478849e-03
2.9827084582e-02
1.0263625135e-02
-3.6334735527e-03
2.3152227711e-02
2.0636399289e-03
-2.1796237885e-02
-8.0907250675e-03
2.2914208569e-02
-4.2525839260e-03
2.9147220885e-03
1.5523081976e-02
2.3563874940e-02
-1.3607077721e-02
1.0634234597e-02
-2.0003384872e-02
2.8476371404e-04
1.3336677777e-02
1.3152342299e-02
-2.3437970907e-02
2.7920814599e-02
-6.2494100685e-03
2.0651579655e-02
7.3395678816e-03
2.9238225471e-02
-5.2260923468e-04
-1.5193842674e-02
-1.3813124103e-03
1.6748994945e-02
1.1259712755e-03
1.5683448351e-03
2.6165250221e-02
-1.3570578367e-02
-1.5205484988e-02
2.1317419633e-02
3.7928445816e-03
-1.1366982502e-02
1.2219179217e-02
-1.0869461616e-02
-3.1771649913e-03
-1.2461036151e-02
8.8640007064e-03
-2.3112314208e-03
-5.6185752218e-03
2.0443227664e-02
2.4287962455e-03
3.5037003672e-03
-2.4796322670e-02
-9.6010293837e-03
-6.4413195918e-04
1.0656846636e-02
-2.8405527005e-02
-1.7417566739e-02
-1.6550529776e-02
4.1188917573e-03
7.8574656615e-03
1.5750554848e-02
1.1639298399e-02
-7.0659409640e-03
-4.9225320971e-03
1.4866852144e-02
1.2511643201e-02
-5.1954800509e-03
-6.3995384232e-03
1.7129088060e-02
-6.5940115371e-04
-1.2556676168e-03
5.1741856033e-02
-8.3545323697e-03
-2.9995337668e-03
1.1672216038e-02
-9.7407672810e-03
2.0246827645e-03
-1.8712138091e-02
6.2471649164e-03
4.5073361441e-03
3.1952174667e-03
5.9893663261e-02
-1.0045180473e-03
-2.4688333374e-02
-7.0988750554e-03
-1.6560127741e-02
-3.5215042275e-03
-1.8824719111e-02
-1.4311239112e-02
7.5678673844e-03
-1.3724857551e-02
5.0633020821e-02
-3.1787141143e-03
5.4260463140e-03
-4.1500267673e-03
5.4241428130e-03
-2.9412637419e-04
-1.1449240275e-02
5.4231935820e-02
-2.7677668722e-02
-1.9917199571e-02
-1.3730997070e-02
1.6672685664e-02
-1.5986834962e-03
-1.5264469420e-02
4.1013157777e-03
-1.1305260704e-02
4.8808719350e-03
-1.6283745340e-03
-1.8385856070e-02
7.1948278896e-03
-7.2073053114e-03
-8.9346126395e-03
-5.9438274030e-03
-1.1502494608e-02
-1.5971934468e-02
-1.0514964892e-03
-1.8884397852e-02
-1.1091327567e-02
-1.7271589717e-02
2.1517520387e-02
3.1617057805e-03
1.2083828341e-02
-5.8701564108e-03
-3.1288292667e-03
-1.2573775970e-02
7.4834137039e-04
-3.3820596982e-03
8.9758950390e-03
1.4889418025e-02
5.4141032137e-03
-1.2088275076e-02
5.7229643636e-03
-1.0999300811e-02
-1.8957036640e-02
-1.4721552633e-02
-2.4515384878e-02
-7.1775616158e-03
2.0748939290e-02
-6.7585762414e-03
-2.5668920317e-02
1.9369634476e-02
-1.3891296480e-02
-2.1516004423e-02
-4.0493985290e-03
-1.1750878196e-03
-8.2923473319e-03
8.0846325257e-03
1.9138890359e-02
2.5646000736e-02
-7.4316188036e-03
-3.2434625450e-03
-1.1476615551e-02
-9.1422908022e-03
-2.5078086860e-02
1.6693618576e-03
-3.9249365337e-03
1.9332314449e-02
3.2088589703e-03
5.4154103503e-03
1.8219270774e-02
-9.5288428456e-03
2.2564779586e-02
-4.7170080113e-03
-1.5208562070e-02
-6.5525854323e-03
6.2379982131e-03
-4.0911607154e-03
-5.4318787499e-03
1.3065101073e-02
1.8021676530e-02
-1.4655673403e-02
-5.2094119658e-04
6.3699238803e-03
3.9833805509e-05
-2.3331104892e-02
-1.2591965333e-02
-2.5457823852e-02
-2.5995028461e-03
7.5131800167e-03
-2.0256912741e-03
2.2168636602e-02
1.8247196981e-04
7.5062424717e-02
-4.7663338304e-03
-1.1480405769e-03
1.7389402809e-03
-1.9651724363e-03
1.9543623299e-02
-1.4721638091e-02
-2.3908167416e-02
4.1767177595e-03
-1.7116833475e-02
9.8814905251e-04
3.3153730992e-02
9.9270717315e-03
5.1447390810e-02
1.2182932628e-02
8.3767299000e-03
1.2228695912e-02
-5.2281458534e-03
-4.0005686217e-04
5.4450966499e-02
9.2647692039e-03
-5.6285616474e-03
-1.7754773064e-02
2.2330354514e-02
4.2606411942e-03
-1.6168073999e-02
-7.8059854734e-03
9.4162965584e-04
-4.2215161827e-03
-1.4288990848e-02
-1.2125493626e-02
-6.3915752390e-03
2.7891276787e-02
6.6153946864e-03
-2.4587383982e-03
2.9699166042e-02
-3.3193022942e-03
-1.9588282013e-02
-2.5297176870e-02
-1.8054535053e-03
1.1959204103e-02
-1.7719457013e-02
-2.1587269016e-03
-3.2186360252e-03
-6.3071711696e-03
6.7844946546e-02
-1.1614755904e-02
1.0123045959e-02
-1.7931145494e-02
-6.3052936575e-03
-1.4954578301e-02
-4.4712115968e-04
-1.3322078027e-02
-1.5506708756e-02
-1.4743532032e-04
-5.7970686245e-03
1.1809673766e-02
-1.9880609758e-02
-1.1427426110e-02
-2.4475169675e-02
-1.3920787775e-02
8.2709502183e-03
-1.2345246870e-03
2.3291768926e-02
2.0817765299e-03
9.9978837649e-03
-6.5815003424e-03
-8.8354327976e-04
6.5808071517e-03
-1.6010744823e-03
1.1697057292e-02
-1.9974754205e-03
-2.9671299528e-02
-1.5048023106e-02
1.5422344215e-03
-2.2040383759e-02
-2.2867795219e-02
-1.4522840548e-02
-7.0802300535e-03
2.0232449885e-02
2.4921398512e-02
1.2888171130e-02
-1.7927852122e-02
9.2244668450e-03
-1.2078507677e-02
-1.5382233389e-02
-3.6291138828e-03
-3.1669639665e-03
-1.4324581306e-02
-2.9228660014e-02
-1.5374376148e-03
8.5463424752e-03
-7.9737868460e-03
-3.3877728905e-03
-2.1141811010e-02
1.4385317424e-03
-8.1832376314e-04
1.0681436923e-02
3.4362065772e-03
-4.4618776771e-03
-7.3142428411e-03
2.0257687173e-02
-1.0147770928e-02
-1.2135878970e-02
-1.5213603079e-02
3.0943857670e-02
-1.4905517511e-02
-7.6316907843e-03
-8.3029097376e-03
-1.4504232771e-02
-9.7265088737e-03
-1.2597732144e-02
-1.0945125473e-03
-1.2012539675e-02
1.2943549903e-02
5.2592611675e-03
-1.8483765054e-02
-8.1314880237e-03
-9.2368614325e-03
-2.6196614679e-02
3.0724683916e-02
-2.4684698104e-02
-6.9356119324e-03
-7.9755174216e-03
1.8901956303e-02
-1.6384015380e-03
8.7783740602e-04
-2.4200132420e-02
-4.6183838767e-03
9.9240515975e-03
2.1142548615e-02
1.0541609284e-02
-8.6043723966e-03
5.4777686018e-03
-2.3552457299e-02
-1.7455416356e-02
-1.4409034291e-02
-2.7030124352e-02
-1.3619566530e-02
-5.1445711605e-03
3.3860026570e-02
6.2164148069e-05
-4.5865708400e-03
3.4364100536e-02
-3.9887961712e-03
5.1264692638e-02
-1.2031348013e-02
-1.8577886146e-02
7.0705483301e-04
3.2338547969e-02
2.9928014458e-02
-1.1216926912e-02
-1.0176777031e-02
1.5352268994e-02
3.3008113062e-02
-1.3003293990e-03
2.5526217273e-02
-9.2481557314e-03
-3.6484373966e-03
-1.8392337621e-02
3.5992373023e-02
-3.8661578349e-03
1.0426851783e-02
3.7856847765e-03
1.3761695106e-02
4.1959861583e-03
7.3000222909e-03
-1.4123155008e-02
1.9826390008e-03
-1.9854072898e-03
4.3651228961e-02
3.7731944962e-02
1.1029034960e-02
2.9208347674e-02
-1.4767284562e-02
9.2537776192e-03
-1.6818449444e-03
-2.2197132034e-02
2.4669650866e-02
1.9920205442e-02
-2.4022578726e-02
-1.7471082619e-02
1.4418356973e-02
3.4307513484e-02
5.0209184731e-03
-1.4857096078e-02
-6.8316469536e-03
4.4851266659e-02
-1.3034448654e-02
1.3592305080e-02
-3.9401423731e-04
1.0816776661e-02
-2.9477119439e-03
9.5259704523e-03
-1.2529302630e-02
2.1947534509e-03
1.2525310462e-03
-4.7740744632e-03
-1.0383518846e-02
3.8465665685e-03
1.5146260391e-02
9.9134954968e-03
-5.9557316397e-03
4.1628936549e-03
6.0551193446e-03
-2.2000730639e-02
-8.9860033274e-03
2.6794948308e-03
1.4749178779e-02
-6.7998737761e-03
-1.4091753311e-02
-1.8711718935e-02
-1.7377288395e-02
-1.6372708339e-02
-1.5997797575e-02
-5.7264495835e-03
-1.2965919735e-02
-8.2357671029e-04
5.8095846146e-03
-2.5299567055e-02
-1.4534494990e-02
2.6239607255e-03
-4.8022018996e-03
7.2583502502e-03
1.7114763302e-02
-5.6932677230e-03
-7.1627587100e-03
1.4003251907e-03
1.3635698257e-02
1.1801008364e-03
1.9602365417e-02
-8.1621152358e-03
-7.7964596194e-04
-1.2521122338e-02
-1.1095087778e-02
-1.5167651255e-02
2.0442444403e-02
-1.7597843730e-02
-4.7570577448e-03
1.1195939563e-02
-7.5621616228e-03
-1.0576169218e-02
3.2084125566e-03
4.5659666608e-02
-4.6073897627e-03
5.5549648876e-03
-1.4582219939e-02
-3.0425614065e-03
-8.6980055007e-03
7.0890630023e-02
1.7558971708e-02
-1.1041536151e-02
-8.0073421218e-03
-2.1823063733e-02
1.7270317291e-02
-1.0311043241e-02
9.7558318757e-03
9.5147377072e-03
-2.8202307937e-03
1.0209761852e-02
2.5406531648e-03
1.2124636272e-03
3.9048227274e-03
4.4929959645e-03
-4.7525418772e-03
2.6081033306e-02
4.1446940271e-02
-1.4824708688e-02
-9.9339582526e-03
4.1440579929e-02
-7.2777559188e-03
-1.0786301424e-02
-3.1828891916e-03
2.4296727415e-02
-8.8470058899e-03
-1.8081755924e-02
2.2138282212e-02
-2.0422420924e-02
-9.5263614705e-03
-7.1932304927e-03
-1.3059062120e-03
-2.6344452257e-03
-1.6916209339e-02
3.9015051492e-02
-1.0006821206e-02
-1.8133196156e-02
-1.2528180154e-02
4.8949810886e-02
-7.3989092001e-03
-2.5244483658e-02
-1.6032690491e-02
3.7567973917e-02
-1.5482683109e-02
9.8860125698e-04
3.0974802845e-02
-2.4556309979e-02
3.6841031888e-02
3.6178426867e-03
-1.9881727648e-02
4.7597405875e-05
1.0780435018e-02
1.5647365054e-02
3.1706667444e-02
-1.1060529619e-02
-8.6628754089e-03
-1.2723804096e-02
-1.8234412438e-03
-6.4793861400e-04
4.2664048933e-04
-1.2693877067e-02
-5.3247766339e-03
-1.4195671487e-02
-8.1037620838e-03
-1.4871488376e-02
-7.4847853883e-03
3.9071181989e-02
-7.7408420431e-03
3.4544289577e-02
1.5835630138e-03
9.3990067822e-03
-3.3303834033e-03
-6.1323771600e-03
1.9408512334e-02
3.5166518902e-03
1.2751373464e-02
-6.6841570106e-03
1.0093600307e-02
-1.0427336320e-02
-6.1198072286e-03
-2.2183689718e-02
-1.0885537763e-02
7.9051586948e-03
1.0848400321e-02
-1.7753253184e-03
1.1837288430e-03
5.9659217342e-03
3.2315137507e-02
2.1493503214e-02
7.1556204536e-03
-9.7913362371e-03
-1.2500181258e-02
-1.0691687855e-02
-7.8729947061e-03
-9.0535297043e-03
3.1304843502e-02
-3.3114689748e-03
-1.1114971522e-02
-1.8902938720e-02
-7.1879002824e-03
-1.4021556368e-02
-1.6287516506e-02
4.4221504516e-02
-1.6802259308e-03
-3.5505682383e-03
6.5216912972e-04
-1.2532015661e-02
-4.0646305157e-03
-1.6199377985e-02
2.9825592821e-02
2.8185539100e-02
-5.8997601954e-03
4.0638691406e-02
4.8681632062e-03
1.6367993348e-03
1.7502176638e-02
6.2778654414e-03
-3.7600781716e-03
3.2265863380e-02
2.8458506524e-02
3.8506273141e-02
-2.4951922803e-02
8.1299963882e-03
7.0543095526e-04
1.6563452815e-02
1.7663056483e-02
-1.6468037400e-02
-9.1160990046e-03
-3.8854560271e-03
-1.7926133068e-03
-3.5322006304e-03
-2.0754049768e-02
-1.0767843481e-02
8.8029550380e-04
2.2182156575e-02
3.7174042090e-02
-1.6364489275e-02
-6.2193178295e-03
1.7940426285e-02
9.9724268825e-03
4.0275323836e-03
1.5673253219e-03
-8.2383390277e-03
-3.6758100949e-03
-3.6497560313e-03
-2.8964865606e-03
5.8615987481e-02
-1.1922826289e-02
-9.1142929542e-03
3.7081659037e-02
-4.7697875179e-03
2.9885381797e-02
-7.2956408155e-03
-7.9387668121e-03
1.9895692008e-03
-2.7828740068e-02
1.7117045090e-02
-1.0178526269e-02
8.5971622660e-03
-8.5378319163e-04
1.5353415274e-02
-1.5721452434e-02
-2.0022356857e-02
5.2982648618e-02
-1.8853115711e-02
3.1173563272e-05
-1.5677904959e-02
9.2667713330e-03
-1.0729052717e-02
3.1883215331e-02
-8.8771526570e-03
-1.1907375981e-04
2.3416588728e-03
-1.7380736525e-03
-1.2969404505e-02
-5.9781844292e-03
-1.4184453886e-03
8.8568658955e-03
4.1725146147e-03
-1.3947243788e-02
-1.4836350954e-02
-6.6141665084e-03
4.3601644397e-03
-1.0761358349e-03
3.9916056203e-05
2.6774835826e-02
-7.7325073719e-03
-7.3838896972e-03
8.0350240985e-03
1.3355500504e-03
-3.1715259931e-03
1.0830219207e-02
3.1499008186e-02
3.1501640770e-02
-5.8428999659e-03
-2.2516306594e-02
5.7440978312e-03
-6.3293151951e-03
-6.3931455998e-03
1.2957446784e-03
7.3569629247e-03
-9.2856524985e-03
-1.6909066298e-02
-1.7665709432e-03
-9.7411018387e-03
-1.6814054309e-02
2.7646211215e-02
-1.0334443973e-02
-8.9872790096e-03
2.8636763945e-02
-8.3900556882e-03
-2.8690479177e-03
1.9910242106e-02
1.5158697212e-02
-1.8056163026e-02
8.3780355005e-03
-1.7908887736e-03
-5.0502209538e-03
2.7553497074e-02
-1.5446560329e-02
-2.0893437705e-02
-1.0331566615e-03
8.2108843422e-03
2.7652967914e-02
3.9930036803e-03
-1.8285548947e-02
2.6104337599e-02
-9.6927605566e-03
-8.9394739459e-03
-2.1178836289e-03
-2.3529455272e-03
3.5098794213e-04
2.5895918051e-02
-4.4751403712e-04
1.1052392353e-02
7.4734291183e-04
2.1611235199e-02
1.8424097049e-02
-1.0156274424e-02
2.7343700593e-02
1.3360011538e-02
1.0189286047e-03
2.0076083346e-04
1.5486902769e-02
1.9427699653e-02
-1.3483240508e-02
-1.7779176945e-02
1.9312382497e-02
3.5704988036e-02
-7.8151850343e-03
-2.5560977566e-02
-6.6674406473e-03
-2.3561588604e-02
-4.4617861082e-03
1.1811571865e-02
-1.4393306565e-02
-1.9601574241e-02
-9.0686685001e-03
1.2547946985e-03
-3.8414045768e-03
-3.4034713310e-03
1.5940322222e-02
-5.8670122553e-03
2.2065035013e-02
-9.1238371815e-03
4.7770634608e-04
-2.1934605152e-02
-1.0968862596e-03
-1.9034406923e-02
7.3369363169e-02
5.5814878070e-02
2.2711422379e-02
-2.8866163148e-04
-2.4223114461e-03
-3.9356289422e-03
2.9785334754e-02
5.0582164828e-03
2.4376548956e-03
8.7191742043e-03
1.0021187362e-02
6.6706821808e-03
4.0332855855e-03
7.6261101420e-03
1.3967621811e-02
1.1986435573e-03
1.9573955020e-02
3.1982760827e-03
1.7088240032e-02
-1.5855469353e-02
-1.3875187314e-02
-1.9339833659e-02
-8.5682482907e-03
-2.9760986838e-03
2.9077929379e-02
8.9068096694e-03
-2.1027998991e-02
-1.2547046662e-02
-1.7793384930e-02
4.1691973535e-02
3.7111702515e-02
1.9767600828e-03
-2.3251165577e-02
-9.0799429403e-04
-4.8559968418e-03
1.5194366264e-02
2.3852753456e-02
-1.5961730880e-02
-2.0748415501e-02
6.9082171653e-03
1.2563184959e-02
-7.5918068514e-04
-1.1639674282e-02
1.8482470285e-03
-1.3932798211e-02
-2.3260180194e-03
9.7620017636e-03
5.2575475675e-02
-1.2599701459e-02
-1.7451165941e-04
5.1053709085e-02
-1.0188618465e-02
-1.3498267001e-02
-3.6788219942e-03
6.9144578182e-03
2.5924500417e-02
1.3853988313e-02
1.0153678267e-02
-1.5367374269e-02
9.3286647932e-04
2.9479640029e-02
-3.0835069307e-03
2.6265692833e-03
-9.7944552623e-03
-1.3933709230e-03
-1.3674621856e-02
3.5095846519e-03
6.8924938577e-03
-1.6043980717e-02
6.0637610818e-03
-1.4641026010e-03
2.7319192997e-02
-1.3003657513e-02
-2.2807062844e-02
-4.6716231973e-03
-3.5826657624e-03
-1.6868102443e-02
1.4769240777e-02
-9.6947374626e-03
-1.9259414054e-02
2.3085856131e-02
1.2348183726e-02
3.4943507438e-02
3.4163105037e-03
-3.2809412840e-03
-8.8900460688e-03
-2.2489376653e-03
-5.3543333335e-03
4.8271723143e-03
-2.3927318718e-02
2.5802699999e-03
-6.5051675752e-03
-8.7000282081e-03
2.0955076209e-02
5.9342857087e-03
2.0137561453e-02
-1.3471706182e-02
3.0172401884e-02
-1.2676888967e-02
3.3647677349e-03
-1.5252125750e-02
3.8299343941e-02
-1.1883684312e-02
-3.2301980933e-03
-1.8498197451e-02
1.4492778181e-02
-1.9435089662e-02
2.3304943546e-02
-1.1121525882e-02
-1.4936231623e-02
8.4741837561e-03
-7.2388601628e-03
-4.4028321331e-03
-1.7868841113e-02
4.1008057956e-02
5.8649151263e-03
2.6099686461e-03
5.9022218589e-03
2.2934383673e-02
8.5011991388e-03
4.4459302895e-03
-5.9486226198e-03
-8.1213334810e-03
4.8739307792e-02
3.8454868950e-04
-1.8371240803e-02
-1.4161311039e-03
3.9849764130e-03
1.6854145119e-03
-7.5562416690e-03
-1.5999890318e-02
2.8005768643e-02
2.4984078560e-02
-8.1802962734e-04
-2.5236753362e-04
-1.5310890050e-02
2.7006706194e-02
2.1880737881e-02
8.7678615037e-03
-1.2252271657e-02
-1.4238783186e-02
1.3649280377e-03
-1.4569995205e-02
-2.0039806989e-02
-1.0429033454e-02
1.8574626311e-02
-2.2332346518e-02
-8.8003852186e-03
2.1038817966e-02
1.7846225064e-02
-2.7198339799e-03
-7.3263565579e-03
8.9047189213e-03
-8.1320265269e-04
-8.3657298328e-03
-1.4266570618e-02
5.9141940220e-03
-1.4240936747e-02
-1.5999983810e-02
-1.6278709053e-02
2.8265257509e-03
-5.4130133858e-03
-1.0532252711e-02
-6.9947502038e-03
-1.7901100884e-02
4.0396711510e-02
1.4526440662e-03
-1.5140789545e-02
3.9431590201e-02
-2.1971049929e-02
-1.3908645042e-02
3.7675628793e-03
-6.6615955447e-03
-5.2245086365e-04
4.5971957285e-02
-2.1297029898e-02
-1.0024311440e-02
1.8405057180e-03
-2.0367776797e-02
1.8620288356e-02
-2.0034168995e-03
5.6466155385e-02
-3.7613215923e-03
5.9196532721e-03
9.0209149897e-03
-1.4557720748e-02
9.4203276500e-04
7.3129024458e-04
6.5741246138e-03
-9.3430266791e-03
-2.0045598335e-03
5.3414720927e-03
-7.4302946365e-03
-1.7742960548e-02
-1.9628200066e-02
1.3191376098e-02
1.7750625619e-02
-1.2677556522e-03
1.0298061182e-02
-3.1199725105e-03
-6.7601491212e-03
3.9745517783e-02
3.1581154788e-02
-5.1444328884e-03
-1.5554934877e-03
-6.6388723606e-03
-1.4122855373e-02
1.0650182230e-03
-1.0283288686e-02
-5.5817399275e-03
4.2254973030e-03
-1.6697676828e-03
2.9160122023e-02
1.3181549079e-02
-1.6240677816e-02
4.2400767251e-02
-5.7706377730e-03
-6.2986742501e-03
2.0638319802e-02
8.7123861927e-03
1.1461295554e-02
7.1084848742e-04
3.4112819308e-03
4.1626640246e-03
-1.2119179809e-02
-1.8358047666e-02
-7.9652820721e-03
-2.1857709483e-02
-8.7816518512e-03
1.7548348405e-02
-4.3793130415e-03
1.3220916341e-02
1.5599059771e-02
-1.8376443765e-02
-5.6342060852e-03
-3.0808239009e-04
-1.5918055765e-02
-1.3020723810e-02
-4.8083492661e-03
1.7075053317e-02
-5.2769872449e-03
8.7390732488e-03
-2.1171301659e-02
-7.1587791814e-03
-1.9287616703e-02
-1.0927668146e-02
-1.1979433705e-02
1.4255276445e-02
4.1959111678e-03
2.1068933316e-03
3.4978940364e-03
7.7535517790e-03
1.2756138187e-02
-7.2958483494e-03
-1.6829270783e-03
-2.1147352981e-02
3.7173992263e-02
1.9441321583e-03
1.4790773146e-02
3.6529658310e-02
1.8026060889e-02
6.5851701543e-03
-9.2955426968e-03
-2.6521926183e-03
-2.6940858041e-02
5.0103154021e-03
1.7721369386e-02
2.3145122293e-02
9.5869382472e-03
8.0561031056e-04
-5.9228255112e-03
-1.9249697982e-02
-1.3709516518e-03
-1.3678573250e-02
-2.5061666724e-04
-2.5569114883e-02
-3.7903762545e-04
-1.7633000923e-03
-8.9773069757e-03
-8.2253228698e-03
2.1039372743e-03
6.4446658262e-02
-1.9338686623e-03
-1.3157122345e-02
-6.4799156982e-03
-5.9904704562e-03
-1.3409899633e-02
-8.6238095321e-03
-2.2338085713e-02
2.0874549236e-02
-1.5143575252e-02
-7.9674756555e-03
-9.3550954439e-03
8.7001190199e-03
1.1687780788e-02
-4.6802892188e-03
-4.9754018367e-03
-1.2525557630e-02
1.2990000584e-02
-1.8804659912e-03
1.4262368372e-02
-1.2762179577e-02
-1.7349180522e-02
3.6627661847e-02
-2.2853098391e-02
1.6262622155e-02
2.5018280234e-02
3.9107075253e-02
-4.5299166567e-03
-1.3767496808e-02
1.2760347048e-02
8.9420498007e-03
-5.0544821726e-03
8.2132419474e-03
-1.4912733026e-02
2.5581901821e-03
4.4823258273e-02
-1.0299834463e-02
1.5393608401e-02
5.9414250558e-03
-1.3230631006e-02
-6.2877638588e-03
2.1891744730e-02
8.0346002256e-03
1.4050998477e-02
-1.8836053131e-02
-1.7232340150e-02
3.6220235898e-02
1.2302787063e-02
2.2441628064e-03
1.6360633581e-02
-1.2847458473e-02
4.3199972836e-02
9.7098002435e-03
-8.4957559868e-04
-2.5552614959e-03
4.5877111363e-02
-6.4551107397e-03
-1.6509111395e-03
1.1948247756e-02
2.3023176988e-02
1.4934599945e-03
-1.1665885610e-02
-8.3100417856e-03
5.6036402133e-03
-1.7347671084e-02
-1.1669126746e-03
6.4984902761e-03
-6.8749336301e-03
-2.6737917249e-03
-8.9440987217e-03
1.9083421664e-02
2.3989638667e-02
8.7249822585e-04
-1.1329721047e-02
-3.8013985202e-03
-2.0275310848e-02
-8.5618891924e-04
-1.0572965364e-02
-7.2269542626e-03
8.8861424019e-03
-1.1790533288e-02
-1.4083755702e-02
-1.9927309651e-02
1.0620633869e-03
-2.5082826738e-02
4.2157207961e-02
-1.5802686240e-02
6.9361489425e-03
-1.1651157607e-02
3.3772474470e-02
3.3838584706e-02
-7.9049192009e-03
2.6565610224e-02
-1.7817538972e-02
8.9340104232e-04
-1.2276079916e-02
-2.1870119307e-02
-4.2802568242e-03
6.9546951269e-03
-1.0907472631e-02
4.1175934971e-02
-9.4657805366e-03
3.9197464586e-03
-1.6591108307e-02
6.3818676498e-03
-1.0672548153e-02
-1.1901326146e-02
-9.5798358488e-03
-1.6456208838e-02
5.2745580685e-02
5.3508829911e-03
2.4278537502e-02
-3.0079952966e-02
-1.1412823611e-02
6.3941496220e-03
1.1161460838e-02
-2.3370067701e-02
1.1858683256e-02
-1.2696936101e-02
5.1740926847e-03
-5.2734414528e-03
-1.1225834556e-02
-1.0363437906e-02
-1.6489435179e-02
-7.7196752076e-03
-2.0859404659e-02
-7.2502751859e-03
1.7041078457e-03
-2.1876740063e-03
1.9069315571e-03
8.3360765915e-03
1.6682120554e-02
6.1324583676e-03
-8.0220297071e-03
1.8846311724e-02
1.4495544869e-03
3.1731287641e-03
3.7564871188e-02
-6.4951596979e-03
2.0122830034e-02
2.6900650403e-02
1.7683627587e-02
1.0632693283e-02
1.1587140545e-02
3.1693067206e-02
-1.0300228922e-02
1.1698982657e-02
-4.2346403110e-03
5.7187179997e-02
1.8137422135e-02
1.1198617350e-02
4.5747061971e-02
-1.0381856855e-02
-2.8981033647e-03
5.7740447124e-03
1.2822215506e-02
1.3119694998e-02
-6.8449301119e-03
3.2081569756e-02
-1.4194473020e-02
-3.2086547424e-03
-2.5896176202e-02
3.8821327215e-03
-3.9485606444e-03
2.9254818508e-02
-1.4567904342e-02
1.1394147835e-02
-6.2495639772e-03
-2.0534370528e-03
1.3718414366e-02
-5.0521605941e-03
1.2298756207e-02
9.6336045386e-03
-7.6298215277e-03
-9.2720540048e-04
-1.2281529526e-02
4.8101998299e-03
-6.2309583127e-03
-9.7103228733e-03
-2.0276630283e-02
3.7848243920e-03
3.6774600923e-03
-1.2398490515e-02
-1.3323854075e-02
1.5241586432e-02
-2.9121177263e-03
-4.6910590823e-03
-1.3764498992e-02
-3.1516549688e-03
4.6179392574e-02
1.3440528309e-02
4.7051789652e-02
-5.0952755910e-03
-2.2687909959e-02
2.5191024739e-02
2.0033111947e-02
-3.1822450284e-04
-1.8971741040e-02
3.6340390590e-05
5.2224452082e-02
2.7089356203e-03
-1.5423607081e-02
-1.1171435531e-02
-6.2723994365e-03
2.6445570847e-02
-2.1920206144e-02
3.0571872371e-02
-3.1730214323e-03
4.8901529651e-03
4.9298333180e-03
-1.8808952914e-02
9.5138235124e-03
-1.4248371857e-02
-1.1262349375e-02
-9.4243879278e-04
-7.9581130159e-03
-7.5367868067e-03
-1.2231372998e-02
2.1742445983e-02
9.1580035468e-03
-2.5293163457e-02
9.9323318005e-03
1.6805182580e-02
-7.7390980663e-03
1.8789993570e-02
4.3515083934e-04
-5.2805918241e-03
-1.5895616518e-02
3.3117054826e-02
3.2296371979e-02
-1.3305940024e-02
1.1567801676e-02
7.9761073296e-03
5.0917659303e-03
-8.7965210888e-03
-7.9564163944e-03
1.3126234700e-02
6.4534647763e-03
-1.7298492587e-02
1.6670887941e-02
2.0186244006e-02
-1.8379074311e-02
-1.8284374620e-02
-7.7938924845e-03
1.4002771190e-02
-1.6564749204e-02
9.1596324199e-03
-1.1037420344e-02
1.1737476228e-02
-1.6660357067e-03
-1.1821784085e-02
-2.3608465376e-03
-1.9435905373e-02
2.1466823437e-03
6.9161663670e-03
1.0869797930e-02
-1.0710362467e-02
1.9754703910e-02
2.1344684095e-02
-1.3637284017e-02
-3.6333742281e-03
-2.0838048847e-02
2.3083049520e-02
-1.8796474911e-02
-1.0492848834e-03
-6.8528933166e-03
-7.0171312611e-03
1.0097703290e-01
-1.2310085100e-02
-1.3331875577e-02
-6.3867396081e-03
1.2326045899e-02
1.1854721935e-02
-1.3003107093e-02
-2.7741808771e-03
1.0004545501e-02
-1.0609840525e-02
-1.9498503540e-02
-4.9787425493e-03
-1.0260162399e-02
-1.9219955695e-02
-1.9350476119e-03
1.4863345317e-02
-1.8374276437e-02
-5.0109895672e-03
-6.9091305187e-03
1.1046135755e-02
-1.9536425883e-02
-7.5371679583e-03
3.5300342005e-02
-1.2695075405e-02
6.6979187612e-03
-2.0727631666e-02
-8.6273104100e-03
-1.1880264133e-03
1.6416644524e-02
-5.3527024013e-03
-1.3770994235e-02
-6.0648143542e-03
2.7740277215e-02
2.7391451819e-03
-1.3977319954e-03
-1.2799382675e-02
3.4796530233e-03
9.8230595931e-03
-1.7422846730e-02
1.3413423106e-02
1.9569538961e-02
-1.2971813769e-02
-1.2757015029e-02
-3.1474395512e-03
-3.3372214154e-04
-1.7109907560e-02
-3.1536938369e-04
-3.3280666308e-03
-1.6000107591e-02
1.7446739230e-02
-8.7326565062e-03
1.7649671162e-02
5.2922243674e-02
-8.2805003170e-03
-1.7761760983e-02
2.2315868103e-02
-1.2452046421e-02
1.0319165109e-03
-1.2449250469e-02
5.8802028354e-03
1.3471608835e-02
-2.2063044653e-02
-1.8331753595e-02
1.8753610805e-02
-9.9937571380e-03
-6.3984686633e-03
1.7687411282e-02
1.4042364151e-02
9.1456921146e-03
2.7456310368e-03
-1.7177952815e-02
-2.8886650001e-02
-2.5367231170e-02
1.9210466957e-02
-1.7436414131e-02
-1.9220998963e-03
1.2374669070e-03
3.0588877654e-02
-6.5202440237e-03
-2.5764125482e-02
-1.0469398854e-02
-1.9873308834e-02
-7.7482976933e-03
8.3958516880e-03
-1.1453686634e-03
5.4416564594e-03
-3.1332775433e-04
2.5748713021e-02
6.4966451768e-03
2.6209738436e-03
3.4560991433e-03
-7.0270109667e-03
6.7681057120e-03
2.9480946292e-02
-4.4588432911e-03
-1.1961117985e-03
7.5164549921e-04
6.7682959176e-03
-1.3701871522e-02
-1.2335555236e-03
-2.0738316318e-02
3.2434863828e-02
-1.4167895759e-02
-1.0056471624e-02
-1.1571302138e-02
1.3216171101e-02
-6.9583375700e-05
-1.7783339651e-02
1.2971350583e-03
1.0387788082e-02
5.9885656319e-03
8.2587206313e-03
-8.3223620879e-03
-2.5471695293e-03
-3.5713628667e-03
1.0447390403e-02
-1.0357884956e-02
3.8694929134e-04
-2.8066949444e-03
-8.4448382488e-03
2.1783859064e-03
1.2004457393e-02
8.4675611481e-03
-7.6904284796e-03
-2.3126297455e-02
-4.9153620394e-03
1.3716198073e-02
-1.0338415337e-02
2.8359149231e-03
1.2370286082e-02
-7.6395395350e-03
6.4744710432e-03
2.4612386217e-03
-9.7571403829e-03
-2.1376302079e-02
1.1982874187e-02
1.5463145030e-02
3.4347358129e-03
-1.1117651310e-02
3.9085712454e-03
-9.6520032737e-03
3.6277013504e-03
-1.3565816127e-02
-1.2179672294e-02
1.3458750551e-02
-1.5832785434e-02
-1.6348159979e-02
1.0794061515e-02
6.2854989155e-03
9.1396391999e-04
5.8095136780e-02
-1.0891464126e-02
-7.5987289462e-03
1.8417006459e-02
5.8746848368e-05
6.5927418156e-03
-2.5191849489e-03
-8.8602221809e-03
-1.7469828960e-02
-2.8411995807e-03
7.4463202297e-03
2.3649732862e-02
-2.0171593756e-02
7.6224697128e-03
1.3290646827e-02
-4.2876351265e-03
-1.7736359606e-02
1.3690394119e-02
-3.5281820790e-03
-2.1510543164e-02
-8.3231729430e-03
2.1370883523e-02
1.3595371383e-02
2.0151127800e-02
1.6376646518e-02
-8.4760951866e-03
-1.5675678899e-02
-1.0822195229e-02
1.3324206048e-02
1.5126391039e-02
-7.3040825464e-03
2.5624512680e-03
4.3565698281e-03
-1.1958126034e-02
-4.2523136042e-03
2.4202470814e-02
-2.0379772582e-03
4.9326255907e-03
8.6653031641e-03
-1.7667548810e-02
-1.3155724227e-02
1.0044070745e-02
8.4952481104e-03
4.2842392226e-03
-1.6132356430e-03
6.3336688384e-03
1.8275992494e-02
7.6201868905e-03
7.8045479588e-03
-2.0400030811e-02
-1.2884380221e-03
1.3586157230e-02
8.5219923586e-04
-5.5867859544e-03
-3.5968051850e-03
5.0536313654e-03
1.8475112539e-02
5.8419489924e-02
-7.2120570536e-03
2.7046629867e-02
-1.7704020969e-02
-7.4116316131e-03
-9.7901867440e-03
-4.7831226720e-03
3.2135286593e-02
1.9641740533e-03
-1.7496858177e-02
1.8316151144e-02
-6.3429527437e-03
5.6966224085e-02
1.6052788062e-02
2.5070886786e-02
-1.1956082986e-02
-1.8910691857e-02
-1.1744814003e-02
-9.3028505244e-03
-7.4028438147e-04
1.7917475479e-02
-2.2759661815e-02
-5.0622413017e-03
-7.0651950990e-03
-3.7577989270e-03
3.9868681801e-03
-2.3712897851e-03
3.0611852745e-02
2.6633941314e-02
-1.1569615128e-02
-6.8192320067e-03
-1.0090609622e-02
-1.5717116660e-02
-1.7566162028e-02
-1.4332749166e-03
5.8327157384e-03
1.9377006528e-02
-3.1407796157e-02
-9.8052936165e-03
-1.1795337482e-02
4.0312793363e-03
1.8761633514e-02
-1.3383277955e-02
8.5164660254e-03
7.2366956497e-05
-1.2210165771e-02
-1.7697658396e-02
1.1001861956e-02
-1.9909986327e-02
-8.9817564538e-03
5.2617669811e-03
3.9277561613e-03
1.3433768691e-02
1.9164564148e-02
-1.1655605241e-02
-5.7563587514e-03
8.3076806700e-03
-4.9477773945e-03
7.7650705309e-03
-1.9870256642e-03
-2.5483652985e-02
-2.3812310550e-03
2.9591229608e-02
-3.5470812922e-03
2.4473879061e-03
1.5050033311e-02
-5.1715483634e-03
9.0860965321e-03
-5.1458986144e-03
-1.4875398267e-02
-2.5658974893e-02
-2.1139058346e-02
-1.5299908762e-02
-1.2456049603e-02
-3.2195514716e-03
1.0302712116e-03
-3.9215243936e-03
-3.4570754030e-03
-1.1804040485e-02
1.6471909737e-02
-1.1235039210e-02
4.0508077895e-02
3.2073341541e-02
-2.3744051839e-02
4.5224560885e-02
1.2855888411e-03
3.8247229747e-02
-1.2846969261e-03
-1.1561669285e-02
2.3743586874e-02
-1.3121230141e-02
-5.5519389836e-03
2.8790999259e-03
2.4379202627e-02
-2.5389903179e-03
7.2628638758e-04
3.2636318043e-03
1.7602599643e-02
1.8555821597e-02
-1.4981585692e-02
-9.2442472827e-03
1.0239699991e-02
3.0943264604e-02
-9.2868114884e-03
-1.3617585785e-02
-2.2295928685e-02
-4.9860613357e-03
-7.4435648925e-04
3.2367740219e-03
4.6868220751e-03
-8.7934970597e-03
-1.1830353713e-02
7.7736730301e-02
6.8009381502e-03
-1.3724323916e-02
-2.0045950574e-03
-2.2592269333e-02
3.2335368245e-02
1.0349120482e-02
-2.0937077329e-02
4.0691517391e-02
2.5120054256e-02
-8.7127629521e-04
-7.7406766114e-03
1.6537060166e-03
1.7841164714e-02
-2.2385320348e-02
-1.0346460145e-02
-1.9412375269e-02
-1.1910588383e-02
1.7633251090e-03
-1.0626121795e-02
-1.2215950157e-02
-1.7887295679e-02
1.2701628746e-02
-2.3528009796e-03
-5.6230784672e-03
-5.2060298531e-03
-7.4534946112e-03
1.7495563753e-02
4.9026364685e-03
-1.4000412669e-02
-5.0109132529e-03
-1.9823500368e-02
-3.1401600432e-03
-1.5552599752e-02
-5.6737315905e-03
2.0379595580e-02
-9.5584452287e-04
1.0035681829e-02
3.8678006758e-02
-1.3233589267e-02
1.3192345386e-02
-4.5345037407e-03
1.1872855114e-02
-2.4108569917e-03
-1.1759026290e-02
1.1308182108e-03
4.1239937300e-03
-1.6460588306e-02
3.8082938721e-03
-9.2270337260e-03
7.2787675913e-03
-4.0844986814e-03
9.7670126363e-03
-7.1706169792e-03
-1.1380010267e-02
6.7965743825e-02
-1.9200683175e-02
-9.8743733940e-03
-5.2976537600e-03
-6.2736540490e-03
-2.2541201456e-03
7.1106776957e-04
7.9905927199e-03
3.1091685895e-03
7.5677705834e-04
-1.9291795417e-03
-6.3929150183e-03
-5.0642194049e-03
-2.2094082276e-02
-3.8043752814e-03
-1.8207871379e-02
-5.3057687828e-03
4.3763464375e-03
5.9296148672e-02
4.6253541245e-02
1.5280237481e-02
-1.2924250074e-02
-1.0530464182e-02
1.8069571811e-02
2.4925399568e-02
-7.6698379115e-03
-2.2396991097e-02
2.1221770336e-02
-1.0448336306e-02
2.2991702419e-02
-2.0789557594e-02
2.1057477589e-02
-2.1980032417e-02
-3.5980825124e-03
-7.7554097236e-03
2.0469388306e-03
2.3986317528e-02
-9.2784477372e-03
-2.4970479590e-02
7.9277574413e-04
3.5453486489e-02
7.6720794554e-03
-2.3028913941e-02
3.6097050950e-02
1.5751014467e-02
2.1628020377e-02
4.5244959679e-03
-1.4928548437e-02
-1.1134707677e-02
-1.5399957783e-02
1.0729036312e-02
4.4882017385e-04
-7.6796338215e-03
-1.9367436246e-02
-2.0528420727e-02
1.3332983349e-02
3.6154434263e-02
1.9537487629e-02
-1.7975935550e-03
-2.0905740331e-02
-7.7962337271e-03
1.2376219343e-02
-1.9848979121e-02
6.8826023912e-03
3.4665540054e-02
2.7812940613e-02
6.3443031725e-03
-1.5246142687e-02
1.5918914886e-02
-1.2531634851e-02
-1.3681833413e-02
-4.5101458361e-03
-1.3244124873e-02
1.2787563153e-02
-2.0416268907e-03
-7.4561512407e-03
5.7699772942e-03
-1.2225851125e-02
2.4717902690e-02
1.3247857342e-05
-9.9983617794e-03
-5.0455078006e-03
-1.5395150661e-02
-1.0516999177e-02
-1.4040855752e-02
9.1329522479e-03
-1.5052725768e-02
1.2698214661e-02
-7.6754556208e-03
-3.7205234828e-03
-1.4126323016e-02
2.6663911470e-02
1.8276415393e-02
4.0092473144e-03
5.2738118210e-03
-2.3012728115e-02
1.1677360814e-02
2.3020537419e-03
1.9203973265e-02
-6.8426949288e-03
-5.8272622961e-03
4.9653378728e-03
-6.2399082798e-03
4.4747730494e-03
-2.1083588106e-02
-1.2217820116e-02
2.7511665425e-02
2.4227850937e-02
-1.1585834226e-02
-2.0981354632e-02
5.6026414803e-03
4.4599827117e-03
6.0372699500e-03
2.1471976739e-02
1.5696850258e-02
-1.4312408153e-02
-2.4358767540e-02
-1.6061397762e-03
-1.0136933203e-02
-3.3549340937e-03
-1.2346004549e-03
-9.4594470146e-03
-2.7687504447e-03
-3.2981843881e-03
1.9749923582e-02
-5.8704436801e-03
1.1585226157e-02
5.0195658226e-03
1.1394175616e-03
-9.5237810191e-03
-1.9118510706e-02
1.3238239219e-02
-9.6004252702e-03
-5.2656843049e-03
-2.1010012898e-02
1.2694636211e-02
-1.8037485628e-02
2.1186896289e-03
-1.1591082438e-02
-7.4249980900e-03
9.0589151063e-04
3.3520398644e-03
-1.0182399109e-02
-5.4523853070e-03
8.4176715772e-03
-1.9924069852e-02
-1.6689056210e-02
-8.1021454172e-03
5.1613930672e-02
1.2012048741e-02
-1.4008865554e-04
3.2563499803e-02
1.4098091967e-02
-4.8695076548e-03
-2.9282815850e-03
3.1463587362e-02
-3.2094014433e-04
2.7284796666e-02
4.0350848351e-03
-1.9553202689e-02
1.0954760788e-02
-6.5079232396e-03
-6.5176266189e-03
8.6974370931e-03
-2.1540036038e-02
-1.4699850866e-02
-8.1277124769e-03
3.3055347551e-03
-1.7401895711e-02
-9.5349913070e-03
4.4072946711e-03
-6.9148114293e-03
-2.7413490831e-03
5.3660531667e-03
5.8208476265e-03
2.3615042736e-03
-1.7107208101e-02
-1.5363584233e-03
-5.1830733954e-03
5.1072062176e-03
1.2995096662e-02
3.1671689309e-03
-2.6071181765e-03
1.4665287693e-04
-4.2179838511e-03
-1.9126799559e-02
-9.0346989940e-03
3.7173406730e-02
5.3486869388e-02
-1.2882755252e-02
2.3206587497e-03
5.4315574216e-03
2.5173360556e-02
-2.5673729481e-03
3.7358702614e-03
-1.0304579763e-02
2.1199659754e-02
-1.5025445227e-02
-9.0995845207e-03
5.3285082691e-03
2.6781168411e-03
-6.4384760305e-03
3.1201024774e-02
-2.7880690901e-02
-8.3226085458e-03
-4.2072671886e-03
1.1554489153e-02
9.5618338346e-04
1.2665974778e-02
-1.9657236200e-03
-1.7951526307e-02
6.0099560340e-03
-1.4580389712e-02
-1.8977589025e-03
-2.7042294693e-02
-2.3484265578e-02
-1.1738361713e-02
-1.1126351379e-02
-1.1253292650e-02
8.0566909088e-03
1.5321773803e-03
-6.1290747955e-03
-1.1517920470e-02
9.7458420064e-03
-2.2209724597e-02
4.1932403713e-03
5.1668060550e-04
1.8613767566e-02
-1.4887765263e-02
-1.0215272811e-02
-1.3176450083e-02
2.4553448279e-02
-2.6904551042e-02
3.8516635160e-02
-1.6698888767e-02
1.7455241975e-02
3.0667800267e-04
6.3005133755e-03
-3.6064087303e-03
-7.6111411594e-03
-1.6941885429e-02
-1.6243406828e-02
-6.2952638002e-03
1.4630009359e-02
3.6561434165e-02
3.5293315068e-02
5.8168922475e-03
-4.6982835065e-03
-1.4516532541e-02
1.5816879967e-02
1.8959068689e-02
-1.1348389514e-02
5.0153507087e-03
-1.2635653675e-02
2.4115316177e-03
-8.7486758152e-03
2.8597671620e-02
1.7859880445e-03
-3.0939743712e-03
-1.0872439454e-02
1.4547943746e-02
1.3974043753e-02
9.6922240656e-03
-1.5591487962e-02
-4.9749677200e-04
-2.2434022868e-02
2.8253862169e-02
-3.7782579022e-03
-4.8966490267e-03
-7.9126554971e-03
-9.6934788883e-03
-1.1141497796e-02
3.3128735360e-02
-3.4382874104e-03
2.3519671938e-03
-1.6395750454e-02
-6.3064459091e-03
-2.1052659135e-02
-1.6338460228e-02
-2.3570273742e-03
-1.6357807570e-02
1.3794780929e-02
1.1048957790e-03
1.7755621124e-02
-1.2848326351e-02
-1.7367418764e-02
-4.2936018515e-03
7.6994534392e-03
-5.0242037277e-03
-1.4158313524e-02
-1.8424735634e-02
-9.9020062735e-03
-1.5704416536e-02
-6.0676056740e-04
5.4262310894e-03
-4.0621971342e-03
-1.5334630320e-02
-1.0396317986e-02
1.2000318423e-02
-1.5219499598e-03
5.3127248523e-02
-1.1235337118e-02
2.9311490408e-02
4.5430873120e-03
2.7584157782e-03
4.6197651994e-03
3.2633389523e-02
-5.6540041833e-03
-2.9662587656e-03
-7.8129643962e-03
2.5028974010e-02
-6.1325347322e-03
-7.5939139818e-03
-5.1108177817e-03
-3.1216546280e-03
-1.2814654083e-02
-3.9166807428e-03
-2.1596942857e-02
-8.5201088092e-03
-4.6539518317e-03
1.4159262788e-02
1.6745802368e-02
8.0288475697e-03
-1.0394642383e-02
-5.6634562094e-03
3.1168913490e-02
-2.1351989969e-02
-5.9738387803e-03
1.3501519287e-02
-9.9926075185e-03
-2.6603825017e-03
-4.3841721878e-03
-1.5393883244e-02
1.4134924547e-02
9.2768986068e-03
1.4663779319e-02
8.1546116954e-03
-2.3201634461e-03
-1.2629348119e-02
-9.5713548186e-03
6.8056681481e-03
-1.9831363393e-03
-1.3278156618e-02
-1.1814868914e-02
-1.0519479011e-02
7.8979463105e-03
-1.7642718041e-02
3.6312116145e-02
-2.5949242821e-02
-8.9329953750e-03
4.8719107634e-02
-1.7854962470e-02
3.7006961175e-02
2.4195662466e-02
-2.1440359927e-02
2.9949673913e-02
1.5255308463e-02
-2.7120958581e-02
-2.3668335894e-03
-2.9440812529e-03
-6.9073275442e-03
-1.3205349065e-02
1.2955205275e-02
3.5989200376e-02
-5.6474703912e-03
-4.8305019938e-03
1.4829143908e-02
-1.3818687830e-02
1.4413351821e-02
-6.5315264536e-04
-1.9771653167e-03
2.9331818480e-03
3.3286845765e-03
2.3231072476e-02
-2.1376095568e-02
-1.9190120999e-02
-3.7341610021e-04
5.2705255441e-03
2.3093286856e-02
-5.2311434653e-03
5.1177468500e-03
-8.1270011772e-03
6.5513062005e-03
4.9706046782e-02
-1.8580412688e-02
1.3586958155e-02
-4.7412474122e-03
-3.2532039253e-03
-1.2059190845e-02
-1.5377165352e-02
2.3107990682e-02
7.6057101347e-03
3.1255013807e-03
1.5871771649e-02
-2.4007571182e-03
-1.7776353052e-02
-4.7504390408e-03
3.6395552330e-02
-5.2347057029e-04
-1.3952635162e-02
-2.1086105241e-02
1.0312247752e-02
-1.1373565601e-02
-6.2308512399e-03
1.0357549655e-03
-1.2510318465e-02
-8.9077870149e-03
2.6552099597e-02
-2.1827312144e-02
-5.0003939462e-03
-1.3169204818e-02
5.4402894610e-03
-1.9989726922e-03
-7.1179265195e-04
1.5194811328e-02
-1.6932203031e-02
4.0830639949e-03
-1.3571089448e-02
-2.1419908033e-02
-1.9614481785e-02
-2.3938932429e-02
6.5558181954e-03
-2.1356114721e-02
-1.7493133791e-02
-7.1608285883e-03
2.0164482911e-02
3.6759685209e-04
-2.4802183906e-02
-1.4043938178e-02
-6.0484882229e-03
-1.4562313497e-04
4.8582196909e-02
-3.9479453270e-03
2.5906779960e-02
4.4944366186e-03
1.3502903240e-02
1.3157638634e-02
-2.8700499527e-03
-1.3942080938e-02
8.7363837282e-05
-1.2443103510e-02
2.5050058571e-02
-8.8333662500e-03
1.7214748959e-02
4.4900963624e-02
5.7902992817e-03
-1.1001462404e-03
-9.3798532877e-03
-1.8837307282e-02
-2.0938440950e-02
-9.8464795969e-04
3.2704436408e-03
-8.8458997954e-03
4.1858329140e-04
-2.1095990518e-02
-2.0502566170e-02
-2.1670485127e-03
-9.3961246438e-03
-1.0021940855e-02
-2.3136525733e-02
-8.3037090286e-03
-7.4309907880e-03
-2.2541923076e-02
-5.1414395691e-03
5.8717309732e-03
1.3514940266e-02
-1.7238165525e-02
1.3413966983e-02
-1.6722631275e-02
-1.5298856343e-02
2.5573325348e-03
-1.0141608661e-02
4.5545920799e-02
1.3401554670e-02
9.7984585081e-03
-8.3989755989e-03
1.3925348533e-02
6.5450330924e-03
-1.5547649811e-02
1.3735665264e-02
-2.2317762412e-02
-1.1777434671e-02
-1.7611105109e-02
1.4111784405e-02
-1.9744235612e-02
-1.8225062569e-02
-1.8223436710e-02
-1.8641191866e-02
-1.6143252416e-02
1.9287869233e-02
-9.9446081543e-03
5.0801041080e-02
-1.4194623195e-02
-1.8446047610e-02
-9.8831773992e-03
-1.4348936251e-02
1.8598384790e-02
8.2618774401e-03
1.8112771841e-02
5.9452549417e-02
3.8772661510e-02
-5.8815088786e-04
-5.9474564388e-03
-8.2546634604e-03
7.8327589646e-03
3.3938040754e-03
9.1686191304e-03
-3.8620180443e-03
2.2266200775e-07
7.9706295512e-03
3.1199557882e-02
-7.6833854811e-03
8.7286204193e-03
-1.9761997942e-02
-2.3197607690e-02
2.6916707680e-02
1.3911568830e-02
-5.5045863365e-03
2.1444104121e-02
-1.0968103463e-02
-1.7203274541e-02
-1.5883146962e-02
-1.3478222603e-02
1.8725227116e-03
3.7006852474e-02
-2.2075156271e-02
-2.0720027491e-02
4.8619910063e-02
-5.6089748371e-03
-1.8427863750e-02
-1.5800977085e-02
-2.7390738119e-02
7.6329036802e-03
1.8776283170e-02
-1.3587409613e-02
-2.2039636792e-02
7.0154029106e-02
3.5306286786e-02
-2.0232105599e-02
1.9591588115e-03
-1.0005224337e-02
-1.2977343802e-02
2.5012266859e-02
-2.9654467030e-03
-3.8450371027e-03
-9.7175421960e-04
-1.4368687201e-02
-1.6028907824e-02
6.3300591705e-03
-1.6132908931e-02
5.2466370983e-03
5.3930015617e-04
-4.2495286876e-03
-1.0987527717e-02
-1.2182958306e-02
-2.6398941068e-02
-5.6318828549e-03
-9.4152109279e-03
-1.5476118748e-02
9.9396475269e-03
3.0183401343e-02
2.7764744566e-02
-8.1791883075e-03
-6.6938064409e-03
-2.8101274660e-03
1.5278851961e-02
-7.3475589945e-03
2.6059707956e-02
-8.3483804096e-03
-2.5031606726e-02
3.2127278785e-03
-1.0436733244e-02
8.3582933927e-03
4.0324774071e-02
-1.8437629783e-02
-9.5632059689e-03
2.8652006648e-02
-1.7127839259e-02
-1.7876482826e-02
9.6229631950e-03
1.7232797778e-02
-1.2461263951e-02
-2.1761064809e-03
-1.9264767658e-02
2.3017003483e-03
-1.2703697015e-02
-1.7761577570e-02
2.5890444594e-02
-1.5085895121e-02
-1.0234684413e-02
-5.0069745793e-03
-1.2396312302e-02
2.0203796880e-03
1.3472878745e-02
-1.0949080213e-02
-4.7154513009e-03
4.3092684271e-03
2.2897504053e-02
-1.4182109757e-02
1.7060810356e-02
5.5987160330e-03
-3.2743118942e-03
4.3268799580e-03
1.4033590359e-03
-6.8098622168e-03
-1.8272267419e-02
-1.2455066975e-02
1.3893213520e-02
-1.2598065869e-02
7.1363211558e-03
2.0156174772e-02
4.8949303367e-02
1.5208739460e-02
5.2982165724e-03
-1.8527314591e-02
4.8693855118e-02
-1.1050243649e-02
2.1404575364e-02
-1.3255595629e-02
-5.6709069529e-03
-4.5805531630e-03
1.3864510040e-02
8.5597034854e-03
1.2325962845e-03
-3.3656056405e-03
-1.3827149025e-02
1.4103761675e-02
-9.9739801659e-03
1.3407292908e-02
-1.7552750028e-02
-2.2784943659e-03
-7.9338189431e-03
-1.9921826769e-02
3.9525299027e-03
2.6845341065e-02
-1.1347817422e-02
1.6511321269e-02
7.7103811093e-03
-1.3642962101e-02
3.5952605429e-02
9.6261703164e-03
-1.0336972118e-02
-1.8885700134e-02
-1.4532533046e-02
-1.9826099947e-03
-1.0953409879e-02
2.0820064101e-03
2.2650697134e-02
-5.4138194147e-03
-6.8616338470e-04
4.9939421069e-03
-9.0414097476e-03
2.2367792355e-02
1.2170285946e-03
-1.5426880252e-03
7.5287682792e-02
-2.2724412911e-03
-2.1989820779e-03
-2.3650310322e-03
-1.9408592059e-02
-2.0783938536e-02
8.4381013139e-03
4.8834250081e-02
1.2254319915e-02
-1.4746106567e-02
-1.4343907638e-02
-6.6565437911e-03
5.9967395056e-03
-2.7215531013e-03
-4.1432918393e-03
1.1100047955e-02
2.3661579690e-04
3.9123199111e-02
-6.9717025181e-04
-1.1859023879e-02
-1.7610751895e-03
9.5886802031e-03
1.6368167320e-03
-2.2707969542e-02
-8.4950711931e-03
7.2888558044e-02
-1.8831831137e-02
1.0225896688e-02
1.9431778757e-02
3.5741493807e-02
-1.7941931539e-02
-2.2306636712e-02
-7.9756017136e-03
-8.9009345522e-03
-1.1595649800e-02
-1.1990546484e-02
-6.3953777340e-04
1.5578210017e-02
-1.4450492480e-02
-4.4832204117e-03
5.7222433482e-03
-1.0787148473e-02
-2.6399473290e-02
3.7115569885e-03
1.2467417259e-02
1.0824447303e-02
-2.1472631966e-02
-1.5878694929e-02
-1.5889090634e-02
-9.1228111378e-03
3.1915761816e-02
-8.2366228570e-03
3.5567733122e-03
-1.5386577149e-02
2.4938677507e-02
1.0125933156e-02
-1.9879881079e-02
-2.3633604905e-03
-1.2238940627e-02
-1.5722627802e-02
-7.9381034861e-03
4.2558738104e-02
-6.9077554638e-03
-2.2006679648e-02
5.6921220578e-02
-2.4438295637e-02
-1.7034465781e-02
-1.1408874596e-02
-1.4322695682e-02
2.2035819720e-03
7.1408424672e-03
-8.1918075316e-03
-1.3812001100e-02
-7.2809117715e-03
6.3626552635e-03
4.7907410569e-03
-4.5145914962e-03
-1.4676609701e-02
-1.4694013179e-02
-1.4198787157e-02
-9.5091183226e-03
-1.5579978095e-02
2.5017100199e-02
5.8751183112e-02
1.5990566607e-02
-6.1825736855e-03
-6.1833860189e-04
-6.4058350187e-03
6.2700511522e-03
1.6492128372e-02
-8.6675468726e-03
-4.5229994825e-03
-9.4411714966e-03
2.4685860865e-02
-2.1357437817e-02
-2.0630407658e-02
-1.5405632609e-02
1.1159966196e-02
-5.4777134666e-03
-9.9884845287e-03
-6.5844985517e-03
1.5544680310e-02
2.3685356831e-04
1.2087317690e-02
9.9672604394e-03
3.1251256779e-02
-1.3466538758e-02
3.6201332282e-03
-1.3128965191e-02
-1.9077598758e-02
-3.0133564355e-03
5.3557525543e-03
-4.4377128609e-03
-9.2633525436e-03
7.0849062319e-03
-4.9614212022e-03
8.7012717871e-03
4.3860075743e-04
9.0871325491e-03
9.8928480405e-03
-2.3576451026e-02
-6.5095321574e-03
1.4779645781e-02
-4.7240937408e-03
3.1276926978e-03
5.0422658984e-03
-1.1264114557e-02
3.4061684884e-03
-9.6576785274e-03
-9.2566963128e-03
-1.8921578893e-02
-2.7433536803e-02
1.8625429573e-02
1.0248373305e-02
-8.9965730306e-04
-6.4889768458e-03
2.3263224248e-02
-4.3937542896e-04
2.4229733013e-02
-8.5098471905e-03
8.3590365660e-03
1.4803535895e-02
-2.7996022690e-02
1.7967993386e-03
-8.7824229264e-04
-6.2155655978e-03
1.3021219351e-03
-1.0960169387e-02
6.9762668312e-03
5.2816824666e-03
1.6711356571e-03
8.2115321718e-03
-8.8054267422e-04
-8.7579114111e-03
-1.0901935275e-02
-2.0070180836e-03
4.9227804274e-03
-7.4203435132e-03
2.2850686405e-04
6.5538500194e-03
2.6697055203e-02
1.7916898563e-02
-3.5091066101e-03
-1.2689555076e-02
7.5877969044e-03
-1.6437553423e-02
-1.3693708567e-02
-1.7046060811e-02
7.1894546160e-04
1.3136682724e-02
-1.1572651536e-02
1.0965140770e-03
1.8839604600e-02
1.6202809306e-02
5.2673122753e-03
1.6745223523e-02
-1.2905006759e-02
7.7814857222e-03
2.4262254840e-02
-1.7314549142e-02
2.2694536705e-02
1.9249154603e-03
-2.2809284746e-02
-9.7670192326e-03
1.5582161264e-03
1.7966423624e-03
-2.7304252443e-03
-5.5357344195e-03
1.4213192006e-02
-1.4148328503e-02
1.2407931249e-02
1.1131495908e-02
-1.4613346600e-02
2.1944778582e-02
-1.3897160900e-02
3.7123323940e-02
-2.6395840452e-02
7.7611502444e-03
4.7842972996e-04
1.2141096896e-02
-1.1303030952e-02
-1.9489740547e-02
-1.0653834530e-02
-2.5431246202e-02
7.9873760850e-03
7.1873187122e-03
1.9738035225e-02
-1.2637441769e-02
-6.7337106059e-03
-1.3932838674e-02
-4.6784623014e-03
1.0967229490e-02
-3.4107387430e-03
-4.3287070359e-03
1.3859527820e-02
2.8351056126e-03
-2.0524607664e-03
-6.2161808517e-03
-2.0800782353e-02
-9.4236167645e-04
2.4470564573e-02
-1.6492007255e-02
-1.9862915623e-02
-9.1430254196e-03
-6.7238237350e-03
1.9628381984e-03
-1.1593694008e-02
-1.4866292946e-02
-2.5260339932e-02
-3.9120176797e-03
-1.4096971780e-02
2.8460282265e-02
2.1131925276e-02
1.3275584808e-02
1.5406310829e-02
-5.2250745708e-03
3.8810770268e-02
2.9670905390e-04
4.4207579009e-03
-2.3751751120e-02
5.6569064197e-03
1.4929973208e-02
7.7022092434e-03
1.4602678583e-02
7.0526840333e-03
2.2527152429e-03
-1.4491184710e-02
2.6958755197e-03
3.7862659110e-02
1.2196310296e-02
-1.1466710968e-02
-1.3080746666e-02
-2.2486729280e-04
-9.1080692646e-03
-6.9050810110e-04
8.3562086700e-04
3.0144753051e-02
-1.7870959165e-02
4.8025510978e-03
4.0819727985e-02
-3.5727540722e-03
-1.8529037460e-03
-3.9493978416e-03
5.4659981988e-03
8.0412601548e-03
-5.1695905864e-03
2.3927838920e-02
-8.2400769266e-03
2.2996459302e-04
-9.3516187294e-03
-1.5848917493e-02
2.0492136891e-02
-9.7625633552e-03
-2.0021981023e-02
-1.6119954903e-02
1.7084703006e-02
-5.8844232853e-03
-7.6638924418e-03
-1.4566387140e-02
1.2272734338e-02
-2.8661158160e-02
2.0225841361e-02
5.1797146930e-03
-8.4172083427e-03
-2.2451473631e-03
1.2523495304e-02
-1.2955497463e-02
-1.0841228607e-03
2.2592955084e-03
-1.1028620594e-02
-1.6512561615e-02
-1.4784235683e-03
2.0298685241e-02
4.5045261738e-03
1.3940914810e-03
-2.8494891260e-03
-9.0626387978e-03
-2.0148887503e-02
3.2497669208e-03
2.1604511399e-02
-8.2096710004e-03
-1.9196258964e-02
-1.4208386111e-03
-1.8849577761e-02
1.3592622484e-02
5.6862176048e-03
-7.7246183913e-03
1.9712429783e-03
7.4154209224e-04
-2.2489891510e-02
7.5602910909e-03
-1.7250261990e-03
2.7465574844e-02
1.2941502830e-02
7.3516693158e-02
2.4545267763e-03
-5.9473615812e-03
-1.1336996167e-02
6.0765006038e-03
4.6827783227e-03
-6.1735774187e-03
2.3549230583e-03
6.6353871171e-03
7.8481488685e-03
-2.3860627699e-02
-1.0118988572e-02
-1.3593872998e-02
-8.9573431804e-03
-1.2692654774e-02
1.9398995997e-03
-6.8001233038e-03
-4.6187804272e-04
-9.2729508463e-04
8.6502867062e-03
1.1549278132e-02
2.0111425817e-02
-9.9389793198e-03
-9.1148186416e-03
1.4219461657e-02
1.8403995502e-02
4.0981255790e-02
4.2775922718e-02
2.9863664358e-02
-7.1084309257e-03
-1.1327233904e-02
1.3262189796e-02
-1.7299349065e-02
-6.8503310787e-03
-1.5435948625e-02
-1.3181863239e-02
-1.9736705717e-02
2.9823627213e-02
-7.2981457119e-03
-1.5912623773e-02
-2.3426197711e-02
-6.1585747307e-03
2.5608959383e-02
-5.9671625903e-04
8.2534889841e-03
1.7485536956e-02
-3.0912583803e-03
-1.0127743522e-02
1.4879989110e-02
-1.3103469583e-02
2.2638722662e-02
-1.0552740296e-02
6.7744643214e-03
3.0794238926e-03
-8.7917160774e-03
1.1222717272e-02
6.5861936999e-02
-7.1055292631e-03
2.7614234250e-04
2.9767350694e-02
-3.4098272355e-03
-1.7761043389e-03
-2.0491113693e-03
-4.8115927307e-03
-1.8101306779e-02
1.6521371984e-02
-7.7696937426e-03
1.3524518722e-03
1.5435128861e-03
-1.4948677972e-02
-6.6046858958e-03
3.5241009157e-02
-2.2681188688e-02
-2.7476343974e-03
1.5192345876e-02
1.1103905600e-02
-4.6332877713e-03
5.9026829889e-03
1.4085153617e-04
-1.5359446868e-02
-1.4945594538e-02
6.1767665228e-03
-5.4998598341e-03
2.6589888903e-02
-1.5711222901e-02
-1.2689323027e-02
-5.5679824284e-03
2.0781198776e-02
-6.6944435061e-03
-7.7931769557e-03
-1.0602675014e-02
1.7965721902e-03
5.3443700277e-02
-3.0089822175e-03
-1.6880058291e-02
-8.7916697428e-03
1.5219319722e-03
-1.2486420789e-02
9.5820418901e-03
5.4293011250e-03
6.3693996584e-05
-1.5114459059e-02
4.1863245818e-02
-7.5007565312e-03
2.6358096593e-03
-7.8480150604e-03
1.9661474350e-03
3.1058736781e-02
-1.0757921257e-02
-2.4882441221e-03
-5.2248715988e-04
3.3982208970e-03
1.5489244730e-02
-1.4837004966e-02
-2.0575664464e-02
-6.7241588295e-03
2.0812321992e-02
3.2530881780e-02
2.5243011865e-03
9.5352022542e-03
-7.9908533101e-03
-9.2317316694e-03
9.0653070252e-03
-1.8416786233e-02
-1.0983669831e-03
-7.3292509490e-03
-1.7227761583e-02
7.2264791905e-03
-2.1334418393e-02
-4.8136630996e-03
-9.3877575652e-03
-5.0426486417e-03
-1.9276958964e-02
-2.1773739094e-03
6.1170663561e-03
1.1984803231e-02
-9.5353333718e-03
-1.1160417116e-02
2.2359718879e-02
-1.3153540935e-02
-3.9526344095e-03
-2.4628635480e-02
1.5784729219e-03
-8.8803635751e-03
2.8911389663e-03
-9.8515244363e-03
1.9293417529e-02
-3.0528839983e-03
-1.9202977969e-02
-1.2825311910e-02
1.1930004084e-02
-1.2118837508e-02
-3.2531964678e-03
-1.5780711239e-03
-3.5184540846e-03
1.0433331486e-02
-2.9095320567e-04
2.6559949795e-02
2.0242340239e-02
-3.5382600095e-03
-1.1008116553e-02
-7.9009194377e-03
-1.8286085246e-02
-2.1008587128e-02
2.2591847657e-02
-2.7292324027e-02
-1.1632707794e-02
2.9042719288e-02
4.7569023672e-03
-6.8620995549e-03
-7.6391059621e-03
-5.3744912443e-03
-5.9345128363e-03
-1.0510608276e-03
2.8699478501e-02
-9.0582914455e-03
-9.9179652684e-03
-6.6389714447e-03
-4.1319568122e-03
5.4222152325e-03
-4.3413871759e-03
-3.0695251183e-04
2.8872260340e-02
-8.1007991647e-03
-2.5721249753e-02
-2.6897997558e-03
-8.6044822804e-04
-1.8203401351e-03
-1.9794864854e-03
1.0994357317e-02
9.5360016273e-04
-2.0203943715e-02
-1.5077693027e-02
-1.5670086365e-02
-4.5419064228e-03
1.1463919147e-02
1.6133625966e-02
-4.6086030333e-03
-1.0611765458e-02
5.7214360333e-02
9.5414515978e-03
2.7520279442e-02
-6.0447743051e-03
1.4369395596e-02
-9.9177203987e-03
-7.8956454060e-05
-9.1443859311e-03
-6.3938097995e-03
3.6836181068e-02
-6.2453541182e-03
3.5190683312e-03
1.2893480629e-02
7.8923896474e-03
-2.5371842138e-03
-3.8672279939e-03
-1.7243025814e-02
-3.8884752352e-03
-9.9319338081e-03
2.5606113238e-04
1.8083313908e-02
-1.2874687405e-02
-1.4914046711e-02
-7.9232252003e-03
2.2512655634e-02
-2.1880403688e-02
1.4245377445e-02
2.3311459180e-03
3.4036559096e-02
3.6752533700e-03
-8.2208154652e-03
3.4058406827e-02
-1.1109717619e-02
-9.0398684637e-03
6.4067216462e-02
-4.7761091845e-03
-2.2424341168e-03
-2.7667499129e-02
-3.5006571414e-03
-1.8207340097e-03
-9.5422999663e-03
4.4841085360e-03
-1.2268372855e-03
-3.4811237158e-03
1.4618675804e-03
1.4720612094e-02
1.0100226827e-02
4.4490511724e-03
1.1498915004e-02
-1.3627302338e-02
4.9072075800e-03
1.5958445231e-02
1.6595873529e-03
-1.3786623263e-02
-1.8909857431e-02
-1.7081616822e-02
-1.5854583659e-02
4.0657615459e-03
-3.7069271105e-03
9.8054185334e-03
4.4069815510e-03
-1.0116706379e-02
9.3576038880e-03
-7.2335360274e-03
-5.2575751102e-03
9.5005913797e-03
7.5074814728e-03
3.1168389611e-02
5.0326247017e-03
9.5086902275e-04
-7.0590889948e-03
1.4345858996e-03
-4.9965316834e-03
1.5831800636e-02
1.8956130806e-02
5.9988451881e-03
-1.6269635789e-02
3.6631298933e-03
-2.2714494186e-03
-3.5372994577e-03
-2.2965587347e-02
-3.1416922858e-02
-1.0387547657e-03
-1.1415928569e-02
-3.2719707083e-03
-5.0667313935e-03
-4.0910306107e-03
3.3893276782e-02
9.1924691008e-03
-1.1971956637e-02
5.3390337818e-02
5.0095251945e-03
1.0965200863e-03
-2.0484033392e-03
1.8220575899e-03
-3.3246737653e-03
-1.8698472125e-02
-5.6217099295e-03
1.4856775593e-02
-1.4980650894e-02
2.5993189922e-02
-1.1075598154e-02
3.5985202373e-04
8.8242616008e-03
-2.4260043199e-02
-1.1028870298e-02
-7.0407242811e-03
-1.7070618569e-02
-7.8185660095e-03
-1.6694104811e-02
-1.0077548860e-02
-1.6599644241e-02
-2.0898803028e-02
3.6069998632e-03
-1.9750489442e-02
1.1186788387e-03
1.4188833226e-03
8.4515135111e-03
4.3423567879e-02
-8.0042893261e-03
-1.2096885484e-02
-7.9011100111e-03
-1.6619990423e-02
-2.2025540432e-02
1.5811827418e-05
6.7038273501e-03
2.3548012309e-02
-1.6768936909e-02
-6.8492148477e-03
8.3141773005e-02
2.5418313574e-02
6.2793983685e-04
2.5968717382e-02
-1.3010098856e-02
9.4565586893e-03
-1.0380616625e-02
-1.2966309283e-02
1.6698997039e-02
-2.0467420054e-02
5.4266632023e-03
3.3673147845e-03
-1.8616842721e-02
-6.9676039997e-03
-2.0012010753e-02
-2.7383034679e-04
-3.9344223717e-03
9.0418992976e-03
2.1839061301e-02
-9.7116317632e-03
-8.5221363036e-03
-1.4142358857e-02
-1.3080800116e-02
1.8695688596e-02
-3.4247494157e-03
-9.0197305188e-03
-1.7670995916e-02
1.8596186814e-02
-1.3479207779e-02
-9.7888663248e-03
8.6382558754e-03
-9.9439460253e-03
1.7051094792e-03
-6.5322700908e-03
-1.0299026604e-02
-2.0587335871e-02
1.4023419342e-02
-2.0524775961e-02
7.5921428930e-03
-1.7735781947e-02
-8.5966131333e-03
1.9454184080e-02
-1.8696361036e-02
1.1863876076e-02
-1.8435325473e-03
-1.8048445388e-02
9.1851460986e-04
5.6771962043e-03
-2.6744950194e-04
9.3301770109e-03
3.0635215694e-03
1.7690696256e-02
-6.3252945673e-03
-9.5728365791e-03
5.9190159956e-02
-2.6744777617e-04
-1.6856872703e-02
4.3912276265e-03
-7.3050068653e-04
-9.4008941655e-03
-2.2637592728e-02
3.1953063948e-02
6.3261248386e-03
9.8977023947e-03
7.9354213790e-03
-9.3036511617e-03
-1.1732675251e-02
-5.8174876601e-03
-1.1603322076e-02
1.1435387222e-03
-8.4559809614e-03
-7.4310824221e-03
-2.0627083990e-02
-1.4652634119e-02
-5.8247591608e-03
-2.3943547848e-02
5.7706898080e-03
2.4774199415e-02
-1.0534506320e-02
1.0074625698e-02
-1.2679105127e-02
1.2120009375e-03
-1.6106515113e-02
3.5705066560e-02
1.5155142002e-02
6.6246499152e-03
2.9527271842e-02
-4.7571939502e-03
-1.9864437264e-02
3.3242878223e-03
1.7545640597e-02
-2.2884133847e-02
-6.0143808459e-03
5.0210921564e-03
2.8591762577e-02
-4.3524468908e-03
-6.0902509335e-03
4.4581751836e-02
1.0772388272e-02
-2.9976657005e-05
-1.5157349798e-02
-7.8417253963e-03
-6.5569712988e-03
1.2422230817e-02
2.0767611345e-02
-1.3660855026e-02
-2.0669647690e-02
1.4359287273e-02
9.9643826723e-03
-1.2301055355e-03
1.4511091640e-03
-6.2181382532e-03
-8.5289964945e-03
6.2943036306e-02
-1.5284367969e-02
-6.3145940181e-03
-5.2899403633e-03
2.8200020028e-02
-2.1321093190e-02
1.8210625958e-02
-4.9575935375e-03
-8.0116907446e-03
-3.1792107255e-03
-1.1002068335e-03
1.2386645082e-02
8.4766214364e-03
2.8289191319e-03
1.8047004416e-03
-1.4608151689e-03
-1.5768262291e-02
-9.5481815574e-05
-1.6440495912e-02
-6.0607481413e-03
-9.1239966567e-03
5.4762196245e-03
2.7431834399e-02
-8.0287740917e-03
-7.8680135281e-03
-6.8740007537e-03
-2.2790250740e-02
3.2602000206e-03
1.0352113533e-02
-1.0761675287e-02
-2.2946893930e-02
4.5738948719e-02
-1.3757267869e-02
7.0898736390e-03
-1.4378422653e-02
-1.7435451634e-02
-1.8111666764e-02
-7.7046561994e-03
4.5747841850e-03
-9.4061589930e-03
-7.3999786690e-03
5.1892531993e-02
-8.7979495905e-03
-1.3360059030e-02
-3.6753785851e-03
3.1899633031e-02
-9.0501800631e-04
-1.9901299338e-02
1.8734747742e-03
4.4114337308e-03
-8.8407260256e-03
1.3721670817e-04
8.5097411723e-02
-8.7460958631e-03
2.6154700852e-03
-1.9396839051e-02
-5.1632958378e-04
1.1374066534e-02
1.1102386130e-03
1.0060012930e-01
-5.0576429115e-03
6.9673508587e-03
-2.2386439617e-02
-4.0475369405e-03
1.1535514192e-02
-8.2768321164e-03
7.2696500598e-03
1.4359586262e-02
4.0797653208e-04
-1.5297442489e-02
1.7361100233e-02
-9.7421776250e-03
-6.7498515853e-03
-6.3056141959e-03
2.9225209621e-02
-1.2477061771e-02
-2.4343675110e-03
-1.1559287048e-02
3.9664396261e-02
-1.1686401036e-02
-1.5182425399e-02
-1.7344400786e-02
-6.7683762779e-03
-7.3563833613e-03
5.9445300638e-02
-1.5306490104e-02
3.2077029846e-02
-2.0454010144e-02
-3.9158063752e-03
3.3580832266e-03
2.7333311210e-03
-1.3633940550e-02
-1.4171961477e-02
3.4564725849e-03
-1.9453751695e-02
-4.5614658391e-06
-1.0403964768e-03
-1.6331953336e-02
2.6053041080e-02
1.8404724620e-02
4.3799447474e-02
1.1232124413e-02
3.1250661711e-02
-1.6744991676e-02
-9.9656787810e-03
2.1355004626e-02
1.2135498753e-04
-1.9292199910e-02
2.0631177945e-02
-3.4650023243e-03
-4.5614781241e-03
2.8721269372e-02
-1.2028517306e-02
-1.8260570775e-04
-1.5204424225e-03
1.7085923726e-02
1.8140998744e-02
-1.7764446533e-02
1.1865816943e-02
3.9646648411e-03
1.0174129068e-02
-5.8073456244e-03
2.6077846896e-02
1.7428063097e-02
1.4953242001e-02
-1.4891718191e-02
-4.4035122842e-03
-3.2975073886e-03
-7.3987720150e-03
-1.5645297427e-02
-1.0294283033e-02
6.4195721713e-02
-3.1538582967e-03
-1.0918535312e-02
-1.2703905750e-02
-2.4987909271e-02
-1.1301255100e-02
2.1538608738e-02
7.0142993110e-03
7.2037398767e-03
-1.2480824158e-02
-1.7575374898e-02
-1.5271969923e-02
-1.2904203999e-02
-6.5973398767e-03
1.6351207986e-02
3.4845080929e-02
7.1007003557e-03
7.5742346802e-03
-1.5746439370e-02
-1.3780559708e-02
1.7801759378e-03
8.6618845802e-03
3.3848939773e-03
-1.8401960250e-02
-1.9276364262e-02
-1.8589711472e-02
-3.6636879744e-03
2.3226660689e-03
1.2132508502e-02
5.6335498409e-03
-7.1816247855e-03
-9.8163226164e-03
1.6343125586e-03
-1.8218201101e-02
8.1576859235e-03
-1.2685101866e-02
1.6625120517e-02
-6.5695358456e-03
1.6018027955e-02
7.9507916235e-03
-1.7876534572e-03
-2.4086264532e-03
-4.1570626908e-03
-1.9376867518e-02
-1.3080174747e-02
1.7032781388e-02
-1.1449678920e-02
-6.1094046883e-03
-1.0453073730e-02
7.6543429475e-02
-1.0363012322e-02
-1.1551792221e-02
2.7234107405e-03
2.2094023950e-02
-1.6537299326e-02
-3.5188521930e-04
4.6671786051e-03
8.0050720609e-03
1.2014703028e-02
-1.2477596032e-02
6.3033445002e-03
-6.7272732408e-04
-1.3023293766e-02
3.9036283105e-03
-1.9257957164e-02
-7.5486940401e-03
3.1636574916e-02
-1.3971297556e-02
3.8225398699e-03
-2.0162005566e-02
1.4229675845e-02
-2.3692332540e-02
-2.4096967869e-03
2.7724171443e-02
-1.4579982992e-02
1.6336961337e-02
-1.4894691680e-02
-1.3496151584e-02
-3.1482861365e-03
1.0274460447e-02
-1.2134160827e-02
-8.9699026855e-03
3.0652745222e-02
-7.0857936884e-04
2.2209353195e-02
1.5563409863e-02
-1.6913295790e-02
-1.1347829648e-02
-1.3904321329e-02
2.7742851006e-02
-1.5008312818e-02
-2.3058034774e-02
-2.5394271408e-03
-1.1516514167e-02
7.8959985468e-03
-1.7726699945e-02
6.6606950480e-03
-1.1386224535e-02
-1.1025445065e-03
7.9330970145e-03
-1.8261627852e-02
2.3422680713e-03
9.5558105555e-04
-1.8444676078e-02
8.4770135185e-03
-1.3945001680e-02
-6.4463738617e-03
-1.7987103345e-02
3.2878229674e-04
9.6919724832e-03
-1.4379076156e-02
1.7286984179e-03
-1.1094192615e-02
2.3843114125e-02
1.1127766008e-01
-2.7172711305e-02
-1.2347640818e-02
7.3814070057e-03
-2.9132420025e-03
9.5256476132e-03
2.6322409106e-03
-8.1444013940e-03
-2.6418689060e-03
-1.4912976272e-02
1.5232547203e-03
5.3580471622e-02
-8.3567426113e-03
1.0900760174e-02
8.3124426489e-04
-8.5409556432e-03
-1.8893579892e-02
1.7880909200e-02
1.3186237206e-02
3.2794244427e-03
8.9266275185e-03
2.2947524263e-02
-4.6678306257e-03
3.6297323160e-04
6.1387491036e-03
-7.5208623747e-03
-5.8936579407e-03
1.0097321458e-02
3.6889198144e-03
2.7842842627e-03
-6.3038228998e-03
-1.5310649692e-02
5.0670118791e-03
-7.6789886296e-03
-6.6825442908e-03
-1.0514526456e-02
1.2443608487e-03
-1.2541139220e-02
-1.5869806123e-03
3.2881393313e-02
-1.2947620740e-02
8.2598776931e-03
-1.3467058796e-02
3.2483476355e-03
-3.0174986220e-03
2.0142579556e-02
1.2569597601e-02
-1.7262466976e-02
-2.5743172877e-03
-1.6354080240e-02
-9.7228035530e-03
1.0037981562e-03
-9.8808930230e-03
-1.8198280498e-02
1.1525066151e-02
1.1609093229e-02
1.0720628391e-02
-8.7699019622e-03
1.4560160235e-02
-1.8710659832e-02
-5.4957933042e-04
6.1589226761e-03
-3.5385658222e-03
-6.1242459109e-03
-1.0583810760e-02
7.6067795114e-03
2.1722506103e-02
2.7737422820e-02
2.3287858434e-02
2.2294289752e-02
-1.7059107576e-02
8.1885828797e-03
-1.3451625465e-03
-9.9558613324e-03
3.4182115242e-03
-1.6793080581e-02
1.2572267800e-02
-6.0213310973e-03
-1.0390149342e-03
1.5928845544e-02
3.0622629019e-02
1.6955209541e-02
-1.0825180693e-02
8.0291851299e-03
2.8930723929e-02
4.5049696514e-02
2.5017395871e-03
1.3260726626e-02
-1.1967291631e-02
-1.9617231753e-02
8.0093068810e-03
-1.7241541876e-03
-1.7481245538e-02
4.4840168765e-03
-7.0668638098e-03
-8.3566856780e-03
-2.4080770677e-02
-1.3959689890e-02
1.6448234821e-02
4.0853230066e-03
-1.0760270186e-02
3.2203476112e-02
-1.5626428460e-04
2.2982017608e-02
-2.8627899550e-04
3.1924975356e-03
1.4307279226e-02
5.0149548098e-04
6.9196461495e-03
1.8397424261e-02
-1.4153484395e-02
-1.5649237366e-03
-6.4255937686e-03
1.1412627949e-02
9.8697648750e-03
8.6143265201e-03
-2.1193370365e-02
1.7753307173e-02
-9.0879187755e-03
-1.9790951458e-02
-1.3681357773e-02
1.1388748116e-02
1.7837927571e-02
1.2080675746e-02
-1.4217183523e-02
-2.2837271621e-02
2.8486493233e-02
1.5123808414e-02
-4.3289563359e-03
4.8392142873e-03
1.2107891091e-02
-1.4811800337e-02
-8.1071745920e-03
-2.0217410408e-02
-6.9632296285e-03
1.1424855216e-02
-2.3694308292e-02
-7.3350711352e-03
-7.3181329965e-03
7.9670500999e-03
1.7455706778e-02
-2.7809481186e-03
5.8443246500e-03
-9.4947907342e-03
-1.7467490382e-03
-2.0522172497e-02
-5.8356848558e-03
1.1814955887e-02
1.7399286023e-02
-1.7809534339e-03
-1.0915369511e-02
-1.8756411898e-03
1.0521559107e-02
-4.0678959627e-03
6.9720027865e-03
1.5046991034e-02
-1.5115463727e-02
4.3311408693e-02
-1.3391164845e-02
2.1507684252e-02
1.3006071994e-03
-7.1465795370e-03
-1.2591884320e-02
2.7318119713e-03
-1.2592814133e-02
-2.2076021132e-02
1.8625022490e-02
-9.2437429615e-03
4.5656147228e-02
-6.2920026515e-03
-9.6415142716e-03
2.5105808374e-02
-9.1732707331e-03
2.1766026101e-02
1.2979645182e-03
3.0407666185e-02
-2.0326870771e-02
-1.1523592692e-02
4.1234979633e-02
1.7645457224e-02
-9.9939368837e-03
2.9614927641e-02
5.0227136076e-03
-1.1417468072e-02
1.7772964876e-02
-1.4841922439e-02
-8.6794147208e-03
-3.2769531053e-03
5.5236927268e-03
3.5575159880e-03
1.4369261505e-02
5.3814032336e-03
-1.8175784581e-02
3.4559573052e-03
9.6636464930e-03
7.0696383799e-03
-2.0782339920e-02
-5.2976393879e-03
-1.5599835938e-02
3.2337655157e-02
-7.0627901058e-03
-1.5953485458e-03
4.2394221253e-02
8.4356151666e-03
-2.3350135171e-02
-1.9616524561e-02
6.0788247225e-03
-1.1323832885e-02
1.9418393113e-02
6.0702525014e-03
-1.9517213071e-02
5.9022570841e-03
-2.3643734107e-03
2.2636575724e-02
-1.0913763356e-02
1.3418454513e-02
-1.9492690438e-02
6.6813867107e-03
1.9910512556e-02
1.3438550969e-02
9.2900288875e-04
2.1155900636e-02
1.4905441717e-02
-9.5879073080e-03
-1.3544498725e-02
-1.9900625398e-03
-2.0073160186e-03
4.0158789886e-03
-1.4165301626e-02
-1.2718327109e-02
-9.2151548971e-04
-2.0987458671e-03
-6.4346117230e-03
2.0147778914e-04
3.5790805880e-02
-1.0794355697e-02
-1.1435053414e-02
-7.6448044584e-03
-7.9785190680e-03
-3.7020054163e-03
3.1028023106e-03
-7.0334560286e-03
-1.9702281483e-02
8.0817148422e-03
-2.0288320230e-02
-1.2555631791e-02
4.3507672148e-03
-4.1628698778e-03
-3.0745274574e-03
-1.5799968936e-02
4.0270031139e-02
3.9441570246e-03
-1.5857009478e-02
-1.2282293900e-02
5.8746748582e-03
-1.4230878966e-02
-8.9396297447e-04
-5.0298183909e-03
-2.6438374331e-03
9.4703155949e-03
1.0080981601e-02
-9.6168197498e-03
-3.1869944704e-04
2.8468776746e-03
-3.4421726982e-03
1.0852349877e-02
9.0311119243e-03
2.2112883247e-04
6.1923580347e-03
1.2326562786e-03
-3.3287579459e-03
2.8568542063e-03
-1.0562021531e-02
1.8773354717e-02
3.3869500052e-04
-1.2451458552e-02
1.3682387076e-02
-3.3169079083e-03
-1.0328774959e-02
9.1989826128e-03
1.2484733600e-03
-8.9196289854e-03
-1.8882334584e-02
5.4295698374e-03
-1.6397465369e-02
-2.7697670195e-04
-1.4573844798e-02
-1.0361243733e-02
-3.6406214847e-03
-2.3498031348e-02
-1.3390621947e-02
2.8304011600e-02
1.9581696322e-02
6.0696610489e-03
-1.0228082858e-02
-8.3683093768e-03
-2.0071703026e-02
2.8432612838e-02
-8.9198849212e-04
1.6025136057e-02
6.5732321574e-03
-7.5584556705e-03
-3.8419562042e-03
1.5647592821e-02
-8.4476730439e-03
1.3564739091e-02
-8.7210434573e-03
-3.5416627495e-03
-3.4948279927e-03
1.3860847697e-02
-4.4669273729e-03
-4.2394599915e-03
3.4696925923e-03
3.7394805352e-03
2.8252495980e-02
-1.9306880774e-02
-5.2139694465e-03
7.3967144820e-03
5.3316737520e-03
2.6519207989e-02
-9.2683026565e-03
3.1569263201e-03
-6.5290074622e-03
1.4545036755e-02
2.5269155968e-02
2.7364543019e-02
-4.1234644604e-03
1.4103582492e-02
-1.5338694626e-02
-3.7679869638e-03
4.3986140747e-02
9.7301299312e-03
3.5071841721e-02
-1.2441994969e-02
-1.5684739041e-02
-9.6154656384e-03
-8.2170904180e-03
-1.0893136105e-02
-9.0392530650e-03
-1.6975151456e-02
-1.1429898569e-02
3.1869554374e-03
-1.8992078644e-03
6.8166326787e-03
-3.4608242600e-03
1.0873484438e-02
-7.0979320102e-03
-1.3397579647e-02
1.3656686201e-02
3.0430349663e-02
8.1109610289e-04
2.3727560315e-02
-1.4401768423e-03
-1.9045283303e-02
4.4297041772e-03
-8.5792478115e-03
9.2354399051e-03
-2.4430391836e-02
2.0491684530e-02
-6.7697291373e-03
7.0802292110e-03
9.6843457910e-03
1.9251900289e-03
-5.7006234665e-03
1.9225462667e-02
-2.1341564580e-03
