8.8124302934e-04
1.4535824416e-02
-1.9892076950e-03
-3.5208007796e-03
1.4552918031e-03
-2.4629217511e-03
-3.6036650481e-05
3.5825529996e-03
-9.0354980073e-03
1.0399048360e-02
3.3053002247e-03
-1.3378749961e-02
-4.5314982376e-03
-2.6572263036e-03
5.4206868252e-03
-1.0893315009e-03
1.3135373141e-02
-3.1622169126e-03
1.2854925500e-02
4.5752333731e-03
-1.4623452662e-03
-6.0381025325e-03
1.0533187451e-02
5.0563324208e-03
7.1025065675e-03
3.4287102093e-04
-4.3846049621e-03
-3.9494883776e-03
2.1674686234e-03
-8.1084796981e-03
-6.3624283178e-03
1.5015029741e-03
1.1759425656e-02
-7.9752937711e-03
-1.9078264475e-04
6.3776302601e-03
4.4529740977e-03
1.1915676517e-02
5.9906285826e-03
-6.2210859237e-04
7.2523960373e-03
-6.0405569184e-03
-6.9364703536e-03
-1.7452184490e-03
-7.6690486022e-04
-2.5772461875e-03
3.2431349983e-03
9.3112746768e-03
-2.9940458986e-03
3.0870874932e-02
-1.0749139777e-02
-8.3319728849e-03
-1.0470870924e-02
-1.9070319468e-03
-9.6681330692e-03
-5.3789753432e-03
-8.4624556288e-03
-3.0062448466e-03
-2.1086306586e-03
1.7241781828e-03
-3.8811837085e-03
2.3484063845e-03
8.9694451925e-03
-1.0032930873e-02
2.9903344193e-02
6.2985234013e-03
5.3058323988e-03
8.8088592316e-03
1.2854222455e-03
1.7382375869e-03
-3.3494215896e-04
2.1270208735e-02
-3.8728877039e-03
-1.1814044424e-02
-1.9186584212e-03
-2.6727060439e-03
-3.4147290106e-04
1.0744550445e-02
-1.2303873555e-02
-6.6249317294e-03
-3.8207215295e-03
3.5599042124e-03
-2.7920080401e-04
-4.3154641221e-03
3.2073160615e-03
1.3561709689e-02
8.8217159397e-03
-5.5923728697e-03
6.8051423501e-03
9.9124584276e-03
5.7744682768e-04
9.4229961499e-04
3.4182268676e-03
2.3255419804e-03
7.7836807643e-03
5.9911042338e-03
9.2413682511e-03
-4.6251799888e-03
1.9706223479e-02
-7.1501705742e-03
-1.4370923725e-02
-3.8734628826e-03
-8.3395921130e-03
3.4671735094e-03
1.1022939180e-02
-2.8555143332e-03
4.5664039128e-03
1.1054185936e-02
-2.3649716686e-03
2.4362253389e-03
-6.3947729359e-03
-7.6680040997e-03
-4.8260278087e-03
-5.7738350075e-03
-2.3641064256e-03
7.2661569914e-04
-8.0606012232e-03
-9.9909473639e-03
-4.7810474391e-03
8.7886619350e-03
1.8930474145e-03
-4.1787050422e-03
7.5180261291e-03
-9.7558697188e-03
-3.7321218662e-03
-1.1753306758e-02
-4.9409991781e-03
4.8966415085e-03
1.1069575375e-02
-5.2365819510e-03
-9.6623619921e-03
-5.6629645909e-03
-8.7156792278e-03
4.1128765414e-03
1.6254457882e-03
7.5529060394e-04
-6.9748617226e-03
-1.5209490827e-03
-4.1378146660e-03
-5.7648114819e-03
-3.5149090540e-03
1.0821769421e-02
1.8275652331e-03
1.7470303294e-02
1.3611734431e-02
-9.7061151535e-03
6.0194348529e-03
-2.8761802549e-03
-2.8202809505e-03
4.0032413794e-03
-9.5790123206e-03
-9.3677489668e-03
5.1078415638e-03
-8.0894313411e-03
-4.9575535204e-03
2.2991281370e-03
3.8632866335e-03
-7.0158948259e-03
-4.8565417512e-03
6.9543456027e-03
1.3780756223e-03
-2.7203127615e-03
-5.2898426501e-03
-6.0883053840e-03
-2.4987012273e-03
-5.5840669939e-03
8.1275714703e-03
-5.9315465254e-03
-8.4663033287e-03
1.7188375889e-02
-7.6582249737e-03
1.5641185589e-02
2.8836953289e-03
-4.9622004758e-03
4.6976036251e-03
-9.5212537857e-03
-3.9598592872e-03
1.1061289086e-03
-3.6469721407e-03
-3.6908338190e-03
-7.0284615108e-03
3.2671940209e-03
-6.1921764255e-03
-4.7033156018e-03
-1.0425950505e-02
-2.8805181635e-03
8.2407965464e-04
-2.3822556218e-03
8.8996141352e-03
-7.3902497576e-03
-2.2661354611e-03
2.9060588296e-03
-7.4915557637e-03
6.5136670454e-03
-9.9662600498e-03
-6.4397423682e-03
-4.1197567129e-03
-1.2730372948e-02
-2.0320100233e-03
-3.4858309026e-03
1.3771248545e-02
-5.9662614204e-04
1.0467148140e-02
3.6026054963e-03
2.9688625748e-03
1.6343845050e-02
-7.6361296281e-03
2.4805799350e-02
-1.3234425796e-02
7.8792921304e-04
-7.8093395342e-05
1.3458994296e-02
-4.9495124531e-03
-3.7402916760e-03
4.1949532668e-03
-2.7533181596e-03
4.8403440221e-03
-3.2494206916e-04
3.5530537194e-04
-1.0741348947e-02
9.6382048457e-03
4.5092257177e-03
-5.2270039297e-03
-9.9508476476e-03
-1.9885445441e-03
1.6906258232e-02
-1.2183052768e-02
2.2561280641e-02
3.7023681945e-03
-9.2523518682e-03
1.4272762613e-03
-7.2063035995e-03
-2.7687801382e-03
1.1133176365e-02
5.3094100793e-03
-1.8360024809e-03
9.2093555124e-03
-1.7278582113e-03
-5.5121695587e-03
-7.7394410286e-03
-5.8723037883e-03
4.4317876175e-03
-2.8111502610e-03
-8.9994846780e-03
2.6549756576e-03
1.8186006805e-02
-5.6410673530e-03
-4.0827835231e-03
-3.6263379308e-03
6.6518432006e-03
-4.1727873964e-03
2.2076030522e-03
1.5047919865e-02
2.7191686615e-03
2.2606693529e-03
-8.3326528224e-03
1.4916787387e-03
-3.0903798808e-03
-5.7931348701e-03
-1.2877232976e-03
-4.3872544093e-03
-4.1670224541e-03
-4.8333043676e-03
-7.4681582512e-03
-1.5961188459e-06
-3.4972960117e-03
9.1902592313e-03
1.5236817103e-02
-1.5597586478e-03
-1.1802925684e-02
1.1797625414e-02
5.4036949982e-03
-4.6341689212e-03
2.8311492413e-03
-2.2569681225e-03
5.4634728688e-03
-8.8243401929e-03
-9.5154244839e-03
-7.2745567653e-03
7.3183022934e-05
5.4238217195e-03
-5.8810147131e-03
-8.6829947538e-03
-2.6388348348e-03
-6.2303449187e-04
5.5555760101e-04
-8.5634190357e-03
-9.1541957676e-03
-3.8736635777e-03
-3.8670613092e-03
-6.7495769161e-03
1.6478805445e-03
1.7866910391e-02
9.1663397260e-03
1.1077924759e-02
1.3353249334e-02
4.8469108656e-03
7.8974508736e-05
-4.6979156135e-03
6.4493279318e-03
-9.0022823533e-03
-5.2534929431e-03
6.5297844240e-03
-6.9505888120e-03
-6.1940742581e-03
8.4577767317e-04
1.0699104865e-02
-1.9188966980e-03
-1.4972757012e-02
-4.6507446271e-04
5.8528459765e-04
3.0074608861e-03
4.5859678228e-03
-3.4610585745e-03
-6.6153903067e-03
7.7894514980e-03
-2.6223623315e-03
-2.0875482661e-03
-1.1592649886e-02
-2.3826871068e-03
-1.8017370708e-03
5.9975673310e-03
-1.2450677743e-02
2.3191379421e-03
4.1026738642e-03
-5.5080642270e-03
-2.2471092107e-03
-1.0250218405e-02
-4.2111479883e-03
-1.6244495161e-03
-5.1789849527e-03
-3.1748169216e-03
-9.8860887974e-04
8.0542881004e-03
-5.8236493420e-04
7.5771453342e-03
-2.3468141834e-03
-5.5830129247e-04
-2.1057038352e-03
5.7473822406e-03
2.7744339315e-02
1.9389101239e-02
-5.5692872914e-03
-9.7496031775e-03
-1.3375417884e-03
-5.2874093836e-03
-4.7000963841e-03
-1.5447165214e-03
1.0378555247e-02
-1.6027700775e-03
-5.8895335733e-03
-1.4747642990e-03
6.4771078342e-03
-2.3374130478e-03
1.9336825240e-02
-8.2695174444e-04
-6.7398802806e-03
2.9843089265e-04
-8.6140014120e-03
-1.7982226362e-03
-1.2200740004e-03
-2.7099536350e-03
-5.8632088850e-03
-2.4481808662e-03
7.8840316471e-03
-4.1648583559e-03
7.8493376501e-03
-8.0945132943e-04
-5.8265541747e-03
1.8788979889e-03
-2.2578275646e-03
-1.5254667037e-03
1.4472126424e-03
9.0844544809e-03
-9.7499698758e-04
1.1459377762e-02
-1.1193823750e-02
-4.0277946051e-03
1.4607377707e-02
-5.0592920713e-03
2.5147129655e-03
-5.7712639778e-03
1.2644253903e-02
-4.0047861700e-03
3.3942456709e-03
1.7539986918e-03
6.7375568024e-03
1.0494218708e-02
2.5475830090e-03
-6.4767045537e-03
-5.5955224134e-04
-3.4826234324e-03
1.0224123698e-03
-4.0554749638e-03
7.0762169109e-04
1.4140488352e-02
3.1378882486e-03
8.5712692990e-03
1.7632439920e-03
3.0744468106e-02
6.9200168586e-03
5.6975645690e-04
7.0791520141e-03
-2.8101219339e-03
9.8059129122e-03
-1.4012203689e-03
1.5257462341e-03
-8.9935813989e-03
-4.4044119540e-03
1.0139236953e-02
-1.4244204578e-03
4.8807433936e-03
-7.3307478965e-03
6.7365311334e-03
-2.2749687891e-03
-8.7064053468e-04
2.1736661479e-03
7.6426316243e-04
-5.8431842387e-03
-3.2111889578e-03
1.8443229717e-02
-1.9117876992e-04
-1.7697470313e-03
3.3943268918e-03
1.4390571363e-03
-4.1429465641e-03
1.0700709187e-02
1.5803035836e-03
6.3125311459e-03
5.5040282265e-04
9.9044242491e-03
1.1142951325e-02
-1.0119461081e-02
9.6116624782e-03
-4.6542370697e-03
-4.5048775261e-03
-3.3195977083e-03
7.5182590074e-03
-4.9476197538e-03
-3.9185254920e-03
-7.4799432844e-03
-4.6563318333e-03
-5.9479279290e-03
-1.2861873099e-03
-1.0538988353e-02
1.6271805272e-04
2.2058709696e-03
1.0348214779e-02
8.3640307812e-04
5.2182210347e-03
-3.7451058012e-03
-6.3443943030e-03
1.3926221879e-02
-9.9892582775e-03
8.1287099814e-03
-8.8308591600e-03
4.8750073381e-03
9.2086950263e-04
8.9315301771e-03
3.7108341480e-03
-4.6742959650e-03
-4.4460992042e-03
3.0945699858e-03
-2.4538120480e-03
6.4510889817e-03
4.6303576172e-03
-2.2318968238e-03
-1.5733665647e-03
-1.3654693496e-02
5.0463308305e-03
3.1600040561e-03
1.3502369125e-03
-1.0308843858e-02
2.4292738618e-02
1.4820252368e-02
1.0980408679e-02
-5.0349935727e-03
-5.4638815174e-04
3.6144640786e-03
1.0606559484e-02
-5.4787152416e-03
3.6313272236e-03
-1.9538185039e-03
-4.2311564569e-03
3.5168134662e-03
-6.4346633332e-03
-4.8077116672e-03
4.7574018400e-03
-6.3723899886e-03
5.6884809972e-03
-6.4621162811e-03
5.2750651176e-04
-2.2927357956e-03
-7.5779691722e-03
-7.0489799490e-03
-1.4570487214e-03
-8.3277080187e-03
-3.3124331776e-03
-1.0821495521e-02
-4.9866525251e-03
-3.1209525708e-03
-6.1556896951e-03
1.0787937493e-02
-8.8223420083e-03
8.0509709023e-03
-3.4857427989e-03
2.2742545407e-02
-5.6635245669e-03
-1.7295286216e-03
8.0163636071e-03
3.4824677666e-03
-3.6004079761e-03
-1.2574979784e-03
5.5860300368e-03
-3.5897305432e-03
-1.1447217876e-02
-3.0589999418e-03
4.5036485512e-02
-2.2115545808e-03
2.9729329823e-03
3.4081346887e-03
-8.7369236859e-03
-7.2658114254e-03
-7.4649091704e-03
-3.2175243366e-03
-5.5138352381e-03
6.7273306722e-03
-4.0609227463e-03
-7.5993962753e-04
1.3332213204e-02
3.3575353058e-03
-2.3111049730e-03
-6.5695549820e-03
1.2736313073e-02
2.9707339293e-03
-6.5309009473e-03
-1.1207107789e-03
-1.3903807377e-03
7.0721223013e-03
-5.3446220802e-04
5.6329656294e-04
-1.7358633117e-03
-1.3441980834e-02
-8.1902714423e-03
-8.6517439984e-03
-2.4881720535e-03
-1.2865096859e-02
1.5920875232e-02
7.2561706285e-04
-8.8951373125e-03
1.1259166658e-02
9.8620991408e-03
1.3182272202e-02
5.8423101992e-03
-6.0134605513e-03
8.7108500685e-03
1.5131226897e-02
-1.0318376195e-02
2.9523209074e-05
1.5835113348e-03
-2.7763320801e-03
7.3056759531e-05
4.0342340298e-03
1.2141251741e-02
3.8798703702e-03
-4.6868113528e-04
6.1427325793e-04
-2.7930966677e-03
-4.4534694117e-03
1.1773409058e-02
1.4358525375e-02
9.5057971653e-03
1.9861549018e-03
1.7316477851e-03
1.8280059025e-03
-1.1885438814e-02
9.6086643721e-03
-4.7092127318e-03
-2.4047938711e-03
-9.6061920267e-04
-5.6341145633e-03
-7.5241116310e-03
-1.6381405765e-03
-1.0199837404e-03
2.4679808123e-03
-6.3347606386e-03
1.5912722560e-02
-7.1179283935e-03
6.6586699890e-03
-3.2971897304e-03
-1.5940990415e-03
-8.6652252185e-03
9.2750969684e-03
2.5801025816e-03
-5.5006174371e-03
-1.0171114976e-02
-1.2636558670e-03
-7.4898695296e-03
-9.5008852448e-03
5.9453889361e-03
-3.5442683283e-03
1.3446698762e-02
-2.6845481764e-03
-5.9143163296e-03
-6.3143792110e-03
2.3756281025e-02
1.1144314143e-03
-1.5013963275e-03
3.1536264384e-03
1.4406706223e-02
4.7650781651e-03
-3.9481972873e-03
2.4699853892e-03
-5.8240543970e-04
1.4792257877e-02
1.5951659078e-02
-5.6657899237e-03
5.4738931579e-03
1.4891946373e-02
-7.6927921762e-03
-7.8342722414e-03
6.8257349810e-03
-5.0649576654e-03
-2.5062330924e-03
6.2613673988e-03
-3.6504327493e-03
-6.1109514521e-03
-5.3880813760e-03
8.6204337991e-03
4.6891539597e-04
-6.3028559628e-03
-1.0109472941e-02
-1.2652413071e-02
9.7273656808e-03
5.5399522654e-03
-3.0634232885e-03
1.5258136586e-02
7.3607887103e-03
-1.9518988825e-03
-1.0579088008e-02
3.2372433885e-03
7.3438187477e-03
-1.6604650506e-03
-3.5134247665e-03
-2.5737444078e-03
1.3182796279e-02
2.5212159291e-03
2.2021824079e-03
-9.4578406145e-03
8.9106377123e-03
1.2679965664e-02
7.7612360231e-03
3.4896627183e-02
-1.0824088490e-02
8.8086041826e-04
4.3840996747e-03
-6.1204406523e-03
-1.1740458596e-02
-4.7115201686e-03
2.6829532862e-03
-8.9630467451e-03
-5.5689613927e-03
-4.0778344661e-03
1.8823866333e-03
3.7574480342e-03
-5.2055064743e-03
-2.0074306986e-03
-5.7198373294e-04
7.8125520752e-04
5.3723120277e-03
1.3786977160e-03
6.8689012503e-03
5.9394934473e-03
4.6529628678e-03
-3.0676252336e-03
5.4688301676e-03
1.3110727407e-02
-3.0632327648e-03
2.5434843584e-02
-6.0397114177e-03
1.1361695937e-02
3.0584861077e-03
-9.7754257023e-03
-2.3358467825e-03
-1.2201981381e-04
-1.1182703264e-03
4.7995306271e-03
-1.5199833707e-03
3.6218090366e-04
-3.2109581767e-03
-3.3216950535e-03
-1.1549643155e-02
-4.0314522792e-05
2.4421416592e-02
-1.3126561579e-02
-8.5010263966e-03
5.1960207412e-03
2.8263623290e-03
1.5943173911e-02
1.3324816251e-02
-2.4239946652e-03
1.1183003562e-02
1.2552407126e-02
2.1071481210e-03
3.2272392118e-03
-6.1874742175e-03
-3.6233887731e-03
3.3053066170e-03
-6.3293847512e-03
-6.0806130699e-05
-4.3841291029e-03
-6.4919367881e-03
3.6139276399e-03
8.3577509217e-03
3.3293852142e-03
-2.0906003720e-03
2.1614443043e-02
-3.0429729316e-03
4.9998278127e-03
4.2634617001e-03
-8.0300816805e-03
-1.2538239010e-02
2.5162247047e-02
-1.0069482875e-02
6.3041190941e-03
4.2195038212e-03
5.0992672967e-03
-4.7163137520e-03
-9.5835071860e-03
1.5314087403e-02
1.6683138969e-03
5.3361321550e-04
-2.3126495185e-03
-4.8894972464e-03
-1.8263125222e-03
8.2571434986e-03
-4.8929574097e-04
-1.6632572567e-03
6.5162757447e-03
6.0598383840e-03
-6.4523077478e-03
-1.0783796603e-02
-7.4836331969e-03
-1.3358490167e-03
-5.0969274603e-03
-2.8681683980e-03
-2.1312422826e-03
-4.5768927883e-03
7.9318051338e-03
2.7278925791e-03
-2.0143269920e-03
-3.0454686913e-03
1.1596625790e-02
-3.7794386649e-03
2.9690324301e-03
-2.5018532627e-03
1.4372126240e-02
1.1611868320e-02
-8.4047135873e-03
3.5688867913e-03
9.3034512491e-03
1.2312266395e-03
1.6213452016e-02
-7.9210803741e-03
-1.4607865364e-03
-4.8230498516e-03
-8.1293007279e-03
5.1488465357e-03
1.2277600192e-03
-5.0674484670e-03
6.6415966578e-03
9.0183965415e-03
-1.3496239187e-03
-4.3355383647e-03
-4.7550659238e-04
3.9108678450e-04
-7.2967528021e-03
6.0218767414e-04
-5.1884028692e-03
3.0931929289e-04
-7.7350985365e-03
-4.9222056397e-03
-8.4268799768e-03
9.0070183105e-03
2.8419863832e-02
-8.4967216130e-03
-7.2466717213e-03
1.8176883929e-02
-2.3805919831e-03
-9.6163475779e-04
-1.9336908287e-03
-8.9809437743e-03
1.5000111369e-02
-3.7428428996e-03
1.1492325108e-02
-4.2430982881e-03
-5.6409596529e-03
3.8388008415e-03
-4.0788683415e-03
7.7883527232e-03
-3.8793373907e-03
-9.5555466396e-04
-5.9166229470e-04
-5.5769757564e-06
-7.6182092900e-03
-2.6588881718e-03
2.2013187374e-02
8.5290397059e-03
-8.3692462230e-03
-2.9035760546e-03
-6.2773825721e-03
-9.9565712611e-04
-3.3190689313e-03
6.8999451867e-03
-3.1696803487e-03
-8.8911865302e-03
-6.7622114407e-03
-7.8189684217e-03
3.1829444107e-03
2.8122555093e-03
2.1750388709e-03
-9.2778383631e-03
6.6588764190e-03
-2.2246899435e-04
-2.9062278299e-03
-2.1347710829e-03
1.8720683573e-03
9.8941162673e-04
-5.5164302298e-03
-4.2535544989e-03
-2.0817708197e-03
-5.0033553394e-04
6.7095215551e-03
1.4035444389e-02
-2.6221294903e-03
-3.4809128988e-03
1.5832323547e-02
-9.6679528240e-03
6.2394984774e-03
-3.4748914400e-03
1.1205212476e-03
2.7902200295e-03
1.3575302769e-02
8.9107891212e-03
-4.9582237080e-03
-4.0922235713e-03
-6.2584741443e-03
-8.0992535248e-03
-8.8949908142e-03
4.0272972798e-03
-1.0742122435e-02
1.7109816048e-02
8.9074606080e-03
1.0252244902e-02
3.3515812902e-03
5.5954674048e-03
-7.5760487098e-03
-6.4292124394e-03
1.4845935324e-03
7.6227505047e-03
7.3817224504e-03
-1.1004510057e-02
-2.7385519608e-03
-1.0425626762e-02
1.6935336086e-02
1.6808422209e-02
-1.1745875724e-02
-4.2742877933e-03
3.7286176630e-03
1.7262581530e-02
1.2743110204e-02
4.6108166791e-04
-4.5125163539e-03
-7.4446640563e-04
-1.0643707197e-03
-2.2830405865e-03
5.3443645172e-03
-1.0189518334e-02
5.1050727281e-03
1.9380397346e-02
-6.1091026519e-04
1.4298460759e-02
-8.5662696820e-03
-7.4887808004e-03
-8.5399759156e-03
-5.3085641623e-03
8.6204124329e-04
2.1017032165e-03
2.8410110520e-03
-7.2944000807e-03
-3.9615409228e-03
6.4072769264e-03
6.4515967579e-03
1.6711849924e-02
-1.3011527417e-04
-6.3929335624e-03
1.1570816253e-03
7.5882171853e-03
4.1572566975e-03
3.7202425294e-03
2.6593385990e-03
-7.6950929482e-03
2.8126684941e-03
4.1929682007e-03
1.7283775588e-02
-4.9844243679e-05
-3.6063144501e-04
1.4019444352e-02
-1.2883017718e-02
-5.0817885790e-03
-1.3235009435e-02
1.4438298757e-02
-5.7982931498e-03
-8.6731740792e-03
1.0951227348e-02
1.1617603379e-02
2.4073644022e-03
-1.0313943398e-03
-8.3164235564e-03
7.5660860450e-03
-2.5679820907e-03
-5.8388567174e-03
8.4548447144e-04
1.9323551736e-02
-3.4566167565e-03
-1.2138131393e-03
-9.9577946529e-03
-3.3089623578e-03
1.5274738638e-02
3.7967694023e-03
1.1499755136e-02
2.4974662135e-04
-1.9484427136e-03
8.2164820335e-03
-8.5536103651e-03
-5.6381204065e-03
-5.7243626114e-03
-8.0044465317e-03
-3.2845970547e-03
-2.9648474206e-03
3.9655624357e-03
-5.4808154320e-03
1.4996598871e-03
-4.1571206895e-03
1.1468002321e-02
1.1265419582e-02
2.0966038641e-02
-4.6147860532e-03
3.2929764698e-03
-1.6822347909e-03
1.0837660243e-02
-5.6443728428e-03
4.6586491323e-03
-4.0016486637e-03
-1.6204941669e-03
1.1065066898e-02
-1.7561947132e-03
5.8005518509e-03
1.0853056625e-03
-2.7765520205e-03
-8.5726736273e-05
8.4054211091e-03
-2.2519856764e-03
1.8281277144e-02
5.2703133008e-03
1.8124320075e-03
5.2721116295e-03
8.7914118118e-03
3.8669917327e-04
-8.3868107941e-03
5.0439077687e-03
-2.2249776875e-03
1.0963057958e-02
-3.6061958022e-03
4.4599537311e-03
1.0440850787e-03
-4.0725673308e-03
-8.3741391451e-05
1.1880491125e-02
-7.3339690596e-03
-2.9851136553e-03
-7.5640678989e-04
1.5555826311e-02
5.4687802351e-03
-1.2407297033e-03
5.5787585104e-03
-9.3790482503e-03
-1.2649795198e-03
-5.2492998698e-03
3.9104556871e-03
1.6960936290e-03
-1.3832787455e-02
3.7588172561e-03
-8.3997366572e-03
1.5089947555e-02
-1.2659389470e-02
1.4730730375e-02
3.0015858772e-03
-8.7604942166e-03
2.0757770047e-03
-3.3700420171e-03
-7.3693499195e-03
3.4180438607e-04
5.6930710872e-03
-5.1267087087e-03
-2.3839676085e-03
8.5520203055e-03
1.3013687047e-02
6.2085496863e-03
5.1301641399e-03
-3.6391225564e-03
-1.0933827721e-03
-3.4957004945e-03
3.6938499530e-04
7.4702046565e-04
1.7894912917e-03
1.2397055083e-03
8.1653828121e-03
6.2847922879e-04
-5.2366790537e-03
1.8222667674e-03
-3.4129816994e-03
-4.0312480253e-03
-4.2004825395e-03
-2.6727848166e-03
1.1450628268e-02
-4.0624983796e-03
2.0152515716e-02
-2.9664769762e-03
-5.4779347913e-03
-2.6562311687e-03
-1.3447467402e-05
-1.7462441144e-03
1.4204513984e-03
-3.0767096031e-03
-2.4568144238e-03
-4.7505144038e-03
1.3879013405e-02
-2.0291327293e-03
1.3719085169e-03
4.7386747247e-03
4.1513002010e-03
6.6593912736e-03
1.1241372454e-02
-3.5957434096e-03
-7.4170133595e-03
5.4187423828e-03
-2.3212689295e-03
1.1363022971e-02
-2.8681804620e-03
2.5018501519e-02
-1.8109415997e-03
3.8563294030e-03
1.0020180814e-04
1.4612298019e-03
-9.8751526471e-03
3.4125838760e-03
1.9732401371e-02
-4.2683716922e-03
4.0432395848e-03
-7.4767435464e-03
1.4578643055e-03
2.4983631671e-03
9.6747402760e-03
2.3357050864e-02
-7.2625703082e-03
2.0937186547e-03
-4.5499226453e-03
-8.1083623025e-03
1.7063899472e-03
1.3310943417e-02
3.0118340511e-03
2.1523198283e-03
1.8540033325e-03
4.3218922668e-03
4.3481906689e-02
-1.0364377309e-03
2.3702374189e-03
-2.6443801564e-03
9.1999754266e-04
6.7281930743e-04
-5.0267300818e-03
1.8463537893e-03
-1.8530862042e-03
3.3763004801e-02
1.9387091614e-02
-5.2289727924e-03
1.1883865420e-02
6.1505858028e-03
6.4016632533e-03
-2.1291122620e-03
1.4124626184e-02
1.0726720575e-03
8.2559959176e-04
-7.5592890014e-03
1.4275375979e-02
-1.6902107406e-03
4.4636236811e-03
2.8020471997e-02
-1.4439672175e-04
-6.4163348191e-03
-1.0905261374e-03
-5.3219493521e-03
4.8962174264e-03
-7.2307822209e-03
-3.3423327650e-03
-8.3717836607e-04
1.2394372258e-02
-3.8579078279e-03
3.7350635518e-03
2.9738045826e-03
-4.0614956023e-03
6.5872959694e-05
-6.1062926356e-03
1.2925937089e-02
2.2171257180e-02
-1.6021923421e-03
-1.8072176437e-03
-1.7610531244e-03
1.8442190464e-02
-6.8944831929e-03
1.3213126146e-02
-6.4596549667e-03
-4.9079218952e-04
1.0584947467e-02
1.0456969072e-02
-2.9988592268e-04
4.7100417001e-03
2.4025704228e-03
1.7828680186e-03
4.1338542547e-03
-3.5260048460e-03
-7.4972646305e-04
-3.8103929716e-03
1.3390739061e-02
6.2111687616e-05
2.7663733387e-03
-1.4104852197e-03
-9.7241688924e-04
-1.9261331545e-03
4.2529087307e-05
3.5086536770e-03
-1.1582470069e-02
-3.6161722489e-03
3.3106203003e-03
1.6248259035e-02
-3.8610044670e-03
-7.2717835659e-03
-5.2305952751e-03
4.7143695339e-03
-9.2420804425e-04
1.0639885057e-02
1.3165375386e-03
7.4434104419e-03
2.6508641099e-04
-4.6138624721e-03
8.7040179326e-03
6.6512545124e-03
-1.1626373517e-02
1.0227294003e-02
-3.1487571469e-03
1.9885301524e-02
1.2883132962e-02
1.1822892303e-02
-5.9913149708e-03
-4.2758897481e-03
2.2755661001e-02
7.7437645150e-04
-9.7999200710e-03
-5.4154937846e-03
8.5474822884e-03
-7.6497811834e-03
-1.1779070459e-05
-1.8361958085e-03
-5.6692660673e-03
-1.5832557612e-03
1.7692048830e-02
-4.4612968686e-03
9.1242674661e-03
4.2130293373e-03
-4.7950677407e-03
-1.9171022485e-03
-4.8215127611e-03
-5.8650104191e-03
-1.1537454429e-02
1.6511492140e-02
-2.1061060371e-03
-8.3394776337e-03
-3.7429277275e-03
2.2499977200e-03
-8.1397204096e-03
-8.1468656181e-03
-7.4547858785e-03
1.0268306078e-02
2.7141330806e-03
9.8680703705e-04
-1.1919636864e-02
-3.8694312687e-03
6.2399113895e-03
-7.2578854033e-03
-3.3197446949e-03
-2.8760005068e-03
-8.4869007906e-03
1.7549745519e-02
1.0901498370e-02
-9.9208718166e-03
-1.5098329154e-02
3.7968559305e-03
-5.7500093695e-03
-9.1531992146e-03
-4.8836827250e-04
-8.9069015713e-03
-4.4870091379e-04
1.6757813374e-02
-6.6910181774e-03
4.3091736544e-03
-1.0399485781e-02
1.2730708790e-02
6.6823523057e-03
-1.8044822557e-03
-6.2110165000e-03
4.0724136406e-03
1.6123174474e-02
2.5578244742e-03
4.0320644321e-03
5.8841485581e-03
5.5110405442e-03
-5.8262060919e-05
-4.6071323080e-03
2.4008436655e-03
5.0341462616e-03
1.0125843346e-02
1.3715056415e-02
-9.6276111641e-03
4.2546515506e-03
7.1145065660e-03
2.6485231663e-03
1.0826150468e-02
4.4158270531e-03
8.8658222831e-03
1.6225560785e-03
-4.1128086708e-04
-2.4453198965e-03
-2.2879146676e-04
3.1885698396e-04
1.4125861291e-03
-3.3810326433e-03
5.8851044400e-03
9.8117733864e-03
3.9561180917e-04
5.1530674487e-03
-5.7198380158e-03
-8.5840331586e-04
-2.6167472435e-04
-5.7282807191e-03
9.8786662620e-04
2.4970014359e-03
-5.5183441926e-03
2.1673263451e-03
1.0527197020e-02
-3.6909266465e-03
-4.9536491103e-03
-8.6921515938e-03
-1.1831114079e-03
-1.0507894048e-03
-1.1510554721e-02
-2.4161773770e-03
-3.2767448340e-03
2.0636272125e-04
-9.9018668741e-03
1.3311458418e-04
1.6793676575e-03
-1.0354100905e-02
-5.7302580616e-03
1.7736102103e-04
1.1570450353e-03
-1.3576728742e-03
-1.1378334128e-02
-1.0004244925e-02
2.0265532733e-03
-2.9941751730e-03
6.9478261733e-03
5.4342194270e-03
-4.2028028862e-03
-3.7426565086e-03
-1.1226994129e-02
-8.0743430339e-03
-1.9990365953e-03
-8.5148559464e-03
1.2575226786e-02
1.1654601574e-02
-9.2342439374e-03
-5.5569793969e-03
5.7109670739e-03
-5.9627528427e-03
-4.7219250575e-03
6.5526512450e-03
-4.1138379513e-03
-1.3281674383e-02
-4.9984825019e-04
1.1663602631e-02
5.3173654151e-03
-2.5745887321e-03
1.7593580666e-02
2.4574458515e-03
8.7602273822e-03
1.4045986217e-02
-5.1927583587e-03
8.7200659542e-03
6.0056644594e-03
1.1912185718e-03
4.6960248067e-03
7.5375938277e-03
1.4178987929e-03
-1.4828642673e-03
-3.8435781125e-04
-5.8136977179e-03
-3.9946735168e-03
-1.2748891219e-03
1.0111995669e-02
-1.0218685533e-02
2.3899239785e-03
-2.8420939802e-03
-9.3205154432e-03
-7.7685417274e-03
5.3870364894e-03
1.8059098027e-03
-7.3471557114e-03
-8.4034940765e-03
1.9229621516e-03
1.1616715761e-02
1.8740759331e-03
-1.1616581782e-02
1.7349652221e-03
1.4051834422e-04
-3.6988743238e-03
-1.5485224700e-03
1.8725946951e-03
-4.1305324285e-03
-1.2251693817e-03
-1.3748394644e-03
1.4885670937e-02
3.3452376103e-03
3.7723059396e-04
1.4448395643e-02
-7.3896567064e-03
-1.0237493682e-03
5.9442583646e-03
-1.7530493256e-03
-6.8813621597e-05
1.9371955585e-03
-3.1631555964e-03
-1.0646982547e-02
-1.3441237556e-03
3.7458015776e-03
9.4618156074e-03
-3.6189451019e-03
1.6252459837e-03
4.1320839606e-03
-8.0560446000e-03
-9.7799334152e-03
-2.9167709128e-03
8.9998808648e-04
-3.6476019127e-03
7.0159478508e-03
-6.6666205894e-03
-5.9774958903e-03
-2.8640909962e-03
-9.1039506678e-03
-8.1690483890e-03
-2.3028398157e-03
-3.4313634778e-03
-1.0175678545e-02
-4.1937281252e-03
1.6967834976e-02
1.8749725696e-02
2.4306721439e-02
-6.7175159637e-04
-3.7090633931e-03
6.0515175667e-03
1.9987947795e-03
-5.9601382599e-03
1.4730988409e-02
2.6182265702e-04
-2.2159404104e-03
5.2692710040e-04
-4.8276074612e-03
-8.7180430110e-03
-9.5633716901e-03
1.1844559448e-02
-8.5693692064e-03
9.7219776254e-03
-9.0611545453e-03
-5.5778874029e-03
1.3181657908e-03
-1.6340999793e-03
-1.1892768064e-02
-2.7094448756e-03
-4.2204804329e-03
-6.1189063636e-03
-1.0966331285e-03
-1.3484024226e-03
-4.2966274950e-03
-4.4453022347e-03
-5.6670742057e-03
-6.5333076766e-03
3.7114051312e-04
-4.1434328438e-03
-1.4148753940e-02
1.1997784439e-04
-7.2442156940e-03
1.2910695261e-02
-9.9546819387e-04
-5.8199016404e-03
-2.3852866663e-03
7.6826701205e-04
7.6227044843e-04
2.4386726717e-02
6.5438083306e-03
1.4804751427e-03
-4.5074001407e-03
-4.8746666938e-04
-1.6096103389e-03
1.2420388096e-02
4.9643556733e-03
-2.5093197204e-03
1.6795694465e-02
2.3124843325e-03
3.7981945464e-03
4.5843079675e-03
-3.8548813985e-03
5.6742554914e-03
7.8472692624e-03
-2.5038170697e-04
4.2402001215e-03
1.2992169131e-02
-1.0811035367e-03
-7.3325670872e-03
-6.6057475431e-03
1.1356634151e-03
-2.7197897574e-03
3.7526493682e-03
-6.4573780252e-03
-5.6235702096e-03
1.7043189473e-03
-1.0672592727e-02
1.5364065707e-02
-1.2731690573e-02
-3.9415068773e-03
5.0045083232e-03
-6.9311030270e-03
7.8881684668e-03
-5.3668769902e-03
1.2587085694e-02
-3.8892698867e-03
1.3272029900e-03
-2.8657582409e-03
1.0391815641e-02
2.9517137577e-03
-7.9380185033e-03
-5.5699970280e-03
1.4853839817e-02
3.0646638846e-03
2.9374573804e-04
6.7653888594e-03
2.3786985298e-03
-4.3972505185e-03
2.5651331856e-02
-9.2560296865e-03
-1.1169429052e-02
-4.4392793227e-03
-1.1939695967e-03
-4.1180758773e-03
6.0391629614e-03
-4.5023843029e-03
1.8693960771e-02
1.8309580258e-03
2.3544450559e-02
-7.3189645285e-05
-3.4019310730e-03
-1.8396857320e-03
-1.0301181703e-02
5.1676719398e-03
-3.6879816186e-03
-2.2759099345e-03
-1.0512294849e-02
-3.8589009510e-03
-6.6962824579e-03
-2.0982463857e-04
-3.9366884552e-03
-3.8988653962e-03
1.5564014406e-03
1.0366793623e-02
-7.5924060092e-03
-3.9948253229e-03
4.1430054991e-03
2.5885528412e-03
-1.0124431703e-02
8.5399737767e-03
-7.9711717733e-03
5.1843199182e-04
-2.0769030725e-03
-6.4094057701e-03
4.9444430512e-03
-2.2377125861e-03
1.9908136629e-02
1.0356819366e-03
5.4426148858e-04
-6.1713098907e-03
-7.7650401259e-03
3.9840211565e-03
8.1832792485e-03
-7.2425941930e-03
5.3608243755e-03
-1.4064745209e-02
-2.5665190588e-03
-6.7419057843e-03
-1.1327156047e-02
1.3446000033e-03
1.0444126044e-02
-6.7688971460e-03
-5.1436655645e-03
-8.1028753261e-03
4.1748812464e-03
7.3106112129e-03
-8.9771529723e-03
1.1840380424e-03
-6.8079994757e-03
-8.9554085379e-03
-9.2571717032e-03
-7.3638955780e-03
3.4273439143e-03
1.3373684534e-03
-7.1683020168e-03
-5.3116085575e-03
-1.5442418407e-03
-4.6340561414e-03
-5.7617563764e-03
3.1898470260e-03
2.7313719410e-02
1.3287621254e-02
-3.5181259177e-03
-3.5585624721e-03
-8.8339397873e-03
-4.8917731981e-03
2.3298508759e-02
6.3177071681e-03
-1.3915372698e-03
8.4522305155e-04
6.8459516818e-03
-5.6916082201e-03
9.6721437450e-03
8.6242495833e-03
1.4435052932e-02
2.8264237994e-03
-3.2484366367e-03
-4.3474478837e-03
4.9129699032e-03
3.3963806001e-03
1.2452413402e-03
1.9545914515e-03
-4.9045330956e-03
1.9183449120e-02
-4.3491558890e-03
1.1625792272e-02
-9.2272096933e-03
2.6000938893e-03
-6.3860487890e-03
4.0376675160e-03
-1.4282528469e-02
6.5480275316e-03
9.8939958782e-03
1.2319529855e-02
1.2418366103e-02
8.0368392053e-03
9.9591300063e-03
5.6052938803e-03
3.9111761523e-03
-1.6094430200e-03
-7.6202812759e-03
3.6975008964e-02
1.0971250399e-02
1.2444628365e-03
-6.6983786628e-03
-6.3974553622e-03
-6.0679185328e-03
-6.0682437436e-03
1.1152394640e-02
-4.5290693423e-03
-8.8688744580e-04
-6.2336035330e-03
1.6186477274e-03
-1.0900605398e-02
-1.1700935756e-02
1.0354607191e-02
-4.1336088632e-03
-7.8337329810e-03
5.3474489160e-03
-9.7282598462e-04
-5.6333062242e-03
-5.2354632535e-03
1.7077091028e-02
-2.6632273916e-03
-1.4619962258e-03
6.9981676618e-03
-5.0199196116e-03
-6.1601108016e-03
1.9316812709e-03
-6.1275619062e-03
3.1243110006e-03
-8.8529055626e-03
-2.4989639786e-03
-6.3704194476e-03
1.0178198945e-02
3.3801072803e-03
5.5490448658e-03
-6.7740308159e-04
2.9784147802e-02
-1.0706352003e-02
-6.9114918879e-03
1.4147665842e-02
-6.0893802461e-03
3.5333808191e-03
1.0150388374e-02
-1.0111861522e-02
7.8959050856e-03
-5.1148399943e-03
-3.6795579121e-03
6.8329010252e-03
1.2676787051e-03
-1.0153579274e-02
5.7161520755e-03
-1.4579138302e-04
-3.8765895043e-04
-2.8684827032e-03
-4.4284966604e-05
-5.7039317774e-03
9.1257860947e-03
-2.4037088383e-03
-5.1802679511e-03
1.6118982493e-03
1.0012994483e-03
1.4332901923e-02
1.1134287584e-03
8.2938217990e-04
-1.1215368490e-02
1.8018038205e-03
4.5165728551e-03
6.0333779728e-03
-7.5862168965e-03
-8.7502461143e-03
1.4035259979e-02
-8.2407993728e-03
-3.4041647821e-03
2.0616989862e-03
-2.8564962556e-03
-7.8361120371e-03
1.5069767404e-02
-1.9513139775e-03
4.3913591965e-03
7.1141295838e-03
-4.9870822494e-03
1.1832192061e-02
2.5102864304e-03
-2.8355737167e-03
2.2989234321e-03
-1.3276537699e-05
2.5996748013e-02
1.2089456307e-02
3.7194302056e-03
-5.8676335848e-03
3.8230658376e-03
-8.9115708819e-03
2.2244102352e-03
1.0303278211e-03
-4.7200564798e-04
1.8989647913e-03
-5.6900218958e-04
1.2053989779e-02
-6.6965142343e-03
1.7395055360e-02
-3.1304374122e-03
9.3969935843e-04
5.9591815817e-03
-4.5928182519e-03
5.8043569945e-04
2.3329640756e-03
-1.0141128670e-02
5.6162376693e-03
4.0041423116e-04
3.5491785660e-04
2.2163358039e-03
1.4170796066e-02
-4.1567778236e-03
-4.3483408954e-03
-2.3606156836e-03
-5.0270187889e-03
7.6058080447e-03
-3.1623388934e-03
7.3288218876e-03
1.1912160517e-03
-1.1201128549e-02
2.2312455905e-03
-4.5366687136e-03
2.8524291953e-03
8.2991399173e-03
1.9560173173e-04
5.6287000604e-03
1.5644055519e-02
1.5642014793e-02
3.6219111215e-03
-2.1739426786e-03
8.5912603326e-03
-5.7197388878e-03
8.7447515195e-03
8.5127978042e-04
1.3540551895e-03
2.9470014211e-04
-4.3490958113e-03
-4.7669448224e-04
-8.5309400547e-04
4.6441960520e-03
1.0798099433e-02
1.6208878068e-03
3.5882837476e-03
3.1131182995e-05
-4.3228840898e-03
1.7002727111e-02
7.3862431549e-03
-5.9056337923e-03
-8.5478064653e-03
-2.5235205837e-04
9.9785177140e-03
-4.4812117905e-03
-1.2725375963e-02
-7.8564418359e-03
5.8171762582e-03
-4.5350034528e-03
-5.1690891849e-03
-1.1841735503e-02
5.3414725820e-03
-7.2138216498e-03
-6.2848787286e-03
9.0169343219e-03
1.1798569381e-02
2.1871648058e-03
1.9544192179e-02
1.9975416091e-02
1.7997686839e-02
7.4040564579e-04
-4.0360043456e-03
6.8060247095e-03
-3.0239287324e-03
5.5178532851e-04
-1.0928801757e-02
6.1259965049e-03
-4.7382605899e-03
5.8751368438e-03
1.6615114583e-02
2.7062028862e-02
-1.7358716670e-03
4.1813608170e-04
-2.0529983101e-03
1.0995400109e-03
-6.2839777276e-03
-2.5544316502e-03
-2.9274858129e-03
6.0658846677e-03
-3.1445729319e-03
2.4433735561e-03
-1.2054153391e-02
-1.0041929811e-02
4.7839362739e-03
-4.7597998687e-03
3.9711078575e-03
-9.6654356880e-04
1.2448551832e-02
-5.3430914434e-03
-3.9284915477e-03
-4.4767866914e-03
2.1528904091e-03
-6.2012878418e-03
4.7941480179e-03
-1.4159700631e-02
-4.7906424197e-03
1.8735665252e-02
6.4689705404e-03
-6.5167143440e-03
-3.7288115273e-03
-2.1447209399e-03
-3.5232096758e-03
1.4750816044e-02
-1.2304314656e-02
-2.4895341844e-03
-4.0886120955e-03
8.8266657823e-04
4.7619226851e-04
-4.1898996476e-03
-8.3629523374e-03
1.3276040382e-02
-7.6028469833e-03
-8.7664767461e-04
-2.5603565191e-03
2.1998063438e-03
-1.2919754799e-04
-3.7073394146e-03
1.2816359285e-02
-4.0822845449e-03
-6.4870970137e-03
-2.5745598026e-04
-9.1730064239e-03
2.7989661186e-03
1.6938723780e-03
-1.3083259432e-03
4.2464492337e-03
-2.8569771644e-03
1.6434139898e-02
-3.6856136432e-03
-2.0369074811e-03
-1.1696888255e-03
-7.3245217496e-04
-5.9380602756e-03
-1.4287834432e-03
-7.8630420373e-03
-1.7511548630e-03
1.6295069954e-02
-4.0943483274e-03
-4.8270613650e-03
-8.1142538076e-03
6.4182476841e-03
-8.7686539215e-03
1.5008475406e-02
3.5800933080e-03
9.4695646977e-04
-7.5570159704e-03
-6.0752343857e-03
4.1397928453e-03
1.6174065353e-03
1.5634512607e-04
-4.5239941491e-03
4.6561698581e-03
4.2098176370e-03
-7.3513144125e-04
1.8387618219e-03
-1.1814888647e-02
-9.4311014569e-03
-4.1231410121e-03
-5.4438766355e-03
-7.2087685829e-03
1.0389475080e-02
6.2813388892e-03
-3.7633585863e-03
-1.0241858883e-02
-1.7567531164e-03
1.0085280100e-02
-8.0389461277e-03
-4.6855480182e-03
-5.7173208317e-03
-5.3072011360e-04
-7.5554143082e-03
-4.1554512609e-03
-1.7081855157e-03
7.2087896935e-03
6.3447828882e-03
1.7076936055e-02
1.8835102347e-02
3.8077792332e-03
6.9905030028e-03
6.6006416318e-03
-1.9964507322e-03
3.7101152471e-03
4.4969148235e-03
-1.2036806235e-02
1.2381799699e-02
-3.4925213582e-03
2.0435990453e-03
8.7821031404e-04
2.6836032145e-03
-4.2269814732e-03
-3.1782450050e-03
3.0665233043e-03
9.5361131450e-03
-6.4190410106e-03
2.1218314318e-03
1.1065978115e-02
1.1959543428e-02
4.1064724943e-03
-6.9690208932e-03
7.2791205678e-03
1.2677402351e-02
4.3539160670e-03
3.3767743847e-03
-2.4410716398e-03
-3.5194157052e-03
-1.8592892224e-03
-4.6542043084e-03
3.6435301586e-03
-7.1711099888e-03
2.3510674813e-03
7.5991418346e-03
-5.7088943574e-04
-3.7241755882e-03
-3.9746327665e-03
-3.2911485158e-03
3.3580656849e-04
2.0792352902e-03
2.5491656267e-04
-2.9925385853e-03
1.7858147502e-03
-8.7656874799e-03
2.2045718456e-03
9.3723857266e-05
1.8098795191e-02
2.9812021073e-03
2.8844238709e-02
-5.8131205501e-03
9.8190875407e-03
-2.5047977840e-03
2.5011757157e-03
9.7095771548e-03
-6.8224007216e-03
7.2685194293e-04
1.9905310030e-03
-1.0457964036e-02
1.0780491119e-02
-2.5872238223e-03
1.4602009563e-03
-1.5641534238e-03
-3.2378788565e-03
-5.7501595133e-03
7.8514373928e-03
-4.2590169215e-03
-3.3942536564e-03
1.7996175733e-02
3.7400153772e-05
-1.0950410833e-02
-3.2073398924e-03
-3.4351614470e-03
1.0587305441e-02
-3.0610195056e-03
-6.5388271836e-03
4.2530377143e-03
-7.7338500933e-04
-1.3443350982e-02
-7.3411421619e-03
6.6915848449e-03
9.5195258082e-05
7.1229839064e-03
-8.8650183397e-03
1.4120951791e-02
-6.8454775884e-03
6.3199930482e-03
5.6831102173e-04
4.5590995410e-03
-9.0949264384e-03
5.7196999044e-03
-1.7634834220e-03
-5.2165415320e-03
-3.2412593129e-03
1.1840683480e-03
2.4387016147e-03
5.3672760936e-03
-1.2807756638e-03
1.8626003193e-03
6.3524136066e-03
-1.7002881723e-03
6.5837849028e-03
1.2587853358e-02
4.6263629295e-03
-1.0559083507e-02
3.7917830314e-03
-9.3026205289e-03
1.6469428215e-03
-9.8813237181e-04
-6.4783357096e-03
-4.2986292960e-03
-5.2979271023e-03
1.5163165470e-02
-4.4858905707e-03
-4.6603789783e-03
-6.6332696565e-03
4.2499947958e-03
-5.2592015874e-04
5.1299663998e-03
3.1680200402e-02
1.4008244238e-03
1.4817069093e-03
-5.3263176169e-03
-5.9761057005e-03
2.4891116500e-03
3.6487712341e-03
-7.2773665870e-03
-1.7707891463e-03
-1.5438322760e-03
-2.7150887154e-04
-3.4609301096e-03
3.5583140115e-04
-1.7648404158e-03
-2.1436416085e-04
-2.4052989250e-03
-6.1175049990e-03
-2.5263500069e-03
-9.4173709322e-03
-1.2318160725e-03
-5.3741036009e-03
9.2871991568e-03
3.2352538039e-04
-9.9136417752e-03
3.6020741383e-04
-6.2782311815e-03
-3.4750496225e-03
2.3165551703e-03
7.1564676137e-03
-2.1854162019e-03
-5.0990970683e-03
-5.3404020488e-04
-7.2975409071e-03
7.3303415645e-03
2.6061026535e-03
7.0303256207e-03
-2.1320632115e-03
2.5582030557e-03
8.5816981894e-03
2.4520834589e-03
-2.8127113096e-04
1.1248514168e-02
2.3373072383e-03
-5.0339229472e-03
3.5783693431e-04
-3.6436786035e-03
-7.1917238880e-03
4.3311930111e-04
-3.3709941177e-03
6.3100587416e-03
6.3565971950e-03
-3.3031010295e-03
-2.8162880357e-03
1.4654088725e-04
-3.2658871317e-03
6.6657157915e-03
-6.4180173404e-03
-3.4790263277e-03
-2.2747293174e-03
-8.1123713669e-03
3.2265151795e-03
4.1746396311e-04
5.8776462062e-03
-1.0818815693e-02
-6.3627136916e-03
-1.3700380669e-02
-3.1526512527e-03
1.7056127999e-02
-4.5349114378e-04
-7.0007602525e-03
6.5953989819e-03
1.4249715841e-02
-6.8629002801e-03
7.4150525774e-05
-2.7477292803e-03
-6.2235916896e-03
-3.2112626109e-03
-3.8627903254e-03
2.3410638180e-03
3.1321745185e-03
-1.0348083616e-02
-7.1269880038e-03
7.7173155016e-03
1.5064336375e-03
2.9456665515e-03
1.7997485726e-03
-2.7911925113e-04
-1.0515242503e-02
-9.6493509529e-03
2.3709644603e-02
-5.9922492735e-03
2.6504985733e-03
4.5182519495e-03
-6.5216703012e-04
2.5654013012e-03
5.6453532212e-03
-2.1258799811e-03
9.6681537107e-03
-2.8895884782e-03
-5.3931866234e-03
1.8347511139e-03
-1.0727790511e-02
-4.7108178905e-03
-3.0241689221e-03
5.4041652655e-03
-9.1030194370e-03
-3.3170043720e-03
-1.1758560849e-02
-4.3090990774e-03
-8.5336762500e-04
6.5650973372e-03
-9.7285492026e-03
-8.1730587220e-03
-5.8748151459e-03
-1.8414875175e-03
-7.8724719249e-03
-9.1133518300e-03
-2.7816505092e-03
-6.0862349844e-04
4.8405984043e-03
5.2951251185e-03
3.9926439995e-03
-8.7991197480e-04
-5.1084638862e-03
3.4367817158e-04
5.3065195802e-04
-4.5724511427e-03
-1.3046200933e-03
-1.4613872104e-03
5.8176711449e-03
-1.8534361179e-03
4.4397749576e-03
-8.5797268479e-04
-6.1242477500e-03
-3.2454995215e-04
-7.5052166622e-03
-4.0593245277e-03
-8.5464199544e-03
2.7634860155e-03
8.4843949595e-03
-4.2782732072e-03
-1.2556702473e-03
-2.0049869006e-03
2.0549952974e-04
-2.9801913023e-03
1.6896737383e-03
1.1005523832e-02
-4.5044491567e-03
-2.8165192366e-03
-2.7115566299e-03
4.9632492076e-03
4.3426682971e-03
-9.1011238414e-03
1.3390302044e-02
7.1083274733e-03
-1.0751048152e-02
-2.6662464597e-03
-3.8768409734e-03
2.9957801334e-04
2.0755527768e-02
1.2480741595e-03
1.1310363839e-02
-4.4277694504e-03
-1.7659527285e-03
-3.6839747482e-03
8.6545364720e-03
-5.8208500257e-03
3.5867237916e-03
-5.5948150175e-03
-1.0393029166e-02
1.7914619364e-02
8.4201182666e-03
-5.9014129371e-04
2.6029929203e-02
-8.7179779253e-03
-4.8118366048e-03
2.2897714180e-03
-2.4343815758e-04
1.7173551977e-03
-6.3742942647e-03
-2.3663651206e-03
9.6866981238e-03
3.3753116575e-03
4.9007335507e-03
-3.5672427046e-03
-6.9187814122e-03
1.3443149717e-02
7.0058683788e-03
2.3110064728e-03
-7.6971161950e-03
9.9420487904e-03
-8.1428410686e-03
-1.4981151788e-03
5.3659189225e-03
6.4229097584e-03
-6.4455516069e-04
-4.7362416306e-03
-4.4748750626e-03
-6.3960587984e-03
3.0645756353e-02
7.0462527359e-03
-5.2313339718e-03
8.8531551960e-03
-6.8897222097e-03
2.0566272228e-03
-8.2177474395e-03
-8.0915843202e-03
8.2123833711e-03
5.0277667543e-03
2.0372029094e-03
5.1714773015e-03
1.1353547875e-02
-1.9095541181e-03
-6.7377761595e-03
-7.4022669964e-03
-6.0541401666e-03
-3.5042672487e-03
-5.9924507742e-03
2.2082420681e-03
-7.8999515052e-03
-1.0741732146e-02
7.7120058812e-03
-1.5287946487e-03
4.5613151195e-03
-8.2006234178e-04
-2.3850897482e-03
1.1098430104e-02
-7.3230184160e-03
2.3402190097e-03
5.8614059614e-03
-4.0852553277e-03
-3.3059597611e-03
1.6503392097e-02
-1.1311714945e-02
1.2287884004e-03
-1.7491599360e-03
3.0627419882e-03
5.6620121288e-03
9.5263036425e-04
2.2529709313e-04
-2.1242494793e-03
-7.9409083514e-03
1.9725088947e-04
3.0210900925e-03
1.6128694520e-02
4.6331767911e-03
-1.0708433894e-02
8.1233652341e-04
3.4325070561e-03
6.6858448158e-03
-2.0596015506e-03
-5.1088609470e-03
5.1634831663e-03
-2.6557746945e-03
5.4478302138e-03
-1.5812019988e-03
-7.5114915733e-03
7.8531754080e-03
7.7099663753e-03
9.2772984705e-03
4.9986505186e-03
-3.3779140320e-03
-5.2663444481e-03
-8.2458934889e-03
2.6379039023e-03
5.1569780840e-03
-4.1411719333e-03
-8.2467179833e-03
4.7699601728e-03
-1.6144957482e-03
-3.0758075266e-03
1.6198692117e-02
8.7754151924e-03
1.2863252807e-04
-3.9730280918e-03
-3.2983390070e-03
1.2968350043e-02
1.2613643186e-02
-4.0626102420e-04
9.5962823369e-03
-4.4221036514e-03
1.4696267385e-03
-7.9247512486e-05
-5.9929888242e-03
1.8838942841e-03
5.4306489664e-03
-4.8929711795e-04
6.5482043759e-03
1.7093126330e-03
-4.9229324220e-03
-3.9430811496e-03
-8.4426148890e-03
1.2046506101e-02
-7.4853523822e-03
-1.6918528182e-03
-4.6760536696e-03
1.8238389330e-02
2.6135250700e-03
2.5793071899e-04
-4.7669345206e-03
-2.5862172430e-04
-3.7893119477e-03
2.7012579175e-03
8.5196825462e-04
9.4435120557e-03
-4.2481806477e-03
1.7082918914e-03
1.2056187461e-04
-2.9884846608e-04
-8.6952795822e-03
-3.9319881270e-03
-7.9200404068e-03
-4.0452046437e-03
-9.5536607968e-03
-1.5618059685e-05
2.8934795867e-03
3.7120039897e-03
-2.3393450172e-03
1.5058277851e-03
-1.3159585981e-03
1.0029771402e-03
-5.1441297112e-03
-3.3417625062e-03
-7.8504727412e-03
3.4613128102e-03
-4.7273282265e-03
-7.4158305951e-04
-6.1341744816e-03
1.1319139734e-03
3.7218867342e-03
-3.9333099571e-03
5.7757293185e-03
6.1917345865e-03
-1.2938042374e-03
-4.2977342570e-03
1.7566527280e-04
5.2671658988e-03
-7.1422919192e-03
-5.8357518044e-03
1.5074024623e-03
-5.7866900030e-03
-7.3217542987e-03
-5.9012480797e-03
-1.0610131498e-02
-1.6465231476e-03
2.3096313113e-04
2.6428381322e-03
3.4933556206e-03
1.2161737601e-02
-5.5645261758e-03
5.0724686903e-03
1.1014223840e-02
-1.8074950862e-03
-3.8601199038e-03
-8.9208123703e-03
-4.3591811259e-03
5.3574867476e-03
-9.3245826229e-03
-4.3850779136e-03
5.3588075017e-03
-4.2476486311e-03
8.2387797654e-03
1.7904158384e-02
4.5804666794e-03
-1.7606743990e-03
-9.7853114806e-03
-4.4816598543e-03
5.8981322241e-03
1.6636719012e-03
-1.0281555345e-02
3.8458143504e-04
-6.2360461950e-03
-1.6865277476e-03
1.4369551452e-02
3.5277179257e-03
-1.8104610618e-03
3.6723563193e-03
-2.2542791586e-03
1.4204356884e-02
-6.2746851101e-04
-5.5561959097e-03
-4.1373272799e-03
-6.3196017044e-03
5.8170836894e-03
1.4711551396e-02
-4.8208729057e-03
-3.7028568695e-03
4.5481929634e-03
-5.8364160471e-03
-1.5756733031e-04
-7.4539279435e-03
1.0221877328e-02
-9.5933320893e-03
1.1187096570e-02
2.0244873992e-02
7.6007922198e-03
-1.1983063893e-03
-1.8255239750e-03
-8.7884359644e-03
-4.6324623763e-03
2.4838300640e-03
1.0182791362e-03
-6.2945902644e-03
-8.5284002293e-03
2.1798613307e-02
4.6020647046e-03
8.5786209304e-03
5.8399799317e-03
-6.2761671577e-03
1.7788053781e-02
5.5816697519e-03
-2.1379782947e-03
-2.9809065378e-04
7.6728683871e-03
-8.6276029831e-03
-6.1397621985e-03
1.4608942468e-02
2.1844062976e-05
-2.7282903418e-03
1.5847879644e-03
7.8031630061e-03
7.5796467775e-03
-5.6599230539e-03
2.0902204277e-02
2.7531133715e-03
1.7969009831e-03
3.9273545543e-03
9.4370777919e-03
5.1405571311e-03
-6.8996198648e-03
4.9520962203e-03
-4.8142530001e-03
2.1881913734e-04
6.5192961568e-03
6.0810802687e-03
4.2110805041e-03
-4.5006724034e-04
9.6620136213e-03
4.9966684964e-03
-2.0396712997e-03
9.9183156455e-03
-5.0173794507e-03
-1.7714050478e-03
-1.8632143942e-03
-6.9394761916e-03
1.6624232266e-02
-1.0770814128e-02
-4.0334893050e-03
-7.3669356033e-03
4.9324167868e-03
-6.3395528213e-03
5.6039930110e-03
-7.2400245382e-03
5.6317991141e-03
-5.3741534249e-03
-6.9287647040e-04
-3.5660040844e-03
-2.7284863982e-03
1.1214885050e-03
-8.9497143075e-03
-1.2336610144e-03
3.3155634386e-03
4.0940653284e-03
-5.8513444501e-03
-1.6823997357e-03
6.7543266138e-04
-3.3963866804e-04
2.2790447722e-03
-4.9806438187e-03
-1.0428047668e-02
-6.3455671256e-04
5.8047298984e-03
5.8161150341e-03
-7.9086912656e-03
1.3549159658e-02
1.3158719452e-02
-2.4768883354e-03
6.9903818320e-04
7.1502751820e-03
1.3758026243e-02
5.0183336850e-03
1.3500213843e-02
-1.0401628725e-02
8.8756432391e-03
-1.3743744656e-02
1.5531536845e-02
2.0579818821e-03
4.6329134793e-03
-5.7863826586e-03
-7.3265788432e-03
3.3331291051e-03
7.2675243736e-03
-2.1460664157e-03
1.1934650468e-03
-1.0613192682e-02
4.6921902231e-03
-6.8137091514e-03
-1.8588311153e-03
-3.4956432822e-03
2.1449243961e-03
-6.9363512603e-03
1.0192460079e-02
-7.2246999307e-03
-3.7348330611e-03
4.0937569186e-03
3.7666404731e-03
5.0632163006e-03
-8.8970614021e-04
-1.0582404008e-02
-1.0250606863e-02
-1.4593743858e-03
-6.2339602108e-03
6.9018080349e-03
3.3303757987e-03
1.3956622560e-02
2.2023570404e-04
-1.0358145398e-02
-2.6536379638e-03
1.1208319270e-02
5.7503422441e-03
1.0480436693e-03
5.5222137413e-03
1.3489004728e-03
-4.2017149387e-03
-6.5637011993e-03
8.8556486997e-03
-3.5060654971e-03
2.7185184748e-03
-9.7322923561e-04
-2.9235797694e-03
-1.0296457045e-02
-8.2596192346e-03
-7.0106740754e-04
5.2538680186e-03
9.4002637525e-03
4.3569130883e-03
-1.0546618644e-03
-8.3251021752e-03
-2.7529008835e-03
-9.6598032861e-03
1.1169668644e-02
-6.7165823956e-03
4.0923426983e-04
-2.9931774374e-03
1.6662796428e-02
-2.4897815422e-03
1.8829445075e-02
-5.3357453098e-03
2.1229443297e-02
-9.4897287683e-04
8.4997837059e-04
-5.5207203825e-03
9.0968962341e-03
1.2856889685e-02
2.6988398011e-02
3.9765589753e-03
1.6645753428e-02
4.9413026000e-03
-9.8970572911e-04
-1.2334289377e-02
-7.5515107535e-04
-2.3645235353e-03
6.2756786273e-03
-2.3469519751e-03
-5.1684728971e-03
-9.5335423536e-03
-7.6426260338e-03
7.3746786067e-03
-1.0491425052e-02
-9.5520378435e-03
7.2971488289e-05
-1.3898353020e-03
-3.3215908070e-03
2.5584408692e-04
2.8140125805e-03
-6.2744195057e-03
1.6409787649e-03
-5.4878131808e-03
5.2929967681e-03
2.6717764731e-03
4.1061405618e-03
-1.7995796639e-04
-5.8097033094e-03
9.2202586269e-03
-5.3843750458e-04
-2.1881766261e-03
-1.6429068612e-03
4.0814707090e-03
7.5893250054e-03
-6.1829363309e-03
-8.8884984923e-04
8.8958511357e-03
-5.4588800759e-03
-5.8659114606e-03
3.4650077784e-03
-3.9869810678e-03
-8.6345752884e-04
-4.9713364752e-03
-6.9916383101e-03
-4.1391370897e-03
-7.9370773418e-04
-3.0926496687e-03
5.7172877452e-03
-6.0883818768e-03
-1.3425019221e-03
-9.0802923678e-03
-3.6826409089e-04
-7.4674907386e-04
-9.5026998589e-04
-1.1144718805e-02
-5.2210860508e-03
-9.9326782917e-03
-7.7720532134e-05
1.7198062888e-03
-1.7788678362e-03
1.0108209433e-03
5.3185955000e-03
8.1438949125e-03
-5.5360034873e-03
1.8270915918e-03
-7.8443039231e-03
6.3175873210e-04
8.7305434147e-03
-2.5676415936e-03
8.1835637313e-03
-1.0746597418e-02
-7.9924953447e-04
-8.0439016945e-03
-1.1850399994e-03
1.7125710184e-02
-3.6092141857e-03
-3.2192477993e-03
3.8710111431e-03
1.4562143551e-03
-3.3882789880e-04
1.5346224068e-03
-4.1923791252e-03
3.7928496517e-04
-9.1645018227e-03
1.7277228003e-02
5.2631271370e-03
3.3584683068e-03
-5.1299527950e-03
1.4295852185e-05
-3.9419694130e-03
-1.0402507670e-02
1.0186891054e-02
-9.1707473417e-03
6.2022287775e-03
-8.1220114818e-05
4.6631437171e-03
2.0356309879e-03
-8.3000869848e-03
5.2528081486e-03
-3.6669002524e-03
-9.0504959324e-03
-1.4048783860e-03
-6.4745528177e-03
8.4877811676e-04
2.8646606267e-03
-9.2829735123e-03
-2.5561496232e-03
-8.2040584554e-03
2.6397849198e-03
-1.6702686733e-03
8.4867353377e-03
-2.3791169458e-03
-1.0493751608e-03
1.3080056771e-02
-4.1367223863e-03
-1.4204559810e-02
-1.1665147803e-03
1.8347979919e-03
1.6797073967e-02
9.3047175201e-05
-6.6329594966e-03
-2.8500836201e-03
8.1224735160e-03
3.9140723595e-03
1.0520783068e-02
-4.9491846820e-03
1.3515707744e-02
-1.3570807822e-03
1.7230472878e-02
9.0238150946e-03
4.6342095855e-03
-4.9238748615e-03
4.9808363382e-03
2.5958073165e-03
4.9792498166e-03
1.8188402662e-02
1.0972966451e-02
-1.6529419435e-04
-1.8431143460e-03
2.0522408145e-03
-8.3998298870e-03
-2.7666308749e-03
8.0900384908e-03
1.6442152769e-02
7.5075313028e-04
6.4768827112e-04
-7.9798418521e-03
-2.0855236721e-03
-9.6362828551e-03
1.1122770010e-02
-3.0862653085e-03
-1.7444769763e-03
3.8706928941e-03
-2.1907925100e-03
3.0262052453e-03
5.9588699410e-03
-8.0435825485e-03
-6.9512274729e-03
8.2191806723e-03
2.0704791271e-02
-3.8157393523e-03
-7.8070393124e-05
-6.9962134009e-03
6.7994995484e-03
-1.8240544748e-03
-3.8856328065e-03
5.7366305770e-03
-4.0770073228e-04
-8.2646201164e-03
4.4509554633e-03
4.3018614000e-03
-3.2480484255e-03
-3.6345822387e-03
-2.9696061454e-03
-5.0802714738e-03
9.3380675358e-03
-7.8863330746e-03
1.2713440591e-02
-9.2132814133e-03
8.2020747835e-03
4.3522167217e-03
-3.9751455725e-03
-9.4102011947e-04
8.8270536723e-03
-6.7962461099e-03
1.1857223613e-02
-1.7080701500e-03
-4.1103525573e-05
1.2615587049e-02
4.7248280947e-03
-7.4002182987e-03
-7.5708441605e-03
-3.4779658850e-03
-8.9776813545e-03
4.4509721393e-03
-2.4948173161e-03
1.3962254979e-02
3.9660575414e-03
-5.4562150607e-03
-1.0042012552e-02
2.7717720530e-03
-5.5245729846e-03
-3.2896989944e-03
1.5939188735e-02
-9.0656747603e-03
-4.9660312357e-03
1.2922982588e-02
1.1978145229e-02
2.2707666711e-03
2.8989327055e-03
-1.3762327825e-02
1.7022293101e-03
1.1102448528e-02
5.9663059163e-03
3.5769745626e-03
-4.5418728887e-03
-4.4421733088e-03
2.6491724970e-03
-1.8716186807e-03
3.8543163696e-03
-8.4269345197e-03
-5.2452254810e-03
1.1333396044e-02
-9.0892492286e-03
6.3859939925e-03
9.6610407157e-03
-8.5441720556e-03
8.3512947631e-03
4.6875139946e-03
4.9178080490e-03
-7.6798814644e-03
9.3070587377e-03
4.8567289291e-03
1.8714406275e-02
-1.5104875446e-04
2.2484742184e-03
-1.1364441088e-02
1.3679763383e-03
8.4977215238e-04
-4.2397690804e-03
-7.8941213463e-04
-7.0474617024e-03
2.6792572274e-04
-2.1068978810e-04
5.6756887196e-03
-7.3237613207e-03
-4.9361199456e-03
1.1221264041e-03
3.9855524006e-03
-8.4472632931e-03
-2.4780213853e-03
-7.2548291641e-03
-4.9045149984e-03
-4.0070592711e-03
1.9914848202e-03
-5.2746754577e-03
-3.0913183962e-03
1.0712572791e-02
-7.0022462019e-03
5.8987500633e-03
7.8144614967e-03
2.4732650911e-03
-3.9012502659e-03
-2.4491844211e-03
-5.9408763682e-03
4.5172129169e-05
-9.1220303399e-03
-4.2260472720e-03
9.8149156673e-03
-6.1044430759e-03
2.3301569441e-02
1.5937913622e-02
2.0096909542e-03
-7.0537751021e-03
-3.7713788355e-03
-9.0025949485e-03
-3.1277767705e-03
-3.4886004881e-03
1.4136373654e-02
-8.9530579009e-04
3.5964160388e-04
8.3081954849e-03
-2.5975660583e-03
1.2247357029e-03
2.3784201153e-03
-3.4767445760e-03
3.5282914069e-03
1.2270509663e-03
-5.9926080615e-03
6.5711734539e-03
-4.8493832485e-03
-1.2045476326e-04
3.1464666335e-03
-1.0906507149e-02
9.3136340964e-03
-7.8596751932e-03
-8.5998311479e-04
-5.1315239615e-03
9.2595633944e-03
-1.4460098705e-03
1.9954061422e-03
5.8136362903e-03
5.4837134919e-03
2.1895391991e-03
1.8384754779e-03
-4.7499493204e-03
3.4820952008e-03
-6.0690934275e-03
-1.4559726350e-02
1.3846669821e-03
-1.0290836049e-03
-7.2631330485e-04
3.5236267300e-03
-5.9009319578e-03
2.0702590221e-03
1.1586750353e-02
-6.3338756393e-03
2.5347779290e-04
-2.9810165441e-03
-6.0902716304e-03
-4.9856224973e-03
3.1417477595e-03
4.1662484862e-03
-5.1363648288e-03
-8.1558488576e-03
1.3256042332e-02
-1.5410991819e-03
-7.5254783001e-04
3.7295172354e-03
2.1087427818e-03
-4.8186483240e-03
1.4176709380e-02
-3.9652495407e-03
-8.9691249952e-03
-6.2991953820e-03
3.3031283563e-03
-4.7909320942e-03
-3.3946655892e-03
-9.0937413662e-03
-1.2114499876e-02
6.6414405117e-03
-1.0120097694e-02
2.4410509643e-02
2.2407458437e-03
6.2458007146e-03
-9.0723451245e-03
-7.0135548159e-03
3.7933442511e-03
7.7392218050e-03
-8.2758975485e-03
-1.0467391170e-02
5.4412073222e-03
1.5655749453e-03
-6.1118390759e-03
-7.2291379365e-03
5.3607085185e-03
3.8674846745e-03
1.1735626320e-02
9.1304185660e-03
-4.8975086564e-03
-9.8954142767e-03
-7.5616308573e-03
-7.1168390003e-03
-1.8616140220e-03
-1.3970050338e-03
3.0038288906e-04
-1.6882570011e-03
7.5102998568e-04
-1.8598367553e-03
2.9929714179e-03
-8.5344033597e-03
-3.9212369087e-04
1.2125364905e-03
1.7863923592e-02
3.5187831158e-03
-2.4458867201e-03
3.3363481417e-03
-6.4670793749e-03
2.4032918755e-02
2.8241373144e-03
-4.8281134933e-03
-2.9249826705e-03
7.8660854974e-03
6.3819326811e-03
5.2163581370e-03
-7.4824026970e-03
6.5347577552e-03
-3.0374940531e-03
-4.7869921998e-03
2.2228738092e-03
-6.3740764666e-03
-4.5643183042e-03
-3.9907608905e-03
3.0146519666e-03
6.5346519670e-03
3.5969461051e-03
-1.0640192101e-02
-4.0669604118e-03
2.6844809417e-03
-5.4000431502e-03
-1.7419652009e-03
1.7326041802e-02
2.5694788884e-03
-5.7471953290e-03
3.0921187963e-03
5.5644327527e-03
-3.0161060836e-03
2.0348924845e-03
-6.4808293303e-05
7.3252782783e-03
-9.2475677671e-03
-6.3430360381e-03
1.6352512102e-03
1.1338770695e-02
-1.1729869437e-02
-1.3026266659e-02
-3.9411764243e-03
-1.1240140198e-02
-2.9718694780e-03
-4.7582026290e-03
-9.6616486721e-03
-9.4384475827e-03
3.4313741908e-03
-1.4580334561e-03
3.7951415001e-03
-4.5888674669e-03
-2.6884974242e-04
-6.4024379942e-03
-7.6153627806e-03
2.2332623727e-03
1.9656566146e-02
4.6664084953e-03
-4.2622434761e-03
2.2726774450e-03
2.1468307625e-03
-6.7505904382e-03
2.5368204276e-03
-4.3141581852e-03
-9.1402103237e-03
-4.7517237886e-04
6.9638704390e-03
-7.0537461535e-04
6.1264762862e-03
-7.4986409331e-03
-4.7099508113e-03
-5.9619287310e-03
-2.5505261114e-03
3.7487376379e-03
-7.8712789129e-03
5.6828061199e-05
-9.3072992712e-03
9.9201427761e-03
7.6588747811e-04
-1.9272592666e-03
-9.3055681589e-03
6.5049503176e-04
-5.9161668967e-03
-1.3056807820e-03
1.0161809751e-03
7.6313121450e-04
-3.5235746414e-03
-4.4153780188e-03
-7.8479345909e-03
-8.9351684841e-03
-4.9729878573e-03
-1.3942045555e-02
-1.2754918514e-02
-7.5562767337e-03
4.7037553689e-03
3.3229232624e-03
-3.0584234243e-05
-6.0035578087e-03
-8.2006043387e-03
3.4724694223e-03
-8.6574345042e-03
1.2974709135e-03
-5.2729391397e-04
4.2504617143e-03
9.3093198054e-03
9.4930685731e-03
6.4015411703e-03
1.6600671690e-03
2.6019039275e-03
3.8700455410e-03
-5.0849882526e-03
-9.2528989766e-03
2.4879656129e-03
2.9553416691e-03
8.0339241730e-03
8.1858610931e-03
1.6807930961e-02
5.6328472853e-03
-1.1542601829e-02
1.2362681539e-02
-3.9950920320e-03
-6.5492465910e-04
-3.5828498591e-03
3.1638271401e-02
4.4514369715e-03
-2.2238701367e-03
-8.1510180659e-03
-2.9397479802e-03
4.0181544569e-03
-7.2161002865e-03
-7.3095028578e-03
3.0569261943e-03
-7.8627447511e-04
-4.1518835227e-03
1.2664964456e-03
5.7098169080e-03
5.6968754365e-03
4.8029620493e-03
-1.1428285880e-02
1.7095567666e-02
-9.6926921652e-04
-3.4129736037e-03
-2.3066498330e-03
3.3977404168e-03
-9.2484546937e-03
3.9048975049e-04
5.1840202502e-03
-7.0314556896e-03
8.0598534789e-03
-1.5872227524e-03
-1.3239207135e-03
1.6517848543e-02
7.3549740823e-03
-7.9902404425e-03
-3.1513267771e-04
1.7950336668e-02
-1.0302126223e-03
1.5156307542e-03
5.4401278634e-03
-6.0343798846e-03
8.8605274638e-04
-7.5562550666e-03
1.8609333661e-02
-7.2970054005e-03
2.1776423096e-02
1.9775824354e-02
3.5065959419e-03
8.3226815888e-03
-3.6039038162e-03
-3.1702504258e-03
-2.2350335776e-03
-9.5217824380e-03
-6.3772445217e-04
3.2284820396e-03
-7.7647176133e-04
7.6723074334e-03
3.5101114743e-03
3.9861277660e-04
-2.3693075898e-03
-6.6619349694e-03
5.0748527717e-03
3.3045373829e-03
6.4152696213e-03
-9.3769538600e-04
9.8502015793e-04
-6.9269997957e-03
-6.6129445240e-03
6.1766596213e-03
8.7697635079e-04
6.6593105287e-03
-7.1231174161e-03
5.4493054225e-03
2.4687430427e-03
-2.2745138766e-03
-3.1888910744e-03
-7.6897669031e-03
8.9602104710e-03
1.5269492112e-02
-1.1414972364e-02
-2.9661196550e-03
-1.2000251826e-03
1.3688181304e-03
-1.1514210469e-02
-4.1022992129e-03
2.4034852304e-03
2.1669801086e-02
1.0893269620e-03
4.2903333452e-03
6.5562467422e-03
2.0265852869e-02
-2.5584676269e-03
-7.0222647470e-03
1.5061854054e-02
-3.1085373507e-03
-3.3437999343e-04
6.8247087474e-03
-9.2887457977e-03
1.6452705665e-03
-1.6138576513e-03
-5.0014883913e-03
1.0611711422e-02
5.8626950354e-03
-8.5687072929e-03
2.2947564180e-03
-3.0746522825e-03
1.1319977634e-04
-5.7750618249e-03
7.9968693390e-03
5.5936216550e-03
2.9891399748e-02
-3.7815116751e-03
-1.0902768021e-02
1.0295193722e-03
1.9188074940e-03
-8.3589590506e-03
-6.5806870708e-04
-8.6440147330e-03
-1.3672909515e-03
6.7307898070e-03
1.5847075691e-02
-1.2100660461e-02
-4.5413586071e-03
1.8724851986e-02
1.1209452498e-02
-1.2108883494e-02
1.0257144112e-02
1.3502304132e-02
-4.8710072052e-03
5.0048356772e-03
-6.1025064703e-03
-5.5803158785e-04
-2.4648413359e-03
1.4827631962e-03
-5.4395363303e-03
-5.5409082119e-03
6.5048723995e-03
-6.4451099408e-03
3.9894242115e-04
-9.6787986509e-03
-4.5749194039e-03
-1.5538298600e-03
8.2371170503e-04
-5.1761025532e-03
1.5508319301e-03
-3.1862695671e-03
-2.5988076683e-04
1.0011019963e-02
-3.8428777041e-03
5.0623865923e-03
-1.3666047129e-02
-8.4645307407e-03
9.0169625906e-03
-2.2602854492e-04
-1.2338885069e-02
-6.9057510073e-03
2.3339159064e-02
-5.8276437617e-03
6.3534138705e-03
2.1757343076e-03
1.2321362592e-02
3.1956158679e-03
8.0550599391e-03
7.2688603457e-03
5.0328510103e-03
1.1662213591e-02
-5.0044078661e-03
-8.7638344689e-03
-7.8277077114e-03
-8.7174797361e-03
2.0617499408e-03
-2.5047325175e-03
-1.2997986739e-02
-8.3030883601e-03
5.1478137409e-03
1.8283115451e-03
2.2458474192e-03
-8.9760657888e-03
-8.2297109659e-03
-7.0022160729e-03
-2.6783232796e-03
-2.7024622641e-03
-6.0330304703e-03
4.1975649932e-04
-1.3210530799e-02
-3.5428316334e-03
-6.9870002690e-03
5.9217846050e-03
2.3141873391e-03
-5.9111052027e-03
5.5038513811e-03
-1.0630582724e-02
1.0004421344e-02
-1.0687386456e-02
-5.9505798390e-03
-4.2595004463e-03
1.9971959862e-02
-6.1250921901e-03
1.3080533412e-03
-8.5910212424e-03
-6.7884452146e-03
-3.9390267995e-03
-4.7209492608e-03
2.0332228910e-02
-2.3492379152e-03
-3.3698306921e-03
-7.8615508746e-03
-7.5507397006e-04
1.3748731284e-02
3.8452875011e-03
-7.6424202926e-03
5.5187821333e-03
2.3089788284e-03
-7.9495240711e-03
-3.8486394029e-03
1.5526961123e-02
6.9300535733e-03
-2.7436407940e-03
4.1413909633e-03
-8.6618257264e-03
8.5825626709e-03
-2.7506853241e-03
-1.1525390406e-03
-7.2870950373e-03
-9.8422187433e-03
1.5641333935e-02
-3.0827845016e-03
4.6950886721e-05
-6.3644628297e-03
6.0318077084e-03
6.0690882415e-03
-7.4695959274e-03
-7.3733150030e-03
-4.4144085138e-03
1.3220390795e-03
-1.1536029460e-02
-7.6152431611e-03
1.7042651742e-02
-3.1248673078e-03
8.9421309241e-03
1.8691785514e-03
-2.4444431783e-03
6.8235007071e-03
-5.5344726216e-03
-5.1514766703e-03
-8.2588586401e-03
-8.3665953356e-03
-2.7097462668e-03
-4.4460606204e-03
4.7866747678e-03
1.3199636301e-02
4.2126527744e-03
-4.6401805835e-03
-6.5031853488e-03
1.0088885830e-03
6.4735427636e-03
1.1338359579e-03
-4.5401656463e-05
8.3393320151e-04
-5.4649533172e-03
-4.4912989245e-03
-5.2104630099e-03
-7.5955575165e-03
-1.1449018643e-02
-5.2226025634e-03
2.6085120255e-02
3.4592277662e-03
1.8801955180e-02
1.6289054969e-02
9.5182150039e-03
-9.9208200929e-04
-7.3339322312e-03
-4.0805691658e-03
-1.0381346240e-02
4.9085465904e-03
9.5024639679e-03
-6.3033204927e-04
-7.2584340258e-03
3.6476679154e-04
-5.0085964876e-03
-1.0747273694e-03
5.4920561169e-03
1.2359824791e-02
-4.4665040935e-03
-1.1899291494e-03
2.2240021946e-03
7.4985215281e-04
-3.8058385678e-03
-3.6768525439e-03
-1.0347120086e-02
-6.7966214428e-03
-6.7251383014e-04
-1.9320063914e-04
-4.3151156216e-04
5.5918272557e-04
-5.4086441952e-03
-4.6620955518e-03
3.1228470576e-03
4.9165758624e-03
3.3716699807e-03
7.5819362866e-03
-1.7180225215e-03
3.8677905005e-03
-7.3270893584e-03
-5.3886739896e-03
-3.5901747092e-03
-2.5403489090e-03
-4.3623729117e-03
4.1268442614e-04
-7.4150173439e-04
1.0040622499e-02
3.1048779112e-04
9.0217839788e-03
2.7054667783e-02
-1.3219928701e-03
-2.9168748573e-03
-2.1388395853e-03
1.4239865018e-02
4.3317160807e-03
-4.5782303894e-03
-6.3305827503e-03
-7.1085863135e-03
-3.9947000095e-03
-1.5659542886e-03
1.5476426344e-02
-3.6385069429e-03
-1.4143009391e-03
-6.5696548889e-03
-4.4112212779e-03
-7.1202689185e-03
-1.1739561626e-02
-9.1863856940e-03
4.3102167205e-03
2.6250424687e-03
4.3176997123e-03
-9.6233549435e-03
7.6694739599e-03
1.0988006774e-03
-3.2314428760e-03
-5.5717110510e-03
1.5275704570e-03
-1.4147182679e-04
-5.7808701013e-03
-5.6230649776e-03
-5.8819655190e-03
3.0063771418e-03
7.3206584689e-03
-2.3094975167e-03
6.4263567895e-03
3.2851252126e-04
-5.7872174540e-03
2.7673734680e-03
5.7685276347e-03
1.4166552913e-02
-3.3831061573e-03
-7.2604118849e-03
-5.4334210939e-04
-2.5812261460e-03
2.4441955666e-03
-1.5758595851e-03
4.2937119216e-03
1.7476885973e-03
3.8764008427e-03
-6.2903969283e-03
-2.1661699567e-03
6.3858652676e-03
-5.8017562861e-03
7.7896921278e-05
-7.3339113144e-03
1.3038341190e-02
-6.7627213963e-03
-3.4798143257e-03
1.1288008059e-03
4.5473750859e-03
-1.0818946134e-02
3.2407427895e-04
-1.6244943433e-03
1.1123515395e-02
4.1600342287e-03
2.8663146441e-03
-3.6187861551e-03
-7.5830995313e-03
-6.1744351664e-03
-5.7780762403e-03
3.3528872883e-02
8.0510992614e-03
-3.3985926463e-03
2.5519680731e-03
9.0636883793e-03
5.8581190548e-03
-1.9829172881e-03
6.6411375407e-03
8.1179387526e-03
1.4595651985e-03
-4.7406080425e-03
-9.1417294103e-03
7.2030239027e-04
2.6710674011e-02
-4.5530157965e-03
-8.7614780018e-03
-9.2479882547e-03
-3.3266084406e-03
1.0396815317e-02
-9.7090627641e-03
-6.7205626658e-03
-1.3049056614e-02
1.0938572326e-03
1.1175496361e-02
7.4786684524e-03
1.0167769518e-02
-1.8251139266e-03
-2.1690623284e-03
1.1699289917e-02
-1.7820894381e-03
-7.6406849303e-03
-6.1172325034e-03
6.0403743437e-05
-5.7183489368e-03
-6.0157783936e-03
-4.2595036807e-03
-7.8091051726e-03
5.3523605155e-03
7.2188038692e-03
-3.3168604647e-03
-8.6031246187e-03
3.1529325065e-03
-3.5502619532e-03
4.9163587990e-03
3.1386807792e-03
-1.0561302490e-02
-7.1238895808e-03
-9.3478030040e-03
-4.2350623603e-03
6.6843200863e-03
-6.9929123980e-03
1.8895313372e-03
-3.2752346086e-03
-7.5886938072e-04
1.0583287355e-02
-7.7166814067e-03
1.2789453598e-02
9.5006620446e-03
-1.3134617023e-02
-5.2013459499e-03
-6.6543344834e-03
-6.2612110118e-03
1.2498272172e-02
-1.8249525049e-03
1.7039998888e-03
4.2460186956e-03
-6.3984928732e-03
1.0601852154e-02
-2.5209642239e-03
1.7629750222e-02
-2.5168464549e-04
4.2969653669e-03
-4.9025062698e-04
-3.6570255643e-03
-9.9509449405e-04
-9.5729091068e-04
1.1599201725e-03
-1.5882989868e-03
1.8091084139e-02
-1.1531399582e-02
1.6154416332e-02
-3.0448896626e-03
-8.3269004906e-03
-9.1476093019e-03
1.9469260656e-04
1.1727460198e-02
-3.7165618098e-03
1.0801567510e-03
-1.1807100797e-03
-1.1518871613e-02
-4.8329884099e-03
-4.7983908686e-03
-1.3103627642e-03
-1.8544936307e-03
9.2989181009e-03
1.6995414994e-02
2.4010955867e-02
-4.1948761562e-03
-7.5687378562e-03
1.2663001068e-02
2.0759292219e-03
-1.4315307524e-03
3.0505635042e-03
-3.7276086141e-03
8.0842215733e-03
8.0165380636e-03
-5.2585381689e-03
6.8952457769e-03
-1.1087605827e-03
2.0098832468e-03
4.4750048916e-03
-3.6426159366e-03
-9.7182046999e-03
-6.6320918215e-03
-3.5792145231e-03
-9.5182058536e-04
-1.3125772686e-02
-3.5075620667e-04
-7.3471787698e-03
3.7202836121e-03
5.0577006569e-03
-5.7391750126e-03
8.8606860087e-03
9.9473121631e-03
-1.0377549490e-04
-1.1316861371e-02
9.2829344366e-03
-5.0894984083e-03
-8.3696901291e-04
3.4941030609e-03
1.3897037760e-03
1.7648858606e-02
2.6002462802e-03
5.9761591339e-03
3.8618816640e-03
4.7365110154e-03
-6.5380391562e-03
9.4654692349e-04
4.9191421921e-04
-9.4152553462e-03
-2.7371631050e-03
-2.4242270043e-03
-2.7504930690e-03
1.0162199269e-02
-4.2263275151e-03
-3.5101053494e-03
-2.2391294910e-03
8.9640386758e-04
-1.1097739246e-02
-6.8027950973e-03
2.6960351611e-03
2.4110060890e-02
2.3973989190e-02
3.4330921903e-03
-2.6228104694e-03
1.5582753312e-02
6.0632104383e-03
4.8605152589e-03
5.9522101192e-03
-5.2756228945e-03
1.4978465570e-02
1.7198211791e-03
-8.1271105847e-03
-3.3439071443e-03
-1.4620586168e-02
1.1021192408e-03
-3.6507134771e-03
-3.1364807700e-03
-7.3144863556e-03
1.3814756162e-03
-5.4529283662e-03
5.3102471725e-03
-5.8175519239e-03
2.2442763323e-03
4.1546109113e-03
9.0122107653e-04
9.4450639826e-03
-6.0528870483e-04
-7.6163590299e-03
-8.6001525013e-03
3.5382235506e-03
-2.0528955928e-03
2.9861435005e-03
1.1131927214e-03
-6.5138767659e-03
3.3648935627e-03
-4.6894483282e-03
-9.4083686436e-03
5.8740337863e-05
1.0483070562e-03
-5.5251603089e-03
2.0011423855e-03
-1.4469664989e-02
-3.5774918517e-03
6.1752214070e-03
6.3769356494e-03
-2.5259606167e-03
4.5259394646e-03
-1.5212385391e-03
-3.1543340037e-03
6.9907313281e-04
-1.2457178414e-02
1.6978953966e-03
1.5439165107e-02
-8.3559361696e-03
9.4141893652e-04
-4.7540907270e-03
-6.2507695384e-03
-9.4969617896e-03
-6.8737244154e-03
6.4735316713e-03
2.6873892970e-02
1.6146309274e-03
3.1064935214e-04
-4.8029773593e-03
-4.7989056592e-03
1.3238515047e-02
1.1249491783e-03
3.5117726957e-03
1.3307453038e-03
3.4129328575e-03
-4.8855953879e-03
-4.2154170669e-03
1.5904619027e-02
-9.5450506376e-03
1.1651510435e-02
-1.7276378222e-03
-6.5470019534e-03
-6.4541437114e-03
-7.0339313748e-03
7.5928768208e-03
-1.0724219104e-02
-5.9560731296e-03
8.0734020743e-03
9.3938237690e-03
1.2377080464e-03
-3.2717932142e-03
2.4609441171e-04
-9.5767555898e-03
-8.2848030031e-03
3.1391080036e-03
-4.0235560929e-03
1.7361419718e-02
8.0655739763e-03
5.0315065093e-03
-3.0773864649e-03
-8.1176493851e-03
-5.9528809167e-03
-9.0730766572e-03
6.1813529170e-03
-1.1721593861e-02
9.3779875843e-03
-8.1268462997e-03
1.7641090278e-02
8.1997733198e-03
-2.4867723100e-03
5.0728055721e-03
3.5901016313e-03
1.1333885564e-02
-3.8928005158e-03
-5.0756176441e-03
-7.0818290518e-03
9.7943027900e-03
-8.7348836607e-04
1.0941342426e-02
-9.9712913330e-03
1.0772156001e-02
-5.5211687564e-03
3.6679283392e-03
-3.3989520846e-03
8.0250549538e-03
-1.1762931721e-02
1.8732875047e-03
-4.1095292142e-03
4.4468357774e-03
-2.5930035950e-03
-7.8282310300e-03
5.8125952559e-04
4.0807110979e-03
1.2742623323e-02
3.4323407437e-03
1.1421746674e-02
-6.0188129619e-03
-8.7389945053e-03
6.0108101032e-03
-5.1733971771e-03
-9.0534232973e-03
-4.2105050182e-03
3.3085867952e-03
-9.4922532357e-03
2.3886528978e-02
8.5810010171e-04
1.6720072256e-02
-6.4635110602e-03
2.0358726415e-03
-5.1022961988e-03
-4.6069759797e-03
-6.1351505349e-03
-5.6706295131e-03
-4.4446058269e-04
4.8219819113e-03
-8.0988329525e-03
-6.8315249089e-03
-3.5883872381e-03
-3.2157976824e-03
1.5585935097e-02
-4.6408173932e-03
-9.7925203597e-03
-5.4559604697e-03
-3.9355617772e-03
7.3091153380e-03
-2.3303248627e-03
1.9497560928e-02
4.1510095666e-04
5.7035940843e-03
-2.2130356209e-03
-1.1069320079e-02
5.1612410578e-03
-7.6914394475e-03
9.7277366578e-04
-1.0762028449e-02
1.4190290096e-02
1.5029873116e-03
-5.1107389767e-03
2.2115333528e-03
-4.3838922506e-03
2.3981626447e-03
-7.4371162007e-03
-5.4779865634e-03
4.1303407103e-03
1.5434557003e-02
8.4664749788e-03
-7.9527733273e-03
-8.2397408086e-03
-2.6656773721e-03
2.5321918433e-03
4.5389903907e-04
-1.6531216025e-04
3.0647470085e-03
1.3272185391e-02
8.2181504183e-03
-4.1784426048e-03
-3.8737181045e-03
7.8682235435e-03
3.1476868049e-03
-1.0598848497e-04
1.4933235237e-02
-3.1179734142e-03
-2.3595355282e-03
-3.8791008344e-03
1.6822550501e-04
-1.1869499829e-02
2.3133170207e-03
-6.8243218377e-03
5.7409129439e-03
7.9579045349e-03
1.6256693084e-02
1.2736566148e-02
-3.4090623747e-03
2.1765080482e-03
-1.3261604484e-02
-1.1255877140e-03
-1.1340304495e-03
-3.9477473259e-03
-3.3103278291e-03
-1.2255475093e-02
-1.0190335370e-02
-5.0497642881e-03
1.3318012068e-02
-3.4015782668e-03
-1.1087129904e-02
-8.4777912230e-04
1.4772532610e-02
9.7661956823e-04
-3.2730447580e-03
-3.9689880470e-03
-4.7163062710e-03
3.8213645558e-03
1.9402697190e-02
-1.0587058877e-02
-5.1717688059e-03
-6.9564330423e-03
1.4671451888e-02
-1.2878185008e-02
2.8109628294e-03
2.2755616355e-04
1.4455466150e-02
1.0724913198e-02
1.4415702125e-03
-9.3568641239e-03
5.9929332217e-03
-9.5084003330e-05
1.7449543801e-02
-3.7161571092e-03
1.2341609899e-02
2.8124425417e-03
7.4573310560e-03
-7.3070986266e-03
-7.3225412234e-04
-6.5952330207e-03
1.9073137934e-02
-2.1756062395e-03
-4.3355450300e-04
-2.3112672152e-03
1.5742896740e-03
7.2775113675e-03
-4.0525707708e-03
-4.1462004768e-04
7.0165170733e-03
4.2803748130e-03
-8.0626429464e-05
-3.8254892143e-03
2.6962348935e-02
-5.4572787585e-03
5.1104190331e-03
1.2375312826e-02
2.4012800256e-03
-2.4330521282e-03
-1.9833551015e-03
6.3630579283e-04
-1.0089354739e-02
-5.3816284264e-03
-1.9988856520e-03
8.7510624513e-03
-1.0996138380e-02
2.6744872991e-04
-9.2481838772e-03
-7.9389407656e-03
4.2910117976e-03
-2.7518263209e-03
-7.0800024174e-03
1.0426370051e-02
1.7429957484e-03
2.9098962440e-03
1.8962027308e-02
-3.8561892796e-03
7.8674125429e-04
4.6677121609e-03
-1.1126065294e-02
-3.5865230186e-03
-4.2895943434e-03
-9.4727215294e-03
5.5048556948e-03
-1.9811084936e-03
-1.6850780136e-04
-6.3325773821e-03
-5.1736757913e-03
-1.5565315438e-03
-6.7364723963e-03
-2.0021282896e-03
1.3909453305e-03
4.7124955121e-03
3.1152866676e-03
3.9101136353e-04
4.3913283328e-03
-5.5437020658e-03
4.6285033639e-03
-3.4974623007e-03
5.3372068577e-03
-4.7331377374e-03
-5.4049304044e-03
7.1532900015e-03
1.1708238846e-03
-7.1662250735e-03
-9.4474970389e-03
-9.7992378611e-03
-4.3729542646e-03
2.1168483267e-02
4.2472636677e-03
7.5823333378e-03
-5.5855588667e-03
1.5918206979e-03
-3.7114073373e-03
-6.2230468791e-03
1.9604075429e-02
-9.6852124898e-03
4.1600029322e-03
-4.1188119217e-03
-9.2664536433e-04
1.8502948312e-02
-4.8377200390e-03
-2.1447549764e-03
-3.8652277179e-03
-5.2485387912e-03
-2.2812357724e-03
1.5941638143e-02
-6.5711022825e-03
1.3566531840e-03
1.0007359158e-02
7.7090629902e-03
1.2004972395e-02
-1.0572574066e-02
-6.8212107304e-03
-5.1967072347e-03
1.8084868717e-02
3.4198301203e-04
1.3312863443e-03
-6.6870821350e-03
-2.1174916317e-03
-2.4171607034e-03
-1.1470822476e-03
-1.9065865708e-03
-8.0904590395e-03
-3.1931248233e-03
-2.6799634915e-03
1.5683843488e-03
-7.8902341522e-03
3.0888055087e-03
-2.3128667946e-03
-3.8918321954e-03
-3.5646783586e-03
-3.6034578098e-03
7.1027528051e-03
7.8588585024e-03
1.7882455771e-03
-3.0275450874e-03
1.0940434382e-02
2.3332729501e-02
-1.7055387132e-03
1.1268255064e-02
-2.2684613188e-03
9.9162424086e-03
2.5477091701e-03
-3.9698984847e-03
-2.4749535268e-03
2.5949356982e-03
-1.2136982640e-02
6.8207910916e-03
6.2877601609e-03
2.0357002440e-02
5.7970219285e-03
7.7419818241e-03
9.9901101978e-03
2.6666632521e-03
-2.5346291562e-04
8.0003970542e-03
2.0866884606e-02
-1.0409374620e-02
2.9662615855e-03
-6.2426546268e-03
-1.3506637822e-03
4.1643785806e-03
-7.1001044268e-03
-6.4857868197e-03
-1.0917535747e-02
-5.2514390837e-03
-9.0572246430e-03
-2.0595976830e-03
3.6701201046e-03
1.7518544655e-02
1.3050672707e-03
-5.6415280872e-03
-5.3221734388e-03
-2.3290780246e-03
-3.5838057180e-03
-7.6101026985e-03
-2.7957072176e-03
-3.2316247445e-03
1.9397177973e-02
-8.2280578547e-03
1.6172972925e-02
6.4497120188e-03
-8.7141528452e-03
-9.7362391285e-03
-2.4914987139e-03
1.6883102639e-04
-3.7269829105e-03
3.8886794220e-03
-6.3999075212e-04
1.6357216344e-03
7.9890970611e-03
5.3754858738e-03
-3.2276877002e-03
4.2430267402e-03
-1.5323197438e-03
3.0722266553e-03
-6.3261456142e-05
5.3535034266e-03
-1.1738809494e-02
9.1750320959e-03
-6.1123366468e-03
6.2074772104e-03
-7.7269690877e-04
9.9822684624e-03
1.1764554593e-02
2.1615912064e-03
-5.4456033575e-03
2.5740777586e-02
1.1176155270e-03
3.2589348645e-03
3.2149059134e-04
6.8310685070e-03
-8.3555459121e-03
5.3978327028e-03
-6.0901564750e-03
2.0040848595e-02
3.8527280064e-03
1.3672546572e-02
-2.7508797159e-03
-1.4717558144e-03
9.3319697533e-03
-1.1212998805e-02
3.9293199374e-03
7.6271534963e-03
2.3731465781e-03
5.7768550029e-03
-4.4805339354e-03
6.4485973524e-03
-9.9373271759e-03
4.9511376759e-03
-3.6261943323e-03
-1.8995104956e-03
4.0720476151e-03
4.3502661406e-03
-1.7888139941e-03
1.1751902012e-02
-8.3144080283e-03
8.9209058430e-03
-7.6808443683e-03
-5.4742002259e-03
1.2829545957e-02
-1.1550574515e-03
-1.0847849886e-02
1.0463147486e-02
-6.7196095815e-03
-6.4677245904e-04
2.8295057210e-04
5.8130338761e-03
-1.4462520040e-02
-6.3271576697e-03
5.5020923680e-03
5.2861320721e-03
2.1805074005e-03
6.3238534456e-03
-1.0599760741e-02
-7.7877254497e-03
-7.9723359605e-03
8.9493873243e-03
-5.4253688495e-03
-1.8045468220e-03
4.1370690176e-03
-1.2875979891e-03
1.5175683385e-03
1.2726555628e-02
-2.5921075919e-03
-5.6894373103e-03
-4.0945129425e-03
-4.9731284241e-04
2.1324041759e-04
1.5741777723e-03
-9.9801263251e-03
-8.0648976926e-03
4.4693640248e-03
2.6642428622e-02
-9.2235208577e-04
8.9117703392e-03
-3.9228747967e-03
-5.6174014679e-03
1.2398373618e-02
-9.1789397194e-05
-7.4713884558e-03
-6.4367367171e-03
-2.1115746313e-03
-7.0379842760e-03
2.1561060044e-04
-3.2198796884e-03
-2.1495834052e-03
-3.6190721400e-03
-2.5000556289e-03
-2.7777501833e-03
-6.1071719029e-03
2.1505734920e-03
2.9171783630e-03
3.9067400696e-03
-2.2385559596e-03
6.8515809891e-03
3.3237000105e-03
4.5545749593e-03
-5.8463752007e-03
-7.4950089608e-04
-8.5037245812e-03
-8.6677117086e-03
-7.9216721195e-03
7.5590618978e-03
2.6749296190e-03
2.0862283573e-03
-8.8900420131e-03
-7.0445652189e-03
-9.1044713585e-03
7.1486233565e-03
-2.2698625076e-03
-8.2466328606e-03
-2.3221387076e-03
-5.8596788407e-03
-2.8417199468e-03
2.4510453376e-03
3.6723086809e-04
2.7830156201e-02
6.2574055854e-03
-1.5194453327e-05
3.1234803084e-03
3.4230618701e-03
6.0441020175e-03
-1.6662767454e-03
6.5412409357e-04
9.9719199149e-03
-3.0624300667e-03
6.1461211565e-03
5.6405844224e-03
9.7767179525e-04
-2.7783121616e-03
4.9881365766e-03
-8.4582953525e-03
2.9581141781e-03
1.0690613300e-02
2.0020019218e-02
-3.7515466571e-03
-5.0112514692e-03
-8.2318587521e-04
6.1697888231e-03
-9.6436039342e-03
-4.7664041762e-03
2.3573807961e-03
7.6932018756e-03
-5.9372806229e-03
3.4367941905e-03
-3.5817027188e-03
-3.6388576266e-03
4.4079107233e-03
-6.4382519146e-03
-6.4813015765e-04
-4.5798502544e-03
-2.1430632373e-03
1.3155667079e-02
6.2778544943e-03
-6.7207847037e-03
-3.6756134138e-03
-6.0921903599e-03
3.6472109306e-03
2.3693898094e-03
-4.3253177166e-03
-6.2682117694e-03
1.3764456339e-02
-9.6507740344e-04
-3.0849281628e-03
1.1705539270e-02
-5.4298611699e-04
7.7670838866e-03
-1.6847303592e-04
-4.5969076258e-03
-5.5937009674e-03
2.3788865544e-03
-7.9079880940e-03
3.3816676738e-03
3.2578303671e-03
-3.6386941700e-03
-9.9351704700e-03
-5.9994452472e-03
9.4857522252e-03
-5.5358533560e-03
1.7687841910e-02
-8.0657226453e-03
-3.1943013044e-03
-6.4408902201e-03
1.2860986143e-02
-7.8653095994e-03
2.7555385879e-03
1.6575070236e-03
-7.8268195874e-03
4.6735093725e-04
4.3242947383e-03
2.9460590697e-02
2.6723521952e-03
8.3063145246e-03
8.4428786016e-04
1.3535821723e-02
5.9875547296e-04
-7.5232740624e-03
-6.6846217729e-03
8.7488740429e-03
3.9367746399e-03
4.2293061633e-03
-5.5310417039e-03
-5.9585109707e-03
-3.6726300398e-03
-8.9493447666e-04
7.9726805584e-03
6.9283059375e-03
4.4828409505e-04
9.0635704596e-03
-4.8900865706e-03
3.1680198083e-04
9.3366375777e-04
1.0016873021e-02
2.4189253651e-03
-7.5917916608e-03
-1.8712430653e-03
-3.0869182221e-03
4.2335672607e-03
-6.8643912030e-03
1.2564679720e-03
-4.6867518751e-03
-7.2561892853e-03
-5.0660024424e-03
-3.7360256719e-03
2.3848776810e-03
1.1441369839e-02
-8.2616816223e-03
-4.9823672955e-03
-2.5981967674e-03
2.6583676955e-03
3.5985722359e-04
-8.1144023953e-04
-5.3691374137e-03
-5.5668212856e-03
-3.7023771476e-03
-6.8733952958e-03
-2.0383742474e-04
2.7637294883e-03
-2.7612332674e-03
1.2108766437e-02
-1.9929730698e-03
-7.3211637792e-03
-6.6848212882e-03
4.8648106980e-03
2.7466611678e-02
-8.8918078371e-03
-4.1478189852e-03
-1.1857151941e-03
-3.6426677769e-03
2.0009231758e-02
-4.2081112198e-03
9.6565261928e-03
5.1088169430e-04
1.7263757802e-03
-6.5512441258e-03
1.9690624356e-03
6.8993875259e-03
1.5339399327e-02
-7.8132708452e-03
1.0532039676e-03
2.9594497765e-03
1.0282711531e-03
-1.0589831113e-02
-1.0632441646e-02
2.8428423635e-03
-1.2072158747e-02
-3.4228597163e-03
2.0527575699e-02
4.5040955734e-03
-3.9627402491e-03
3.4219373687e-04
1.2594523226e-02
1.3297993596e-02
-8.9089723646e-03
-7.4431949636e-03
1.5007524579e-02
1.7041808891e-04
1.2992866962e-02
7.1440289300e-03
4.0428149572e-03
4.3879148296e-03
1.4213207933e-02
-1.1764713312e-02
1.5078885836e-02
-6.7241961790e-03
-7.0050871157e-04
3.3793508011e-05
-9.8720969714e-04
-3.3842818298e-03
1.5693959593e-02
9.9881227413e-03
9.2550516155e-03
3.0782786981e-03
1.6662921710e-03
-1.0867157155e-02
-7.6979400912e-03
9.2422513280e-03
1.8561443552e-02
1.2422937061e-02
-2.4088826724e-03
-8.9710434213e-03
1.4668840989e-02
1.3570732748e-02
4.0770749549e-03
-8.0693645213e-03
-3.7001030133e-03
2.8193418968e-03
2.9686654358e-02
5.3090273373e-03
-7.0510415241e-03
2.7387942752e-03
-3.0329261764e-03
-4.6924258685e-03
4.6647858272e-03
1.5009531998e-02
-4.3602533501e-03
3.2191085533e-03
4.5500289714e-03
-7.4551815201e-03
3.1658693188e-02
-5.8632748183e-03
8.6497553070e-04
-9.9598009666e-03
-7.0301246226e-03
-7.1524285798e-03
-6.9441542888e-03
-4.9573964918e-03
1.3441156524e-03
-4.3822021734e-03
-5.0047011122e-03
-7.0726729177e-03
9.7508964187e-03
-6.5264948530e-03
1.2979160834e-02
1.3346141008e-03
4.6026053831e-04
-3.3404642884e-03
-9.5623596747e-03
-6.3293936088e-03
-4.0857481440e-03
-6.6456007047e-03
-8.1746606741e-03
1.3593080250e-02
9.8985345671e-04
-4.6809820254e-03
-2.3836705406e-03
-3.5869671338e-03
7.9449064792e-03
-9.7405225117e-04
1.3783682865e-03
8.9085205267e-03
-6.0041593840e-03
-1.1296629288e-04
-1.5225301622e-04
1.4855207090e-04
4.7223958776e-06
1.9822280853e-02
-2.4301732410e-03
-5.2140424987e-03
8.8588551494e-04
-5.4818391861e-03
3.2135301143e-03
-1.0781214583e-02
-1.1453880748e-02
4.7871643616e-03
7.2162171553e-03
4.0231620032e-04
5.8094050327e-03
-2.5571600472e-03
-3.0182629399e-03
-5.5903726264e-03
-8.1522600533e-03
-4.3789513789e-03
1.7393431498e-02
1.1886477454e-02
2.1100098971e-02
-5.5460409648e-05
1.0167969472e-03
-1.1381086204e-02
-2.2935298679e-03
6.8669958159e-03
2.0665460330e-03
1.1468215913e-02
1.2333596894e-02
8.7329407804e-03
-3.6232326476e-03
-1.1798393364e-02
-4.8414688197e-03
9.4969756790e-03
-2.9461952998e-03
-4.5139076120e-03
-2.7975310410e-03
-4.1271586356e-03
-4.9286902367e-03
-5.2120168284e-03
6.6524762167e-04
-7.0492916978e-03
2.2631079794e-04
9.4342474824e-03
-5.2648654262e-04
2.4797368318e-03
-6.9713080052e-04
5.9249319880e-03
-8.3789635585e-03
-3.4994127212e-03
1.4742987350e-02
-3.0322143577e-03
-6.8008240906e-03
-2.1978445671e-03
-1.5562056324e-03
-6.5240134473e-04
-1.1082095734e-02
2.0006144660e-03
1.7252808077e-03
6.3804512062e-03
1.0440547559e-02
-5.1280471512e-03
1.5286724462e-03
-4.8431622002e-03
-5.0124335384e-03
-4.1256506626e-03
8.9160390045e-03
-7.9741463387e-03
-3.6675309731e-03
2.3227130642e-03
-2.3090386702e-03
-2.6430805114e-03
1.5143844966e-02
1.7657160060e-03
-1.2582095427e-02
1.2678108555e-03
-6.0056443814e-03
-3.8309825744e-03
1.4608402826e-03
-5.2235404292e-03
9.1465135345e-03
4.3944549006e-03
9.2188971181e-03
-4.8697317495e-03
-4.4245378101e-03
-3.0981452069e-03
9.3591068792e-03
-1.1876369887e-03
6.5142536749e-03
2.6565525031e-03
-7.1935433968e-03
-6.8692897157e-03
-7.5252616498e-03
9.2356889030e-03
-7.3452565926e-05
-4.8449747534e-03
-9.9282074450e-03
-2.5125385282e-03
1.9187491910e-02
-5.4804931618e-03
8.9228691328e-03
-3.3940065395e-03
-8.4295662976e-03
-6.8036046519e-03
1.4904546780e-02
-4.6196023009e-03
3.0302354077e-04
6.0900349824e-04
6.4202047018e-03
-4.1778223306e-03
-2.5736939299e-03
-1.1953901556e-02
-9.2560560378e-03
-1.2448754054e-03
-8.7047778380e-03
2.8577659586e-03
1.2304195935e-02
-1.1428305743e-02
-5.1828632809e-04
7.8703886162e-03
-3.7211752560e-03
-7.9509444561e-03
1.0142160891e-02
-1.1836209510e-02
-1.7567891060e-03
-2.4315589722e-03
-8.5785259458e-03
-1.0335674450e-02
-6.6036593710e-03
-7.9040549187e-03
5.4180543097e-03
1.9236649935e-03
-8.3123909608e-03
-5.8541689341e-03
-2.2976858710e-03
-4.0143988462e-04
-2.9111979167e-03
-5.2301693422e-03
-3.6157809807e-03
-1.2781075833e-03
1.5396701857e-03
-1.9456182665e-03
3.0703418626e-03
7.9609685181e-03
-8.4656023746e-03
1.2439574816e-03
-5.2737440151e-03
2.9119659792e-03
-8.5746325427e-03
6.4569571782e-04
-5.3183531055e-03
3.6309609443e-03
-1.5940145987e-03
-7.9800638236e-03
-1.7855529548e-03
2.4399445553e-03
-9.2792422094e-03
2.0510068126e-02
3.2644862183e-02
3.4296837891e-03
1.4323045951e-02
6.8719054231e-03
5.4783120864e-04
-1.6676826027e-03
-5.9766438548e-03
8.2384987813e-05
-4.1854080667e-03
-1.5437077355e-03
-8.2587665162e-04
1.4630090456e-03
-3.1711536601e-03
1.2979287120e-02
-8.6399400260e-03
-5.3656076570e-03
-8.4099014855e-03
-8.4345383384e-04
1.5173292133e-02
-3.9859738191e-03
5.6147619736e-03
4.4449472905e-03
-6.1307410963e-03
8.2571299122e-03
-8.5312841002e-04
8.2397642032e-04
-9.1602190889e-03
-7.4573814821e-03
-6.1726687566e-03
1.4177209649e-03
-2.8955104752e-05
-8.1470864958e-03
-7.7468163956e-04
7.6347147783e-04
3.5060331413e-03
-5.0720495379e-03
-3.4272725623e-03
-3.9926814502e-03
-9.2402984928e-03
-4.9206091813e-03
-4.9972842887e-03
8.3049615044e-03
-1.4184132636e-03
-4.1502226921e-03
-1.2807513944e-03
7.7409667377e-03
1.4046841229e-03
-4.3223746996e-03
-1.0121893821e-02
-5.9577004125e-03
-5.5163777583e-03
1.5811257573e-04
9.8424884060e-03
9.3258338991e-03
1.2320802904e-02
8.1047076038e-03
8.4619180872e-03
8.7239894762e-03
-5.7472578902e-03
-7.7081877735e-05
4.1467587516e-03
-3.5317809485e-03
-8.6878615456e-03
6.6959045830e-04
-8.4757045131e-03
-8.2614298885e-04
-4.4929885208e-03
5.7155902667e-03
-4.3264411339e-04
6.5517175527e-03
-1.2385907813e-02
-4.6149059710e-03
3.8237965563e-03
3.9395184848e-03
-1.8092085088e-03
1.5666395641e-02
7.9691853993e-03
-1.0047926851e-02
-2.2538840816e-03
7.1024334818e-03
8.1323965397e-03
1.1651246385e-02
7.7924196129e-03
-1.1804265444e-02
9.8318822031e-04
-5.1018139920e-03
2.4986523200e-03
-2.0747911933e-03
-4.3036141019e-04
-5.8563711319e-03
-7.8738552144e-03
1.2995729867e-03
-2.4906730712e-03
3.4656698577e-03
-1.3627272536e-02
-2.4504135411e-03
4.5949386538e-03
-6.2771563356e-03
-2.8025249129e-03
3.6429697032e-03
4.4247974429e-03
-4.8194770482e-03
5.8111682892e-03
-8.5356590799e-03
6.2026621709e-03
1.6473052765e-02
1.8172984696e-02
-4.2350243172e-03
-4.1513180903e-03
2.2607904196e-03
-5.6724188887e-03
1.2011596304e-02
-7.9374580902e-04
1.1994672892e-02
9.5871352313e-03
5.1006892741e-03
-1.0006867176e-03
6.9445010909e-03
-2.4918789527e-03
-3.1224746282e-03
-7.0495787493e-03
5.9033846477e-03
9.7255752496e-03
-1.3073056896e-03
2.7240043949e-02
-5.7637205988e-03
-3.3905041405e-03
1.1660317826e-02
-4.0017912608e-03
1.1719414643e-02
3.0147202438e-03
7.1467119021e-03
-1.1797704881e-02
1.0859218119e-02
-7.4323489133e-03
8.0738603946e-04
-1.9614400661e-03
1.4462865176e-02
1.7802117514e-02
-7.1046821510e-03
-2.6728642483e-03
-8.8088423602e-03
1.3873535656e-02
1.0105020329e-02
-7.3750960986e-03
2.1593270465e-03
1.0185396660e-02
-5.1787363290e-04
5.0168337829e-04
-7.9370166181e-03
-1.2634367104e-02
4.9091536480e-03
-2.7205948394e-03
5.4132747277e-03
7.0162076627e-04
7.6105607943e-03
-1.3222469901e-02
-6.4870741327e-04
5.4957632734e-04
-6.5463289455e-03
-5.2980327922e-03
-3.7846456371e-03
-4.7932637796e-03
-6.5326335727e-04
6.9324453378e-03
-2.2543784911e-03
-1.2488838485e-03
-4.0841029693e-03
3.3670444307e-03
-7.4702275065e-03
3.0360010041e-03
-2.7798289382e-03
-3.4613277159e-03
-7.0879944045e-03
1.3673965428e-02
-5.3341977357e-03
-6.6285158788e-03
3.4566575040e-03
2.2218123745e-02
-4.1586564892e-03
-2.6944630690e-03
-1.0505348023e-03
-2.3668147976e-03
1.3666781226e-03
-2.1264865355e-03
-1.2360245339e-03
-8.8201750583e-03
-7.0611903401e-03
-8.4749468463e-03
-9.7318729472e-03
2.7776452121e-02
-7.1942491566e-03
8.3174637412e-03
7.7373874829e-03
5.4437955829e-03
-2.4052151127e-03
1.7321154964e-02
1.0586405352e-02
-3.3700112543e-03
1.6333641737e-03
6.2292519535e-03
-7.8324358310e-03
-7.5104534138e-03
5.2518691887e-03
2.1749355520e-02
3.4835341653e-03
5.0822280424e-03
-4.7809638383e-03
-1.2312373914e-02
-8.3790766529e-03
8.3803445325e-03
2.5831461126e-03
-9.6521098628e-04
1.1451491854e-02
-1.4386081028e-02
-1.5680189918e-03
2.4309842484e-03
-7.6489991349e-03
1.0866195195e-02
1.7106685871e-02
-3.9790666945e-03
-1.2279948727e-03
-2.4863778193e-03
3.3412578840e-03
6.3196462251e-03
-4.0078777529e-03
-3.5559870921e-03
3.4018849031e-03
6.1001568381e-03
-5.2318565656e-03
6.2282772339e-03
1.8517870232e-02
-6.5557782095e-03
-6.9713509869e-04
1.9863922803e-02
7.9673752444e-03
4.1552454493e-03
-4.9563457148e-03
3.5293855149e-03
2.9701643536e-03
4.9538286161e-03
-5.8340724810e-03
-8.5610215825e-03
-7.7871295516e-03
2.3608095651e-02
1.4654723454e-03
1.2297663916e-02
-1.7093539203e-03
-6.2884665962e-03
6.6485233263e-03
6.5397223611e-03
8.2587515782e-03
-8.4373522726e-03
3.5783644780e-03
1.4692178313e-03
-1.8815060823e-03
-5.6258006933e-03
4.4560590532e-03
-5.8694505615e-03
1.6887265765e-02
4.6655134862e-03
-1.2511767818e-02
9.8996798872e-03
-4.5521142091e-03
-6.4326080902e-03
-8.7956394398e-03
2.2367108701e-02
5.6424251372e-03
3.7790487870e-03
1.3442994065e-02
2.0086904621e-03
7.7146724099e-03
-1.0469452509e-03
9.6018929128e-03
3.8505333860e-05
-2.6719707346e-03
-5.0069943502e-03
2.0401577215e-03
1.0628661181e-02
1.6737925594e-02
-2.1308432190e-03
-9.4034089931e-03
6.7818114502e-03
2.9718950345e-03
-4.1642170395e-03
-8.0850759167e-03
1.4147587761e-02
7.1089633898e-04
2.5593330501e-03
4.4885065851e-05
-6.9044747870e-04
-3.7460473850e-03
-2.8718527956e-03
1.5961202452e-03
5.9793122753e-03
4.8430702590e-03
-4.1460074452e-03
-3.1305625104e-04
-5.1832633619e-03
-2.4049699365e-03
-5.1241380483e-03
-4.4455761001e-03
1.5713427870e-04
-4.8372876081e-04
4.9984089022e-03
-3.3323450777e-03
2.8968252169e-03
-1.2690078237e-02
1.6100966454e-03
2.8641635408e-03
8.3710358783e-03
9.2831292292e-03
-1.0290207120e-02
4.3648711435e-03
1.5091867346e-02
-8.1360449863e-03
-1.1997652440e-03
9.1594135752e-03
-1.4302875724e-03
7.3862655996e-03
5.0744709862e-03
7.0055993127e-03
-4.0668541409e-03
-4.1312855430e-03
7.0054176385e-03
5.4936456420e-03
-5.3872303136e-03
3.4828276413e-03
-2.9927090074e-03
-1.2189814613e-03
9.1360326810e-03
-5.3307533592e-03
2.6744392982e-03
1.7167145504e-03
-3.5152587534e-03
-8.8724260298e-03
-4.8631089345e-03
-3.7547673899e-03
-3.3659330833e-03
5.0121352326e-03
5.4772121767e-03
-3.9636742805e-03
-9.2491727121e-04
9.1687053732e-03
-9.3089743094e-03
-3.0866332699e-03
-3.1111028191e-03
8.6325665232e-04
6.0128526786e-04
4.1444576033e-03
4.5256299209e-03
-1.6258346559e-03
1.7107056235e-02
-5.9073430842e-03
2.1396595418e-02
-2.0660816078e-03
-2.3155628274e-03
8.3831325114e-03
4.9780224360e-03
-1.0633380212e-02
5.4543829659e-03
3.7993745438e-03
2.7463659744e-03
7.0811813315e-03
1.0072173793e-02
-6.0333397350e-03
-3.7873583855e-03
-7.9572591604e-03
-2.6449051800e-03
7.1863757442e-03
5.4991093819e-03
-1.0778286232e-03
4.5458730748e-03
2.5814432639e-03
-6.6743859943e-03
1.3673361684e-03
-7.3868703219e-03
1.2787145416e-03
6.1962715892e-03
1.8677170755e-03
1.9975827311e-03
8.4088508621e-03
1.9832748978e-03
-2.8715676979e-03
-5.3116279194e-03
-1.9767303230e-03
-7.3403837352e-03
1.0510557894e-02
1.7904272431e-02
-4.9830111470e-03
5.0938125087e-03
-4.1815036980e-03
1.5407479437e-02
8.2868071411e-03
-3.0515847771e-03
-2.9644981059e-03
4.0005429975e-03
-7.4965985371e-03
-6.4706922330e-03
-1.3020020150e-03
-1.0078785543e-03
8.4332468706e-03
-3.6162632010e-03
-2.9060525441e-03
-3.3833748765e-03
-3.0036910288e-03
-4.3951622408e-03
-3.4001991726e-03
-6.9963415523e-03
4.1180344837e-04
5.4301210508e-03
-2.4327800194e-03
-4.9543308846e-03
-2.8606086077e-03
-6.5269914835e-03
-4.8492686306e-03
-5.2991763049e-03
-3.9215092185e-03
1.5543904722e-02
3.3545413390e-03
-6.5532126348e-03
-3.8243187256e-04
-4.9903765974e-03
-7.9766566393e-03
-1.1186672946e-02
1.0274066039e-02
-7.0748841464e-04
4.4713305888e-03
-3.8806977030e-03
-2.3809325534e-03
-4.4526677576e-04
-5.3965314641e-03
3.8741522035e-03
-3.1703446199e-03
-1.0350016908e-02
-8.2459421421e-03
-4.4003790039e-03
2.0504972605e-03
4.7322216325e-03
3.3202510402e-03
-2.8372690305e-03
5.1276892318e-03
1.0259813644e-02
-4.2664270385e-03
2.3331070541e-03
-3.5240547491e-03
4.7155234109e-03
1.1809498104e-02
-4.2746038017e-04
-3.7890025635e-03
8.1271947210e-03
1.7925883145e-02
3.5374312213e-03
1.2212973642e-03
-4.1855356886e-04
2.2399710309e-02
6.7997235904e-03
1.3680835319e-02
-6.1786522113e-03
1.3683089672e-02
1.3108140104e-03
7.6985834186e-03
-7.7214895719e-03
-1.3557842294e-03
2.4268564916e-03
-5.6713934605e-03
-6.0601367107e-03
-6.6284039848e-03
5.7559182906e-03
1.8771123314e-03
-8.3860978984e-04
9.5292967349e-03
-4.5365802044e-03
4.7316163617e-03
-2.9611514375e-04
2.4918147930e-03
-6.2027437801e-03
-3.4559059295e-04
-2.3857068997e-03
3.6668270741e-03
4.0558327586e-04
1.2410762344e-02
2.0217931963e-03
-4.7055249701e-03
-1.1824585093e-02
9.1805358923e-03
3.6138523290e-03
6.5715655242e-03
3.6990391286e-04
1.7962352350e-02
