-4.1800112055e-03
-7.7094860108e-03
1.5659975087e-02
-1.0678666398e-03
2.1673502034e-03
-1.4439822303e-03
-3.8221367592e-03
-5.4709397397e-03
-8.8639077909e-03
-7.5506470953e-03
-1.2546261010e-03
7.7751834418e-04
1.4653016661e-02
1.9497413977e-05
-1.5765247229e-03
1.0830886379e-02
4.1815384096e-03
8.6783159635e-03
-2.4827292750e-03
1.3303176987e-03
-1.6735524530e-04
8.3151670072e-03
1.1610428158e-03
1.4596207422e-02
5.6451379285e-04
3.5716658474e-03
2.0197824718e-03
-8.7526921983e-03
-6.8797100363e-03
1.6619883932e-03
-7.0337290434e-03
-6.3035817406e-03
-1.9778380024e-05
-2.1428096089e-03
-9.5982428223e-03
8.0794928900e-04
-1.4760660831e-03
-3.0953651866e-03
-6.0818015022e-03
9.0950813445e-03
2.9192883315e-03
-2.5006463191e-03
-1.2342720788e-03
1.3950529017e-03
7.1406609006e-03
5.6761068764e-03
-6.1727170384e-03
3.1008059893e-03
-6.2463091682e-03
1.4206062956e-03
6.3377323046e-03
-1.8020103972e-03
-4.7151005319e-04
-7.5449336020e-03
-7.4341035310e-05
-5.7362206658e-03
6.0652786258e-03
1.2661175571e-03
-3.5634881940e-03
-2.5357906545e-03
1.4388311470e-02
2.5417129419e-03
6.2495636341e-05
-7.0588515746e-03
4.7693316843e-03
1.0230014741e-02
4.2815823993e-03
8.6610798762e-03
-2.2562290790e-03
-4.4587795350e-03
1.2512195525e-02
2.5435606867e-03
8.1600971729e-03
-5.6447342617e-03
-5.2783424591e-03
-7.1809487182e-03
3.4375070022e-03
-4.9411701882e-03
-8.8314120518e-03
-8.2511406056e-03
5.6322225892e-04
1.5732431535e-02
8.2607825313e-03
1.8814865206e-03
-6.4176611367e-03
1.4434258801e-02
1.2581368450e-02
9.7884081081e-03
-5.9350141296e-03
-4.4454248642e-03
9.6363492413e-03
4.4240961623e-03
-6.5221782031e-03
-4.1146791838e-03
-7.7242868391e-03
-1.2703578223e-03
-2.2176359848e-03
-4.1303340651e-03
1.6749647126e-03
1.6659914959e-02
-6.0409797008e-03
-7.4029874150e-03
1.0742827209e-02
-7.5062130082e-03
6.9935730456e-05
-9.6319010088e-04
-2.0894750482e-03
1.4392940915e-03
-8.1847832414e-03
-3.4986186271e-03
8.2273253859e-03
5.5810751687e-03
3.1052298677e-03
-1.4048079261e-03
-9.8196368116e-04
-7.2544739358e-03
5.7728193427e-03
-4.4730606821e-03
-1.6493933428e-03
-5.8289552713e-03
-4.9706516048e-03
9.2585002335e-03
2.7044565114e-03
7.1535115123e-03
-8.4410393673e-04
4.4205829278e-03
3.0376582754e-04
-1.6883427455e-03
-5.6546178942e-03
-4.0248291068e-03
6.7012364877e-03
-7.4448901238e-04
1.0870896237e-03
1.7994090719e-03
-3.5831290008e-03
-5.5091670185e-03
3.3643388878e-04
7.6422129677e-03
2.2342650319e-03
-3.6922492356e-03
-2.7179149794e-03
7.0534489364e-03
-1.6856977728e-03
1.8266553715e-03
-3.8565590726e-03
-1.0307466397e-03
1.6281601601e-03
2.2983919324e-03
4.3785385490e-03
-7.7944052344e-03
-8.3327837200e-03
-3.8085742080e-03
1.2314416625e-02
-3.0171246030e-03
3.8546337166e-03
-4.7009573808e-03
-4.3526275293e-03
8.2772668698e-03
5.7405366873e-04
1.2077463763e-02
4.3561147505e-03
-8.2317690659e-03
1.5649280215e-02
1.9543940133e-02
5.0680951721e-04
-4.6034977063e-03
-4.6391106223e-03
-5.4245901814e-03
-1.0107677550e-05
-5.2916155081e-03
2.2598498670e-03
9.3456380506e-03
-5.3273876345e-03
5.9445198627e-03
1.5526566659e-03
2.5673911258e-03
-3.0566270579e-03
-4.0833637826e-03
1.8296660998e-03
-5.1802982464e-03
2.0251085564e-03
1.2165916242e-02
8.5614838091e-03
-2.1138077021e-03
-5.7318296161e-03
-1.6832688407e-03
-4.6642350835e-03
-6.4391451093e-03
5.8180529829e-03
1.4033487261e-02
1.9311339816e-03
-1.3468953477e-03
-1.2959633570e-03
4.4183564896e-03
8.9095025760e-04
-7.1918111659e-03
4.8459944347e-03
1.9206209747e-03
-6.6672543554e-03
-6.9111827312e-03
-1.3286700150e-03
7.4377563023e-03
-3.4706984266e-03
-1.6168243345e-03
1.0149991466e-02
-3.5930069884e-03
1.6074399887e-03
-1.9789123736e-03
-1.1498273852e-03
-3.3661094628e-03
4.8650288254e-03
7.9070586753e-03
-2.1284228685e-03
2.3287912303e-03
2.2597812048e-03
8.4873951744e-04
-2.9175590984e-03
7.5148480686e-03
1.1920283476e-02
1.2159544046e-02
-4.6446688739e-03
-2.2431737240e-03
-3.8439252929e-03
2.5604393261e-05
1.0066747629e-03
-2.3282052896e-03
4.3967498947e-04
7.8984766565e-04
-2.6443571658e-03
1.9340465014e-03
8.9623940013e-03
5.3475680354e-03
-4.3307247239e-04
5.3029102178e-04
-6.4529457341e-03
1.5017154501e-02
1.9180583653e-03
7.6583253061e-04
1.8758025584e-02
4.4973526895e-03
3.9364334454e-03
-1.9656089209e-03
1.3242582047e-02
6.9408397688e-04
1.6382962673e-02
3.1572743281e-03
1.6607662060e-03
5.8489663240e-03
-6.4247222660e-03
7.3913200438e-03
-8.5298220883e-04
-5.3303523033e-03
-2.7700138727e-03
1.0376822055e-03
-3.4722318803e-03
-4.0840736721e-03
9.4896890243e-04
-7.9521432389e-03
3.8729239302e-03
-3.7466863012e-03
-4.6477675923e-03
-2.3906704452e-04
-3.1604672240e-03
8.8245086655e-03
-8.6892491540e-03
9.0035579149e-04
7.3033116630e-03
-5.9185513528e-04
-7.0490532039e-03
8.9413519853e-03
2.5229678250e-03
4.6601858737e-03
-9.0080127852e-05
-8.1872951197e-03
2.0217656046e-03
-7.6404379037e-03
-5.8615604190e-03
-3.3122995788e-03
2.8675633987e-03
-6.5444601992e-03
-1.3478147586e-04
5.5891529856e-03
6.8115761510e-04
-4.1899983440e-03
1.2341526540e-05
-1.3844580575e-03
-1.1139218461e-03
-3.0441751306e-03
7.8312738234e-03
3.6523312564e-03
-3.5865869269e-03
1.0871784443e-03
2.3085221457e-03
-6.7973186185e-03
-3.7090943312e-03
-3.3651467443e-03
-1.4518396604e-03
-4.2353345877e-03
-5.5873872617e-03
-1.7669743293e-03
2.6316783539e-03
-2.8273609399e-03
-4.5754087396e-03
5.4103604628e-03
4.0478572557e-03
-6.7479176400e-03
-5.6583505604e-04
-7.0385517623e-03
5.1688068902e-03
-8.6173392520e-04
-2.0079434325e-03
-1.0389721399e-03
-3.5168840249e-03
3.5088185692e-04
5.2518934189e-03
-2.9947989936e-03
1.8511656310e-03
1.4136183763e-02
1.9626500668e-03
4.1267806840e-03
-6.2703192129e-03
-4.8219805241e-03
1.0967269751e-02
9.9716923154e-03
-3.3416390644e-03
8.3702261006e-03
1.3807855720e-02
1.6057031919e-03
4.4347262568e-03
-2.5541005004e-03
1.0769337541e-03
-2.3792355444e-04
2.4772432585e-04
1.0999724441e-03
1.2134452697e-04
-4.4850157670e-04
5.8229470884e-03
7.7355741026e-03
5.4902431336e-03
-6.9254803135e-03
-1.7736316294e-03
-6.2955546403e-03
-2.5323547476e-03
1.2064633593e-02
1.3406596317e-03
8.0656182847e-03
-4.2128350634e-03
-3.4117779330e-03
3.7001918760e-03
3.9558664529e-03
1.1605604771e-02
-3.4364226290e-03
-1.7650894928e-03
8.4186985944e-04
5.3709352895e-04
-2.3077119477e-03
1.3916403642e-03
-2.4257641889e-04
3.2987747790e-03
-3.3173605953e-03
3.9651667319e-03
1.7875485669e-03
3.9160861465e-03
-9.7118901821e-03
-1.3498651613e-03
-4.6389207975e-03
-6.2360498072e-04
-2.3962196763e-03
1.4836591218e-02
-2.0149573815e-03
9.9504682562e-03
5.8468383361e-03
7.2723803065e-03
-5.0501055268e-04
-4.2279313026e-03
1.0273306301e-02
-1.1762194891e-03
-4.3225979338e-03
2.6439324950e-03
-6.5906462977e-03
2.3486261691e-03
6.8243089862e-03
-6.8424985661e-05
-4.7645139399e-03
-1.6615524570e-04
6.0971080924e-03
5.3453256375e-04
-3.1546426806e-03
-7.5583954448e-03
-6.0876564251e-03
-6.9130855184e-03
-5.9748059997e-03
8.3295524708e-04
8.3247264615e-04
1.8998451746e-03
-4.4276288830e-03
-3.7965010982e-03
-1.7205810710e-03
9.6509339451e-03
1.0780575622e-02
-6.7562976351e-03
-5.3137388128e-03
-6.8541112766e-04
-1.8880988279e-03
-5.3883035905e-03
5.9455805191e-03
1.5011432194e-02
-4.2025481383e-03
-4.8163848850e-03
-6.6579864293e-03
1.0333443914e-03
9.5284632975e-03
4.7606605258e-03
-2.8990519695e-03
5.4508203213e-03
-3.8299976809e-03
7.0751038816e-05
4.8330860640e-03
8.8076390297e-03
1.9566617321e-03
-8.0985784440e-05
-7.1137722941e-03
8.3003739874e-03
-4.4290600517e-03
-7.5545306679e-03
3.1131307750e-04
9.3948601956e-04
-1.5302210381e-03
-2.4292071101e-03
5.1246321957e-03
-3.8377564794e-04
1.4705894068e-03
1.0255051225e-03
-8.0721571724e-03
-1.2934407527e-03
-6.0799363425e-03
1.1208214593e-02
-1.9949487550e-03
-5.7380528163e-03
-4.6831689531e-03
-7.1075718704e-03
5.9359527900e-03
1.9540120586e-03
-5.4814455090e-04
6.4554240576e-04
-1.0316722652e-02
1.5194524907e-02
4.8654202193e-04
4.7394207196e-04
3.6286458747e-03
-1.5997624764e-03
7.0085342494e-03
-5.6042309250e-03
4.7891227936e-03
-2.8064522718e-04
-2.6816746520e-03
-1.1348075577e-02
3.5717899005e-03
4.8424699456e-03
4.8458088649e-03
-5.4732280074e-03
-4.4900835359e-03
3.5979911651e-03
5.6214857244e-03
-4.4747916709e-03
1.1728142265e-03
-1.1515637454e-03
2.6073895185e-03
-2.7664220693e-03
-2.8540263155e-03
4.0751145450e-03
3.6333784302e-03
-6.1020527379e-03
1.1426933678e-03
-7.4577343129e-03
-1.2788955362e-03
9.7494525109e-04
8.1290511851e-03
1.1900427663e-02
-2.8750112795e-03
-5.0831855643e-04
-2.5292042309e-03
5.5988117938e-03
-6.4669447630e-03
-2.8757162626e-03
5.5843529245e-03
-6.0653533138e-03
-4.6959996836e-04
-1.6727876645e-03
-4.5253964505e-03
8.8976172308e-03
-3.2123359540e-03
6.2046646445e-04
-4.0490978663e-03
-4.2350558878e-03
1.0088465884e-02
2.6438296557e-03
-3.1843237854e-03
-3.2302377696e-03
3.0155500002e-03
1.1405801776e-03
4.9579671441e-03
1.7400187525e-04
-6.0770300930e-03
2.9304538647e-03
-7.3117925738e-04
1.2975679521e-02
-6.5559721690e-03
8.7236998417e-05
-7.4257115190e-04
2.7877233304e-03
2.1354400670e-03
-4.3744119578e-03
-6.5428825147e-03
-5.3496746691e-03
9.7482104830e-03
-1.8536326303e-03
-9.1866689152e-03
-2.2708699176e-03
-6.0400083943e-03
-1.0493674317e-02
1.5316372703e-03
3.7506717087e-03
-7.6424178467e-03
-7.5143606782e-04
-5.7797914496e-04
-5.9208558230e-03
9.8246342132e-04
2.2576110373e-03
7.4216098851e-03
-6.4872706539e-04
1.3825726208e-03
2.4346450118e-03
-6.3937808602e-03
-1.9404458886e-03
-1.8178458503e-03
-2.6318403799e-03
1.0285216333e-03
-1.8297362855e-03
-4.9465078904e-03
-3.5982295492e-03
3.0781421215e-04
-2.0943691335e-03
-6.6705614633e-03
-5.1525833547e-03
-4.7186993315e-03
-8.8721642769e-03
-5.0392767052e-03
-5.2252201001e-04
-6.0912788164e-03
-7.0364495053e-03
6.4391419104e-03
-5.4824103578e-03
1.0016529938e-03
-1.3622820662e-03
3.1300134034e-03
-3.7698953441e-04
-1.7668909962e-03
1.7305863598e-03
-1.1897587765e-03
5.9959595398e-03
5.1589315305e-03
-5.1959714693e-03
7.1332611548e-03
6.5516638590e-03
-4.5059347233e-03
-9.0861773432e-04
6.6087545101e-03
-6.7054130674e-03
1.3915649214e-03
-6.0865554452e-03
-3.0367876914e-03
3.4503013787e-04
-5.4738276322e-04
5.7402171604e-04
7.6930395540e-03
5.2640994634e-03
-3.6440125006e-03
-3.0851440807e-03
1.2711909896e-02
3.9777456696e-04
-4.5509415845e-03
2.1916723663e-03
-1.5542409039e-03
-3.8454392892e-03
-4.6142924192e-03
2.9372344999e-03
-6.6972938548e-03
-7.3938201456e-03
-8.2877479352e-04
5.2836412336e-03
-5.4681175319e-03
1.6712410330e-02
9.4886289231e-03
-3.5304873634e-03
-5.7735444421e-03
-9.3577529749e-03
-2.5414066309e-03
4.1416400242e-03
4.2839016582e-03
-5.4903180925e-03
-2.6200048689e-03
-5.4043228289e-03
8.9709981141e-03
-6.9706933176e-04
1.1201159953e-03
1.0714428571e-02
1.3176507292e-03
5.5290627315e-03
7.7329071729e-03
-1.9032489373e-03
-2.2717895021e-03
-3.9613915901e-03
1.0058995564e-02
1.0688416289e-03
-6.6677486723e-03
2.4118145931e-04
-2.7161509225e-03
-1.6168755705e-03
1.1872226263e-03
-1.4513134832e-03
2.7398558555e-04
2.9009557792e-03
6.1082100264e-03
-8.1485689383e-03
-6.9166227410e-03
3.2221480468e-03
5.2717396186e-03
1.7248228591e-03
-9.4305450307e-03
-6.6062573182e-03
-4.2240637638e-03
-5.1491097633e-03
-3.2630998233e-03
4.2270287039e-05
4.5925183653e-03
-3.0936243423e-03
-7.6972029469e-03
1.7644879585e-03
-5.7784620307e-03
3.0229858863e-03
-3.0913400731e-03
-5.2809748796e-03
1.4120800160e-02
-4.8918836790e-03
2.8781981547e-03
-1.1411469004e-03
-3.4879930589e-03
4.4925663969e-03
-4.2567693595e-03
-8.0224671202e-03
-9.4513528894e-04
-5.7117127005e-03
4.0888207018e-03
2.1392735909e-03
-7.1112135319e-03
3.3202357922e-04
-7.1976291913e-03
-1.8724986067e-03
-3.8530866491e-04
-2.1445708761e-03
-7.2500186113e-03
-6.3218149041e-03
-4.2892263012e-03
3.7267302621e-03
1.2094160942e-02
-3.6744686617e-03
5.1201345503e-03
1.3209619353e-02
4.8531285603e-04
-3.2508510333e-03
-5.0343054726e-03
-7.0544168758e-03
-6.1190267953e-03
4.7508816119e-03
1.8766139071e-02
-6.9564208355e-04
6.6682597995e-05
3.8610962452e-03
1.3448103998e-02
-2.7365217042e-03
1.8459271474e-02
-5.0588872033e-03
-5.2989521580e-03
9.2384837822e-05
-8.5374601462e-05
-1.1196387037e-03
-1.0835520224e-03
-3.3030388408e-03
-9.1130944663e-03
1.1841756552e-03
1.1578316475e-02
-3.4372083571e-03
-4.1042728407e-03
8.8237558715e-03
-1.9536644711e-03
-8.2749258463e-03
4.7593658011e-03
-3.3001692753e-04
1.0169511565e-02
-1.6340700408e-04
4.4315875575e-03
-6.8703575464e-03
3.8239362389e-03
-8.1996647671e-03
6.1941004712e-04
7.7554259747e-04
-7.8578811770e-03
-2.2366354075e-03
-7.7301634741e-03
-3.2288221674e-03
4.8887639522e-03
1.4817442255e-02
1.7590453049e-03
3.1181674422e-03
7.1006128961e-03
4.9318237815e-03
-6.4592721883e-03
-5.0796501651e-04
-2.5697593299e-03
-4.6035908259e-03
-3.1379041096e-03
2.6053586036e-03
7.4855366977e-03
-7.6999358843e-03
-8.3724989924e-03
-1.2037153307e-03
2.2810268671e-03
-7.3136538910e-03
1.8862418470e-02
-1.7460045292e-03
1.5453940561e-03
-1.0911562318e-03
4.9938804134e-03
8.6284792207e-03
-9.1838934704e-03
-5.0448094807e-03
-5.2779461887e-03
-4.7769712296e-03
5.9725304284e-03
-6.4411773800e-03
-3.7159536892e-04
4.9253657399e-03
-3.5896269712e-03
-6.8729729899e-03
3.9644074554e-03
-6.4279058970e-03
-1.9748296760e-03
-4.4305936290e-03
-4.1214183344e-03
-2.0730431244e-04
7.5646554101e-04
-4.2278850156e-03
5.8342122571e-03
-1.6428845814e-03
4.1736314347e-03
-6.7550083143e-03
1.0798299426e-02
-1.9982309364e-03
3.2335198889e-03
-1.9685181836e-03
2.3930688826e-03
-8.3455127245e-03
4.2200298636e-03
-5.6962182836e-03
8.8002608589e-03
-2.5469169503e-03
-1.1302808516e-03
-1.0081207712e-02
1.0720200348e-02
-2.8322718285e-03
1.8736431476e-03
-6.7759577405e-03
4.2710111992e-03
-2.5746687505e-03
-4.8479187329e-03
-2.0274852618e-03
-4.9371637538e-04
2.0509980501e-03
1.1420437347e-02
-4.9229388340e-04
-5.3604232836e-03
-7.0263499938e-04
-3.8174617750e-03
-1.7939715078e-03
-5.7502390928e-03
9.7634576307e-03
-3.1513652604e-03
2.2869180551e-02
-7.4881628920e-03
-6.6876852894e-03
-7.2622089678e-03
-3.6452994964e-03
1.7590250190e-03
-6.4330399205e-03
-3.2508145578e-03
1.0221854599e-03
2.7914496734e-03
-1.0542718081e-02
4.9902536146e-03
-7.6710376412e-03
-3.9845974938e-03
-2.3384286179e-03
7.8623932550e-03
1.4762278436e-03
-5.2680931362e-03
3.4368753461e-03
-4.4891656915e-03
-7.5189354681e-03
5.8571788625e-05
-5.2255956007e-03
-3.2165990051e-03
-5.4380421742e-03
-1.2950233429e-04
-6.9682053008e-03
6.9053867839e-03
2.4117563328e-03
5.2182392756e-03
-9.8734496751e-04
-2.7469466283e-03
-7.0243499446e-03
-4.0657242869e-03
-3.7372941604e-03
-2.4636009703e-03
-8.6345279158e-04
1.4685363032e-04
-7.1130088571e-03
-5.3242310179e-03
-2.6296117258e-03
1.9385081310e-02
-4.7371592953e-03
3.1196801763e-03
-5.1364815696e-03
-9.6210685634e-03
-5.9168965511e-04
-4.1083019205e-03
-6.4725938360e-03
-2.6363630770e-04
3.8076234531e-03
5.8120241534e-03
-8.6038098253e-03
6.9161282723e-03
-4.3176697232e-03
5.2569582802e-04
-2.5194946820e-03
5.5158159396e-03
-2.1029887312e-03
-7.3503618386e-04
-3.8354522535e-03
-1.5444335064e-03
-5.6152613340e-03
-4.6794491374e-03
-1.2420095385e-03
-5.2876161469e-03
9.7370601375e-03
-3.6611128848e-03
-7.1786233203e-03
-4.3613411924e-04
-1.0539607723e-03
-2.1241950353e-03
-4.8200699580e-03
7.7409508052e-03
-1.6386131860e-03
6.8505450344e-03
-1.8063740000e-03
1.0287199451e-03
7.8612711272e-04
6.0065803627e-03
-9.5728294706e-04
6.0969730657e-03
6.0084941060e-03
-7.1232258828e-03
-3.8450478518e-03
4.4463607041e-03
2.1903964330e-02
1.0847329658e-02
-2.2267905450e-03
-1.5125979383e-03
8.4175789272e-03
5.0536199851e-04
4.5982961585e-03
-8.6936334979e-03
-1.7219647950e-03
1.3733944648e-02
-3.8348387229e-03
-2.2370923606e-03
1.4628190823e-02
-7.8066314665e-03
1.1173336791e-02
4.0322073544e-03
-4.3977013319e-03
8.2222252428e-03
-6.6303130313e-05
3.2458086617e-03
6.5464752990e-03
-1.1294012951e-03
-5.0126717575e-04
4.9050275741e-03
-6.2933040702e-03
-2.3542308904e-04
-3.5875564113e-03
8.2438791648e-03
5.0748052722e-03
-2.5235843193e-03
-8.5760448722e-03
8.1402283310e-04
4.8983266582e-03
3.8437889638e-03
-2.6104839534e-03
6.3745817192e-03
-2.3348196890e-03
-1.1162140200e-03
-2.9626340345e-04
-1.0991087268e-02
-2.1654286470e-04
-1.9930599023e-03
-3.5449413126e-03
3.4124023429e-03
-2.2506750679e-03
-8.9996154642e-03
5.5931775709e-03
-4.0747812464e-03
3.2165957916e-03
9.1521918885e-03
6.9837186013e-03
-2.3152022314e-03
-7.9406446879e-03
1.1194637689e-03
-3.6224777071e-03
-5.3428259743e-04
-6.8207551694e-03
1.5655473168e-03
5.8810024282e-03
-5.1051589296e-03
3.2822895562e-04
-1.0701273326e-02
9.9832371280e-03
5.9277012014e-04
-2.0934886809e-04
2.8266898068e-03
4.4239230772e-04
3.4905240191e-03
-1.8384835582e-03
6.9028647646e-03
-2.3819419511e-03
1.4781376072e-03
-1.1585677164e-04
-3.4786273228e-03
1.1041082428e-03
1.3208665416e-02
4.6801062156e-03
4.7377744973e-03
-7.4833860800e-03
-2.4455377657e-03
2.7880968135e-03
-1.2486396689e-03
2.4730560329e-02
-2.4588017483e-03
-1.8042244928e-03
-6.0152179739e-03
4.8567502593e-03
-2.2784440307e-04
-8.5334835528e-03
2.2033858430e-03
-7.3363209280e-03
-7.2576824904e-05
2.1512714062e-03
1.1164220947e-02
5.3463037808e-04
4.6355926468e-03
-8.7258181161e-03
5.3794914305e-03
-1.1723536092e-04
-8.2449098273e-03
-3.9007204751e-03
-1.3929468471e-03
-6.4126856444e-03
-5.4315684322e-03
-1.8884809725e-03
1.2718435610e-02
-7.0000582405e-03
2.2674095395e-03
-9.8698418727e-04
7.2030982003e-03
3.1043800581e-03
-2.5698947188e-03
-5.5557039154e-03
8.9059523822e-03
-7.5643422033e-03
1.0506534633e-02
2.9356040932e-03
5.9797838706e-03
-3.7032118114e-04
-5.8257835006e-04
5.1232774116e-03
-4.2884602134e-03
7.8033819125e-03
8.1203812953e-03
-6.8876100120e-04
4.4301245766e-03
2.3077604983e-03
-9.3881724780e-03
1.0925993568e-02
-2.2599160020e-04
-7.4778437506e-03
-3.6011216834e-03
1.9019370280e-03
5.5664890786e-05
6.9743809366e-04
2.4349433522e-03
-3.0726648398e-03
1.7904370408e-03
1.1194321579e-03
-3.1320848372e-03
5.9865031730e-03
8.6590473697e-03
-1.3878084733e-03
1.5848694947e-03
-3.4162115108e-03
1.0380914227e-02
8.4332038692e-04
-4.1652213588e-03
3.5261054703e-03
-7.7417667431e-03
-3.8260125866e-03
5.8900849776e-04
-1.0041911046e-03
1.3437802779e-02
-2.9786490901e-03
3.1739962428e-03
2.0166988843e-03
-2.0575348672e-03
-1.7771438342e-03
1.8564340257e-02
-6.0089449625e-03
-4.1321424759e-03
9.7879920517e-03
4.6451613539e-04
-6.6833322146e-03
1.0615697887e-03
-7.8973767107e-03
-3.5772150728e-03
5.6692787915e-03
-3.4414082598e-03
5.6325044125e-03
7.4497178288e-03
-5.2497147823e-03
1.2009259788e-02
6.8319067081e-04
-2.8577376541e-03
-3.8331759054e-03
-1.8805106418e-03
2.9159046787e-03
-4.8323785751e-03
2.3964519448e-04
-3.6586247462e-03
-2.8246371922e-03
-1.0868595383e-03
-8.2878687917e-03
-4.3750648745e-03
-2.0042009793e-03
2.7487201808e-03
5.7792172599e-03
-2.7921739861e-03
-3.8333961092e-03
9.3302516137e-04
9.4131023870e-03
-2.8690328648e-03
-8.5931938956e-04
-7.3553338956e-03
1.2370104768e-02
-8.4358897744e-03
-6.1910678873e-03
9.9726342888e-04
3.0869707036e-03
-5.1481536015e-04
4.1459249651e-03
3.9314601865e-03
-3.0085014243e-03
7.0606972848e-03
3.4312904425e-03
4.0490876916e-04
4.8519571762e-04
-8.5126408221e-03
-3.7802278397e-04
-4.4969907315e-04
-8.5315894165e-03
-7.5427812059e-03
-6.7916974757e-03
-3.7358455962e-03
-4.5832663432e-03
-7.5215151034e-03
-3.7032967056e-03
-2.2460493421e-03
-2.7487072803e-03
1.9054924903e-03
-3.8890674955e-03
-3.4598791517e-03
-1.5077098641e-03
-1.1044333473e-03
-6.8825130521e-03
-3.2011988413e-03
-5.7646061849e-03
-2.4886396508e-03
2.1096810447e-03
1.7584544526e-03
-7.8689591337e-03
-3.7941049945e-03
-7.1421627975e-03
-2.2184923508e-03
1.3448447597e-03
-2.3914478842e-03
1.4791998121e-02
-6.4846379777e-03
-1.6892214581e-03
-3.7463341472e-04
2.6542646140e-03
3.4030752849e-03
1.1235186872e-02
1.2888650830e-02
3.9649715903e-04
2.2364082203e-03
4.5926255828e-03
-3.6599525918e-03
3.1290583763e-03
-3.9197823687e-04
-4.9317897981e-03
-5.0141990325e-03
-1.8411670708e-03
-6.4005781608e-04
6.5988073012e-04
-7.5096456557e-03
-9.0055555192e-03
8.5421993930e-03
1.7783129139e-02
-6.8596768089e-03
7.4223966335e-04
3.0510348896e-03
1.4435734918e-03
5.2645689794e-03
7.0352735698e-03
-3.6066360989e-03
3.6192536600e-03
-3.7550685902e-03
7.7164981242e-03
-2.1993865701e-03
6.7636610442e-03
5.5542371470e-03
1.9895415019e-03
3.2503637741e-03
-7.7044926786e-04
-4.8713237257e-04
4.4855584865e-03
-2.5663040108e-03
4.7144788276e-03
2.1358357611e-04
-1.9987069979e-03
-9.8338023441e-03
5.3874175468e-03
4.4687162443e-03
7.7420782800e-03
-6.4028195189e-03
-6.7998844332e-03
1.0552639696e-02
-2.1237951015e-03
-5.2914820973e-03
2.0093170691e-03
-3.8214124451e-03
4.7811612948e-03
1.5954316142e-03
-2.4397257405e-03
-6.4252904715e-03
-6.1102896925e-03
-5.1514986988e-03
3.5365274170e-03
-5.2659015022e-03
-5.1442204124e-03
4.9816706609e-03
7.7836917876e-03
6.6393031491e-03
7.7187204504e-03
7.9454743825e-03
1.8172788511e-03
2.9708644915e-03
5.4852461740e-03
-4.7674121304e-03
-3.8679544705e-03
-2.4462337933e-03
-1.9013665271e-03
2.6945188068e-03
2.8022625978e-03
1.0420511501e-02
3.4355581725e-03
-8.9278675785e-04
1.1788575945e-02
-9.0083007111e-03
-2.0570883060e-03
2.0853825042e-03
-8.3794861040e-03
-6.3195118672e-03
1.8832825362e-02
2.4543962560e-03
-5.8183847021e-03
-3.2089916262e-03
1.5432978065e-03
-1.3226463788e-03
1.6842332743e-02
-4.9464749131e-03
-2.1228858283e-03
4.5873637403e-03
-2.0475683647e-03
-4.5085910405e-03
2.7133227741e-02
6.2334184646e-03
6.1510591236e-03
-4.3408886229e-03
7.4152149195e-03
-3.9813112558e-03
-2.3401776927e-03
-1.8030817447e-03
-3.4633701725e-03
-2.8743866391e-03
1.5608557035e-03
1.5365517812e-03
-1.5600878643e-03
-2.8617906434e-03
3.4927198432e-03
4.1738500659e-03
-8.5523289546e-03
5.2819585632e-03
-1.6409245717e-03
1.1357734123e-02
-3.4232773191e-03
-3.4622919127e-04
-8.0830936703e-03
-2.0319017785e-03
1.7167129208e-02
3.3846373788e-04
1.7782304515e-03
6.9481388649e-03
-1.8502773300e-03
2.0920236493e-02
5.4484862383e-03
8.5294796519e-03
-3.0620204334e-03
-2.0401508298e-03
-6.3581031706e-04
4.4486162384e-03
-2.8082441802e-03
8.3638743130e-03
-8.4646733237e-03
-2.8515920767e-03
-6.2786811473e-03
-9.1603543730e-03
1.3531619337e-03
-2.9305746419e-03
-8.8081559635e-03
7.7620814002e-03
3.6516780170e-03
5.0660421779e-03
-2.8909750598e-03
-6.1524401611e-03
2.5653415839e-03
-2.9222997256e-03
7.9931709323e-04
-5.9380496863e-03
-3.4883581480e-03
8.4113451116e-03
-4.5474819139e-04
5.5852158549e-03
9.0810505792e-04
1.5097407132e-03
8.3838437134e-03
4.0040711787e-03
7.7121181390e-03
-3.8898731704e-03
-4.2695417036e-03
-7.1239213863e-03
-2.5952638603e-03
2.1101022224e-03
-3.1473672564e-03
3.0630738439e-04
6.4781027950e-04
-1.4753779444e-03
-6.5399653707e-03
2.5683865843e-03
1.3807472691e-03
-1.4672836121e-03
-4.2738918122e-03
1.4076840001e-02
1.3889451210e-02
2.4813115564e-02
-2.5030459980e-03
2.4859477129e-03
6.1313130132e-03
1.0820884293e-04
4.0339468023e-04
-5.9297733726e-03
-3.1692206353e-03
9.6762953643e-05
-1.0056770998e-02
-1.4749050412e-04
-2.0148035737e-03
-8.5952165291e-03
5.1217394524e-04
3.0376489623e-04
2.2516358770e-03
1.7783837354e-05
3.4674757807e-03
-3.9860126930e-03
-2.9377552212e-03
-7.0762516759e-04
-5.3246699410e-03
-9.5251182008e-03
4.8360800379e-03
-2.8711445082e-03
-3.7166804604e-03
-2.3167570035e-03
-8.3125607273e-03
4.3234237894e-03
6.2995307175e-04
-1.6043173803e-03
7.1483665384e-03
1.4733040284e-03
5.3630427738e-03
-1.3623824606e-03
6.4506540665e-03
-3.7674506199e-03
-2.0609460031e-03
8.1144442973e-04
1.6950067604e-03
-2.8611765957e-04
-4.3147606386e-03
2.0577632453e-03
6.5677091312e-03
3.4209330468e-03
-1.1375233036e-02
3.5656670532e-04
-6.7384215707e-03
1.1247147567e-02
-1.9601568123e-03
1.3724636334e-02
6.0266877306e-04
1.8634953722e-03
1.4964990777e-02
-1.9637922330e-03
7.9247829790e-03
1.8394610305e-03
-4.5462066620e-03
-7.7971897862e-03
-9.0349634705e-03
-1.4132551608e-03
3.3679218744e-03
-6.6730434241e-03
2.3966909738e-02
2.8573249818e-03
-8.0283441825e-03
1.5042856291e-03
-1.9934225298e-03
7.8660517257e-03
3.9181266674e-03
1.0484090736e-03
-6.6294942471e-03
-2.0149292810e-03
-9.1533508743e-03
-2.6199094796e-03
3.1768311122e-03
1.7393506439e-03
-1.9199963450e-03
-4.1093123551e-03
3.2288214337e-03
-5.4263879637e-03
-1.8956569397e-03
7.9993777070e-03
2.9655338742e-03
5.6684399721e-03
-4.4826265559e-03
-6.4088607819e-03
6.5173862651e-03
-2.7607171931e-03
1.2317797556e-02
1.0006933867e-02
-2.2458503332e-04
-1.5176047701e-03
-7.9386208886e-03
6.4055467316e-03
-8.4365923347e-03
2.0331390389e-03
1.5525260730e-02
-6.1953090524e-03
-6.3494536437e-03
2.2986091931e-03
5.9500566964e-03
6.5102110317e-03
9.8309679083e-04
5.9752493290e-03
3.8646239366e-03
1.0777129385e-02
3.5541740155e-04
7.8562573594e-03
-1.4214338363e-03
-3.2935037630e-03
4.8422450301e-03
1.8817693070e-03
4.4336468789e-03
-4.8191788055e-04
3.9519143841e-04
4.8116617131e-03
1.2968007162e-04
7.4745462129e-03
5.8968704059e-03
7.1233264960e-03
-1.0357041211e-02
-9.4144003055e-03
-7.9856242716e-03
4.3652293501e-03
2.4096328127e-03
-6.4707412169e-03
2.7438879244e-02
-8.1185487210e-03
-1.0696058371e-03
-4.2538705410e-03
2.7660631004e-03
-2.2811148028e-03
2.8686696701e-03
7.3006863155e-03
-6.9267877642e-03
2.5482220694e-03
2.0349962321e-02
1.8018405664e-04
-4.1188298511e-03
-4.8864758766e-03
1.1594346207e-02
1.4521435148e-02
-4.6084010575e-03
-7.4064260580e-04
-3.5511509043e-03
-5.1011445590e-03
3.7573153606e-03
1.3168500204e-02
5.0908380784e-03
4.8283716516e-03
2.7486889204e-03
-7.9012758655e-03
4.4087756604e-03
-4.5998372631e-03
-1.1355038985e-02
-3.1296034062e-03
-2.2715212480e-03
-2.8759071572e-03
-3.6028192294e-03
2.7854914924e-03
9.6485316839e-04
-4.1311905434e-03
8.8091639437e-04
1.1957750067e-02
-9.5571454372e-04
1.6640413343e-03
9.9296750036e-03
5.1132377523e-03
-1.0328522471e-03
-6.9827872174e-03
-3.4437496430e-03
-2.0457398720e-04
6.2060973546e-04
2.3029091489e-04
-7.0174945441e-03
-3.5704770151e-03
-9.0706968271e-04
7.9938181288e-03
-3.4242268098e-03
4.1173694895e-03
-4.5597741371e-03
6.6412690930e-03
1.8186923951e-03
-1.7210688734e-03
7.0660398499e-03
-1.2394612710e-04
-4.0662232332e-03
7.2380143605e-03
1.1719505262e-02
4.8692778562e-03
8.0938734685e-03
-4.7224562870e-03
-1.0140193838e-02
1.4906367349e-03
-8.0929833674e-03
-4.4901962596e-03
-6.2774255921e-04
-1.5717455768e-03
-6.4991392758e-03
3.0808240987e-03
2.2687709267e-03
-1.7548645972e-03
1.5485004400e-04
-8.8061917920e-03
8.1251662990e-04
9.6817674746e-03
5.7822619631e-03
-3.3417466726e-03
-8.8704048372e-03
2.4636088236e-03
5.8431909028e-03
5.7544333762e-03
-5.5512369786e-03
5.7697194615e-03
-3.6408548477e-03
3.7295140048e-03
-4.6832030663e-03
5.9169201891e-03
3.8711716652e-03
-6.1071736745e-03
6.8600069390e-03
-7.5547452828e-03
-5.0295303746e-03
-5.3490381530e-03
5.3360919013e-03
-3.2070455667e-03
-2.9038566409e-03
5.0761384690e-03
-1.2618636971e-03
6.6175224376e-03
-7.2269872310e-03
6.2698229063e-03
2.2615798411e-03
8.0614345035e-05
-5.7003815990e-03
-6.8782145152e-03
8.3008110442e-04
-6.7947000079e-03
-4.5690862267e-03
-4.1469140197e-03
-5.0486487638e-03
1.8944245876e-03
-2.6704614568e-03
-7.9971465951e-03
2.7320996691e-03
1.0555955497e-03
-3.2429097192e-03
-2.6224178626e-03
2.2014073917e-03
-4.2659886221e-03
-2.3244340449e-03
-1.1183191590e-03
-8.3174269790e-04
-7.5454656931e-03
-4.9940758389e-03
-3.8346775644e-04
-8.5295380241e-03
1.4190405742e-03
-7.0482317982e-03
1.1375754159e-03
1.3659802486e-03
-9.8741326339e-03
1.3241924882e-03
5.3346490624e-03
-1.6997854217e-03
-3.6838132556e-03
1.8542924329e-03
-3.5454648198e-03
1.5063076453e-02
-1.8141852444e-03
8.9546761202e-03
4.7321606860e-03
-1.2218128494e-04
8.5096924912e-03
2.3791611398e-03
-1.1831054381e-04
-2.8449934165e-03
4.4893539748e-04
6.0295948306e-03
-5.2136056728e-03
2.6323096633e-05
4.5159481599e-03
-5.1340502939e-03
-5.4734786780e-03
8.1163710113e-03
2.4896136487e-03
-4.0411889809e-03
-5.8136088257e-03
9.2351905202e-03
3.7036299826e-03
-1.1341298110e-04
1.2530806776e-02
6.3937260980e-03
-6.3312120347e-04
-2.3367922546e-03
2.2384966100e-04
-1.6150457083e-03
-9.1365902373e-03
-2.3133691284e-03
-5.0741400573e-03
4.6260824215e-03
1.7220365683e-04
-6.1494987976e-03
-1.0996780268e-03
-1.6035876103e-03
5.4679577080e-03
-7.4966386595e-03
-2.8950023911e-03
-1.0619500133e-03
-3.9116772278e-03
-5.7973898831e-03
-4.8260689281e-03
-6.5921196498e-03
1.3864228573e-03
-5.9693531959e-03
1.8890463874e-03
-4.7113413375e-04
6.1702708162e-03
-5.9418701002e-03
-3.0234586062e-03
-5.3886813738e-03
-1.0624931491e-03
2.2990486067e-03
4.0316790987e-03
2.7134473343e-03
8.7186585865e-03
9.8557481526e-03
-1.0093575088e-03
-9.2143427873e-03
-3.0414061808e-03
6.0970352882e-04
1.7706829699e-02
2.2607691547e-02
-1.7464463590e-03
-6.9363577984e-03
-2.9565956556e-03
1.4587987296e-02
4.3382598483e-03
-4.1525700050e-03
4.2796763047e-03
2.6771468513e-03
1.8639255613e-03
1.8858563085e-02
-6.5247376160e-03
4.1438950958e-03
-3.9770310529e-03
-9.1284199156e-04
-1.1787926726e-03
2.1822135873e-03
-6.5501103833e-03
-2.2403926027e-03
-4.8919628176e-03
2.4054883632e-03
8.7776929615e-04
-4.4867288564e-03
-3.2329717893e-03
6.1470793732e-04
-5.8251597730e-03
-4.1071703642e-03
-1.4176261679e-03
-9.8027473199e-04
1.2425391106e-02
7.3258298506e-03
-3.2152033627e-03
-8.1294662943e-03
-4.3792770822e-04
-1.9536991937e-03
5.0726407959e-03
6.6756771385e-03
-8.6462309524e-04
1.1304583049e-02
9.7705052172e-04
-4.0833265096e-03
9.9195095758e-03
1.8121380549e-03
4.5444122971e-03
-1.2595918140e-03
5.5585747616e-03
8.0209882335e-03
-7.3781322463e-03
-1.8990955116e-03
2.7564061109e-03
-2.4279844868e-03
-1.9204320851e-03
2.3836566556e-03
-2.7702379451e-04
6.2549371821e-03
-5.8159005734e-03
-1.2616597680e-03
1.3345642929e-03
-7.1188653361e-03
6.8531920766e-03
5.4213487241e-03
-5.4377918100e-03
1.7294309856e-03
-8.4265798258e-03
8.7093419318e-03
-7.0372034832e-03
1.6902251307e-03
7.6497328297e-03
-6.2143153166e-03
4.4455362847e-03
4.6863924231e-03
7.4777559171e-03
3.0741419767e-03
-2.1950168527e-03
-3.7496771898e-03
-6.5567679581e-03
-4.7931229720e-03
6.1660966211e-03
-5.2391246955e-03
-3.3803137166e-03
-1.0492918526e-02
-3.3056356178e-03
2.1698923125e-03
4.8631660646e-03
-5.2348948586e-04
2.5445259377e-03
-1.9547148308e-03
1.0130589095e-02
-2.0282601212e-03
-3.7313389533e-04
5.6867923865e-03
1.7480348962e-03
-1.7345753673e-03
-6.9169745323e-06
6.9167008475e-03
-7.6885748307e-03
-5.0232377422e-03
5.7057545131e-03
1.9657045414e-03
2.0534954704e-03
1.2248525511e-02
-3.5840065397e-03
-7.5643057676e-03
9.4639620502e-04
-6.8265440512e-03
-5.8236748988e-03
-1.5965523087e-03
4.6737052847e-03
1.9536661578e-02
-5.6386551501e-03
-5.2406350632e-03
-2.1493888335e-03
3.6683064307e-03
-1.6753932080e-03
4.5802062160e-04
1.6122113281e-02
-7.0260799708e-03
5.6563612029e-03
-4.5834541264e-03
-8.4352794250e-04
5.5331835590e-03
-1.2262267677e-02
-5.1438102567e-03
-2.9338887347e-03
-4.8185945940e-03
-5.6140085898e-03
-4.0949225655e-03
1.2856570444e-03
-9.3319766438e-04
5.7727916799e-04
5.4763893744e-03
-1.7964736677e-03
-1.4766312046e-03
5.9664895992e-03
2.8886965469e-03
1.2955077339e-04
1.3123200447e-02
-7.4585336199e-04
-8.4907355878e-03
3.1157502965e-03
2.4661078983e-03
2.9608182212e-03
-1.2682925899e-03
1.2319566475e-02
-6.3221729552e-05
1.6056633781e-03
-5.2364052419e-03
-1.0389884481e-03
-6.1315444630e-03
1.2843075776e-02
1.7991819489e-02
-7.6138984408e-03
-2.0268674297e-04
-3.2847883426e-03
3.6517322761e-03
4.1929567027e-03
-7.0721567998e-04
-1.0044052058e-02
5.6050354013e-04
4.3558813880e-03
3.8971135210e-03
3.9563500106e-03
1.2656862138e-03
-8.8190441056e-04
-3.2538425257e-03
-2.3487604633e-03
-1.8753547145e-03
1.3850833290e-02
-8.9918062918e-04
6.5464270889e-03
-4.6959452481e-03
1.5788708731e-03
-1.0000574213e-03
-7.8635587573e-03
-2.5082729812e-03
-2.8074427656e-03
-2.1925231494e-03
2.1405483691e-03
-7.8021591252e-03
-7.4118944029e-04
8.7974516510e-03
-9.7505072054e-04
3.8408215228e-03
-2.7675781877e-03
6.8329235537e-03
-1.4772950388e-03
-9.0530983468e-03
-3.3492638198e-03
1.3153591517e-02
-6.0884925199e-03
-7.2381965620e-03
7.0051188270e-03
1.9882241042e-02
8.0051755672e-03
1.4234893792e-03
1.7256427775e-03
-8.4720417967e-03
-3.7094223569e-03
-3.2624961712e-03
4.1797252648e-03
7.3365640519e-03
-5.7863938751e-03
4.0397691055e-03
5.5443910379e-03
1.1227180657e-03
3.5782799624e-02
1.0136354749e-02
4.2501672782e-03
-2.3731551340e-03
-3.2683435481e-03
7.0061905899e-03
-5.8259912285e-03
-5.4252987600e-03
-2.2712819797e-03
-1.2569334649e-03
4.0077166690e-03
6.6810620752e-04
1.1064244459e-03
1.4703672221e-03
1.6181368314e-02
8.1135702923e-03
-2.8223123416e-03
-1.7674104380e-03
-6.3018867682e-04
-3.2541331531e-03
4.1897672049e-03
3.5482614560e-04
-6.8965886678e-03
-3.9850329952e-03
-1.2517676025e-03
-6.6307767313e-03
-8.4180212715e-03
-4.1398030994e-03
-1.4201292938e-03
1.3847741373e-04
-3.0285640953e-04
-4.5872499273e-03
-8.9046224109e-03
3.1545667103e-03
2.4447927852e-02
-2.2824380426e-03
6.8073735133e-04
7.6010236473e-03
1.3477200252e-02
8.4698292988e-03
-9.7399790500e-04
-7.0025685926e-03
-8.7712640139e-03
-1.4104697095e-03
1.5284198178e-02
6.1318746630e-03
3.4572894383e-03
-3.2125656898e-03
4.2180235696e-03
-4.6464029219e-03
-3.6146920221e-03
-1.0516163025e-03
-3.0563785261e-03
3.6531886310e-04
-3.3870490627e-03
1.9239132490e-04
3.1136047475e-03
-1.6091665747e-03
2.5306445638e-03
2.9025630931e-03
1.8548355679e-03
-5.8367828464e-03
4.6268183608e-03
-2.3737746683e-04
-8.0042484200e-03
2.4991266694e-03
-5.8612554943e-03
-4.8384540801e-03
-5.1451497192e-03
1.3483780461e-02
3.1282489966e-03
4.3628776633e-03
2.0434951867e-02
1.1314264377e-02
-2.6917764334e-03
2.1650919291e-03
-2.6053322679e-03
1.5626598203e-02
-1.5389406890e-03
-2.7472687302e-03
-3.9980755535e-03
9.2941759931e-03
2.7844877931e-03
-1.7835389417e-03
6.8861636075e-03
1.2780331316e-02
3.8962547680e-03
4.6554481002e-03
7.5293653603e-03
-2.4111978334e-03
-5.9391825857e-03
2.5248230667e-05
-5.5531750956e-03
-8.2617899127e-03
-9.4671970443e-03
-7.7613305974e-03
5.5262502060e-03
-7.7712501742e-04
-5.0909852403e-03
-3.8216823283e-03
4.2820728649e-03
9.3410070677e-03
7.5650430966e-03
-5.8564727795e-03
1.1172126808e-02
5.2126135671e-03
-6.5235684330e-03
-6.5618647864e-03
-1.2193487177e-03
1.7889995994e-02
-4.0499491673e-03
-7.9415388153e-03
-3.1711453362e-04
1.3460736776e-02
-4.1342536077e-03
1.0947787577e-03
3.7365667107e-03
1.0805942536e-02
2.0218094625e-03
5.7352947630e-03
-2.0898088987e-03
-1.8672109566e-03
-3.9550529256e-03
1.5973718678e-03
7.2094170047e-03
-3.6633273177e-03
-1.2182418913e-04
-8.2136212940e-03
3.6218530270e-03
-3.3220514982e-03
-3.7494763437e-03
-5.2436865351e-03
-4.3226985173e-03
6.0098636565e-03
3.3861649802e-03
-1.6762195562e-04
-3.2259235808e-03
4.8839310206e-03
-2.1452223821e-05
-6.5132551432e-03
2.5530795866e-03
-5.3766824173e-03
-5.7145526850e-03
9.9135832775e-03
-1.2038301684e-03
4.1678158369e-03
-7.5813781767e-03
-3.0197366077e-03
3.9820129819e-03
-2.4287053997e-03
1.1334169856e-02
-6.6251372294e-03
9.1225137359e-03
9.5451843579e-03
-7.1045234572e-03
-3.7262076996e-03
-1.9237117366e-03
-5.8906689879e-03
-3.0981337689e-03
-4.5768485701e-03
2.2612921927e-03
-1.8334308916e-03
2.6913655703e-03
1.2152091439e-03
1.3488942963e-03
8.1329817028e-03
-8.6294841000e-03
3.5356883345e-03
-1.2219668021e-03
1.2394350020e-02
1.0719312792e-03
-7.6506627947e-03
2.3614690211e-03
-4.3036282816e-03
6.0747830859e-03
1.6186223603e-03
3.1997018235e-03
1.4613503388e-03
-6.4628394526e-03
-3.9579801620e-03
4.6760386856e-03
-3.1265918775e-03
1.1374926295e-02
-2.0053956791e-03
-3.4387867445e-03
2.6227461302e-03
2.1816346745e-03
-1.4731235168e-03
4.4854768388e-03
-6.7815299791e-03
1.2963882828e-02
-2.2230056033e-03
-9.3269544944e-03
1.3373718045e-02
3.6042343237e-03
-2.4838251124e-03
-6.7360088433e-03
4.1132534769e-03
1.0964473720e-02
-4.2885112284e-03
5.2398190458e-03
-4.7629163732e-03
-1.0678999876e-04
1.7796129925e-03
8.9949843514e-04
-1.6726018281e-03
-6.7826366407e-03
8.7805298060e-03
-7.6899364345e-03
6.9796552836e-03
-4.0937234474e-03
1.1588768087e-03
5.4909820640e-03
-1.6635461592e-03
4.7226401183e-03
7.5604170271e-03
1.2869167016e-02
-2.5184020477e-03
2.0061608146e-03
-5.3489032792e-03
1.4213224954e-02
4.9295776158e-04
-9.9882332489e-04
-2.2586154255e-03
2.9468762597e-03
-7.0733669451e-03
-5.9412401779e-03
1.4007236171e-02
-1.2269262061e-03
-1.8573330895e-03
5.4973780376e-03
2.0603986437e-03
-8.8362476552e-03
-2.5704578717e-03
-4.0318357476e-03
-2.5452638762e-03
-8.6070949639e-03
3.7216974185e-03
-9.8023523520e-04
-4.1540487890e-03
-7.8856263611e-03
1.2731020773e-02
1.1471815041e-02
-1.5564056887e-03
1.1400421061e-03
-8.2334197723e-04
-3.2434264912e-03
-3.2294938435e-03
-4.6267568170e-04
1.2759751653e-02
-5.6301802044e-03
-3.6379633316e-03
3.4512219439e-03
4.2129232918e-03
-9.6044808369e-04
9.7069546797e-03
-3.2796814027e-03
-5.0562161691e-03
-3.5171611114e-03
-6.3287719829e-03
-2.7540980068e-03
4.3432178361e-03
-4.3587310431e-03
-3.3311799789e-03
-1.1319641208e-03
-5.4114291762e-03
-3.3771214063e-03
-6.1898493992e-03
-6.4470814352e-03
-5.6589442785e-05
-1.6960280800e-03
-1.7878163707e-03
5.4219954467e-03
-7.0023830477e-04
-4.2265783612e-03
-1.4430808628e-03
-7.6444155793e-03
-1.5416278320e-04
1.4168430496e-02
-8.5351457835e-04
9.6077519571e-03
7.9556954981e-03
1.0749026908e-04
-4.9882362580e-03
-5.1982243489e-03
2.9609154864e-03
-8.9011220365e-03
-6.4651830450e-03
8.4112759059e-04
-9.5413333149e-04
-3.4055902706e-03
3.7262602531e-03
2.9026298581e-03
-6.6973291607e-03
8.1560272128e-03
1.1246696434e-02
-2.9623901647e-04
8.9440336767e-03
4.2607912518e-03
2.9929173736e-03
-3.0989459906e-03
1.1728202046e-02
5.7911255406e-03
-2.3063276417e-03
1.3907579330e-04
1.4655894139e-03
-1.7191698690e-03
5.6599547936e-03
6.4984005539e-03
2.8742583185e-03
-3.5120025841e-03
-6.2657546527e-03
2.4554144355e-03
-7.3284443593e-04
-6.7489368094e-03
1.0356422009e-03
-8.5596050287e-04
-8.6213388957e-04
6.3916761673e-03
6.1969991775e-03
-7.2794354488e-05
5.6363274876e-03
1.0706796361e-03
-6.1372961177e-03
-3.4908344307e-03
4.0872727710e-03
2.5506592530e-04
3.7031933786e-04
-6.5605101414e-03
7.0110604517e-03
-1.0228503446e-03
-7.8268842980e-04
-2.1211612129e-03
4.9431253533e-03
-2.8669184910e-03
-4.8689351780e-04
1.3764198740e-02
-6.1639489136e-04
9.9197157865e-03
-9.2294703188e-03
-4.4273758767e-03
1.3267591176e-02
3.5371018811e-04
7.2335226031e-04
-5.5851469698e-03
1.5776220209e-02
2.4510148793e-03
-1.8277530656e-03
-4.2564239504e-03
-2.1076370704e-04
3.8509014753e-03
1.9994648531e-02
-3.8312309284e-03
-5.3855262195e-03
9.0416766869e-03
1.4587489987e-02
-9.1748218570e-04
9.0664976982e-04
-7.2922791438e-04
-1.3408583392e-03
-4.0401253883e-03
-7.7226249101e-03
-3.4320160169e-04
4.6466927100e-03
9.7625911529e-04
-2.3284979699e-03
-2.8420621048e-03
-1.0931853262e-03
-6.6845675853e-03
-6.3744837190e-03
-7.2034544671e-03
-4.8025890694e-03
4.4596872439e-03
1.2862971011e-02
-4.7547760442e-04
4.1723217437e-05
1.1991426107e-02
8.5750316696e-03
-2.7597906154e-03
1.9749714220e-03
3.3666580959e-03
-3.7556102180e-03
-3.0787820499e-03
1.6464882623e-02
-3.5200314433e-03
-8.7040069721e-04
-1.4307629607e-03
2.0565094499e-03
-2.6908461772e-03
1.2475200976e-02
1.0198060559e-02
-8.3922055775e-04
-3.9038060556e-03
1.5815456025e-03
1.2447711054e-02
1.6216185858e-02
-3.1687861799e-03
9.2408760281e-03
4.4952613492e-03
2.4468970990e-03
-2.0866227676e-03
1.1532832313e-03
1.0708992982e-02
2.8646517805e-03
-6.6909227132e-04
-5.3583626084e-03
-9.7089803297e-03
1.8727619727e-02
-2.2964713294e-03
6.1067226358e-03
-3.9027058752e-03
9.9346253894e-04
-5.9002198734e-03
3.5201492116e-03
-5.8257387398e-03
2.1825692480e-04
-9.9372637169e-04
-9.5885681874e-03
7.6441144365e-03
-3.8940558466e-03
5.5963441617e-03
-4.8153863150e-03
7.6453090569e-03
-5.9826972304e-04
1.0632523493e-03
-7.6711042257e-03
-2.6371480069e-03
-4.0061103462e-03
7.4995257207e-03
-7.7535810089e-03
3.9124887857e-03
2.2612831798e-03
-7.6955669772e-03
5.6478961196e-04
-1.1542995336e-03
-3.5419553893e-03
-9.3055595899e-04
5.4403722310e-04
5.5282627526e-03
-1.2860750221e-03
2.8076223921e-03
1.4232510011e-03
-7.8427602143e-03
4.5662245363e-05
-1.4180871224e-03
8.4542362633e-04
1.8060152138e-02
-2.0502377383e-04
3.6460137509e-03
-7.0861525796e-03
9.7558322583e-04
3.3450152030e-03
-2.2797933593e-03
-3.2375014557e-03
-1.4165512110e-03
-7.0522032995e-03
9.8560862830e-04
1.3250955707e-03
-1.5263341111e-03
-1.9758736171e-03
7.0849680421e-03
-3.3495496994e-04
3.3561146378e-03
6.1490903711e-03
-2.0723865244e-03
9.8591035970e-04
-6.4106478813e-03
-1.5078586850e-04
5.5998232878e-03
-3.6739240078e-03
-4.2684496103e-03
1.2246186747e-03
-9.9763104332e-04
-4.5537620378e-03
1.3347312482e-03
6.2538763299e-04
9.5274591793e-06
-6.1814029377e-03
-3.5132682604e-03
-7.5995759835e-03
-2.3982019070e-03
1.2484218568e-02
1.1936769181e-02
-3.8442139106e-03
3.5399948292e-03
1.0086081808e-02
-6.0912799323e-03
-5.1626178198e-03
-2.8910554372e-03
-2.3279170925e-03
1.5370168147e-03
-7.6140537333e-03
1.0336450130e-03
-3.3150285932e-03
4.4214687070e-03
-4.3882393999e-03
-2.0982252122e-03
-1.7476547152e-03
7.1036820644e-03
2.0142996973e-03
4.8769500192e-04
3.7180015132e-03
4.9003986685e-03
1.5284337313e-04
1.7821497305e-02
-9.6033349957e-04
8.4906249483e-03
-8.4535790212e-04
-2.0079378723e-03
9.6850535489e-03
-5.0182601801e-03
7.4338844090e-03
7.0791476384e-03
3.7872024557e-03
4.2908209749e-03
-3.5602425040e-03
-5.4955869221e-04
-8.7258964465e-03
-7.3508085109e-04
5.9088399401e-03
4.3959113131e-03
1.6035135030e-04
8.3732969111e-03
1.6634721609e-03
-7.3129795282e-04
-9.0424059355e-03
-1.8771100690e-04
-5.2963834050e-03
7.0159469051e-03
-3.6492321691e-03
6.5478871244e-03
1.6308838770e-03
5.5211317401e-03
3.6699099257e-03
1.1506542636e-03
-7.4266721650e-03
8.5105918551e-03
-4.4793718220e-03
7.9382311857e-04
1.1509444441e-03
-1.7551394749e-03
1.4672321562e-03
3.7484225254e-03
2.6120040948e-03
1.5168087972e-03
-4.9449541498e-03
-3.3220181674e-03
4.6836362361e-03
-3.1389316061e-03
-2.2674196242e-04
1.1591217702e-03
2.7050342757e-03
1.5937433320e-03
1.2776698706e-02
-5.0378696281e-03
4.3097882827e-04
-2.2891791683e-03
7.5090102626e-04
9.0001777102e-04
7.7440722618e-03
-2.0057124068e-04
3.7845058762e-03
-2.6536595963e-03
-6.4812182313e-03
1.6355051630e-04
1.5743494638e-03
-4.9189896762e-03
1.3308785054e-02
-4.1731981267e-03
1.2458640651e-02
-6.0945217130e-03
-5.9320396846e-03
2.6754159508e-03
5.5908887571e-03
4.2163461337e-03
-9.1508794687e-03
6.0528216721e-03
-4.8212688697e-03
3.8275781408e-03
1.7950535209e-03
1.1971207123e-02
1.9649613266e-03
-2.4616530733e-03
-6.9260390353e-03
-4.8331492072e-03
-4.8102075498e-03
-6.3573277360e-03
-2.1782780820e-03
-1.2852854464e-03
1.7431226411e-03
-1.8349184046e-04
-1.6540814523e-03
-3.3621633837e-03
3.8400080650e-04
-7.1342513487e-04
-3.8133174782e-03
-8.0693322937e-03
-4.4689397734e-05
1.0159668103e-02
-4.5307858801e-03
7.8784621986e-03
-2.5184715121e-03
5.7677011320e-03
6.7092697000e-04
-9.3708636007e-04
3.4631674124e-03
1.2379193264e-03
-3.9691039293e-03
1.2912876371e-03
-3.8189991135e-03
3.3027155671e-03
-6.8997527506e-04
9.5507567366e-03
-8.3900021858e-03
-1.1881787523e-03
3.4023796781e-04
-6.6754456402e-03
8.3707817774e-03
1.5186119059e-02
-7.3794398423e-03
-5.3806240710e-03
2.9729841367e-03
9.7423077950e-03
1.1235539815e-03
-5.0605379900e-03
-3.1115239647e-04
-8.3884273359e-03
-1.1254967333e-03
6.8622170254e-03
1.3011745239e-02
-3.3602054381e-04
-1.1194984256e-03
1.7850720200e-02
1.1867516500e-02
-8.5326725452e-03
-4.4321138954e-03
3.5681765680e-03
1.8754759348e-04
1.4106889764e-03
-8.7069442812e-03
4.0593144262e-03
1.9632336535e-04
-3.8928381435e-03
-1.3974884652e-03
2.3476705223e-03
3.3243825506e-04
-2.5567177865e-03
5.8632920383e-03
-7.2726003444e-04
1.5569562897e-02
2.5361310378e-03
-6.7500499611e-03
1.0754157124e-03
-2.4619527684e-03
-4.0931299768e-03
3.6242037204e-03
-8.5631947741e-04
-5.5691146250e-03
-5.4908194644e-03
6.3550508511e-03
-4.7826484405e-03
1.1041443808e-02
6.7732357581e-03
-8.4440350130e-03
5.8262951531e-03
-3.5756317687e-03
1.0534065477e-02
-1.5130023125e-03
-1.9779495833e-03
-2.3857376587e-03
2.8694604705e-04
1.2120458944e-02
-3.7746344909e-04
-4.6431734517e-04
8.1548647668e-03
1.2035862120e-03
-1.6013496073e-03
1.3220036465e-02
-2.6152647380e-03
1.1551261006e-03
-2.7246048853e-03
-4.7080161523e-03
-5.7411149696e-03
-6.7446847338e-03
6.2345546293e-03
7.0470763453e-04
1.6200637586e-04
-2.5763607510e-03
-2.2823567996e-03
4.0187128813e-03
1.4758300684e-02
-2.5949571368e-03
5.0628792959e-03
1.3869778599e-03
9.4127504048e-03
-7.5344297176e-03
1.5157916223e-03
-3.1699478435e-03
-2.0792089173e-03
-1.7884436047e-03
-6.9485056359e-03
-5.4051316552e-03
1.1786935139e-02
-6.3676502963e-03
-4.7455122218e-03
-4.8454137871e-03
4.0769217420e-03
-3.9977835288e-03
5.9579368038e-03
6.2470768132e-03
3.3657386944e-04
-5.7230276209e-04
1.3250388220e-04
-7.6411789738e-03
-1.6447052243e-04
9.0136173200e-04
-2.0373579458e-03
7.3929815860e-04
-1.6335579104e-03
-8.6858803070e-03
4.0618421517e-03
3.9408447172e-03
-2.8025535048e-03
-6.8048163560e-03
8.1925095519e-03
-4.5167194807e-03
-2.4559531232e-03
9.3159770699e-03
-4.4946549351e-03
-1.3961356768e-03
-5.2356491701e-03
-5.4375777545e-03
-1.6414481629e-03
2.5959770409e-03
4.5519119754e-03
-3.9683083012e-03
9.1949291129e-03
-8.5868124348e-03
-1.8812862062e-03
-2.0663074507e-03
6.1021966752e-03
-2.2810839050e-03
6.6691345563e-04
-1.3602009342e-03
-4.7886583581e-03
-2.4737356710e-03
-4.1664616925e-03
-1.1826527889e-03
8.6155962120e-03
-9.2353878840e-03
-1.6964353298e-03
-5.0239554940e-03
-2.8166009540e-03
2.8125222189e-03
-1.4482443628e-03
4.6506468270e-03
-6.1360439887e-03
-5.4215543608e-03
1.0045024531e-02
-8.0138846882e-04
-6.3529072460e-03
4.5915364148e-04
3.9916938271e-03
-3.8939820584e-03
1.6807543382e-03
2.0890549241e-03
4.7794676977e-03
2.2119129579e-03
-3.5381151636e-04
5.0193840691e-04
-8.9961994588e-03
-4.5957033141e-03
1.2386432342e-03
1.7950380396e-03
-1.8688021226e-03
-7.3237524929e-03
4.3202458887e-03
-6.6779770107e-03
3.4998306464e-03
-1.9520152367e-03
-6.9353267329e-04
-4.5259886079e-04
2.0624725827e-03
3.5824179639e-03
5.4470782093e-03
6.0963248657e-04
-3.8399039791e-03
1.8168936096e-02
-5.9712073521e-03
-3.0641512256e-03
2.1453302362e-03
-3.7276346263e-03
4.4258325185e-03
-5.5765702466e-04
2.8204652158e-03
-6.0675844531e-03
-8.2752624873e-04
-5.2530179478e-03
-1.7411377617e-03
2.1098152655e-04
2.3950812625e-03
-3.9878481695e-03
5.7496161439e-03
-1.0046401633e-03
1.9208118080e-03
-6.8785857461e-03
-2.7962195201e-03
2.5077022926e-03
-1.6940823879e-03
-2.1673426441e-03
1.2010321478e-03
5.0100472643e-03
-3.1637860790e-03
4.1972577586e-03
3.3111425703e-03
-3.9165372924e-03
7.1092861554e-04
6.3099107536e-04
-1.4059079950e-03
1.3792192208e-02
-8.3080910379e-04
4.2534956779e-03
-9.0339409227e-04
-5.2099179908e-03
-4.2375999768e-04
8.3269745569e-04
-4.4004311795e-03
-2.6689594337e-03
-2.9911948987e-03
-6.8563621995e-03
3.7631754670e-04
5.2599481842e-03
-1.6619097987e-03
3.3313689053e-03
6.3979996487e-04
-8.7113885830e-03
-2.5452876715e-03
5.7863124707e-03
3.4175845427e-04
6.3444925186e-03
-5.3869812755e-03
8.0170978986e-03
-2.1008639830e-03
-2.1216547308e-03
-1.8247042774e-03
-7.7064309845e-03
3.3887083028e-03
-2.3471822071e-03
7.8114258710e-03
-4.4748051697e-03
6.4549488833e-03
5.5212518715e-03
-5.6356020433e-03
-2.9047605024e-03
-4.6674874325e-03
5.4537823854e-03
1.5620919011e-02
1.2017602544e-02
2.8754866486e-03
-5.7308039406e-03
-3.6256164169e-03
4.5203283145e-03
-4.4676275576e-04
5.7226971254e-03
5.2432651108e-03
4.7572231510e-03
-1.7173706232e-03
1.3769598450e-05
-1.9395149917e-04
8.0679657124e-04
7.4779937937e-03
1.2552997033e-03
-1.0701531520e-03
-1.2770475431e-03
-6.1502794390e-03
-5.0797066809e-03
-2.0871264835e-03
2.3851767961e-03
-1.6367423491e-03
-2.7881784767e-03
1.3822378193e-04
2.4958418625e-04
2.1532795860e-03
7.2594210612e-03
-1.8576504731e-03
8.3070052950e-03
-2.8627331515e-03
-2.7929684974e-03
4.2837654028e-03
-4.0493691513e-03
-4.2111042514e-03
-6.0406988768e-03
-7.0953875615e-03
5.4354882507e-03
-1.0552418867e-02
-5.7373089819e-03
-1.2406655659e-03
-2.0349399153e-03
-5.2676768347e-03
8.1854026714e-04
-2.9752326848e-03
-8.6938866836e-03
8.5788357850e-03
7.4577326941e-03
-4.8394282315e-03
-6.5335371629e-03
-1.2937295993e-03
4.3509094622e-03
-1.1552037780e-03
-7.9701628193e-03
2.6458857679e-03
-2.2297805025e-03
-1.9098649627e-03
-2.7179470413e-03
-4.9357020199e-03
4.7877337161e-03
-4.4485665299e-03
8.6923890903e-05
4.7888850873e-04
1.6900747723e-03
9.3667292813e-03
5.2804015184e-03
1.0562928227e-02
3.0129089074e-03
1.9427031301e-02
-4.5775830129e-03
-6.8621923532e-03
-4.4087063567e-03
-9.0300309448e-03
1.0296067928e-02
4.3321132203e-03
-8.2243652488e-03
-1.3587951736e-03
-1.8429906820e-03
1.2960107441e-02
-1.0054231608e-03
-6.0322096419e-03
8.8523344453e-03
1.3635436628e-03
1.0082333416e-03
-1.1794551893e-03
3.2875494724e-03
3.3001518623e-03
-2.7352766342e-04
-6.0194604155e-03
5.8730609805e-03
3.5328694626e-03
-1.7919012412e-03
2.1639869653e-03
2.9333890775e-03
-6.5112647285e-03
5.5134778465e-03
-3.8203431543e-03
-3.9866926675e-03
-8.0335846863e-03
3.9815611903e-03
4.5348530186e-03
-7.9430954691e-03
-8.7051167561e-04
1.9460879756e-03
-1.1037574027e-03
5.9685608169e-03
-3.6410995206e-03
2.9063763611e-03
-3.1930826405e-04
-3.1961119903e-03
-3.1747975876e-03
-1.0651862474e-03
4.7522283576e-04
2.2999587627e-03
5.6089560151e-03
-1.2749251523e-03
-3.7530763998e-04
-6.1834727656e-03
-5.6796681592e-03
3.4638705997e-03
-6.5350548315e-03
-4.8426658668e-03
1.4343471613e-03
1.3206498724e-03
-7.0325719739e-03
-1.0879918841e-04
-1.3539501381e-03
1.2183584470e-03
1.5774985752e-03
3.1161566031e-04
-1.9851568891e-03
-8.8294848311e-04
-3.6879171369e-03
2.5843262865e-03
1.7087712780e-03
1.1694454616e-03
-2.1174555598e-03
-1.7990752163e-03
-2.0451029621e-03
-2.5383520749e-03
6.6429204437e-03
3.1437068225e-04
-3.0490990665e-04
1.3633145334e-03
5.2693334512e-03
-3.8788854317e-03
-4.3065792808e-03
6.4374560780e-03
-2.3386868859e-03
-3.9410649609e-03
1.8344890652e-03
-8.7039927851e-03
6.3260041064e-03
-4.8226177366e-03
-3.6393668270e-03
5.7908433074e-05
4.9156564503e-03
3.3505064441e-03
1.4675822848e-03
6.6385968193e-03
2.1946338845e-03
-3.1605343695e-03
-4.6527211075e-03
-3.0913309910e-03
8.5706238513e-03
-1.0980848218e-02
1.0959245206e-02
-1.2210207701e-03
1.1447687397e-03
-1.1371632566e-04
8.6147836674e-03
-5.0302526765e-03
-4.9454358367e-03
1.2007787895e-02
2.8197883950e-03
2.3742200605e-03
-4.4706870329e-03
1.1299392051e-03
1.1790199028e-02
-4.0061966053e-03
-7.0816472205e-03
2.0153712436e-03
-2.1922402202e-03
-5.3234004371e-03
-1.2122127257e-03
1.4973350758e-03
9.4770383691e-05
-2.4876419504e-04
1.9399213072e-03
2.9776028658e-03
3.5360121698e-03
2.5545815167e-03
-8.5479349163e-03
-4.4971543816e-03
-7.6357729676e-03
6.6107844982e-03
3.2113291964e-03
-1.5694484760e-03
1.5681544687e-03
2.6352513763e-03
2.8668975457e-03
6.1164563177e-03
-3.3281639088e-03
5.0001635461e-03
1.9423078092e-03
-1.8836480546e-03
3.3859405891e-04
5.2105045551e-04
-5.1821555651e-03
-3.1903894658e-03
5.4549946070e-03
5.3190346268e-03
-1.7070524356e-03
-4.5070145680e-03
3.1463097604e-03
-3.6603259294e-03
1.1337251449e-03
6.3964528545e-03
-3.8640575599e-03
-1.4492978544e-03
9.2790384166e-03
1.2680555981e-04
-6.8405584193e-04
-2.5901562724e-03
1.2645005923e-02
7.0100456572e-03
1.9486810585e-03
8.4354365975e-04
6.2342865543e-04
1.3364277179e-03
-1.3816316996e-03
-3.1440703097e-03
5.5696649249e-03
2.4816200230e-03
1.8809409389e-03
-2.8242256397e-03
2.2963140257e-03
-4.5176076724e-03
3.3167321030e-03
-1.4407012812e-03
1.3775469292e-02
-7.9604718975e-03
3.0501899608e-03
5.4879657016e-03
-5.2894709403e-03
-7.0760735790e-03
-1.1889922124e-03
-5.8695629387e-03
-3.7727817694e-03
-5.6460313854e-04
2.6926261794e-03
5.0302435693e-03
-2.7229063667e-03
-2.5215903738e-03
1.4821554313e-02
3.8392502084e-05
1.0226573524e-02
-5.8913273488e-03
8.9447745508e-03
1.3650589751e-03
1.0344096842e-02
4.7944663539e-05
-5.1061819809e-03
-7.8735369635e-03
-5.8668695434e-04
4.5159204514e-03
-5.6574230623e-03
1.8913507607e-03
-1.2547386014e-03
-4.7822275522e-03
-5.1213875958e-03
-7.3370721476e-03
-3.3550729158e-03
6.0191474172e-03
1.2615488886e-02
1.0181746256e-03
4.9092837958e-03
-6.6868048917e-03
3.8291979379e-03
-4.8352232329e-03
-9.2753485302e-03
-2.7821634443e-03
-1.7282243854e-03
4.6965113261e-03
3.6845692686e-03
3.7636057685e-03
2.1074435594e-03
-9.6982249398e-03
8.9936810668e-03
-5.7411049453e-03
9.5093267624e-03
-2.7969922906e-03
-2.3557280110e-03
6.7027683751e-03
-4.1494697123e-03
-6.8149797724e-03
1.9105646828e-03
-4.6883740288e-03
1.0174018886e-02
1.1339020459e-03
1.1298376463e-02
-4.1080782256e-03
7.8738072407e-03
-4.9622559090e-03
-3.0329969116e-03
-1.1899233757e-04
4.5210497949e-03
2.9649765463e-05
-5.2507661676e-03
3.5443764874e-03
1.1699347805e-03
-3.4494725968e-03
-1.1562380554e-03
-4.9247405660e-03
-7.0856326441e-03
-4.9529324300e-03
-3.9239418310e-03
-1.3194513860e-03
5.0863440580e-04
-7.8421165146e-03
-2.5474811560e-03
1.2509621673e-02
-8.9040446577e-04
-8.5214625316e-03
-8.0564572136e-04
7.5141753356e-03
-3.5067022014e-03
-1.3551680794e-03
-5.5563764210e-03
2.6022617249e-03
6.3975056261e-03
1.4783621040e-03
-5.7257226833e-03
-4.6738639183e-03
-4.5822845518e-03
-1.5912607583e-03
9.4030991456e-03
4.4497399672e-03
1.0741733658e-02
-3.7635329811e-03
-1.6872149899e-03
-9.2527811865e-03
2.0333141089e-03
-1.2057965901e-03
-2.4549229614e-03
3.8254319684e-05
5.2887575647e-03
-6.1773259069e-03
-1.5765061865e-03
-2.4040607234e-03
2.4007517372e-03
3.7549164495e-03
2.7182639140e-03
6.4492782369e-03
-3.8220069396e-03
-6.3327010645e-03
-3.2803723115e-03
2.3988121245e-03
3.8869232072e-03
-3.0150200520e-03
4.5020889086e-04
-3.9003198923e-03
-1.7270495757e-03
-5.5119589697e-03
-1.8982620461e-04
7.1909112310e-03
-5.8842563285e-03
7.5996977622e-03
-2.9826530797e-03
3.8111624813e-03
-3.8335968572e-03
5.4884781061e-03
-7.2732593843e-03
2.4382116571e-03
-5.4603834334e-03
-3.8411845874e-03
-4.0831779493e-03
5.9806111384e-03
-5.1912013919e-03
-3.8745185547e-03
-7.0763861238e-03
5.1927153442e-03
1.0440215345e-02
-2.3841575495e-03
1.1419521335e-03
6.3645753166e-04
9.0613832022e-03
3.2527136582e-03
-1.0401582823e-03
-4.5753369985e-03
-1.8983901858e-03
-9.3616410273e-04
-2.4484424309e-03
-4.8119508639e-03
-6.0810828264e-03
7.0074817307e-03
1.1123679917e-02
4.0553736498e-03
3.1984563271e-03
-9.5351743846e-04
-5.3444685486e-03
1.2584099474e-02
-5.0403650560e-03
-9.2935957434e-03
4.4115303073e-03
-3.6706471560e-03
3.1122201890e-03
-3.4575793530e-03
-1.5037039190e-03
-1.7484912860e-03
-1.4329346391e-03
-4.7339810225e-03
-9.7753205014e-04
-6.2092140735e-03
9.2611121090e-03
7.6987849700e-04
8.2368604383e-04
-4.3831693534e-03
1.3021688158e-02
-5.7995269067e-03
-1.9794009338e-03
-6.0062299060e-04
9.2021345500e-03
6.5362280232e-03
4.0385404409e-03
4.4908024415e-03
4.7701815309e-03
-1.5370911695e-03
-7.2232339575e-03
-5.0232061952e-03
1.9915320405e-03
-6.0055797771e-03
1.1204439414e-02
-6.1902463224e-03
2.3287371027e-03
-3.0335423401e-03
-4.3543416526e-03
-3.1712039692e-03
1.2370791013e-02
-8.7236066812e-04
1.9579961603e-02
1.7944288584e-03
-1.9061489863e-03
1.3834689187e-02
7.1626867230e-03
-2.0553337600e-03
-3.0240007939e-03
3.9812885280e-03
-2.2349137753e-03
-5.2171570937e-03
2.6253780399e-03
3.3168042983e-05
-4.3255505890e-03
2.3336256134e-03
2.5963326989e-03
1.4564335096e-02
1.9963821953e-03
1.5459364729e-03
-9.7839472525e-03
5.1523483154e-03
-9.8341092098e-03
-1.0125136647e-03
4.7086313008e-03
-6.2215294234e-03
8.2479228990e-03
-6.7521658929e-04
1.8354507879e-03
6.6928342725e-03
-4.3342596018e-03
3.6742677999e-04
-2.2873942485e-03
-5.8203926706e-03
2.0148351099e-03
-1.4541660345e-04
9.2774424981e-03
-3.9265744842e-03
-7.1544558643e-03
2.2595663272e-02
7.6490262254e-03
3.1380342192e-04
1.9639699552e-03
-4.1728941118e-03
3.0087011274e-03
2.0328404454e-03
2.4881204758e-03
3.3473387244e-03
1.3865513561e-03
6.2047537572e-03
-5.3580265654e-03
4.7113575387e-03
-1.8128821927e-03
3.4007943623e-03
1.9700982063e-03
-6.3674488622e-03
-3.9261831491e-03
-6.5470819795e-03
7.9731796517e-04
6.2160595835e-03
1.5405797151e-03
-3.0839825686e-03
-5.6687137726e-03
-7.8427825401e-03
-9.0196420021e-04
-5.9652872515e-03
-7.1581777309e-03
-1.1926729203e-04
3.8488937225e-05
-1.4526700092e-03
3.4742268454e-03
-6.1187075677e-04
-6.7188052151e-03
1.5960146056e-03
1.0770638581e-02
2.0803313907e-04
9.0680900476e-03
-6.3902016318e-03
1.4907935995e-02
-2.7266842010e-03
-5.2982693790e-03
1.4207932222e-04
-2.8359035475e-05
1.1949093274e-02
-4.4798338473e-03
-6.5187873500e-03
1.3762780911e-02
1.5584669600e-02
-3.8456362490e-04
-6.0967318914e-03
-7.3764949195e-04
4.3321944289e-04
-8.1687490740e-03
-9.0400062464e-04
-7.0041925662e-03
8.6955103102e-03
-4.8638635191e-03
-9.8121770064e-03
-1.6256119114e-04
1.1724935078e-02
-2.8931788443e-03
3.3916734957e-03
-2.8244084941e-03
-6.3096295068e-03
2.9323464271e-03
-3.3474067506e-03
-6.8918186233e-04
-1.7174286269e-03
1.1182115866e-02
-6.5459231258e-03
1.0494909192e-03
-1.9123074991e-03
-9.9661080606e-03
5.4957747895e-03
-4.3601155872e-03
-7.9308178453e-03
1.2634164221e-03
-5.1510438384e-03
-1.3322458909e-03
-3.0507153972e-03
-7.5387882925e-03
-1.4792735568e-03
-6.3699822970e-03
-4.2138966312e-03
2.2717251079e-04
3.1048418648e-03
-3.9004138704e-03
-7.3526127420e-03
-1.5716973647e-03
1.2996582175e-02
-2.6022037291e-03
-3.3635940007e-04
1.4418452056e-02
-3.0454453239e-03
2.3086781756e-03
2.6836558237e-03
4.8578610911e-03
1.2511131526e-02
5.2911188035e-04
-2.6255338674e-03
1.9995743358e-03
-5.5336455540e-03
-3.4321434227e-03
-6.5762909455e-03
1.7064814258e-02
-4.5338927950e-03
-5.9836846409e-03
-2.2879649263e-03
-9.9741537127e-03
6.1776327735e-04
2.8673381476e-03
2.2723988938e-02
1.7327614746e-03
-2.1604419499e-03
1.2054567323e-02
1.7984179760e-03
9.2194446225e-03
5.0900421146e-03
8.0017680219e-03
3.6696239396e-03
-6.1752072172e-03
-2.7882447796e-03
8.2854386053e-04
8.7951829270e-03
-9.5610305571e-04
8.3622014059e-03
4.1636003838e-03
1.5381775615e-02
-5.0016174771e-03
-5.9181437341e-03
-6.6751917297e-03
1.2603154147e-03
-5.5724954485e-03
2.0023166860e-03
-3.0618057853e-03
1.2944269835e-02
4.0426343698e-03
1.2807690136e-03
-7.9159585133e-03
6.6990434623e-03
-2.2756547339e-04
3.7824891545e-04
5.6235402746e-03
2.3223059313e-03
7.7131612841e-03
-4.6320727938e-03
-6.1055251005e-03
-4.6671311353e-03
-2.3732041354e-03
-1.2111858189e-03
-4.1788859376e-03
1.1281264333e-03
1.7336531593e-02
-1.2703180959e-03
-9.4273314991e-03
-7.0338760136e-03
-2.6724813039e-03
-5.8763456584e-03
9.0495422223e-03
-2.4503970983e-03
-4.9960643632e-03
1.8723972179e-03
-4.3004275951e-03
6.2730002598e-03
-4.0471950072e-03
3.3959652083e-03
2.5183479755e-03
1.0685509470e-02
-8.0880778434e-03
-2.8976507411e-03
2.8847272510e-03
-4.3728866232e-03
2.8463527423e-03
-1.5472145338e-03
-6.2283771817e-03
3.6042639817e-03
-2.2915492878e-03
-2.1656490545e-03
-2.0593807581e-03
-5.0406048141e-03
-4.2831132292e-03
-2.6438576433e-03
-3.4830416688e-03
-4.8750636626e-03
3.8304690328e-03
1.7794458122e-03
-7.6233415149e-03
-5.6702467427e-03
1.5486720223e-03
2.8059088436e-03
-3.3898637590e-03
-8.6571419600e-03
-3.9735451914e-03
6.6473297898e-03
1.0141197097e-02
2.5144752731e-03
-5.4245718849e-03
-1.2926289166e-04
2.5728003236e-03
2.3529888336e-03
3.6355771001e-03
-1.2958726677e-03
4.2945375166e-04
1.4216523400e-03
-3.5135499580e-03
-1.4553259763e-03
-1.0738367190e-02
-1.3498791847e-05
3.3866568430e-04
-3.0383996726e-03
-2.5782287926e-03
2.2536100729e-03
5.9094614271e-03
-6.0244765591e-03
1.9089218622e-03
-3.9403536774e-03
-1.9537682916e-03
-6.9896254140e-04
-7.0268046079e-03
3.6646766552e-03
2.6770842884e-03
-3.4770903459e-03
-3.1802858594e-03
7.0840566767e-03
2.0248294450e-03
-3.4890257883e-03
-1.8788554141e-03
1.7830111148e-03
6.8180360605e-03
8.9570107640e-03
-2.9118171233e-03
8.8427209122e-03
2.6399592927e-03
-3.3255413130e-03
1.0691663389e-03
8.1527890070e-04
-3.6873074905e-03
2.9799404243e-03
-8.8889620567e-03
-5.0932576522e-03
1.8119866722e-03
5.5540276687e-03
1.4662584238e-02
-6.3389876043e-03
4.0203160759e-03
8.1253697879e-03
-5.4903282471e-03
2.2681780475e-03
9.1928438566e-03
-5.6493050664e-03
-1.4364378686e-03
-1.5146740631e-03
8.7040415675e-03
-8.3816341218e-03
-5.9410867226e-03
-4.3357659451e-04
3.2988724480e-05
-4.5552498430e-03
-3.9062948711e-03
1.0703192128e-02
8.2968056916e-04
1.3822348346e-03
3.1900529400e-02
1.2007790298e-03
-3.1013258710e-04
6.7797806213e-03
-5.0811294490e-03
8.9921593021e-03
-5.6490243032e-04
-7.2155161463e-03
-5.1057594333e-03
2.3109058406e-03
3.4576637360e-03
5.3441064300e-03
-4.4318478389e-03
6.2218124346e-03
-2.1756611405e-03
-3.5824142865e-03
5.3620762876e-04
2.9163212163e-03
-5.2080594574e-03
-4.3684161927e-03
1.8960903470e-03
8.4155425327e-03
6.8263048756e-03
-2.4002173056e-03
-2.7324015031e-03
-1.5819921731e-03
-7.9454876990e-03
-6.0643895248e-03
9.3623446471e-04
-5.6928313990e-03
1.2550529487e-03
4.4201100284e-04
-2.1387694190e-03
1.7991721679e-03
-5.8946844894e-03
-4.7740201041e-03
-4.0276878125e-03
-5.7523681896e-03
-7.3864269019e-04
-4.9424393252e-03
7.1885465437e-03
-1.2391921731e-03
-3.1778855300e-03
3.2888535973e-03
-3.3998994087e-03
-3.6041728485e-03
-2.9350960670e-04
9.0182910254e-04
-4.3957546915e-04
-6.9273309733e-04
-2.1361872034e-03
3.8006983944e-03
2.7193462261e-04
-1.0019702375e-02
1.8922970218e-03
5.5773897628e-03
-4.7588881253e-03
-2.0781953648e-03
1.2169670556e-02
9.6389349991e-03
-1.1466013031e-02
4.4830969826e-03
-1.8692806081e-03
-4.3064909118e-03
-5.2287120072e-03
4.5238249073e-04
-1.8202062803e-03
-4.6652513661e-03
-1.7092814942e-03
-1.6189680776e-03
1.8474748809e-02
1.0410754704e-02
-2.2090855334e-03
-1.2115520443e-03
-7.2472373726e-03
-1.9799154646e-04
-5.0861821520e-03
-2.0121536544e-03
-4.0995002558e-04
2.3065382408e-03
-3.0343402641e-03
6.1389438550e-03
-1.3231316903e-03
1.1648124059e-02
-1.8627234304e-03
-5.0661362298e-03
3.5504209993e-04
5.4261674273e-03
-6.7043414426e-04
-4.7168370092e-03
-1.8282216461e-03
-7.4476774299e-03
-5.5806126414e-03
1.0046133653e-02
7.9477760657e-04
-1.1658036462e-03
5.3832591277e-03
-3.0684312043e-04
1.5139099996e-02
-6.8936663806e-04
-3.8580128275e-04
-5.5261983579e-03
-7.2497704487e-03
-5.5374245338e-03
7.3006587444e-05
-5.7118517854e-03
2.3086067111e-03
-3.3883864896e-03
4.9699439596e-03
8.6006304485e-03
-4.5071055391e-04
3.3493249344e-03
1.8052951617e-03
-3.5259899323e-03
3.1252321851e-03
-1.0243662449e-02
1.7294858950e-03
8.6272903151e-03
1.4183076535e-02
-6.5146186097e-03
-1.3916137309e-03
1.1633699137e-02
1.2537674787e-02
-7.7638779855e-04
-4.0089986409e-03
-6.1161591789e-03
-5.9260408043e-03
8.2911474539e-03
2.5723594469e-03
6.8455953060e-03
-3.1660627923e-03
-1.9022601959e-03
1.1859706112e-02
1.9856872739e-03
3.0899061878e-03
4.3962604604e-03
-2.2070538057e-03
9.1273265824e-04
1.1666057946e-03
-2.2798819714e-03
-7.5286468678e-03
-3.5946316597e-03
-2.1101137519e-03
6.2277681687e-03
-8.6081057630e-04
1.2107579124e-02
-2.9869040705e-04
-7.6793559026e-03
7.8906859318e-04
3.4117720314e-03
2.7841042715e-03
-8.5599524274e-03
-5.4000035026e-04
-3.6664943343e-03
7.3641740784e-05
4.4624868388e-03
-1.3754783135e-03
1.5827080263e-03
-9.2837917034e-04
7.6520623959e-04
6.2488410987e-03
-4.7809528662e-04
-3.6233306929e-03
1.2544309372e-03
-4.0523756938e-03
2.1201209943e-03
-4.2616494661e-03
-6.4281654580e-03
-3.3949122545e-03
1.3444506826e-03
1.6482859564e-03
2.6253307273e-03
8.2016002274e-03
-1.7833339757e-03
-3.5922707468e-03
-4.0089782783e-03
9.0083077094e-04
6.2598665308e-04
5.1962044255e-03
-2.3609344268e-03
8.8167944831e-03
-6.9706511788e-03
2.8652875319e-03
-1.1648567719e-03
-2.0759596348e-03
-7.6684844156e-03
-3.0169478810e-04
3.8871944751e-03
-6.6122062610e-03
-5.8206798562e-03
9.6634740883e-03
9.1930518846e-03
-5.6277280699e-03
-6.6536454585e-03
7.9396270005e-03
4.6003487242e-03
-3.6620927749e-03
7.1228515125e-03
8.7484442908e-04
2.2104721610e-04
-2.8577139185e-03
-5.9210852800e-03
5.9527873385e-03
7.1541157171e-03
-3.9505531976e-03
-1.9118885735e-03
3.9506604145e-03
4.7489623779e-03
-1.3332652853e-04
4.1848683367e-03
-4.5729907573e-03
4.2817453990e-03
-6.3563821024e-03
-1.7147900811e-03
1.7027806148e-03
-4.1097117621e-03
-8.1651505167e-03
-4.4417263067e-03
-4.2923058119e-03
-5.2789491505e-03
5.6045817138e-03
2.8650636858e-03
1.0085310712e-02
-1.1751440481e-03
-1.1898364991e-03
5.8754616859e-03
-1.0518360654e-04
-4.1948758565e-03
-1.3971524779e-04
2.9176590865e-03
-5.4388571521e-03
-7.1411797132e-03
-1.4929195773e-03
-6.2771574676e-03
1.6913199351e-03
1.2902222279e-02
1.4883023239e-04
1.4723124867e-02
-5.6091142944e-03
-1.3503412481e-03
2.5586922677e-02
1.7401245106e-02
1.2380591033e-02
-1.0139412051e-02
-4.7510341254e-03
-5.7388939035e-03
3.0330205636e-03
6.4316130409e-04
5.1459987880e-03
4.7478732170e-04
3.2670290620e-03
8.2016863290e-03
-3.8513966158e-03
8.7545483192e-03
-3.4731161527e-03
5.7999001948e-04
-6.8058801856e-04
1.1657072226e-03
-6.8055434523e-03
-2.2921268823e-03
3.8175874105e-03
-9.7094334850e-04
-2.0203066106e-03
3.0074361546e-03
2.4238838085e-03
-1.5976892776e-03
2.9979785072e-03
9.9216885168e-04
7.9805754239e-03
2.8357341576e-03
-2.8566853506e-03
-9.7211792609e-03
-4.3047119222e-03
-2.7804702907e-04
2.5390060853e-03
-5.4435237834e-03
-5.3591896621e-03
1.0109784048e-02
2.2059163281e-03
-4.0817803625e-03
-6.8302702294e-03
-3.1873013752e-03
-4.5538599715e-03
-3.1098633443e-03
-3.6976835672e-03
3.7470298852e-03
-4.5686301386e-03
-4.4040855385e-03
1.6662867585e-04
3.3334796495e-03
8.6653529616e-03
3.2462330751e-03
1.2289557525e-02
-1.0290999641e-02
-7.1010528059e-03
-1.3487842236e-03
-4.4349032141e-03
1.5598279697e-02
4.4432191995e-03
3.1828812106e-03
-2.5817883068e-03
3.1592268408e-03
1.0442074690e-02
2.1752212402e-04
2.0774921128e-03
9.1145948053e-03
-4.7116520394e-03
4.5698344101e-03
6.7498751037e-03
1.5271536559e-02
5.1917822674e-03
-5.1115443223e-03
1.1546761222e-03
-5.9428765958e-03
2.8955714262e-03
-7.1191650628e-03
1.3260179477e-04
5.2326938906e-03
6.4489853201e-03
-4.1614458154e-03
5.2726937112e-03
-5.3404200481e-03
-7.9213985202e-03
-3.3989334550e-03
-2.6162637171e-04
1.7788390457e-02
2.2761171514e-03
-5.3754168945e-03
3.3313621008e-03
-2.4272607380e-03
5.7742801083e-03
4.0409568717e-03
-6.7791882833e-03
3.8167344670e-03
8.2854540002e-04
-5.8111269953e-03
3.9702937426e-03
-6.3741761324e-03
3.3328875691e-03
1.0192735137e-02
3.5744645123e-03
4.1092557052e-03
-5.0756548687e-03
2.7264730735e-03
-3.5033683634e-03
7.2351311113e-03
9.2496410352e-04
3.2094529440e-03
-4.7318652329e-03
5.7334529453e-03
7.0036925129e-03
8.4366028888e-03
-2.5928414873e-03
-3.3815924144e-04
-5.7289809031e-03
-4.8875727911e-03
-1.0676252402e-03
3.6036653466e-03
-4.7566428883e-03
3.9566775673e-03
6.7899915607e-05
2.4216030908e-03
1.7856733340e-03
2.0801314014e-04
-1.6895203185e-03
-3.6982871740e-03
3.9079269680e-03
-8.7300404385e-03
2.2390344285e-03
1.4403980952e-03
-2.9718143402e-03
7.0023287335e-03
-5.1707987322e-03
-5.4038830872e-04
1.6806152244e-02
1.7522902945e-03
6.3353568463e-03
-2.8064315836e-03
-4.5114117719e-03
-7.8634758651e-03
6.0220285820e-03
8.4529436310e-03
-3.7313735738e-03
1.3467612649e-02
3.9266306075e-03
-1.7815548161e-03
-5.5927058406e-03
6.1663426134e-04
-7.8728245081e-03
4.8482464824e-03
1.3214466971e-02
9.5375220296e-03
-2.3415403853e-03
-4.4540400205e-03
1.8206979959e-02
-3.4207095635e-03
2.5882771337e-03
2.2210125949e-03
-1.8049507713e-03
-2.8145988143e-03
-9.0968292300e-03
-6.6668328758e-03
5.6374926711e-03
-5.0461900960e-03
3.7846213388e-03
8.5490646676e-03
1.7566546771e-03
5.8319858879e-04
-5.0880935444e-04
-2.4278047507e-03
1.6288599270e-03
-4.4086983869e-03
2.1792298182e-03
4.2950683636e-03
-6.8323220478e-03
-5.5143432365e-03
-1.0865482598e-03
-2.0441578999e-03
-2.0518113602e-03
1.4259768864e-03
-3.1468114246e-03
4.8454292649e-03
-1.9994936807e-03
1.7470465726e-02
1.0550733767e-02
-1.5501285617e-03
1.5032282505e-02
1.6098822928e-03
-2.9884545981e-03
6.9033591182e-03
-3.9664187765e-03
-4.2692454332e-03
-2.6210263561e-03
-1.0718280647e-03
2.1374376108e-03
-4.8917030024e-03
-3.8291757379e-03
8.2065044502e-04
-1.1069393883e-04
9.7393305594e-03
-3.6421417634e-03
2.4786630079e-03
-3.6347302751e-06
3.0377899565e-03
1.6216821060e-03
4.0386830346e-03
6.3419713751e-04
-1.5362079364e-03
-8.1423656789e-04
-4.3763575956e-03
-4.1152237032e-03
-4.4259470124e-03
1.5081125418e-03
-2.6646401251e-03
7.9466929928e-04
-3.6393107915e-03
-6.3084820300e-03
-7.4332448827e-03
-4.2576199033e-03
1.1811255764e-02
-1.8790087989e-04
3.5802679064e-03
-5.2420617991e-03
1.0656392266e-03
1.3861053730e-03
-3.0863526803e-03
-4.4754789280e-03
1.3761769886e-02
-4.2397014773e-03
3.8976479415e-03
-4.3464611064e-03
-3.0112948766e-03
3.5778878627e-03
-3.4512716251e-03
-1.8469120126e-03
1.1105824137e-02
-5.7898964308e-03
2.3521438749e-03
-2.4193752077e-03
-1.6515308813e-03
3.4349570916e-03
2.1691953828e-03
4.3257032862e-03
3.5811573974e-03
8.8709313447e-03
1.8025620983e-03
-8.1481928662e-04
-5.0972560098e-03
-8.0468037888e-03
-2.6815499047e-03
2.9997207258e-04
4.3187871572e-03
-1.0250324456e-03
1.0838279836e-02
-9.4579305635e-03
-5.0174862303e-03
-1.2241354975e-03
4.1149623535e-03
-4.8028407989e-03
-4.4867713613e-04
-4.6780206414e-03
8.0271847144e-03
-6.0187167786e-03
3.1773108708e-03
1.6611206128e-04
-3.1478073022e-03
-6.4845532149e-03
-4.3112757064e-03
-4.7249192321e-04
1.2409309921e-03
1.6411654756e-02
4.8640241282e-03
2.8369112361e-05
-9.2148111268e-04
-9.3093265192e-03
3.9176757935e-03
-1.9538935660e-03
-2.9585155261e-03
1.1572981102e-03
-6.2202063953e-03
5.9590935483e-03
-6.1842427590e-03
-3.2285678137e-03
-3.0596149442e-03
1.2210397806e-02
-7.4327995637e-03
-4.6741614258e-05
-1.3118260489e-03
-4.7484694148e-03
5.2746445604e-03
4.6438137567e-03
5.8979490805e-03
-1.6542236821e-03
-5.5427187235e-04
-2.8419194556e-03
5.8735695998e-03
8.0263857780e-03
6.5588192357e-04
1.2909466812e-03
-8.9417823449e-04
4.1475612943e-03
-9.6413010247e-03
-4.3706165890e-03
-1.1256627492e-03
-3.9172197766e-03
-5.5178990360e-03
6.7065248187e-03
-4.4464208932e-03
-4.3138995464e-03
-7.9271950584e-03
1.0785822098e-02
-4.0005070201e-03
-2.9423181093e-03
-2.0658297534e-03
-2.6085620400e-04
5.5057833259e-03
3.3422537630e-04
4.0449885241e-03
-2.4667862054e-04
-8.3901523917e-03
-9.5344228009e-04
-5.0400422726e-03
-3.8157660045e-04
1.2541783424e-02
4.1221164234e-03
3.2204646888e-03
3.8088963380e-03
-3.7932184722e-03
-1.7620307272e-03
-4.0008162800e-03
8.9965029688e-03
8.6709595285e-03
8.2149007289e-03
1.8473588233e-02
-6.0080349462e-04
-5.4779660636e-03
1.7407304717e-03
-9.4634757871e-03
-1.9796972249e-03
-6.8166597673e-03
-5.4914043195e-03
1.7943054182e-03
1.2908520633e-03
-2.2258390867e-03
-5.1750763171e-03
-4.1854012785e-03
-6.3863112208e-03
-8.0031780813e-03
8.3266047414e-05
-5.3207623848e-03
1.1480126054e-02
-1.7925703390e-03
1.0550297566e-02
7.2319194769e-03
-1.3398765136e-03
-1.3836225826e-03
-3.1890580158e-03
1.7353865390e-04
-5.2569459181e-03
4.5269980295e-03
-2.7747804662e-03
-4.9450315312e-03
-5.8097643958e-03
5.4303244426e-03
1.6140467243e-03
1.1190529751e-02
-6.7717023012e-03
-1.2846804098e-03
-6.8598041853e-03
-2.5767164852e-03
1.0253958276e-02
-2.0101326018e-03
3.3374047034e-03
-6.2165182247e-05
-5.3597414212e-03
-1.4604038659e-03
1.3062159541e-03
2.2055546792e-03
1.7542412251e-03
1.8455623683e-02
-1.1799144732e-02
-9.5820691233e-03
2.7330204266e-03
1.5083588340e-03
-9.0147885265e-03
-2.3027855589e-03
-1.0092277576e-03
-3.1451028129e-03
7.5462258699e-04
1.4210639768e-03
-5.2217743200e-03
5.1681963453e-03
-4.8946325652e-04
-4.2859213705e-03
3.3323152077e-03
-2.9590242088e-03
4.7109919078e-03
1.8134450132e-04
1.5883398244e-03
1.1275208540e-03
-8.1216301615e-03
-7.2258577624e-03
-5.1888890466e-03
-1.6653212427e-03
4.5045723297e-04
-3.6801044757e-04
-2.7640382941e-03
5.1500447147e-03
1.4100449500e-02
-2.3029280703e-03
3.8087585137e-03
-2.2832901721e-03
-7.2419916543e-03
-3.1728010307e-03
-3.3521729693e-03
-8.7113929050e-04
8.6379081756e-04
4.6494997166e-04
8.1639405688e-03
-6.1946820406e-03
7.8212605090e-03
-2.8958891966e-03
7.7368754653e-03
5.5249317354e-03
-6.8982849353e-03
7.9419623569e-03
-1.0532250833e-02
-6.5493130075e-03
-5.8995162373e-03
7.0049970365e-03
-8.4154697941e-03
-7.1860042987e-03
-7.1920432964e-05
-5.7528541044e-04
5.1214307123e-03
1.2763802094e-03
3.7578460989e-03
-1.0636311747e-03
-6.3595097968e-03
-5.5507773843e-03
7.1789222184e-03
-2.4386918247e-04
2.4258386315e-03
9.3031064390e-03
1.0287278120e-02
-3.6920527915e-03
-6.7747166565e-03
-3.3348282257e-03
8.8001526076e-04
-4.5151393646e-03
-1.3209556367e-03
-1.5551113382e-04
1.6750412888e-03
-2.8645626656e-03
4.9395670911e-03
-7.1898303701e-03
-5.0260738559e-03
-5.4455880194e-03
9.6597661216e-04
-4.8332904036e-03
-4.1571662754e-03
4.7647249430e-03
5.2049180887e-03
3.5711602264e-04
-1.8267637405e-03
1.1181964683e-02
1.3475938957e-02
-4.9017437210e-03
-3.9508068981e-04
-9.0303068237e-03
-2.3031956291e-03
1.6197881362e-02
-1.3603113720e-04
-3.9400690859e-03
2.4833008960e-03
5.2518428399e-04
3.3452362529e-03
9.7613205980e-03
-3.8515496436e-03
2.9200244993e-03
2.1411651093e-03
3.9236312799e-03
-3.6717585158e-03
2.4429134074e-02
6.9253207613e-03
-2.1043903379e-03
-3.8864431722e-04
-3.4621376751e-03
-2.3369291381e-03
-3.0597568670e-03
-4.2402940618e-03
3.8707276529e-04
-2.1579467837e-03
3.4089477354e-03
1.2118382254e-03
6.3420806041e-03
1.3572125403e-03
-3.7223115946e-03
-5.2438504580e-03
1.1123196278e-03
-4.2112611905e-04
5.7384815205e-03
7.5707800610e-03
-1.0272446134e-02
4.3152139051e-03
1.0387748091e-02
-4.4897519052e-03
-5.8694696303e-03
5.0085279406e-03
-4.1841510249e-03
-3.1725403240e-03
-6.4890642101e-03
1.0682129215e-03
-4.9069021396e-03
-1.2957275634e-03
-6.6052097412e-03
-4.5119998351e-03
-7.4577600805e-03
-3.5611576061e-03
1.2539219020e-03
-2.2558795770e-03
-4.9454664858e-03
-1.8600579262e-03
-5.0537520003e-03
-3.8964426988e-03
-4.6550255733e-04
-2.7783646518e-03
-2.6614855705e-03
6.3028461683e-03
1.5446138917e-03
6.2491863901e-04
3.6430723993e-03
5.2231652544e-03
2.0996309573e-02
-4.0311735975e-03
-7.9335110056e-03
9.6463095820e-03
-6.3349813897e-03
-9.4289830234e-04
4.0686387517e-03
-1.3617396288e-03
7.5315323649e-03
4.4806688136e-04
-6.3390187967e-03
-3.1118819233e-03
-3.7206443774e-04
-1.7338020854e-03
-6.1600165943e-03
1.2101404381e-02
4.4078135822e-03
7.3130610844e-03
5.6108247412e-03
2.2001016270e-03
-2.5911264212e-03
2.0147845460e-02
3.3283869890e-03
1.5492254883e-03
-3.9828167476e-03
5.1654656574e-03
-3.6532472478e-03
2.8603576701e-03
-8.1761287968e-03
-5.6651449693e-03
3.1135680361e-03
-2.5696699439e-03
-4.6206749773e-03
-8.3161760077e-03
-8.0658666230e-03
7.4924589118e-03
-6.5398925044e-04
-1.0155555810e-02
8.9607107478e-03
-6.3380597914e-04
-1.4626743039e-04
6.7926933218e-04
-2.2020247697e-03
-3.9219898285e-03
-6.7436177108e-03
-7.8723566783e-03
4.6605865736e-03
3.0651927594e-03
-1.1904178529e-03
-2.2364251419e-04
-2.8782532962e-03
-7.7008128114e-03
5.6798040180e-04
2.1748337589e-03
1.1033373589e-02
3.5305122029e-03
2.0598900127e-03
1.0219371993e-02
7.8260795339e-03
-9.0415974638e-03
5.0796371773e-04
4.1318970264e-03
2.2334877668e-03
-7.2076130132e-05
-4.3589192207e-03
8.1971908213e-03
-7.8791174005e-03
4.0684270460e-03
-9.3928732345e-03
-4.1391668628e-04
2.6789925908e-03
-3.3423885669e-03
-7.1577740065e-03
-4.7897109142e-04
-1.7030565077e-03
-9.3177731949e-03
7.0812047476e-03
5.7656720944e-03
-6.0069545737e-03
4.7876355489e-03
6.9142015861e-03
9.7126598437e-03
4.2260899738e-03
5.6495407132e-03
2.1233374360e-03
2.3365934604e-03
2.3512403706e-03
-8.8187019340e-03
-6.5892332172e-03
1.0096468413e-03
-2.0659501058e-03
-2.5896525661e-04
5.9187641556e-04
5.5568090345e-04
-4.5608346824e-03
-1.3499043226e-03
-5.8926677885e-04
8.7845361674e-03
-1.7276437920e-03
1.0763884641e-02
-2.9690875811e-03
-2.6722878301e-03
2.8400481761e-03
-4.0485965368e-03
-2.2132315592e-03
1.5005708765e-04
1.0854365453e-03
1.4156018663e-02
-9.4335553928e-04
1.2404553698e-06
2.1900685745e-03
-1.1080639390e-02
-3.7511916352e-03
-8.2228201964e-06
-4.6049192044e-03
1.5458108896e-02
1.7546571789e-02
-1.1206550585e-02
-1.5218657574e-03
-5.4294029930e-03
-2.9131780493e-03
8.6857718599e-03
-1.4651247962e-04
8.2705666936e-03
5.5640171525e-03
4.0901673429e-03
-1.8516997985e-03
-5.0715933685e-03
-6.8790541505e-03
1.4941395666e-03
-7.2789961562e-03
5.9176362259e-04
6.4463699333e-03
1.0241445875e-02
-1.0908113860e-02
4.8922105894e-03
1.9356637396e-03
1.0822687344e-02
3.9029954097e-03
1.6327587772e-03
-9.4785985360e-03
-1.5386400433e-03
4.9615074581e-03
3.6927164693e-03
6.7791597081e-03
-1.8990021776e-03
-1.1166024276e-03
4.1171236347e-03
-6.8498235195e-03
7.1505861911e-03
-9.0549439709e-03
-6.1911459266e-03
7.1473853520e-04
1.8005001262e-03
-2.0857527689e-03
6.8962228180e-04
-1.0643149324e-03
-7.0340858740e-03
1.0417478510e-03
-9.6564430739e-03
-3.0485253103e-03
3.0818279569e-03
8.1732646132e-03
1.0425295470e-03
1.9313207107e-03
6.0424494029e-03
6.9035220357e-03
3.3624656882e-03
-1.0043266548e-02
-2.2104041912e-03
6.4442987503e-03
-3.9674065678e-03
6.7834221745e-03
-1.6740070051e-03
-7.9060015579e-06
-3.8922662433e-03
1.1399717010e-03
5.2081601929e-03
5.5002805054e-03
3.1073095724e-03
-4.5495696690e-03
-7.0708452125e-03
-7.1899495056e-03
-1.6788607868e-03
-1.1199835896e-02
4.6557623756e-04
-2.9046458679e-03
-4.0664127663e-03
9.3986785869e-03
4.8090363693e-04
1.8295254831e-03
2.7979208690e-03
7.1645137550e-03
1.3406572785e-03
-3.2183867786e-03
-1.8269738561e-03
-7.6254250978e-03
-1.9640019292e-03
1.7999101523e-03
6.5021570327e-03
3.3667348842e-03
-7.2703872039e-03
-6.6989860642e-04
-6.1396977224e-03
-2.2031947501e-03
-3.1000791983e-03
1.3366034962e-04
1.4004669662e-03
1.3006659789e-02
-1.0348015993e-04
3.1877743748e-03
-6.9585758021e-03
-1.7417136043e-03
-3.1724351101e-04
-5.6023417877e-03
-2.8312815436e-03
-1.5868909779e-03
-2.7682945506e-03
1.6093648459e-03
-6.8032710738e-03
1.8928717798e-04
-2.1190507624e-03
-3.7659030035e-04
6.6659861748e-04
-6.7810263050e-04
-9.1104700494e-03
1.1070447840e-02
-3.7329955179e-03
-9.3809168183e-04
-1.7605595172e-03
-8.3078727832e-04
-4.1769687609e-03
1.0365365445e-03
-2.9670432631e-03
5.1847498685e-03
1.2393301727e-03
2.1568000964e-04
-3.2748452277e-03
-3.1075796195e-04
-7.5366349387e-03
3.3628985216e-03
-5.2295888254e-03
1.4959225383e-03
7.0256704015e-03
5.3039197370e-03
9.9202690050e-03
4.0431473171e-05
-9.6202222668e-04
1.3217995066e-02
-4.6195774367e-03
-7.1035143842e-03
3.5456044015e-03
1.3944729795e-02
2.4746596521e-03
1.0126123280e-02
-3.5150462305e-03
4.4891148076e-03
-1.4242219908e-03
-6.7314409663e-03
-1.6305636954e-03
7.1664533730e-03
6.3047267733e-03
3.2333714862e-03
3.5294318425e-03
5.1221593685e-03
6.0194355185e-03
-7.0602887604e-03
-6.6049792838e-03
5.8992424010e-05
-5.2761557469e-03
-6.6962382073e-03
-1.7608155262e-03
-2.0927571157e-03
1.5458274249e-03
6.1831487074e-03
-7.5736543306e-03
-1.0660062373e-02
-4.2885418878e-03
2.0331510427e-03
1.1803650267e-02
8.4606321501e-03
-5.5272820505e-03
-2.4941190285e-03
-2.9345040775e-03
9.1603486439e-03
3.4700246257e-03
-5.7814120464e-03
-1.0354048942e-02
-7.6248949824e-03
-2.8532488625e-03
6.2715193265e-03
1.1833411052e-04
-6.2748459148e-03
-5.3727883414e-03
-3.2510756238e-03
1.8065663939e-03
-6.2262275838e-05
-2.5786704240e-03
1.1560004732e-03
-1.3944566484e-03
3.8362528965e-03
4.7092734180e-03
2.2672152405e-03
-2.7264222816e-03
6.6279078497e-03
-2.5183355848e-03
1.4899398060e-03
8.7371232212e-03
-9.5707995526e-04
-2.5867330999e-03
1.9048262101e-02
9.3135343210e-03
-5.3482350276e-03
-5.0895141207e-04
-6.9403198569e-03
1.5115262970e-03
2.6848758072e-03
-5.9281620738e-03
-1.0968900742e-02
-5.6168375646e-03
4.8948181867e-03
-6.3152755606e-03
5.1242606244e-03
-5.4511583756e-03
9.8470543488e-04
-8.8286390441e-03
-6.2679717184e-03
-7.9742229400e-05
2.4781442966e-03
-5.2396751762e-03
-4.6155824648e-03
4.4386850399e-03
8.1903116547e-04
6.9626773634e-03
-6.8327793307e-03
-5.2811712510e-03
1.5222632147e-03
2.3541923362e-03
-4.4757874687e-03
-8.9238760413e-04
-3.6832058602e-04
1.3012149670e-02
7.8908369371e-03
-9.1187238284e-03
1.3429796491e-02
-6.9630195247e-03
6.2188874744e-03
-1.7983875813e-03
4.6221896940e-03
1.2732238799e-02
5.2655869511e-03
5.0530830683e-03
-5.8945098794e-03
-5.8040101283e-04
-2.0514083575e-04
5.1489773718e-04
6.2494864133e-03
-6.3607794672e-03
-1.5581671741e-03
-8.0823320509e-03
2.3486696422e-03
9.3578073342e-03
2.5116764256e-03
1.7080230893e-03
-1.5057727607e-03
-7.6761538450e-03
9.4049206873e-03
1.2997921698e-02
9.3884579945e-04
7.8340787009e-03
1.9806804230e-03
-2.5798186795e-03
1.7993913876e-03
9.7149500792e-03
4.1458379852e-03
-5.9791536600e-03
-1.0891408350e-03
-4.6141401918e-03
-8.1801021570e-03
-7.1641002313e-03
4.5226872267e-03
-4.7394738512e-03
-6.3996004832e-03
-2.3534014777e-03
-2.4488751603e-04
-8.8365768604e-03
-3.0459472686e-03
9.2209019480e-03
1.0345976414e-02
-8.3243266321e-03
-6.1716596173e-03
9.5090677814e-06
3.5171651493e-03
-3.8364621397e-03
2.6281202669e-03
-3.4938564539e-03
-1.9541495269e-03
1.4640601247e-03
-2.1070708623e-03
5.3182698835e-03
-1.9732536614e-03
1.6273680914e-03
3.4347835530e-03
-3.9798530646e-03
-1.0062966464e-03
1.0553827501e-03
5.6391098393e-03
-9.8503755715e-04
9.4872788431e-04
5.8216903200e-03
5.9599244402e-05
-3.1839414607e-03
4.8391718150e-03
-5.0669194983e-04
-7.5927933053e-03
-5.2603027563e-03
-7.1366499889e-03
-4.1325550595e-03
1.8122345649e-02
-1.1826747975e-03
-5.2067129358e-03
2.5447145604e-04
-4.2870330608e-03
-5.5777378979e-03
3.8574942216e-03
-7.2494883107e-03
-5.1331832659e-03
1.1083658403e-03
3.9437845297e-03
-1.6737862700e-03
3.3419713522e-03
1.3336083956e-03
-5.3757001350e-03
7.2715330043e-04
6.7172088548e-03
3.4737716276e-03
-6.4283525092e-03
-9.5399525056e-04
-1.2114986700e-04
-3.6984133926e-04
2.7026618363e-03
-8.9592635508e-04
-3.4591595446e-03
1.0724329024e-02
1.1058213180e-02
7.7063975566e-04
5.4262956905e-03
-1.3871639205e-03
4.0812613789e-03
-4.4062915514e-03
-1.3022030990e-04
1.0220355141e-02
-4.2160417002e-03
3.3627857819e-03
-6.0731233015e-03
4.9967381378e-04
-7.4068022661e-03
-7.4574956836e-03
2.3437293568e-03
-3.8130270385e-03
-4.7124689194e-03
2.2117712929e-03
-2.6886550653e-03
-3.4760579896e-03
1.3061248496e-02
-1.9670739431e-03
-1.1604634467e-02
8.1229028534e-03
8.0247317196e-04
-3.6927396939e-03
-7.6242293196e-03
-3.1036736114e-04
-1.3916383878e-03
2.7119177807e-03
7.4478025311e-03
4.8634883347e-04
-3.2482850856e-03
-8.3507524188e-04
6.0500418044e-04
2.9667202482e-04
-2.9337411954e-03
5.1695975156e-03
2.2018997659e-02
7.0348545495e-03
1.6034760332e-03
-1.9959172113e-03
-4.4749569053e-03
-2.3865505493e-03
3.1468907448e-03
9.0650496771e-03
-1.1937859631e-03
-9.1417202699e-04
-4.4805269758e-03
5.3375403977e-03
3.0304573059e-03
1.2561057152e-02
5.1171527428e-03
-6.2466833189e-03
-9.0776735962e-03
-3.1509156418e-04
-2.5329977356e-03
-7.1964792564e-03
6.5320053119e-04
1.9963511135e-02
-4.7963279818e-03
5.7940970514e-03
-5.9548767897e-03
9.4779473568e-03
9.1342382550e-03
6.2632146061e-04
8.3005624453e-03
1.0651594123e-02
6.2426364097e-03
1.2992932660e-02
-9.9775437741e-03
3.2130851066e-03
2.6976482669e-03
4.7593025121e-04
-4.3025905466e-04
2.4835098826e-03
5.2023562186e-03
2.1463253465e-02
-4.8089959156e-03
2.0850652839e-03
3.2626489909e-03
-2.5848760209e-03
6.4918723794e-03
3.6988929650e-03
-5.3950244995e-03
-1.1481118547e-03
1.4539253714e-02
1.0387948462e-02
-3.7307241293e-03
-5.1263744635e-03
-6.9617079540e-03
-2.6169893215e-03
-2.9949680391e-04
8.7355787353e-03
-2.5222237030e-03
4.4601255236e-03
1.0254100424e-04
-5.4748793832e-03
-1.5241453711e-03
1.4127126601e-02
4.9414701716e-03
3.5299211296e-03
7.2944205847e-03
1.0496427348e-04
-9.1428710805e-03
-7.6132916871e-03
-6.8491897206e-03
2.9464389698e-03
5.6064345243e-03
-8.0573889843e-03
-7.8156411953e-03
-4.2204402051e-04
-2.6046132420e-03
-1.2860714579e-03
-7.4023285062e-04
4.1148643176e-03
3.6488051652e-03
-5.0230600440e-03
9.9077362992e-03
5.9111309297e-04
-1.3793534334e-03
2.7880190584e-04
7.4848551377e-03
1.8356747462e-03
5.8720370715e-03
6.3230758763e-03
-1.1806481465e-03
2.0773221698e-03
-5.5878560777e-03
-8.3084834331e-03
2.9719362881e-03
-1.6271891033e-03
2.5160764555e-03
6.9389647188e-04
-9.6294235524e-04
-3.5475047806e-03
-4.4144465805e-03
7.6964126414e-03
6.2483091523e-03
5.5618318051e-03
-2.3082016375e-03
1.3955917656e-03
-1.0265474349e-03
1.9814668949e-03
-6.5984472102e-03
1.9148281619e-04
-2.9701781461e-03
4.8217345150e-03
-3.4344820963e-03
3.2399765353e-03
-4.4067421879e-03
3.3552821789e-03
-2.9109197508e-03
-6.6227765163e-03
8.9880805197e-04
-3.6748109519e-03
4.2832343543e-03
-5.7503112825e-03
-3.7373791681e-03
-8.9309691317e-03
-2.4577722410e-03
-6.2472034191e-03
-1.3287898739e-04
9.8586928739e-03
5.7968946757e-04
1.8807312140e-03
6.7431751719e-04
6.1085737293e-04
-1.4343977958e-03
1.0981252963e-02
-3.6157007713e-04
-1.2092900045e-03
9.2842873154e-04
4.3844841987e-03
-4.5382075038e-03
2.6581068823e-03
-3.5069983472e-04
-8.3579784615e-05
2.1742324625e-03
-1.0724308886e-03
-3.8010606205e-03
3.7043189732e-03
9.3274922536e-04
6.9530834976e-03
-7.3368261479e-03
-1.0086892036e-03
-2.8412996701e-03
-9.1289680612e-04
6.5696446875e-04
-8.6026032262e-04
5.1694966012e-03
-1.8981160208e-03
-6.8324083517e-03
5.6776987860e-03
8.0126715791e-03
-6.9110311531e-04
-4.5906649197e-03
-4.3997779012e-03
-7.9031327145e-03
5.0638324044e-03
-3.9847149355e-03
-1.1302063400e-02
-4.2214736422e-03
-2.2226793338e-03
-4.7314378454e-03
-5.4968655211e-03
-1.6287605540e-03
1.3874904742e-03
1.4125784042e-03
-8.1274923917e-04
-6.7651460204e-04
1.8682978447e-02
-8.7567280799e-03
-4.5924886633e-03
-5.8768223717e-03
2.3818438856e-03
-4.2105185295e-03
-2.5708377004e-03
7.3262864930e-03
2.1118471019e-03
4.6517086159e-03
-5.6602656077e-03
-4.8052690591e-03
-5.4161189780e-03
6.2319108399e-03
-6.2498086342e-04
-3.5302498907e-03
4.4937152851e-03
2.8726066120e-03
-3.6327120447e-03
-3.0710894900e-03
4.2678570004e-03
6.8346780011e-03
-3.6177925458e-04
-4.1752563229e-03
-5.4461680006e-04
-8.2669656645e-03
2.1928869422e-02
4.8762773101e-03
3.8056410057e-04
-1.7117202871e-03
-9.2826117494e-05
1.3785980744e-02
-7.2356060827e-03
-1.2619950691e-03
-1.0132699972e-04
-7.8592343200e-03
-2.1020120252e-03
2.6442393386e-03
-8.9964103330e-03
-6.1743637272e-03
-1.2522577497e-03
5.3238533359e-03
1.3013642887e-03
-3.8630385704e-03
5.2325943079e-04
-8.2345633404e-03
3.6795825425e-03
2.2885965141e-03
5.4763897673e-03
-5.0463904970e-03
-7.8562492128e-03
3.8629388473e-03
8.3171228210e-04
5.4874288142e-03
-3.9269356264e-03
-5.8018906679e-03
1.2990176715e-03
1.7478462269e-03
-3.2891217499e-03
-9.9022966344e-05
-4.2994165345e-03
-1.1313070768e-03
1.7086810188e-03
6.7642276882e-04
-8.7840532235e-03
4.2692592295e-03
6.1881820892e-03
5.7467689243e-03
7.9472012123e-03
-8.9474865149e-03
-7.4151982345e-04
-5.1020620423e-03
-3.9290282511e-03
-6.5740553551e-03
-2.0946636486e-03
-4.9151083190e-04
6.4864161744e-03
6.7395780805e-04
1.0818065412e-05
-3.6288735553e-03
1.3215303389e-02
-7.9532082084e-03
-3.9305718575e-03
-3.5701438267e-03
-2.1148731598e-05
3.8412329764e-03
-2.2112360753e-04
-9.5418576958e-04
-2.4743402153e-03
-3.7426910250e-03
2.5878369229e-03
1.6199375596e-03
7.7972612001e-03
1.5332910178e-02
3.3974784059e-03
9.2059783703e-03
-5.8689340307e-03
1.4595186380e-02
8.1413851425e-03
1.2171694834e-03
4.1711055632e-03
-4.7405595660e-03
1.4645010565e-03
3.0126698522e-03
-7.4457108372e-03
-1.9194609945e-03
-7.4178615091e-04
3.2000246398e-03
5.9942802058e-03
2.0659514948e-03
-2.5190121576e-03
3.2805889458e-03
4.4023359304e-04
5.4547905891e-04
3.6021504539e-03
-5.0720134442e-04
4.7053769912e-03
-2.4515079172e-03
1.0310526603e-02
-6.8348822023e-03
-4.6962823951e-03
7.5115362974e-03
-2.1202969927e-03
-5.2869013180e-03
-6.1699325259e-04
-2.7448626607e-03
4.4478731159e-03
7.5395639588e-04
-2.1440801528e-03
-7.6211095441e-03
2.3626862157e-03
1.0619888295e-03
-4.1431842306e-03
2.5195849187e-03
-6.2973111692e-03
1.2832271053e-02
6.1804383870e-04
-4.5679248576e-03
-5.3321993618e-03
7.4582673375e-03
-2.1116532058e-03
1.1016194766e-03
6.0419593469e-03
1.4746059591e-02
-5.8463074891e-03
1.3269976724e-02
-5.6398802604e-03
