-7.3176809960e-03
-4.7096764656e-03
1.8534146002e-02
-1.6809833615e-02
4.5256518912e-03
-1.8017849060e-02
2.4697685450e-03
6.8972881506e-03
7.8437302811e-02
-1.7980211123e-04
1.0834155038e-02
9.9664283346e-05
-3.3505271114e-03
-6.8832314945e-04
-1.5145862336e-02
9.0109386910e-03
-7.4325767245e-03
-1.4177109534e-02
3.0380047583e-03
-7.8879087881e-03
-3.0852403775e-03
2.6006679582e-02
2.1016808287e-02
-3.6550465494e-03
1.1818731049e-03
2.5055488968e-02
1.8778723416e-02
1.4961910498e-02
1.0793093369e-02
1.0296984124e-02
2.2888552150e-02
-6.9027378031e-03
1.3010783119e-02
-1.2011091156e-03
2.2925150354e-04
-7.6760325872e-04
4.4629267251e-03
2.4189296016e-02
-4.5083805293e-03
-3.2913484037e-03
8.8619865813e-03
-2.1375476945e-02
9.6059510834e-04
-8.2922923159e-03
-8.5903553792e-03
-1.2565501796e-02
5.3571465472e-02
1.0364929473e-02
6.0304689201e-03
2.1346275888e-02
1.4622743759e-02
7.8142598946e-03
4.2099604964e-02
-1.1454337531e-02
-2.6268572711e-03
-6.2591624994e-03
-2.3813268734e-03
-8.3912660928e-03
1.4383190003e-02
2.7683978571e-02
7.9793754743e-03
-2.9438785300e-03
4.2985642232e-03
-2.3865992991e-02
1.3354324570e-02
-1.0323435590e-02
4.0840522130e-04
-3.6457569021e-03
9.3093671727e-03
-1.1420493130e-02
6.9903205522e-03
-4.2359768689e-03
-1.3745978303e-02
-2.6144768780e-03
-2.0099442766e-02
-1.1617841731e-02
-1.0107490530e-02
1.9968343927e-02
1.4253058123e-03
-2.7940536954e-03
-1.0279523166e-02
-2.5277609558e-03
-1.4953600498e-02
-9.3404814494e-03
-3.9073775015e-03
-4.1349124369e-03
-6.3131318842e-03
1.1101787131e-02
7.0522265807e-02
-1.0045943603e-02
-3.8941425574e-03
-7.6668879282e-03
-1.2406748792e-02
1.2569301859e-02
-1.0674236176e-02
3.2887199353e-02
2.6626090023e-03
-1.0465845412e-02
-3.2418512166e-04
-4.4719471743e-03
7.8426046266e-03
5.0382257649e-03
-1.0002463734e-02
-1.4917459868e-02
-1.4742776132e-02
9.5964556702e-03
-6.8310959752e-03
-2.0414783469e-02
9.1211693522e-03
-1.3721943914e-02
-1.5729505472e-05
-9.8658519843e-03
6.7083626978e-04
-1.3998573357e-02
2.8981621329e-02
-1.2835903783e-03
-1.3857890082e-02
-1.4610072580e-02
-1.1279973465e-02
-9.9008534650e-03
1.8234393733e-02
-4.0497345207e-04
-1.1183189225e-02
6.5208578298e-03
-2.4747636406e-02
-2.5847268156e-02
-5.6085309539e-03
-7.3861999742e-03
1.8477435488e-02
2.3065859056e-03
-4.4100584857e-03
9.3800152449e-03
2.6993013624e-03
-1.8239171834e-02
-3.8265839162e-03
4.3614409462e-02
2.8347531012e-02
-3.9465989067e-03
1.5734246027e-02
-1.6691858329e-02
3.0812465429e-02
1.6282609755e-02
-9.9051729809e-05
-1.2502918450e-02
6.4520568432e-04
1.2783927860e-02
6.5747227210e-03
7.8150306539e-03
7.6474765501e-03
7.0128431717e-03
4.0856790187e-02
8.9502011853e-03
-5.1888827914e-03
-9.0397612176e-03
3.8092601882e-02
-3.2416211417e-03
-2.9688488506e-03
6.2373439378e-03
9.1274542878e-03
-4.1149363358e-03
-2.3840103859e-03
2.9429877011e-03
-6.0880953468e-03
-2.1054367321e-02
-1.1593004720e-02
8.8935083032e-03
2.4484412877e-02
5.1953283225e-03
2.0764728470e-02
-1.1349709497e-03
-1.1401039939e-02
1.3816349345e-02
-6.3816110080e-03
-5.5464424310e-03
2.3207584902e-03
-2.3616072474e-02
1.3051274187e-03
1.0326257177e-02
1.7271064775e-02
-1.4965328595e-02
-5.6808978222e-03
2.0801018291e-02
-5.2385799644e-03
-1.2312761718e-02
-1.2114595594e-02
-1.4641220449e-02
1.1403570457e-02
1.2505664999e-02
-1.2052655526e-02
2.7432379594e-02
-1.0778975498e-02
1.3739899132e-02
-4.4057270635e-03
-9.1340604478e-03
-1.0254836446e-02
-1.4353817650e-02
-5.7019415447e-03
2.7073021284e-02
-2.6186420045e-03
-9.8133119570e-03
2.6150822962e-02
1.8968727875e-02
-1.6749346331e-02
2.8074813493e-02
4.1655612299e-03
9.5749632003e-03
1.1331564133e-02
-8.6322626546e-03
3.0172203704e-02
3.3946824395e-02
5.5407829012e-03
-5.1662716489e-03
-7.7142016608e-03
-8.6020376236e-03
1.6895773500e-03
2.0740578489e-03
-8.5366563371e-03
-4.7824389816e-04
-1.1979799451e-02
-2.4759178846e-03
-6.6612257823e-03
-1.0202861260e-02
-1.4195363907e-02
8.6864539815e-03
2.6223206497e-02
-4.2266593749e-04
5.0006297596e-02
-1.2540125616e-02
-7.6572781807e-04
7.4042461222e-03
-9.9994422333e-03
-1.8540223855e-02
9.4289823876e-03
1.1003925092e-02
1.4032765591e-02
2.3221912733e-02
-5.9604442676e-03
1.4218815533e-02
-5.9206360152e-04
-1.2111341005e-02
1.7710315552e-02
1.8911112022e-02
-1.9236392293e-03
2.4416062541e-02
-4.9855001717e-04
-4.6742548805e-03
-1.7114705480e-02
-1.1375590108e-02
-1.3802652784e-02
6.1760296123e-04
8.5643285985e-03
-3.0565956115e-03
-1.9204593266e-02
-7.3176518990e-03
-7.6895781272e-03
1.8428950357e-02
2.7410882689e-02
-2.3723077212e-03
-1.2713772525e-02
4.4672658140e-04
-9.8998295762e-03
2.2980069289e-02
3.8993793155e-03
-1.3381980346e-03
-4.8229849039e-03
-4.0752273162e-03
-1.5080593034e-02
-1.8543267498e-02
-7.7787381340e-03
-1.7015254932e-02
6.9381264020e-03
2.8271252843e-03
-9.0416063460e-03
-6.8233452838e-03
-1.1862118947e-02
1.5596694395e-02
-1.0552060430e-02
2.7797712792e-02
-7.4262824257e-03
-1.2301667452e-02
1.2791495054e-02
1.1232876010e-02
-1.7976700874e-03
8.0308570309e-03
3.4518069469e-03
-5.4285521086e-03
3.0801616385e-02
-3.5838797235e-03
-9.0519249684e-03
-5.4989645944e-03
1.1567263005e-02
-1.2546430895e-02
-2.0759802101e-02
1.3240358527e-03
-1.4258544616e-02
4.8859131628e-03
-1.5013432007e-03
5.2474862883e-03
-1.2783198561e-02
-1.5732845831e-02
-1.8999530391e-02
-6.1662651344e-03
-2.2715685326e-02
-4.0423747602e-04
-3.8912289890e-03
-5.3588997066e-04
-1.0937335324e-02
-1.6689091036e-02
-3.3892647897e-03
-6.6237279727e-03
-3.2184723424e-03
-9.1940203802e-03
1.5789063836e-02
-1.8310712198e-02
3.2522752644e-02
-9.0116118727e-03
2.0780175244e-02
1.0872344287e-02
-5.1447884962e-03
9.3976018759e-03
-4.1658571005e-03
5.6656829561e-03
-4.4120737870e-03
1.3390666682e-02
3.6055117888e-02
-8.6903268829e-03
-1.5109004684e-02
9.9517231652e-03
5.2293172625e-03
-2.5027888391e-03
-8.2471017119e-04
-8.7652586031e-03
4.3122738053e-03
1.1810003321e-02
1.7438359524e-03
9.3034087594e-03
7.8077007915e-04
1.0868737529e-02
1.3572592976e-02
-1.4448297846e-02
3.7896610346e-02
-9.9124248493e-04
-2.8382040424e-03
6.5898886344e-03
-1.2843261584e-02
-9.9458128721e-03
-5.5510672635e-03
3.0170005943e-02
3.2705058548e-03
-8.9502219305e-03
-2.7605268468e-03
-9.9853476461e-03
4.3051839002e-03
-1.5321940441e-03
-1.0546235358e-02
-6.3314654017e-03
-9.8504307164e-03
2.4383702977e-02
-1.5986377959e-02
-1.3526351348e-02
-7.7914617112e-03
-1.2498946138e-02
1.7065352605e-02
2.8590799448e-02
1.4496267566e-02
5.7482587219e-03
1.1566559830e-03
1.8188069875e-02
2.2116359550e-02
-7.3579382694e-03
2.4080086313e-03
-2.5194109606e-03
-9.9385857098e-03
-5.4236429237e-03
2.0134502240e-02
-2.7986021731e-03
-9.2583201868e-03
-6.1931387200e-03
2.3298572193e-02
5.4316936493e-03
4.0829653766e-02
-4.8277363049e-03
9.2067611791e-03
4.7677574360e-04
-4.9020731874e-03
8.3740666110e-03
1.6761974764e-02
3.6389977173e-03
2.1190129705e-02
6.9050943953e-03
-1.3908551733e-02
-1.3849029166e-02
-1.7803489338e-02
-5.8836275612e-03
-1.6063067959e-02
-1.6046494575e-02
-1.9921211001e-02
4.3640975679e-03
3.3754050153e-03
-1.2805811151e-03
1.3722577773e-02
-2.8728829860e-03
2.8979401475e-02
-2.3992246497e-02
7.4361504501e-03
9.2444126136e-03
-1.0223011896e-02
5.1783851472e-02
-1.1487566201e-02
-7.0540751825e-03
1.2994833391e-02
-1.6589501104e-02
1.4273933665e-02
1.0967432363e-02
2.5276201373e-02
4.8505125260e-02
1.4307529507e-02
3.5005884993e-02
6.4420363286e-03
-1.1261203635e-02
-1.4129186197e-02
-9.9533216522e-03
-1.0595954662e-02
7.2923664887e-03
-6.4271361761e-03
-2.6005837613e-03
-1.4903311716e-02
4.7954248936e-02
2.9593039922e-02
7.7044666530e-03
-1.0082189817e-02
-1.0422240787e-02
4.1003204822e-03
2.0049443596e-02
3.6678741811e-03
-7.2415374419e-03
2.1320175861e-02
-2.5190042517e-02
1.2570284317e-02
-4.6723924386e-03
3.8370814166e-02
3.1962044825e-02
1.5610541738e-02
-1.0507859503e-02
-1.3004097081e-02
1.3113996621e-02
1.5267036223e-03
-1.7440664282e-02
-2.0843006484e-03
1.7129989690e-03
8.7378587252e-03
-5.5720680873e-03
-1.5860416004e-02
5.4252290126e-02
1.3581589083e-02
1.0591135370e-02
1.4179371322e-02
5.7528422021e-02
-9.5033049301e-03
-2.7932018736e-03
1.5677626839e-02
-3.9445907666e-03
-1.2429662239e-02
-1.2381648549e-02
-1.0897568569e-02
1.7351106599e-02
-9.3059219210e-03
-9.6825477677e-04
-1.6359219356e-02
-1.0170907507e-02
-8.7716466348e-03
-2.1014371458e-03
3.9579755368e-03
1.5746907126e-02
-5.4081343664e-03
3.6058987732e-03
-3.0747597400e-03
-5.6280647745e-03
1.7928075973e-02
-5.8579497133e-03
-5.7168251579e-03
1.4119482037e-02
-1.7983876186e-02
-1.0096488609e-02
-1.3384056374e-02
1.4075359577e-02
-5.1351582178e-04
-1.4527096441e-02
2.7535610546e-02
-9.3396206619e-03
-4.2533818466e-03
5.7664962561e-04
1.1046513190e-02
-8.2058860692e-03
-4.2176933982e-03
1.8065162781e-03
-6.6476509272e-04
2.2657539646e-02
8.6058976606e-04
4.3805878049e-03
-6.4815930522e-03
2.2412656008e-02
-9.1463743047e-03
-7.1302067831e-03
2.0637201952e-02
-2.6810861999e-03
-5.0867981068e-03
-2.5678324595e-03
9.8288594164e-04
2.7701305599e-03
1.0371492087e-03
2.0739567402e-03
-1.4994415893e-02
3.0203330783e-02
1.4665732479e-03
-4.3568926922e-03
-2.9105133385e-03
-1.7433873579e-02
4.1094538111e-03
-4.7370236084e-03
-1.2409336303e-02
5.7118512612e-03
-7.2795048630e-03
-1.7413201401e-02
1.2589688913e-02
-1.1608828815e-02
1.5573427228e-02
2.1353446370e-02
-1.2433819425e-02
-1.9724445957e-02
2.2922946313e-02
-1.1742365755e-02
7.9629539536e-03
5.6402048693e-04
-1.3821995928e-02
-5.7689483730e-03
5.7710786801e-03
-7.2303451909e-03
9.7900992591e-03
-1.4525884504e-02
-3.7596128631e-03
-1.4595494146e-02
1.7154204320e-02
-3.1046976909e-03
-1.8099305544e-02
2.3821833736e-02
-2.0927647922e-03
-7.6880988335e-03
-1.1085802023e-03
2.6015866843e-02
5.3678309319e-04
-2.0919066322e-02
8.1108332630e-03
-7.8288987589e-03
-8.3206601892e-03
-1.4925497778e-02
-1.3472734643e-02
-8.5649804438e-03
8.1392395622e-03
-1.3481770714e-02
2.2653415611e-02
-4.3411629487e-04
-6.9257741037e-03
4.1617786643e-02
6.4355633352e-03
1.1483681439e-02
6.6227048181e-04
-1.5514850962e-02
1.4670664784e-02
-8.7023492700e-03
-1.1106235588e-02
-1.0957066012e-02
9.3263921097e-03
-7.6818066615e-03
-1.0247988763e-03
7.3358474122e-03
2.9512576251e-02
-1.5398226762e-02
-5.6593091009e-03
1.7092325282e-02
4.5475486248e-03
-6.3145428338e-03
1.3609755964e-02
-2.2587530777e-03
3.1786042171e-04
-9.0098591357e-03
2.5174261789e-03
4.1560214217e-03
1.0561072376e-02
2.8992227093e-04
-5.3613687854e-03
-8.5405124611e-03
-1.6601239173e-02
-7.5610853048e-03
1.0529760448e-02
-3.8971698925e-03
-1.0800063963e-02
-1.9168628486e-03
-1.0702626227e-02
6.0211782115e-02
-4.4072805935e-03
-1.7173537231e-02
5.5540337308e-03
1.0360735591e-02
2.4983114243e-02
-2.4346177589e-03
1.5951475113e-02
-1.4363317210e-02
1.1815671274e-03
2.0443866753e-02
-1.3152457908e-02
-1.3119949405e-02
1.4970013254e-02
3.9650166563e-03
1.2622400217e-02
-1.0812020039e-02
1.5545874569e-02
1.4110786544e-02
-1.4971290556e-02
-2.1362916623e-04
-1.4360278987e-02
-8.4795836193e-03
1.7375036797e-02
-1.3250651677e-02
5.5405757727e-03
-9.1002651780e-03
-4.1854695704e-03
-9.9193009970e-03
2.0574815057e-02
-9.6498176067e-03
1.6113803465e-03
-1.0848502539e-02
-1.0088353220e-02
6.4695802915e-03
-2.1532298878e-02
1.8711685445e-02
-6.2974925331e-03
-1.1963679547e-02
1.2171340137e-02
3.3019813793e-02
-7.6532759246e-03
-5.2638165315e-03
-2.0762376013e-04
-5.4416341208e-03
-1.0237522373e-03
3.7895729289e-03
-7.5469365561e-03
-2.1765763524e-03
3.2761581489e-02
-8.7599333423e-03
2.7105921048e-02
-3.8595357652e-03
-2.0015175150e-03
-8.4073710263e-03
1.4785646161e-02
3.8984414304e-02
-6.2441467540e-03
3.0668525333e-02
1.3963470364e-02
1.3523466835e-02
-2.1643942181e-02
2.9566003526e-02
-4.3458377314e-03
-1.9005868637e-02
-7.1762074968e-03
2.1294025585e-02
5.5067251347e-03
2.1464257758e-02
5.2476300451e-02
-1.9253228340e-02
-1.3638892478e-03
1.3891348918e-03
-8.9297364844e-03
2.5944427559e-03
1.8780186327e-02
6.4474894452e-03
-2.1696634069e-03
-9.0622196383e-03
-4.3107620426e-03
3.3516981540e-03
-7.9111641335e-03
-7.5038893771e-03
-1.0028243486e-02
-2.1744450093e-03
7.3645926234e-03
-1.7172257651e-02
6.0870581128e-03
5.4402712344e-03
-2.3485319499e-03
-2.2678359310e-02
-1.9508168163e-02
1.2484245565e-03
-7.5938464635e-03
1.0862144152e-03
1.3829171461e-02
-5.2310586311e-03
2.2116364336e-03
4.9106945794e-03
1.4860339151e-02
1.7853762522e-02
1.1876284976e-02
2.3481752367e-03
8.5886219208e-03
9.0508825352e-04
-7.2986228590e-04
-9.2425663109e-03
1.6340234574e-02
2.3588867887e-03
-1.5861216992e-02
1.7856085782e-02
-1.5682199835e-02
3.1060842535e-03
-9.9442905273e-03
1.5213266082e-02
5.5888191603e-03
-6.2560611784e-03
1.7094631997e-02
-6.0795710492e-03
-2.2412267464e-03
1.5605714857e-03
-7.9420176923e-03
-1.0287788432e-02
7.0888024326e-03
-9.0677112005e-03
-2.6675093510e-04
2.0486567949e-02
-6.8702382333e-03
2.8523525543e-03
2.7226975629e-03
1.8404201720e-02
-8.4779763514e-03
1.3484941631e-02
-1.7165112147e-02
-2.0412644778e-02
-7.1475036200e-03
-1.0581265927e-02
-2.0850077808e-02
-2.0784874413e-02
7.7216969064e-04
-2.1051408154e-03
1.8936744880e-02
1.8766379242e-02
1.0893248531e-02
-1.9684543159e-02
-7.5242868976e-03
2.5480808224e-02
-1.3825074332e-02
-1.0540100678e-02
9.3233615656e-03
2.0170613494e-02
-1.6984317858e-02
8.3887120171e-04
-2.4665319822e-02
-2.0331649947e-02
-6.1482210495e-03
-1.0445610765e-02
1.8377115254e-02
-3.4478094488e-03
-3.1921065698e-03
2.4828451801e-02
-1.3519922131e-02
3.0416560457e-03
4.8754605441e-03
-1.6682492578e-02
2.4623928032e-02
-5.7398478867e-03
-9.3932712403e-03
-5.6807719988e-03
3.0288461422e-03
-5.1813721220e-03
-2.1614650375e-02
-1.5191384611e-02
1.4441394701e-02
3.2625470389e-03
-1.9729077883e-03
-1.1480963414e-02
-2.7415901729e-03
5.6649768971e-03
2.9731894324e-03
-1.8825383065e-02
-9.0964634716e-03
-5.6435872471e-03
3.3958097505e-02
6.2782146824e-03
1.0601062188e-02
1.9290002162e-02
-1.4839653511e-03
-1.0259647529e-02
-1.7646037715e-02
-1.4202157496e-02
1.1853839570e-02
3.2695928361e-02
3.5269790498e-03
-5.7160186367e-03
-1.6872724263e-02
9.1469648782e-03
9.1832453422e-03
1.3557147379e-02
-1.2327549128e-02
-1.8936937573e-02
-4.4713893161e-03
9.0572786824e-03
-1.0279971361e-03
-2.2813604003e-02
-1.7658620472e-03
-6.2312134973e-03
-4.2814543832e-03
2.4758705431e-02
4.8955866843e-03
-2.5259506191e-03
2.7347287687e-03
-6.6250287108e-03
-5.0800091954e-03
9.0837646301e-03
4.0072924206e-02
7.2738733870e-03
-5.2764523213e-03
7.2128544406e-03
7.7240125396e-02
-4.5911139609e-03
-3.8521100519e-03
2.5079936459e-02
5.9225763047e-03
3.6415298767e-03
2.5707995233e-02
-6.8623161807e-03
5.2925579641e-02
-9.5191760514e-03
-9.6670430788e-03
-3.5117695647e-03
2.8124461305e-02
7.8618074847e-03
3.2426558189e-02
-2.4712338847e-06
-1.9191368368e-02
1.6420020288e-02
1.1673354284e-03
-1.7911348223e-02
-9.3039590365e-03
-1.4596129577e-03
-9.2266236345e-03
-1.0899320711e-02
-1.1986266768e-02
-6.3349355928e-03
1.7047102011e-02
-6.2508629293e-03
4.0180214680e-03
-3.9306001648e-03
-8.9159473972e-03
5.0374920406e-03
-1.6983370561e-02
4.0185159915e-02
-1.2826833009e-03
-1.7101142987e-03
4.5555104085e-02
1.1326175123e-02
4.0422706151e-02
-9.8826014356e-03
-1.1659954279e-02
4.2094516975e-03
2.2465592005e-03
2.1840917890e-03
-9.7886407557e-03
4.4316080195e-03
-5.7160919806e-03
-2.3087060846e-02
-1.8432009715e-02
-2.5380410883e-03
1.9673373262e-03
-3.2562476855e-03
5.2639516018e-03
-1.4171371875e-02
-7.8671455774e-03
8.9209444374e-03
6.2830468391e-03
6.8582081123e-04
-5.0602445412e-03
-7.1929146144e-03
1.6722233270e-02
9.1710171353e-03
8.5241362258e-03
-6.2268798628e-03
5.4078610299e-03
-1.5794567128e-03
4.4523428993e-02
-1.2023014047e-02
-1.5564332166e-02
-1.2279954240e-03
-1.5143989898e-02
6.7153840571e-03
-3.9559857180e-03
1.8658445396e-02
4.1445101717e-03
-3.2262199275e-03
-1.8776682688e-02
-1.7581430612e-02
6.4081538903e-03
-1.8062510133e-02
9.8374274891e-04
-1.4787001452e-03
4.8933609324e-03
2.8677870864e-05
2.0897813044e-02
-1.4601989063e-02
9.3934788468e-03
1.8604547818e-02
1.1753146224e-02
-6.8272571750e-03
3.7935560289e-03
3.0766784080e-02
-5.7877716978e-03
1.4448726561e-02
-7.5807417889e-03
-8.7098404498e-03
-4.3387340759e-03
2.7319619293e-02
-1.2913396147e-03
1.2388172149e-02
-1.4030832397e-02
2.3136076254e-02
2.6812985622e-03
2.9963655356e-02
-1.8005198603e-03
8.2718523537e-04
-5.4404688628e-03
-3.9562348479e-03
-3.9419471995e-03
6.4966962729e-03
8.2896932608e-03
-1.6406429324e-02
1.5944058933e-02
-1.2689629002e-02
2.8095664545e-02
-5.1745206594e-03
5.2910906675e-04
1.0506535705e-02
-9.8804860509e-03
9.8544717919e-03
4.1118640373e-02
8.2739764128e-03
1.6117542879e-02
-1.5662444198e-03
-7.6810180584e-03
7.3506631767e-03
-8.6824948631e-03
-4.9464538209e-03
-1.5381585524e-03
2.6016404509e-02
-1.5325703111e-02
-1.1783174137e-02
5.1846707236e-03
1.0003899770e-02
-1.5533313676e-03
8.6546143391e-03
1.0853072714e-02
-2.1954621553e-03
-8.2511805331e-03
-6.7165073182e-03
1.7694853002e-02
7.2464177926e-04
4.3356951156e-03
-1.2524951178e-02
-8.2019335984e-03
7.3679880171e-03
-4.8256404809e-03
-2.6277887396e-03
-1.6051269885e-02
-1.5974564894e-02
3.2622961121e-03
-3.0895711028e-03
1.1836836220e-02
-1.3854987887e-02
-1.7007273813e-02
3.4784094941e-03
-9.8084797195e-03
-2.9206038140e-04
-1.8863602162e-02
-8.6490343181e-03
5.9287162382e-03
8.7933785657e-03
-3.3791125396e-03
-9.4290244803e-03
-6.9712272345e-03
1.5783454389e-02
8.1113088622e-03
1.0196038556e-02
-4.1680561236e-05
2.8323477055e-02
-9.9884404525e-03
1.3680394456e-03
1.1342993370e-02
-1.4201266560e-02
3.0263621960e-03
8.7996134763e-03
-8.5375393886e-03
-1.2014123594e-03
-1.1359055937e-02
1.1768263841e-03
1.6212968756e-02
3.3145648395e-02
-1.6037351558e-02
-5.2114774779e-03
-1.2019106605e-02
1.9829026997e-02
-1.4265992506e-02
-8.5282597443e-03
3.8775327459e-02
3.0418722048e-02
1.5682460967e-02
-1.2185898231e-02
-4.0113915495e-03
1.4784462565e-02
1.3616421846e-02
1.2927115271e-03
-2.9092416119e-03
1.4336991819e-03
1.8602241380e-02
7.0033285837e-03
-5.6949591853e-03
-1.9863458430e-02
-1.1823025049e-02
5.0070447324e-03
-2.1560778928e-02
-1.3533832298e-02
1.3303775897e-02
2.1305510602e-02
-2.5063081078e-02
-6.3901902941e-03
-7.9172668834e-03
-8.9306866069e-04
3.6311321296e-02
1.6832099242e-02
1.4524659850e-02
-6.5206516865e-03
6.2673381126e-03
-5.1339574219e-03
-1.3873796342e-03
-9.7576018559e-04
-1.3179227724e-02
-2.1077562038e-02
-9.8300417907e-03
1.3979441634e-02
7.1512554229e-03
3.0793069219e-02
4.5049113038e-02
1.4504846483e-02
-1.3605366105e-03
-1.7996018188e-03
-6.4008911120e-03
2.9394270321e-02
7.6928762377e-03
2.9842111443e-03
-6.3382703006e-03
-3.8215976190e-03
-4.2390674068e-03
5.4089638062e-03
-1.2575708687e-02
-1.2082847749e-02
-7.9256180920e-03
3.3826631920e-02
-1.3629660024e-02
1.0877914065e-02
5.8494013699e-04
2.4428208484e-02
-2.7613680190e-03
-6.1071069940e-03
-4.2858691869e-03
4.4090027691e-02
-1.6897555619e-04
-1.1796213946e-02
-1.0687522339e-02
9.3131346305e-03
-5.8500791527e-03
-4.5022878432e-03
-1.2601868290e-02
1.1795549539e-03
4.2781869488e-02
-9.1185198145e-03
2.5854370994e-02
1.7945157815e-02
-1.0474578789e-02
-7.6678884493e-03
-1.5580112897e-02
1.6672254936e-03
1.5881140883e-02
1.1050423334e-03
2.0266112038e-02
-1.1718991706e-02
-1.2687780079e-02
2.7683518071e-02
-6.7537360232e-03
-1.6220426858e-02
-3.2354223650e-03
2.0702710930e-02
4.9074212762e-03
-9.5292478385e-03
2.0503013992e-02
-4.9053653056e-03
-4.8923124879e-03
1.2303740641e-03
7.7942261740e-04
1.9181541414e-02
8.4859749718e-04
-4.6323994164e-03
1.6298030199e-03
-1.1569108562e-02
-1.6076641468e-03
-4.1490655888e-03
-2.7507385186e-04
-6.5999251910e-03
5.5465261860e-03
4.5730060270e-03
6.3265792996e-04
6.1908914841e-03
-1.5778003130e-02
-8.2518321942e-03
5.2483496763e-03
3.0243437469e-02
1.3893829051e-03
3.9362821993e-03
-9.4084647658e-03
-7.2797137005e-03
2.2033112971e-03
6.1300793665e-03
6.4917809587e-03
1.3373944187e-02
5.2391747347e-03
-8.1780416436e-03
4.4913134008e-03
9.6836026228e-04
6.3250534034e-03
-3.6242823355e-03
-1.1310714592e-02
-9.7997501625e-03
-1.1058268990e-02
-5.2243894661e-03
1.9798168405e-02
-1.3062390251e-02
1.2470211519e-03
-1.6250712913e-02
1.4481818353e-02
3.7815750872e-02
-1.3582963361e-02
-1.1449012303e-02
4.5560617000e-03
1.4584565597e-02
2.3335858134e-02
2.7164014835e-02
3.8835953889e-03
9.4679302466e-03
8.5746092732e-03
6.6003872231e-03
-3.0958750434e-03
6.5922573903e-03
-3.3663071310e-03
-9.5916432459e-03
-2.3483908545e-02
-1.0598822285e-03
-5.8602837526e-04
1.7797532534e-02
-1.3046445311e-02
4.5114691591e-02
-3.9344180083e-03
1.2649654558e-02
-1.6494517698e-02
-5.9622019786e-03
8.8308739012e-04
2.3003318357e-02
8.2903436521e-03
6.4352429872e-03
-8.4351140194e-03
-1.4866558515e-02
1.6253521856e-02
-1.6152283197e-02
2.8809310232e-02
3.3217565704e-03
-5.6447432942e-03
9.4435833794e-04
6.6923843281e-03
-6.0666338949e-03
9.9313310822e-03
2.1527100549e-03
-7.1166884112e-03
-1.8028042132e-02
3.8334268788e-02
-7.1698145111e-03
-9.1275480480e-03
8.8777251247e-04
-1.5678412587e-02
-1.1039967561e-02
6.8421845231e-03
-9.4044787891e-04
1.5820786332e-03
-1.4414398862e-02
9.0212845683e-03
-1.7571034017e-02
-6.2403608125e-03
1.5827264563e-02
3.9979072159e-02
-1.1970952002e-02
1.7369607208e-02
-6.2045336723e-03
-9.7929971531e-03
4.1150550018e-02
-1.1383457960e-02
-5.1753410302e-03
-2.2580056223e-05
1.6417407801e-02
-3.7149401889e-03
1.0926574612e-03
-1.7101488564e-02
-2.6015553720e-03
-1.1133445522e-02
-1.8567645412e-02
-1.5385599141e-04
7.0332620692e-03
-3.3922343531e-04
-1.4981408590e-02
-1.4495260750e-03
5.5682947717e-02
-1.0003692969e-02
4.6803325247e-04
7.1988760230e-03
-7.7128076796e-03
-1.7757876142e-02
1.5261157513e-03
-1.4873377292e-02
-7.6336130030e-03
3.8196457219e-03
-1.6943986103e-02
-1.1048591486e-02
-2.8290759659e-03
1.5847172694e-02
-4.5757719095e-03
1.3666070490e-03
-1.2283121436e-02
-8.6627945012e-04
-1.1933877665e-02
-8.0407005803e-03
2.3054184554e-02
-1.1968782635e-02
3.6962005375e-02
1.5897754466e-02
6.4814507225e-03
-8.9057210101e-03
-1.8484033777e-03
-1.0043226216e-02
9.8843291729e-04
1.4782502015e-03
-5.2270482988e-03
3.3586653558e-03
6.2517255722e-03
-7.8772481209e-03
-7.9416242307e-03
1.2689139176e-02
4.6445719492e-02
3.5914320593e-02
-1.1240558049e-02
-1.1711566016e-02
3.8893772580e-03
-1.1455992816e-02
-1.4699786275e-02
-1.2455570932e-02
-4.9201757199e-03
-9.1591953228e-03
1.4097070593e-02
2.1478506302e-03
1.4565202648e-02
3.5223845381e-03
-1.3547070834e-02
-1.2179883046e-03
-9.5868255553e-03
-2.8445824514e-03
-4.3153663160e-03
4.0851116888e-04
-3.4011896630e-03
-7.7969025090e-03
-8.6999291945e-04
8.8769578930e-03
-1.3197047237e-03
-1.2036035805e-02
-1.3948684047e-02
-1.5533527203e-02
-4.3012321790e-03
-6.9900698679e-03
1.8789015676e-04
-5.3747552305e-03
-5.1069545873e-03
-6.4373773608e-03
-1.6856360884e-02
4.3721899147e-02
-1.6126243433e-02
4.1518533462e-04
-1.4770544611e-02
5.4523699764e-03
1.4870466037e-02
-1.2460986330e-02
1.0078723430e-02
1.1356469059e-02
1.8918370147e-03
3.0882237404e-03
3.1170311283e-02
-1.7373953679e-03
-7.0530363235e-03
7.3393960237e-03
-4.8883427191e-05
1.3464127414e-02
1.7354072526e-02
1.9792430725e-03
-6.6442626991e-03
5.4791733369e-02
1.1348795015e-02
-9.9807177789e-03
-3.4349540306e-03
-2.3204681902e-03
1.4177724215e-02
-1.1172349757e-02
-9.8976285431e-03
1.0285144813e-02
-2.3818133579e-03
1.6014743589e-02
-8.2888752895e-03
-5.0657317561e-03
1.3832390838e-02
-1.3869550546e-02
2.0390644830e-02
-4.9813431554e-03
1.0082912011e-03
-9.3577184188e-03
1.7019462181e-03
3.8352955886e-03
1.4768959780e-02
-1.3747887882e-03
-1.7368760787e-02
-1.6830463125e-02
-1.7272892775e-02
6.8416916621e-04
-1.3944483965e-02
-1.4171822436e-02
3.8078634431e-02
1.7343581040e-02
3.9458541599e-03
9.0702671343e-03
6.8234260431e-04
2.4258648323e-02
1.0893285898e-02
-9.0875928821e-03
1.1170642198e-02
1.4239017339e-02
6.8312550079e-03
1.1653156199e-02
6.5856100441e-03
-1.1771794519e-02
4.1241468419e-02
-1.6402172982e-02
3.2075759882e-03
-1.6279457235e-02
-1.3187785543e-02
-8.1015035645e-03
-4.8471204982e-03
-2.1493081586e-02
-1.1464943095e-02
1.6421303086e-02
-4.4917861957e-04
4.4392115448e-04
-5.2458213622e-03
-4.3084556076e-03
-2.2911058732e-03
-9.2693371487e-03
1.1096020864e-02
-1.5866044848e-03
-6.2538883858e-03
3.1659433789e-02
3.9604889955e-03
2.2687192561e-03
-8.9477312205e-03
1.0736731862e-03
-1.1789632148e-03
6.8775844052e-05
-7.3291078738e-03
-4.8599102897e-03
-3.1133179344e-03
-7.9958709119e-03
5.1406059870e-03
-2.3197531196e-02
1.0521270248e-02
-3.0154451362e-03
-1.5594898584e-04
-5.8946430752e-03
9.9475432795e-03
3.8135041962e-03
7.3490005204e-03
-1.3333371791e-02
-2.8051548328e-03
-2.9908623539e-03
9.2060773912e-03
6.8539778121e-03
-1.5156466240e-02
-2.0936887809e-02
-6.7566757658e-03
-6.9619055177e-03
-1.1416401418e-02
2.0633816288e-03
-1.4466119436e-02
2.5265583632e-02
1.2896909099e-02
-1.3791602750e-02
1.2691229075e-03
-1.7751313182e-02
5.6116526430e-03
-8.1430096721e-03
9.7974253589e-03
3.9779432040e-03
-1.6257353229e-02
-5.3120236488e-03
-8.4870029256e-03
9.2456261175e-04
-1.6070191674e-02
-5.1308935001e-03
-1.9038811829e-02
-1.7607735757e-03
-1.7109942992e-02
-1.2519903133e-02
-1.7466937878e-03
3.2774394874e-02
-1.2829882323e-02
-7.5730715092e-03
-1.2272626563e-02
-1.1415537586e-02
5.4791336922e-04
-1.8664545064e-02
-1.0467196859e-02
-3.3648440174e-04
-1.3985148714e-02
-7.7102176323e-03
1.0730454326e-02
1.5078588934e-03
-8.2177747796e-03
5.1466525388e-03
-1.1580571229e-02
1.6040239775e-02
3.8978888218e-03
5.1204346255e-02
-7.9267425855e-03
1.4340947324e-02
-3.2453432212e-03
-7.3776615685e-03
-1.3703873183e-02
1.2836641793e-02
-1.1687379982e-02
-1.1351500304e-02
-1.6753896269e-02
1.4141215729e-02
-1.3081526556e-02
1.3429404081e-02
-1.1347775059e-02
-8.2260663720e-03
1.0166032767e-03
7.6167801455e-03
6.2611070617e-03
-7.0963596448e-03
-4.6576665919e-03
9.0885414694e-03
2.6255007869e-02
7.7406593145e-03
-2.4647515282e-02
3.7321717521e-02
-4.1720917049e-03
-1.1802941115e-02
4.8318926152e-04
-1.2778848218e-02
-5.9747093008e-03
1.8253326433e-02
1.2126074052e-02
5.3247006670e-03
1.9294656771e-03
5.6495563308e-03
1.6424032727e-02
2.0705667014e-03
1.1039593938e-02
-2.7467314413e-03
2.7554578626e-02
-2.0377872624e-02
6.2072811541e-03
4.8766836413e-02
-4.8449459487e-03
-9.7336353228e-03
4.0092263435e-02
1.9288177438e-02
-1.3534192357e-02
-6.6426460259e-03
5.7346266827e-02
-1.6302946105e-02
-1.4965661436e-02
7.0217404730e-03
-5.9971983395e-03
-1.8383393120e-02
3.7688202579e-03
1.6132251146e-02
7.7626631887e-03
1.5754803176e-02
-2.1256343474e-02
9.7049641843e-03
-6.6713503089e-03
2.3613478356e-03
1.7267114527e-03
2.3527483468e-02
4.9592008963e-03
-1.0872452287e-02
3.8798578824e-02
-6.1121454175e-03
2.1921530550e-02
2.1687539968e-03
-2.0094401294e-02
7.7669238393e-03
-3.8189634563e-03
1.0573829571e-02
7.9500118167e-03
-6.6862924860e-03
-1.3634894296e-02
-5.9294827218e-03
-6.0654305723e-03
1.1319033961e-04
-8.9092656126e-03
-6.1707845541e-04
1.7906626678e-02
-9.4054107001e-03
-1.4051838874e-03
-1.1830026431e-02
-8.2528703840e-03
1.7258187978e-02
-2.4274172579e-03
1.6656603829e-03
-1.3603592042e-02
7.6365275139e-04
-2.8679400907e-03
1.0272473424e-02
-1.2630246820e-02
2.0441496480e-02
2.4714863290e-02
7.0403968637e-03
-2.9012048195e-03
-5.3019153433e-03
-1.3016914383e-02
-5.2861905445e-03
1.0842706183e-03
9.9876361727e-03
2.6448829377e-02
3.4582700671e-03
-1.2297763394e-02
-1.7768985452e-03
5.4224490646e-03
6.5304682267e-04
1.0931584325e-02
-1.4903663150e-02
-7.5610372708e-04
4.6668968208e-03
-7.8691695677e-03
5.1809527917e-04
1.2437947624e-02
-9.0713397344e-03
6.1063622648e-03
-1.3681164714e-02
2.5336685824e-02
3.1371993799e-03
-1.0277938271e-03
-1.2660991607e-02
1.8134656609e-02
-1.1613501053e-02
-6.4152621363e-03
6.0988105893e-03
-1.2247712900e-02
-6.0828337639e-03
1.1934592195e-02
6.1735880628e-04
1.6300532812e-02
1.1456641871e-02
-1.1663675698e-02
-9.6494450972e-03
-1.4043203034e-02
5.9126603642e-03
1.2024570646e-02
-1.3779429643e-03
-1.6878153248e-02
6.5017017365e-03
-1.0950143484e-02
3.0599761519e-02
-6.9041642031e-03
-2.6772144841e-04
3.3604213426e-03
-1.8799560159e-02
4.8353422483e-03
1.1169134402e-02
-2.9172011994e-03
-1.3310480021e-02
-1.4156594533e-02
6.3933946722e-03
8.4626861976e-03
-1.2587921251e-02
-4.4005459740e-03
1.9157352138e-03
-1.5292919414e-03
2.8891374133e-02
9.5884424712e-03
-1.6789303708e-02
2.7628514326e-03
7.7067366906e-03
1.0790793147e-02
-1.0076482977e-02
1.3651014293e-02
-1.6220285611e-02
-4.8355930190e-03
4.3623510260e-03
2.8411189971e-04
2.7662570591e-02
7.7126550036e-03
-1.1175362115e-02
5.3111932127e-02
1.2296228253e-03
7.6744219941e-03
-1.1132143304e-02
9.5328474521e-03
-1.2135520540e-02
-9.8596333454e-03
-7.0512806586e-04
2.1286198875e-03
1.3577037016e-02
1.9475478928e-02
-3.9541617180e-03
-4.3066845006e-03
1.0015378177e-03
6.9358386228e-03
-1.5525709568e-02
-5.3954390805e-03
1.8336293558e-02
3.6528016964e-02
-9.6145918951e-03
5.7321872367e-04
-1.4376693275e-02
-5.7207847195e-03
2.6001010425e-04
-2.1179100950e-02
2.4680535664e-02
-2.4171567608e-03
8.6013028663e-03
3.0719813039e-03
9.4835285013e-03
-4.9424615128e-03
-1.8544042737e-02
4.5989410737e-02
-4.2748926652e-03
3.9138728577e-03
-1.1964540641e-02
-1.7877644849e-02
6.8428147986e-03
4.4466076610e-03
-4.9202625410e-04
6.4689360289e-04
3.7514677426e-03
-6.0922229029e-03
-1.5697046661e-03
-2.2691769450e-03
1.1900636922e-02
-8.9274115814e-03
-1.8924920096e-02
-1.1118773068e-02
4.0688526489e-03
-5.9289068001e-03
5.5028726965e-03
7.9286546170e-03
-3.5667995948e-03
1.5136943091e-02
9.8499934336e-03
2.8767826398e-02
5.7477755789e-03
2.4530488029e-03
-6.9501055028e-03
1.1001713531e-02
-1.7441459475e-02
-1.2082734247e-02
4.8276674562e-03
7.3834470351e-03
-4.8784211656e-03
-9.1293099443e-03
-6.3128959365e-03
4.8041188683e-03
-1.1075413840e-02
-2.0712984822e-02
2.3025113027e-02
2.5786294602e-02
-1.3666545718e-03
-8.8745478830e-03
5.5757101644e-03
-1.8009005015e-03
-1.9118419472e-02
-7.4170947468e-03
1.3056663456e-02
6.6852051618e-03
-1.4074929398e-03
-5.2687245965e-03
3.1930739633e-03
5.8364271061e-03
-7.2110669921e-03
-1.3919072506e-02
-4.5046203136e-03
4.3286661436e-02
-4.7632468133e-03
-1.5778963562e-02
9.0893940188e-04
8.4685387362e-04
-6.3622042200e-03
1.5348526673e-02
-2.1384912782e-02
1.7373259655e-02
5.5900915231e-02
-4.5684247298e-03
3.8525007361e-03
-7.7999756172e-03
-7.4524241544e-03
3.2007335684e-03
-5.7658922576e-03
4.6846257338e-03
-1.3744976059e-02
-7.9801711326e-04
2.1194378484e-02
-1.1771271585e-02
1.8110420652e-02
1.1705711097e-03
7.4564499185e-03
-6.3762800536e-04
1.0997767000e-03
-1.1628729716e-02
-6.0893255724e-03
2.3838245103e-02
-2.1447174907e-03
1.9344110139e-02
-1.4152058468e-02
-1.0897241946e-02
-1.4557767107e-02
-1.9888100126e-03
-1.1440508705e-02
-8.3774004464e-04
-2.7147623504e-03
4.6196414087e-03
-4.1742884499e-03
-5.3823373264e-03
-1.9628504550e-02
1.4377117408e-02
-1.3020937963e-02
-1.9455657298e-03
-5.0721200584e-03
-3.9743026295e-03
5.7267907675e-04
1.5159344075e-02
3.1345873823e-03
2.0177888515e-02
-1.0596495426e-02
-7.8786353039e-03
3.0183965375e-02
2.6747212367e-02
-3.1783155061e-03
2.2682346366e-02
-1.2212509868e-02
1.0155506533e-02
-1.8146820379e-02
-1.7758361786e-02
-2.4085121586e-02
3.9832058300e-02
6.4151932560e-04
1.0524672520e-02
-8.4201418220e-04
5.5449483205e-04
-9.3457314842e-03
-1.9326155714e-02
2.4274161331e-02
3.2469145867e-02
-1.5002504908e-02
4.1460075706e-02
1.7780059013e-02
-1.1884744323e-02
7.7611138029e-05
-6.5589354192e-03
-8.8234132589e-03
7.1924109579e-03
1.0130210463e-02
-1.8676064051e-02
4.5765960005e-04
3.1858606957e-03
-4.7849589822e-03
2.0393278015e-02
5.2640613812e-03
1.1743892129e-02
6.6753597829e-03
-2.5054217679e-03
2.8960385976e-02
5.2333366879e-03
-1.9602419596e-03
6.9285181298e-05
1.2918520365e-02
1.5181543997e-02
4.9817688120e-02
-7.7356030442e-03
1.6464115528e-03
9.8508265259e-03
2.0010676177e-02
-1.1009689345e-02
8.9863400682e-03
1.9363582053e-03
2.2409742189e-03
1.1567343737e-02
2.5940527433e-03
2.9851535600e-02
-1.0108630148e-02
1.5916715973e-02
-9.5703865677e-03
-2.3814614885e-03
3.0911434954e-02
4.7566579205e-04
5.3257316134e-04
-1.3808356215e-02
7.3903272642e-03
3.6719132712e-03
5.1157137610e-03
9.1633256257e-04
1.1244609247e-02
-7.9137564723e-04
-6.0683615877e-03
2.3037560283e-04
-1.1724492501e-02
-1.4666132562e-03
-1.3166505685e-02
1.4847997596e-02
-5.8859679697e-03
2.6731500372e-02
-5.1546929598e-03
-2.1564363196e-02
-1.7964788754e-02
-1.5751139141e-02
-6.9259922712e-04
-7.2478649840e-03
2.7716078739e-04
1.1276418149e-03
1.5337839056e-02
4.8068269842e-03
-4.5230930967e-03
-4.6645614700e-03
-5.2797510629e-03
1.6127930899e-03
1.5679294597e-03
5.3767900842e-03
-8.5943845658e-03
4.3315749902e-02
-5.2099004178e-03
2.1638214289e-03
2.0405327990e-02
9.4546719934e-04
-1.0478662582e-02
-1.9603373724e-03
1.4627741236e-02
-4.2522908466e-03
-4.8552402374e-03
-1.5170848360e-02
-9.2868437228e-03
-1.4888484156e-02
1.9197168948e-02
6.5938469736e-03
-8.2155371744e-03
1.2744367344e-02
-9.4239484965e-03
1.0472939164e-02
-6.7149129333e-03
-1.5845006894e-02
-7.8760535977e-03
7.8424535001e-03
-1.0760346268e-02
3.8857276780e-03
-3.0059493308e-03
-6.3185331843e-03
-1.7712932601e-02
6.6997794709e-03
-6.6012114524e-03
-4.4888993312e-03
2.9775225756e-03
2.7927625610e-03
3.1902626881e-02
-7.1602867678e-03
1.8968033174e-02
-1.0865491325e-02
2.6977980371e-03
2.9967173554e-03
2.5707932997e-03
9.1688960434e-03
6.9304280907e-03
2.1164111714e-02
7.0127961985e-03
-1.9154543723e-02
-2.1575852959e-03
1.4903888933e-02
-6.1183431447e-03
2.5626062279e-03
-7.2085429214e-03
-1.2365116102e-02
-1.2353396080e-02
6.9841955265e-03
2.2469917131e-02
-1.7435254802e-02
-4.4135126181e-03
3.0933412029e-02
2.6266410720e-02
-5.0880425785e-03
-5.8666511184e-03
1.3749841970e-02
2.4657033919e-02
1.7215506499e-02
-5.0279449199e-03
2.5954892874e-02
-4.8771986379e-03
1.5037353135e-02
-7.8234004855e-03
-1.4878620897e-02
-1.3406703313e-02
-1.4529077311e-02
-7.7024932768e-03
-1.0718853780e-02
-9.3655427322e-03
-1.1321293127e-02
8.9515120687e-03
-1.4321027670e-02
-1.3798685651e-02
1.7258825581e-02
-1.2140784385e-04
-8.0603778606e-03
3.4617059207e-03
2.7366166075e-02
-9.0623878584e-04
5.3883699092e-03
-8.8141170684e-03
-8.9042542231e-03
4.6100648341e-03
-2.5872345276e-03
2.9771215733e-02
-1.6599034115e-02
2.2631880815e-02
3.9326099198e-02
1.0499405312e-02
-1.3410131430e-02
-2.9856980033e-03
-9.7961432858e-03
-1.2002526192e-02
1.4087523407e-03
4.5125167408e-03
-1.0390502938e-02
3.0734558969e-03
1.3059028696e-02
-2.0349634765e-02
-2.7812789921e-03
5.8365761718e-03
3.3039435890e-03
-9.2249482279e-03
2.5991385060e-02
-2.8410315393e-03
-1.4715572848e-02
-6.4816922655e-03
1.9882691746e-02
-3.8530031040e-03
-5.3935937404e-03
1.0014222648e-02
1.2160002013e-02
1.7298160680e-02
3.3987827541e-03
1.6820283093e-02
3.8320711669e-03
-1.9888319474e-02
2.3182670407e-03
7.8820967813e-03
-1.4260145050e-02
2.2985819249e-03
1.4054867618e-02
-2.2463723981e-03
1.0927316146e-02
-1.1808233998e-02
-1.8986387484e-03
-7.7381647429e-03
1.7063101740e-02
1.6680142915e-03
-5.5628665765e-05
-2.6549712477e-03
-1.4915695292e-02
-3.5501255901e-03
5.1206671427e-03
-1.1693743776e-02
-7.3115410504e-03
-5.5842763143e-03
-4.0569220598e-03
-1.8118056390e-03
3.6479090306e-03
-1.0504719946e-02
-7.8135833212e-04
1.5977665317e-02
1.7989605016e-02
3.3521458483e-03
8.8003657046e-03
2.1739252507e-02
-5.8091825367e-03
-5.3916343642e-03
-9.0803198232e-03
1.0960723423e-02
2.9286248947e-02
2.3346349104e-02
3.0840400632e-02
8.5074823195e-03
-1.8088620053e-02
-1.2382724395e-02
-8.1084034652e-03
-1.1249836879e-02
3.3784975618e-03
7.1994647580e-03
-1.9913689193e-03
-1.3749263945e-02
-2.6676502464e-03
-1.6431114587e-02
-8.1674012978e-03
-1.5452327451e-02
1.9080807286e-02
4.1743385844e-03
7.9950555147e-04
-3.9510461953e-03
-2.7946334230e-03
2.5777417699e-02
3.6932320620e-02
1.2409528523e-02
-1.2415829789e-02
-7.8116775760e-03
1.0435965194e-02
4.7864061842e-03
-1.2672891730e-02
-5.9701436683e-03
2.2414030157e-02
-4.8775479814e-03
-7.0878993445e-03
-3.5431154634e-04
-2.3104457671e-03
-5.6318458636e-03
-2.2812134682e-03
-2.8628530389e-03
8.0073113105e-03
-1.7185570671e-03
2.4630437087e-03
1.4636637805e-02
1.2751747976e-02
4.8851767162e-04
-1.1425312998e-02
-4.7205953392e-03
-9.7817612321e-03
-9.4674871012e-04
-1.9956571808e-03
3.0639260971e-03
7.6231162452e-02
-4.8001597855e-03
2.3763948769e-02
-1.2315001087e-02
-1.4620306535e-02
-1.8165635438e-02
2.5625036585e-02
-5.7849641992e-03
6.3547531426e-03
-8.0416183212e-03
-1.1620751950e-02
2.1943548312e-02
7.8547185733e-03
3.5395673223e-03
-1.2202771388e-02
2.9867841138e-03
-7.7194094043e-03
2.7032929369e-03
7.1858367032e-03
-4.2168813347e-03
2.3609152000e-02
-1.0986606975e-02
9.9643327015e-03
7.7111071398e-03
8.5935178450e-03
-2.1839413438e-04
8.5471402812e-03
-5.4249360069e-04
-1.9465153479e-03
3.7429517730e-02
-5.9972183614e-03
1.6334864624e-02
-1.0999279812e-02
-5.3095320346e-03
2.9453222383e-03
-1.4058348360e-02
6.6356773488e-03
-1.0824622117e-02
1.0094972453e-02
-1.7825032879e-02
-1.5793561994e-02
-9.9264410178e-03
1.9196661214e-02
-1.8394372129e-03
-1.4071022921e-02
-7.7917707798e-03
-2.4613932072e-03
1.6221457402e-02
1.8312871519e-02
1.6324013630e-02
-6.3696842522e-03
-2.5778232527e-02
-1.8520715398e-02
1.6433771336e-03
1.3424943124e-02
-1.3811934661e-02
-7.1837187542e-04
-6.0392692538e-03
-5.3311071414e-03
-7.0844968599e-03
3.2207433204e-03
2.1658945781e-03
-1.4869085783e-02
-3.6670119549e-03
4.6908513667e-02
4.4062745282e-03
1.5157932141e-02
6.5619266308e-03
5.5314631004e-03
2.9707263093e-02
1.5605462606e-03
-1.7196645725e-02
-3.1308511578e-03
2.0339343735e-02
1.4908732448e-03
3.2225153204e-04
4.4241792926e-03
1.3559000975e-02
1.9009749172e-02
2.3212062205e-02
2.2655532919e-02
3.2416528926e-03
-1.6934146363e-02
5.2622450171e-03
-9.3997803375e-03
2.3835888608e-02
-5.0278002417e-03
3.1945695893e-02
6.4316709114e-03
3.0795922245e-03
-9.2311014732e-03
3.6995695091e-03
3.4964433441e-04
-1.3277132735e-02
-1.6390557966e-02
-3.8126592325e-03
-6.0407512230e-03
2.0642789165e-02
6.2995106564e-03
-6.7198973016e-03
-1.2685500068e-02
-7.6014762043e-03
1.4343261887e-02
-1.5413528530e-02
-8.1186780827e-03
-3.6997569277e-03
-5.1938501463e-03
-4.4519977054e-03
-4.6657900052e-03
-1.2701852187e-02
-1.0831374346e-02
-8.1311029482e-03
1.7162457612e-02
-4.8873710430e-03
3.1842716314e-02
-3.4596881615e-03
1.1047864794e-02
1.1160444294e-02
-2.0324513958e-03
3.8373810870e-02
-1.8998304299e-02
-7.2093935550e-03
-1.4856219549e-02
-1.7334142521e-02
-2.1438415962e-02
-6.6870809897e-03
-1.5540729179e-02
-1.0261351166e-02
-9.3092171253e-03
7.9323572144e-03
4.8475456189e-02
6.3790806065e-03
-1.1755570918e-02
-2.4162816065e-03
-1.2891371226e-02
-4.0002946848e-03
-3.1153012208e-03
-5.0747089153e-03
1.0189802800e-02
-7.2940934026e-03
1.9754496923e-02
-9.2341338124e-03
-1.2377319697e-02
-1.2336169145e-02
-2.3193916624e-02
-1.3151289415e-02
-1.1683279920e-02
-1.5786934501e-02
1.2738168258e-02
-4.1731791514e-03
3.9908998541e-02
-1.9466901235e-02
-4.0124086422e-04
-4.6817693706e-03
-1.6734451426e-02
-8.4615425424e-03
1.4284470627e-02
-8.4106174400e-03
-2.1862192388e-03
-3.1580814991e-03
8.3351730513e-03
1.6282986993e-03
-8.6709801621e-03
2.5381985921e-02
3.7403339719e-03
-7.0045136293e-03
-1.9966157934e-02
-3.2187504263e-03
-6.5304201924e-03
4.8854400705e-03
7.9878863384e-03
3.3851610558e-03
4.2569570189e-02
-8.4004049261e-03
-3.7655040493e-03
-4.8561536198e-03
7.8050648937e-03
-1.2438987661e-02
-3.7877343277e-04
-2.5213450752e-02
-5.0700955553e-04
8.1842518017e-03
7.2076388003e-04
4.0766749667e-03
-6.1675574161e-03
2.0582310722e-03
3.3903035227e-02
-6.7589417284e-03
1.7744928605e-02
-1.1849576506e-02
1.0231028530e-02
4.0354483546e-02
-2.5615879193e-03
-1.7004791282e-03
-6.6952723267e-03
-4.7502307047e-03
5.9098483775e-04
-4.6905379032e-03
1.8507831614e-02
1.8445531330e-02
-1.3254924559e-02
2.3527207949e-03
6.8472748735e-03
1.0071270468e-02
3.4731873311e-03
4.6490561709e-03
7.5846453982e-03
1.2039712485e-02
-1.4836368663e-03
7.0977165558e-03
-6.1298601807e-04
-1.3968992644e-02
8.3142054957e-03
2.6640659974e-02
1.8046186141e-02
-1.2633579292e-02
5.3998158462e-03
8.3404181919e-03
5.1159198111e-02
4.9656516316e-03
-7.4056181688e-03
-1.6537610303e-02
1.3985763933e-02
-1.1186632048e-02
6.7191713417e-03
-1.2980941203e-02
-1.0517922626e-02
3.9536417876e-03
3.8197986834e-03
3.9102994335e-03
2.3487222890e-06
-9.7796958094e-03
-3.1218294337e-03
-1.6606577199e-02
-4.9675907887e-03
1.3091462222e-03
-3.9682905674e-04
1.5381373087e-02
-8.1343857838e-03
-1.8811735364e-02
-1.8115767762e-03
-5.2670622791e-03
5.5421675014e-06
-1.3047565334e-02
-4.2368029614e-03
1.5843276619e-02
9.6664162042e-03
-1.0752981460e-02
-8.7793504892e-03
8.5747211112e-03
3.0121839541e-02
1.3629709500e-02
6.9931167216e-04
2.6629636495e-02
-1.4732953674e-02
-4.1095215827e-03
7.4643799453e-03
-1.9610465865e-02
4.4986891003e-03
1.7638358937e-02
1.2059501574e-02
1.4256972369e-03
-9.2036239763e-03
2.5668498418e-03
7.5360812459e-03
1.5550473107e-02
1.3736504555e-02
3.5023166479e-03
-8.8328041529e-03
-1.2547581909e-02
-1.1725536389e-03
1.3966877722e-03
2.5803524298e-02
-1.1600931794e-02
3.3005835912e-02
-9.7089596806e-03
1.7571480572e-02
-3.5507240754e-03
-3.3414468860e-03
-2.4227037937e-02
4.6359786734e-03
5.0843887761e-03
-3.8125596295e-03
2.9762393788e-04
1.1512810100e-02
5.1835874826e-03
3.8997331568e-02
1.7298260939e-02
-2.2672767076e-03
-1.1754400754e-02
-5.1008388800e-03
-6.2595042130e-03
3.1693886735e-02
-1.3795996589e-02
1.1529854975e-02
-4.0962619171e-03
-8.4163516284e-04
1.1043211473e-02
3.1187828095e-03
6.6259090855e-03
2.3311897892e-02
2.3925585657e-02
-1.5477794791e-02
-4.3159726639e-03
-1.1422649723e-02
-3.7113819320e-03
-9.8696876075e-03
2.2508154970e-04
-2.0282391973e-02
1.0000868289e-03
1.0136853439e-02
-5.9029706960e-03
-3.4397903030e-03
1.3653933503e-02
2.3717518393e-02
-4.0991520768e-03
-1.2183953699e-02
-8.4302540048e-03
2.3561893010e-03
1.1672171922e-02
-8.7486340710e-03
-3.5610405986e-03
1.3014703626e-02
-6.2040460940e-03
-2.9516113369e-03
6.1173752849e-03
-1.0002145007e-03
-9.3169203666e-03
-8.6978386186e-04
-8.9489758306e-03
-6.2658658073e-04
1.9504045120e-02
-6.1015284430e-03
1.8186857520e-02
-6.5462776643e-04
2.4003084825e-03
-1.2232054446e-02
-1.3937736233e-02
-2.3874457946e-02
7.3596531081e-03
4.5556316068e-03
6.2713845548e-03
1.4837736999e-02
-1.4263212921e-02
7.1830603555e-04
4.0837523930e-02
4.8962641451e-03
-1.8152283128e-02
-5.5968364148e-03
2.4718728201e-02
-6.3203058172e-03
-1.0116809205e-02
2.0845480691e-03
-1.3785885769e-02
2.5071997159e-03
-4.1221250531e-03
7.0506843560e-03
2.9377994498e-02
-1.2633925675e-02
1.3822288579e-02
2.7330799263e-02
-1.3075809467e-02
-3.9495629989e-04
-8.8484846362e-03
-8.4235844115e-03
1.1874459097e-03
-3.7286770305e-03
-4.5103013360e-03
1.8713663240e-02
-2.0844281133e-03
-1.6531635733e-02
-5.0560093562e-03
1.0092644457e-02
-7.8652899319e-04
1.5472749748e-02
-1.8197261514e-02
1.2906695243e-02
-7.5975678383e-03
-3.6422334674e-03
-2.1341526148e-02
5.1708291898e-03
1.9685009327e-02
1.9838852544e-02
-2.9007257879e-03
-1.2943325372e-02
3.2452482456e-03
-1.2266883572e-02
-1.8768064646e-02
2.1029153680e-03
-4.4817075759e-03
-1.1974087339e-02
-1.3055398518e-02
-2.1203154784e-02
-2.5456518467e-03
-1.2234154113e-02
-2.5193420241e-03
2.5358325630e-03
-3.0393036744e-03
1.0777333973e-02
-1.6333934975e-03
-3.8378907792e-03
-5.7338800232e-03
1.0825974453e-02
-1.0062453385e-02
-6.5615236836e-03
5.7114450385e-03
4.5480884884e-03
-7.7278785356e-03
-3.8653845241e-03
4.1234017383e-03
-1.6234423528e-02
1.0847332868e-02
4.2060966017e-03
2.7880941748e-02
-1.0951616735e-03
-8.6530815424e-03
3.6581985605e-03
-8.2457174708e-03
2.8673011129e-03
2.1954428321e-03
-3.0692738880e-03
-1.1416099734e-03
2.2446844731e-02
-1.0081077241e-02
1.3155149827e-02
-2.0813052665e-02
2.6192694341e-03
1.3352600679e-02
2.4097547639e-02
6.1517257493e-03
-1.1961367162e-02
1.0745910129e-02
3.0022231796e-03
-1.7876519437e-02
3.0829910090e-02
-9.0503542224e-03
-3.5986714662e-04
3.1666067780e-02
-5.0180791211e-03
-3.8860008471e-04
-1.7088973380e-04
4.4343864000e-03
1.1744664945e-02
9.4752407170e-03
-9.3800398590e-03
-9.2061347724e-03
5.4417198790e-02
-3.9536346429e-03
1.7924001312e-02
4.1852073890e-02
-1.0327050890e-03
-1.3951463638e-02
-5.4477418761e-03
-1.6198646527e-02
2.1569538571e-03
4.7660451065e-03
-6.4317158718e-03
1.0586101411e-03
-1.9145652627e-02
4.3885329879e-03
2.0517788932e-02
-2.0504567836e-02
-1.0144421859e-02
-1.6243942617e-03
9.7602806491e-03
-1.9923717783e-02
-1.2301638869e-02
-2.4492127510e-03
-2.0257683811e-02
-1.5339408616e-02
-1.8384175982e-02
-2.3758561598e-02
5.3594923151e-03
3.7231955544e-02
1.3944547156e-02
7.1650303136e-04
2.2283898348e-03
-1.7059831273e-02
-8.0647423215e-04
5.3370667683e-03
-5.3646226638e-03
5.4549912095e-03
-1.1367404678e-02
-8.6557925808e-03
-3.7941800716e-04
1.4474396596e-02
-1.3791782394e-02
-4.8391234133e-03
5.6781875386e-03
5.7662829736e-03
-1.7681404333e-02
4.0429394370e-02
-1.5427731498e-02
6.8587888795e-04
8.9995117129e-03
8.6993395741e-03
2.0681163430e-02
-4.2482534483e-03
-6.2684474551e-03
-9.4190893882e-03
-4.7838151348e-03
-1.4155105401e-02
-1.3301239480e-02
-6.3310347172e-03
-5.3030722748e-03
4.9363711637e-03
-8.7167603719e-03
1.0574958111e-02
4.1759549510e-02
-2.0413547357e-02
-8.2493055216e-03
-7.1155687625e-03
-6.6836390052e-04
4.0648922032e-03
-1.6439699002e-02
1.5965975912e-02
3.4251799665e-02
8.5210974980e-03
2.9408372430e-04
1.0856661284e-02
1.7152781753e-02
-1.9237256098e-02
-5.7678716759e-03
-1.2151560485e-02
8.6440047970e-03
2.6651915727e-04
-1.8114998269e-03
1.5193930716e-02
-1.5526148648e-02
-1.1824687873e-02
-1.6652509199e-03
1.3822297914e-02
-1.4150776242e-03
-3.9353879245e-03
-1.3388612861e-02
4.8156131718e-02
-1.3008729305e-02
-1.9441136720e-03
4.7875857971e-03
2.1259220251e-02
1.0789813987e-02
-1.8373056976e-02
2.4629859742e-02
1.1150483801e-02
-1.0843192768e-02
5.0682685197e-02
2.4015827964e-03
-6.6117334877e-03
1.7833892245e-02
-3.9598145891e-03
1.3756582772e-02
2.8239759170e-02
-2.9390371460e-03
-2.0902277395e-04
-3.1385656432e-03
-9.6412067346e-03
1.7451805368e-03
3.6606835538e-03
-3.7549164540e-03
3.9602970876e-03
-1.1958867515e-02
-1.9485319326e-02
3.1671502957e-02
-8.0751455467e-03
-1.3764521632e-02
1.0328617458e-03
-1.1436812513e-02
-2.2509710485e-03
-1.1976794694e-02
-1.2129008507e-04
1.9049398493e-02
-1.7032334628e-03
-5.1957695053e-03
1.7892957952e-03
-2.0275645915e-02
1.4586774004e-02
3.4488044332e-03
1.2428273714e-02
-1.0006273946e-03
2.8103712183e-03
-8.1782879190e-03
-6.4268850419e-03
2.2856646452e-02
-3.1068929068e-03
-1.1133095330e-02
1.4309478081e-03
5.8056948520e-03
2.3322033363e-03
-3.4025091089e-05
-1.8999583567e-02
-2.7559530793e-03
-1.6495170304e-03
1.2878602572e-02
-7.5607274876e-03
-7.9955644823e-03
-1.3645591027e-02
2.0998672374e-02
-3.3211709420e-03
-5.2453494576e-03
-2.3516418005e-03
-1.5920325862e-02
5.7732389187e-03
-1.1028752593e-03
6.7854135301e-03
-4.3646497707e-03
-1.6217658037e-02
-1.2034622393e-02
-7.0545860160e-03
-2.1555237756e-02
-1.2690865163e-02
1.9338485896e-02
-1.5933783942e-02
1.4816606991e-03
2.9734045043e-02
-3.0948652705e-03
7.3306856115e-03
-2.2719763754e-02
-9.1966587414e-03
-8.5699506789e-03
-1.3065572236e-02
-1.4927202230e-02
2.5336496567e-02
5.6545029519e-03
-1.1615865264e-02
-9.2666371735e-03
9.6715408382e-03
-2.4887443710e-02
6.0960240860e-03
-5.9716170916e-03
-3.2454738827e-03
-1.6041219441e-02
-3.1134625257e-03
8.4281332456e-03
2.4789293376e-03
-2.0683780274e-02
-1.0334777456e-02
-1.9061392836e-02
2.9480960409e-03
-8.3592537023e-03
7.1250086884e-04
-9.7361223678e-04
2.8506621601e-02
1.2741825526e-02
1.9078585843e-02
1.5362029329e-02
2.1378441026e-03
3.1665528337e-03
1.5134052097e-02
-6.2143669262e-03
1.1602632081e-02
-1.2739787502e-02
2.8292710750e-02
-1.6699416907e-02
1.3745198066e-02
-1.0399631349e-02
1.3775893743e-02
8.8344293772e-03
-3.1512749792e-03
-3.4479756359e-03
-7.3609905407e-03
1.8437418308e-02
-1.4073367513e-02
-1.0884270223e-02
-8.5593029804e-03
7.1507676395e-03
-4.5007577072e-03
-7.6623376413e-03
-1.5717514917e-02
9.9639291290e-03
-1.1698118672e-02
-2.1467002157e-03
-1.6944649520e-02
-5.4174449696e-03
-1.9792971012e-02
9.6094313044e-03
-1.0623377317e-02
1.3865147690e-02
-1.3129483510e-02
-2.0551588000e-03
-4.1825160726e-03
-4.2459861779e-03
1.0853892644e-02
2.9578096735e-02
-2.8973167388e-03
-1.3819404249e-02
9.2903779063e-03
-4.1191931394e-03
-1.0950414645e-02
6.4460431097e-03
-4.4632944992e-03
-5.0817873238e-04
-1.7746852356e-02
-1.0098866024e-02
-8.3980791849e-03
-9.5701254143e-03
2.9690614480e-03
-1.5385794509e-02
-9.4207977536e-03
-7.7771412930e-03
-1.3062076340e-02
1.0897606681e-02
-1.1978873031e-02
8.2424535599e-03
-1.0876353376e-02
2.2595050171e-02
-1.9247443513e-02
-3.0523587236e-03
-1.0549892590e-02
-1.0493075534e-02
-1.2048034939e-02
-8.5008392462e-03
3.7688367580e-03
-5.9199650674e-03
6.8147011000e-03
1.9239739487e-03
4.6819147450e-03
-9.8951797560e-03
2.7155592563e-04
3.0916572477e-02
5.1175725831e-03
-1.2107334790e-02
-5.0422384666e-03
1.3191387522e-02
-1.0882209963e-02
-1.0616109425e-02
1.1528828415e-02
2.0884620441e-03
-5.7243663862e-03
-7.0917666860e-03
-1.2289318950e-02
9.6817645564e-03
-4.1615187222e-03
1.8845599961e-03
4.4320522448e-04
-2.6784462678e-03
-9.7721649184e-03
-5.9331153243e-04
-1.7841882324e-02
3.3400769491e-02
1.8563587363e-02
-1.2438776593e-02
2.0778073222e-02
-1.0260530799e-02
1.5429376386e-02
2.1078225979e-02
-1.2121668049e-02
-9.1958938779e-03
-9.5528983140e-03
1.0442176222e-02
1.4323867959e-03
-7.4120298351e-03
-1.3416503263e-02
-8.2941358207e-04
1.3707120737e-02
8.7738118747e-03
4.5711534571e-02
9.6016682935e-03
3.8064478313e-03
-4.6557126298e-03
-2.3878293563e-03
-1.1518019149e-02
-1.8486949491e-02
9.8686852800e-03
3.0061242690e-02
2.7005724977e-02
3.7656900746e-03
2.7580040434e-03
1.5570765161e-02
-2.3550245717e-02
1.4617821763e-03
2.1508431225e-02
-5.4777508149e-03
2.2462815349e-03
8.7219891146e-03
-3.4802079889e-03
1.1666693159e-02
2.2936342311e-02
-1.4215171118e-03
-2.3691138165e-02
-1.4828759848e-02
-3.0686532292e-03
8.7310845843e-03
1.1389727497e-02
-1.6877905093e-02
-1.2034255133e-02
-1.2503759743e-02
-1.8550319929e-02
-7.3189909638e-03
-3.2402614732e-03
3.2653968858e-02
3.1833385712e-03
-2.9694599358e-02
3.1468047948e-03
1.1593912765e-02
1.7794167266e-02
-1.8871648798e-02
-3.8407745016e-03
2.3892323986e-03
-1.3220671579e-02
-7.7603167029e-03
-2.2835984129e-02
-3.6527971949e-05
-1.1951789632e-03
3.4956363628e-04
1.0714504109e-03
-1.8141282831e-02
-1.1288093250e-02
5.6655591387e-03
-4.8847679230e-03
9.6720854974e-03
-1.1782793100e-02
-6.9164503925e-03
1.6691956212e-02
-1.6876615151e-02
6.8812188973e-03
4.3774587275e-03
-1.0536076649e-02
1.4419695481e-02
-3.6478770145e-03
-1.9301560564e-03
1.1338956724e-03
-9.3660056819e-03
-1.5372777731e-02
3.2606458927e-04
-5.2479876957e-03
-1.0370697164e-02
-1.0305573021e-02
2.0123928440e-03
-6.7073792182e-05
-2.1502584739e-03
-1.8860721338e-04
7.5779812999e-03
-4.6214090177e-04
-1.1445509293e-02
-8.5742335413e-04
-2.3669585109e-03
3.5312385503e-02
-9.6797827654e-03
4.5192177293e-02
-1.4535052167e-02
2.7707308149e-04
-1.0697022621e-02
-8.7350085527e-03
1.5085095787e-02
1.0450553558e-03
-7.1357098876e-03
-2.1156940034e-03
-4.0190242959e-03
-7.5081300102e-03
4.5155983178e-03
1.6436689703e-02
6.1797027283e-03
1.9287838876e-04
-7.8497878473e-03
1.6847231846e-03
-2.1515970023e-02
4.9025342404e-03
3.8433383401e-02
2.4538624249e-02
4.9238314140e-03
-7.6301736172e-03
-1.8531877039e-02
1.9281752158e-02
1.0464348181e-03
-1.4498260934e-02
-9.7429973843e-03
-7.0501689839e-03
1.3407516205e-02
9.9063677758e-03
-9.0668595993e-05
-7.3561102953e-03
-9.9152510556e-03
-1.0415403846e-02
-4.6320337185e-04
4.7066720830e-02
-1.3388669697e-02
-6.6992722401e-03
-2.6329428674e-02
-1.6660254122e-02
-1.4172943108e-02
1.9620588034e-05
3.6831003671e-02
2.9563963909e-03
-8.1642769093e-04
-4.8969916130e-03
-3.6965751386e-03
3.1547460034e-03
1.9426642888e-02
-7.3150316744e-03
7.4867278370e-03
-5.9406913202e-03
-4.1684587135e-03
-1.6027350349e-02
-6.9162760139e-03
-1.4165176303e-02
5.2127364775e-02
-1.3864889697e-02
-2.0998032128e-02
-1.8912238839e-03
-5.2858221517e-04
-6.4355791985e-03
-5.4107397684e-03
2.0844925941e-02
-1.5588281767e-02
-6.6823932659e-03
5.0625503174e-03
-2.6145808281e-03
-1.1206602533e-02
-2.3648715422e-03
4.1832410263e-03
-9.4245132075e-03
-1.8722552695e-03
1.1087294450e-03
-1.4330591755e-02
2.5874678944e-02
4.3628581502e-03
5.6342941209e-03
2.5772894887e-02
-1.9332640908e-02
-1.1057861933e-02
-9.3343861213e-03
-1.4701747704e-02
1.8585295364e-02
1.6215573556e-02
-1.4117840933e-02
1.9133289470e-03
-6.7775627883e-03
-8.7338872635e-03
1.0428888076e-02
1.3644598965e-02
5.3538107481e-02
-2.2907371008e-02
-2.1008439502e-03
-9.4972146585e-04
3.9446788069e-03
5.9813620926e-03
1.6194105261e-02
-1.1313605914e-02
-7.4594706169e-03
1.0703512379e-02
-1.6982044063e-03
-1.5218710351e-02
-4.0398962323e-03
-9.8860877264e-03
5.3196829087e-06
-1.2088051448e-02
-1.2220227914e-02
-2.1224854423e-02
9.7872477633e-04
5.8906901351e-03
2.2315030662e-02
1.2863668454e-02
6.3871447781e-03
-4.7133892028e-03
2.2766283590e-02
-1.1826839384e-02
-3.2101846196e-03
1.8548065509e-03
-3.0203394767e-03
-1.0676834167e-02
1.0781627559e-02
-2.0968901159e-02
-2.3182880782e-04
-7.1731545370e-03
8.6307476617e-04
1.8258530906e-04
-5.9371842310e-03
-1.9184852399e-02
-4.6251963419e-03
1.8486835997e-02
-2.6220739229e-03
-1.3864178750e-02
1.7674378406e-02
-1.7192677530e-03
-1.4034786594e-02
2.3918405839e-02
9.1178936804e-02
-6.5778115780e-03
7.0181468117e-05
1.1786942796e-02
-2.6111029593e-03
-9.2856491086e-03
-1.4934122169e-02
-1.5733261589e-02
-1.5759273268e-03
1.0596687780e-02
1.7538331909e-03
-1.2649170139e-03
-1.4315001148e-02
-5.6518003207e-03
2.7030158194e-02
7.6387639484e-03
1.8900773145e-03
-1.5493940038e-02
2.2083968188e-02
-1.0665062603e-03
-9.5856594498e-03
7.0864297797e-03
1.7111890960e-02
-1.4006902969e-03
-1.0598856879e-02
-1.4544979126e-02
-1.0401450848e-02
-7.4833627998e-03
9.2076484865e-03
-1.6080583326e-03
-9.4404446798e-03
-1.6381168823e-02
4.2880696768e-03
-6.7393636121e-03
9.5107181779e-04
1.3544948568e-02
-3.2909557040e-03
3.4598501123e-02
-1.3323844094e-02
-5.2738612750e-03
1.4461069526e-02
5.4475127894e-03
-5.6146213844e-03
-1.2772747849e-03
-1.0165952649e-02
-3.9537257177e-04
4.7084058446e-03
-1.1079945321e-02
8.0253047457e-03
-6.4956091481e-03
2.1582976251e-02
8.0275021238e-03
-2.3436995990e-05
1.2599575810e-02
-1.3877435138e-02
-3.7985981236e-03
2.5365023105e-03
9.2403063733e-03
-1.3535106676e-02
-2.0649243186e-02
-1.0183132471e-02
-1.5812970235e-03
1.5830168977e-02
2.7424992990e-03
2.8156113507e-02
2.8004311002e-02
9.6658549421e-03
-7.0321525306e-03
-1.5660796498e-02
-1.3645752646e-02
-2.6002390417e-03
-3.2530461099e-03
-1.2479635722e-02
2.6731526559e-02
-1.0572860011e-02
3.4312623736e-02
-9.0204695584e-03
7.8175221457e-03
1.0361344624e-02
1.5734928064e-02
-1.2789428824e-02
8.7162219564e-03
1.5741040164e-02
1.1858841653e-02
8.2664698799e-03
3.2725619877e-02
1.0817525025e-02
-1.9611573218e-03
-6.2316205784e-03
-5.2291803057e-03
-1.5356248258e-02
7.2733092794e-03
-5.6355566513e-03
4.1825551541e-04
-1.6358701316e-02
-1.6744885385e-02
-8.2232397763e-03
-1.4417293085e-02
-1.2018601139e-02
-8.7614705165e-03
-4.2847090492e-03
-1.9047536695e-04
-7.0226245982e-03
-1.6540091809e-02
3.0186326330e-02
-1.0482005012e-02
-1.6591547646e-02
7.7870867738e-03
-6.6511139788e-03
-2.1577965122e-02
4.0668362668e-03
1.1048896979e-02
2.3740204879e-02
1.9395032995e-03
4.1339930855e-03
-8.1261251919e-03
-4.4302233934e-03
-1.0541207360e-02
-1.1345191254e-02
3.9145855153e-03
-4.9283756538e-03
1.7159340273e-02
3.1684517232e-03
-1.2816079214e-02
-1.7081693084e-02
3.2148750009e-04
4.6677200139e-02
2.4328519502e-02
-4.3107174399e-03
-5.7691343911e-03
5.5528432597e-03
3.3688457022e-02
-1.5681811522e-02
-1.7516703300e-02
1.2861650183e-03
-1.8382217048e-02
-1.6328587989e-02
-1.5347595251e-02
7.9327565483e-03
1.3277613306e-02
-1.4748211133e-04
2.3418721252e-02
-1.2241384317e-02
1.8504023706e-02
-1.3743508578e-02
1.9987852237e-02
-9.2886545566e-03
1.6156118954e-02
6.2279211203e-03
-8.4548706209e-03
1.3666980496e-02
2.4493154184e-04
5.2661660591e-03
1.1452706427e-02
1.2039169079e-03
-8.1835849709e-03
9.7869006630e-03
-9.2941928516e-03
2.3662815993e-02
7.3547017601e-03
-5.5984618583e-03
4.5811404067e-03
6.0806920785e-03
-1.9633046630e-02
1.1917295186e-02
7.6859950454e-03
-8.1318317060e-03
-7.7158503922e-03
-6.2916335867e-03
6.4653693872e-03
-6.1599372300e-03
-1.9019133268e-02
-6.1560277949e-03
-8.8206309730e-03
1.0231882094e-02
-3.3272390277e-03
8.1392271214e-03
2.2544983844e-02
-9.3251928220e-03
-8.6613908920e-03
-1.1861241359e-02
-3.7165575164e-04
8.9518021067e-03
1.4651980867e-02
1.4782007582e-02
1.8456396496e-02
-1.3149230726e-03
2.5296340577e-02
9.5497569074e-03
-1.4486623824e-02
-2.1976074482e-03
3.3363468639e-02
7.0131336568e-03
3.1119426186e-03
3.8473686652e-02
-1.7928057587e-02
-4.5574747819e-03
-1.2531782357e-02
2.3457360306e-02
-1.1945352824e-03
-1.0552152015e-02
1.1165910228e-03
2.9784087709e-02
-2.0816160755e-02
-7.0148785736e-03
-4.9993973204e-04
-1.1227329827e-02
-1.4420921484e-04
6.9657163845e-03
1.3841755467e-02
-5.3110771451e-03
7.8980219234e-03
2.5749125555e-02
-9.8715459215e-03
6.5933541083e-03
3.3780313242e-03
-1.7888157101e-02
-1.9714795565e-02
-4.6806304338e-03
6.8201477107e-03
-1.1325170778e-02
1.0644963280e-02
3.9155564640e-03
-1.6203753544e-02
-2.9590566124e-03
1.4364041147e-02
-1.1906269107e-02
-3.0303944611e-03
9.9420782761e-03
1.7805885141e-04
-4.1468559039e-03
-1.7137694366e-02
3.7178907850e-02
-4.2410390395e-03
-5.1503078265e-03
2.4028981166e-03
1.8873506935e-02
-1.2998502314e-02
-6.0284081441e-03
6.7847294177e-03
-4.1718042606e-03
-6.2583482702e-03
-6.3097531429e-03
-1.7158818412e-02
-1.7158150045e-02
-8.2102113588e-03
8.0757169806e-03
-8.1220302040e-03
1.8402105769e-03
-4.3447119295e-03
-1.7595507701e-02
-1.1352062393e-02
8.9582283301e-03
-9.4334907289e-04
1.8388432746e-02
-1.6914266440e-03
2.4367382955e-03
1.5004341893e-04
6.2240636558e-03
7.9733260089e-03
-1.5895957680e-02
1.4280562262e-03
2.9520697607e-02
1.2150913333e-02
1.2778919168e-02
-4.2742587743e-03
-3.3348310226e-03
-3.3917938705e-03
-2.5930998109e-03
3.9769314755e-03
-4.5760528804e-03
-1.2588895238e-02
1.3259915070e-02
1.3113414237e-02
-1.6882627966e-02
-8.8114000790e-03
-4.7501271266e-03
2.3039948577e-02
-1.6089994924e-02
-2.4761091899e-04
-1.2395717343e-02
-1.5052419139e-02
5.1042778905e-02
-1.1093145144e-02
9.7478573841e-03
-7.2046735027e-04
1.5669500403e-02
-9.4211855287e-03
2.3069421856e-05
1.5593910174e-03
-1.3879778167e-02
-1.0443050652e-02
-2.6099600958e-03
1.8757794034e-02
1.2100985955e-02
-1.2516639231e-02
7.5276456703e-03
-2.1059094130e-03
-2.7176411072e-04
-1.1724794844e-02
-3.4978998497e-03
-3.3413004370e-03
-9.2101109722e-03
3.0529383594e-02
-1.1756662482e-02
-5.1256567014e-03
-2.1798217819e-03
9.5096115372e-03
3.4219096079e-03
-7.6816673788e-03
-1.4994714582e-02
9.1556338044e-03
-2.9170386319e-03
-5.0461697853e-03
-1.0667717994e-02
-2.5646043552e-03
2.0540733743e-02
1.5586574029e-02
-1.0581909489e-02
2.6191385941e-02
-1.5342204668e-02
1.5698222582e-02
-6.2290260736e-03
1.9387991873e-02
-1.2395752011e-02
1.1825363494e-02
-5.6118841131e-03
1.4995867058e-03
-3.3530973521e-03
2.6234134272e-02
-1.1168134589e-02
-6.5332550975e-03
2.7861916045e-03
-3.9203503662e-03
1.1698453550e-02
-5.0084659493e-04
-9.9336538550e-03
-1.3006556170e-02
-1.6863816392e-02
-1.0118708436e-02
-1.6199495663e-02
-1.0025427987e-02
-5.9541835007e-03
6.5919838770e-04
6.3085944700e-02
2.2961649519e-02
-7.2943342192e-03
3.9547749271e-03
-5.0964855331e-03
-1.4380323687e-02
-2.5319569402e-03
-4.7744756391e-03
4.0917840499e-03
-4.0366877835e-03
3.4136272679e-02
2.4733559620e-03
-7.7174699502e-03
-1.6990840292e-02
2.5042692683e-02
-1.2562396320e-02
-9.4775317978e-04
-1.2512768167e-02
9.0336913150e-03
-1.0931258527e-02
-1.4127141481e-02
-2.2258822505e-02
-7.2087997301e-03
6.0738345505e-03
-7.8183011418e-03
5.6810485036e-03
1.4171295933e-03
7.0277715835e-03
2.4923711783e-02
-2.2541646605e-02
-1.3802870380e-02
1.2135465690e-02
-1.6552014821e-02
1.2806794674e-02
-5.1453845007e-03
1.2381216649e-02
-3.5269603744e-03
2.9448794040e-02
-5.0451712977e-03
-9.3496211944e-04
6.7992676143e-03
-5.1934316069e-03
8.2559929665e-03
-7.0910896919e-03
-1.6947006666e-03
3.1940369930e-03
-1.8583563667e-02
9.5618675753e-03
4.7562714054e-03
-1.3879054710e-02
-3.0255528444e-02
-4.0342567673e-05
-1.3718308056e-02
5.9294179413e-03
-6.0569754725e-04
1.7522130165e-03
-2.1273136588e-03
1.2249488645e-02
1.9070178489e-03
4.7457800834e-03
-1.6016153583e-02
-6.3726166662e-03
-1.1423397839e-02
-7.9376991760e-03
2.3398199985e-02
1.7923647267e-03
-1.2915532324e-03
-5.6627346724e-03
-3.0124986598e-03
1.2878578639e-02
-2.9390864074e-04
3.1797765168e-03
-1.4090739812e-02
1.4083312019e-02
-9.0582998534e-03
-4.2475085023e-03
1.0110395271e-02
-3.1257609307e-03
-1.4085132475e-02
7.9288860568e-05
-5.3549489895e-03
-1.7784629774e-02
-1.2605583623e-02
-1.7551375202e-02
1.3476606290e-02
-1.3397878960e-02
1.2111333829e-02
-8.7847730831e-03
5.1997637467e-04
2.2894195169e-02
-2.2002269643e-02
1.4750518109e-02
-1.5819103259e-02
-8.4717699263e-03
-2.0098550931e-02
2.6429215554e-02
2.3340222356e-02
-1.7153942836e-03
4.1199037101e-02
8.3607209586e-03
1.4857823055e-02
-1.5589001205e-02
1.0574322842e-02
-6.4157697558e-03
-8.6171465227e-03
-1.0096169429e-02
7.7503437780e-03
-8.2823615788e-03
1.3085772025e-03
-1.8674431811e-02
1.9410107474e-03
2.7942237343e-04
2.1931536767e-02
2.2041216679e-02
-5.5590889957e-03
5.0996239525e-04
-2.0143333195e-03
1.0807239736e-02
2.6342054277e-03
-9.6786092619e-03
2.8630782827e-03
-1.3194266918e-02
1.7338603866e-02
-1.5180462510e-02
-1.1539600022e-02
1.0719095790e-02
-2.9141532653e-03
1.4965864812e-02
-2.4268654262e-03
3.5690541332e-03
4.2580148389e-02
-6.8875165909e-03
-9.0760369242e-03
3.6551409934e-03
1.2507637021e-02
1.2631657803e-02
3.3055290333e-02
9.1548635811e-03
1.0884366532e-02
-9.4884328260e-03
-8.6631359479e-04
-5.4003346125e-03
2.3385480750e-03
-3.1183428861e-03
-8.5600349985e-03
1.1741439709e-02
-1.1721411354e-02
5.9019459437e-04
2.1492535282e-02
-2.7446079350e-03
-1.8997006932e-03
4.4108619712e-02
-1.0751731039e-02
3.4737983147e-03
3.3995207022e-02
-3.5981897698e-03
2.6059548683e-02
-7.6410740280e-03
-4.4350133977e-03
7.0429994319e-03
1.6838658342e-02
9.4119689944e-03
-1.6455893999e-02
1.6410608440e-02
-1.5111877615e-02
1.2016842967e-03
5.7259669798e-03
7.3124151791e-03
-4.6260745998e-03
3.9204684825e-03
1.5676171438e-03
-4.2107667254e-03
-5.8537713294e-03
3.6116632940e-03
1.9103324795e-02
-2.2347831162e-02
7.5699096489e-02
-3.9438060669e-04
1.1566501500e-02
1.6741004732e-02
-1.1855387916e-03
-1.3382147171e-03
-6.7931205452e-03
6.6777236664e-03
2.4646379749e-03
-4.7993255500e-03
-1.2884209500e-04
3.5596854867e-02
-9.8883592182e-04
-1.2808545175e-02
1.3221769123e-02
-3.5143675422e-03
-1.4444999934e-02
-1.8248388061e-02
-4.5745163607e-03
-1.6445032222e-02
1.4960083738e-02
7.3602950169e-03
-1.1919977935e-02
7.4263079465e-03
6.9476232498e-03
2.2151921268e-02
-1.2037252242e-02
-1.1812178344e-02
-1.0477178943e-02
-1.9818749755e-03
1.2699718084e-02
-1.8265867199e-03
5.1273432038e-03
2.6738522573e-02
8.8368550389e-03
3.0870376203e-02
1.0462829182e-02
7.7364389918e-03
-5.5861983524e-03
1.4619198133e-03
7.2289595062e-03
-1.1400874856e-02
2.1064214948e-02
-4.8377402441e-03
7.6766702459e-03
-1.8550813336e-02
-9.4933598964e-03
1.8548189040e-02
-1.8163387290e-02
1.0228791461e-02
-8.8927186992e-03
1.9841327542e-02
7.7661003437e-03
-3.2587294225e-03
-2.3095580089e-03
2.7023392083e-03
6.3253172173e-03
2.0135001097e-02
-8.7145334641e-03
-1.9604295388e-02
-3.0967995243e-03
-1.6826911740e-02
-7.5408800046e-03
-6.5561520354e-04
1.0736219653e-02
-1.2176767553e-02
-1.0539076329e-02
1.0512667459e-03
-2.1506211034e-03
-1.0537406171e-03
-1.4377224358e-02
-6.3204633241e-03
-6.7706437931e-04
-1.3403384470e-02
2.9489741302e-03
-2.9231198449e-03
2.1126705317e-04
4.1291845388e-03
-4.9905645075e-03
-9.1589100348e-03
-2.7122471913e-03
2.6844077176e-03
1.0740661472e-03
-5.7257513051e-03
-5.2938424765e-03
1.6841761575e-02
-1.2879285829e-02
9.2878634772e-03
-2.3264888544e-02
-7.2878670542e-03
1.8458087316e-02
-9.9373826435e-03
3.3167089298e-03
2.0955366477e-02
-2.1065396788e-02
-4.5859968352e-03
-3.0259743742e-03
-1.0823324105e-02
7.2139258324e-03
-3.9173259078e-03
1.1778176272e-02
-7.5850614566e-03
-1.8914744615e-02
-6.3739895646e-03
1.9705570899e-02
-7.9071700130e-03
1.9713473828e-02
1.5644332363e-02
-6.0635282756e-03
-1.9147229072e-02
1.4909382329e-02
3.5545076556e-03
-1.8309657882e-02
4.4423914348e-03
-4.0809329352e-03
9.9883790109e-04
-6.7192389671e-03
-2.4131961530e-02
9.1139421673e-03
2.6482074631e-03
-1.6009193750e-02
4.3195051819e-02
-2.6554027809e-04
-1.3759280473e-02
3.1781484994e-03
1.9820221317e-02
-3.4172974302e-03
-1.1271008117e-02
-8.2496519816e-03
1.1337648174e-02
-3.7975103779e-03
2.5334951799e-03
-7.2165801856e-03
1.5593139780e-02
1.5213003553e-03
-5.2442190295e-03
5.4015089345e-03
-2.0355025375e-03
1.4937409296e-02
-9.6703831159e-03
-1.5301187262e-02
1.7882300635e-02
-6.7659489432e-03
-7.4764751327e-03
1.3524112957e-02
-1.1411171392e-02
-1.7908409374e-02
-1.5934623769e-02
4.4471840604e-02
-7.1929537816e-03
-8.0273409593e-03
1.4856725267e-02
-1.3151382944e-02
1.5196419079e-02
-1.5674855524e-02
-8.1766512254e-03
-3.9226343444e-03
-3.7602063723e-04
-1.8215288151e-02
5.8896264753e-03
4.8625765056e-03
-2.0176114597e-03
-8.2270333131e-04
2.8376279832e-03
4.3312323680e-03
2.3992010854e-03
-1.7898049124e-03
-4.7592381862e-03
-4.6935653133e-03
1.9953622315e-02
-1.5210751904e-02
4.8553824893e-04
-2.0407732079e-02
2.9998684637e-02
-6.4542626240e-03
-1.6516543299e-02
4.9714864067e-03
-1.1312571123e-02
6.3490485383e-03
-1.4652086428e-02
-1.4136251566e-02
1.8706017192e-03
-1.4038954584e-02
2.1437207011e-02
-1.3305280620e-02
2.2817229430e-02
1.8790908256e-02
-9.9528496089e-03
8.8404240817e-03
1.4376262990e-02
-2.8474513604e-03
-6.9734952978e-03
-4.0413384304e-03
5.7990898476e-03
-1.2885670905e-02
-4.5423067633e-03
-6.0779538691e-03
9.3369169934e-03
-1.5716629327e-02
-2.3288120700e-02
2.2239178814e-02
-5.8408961436e-03
-1.2340334873e-02
7.8399532609e-03
-9.2237747255e-03
-4.4160486976e-04
3.6176330871e-03
3.4704355324e-03
6.8453626219e-03
-1.2352619871e-02
-1.5462046208e-02
-1.5066640047e-03
-2.1874953109e-02
-2.7628650543e-03
2.8711175369e-03
3.8446627271e-03
-7.2259163725e-04
-9.2738575210e-04
-1.7286954317e-02
-1.6785774777e-02
-8.4535804326e-03
-1.5757141944e-03
1.2832430925e-02
3.5097936468e-02
-2.0302952568e-02
-4.9002143354e-03
-1.1733480640e-02
-6.3910488054e-03
3.5248166687e-03
1.5394632120e-03
2.0190568879e-02
1.2249848176e-02
-1.1681698863e-02
7.3415476309e-03
1.5511740975e-03
1.7579139338e-02
2.0323226946e-02
1.4197951273e-02
1.6276039145e-02
8.2354855627e-04
6.5702594217e-03
-1.8764557525e-02
3.5632873593e-02
-1.9844621705e-02
-1.1199925970e-02
1.7270451147e-02
3.1055476467e-02
-1.2394637958e-02
2.5415685584e-02
-1.3080999981e-02
2.5584760107e-02
1.1198472681e-03
-7.3653537902e-03
2.2294005352e-02
-1.4837617480e-02
-7.6313457358e-03
-5.9492961021e-03
-3.1048759466e-03
-1.1093134887e-02
3.3832929167e-02
-1.4831800688e-02
-4.9430488957e-03
-1.2333768518e-02
-9.7540315733e-03
1.0568907218e-02
-6.5465971803e-03
6.2381501746e-04
-7.2670738563e-03
-8.6528237363e-03
2.2934927020e-03
-1.2447567646e-02
2.0983184014e-02
5.3078061646e-03
-1.1602724232e-02
9.3252778520e-03
8.7061706534e-03
1.8350014348e-03
-4.6552735246e-03
-8.3780230015e-03
-2.2909332558e-03
-1.1013084443e-04
-2.6033747089e-04
-4.4919542039e-03
1.6227468533e-02
-1.0331740955e-02
1.3340230438e-02
4.7922690349e-03
3.9547586969e-03
-3.8381138950e-03
3.4073799791e-02
9.8185232146e-03
-1.1561240100e-02
1.2246250985e-02
8.8994222827e-04
6.0995068541e-03
1.4637020053e-02
2.3292249723e-02
1.2702790999e-02
-7.5968588134e-03
-1.9501712628e-02
3.3058102847e-02
-9.5634357146e-03
3.3625474196e-02
-1.6940368168e-02
-5.3230893190e-03
1.0729246159e-02
-7.2044948048e-05
2.2034250862e-02
-6.0731588900e-03
-1.7771349703e-03
-9.5885201523e-04
-3.8076625606e-03
-1.1998098718e-03
3.2033331593e-02
-2.1744705221e-03
-9.5237642991e-03
-2.0691211798e-04
-2.8264133623e-03
4.3661281872e-02
-1.6780667367e-02
3.2102689866e-03
-5.3854411250e-03
2.4766693600e-02
-8.8252476107e-03
-1.6136369718e-03
-2.0187298196e-03
-9.7594253204e-04
-2.8470469621e-03
3.2936195710e-03
2.4890662548e-02
-1.1949484762e-02
-1.2367527203e-02
6.8059777762e-03
8.7641191063e-03
-1.6231538885e-02
1.9301593636e-02
-1.7490383772e-03
9.9343444707e-03
8.2343507124e-03
1.0028753015e-02
-6.8125039489e-03
-1.6820242002e-02
-2.0768539014e-02
-7.9971975768e-03
2.2690519035e-02
-4.1842767283e-03
-1.0463085623e-02
-1.2455308217e-02
-8.0877336835e-03
-1.5111218480e-02
1.8909875987e-02
-8.7538997061e-05
2.2370795575e-02
2.0414445536e-02
-5.3901068426e-03
-6.7458577337e-03
2.4347175999e-02
1.8461204112e-02
2.5189648322e-03
-1.0706129903e-03
-8.4238894339e-03
2.0984871465e-02
-2.7706956341e-03
-1.4222682123e-02
5.8904483244e-03
-1.0155112369e-02
3.0498966727e-02
-1.1726760898e-03
2.2846762765e-02
-8.3709967344e-03
1.6191063629e-02
-1.0336458230e-02
-2.7481710243e-03
-8.0339891848e-03
8.9751728773e-03
2.6703935374e-02
1.8376884557e-02
-6.9273788176e-03
-8.8741315675e-03
-5.6074493180e-03
2.8989256385e-04
2.1744963373e-02
6.7914314480e-03
-1.7423322765e-02
-1.0223410466e-02
3.9760829938e-02
-1.8799361896e-02
4.2058110253e-03
-7.0798101201e-03
-1.2853987506e-02
-1.1068844929e-02
-1.4248754755e-02
-7.9720907297e-04
-1.0157418416e-02
-7.4079612825e-03
1.2881064689e-03
7.9669702874e-03
3.5426243242e-02
-8.0911137128e-03
1.9650108665e-02
-1.1163118335e-02
9.9075601449e-04
-1.4476715151e-02
7.1172803274e-03
7.6564093155e-04
-1.8366624493e-03
1.2394798635e-02
3.6474459607e-04
-4.0226892619e-03
-8.3206662115e-04
-8.4170521107e-03
-3.3281295672e-03
-2.2242982983e-03
-1.3099116837e-02
-1.0250062496e-02
-1.1647144155e-02
-4.1115200567e-03
2.9828642052e-02
3.1106741746e-02
-1.3307338091e-03
2.7827587312e-02
1.5545595531e-02
4.4886381690e-03
-1.9706234380e-02
1.9436120058e-02
-7.0107102095e-03
1.1066676736e-02
1.5443918646e-02
-1.6547234581e-03
2.4269071063e-03
-1.0642766381e-02
9.3299595815e-03
-1.0667473371e-02
-1.3440789727e-02
8.7854821170e-03
-8.0877971487e-03
8.7670825498e-03
-1.3273843310e-02
-4.2730954442e-03
2.2905502119e-03
3.6304686795e-02
1.4599102352e-02
-8.9032422247e-03
-1.3216801837e-02
4.4406693299e-02
-4.3133828886e-03
6.5880453728e-03
-1.8100853802e-02
-6.3876486720e-03
3.3158421471e-05
-1.1893841441e-02
-8.6659569489e-03
3.7251025065e-03
-1.4808113016e-02
2.3247155752e-02
-6.3922962282e-03
-5.3416036518e-03
-5.0191953317e-03
-1.9594856863e-02
1.6758993035e-02
1.5941997509e-02
-3.1881438935e-03
2.9684411995e-02
4.9015276722e-03
1.7531683187e-02
-1.2942709584e-02
-8.6790982011e-03
-8.4160620000e-03
6.5139681469e-03
1.6340364745e-02
-1.0730493218e-02
1.2788182740e-02
-1.6400157677e-02
7.0317849763e-03
-5.0941420131e-03
-2.3315243721e-03
7.6904032268e-03
-6.5742452918e-03
2.1842680404e-02
2.7489959293e-03
-8.8508848842e-04
-1.0815570492e-02
-9.6553924899e-03
3.6533359523e-02
-3.8586020245e-03
6.4892905855e-03
5.1931437449e-04
1.4470102669e-02
8.5135449457e-02
1.3692035487e-03
1.4987229925e-03
-7.6279048485e-03
-3.9278889066e-03
-3.8585427685e-03
-1.1197638526e-02
-1.1311812348e-02
2.6063497056e-02
-1.6631496377e-03
1.3658265455e-02
8.2832307402e-03
-1.5116247582e-02
-1.2133286760e-02
-1.5239198457e-03
2.5151224456e-03
-2.5612307970e-03
-2.4619635131e-04
-1.1556772840e-02
-2.0344769398e-02
-1.2426043879e-02
1.4097440469e-02
-1.1772053192e-02
-1.1285461725e-02
-7.5924496121e-03
2.8206627420e-02
3.3806788295e-03
2.9043418219e-02
-1.7824533259e-02
-7.6421660541e-03
-7.2836457798e-03
-2.7814809324e-03
7.8570250511e-03
-7.8884890652e-03
1.1144593255e-03
6.0843543462e-03
-7.3118431944e-03
-1.5586553628e-02
2.2564447147e-02
-9.4297531657e-04
-1.2378076432e-02
1.4023261660e-02
2.4591370143e-04
3.8052583490e-03
1.8381079477e-03
-8.2006818451e-03
1.4644413462e-03
4.9223151380e-04
-7.2026389589e-03
5.7885676764e-03
-1.6202559057e-02
-1.6813607098e-02
7.8309004594e-03
-2.1123063503e-03
-4.2436966237e-03
-1.1949559880e-02
-1.1631682752e-02
1.2218338658e-02
-3.5207880555e-03
-1.1141955276e-02
2.9745813451e-02
4.9445498258e-02
7.5347088612e-03
2.5146261592e-02
2.7194398097e-03
1.3483290037e-02
-4.2823001082e-03
2.4422680148e-02
-9.5048553931e-04
-6.2777382554e-03
-4.6185474217e-03
-1.7266182546e-03
5.3385214785e-03
6.9507292600e-03
2.2585711171e-03
4.4992396558e-03
-2.8911465073e-02
1.0529282371e-02
-2.2504550595e-03
4.1437552441e-03
-2.7797671496e-03
5.0289205432e-03
3.0353994738e-03
7.1673442567e-03
-1.2461437028e-03
9.3457608224e-03
-6.9867800056e-03
-2.0043648627e-02
-3.9913940569e-03
2.8886425835e-03
-1.8916428552e-02
-9.6611835368e-03
-6.2344528331e-03
-4.3682757767e-03
1.3415407721e-02
-5.0247149969e-03
1.7171145524e-02
5.3918105861e-03
-6.7458476155e-03
1.1406257884e-02
1.8743852947e-02
-6.3481730900e-03
-1.9155033554e-02
2.7182874415e-02
-1.2070796064e-02
-1.1756516352e-02
-1.2339508483e-02
4.8573787926e-03
-1.1984499032e-02
-3.5239154025e-03
-6.2677449277e-03
-3.0525392608e-03
-1.6943571468e-02
-4.5712236972e-03
2.0767419698e-02
4.7073559257e-03
1.2955068708e-02
6.4247142777e-03
-4.8246755422e-03
9.4305760335e-03
-3.3094368117e-03
-1.3807696025e-02
1.1937638231e-02
-1.1266845192e-02
-4.2002908195e-03
1.9323850626e-02
1.4547822538e-02
-4.7016217540e-03
-3.5799115667e-03
-1.8483532790e-03
3.5567732055e-03
-2.7093158651e-03
1.4097970044e-02
-1.0071111494e-03
4.2185557342e-02
-1.0122592478e-03
-1.1026431532e-02
-1.2823730141e-02
-2.1562370713e-02
-1.2484001692e-02
2.5272171298e-03
-4.8984127501e-03
-9.4270418102e-03
3.3172909853e-03
-5.3613870577e-03
2.3718838343e-02
2.5352004035e-02
-1.1185922484e-02
-1.2643138540e-02
-3.9576297622e-03
1.9428348457e-02
2.8195686306e-04
2.2192501473e-02
1.6491762918e-03
1.5560311255e-02
-6.8181802145e-05
-3.5439775067e-03
-5.4292430371e-03
7.3854167871e-03
-1.7972745164e-02
-1.1618738531e-02
-5.3494293738e-03
-1.1235777710e-02
4.2012913840e-03
-1.5865770755e-02
-8.4765455175e-03
4.0111065611e-03
1.8063355930e-02
-2.2515288110e-02
-8.9228591970e-04
9.5729162786e-03
-1.9727217950e-02
-5.5084314498e-03
-5.0115548946e-03
2.5076739352e-02
1.8962860070e-02
1.5734619698e-03
-2.8293367031e-03
-8.0318887769e-03
-1.7851845350e-02
3.2423541993e-02
-2.6013027755e-03
-8.1752997344e-03
-1.5443287415e-02
-1.5247510337e-02
1.7833146897e-02
-1.9686947832e-02
-1.8574569099e-02
-1.0886620230e-02
-5.9759204207e-04
-1.3972780446e-02
1.8619259866e-02
2.4610935734e-02
-3.0421098470e-03
-4.5126416583e-03
2.1586737453e-02
-9.6605394331e-03
-1.1215612901e-02
-4.5221731718e-03
-5.4412440686e-03
-1.6859301817e-03
-4.9329143392e-03
-6.1043030653e-03
3.2026720243e-02
2.3574211619e-02
3.5018192055e-03
-1.8337851300e-02
-9.9544325279e-03
5.3701532807e-03
1.0849113118e-02
-1.4664575212e-02
-1.3282987737e-02
8.8531561049e-03
-4.4295919935e-03
-8.3920009752e-03
-2.9379486334e-03
1.5432001059e-02
8.8867508927e-03
1.3631295771e-02
3.4828511312e-04
2.3651507725e-02
-1.0493032219e-02
-7.0292184160e-03
2.8175088164e-03
-7.8615966991e-03
5.1201195276e-03
-1.1168383303e-02
5.6803719164e-03
-2.1499230740e-03
3.2494466133e-02
-1.5057649917e-02
-1.5576108547e-02
-1.5029077481e-02
4.2983521088e-03
3.8275422772e-03
1.1725464196e-03
1.8334145223e-02
1.1995569295e-03
2.5324453563e-03
-1.5891579876e-02
-8.9510960083e-03
1.4727319989e-03
2.3691027568e-02
2.6501050627e-02
1.2903073786e-02
4.3179099147e-03
2.3236596853e-02
1.9932095859e-02
-1.5539584763e-02
2.1089684490e-02
-7.6751059604e-03
-1.7180402286e-02
1.2325123289e-02
2.7512380031e-03
7.8599286631e-03
-1.9724257211e-04
1.1621350553e-03
-4.1719445912e-03
-1.8709490887e-02
-2.0535775825e-02
-1.5351096618e-02
7.0391946301e-03
-1.6902313359e-02
-1.2849065076e-02
1.5052445758e-03
-1.2333699378e-02
1.6380012806e-02
-1.4718207872e-02
-1.6975598248e-02
-1.5478997947e-03
6.8674774596e-03
-1.3312166425e-02
-2.8668806704e-03
-1.2424010951e-03
-6.5457639514e-03
6.0890973807e-03
3.2753265884e-02
-9.3989181925e-04
9.9629589186e-03
-1.3122760714e-02
-8.2722135503e-03
-1.4483441565e-03
-2.8410205471e-03
-7.8465374395e-03
-1.6276215897e-02
1.6385833513e-03
6.8740980203e-03
1.0620128479e-03
2.7386076464e-03
4.5250807156e-03
-7.1655192923e-04
-2.2588576686e-03
8.1726250505e-04
-9.0581926102e-03
4.5829597554e-03
2.9980373538e-02
5.4673331061e-04
-1.9994815034e-02
-2.0091263399e-02
-2.4202377419e-04
-8.4235310968e-03
-8.1879401347e-03
9.1985316212e-03
5.0017268032e-03
-1.0361790281e-02
-1.8967922902e-02
-1.3330532463e-02
-9.6152135706e-03
9.7901945912e-04
-7.8632221580e-03
-1.9723664181e-02
-1.5021188316e-03
-4.4717581257e-03
-1.2655162354e-02
-7.2882531468e-03
1.7174755594e-03
-4.2262256056e-03
2.8045076862e-02
2.4489913242e-02
3.8116802443e-03
-9.1032295841e-03
-1.1996747775e-02
6.9222647992e-03
2.3867823282e-02
-1.5955816463e-02
-1.7387291401e-03
2.0613290778e-02
-4.6652133813e-03
-4.9923920591e-03
-8.9542142189e-03
-1.9991299198e-03
7.2516922513e-03
1.3429093152e-02
-1.8207952040e-02
9.7330891613e-04
2.0512841223e-02
4.3781864954e-03
-1.1264249922e-02
5.1581376318e-03
8.5487788753e-04
-1.8717464518e-02
-5.8315064046e-03
2.9721924102e-03
5.8672380127e-03
1.9202319372e-02
-9.5015405065e-03
-3.7474120633e-03
9.9937293820e-04
-2.1857145558e-03
6.9537567058e-04
-2.5925594031e-03
4.1313061076e-03
-2.1334871673e-02
1.1139046070e-02
1.0588228212e-03
-8.3387879988e-03
1.6520082469e-02
1.9455899489e-02
3.4723252453e-02
2.4719532507e-03
4.2454644381e-03
-1.6352440050e-03
1.3366118109e-02
-3.7543899548e-03
-5.1249793340e-03
1.4120593112e-04
1.7419798235e-02
-5.3488087282e-03
-1.0584125649e-02
-2.4109141924e-03
-7.0455107048e-03
-1.1075964712e-02
-2.2011095999e-02
-8.5943869375e-03
1.5032750710e-02
2.5461432768e-02
2.8857386370e-03
2.8437722055e-03
2.8366537865e-02
5.5399733945e-03
9.6493217696e-03
-1.4868622461e-02
2.1827360283e-02
-1.0547070692e-02
-1.9790272238e-03
2.7147727694e-03
-1.3016944808e-02
-4.7574474754e-03
4.5961855292e-03
-7.9365140976e-03
2.6926904850e-04
1.2174383031e-02
-6.9707974475e-03
1.9768133298e-02
6.8771988490e-03
1.7190816601e-03
-2.2497081206e-02
3.4169017948e-02
1.3844458021e-02
-6.1214169716e-03
-8.9854818971e-03
5.4450712351e-03
6.9016151131e-03
3.7509869357e-03
3.7817246717e-03
-6.1490421271e-03
-2.5284963145e-02
4.2889114706e-03
-2.0614711195e-02
-7.7839202731e-03
-1.6207406494e-02
-1.1527860713e-02
-1.6467069870e-03
-6.6024297785e-03
4.7825336588e-02
-1.5433870053e-02
-1.1251473195e-02
-4.3174311181e-03
2.1331780683e-03
-1.2817918442e-02
1.3301728098e-02
1.8755931372e-02
-1.0912955270e-02
5.0046285808e-03
-1.2045546516e-02
-9.7305355564e-03
1.7433286858e-02
2.4535509681e-02
2.2742544601e-02
-4.2216540323e-03
3.3024544997e-03
-5.6962922940e-03
-2.1300246308e-03
-9.7656142889e-03
2.0084031454e-02
-7.5354064831e-03
-1.5081611917e-02
4.4207800437e-04
1.8580065352e-03
-5.8485877805e-03
8.8088210440e-03
1.6959571999e-02
-9.7813536763e-03
-4.0442690686e-04
1.0752715637e-02
-2.0572100756e-02
-1.7778658720e-02
-6.3952038468e-03
-8.1873712611e-03
4.2870258417e-03
1.2693319786e-02
8.5164420757e-03
-8.1410209268e-03
-2.7642490829e-03
2.4041440194e-03
7.7172482898e-03
-1.4625905540e-02
-1.3322155316e-02
-1.0106397658e-03
9.4886844428e-03
-1.3049637365e-02
4.0114515139e-03
2.2929058678e-02
1.2826881155e-03
2.0084646996e-02
-1.3957760258e-02
1.2085705726e-02
1.5397410551e-02
-2.1246537425e-03
-8.8573729710e-03
-8.1531232622e-03
2.3481118290e-03
-1.9511016612e-03
1.2053222726e-02
5.5849322812e-02
-1.6061705580e-02
1.6338469342e-02
1.6585835436e-02
2.3780345205e-02
2.4587707341e-02
-7.3838877178e-03
-1.0723787011e-02
1.0197738915e-02
-1.5093890105e-02
-5.8426224031e-03
-4.7422823298e-03
-4.8374337823e-03
-1.0757510922e-02
4.0144339610e-02
1.5137737898e-02
6.9559599731e-03
6.9018731243e-03
1.6660333343e-02
-8.5977725454e-03
-1.2434537292e-02
1.8190889199e-02
-2.3591942565e-03
1.6725841634e-02
-5.2068354981e-03
-8.0597938690e-03
-2.5374927206e-03
3.9568744774e-02
4.9596185428e-03
-1.7195691334e-02
-5.2101705707e-03
-5.1210603495e-03
5.2686047278e-03
2.5803202389e-02
2.2431536366e-02
-3.3424303548e-03
-4.9266185727e-04
-1.0103555960e-02
-2.5047969370e-03
-8.4880069004e-03
5.2689221011e-02
-2.5320950759e-03
-8.5639907441e-03
1.9988486247e-03
1.2045937688e-02
2.5725422933e-02
-1.0649824808e-02
-4.8522600264e-03
-1.4072452180e-03
-3.4907799283e-03
-2.2595996904e-02
1.4547899175e-02
-9.2072690013e-03
2.5400819017e-03
-1.1019258964e-03
-2.1445967174e-02
-1.6062817163e-02
2.0491274034e-02
1.3492837141e-02
-1.3833278227e-02
-5.3729397934e-03
-1.1038814067e-02
-2.5071574502e-02
-1.0150190750e-02
-2.0664288121e-03
-5.9222598605e-03
-3.6081974981e-03
-5.7010328714e-03
7.2768685650e-03
-1.4776388297e-03
-5.6511531333e-03
-2.4579980052e-04
-8.7999332357e-03
5.5356045087e-02
-1.6984571542e-02
2.4482492590e-02
-9.5191412016e-03
-4.6966330722e-03
-2.5981994108e-03
2.7248393248e-03
-6.4386964357e-03
-5.4616908392e-03
2.8723926811e-02
7.3250267640e-03
6.6313711720e-03
-7.3715618201e-03
2.9282153767e-03
4.1937105389e-03
2.8922680301e-03
5.6736254643e-02
-3.5451116256e-03
2.2710376071e-02
-3.3400502404e-03
-1.8191959740e-02
-5.4936069101e-03
-1.3495055726e-02
2.1412241817e-02
-1.0311888327e-02
-4.7021849193e-03
1.1678266925e-02
-1.0778730290e-02
-5.1880210095e-03
-8.4684364037e-03
-1.1471051103e-02
7.8030700381e-03
1.8989059859e-02
9.5574573410e-03
3.9100895632e-02
-4.6725312500e-05
-1.1282615970e-02
6.4736375039e-03
-6.6850158150e-03
-1.0398546023e-02
-1.0449506677e-03
-9.4906956722e-03
-5.4256026482e-03
-1.1400438003e-02
-2.4685138595e-03
-7.9021631252e-03
3.2988694026e-03
-1.9133547427e-02
3.4298179535e-03
1.3046230138e-03
-2.4135161445e-03
3.5308525498e-02
-1.0427824068e-02
-5.7892169334e-03
-2.2597373717e-03
1.0836785457e-02
6.6050602615e-03
-1.8939582200e-02
-1.0369471288e-03
1.1683838134e-02
-1.0266200806e-02
5.1630717977e-03
-1.0529452833e-02
-2.0937512930e-03
4.8581732123e-03
1.1422418634e-02
-1.1542502929e-02
-1.2730011845e-02
3.2218179943e-02
-1.9586775716e-02
-9.2295502908e-03
1.0441487617e-02
8.4480220613e-03
1.4000332579e-02
-1.8572093602e-02
-1.7260200599e-02
1.1978400486e-02
-1.8502561571e-02
-1.2253443617e-02
-1.2790741306e-02
3.9410048699e-03
-4.7637966079e-03
8.6738398873e-03
7.1519300199e-03
1.2961049456e-02
1.5634943235e-02
-1.1683275063e-02
-7.6057752823e-03
-6.0354235844e-03
-7.6658398208e-03
5.6930545315e-05
-5.0558988105e-03
-7.5822134867e-03
-1.4550689778e-02
-9.6777647071e-03
8.6329355020e-03
1.7617230525e-02
-3.3060159853e-04
-2.5058652249e-02
-7.0741249241e-03
1.0315317564e-02
-1.4693255614e-02
-1.4150066216e-02
9.7933281078e-03
1.9400425337e-02
1.4686144753e-02
2.2791056852e-03
-1.2760270691e-02
4.7733070298e-03
1.3585315127e-02
-9.7268086687e-03
-1.5644038189e-02
4.0946927382e-03
3.6049787699e-03
1.7124253621e-02
-6.1860028936e-03
-4.3801419129e-03
-8.2525968961e-03
-1.3406881047e-02
-2.6048387612e-02
-6.2170409869e-03
4.0618841328e-03
9.5343234196e-03
1.2404631078e-02
-7.6827341043e-03
-1.4782280573e-02
-6.6510760455e-03
-1.5198571341e-02
-1.0975483979e-02
3.0589377096e-02
-1.6647591494e-03
2.3090391325e-03
6.0795337217e-03
1.7003661486e-02
1.2679387631e-02
4.4798503530e-03
-2.0028930482e-03
9.4338740577e-03
-7.6246970291e-03
-1.4043790724e-02
-9.1737312373e-04
-8.5482055380e-03
-1.1116483293e-02
-6.9167931705e-03
2.2331206610e-02
4.7706441751e-03
2.8603664777e-02
9.4820881158e-05
-5.6270573337e-03
-2.7785908556e-03
4.9848419360e-03
-1.1954927863e-04
1.6799628384e-02
-1.0670991392e-02
-1.7570998196e-02
-1.1271140996e-03
-1.4084458933e-02
-3.1221172354e-04
-2.3233314829e-02
-3.2424287326e-03
3.3019424894e-02
-2.5971343170e-03
-1.0369492999e-02
2.7061764123e-02
-6.7800265013e-03
-4.6793268924e-03
-1.4974605356e-03
-8.3683285109e-03
-1.5137697827e-02
-4.1185407802e-03
-2.5733358175e-03
2.1165678458e-02
-4.2449930274e-04
4.5226491136e-03
-8.8979658632e-03
4.2141502220e-03
-1.4460221611e-03
-7.9431278710e-03
-1.7868606786e-02
-4.2991371595e-03
-1.4106022238e-03
-1.3587765766e-02
1.0494189746e-02
2.1337381009e-02
-1.4480005708e-02
-8.5480659789e-03
-6.7542877821e-03
2.7657418415e-03
2.1314448825e-02
-7.9181057207e-03
-8.9421989646e-03
-7.2184724363e-03
8.9758465300e-04
5.3754171603e-02
-1.4578797161e-02
2.5747303230e-02
-3.2670868519e-04
1.4226841252e-02
-1.3249085037e-02
-2.0495857180e-03
8.2837607380e-03
3.5721641088e-02
-1.6600608758e-02
2.1146047239e-03
-2.0830847752e-03
3.2478817325e-02
-1.8176194473e-03
-1.8997225377e-02
-5.2807006960e-03
7.2648167632e-03
1.2873984294e-02
7.3863853134e-03
2.1616008834e-02
-3.0252037342e-03
-1.0300807621e-02
2.7113827490e-02
1.3818826577e-02
-1.7593754753e-03
3.7565636346e-03
-1.3304050726e-02
-1.5261118016e-02
-8.8938786875e-03
3.9523031865e-03
-1.1684297309e-02
4.7836632009e-03
3.2298697419e-02
2.0279198630e-04
-3.7911698251e-03
-1.6697182254e-02
1.1561860165e-02
-1.7003874365e-02
-2.2353491284e-03
3.0061879838e-03
1.5353255528e-03
2.5774770659e-03
-3.2898884404e-03
2.3024844633e-02
-1.8459475418e-02
-1.1424884175e-02
-2.1644363881e-02
-1.7726917239e-02
2.1436874826e-02
-1.4692369946e-02
5.0436324447e-03
-8.9638222553e-03
8.8716500452e-03
1.2024431916e-02
9.2138981736e-04
2.3985516804e-02
2.1021194836e-02
-2.2532948130e-03
-1.1709257927e-02
1.1559454268e-03
2.9426368574e-02
-1.6927545244e-02
-3.7675835223e-04
-1.3902848260e-02
-4.1506011356e-03
-9.7277587521e-03
-2.1035562880e-03
-1.3821964853e-02
8.7215876333e-03
1.0222990513e-02
9.1635719407e-03
-8.8722883931e-03
1.7200041867e-02
8.7388027559e-03
-4.9507222806e-04
-5.4847811887e-04
-1.6654273667e-02
-1.3613781940e-02
1.3045339480e-02
-7.4666848585e-04
-2.7667898366e-03
1.3167597871e-02
4.8710809622e-04
1.1874604980e-02
-3.9856069210e-03
1.0680521061e-02
-2.6787116190e-05
7.3284880822e-03
3.3211981000e-02
-1.3967822252e-02
-3.7538254944e-03
-4.4319784616e-03
5.7838922361e-03
-3.9593176995e-03
4.5070164298e-03
-1.4199233995e-02
-4.2696990264e-03
-1.2987229645e-02
-1.7025820452e-02
2.5092774373e-02
1.9823536998e-02
7.9453957112e-04
-3.9879329576e-03
2.1362105392e-02
-9.4729247077e-03
2.6938928752e-03
-9.3517716885e-03
1.3144658288e-02
-3.3712885173e-03
-1.0571422726e-02
2.1955439694e-02
-6.4509852897e-03
2.0444900431e-02
-1.2246150245e-02
-7.8028230034e-03
1.5552653691e-03
-8.1537606829e-03
-6.1247377848e-03
-1.2636156690e-02
6.1111883737e-03
-1.0406030006e-02
2.9095050522e-02
-2.0190986621e-02
-5.9222060153e-03
-1.5548357055e-02
-2.2805267678e-02
-7.3433354051e-05
-1.8924118617e-03
3.3661570506e-02
-1.7578222586e-02
7.3815718665e-03
9.4263469015e-04
5.5184382093e-03
-1.3221166246e-02
9.2624993272e-07
3.2968706929e-03
-4.2371028153e-03
1.0395241317e-03
3.5023641251e-03
1.1606508018e-02
1.2894673735e-02
-1.4439842661e-02
4.9781388026e-03
-4.7815142087e-03
1.4871153116e-02
-6.2568928284e-03
2.2601488245e-02
5.6718649394e-03
3.8171335109e-04
-4.3842997847e-03
-1.7260885669e-02
3.2454823695e-03
-3.1359490030e-03
-7.5806318225e-03
-1.3448212333e-02
-3.5894774444e-03
-2.2800576416e-03
7.9521352422e-03
1.1602131156e-02
1.1964760121e-03
-3.2287145140e-03
2.6217934649e-03
6.2756788636e-04
-1.1516662577e-02
7.2696407252e-03
1.2601066612e-02
6.4129355644e-03
-4.3997497612e-03
-8.2611044768e-03
-1.0745792378e-02
-1.8670230375e-02
-3.5831689218e-03
3.4740882899e-03
-3.9125575070e-03
-1.1947907200e-02
-2.7880820924e-02
-8.3491028742e-03
1.0469450795e-02
-9.0141180685e-03
-2.1161450713e-02
2.4285604663e-03
6.5704255225e-03
-3.6659952291e-03
1.3424961716e-02
4.4517307538e-02
-1.2333643121e-02
-9.9584557681e-03
6.5638189785e-02
1.0079741879e-02
3.4738083598e-03
-1.4917307712e-02
2.4525015020e-02
-1.2362055548e-02
1.6802254157e-02
-1.3989851511e-02
-6.3617903146e-03
1.3648194702e-03
-6.6030796869e-04
-2.3492397866e-03
1.0770592730e-02
-2.0470150984e-02
-5.5105505174e-03
3.5969676731e-02
-7.0306351163e-03
-1.5001873938e-02
-9.1241236284e-04
-4.9495857128e-03
1.5332016504e-02
-4.5156186788e-03
-1.5811233486e-02
7.6090261654e-04
-5.0061914907e-03
9.1414672993e-03
4.9498250745e-03
1.5400688832e-02
-9.5772799525e-03
-1.5941644464e-02
-1.3109844149e-02
-8.9911293586e-03
