1.6244276680e-02
-2.8821395002e-03
-4.4202633598e-03
-7.9675911922e-03
-8.3452544030e-03
-1.5113192505e-03
4.7798445824e-03
-5.5944676310e-03
-7.6643029440e-04
6.9779126511e-03
3.0934788555e-03
2.2449423889e-03
-3.9751313272e-03
1.0319487922e-02
-4.8090883144e-03
-4.1704924624e-03
3.5097577078e-03
-5.5007818672e-04
-6.2552979938e-03
-6.0430409775e-03
8.4397452229e-03
4.4729914641e-04
-1.1738318593e-02
5.5015238720e-03
8.6580719608e-03
6.2223774072e-03
-8.7835646433e-03
-4.6195665730e-03
-1.7625668689e-03
-6.1700745276e-03
-8.7426608787e-04
1.2574110361e-03
1.1247477755e-02
6.0711829903e-03
8.6676930749e-03
8.9159989405e-03
-5.7544933530e-03
-9.5610422272e-04
6.5972389987e-03
-5.8715153698e-03
-1.3095502040e-02
3.1570163661e-03
-1.5364426711e-03
-9.6893847987e-06
-3.2836616544e-03
4.3774063190e-03
-3.7101789167e-03
1.2488202867e-02
8.4326148789e-03
5.4778740821e-04
-8.6744233708e-03
5.3201509243e-03
-1.7029258135e-03
8.4444435281e-03
-8.1656987066e-03
-5.6419503303e-05
6.5672320227e-03
3.8164063798e-03
-1.0635355225e-02
-4.5472831429e-04
6.6980923043e-03
1.7147709035e-02
2.4848669533e-03
2.5729532857e-03
-4.3301186244e-03
-6.6519304613e-03
-4.2211557722e-03
-4.8056478150e-03
7.1035531218e-03
4.7082934491e-03
-8.8051519048e-03
-2.0849841955e-03
1.8533179160e-03
1.9184415414e-02
2.7354528946e-03
2.8322139922e-03
1.5895426255e-03
5.3648289740e-03
-1.0740853576e-02
2.9947705060e-04
-4.7408952008e-03
9.6940428794e-03
-1.0450998550e-02
1.1567016049e-03
4.7255881450e-03
-5.1573452484e-03
8.6023911223e-03
9.1823076389e-03
-8.2757746204e-03
5.2686711432e-03
-4.7778924573e-03
-6.7671208468e-03
-6.4423235220e-03
1.3044689084e-02
6.0669824225e-03
3.2369384070e-03
5.3508135192e-04
1.1189224451e-02
1.1566138166e-02
1.0679445962e-03
-5.6585868895e-03
1.0654858934e-02
-4.1753926933e-03
-3.4789775120e-03
-8.7192945370e-03
2.6080462930e-04
1.8360025094e-03
-7.7820787941e-04
-7.1619191140e-03
-5.9033095384e-04
-4.2296662954e-03
5.2055248501e-03
-2.9309147326e-03
8.5966106386e-04
-4.7389202925e-03
7.1816162222e-04
7.7127387975e-03
-5.4897884825e-06
-8.9304318656e-03
9.3308109071e-04
-1.5564814869e-03
-7.2315791438e-03
-3.6257145152e-03
9.2628719437e-04
-7.3954354810e-03
1.1714929594e-03
-8.0950032355e-03
-4.3504764916e-03
-1.2300089061e-03
-4.6190438759e-03
-4.5903055905e-03
-8.7661167350e-03
-5.4486453486e-03
-8.0701177919e-04
-4.6150990012e-03
-3.0619265800e-03
7.1167308540e-03
3.2098779004e-04
6.8589502151e-03
8.5896740389e-03
-9.1260537918e-03
4.7650976228e-03
-6.3947867539e-03
-6.1344404082e-03
-4.8899555599e-04
-6.8687734300e-03
-2.2003673279e-03
-7.5987031456e-03
4.9561355969e-03
-2.9782648971e-04
-2.3320444007e-03
4.0069148144e-03
-5.5576111418e-03
-6.1329671133e-03
-9.7866554610e-04
-6.5091353355e-03
2.5977107379e-03
-5.0381216488e-03
-3.4692360359e-03
-9.1481963552e-03
5.3998902907e-03
2.8605675041e-03
-1.1180022789e-03
3.9089674381e-03
-2.4578251496e-03
-3.4455094665e-03
-1.2828482804e-03
3.9465995266e-03
1.9612356588e-03
-1.3249448726e-02
5.3324961997e-03
3.0864132058e-03
2.1212855698e-02
-9.8770935420e-03
-4.1479458077e-03
1.6205543714e-04
1.2377790365e-02
3.0651019670e-03
-5.6392938707e-03
-8.2097608846e-03
-1.0804159351e-03
-1.3392465665e-03
-1.0231864827e-04
-5.2739298461e-03
9.2097388525e-04
5.1218366700e-03
3.6484100853e-03
-9.3139463013e-03
1.9675104392e-02
-3.8921816391e-03
-3.4277932348e-03
-1.3700278376e-03
8.4868141811e-03
5.3368702575e-03
4.6208382634e-04
-1.1260263360e-03
-3.0303953629e-03
8.3778260853e-03
5.5628569950e-03
1.9028131331e-02
5.5519692897e-03
-7.5728275822e-03
-8.2633188492e-03
-7.6019819488e-03
-4.3890923660e-03
5.5179012998e-03
-9.1456910274e-03
-5.3139490089e-03
-8.4557751663e-03
-6.8850756610e-03
-1.0666692939e-02
-2.5583148270e-03
-6.9307127003e-03
2.1502314238e-03
-2.7791228028e-03
-5.3876745486e-03
-1.7481702217e-03
-9.9991647517e-03
8.7253373825e-03
1.3889901761e-02
-2.9826660537e-03
6.9644083486e-03
-7.3073633792e-03
-4.8440373916e-03
-8.5293743142e-03
-8.3834147418e-03
-4.8841121977e-03
-7.5284313603e-03
-5.0198080494e-03
-4.1742270085e-03
-1.6524750099e-03
-5.3732220646e-03
-5.6219867862e-03
-1.4472486790e-03
-3.7343518723e-03
-1.2426540624e-02
1.5529794489e-02
-2.6623291070e-03
-9.8943778593e-03
5.3043738116e-03
-6.1338809994e-03
-2.7268100176e-03
-1.4089432745e-02
-1.1667866927e-03
-3.4967417251e-03
-1.7795319234e-04
-6.6908200382e-03
-5.1584943617e-03
-6.6205751675e-03
-3.3207492254e-03
1.0884493545e-02
5.4327093087e-03
3.6311019001e-03
1.9037583181e-03
-4.0507976981e-04
-8.0888112290e-04
-4.4081259725e-03
-4.5866749226e-04
5.8676163439e-03
-2.5617272838e-03
-5.6963174757e-03
2.1334029814e-03
5.1401945036e-05
-8.9714137500e-03
-8.8471795630e-03
-4.9648586786e-04
-3.9736715739e-03
-2.9483575344e-03
2.9076546875e-03
1.7725958014e-03
1.3127906019e-02
-2.0837456426e-03
-3.4467617982e-03
-2.2590068111e-03
-4.8459667720e-03
1.4140118995e-04
-4.6342882183e-03
-7.6404578921e-03
-5.6894881752e-03
3.4660571112e-03
-9.0211173385e-03
3.6372311163e-03
6.4415857288e-04
4.8480966060e-04
-5.0240897288e-03
7.2402495118e-03
1.7300280455e-04
-3.4162103179e-03
-2.5386581032e-03
-6.1942727423e-03
3.2522580071e-03
-6.6188070002e-03
-5.2486367031e-03
1.2032017334e-02
5.9362624816e-03
1.3709893485e-02
-5.3748613373e-03
-1.5979552665e-03
-7.3445850371e-03
-5.3098425404e-03
1.2757969455e-02
2.6947992513e-04
-1.0591628250e-02
5.9446449560e-03
-8.6704812981e-03
-1.0166812919e-03
-2.7877273364e-03
-6.5302007454e-04
5.4983660022e-03
-6.2973784656e-03
3.5525763631e-03
1.3159701746e-03
-6.8123759933e-03
-2.8861495313e-03
1.8951488557e-02
-6.8675816812e-03
-1.4734613033e-03
8.3026345689e-03
-3.1823628650e-03
-2.5971709578e-03
-2.2177973373e-03
1.1453179579e-03
-7.2088089923e-03
-2.7118591945e-03
-1.8723647510e-03
2.5577660675e-03
-4.3923165413e-03
8.6393783250e-04
-5.4811694848e-03
-4.5121462625e-03
-1.9591628600e-03
3.7944863541e-03
-6.4456445345e-03
-5.0350324118e-03
-7.5286364198e-03
-7.3363243295e-04
1.6237963151e-02
2.8257598365e-03
6.3076786186e-03
-4.0749908994e-03
1.0887195381e-02
8.5896779206e-03
-3.0292020691e-03
5.7118198223e-03
-3.5557579352e-03
-8.1351142385e-04
-7.8076550852e-05
-7.3790306144e-03
-2.2499660390e-03
2.9701246332e-03
5.2294832251e-03
4.1029750667e-03
-2.0410667255e-03
-3.5257002507e-03
2.1452747836e-03
-6.9474517979e-03
-4.3124281649e-03
-5.1437529369e-03
-2.7641562522e-03
-2.7003197013e-04
2.7057650382e-03
-3.8531198436e-03
-2.8180234102e-03
1.8815761524e-02
6.5704833414e-03
2.9896459768e-03
5.0133047540e-03
-6.4673961326e-03
6.7687512076e-03
-2.8707293186e-03
9.2420777276e-04
-3.0428746738e-03
8.4214575523e-04
2.4651112821e-03
-6.0568676620e-03
-4.6390759557e-04
-6.3838835450e-03
-8.4083486943e-03
3.2649578284e-03
9.6529803153e-03
1.8649011008e-03
1.6962302726e-02
2.2742280036e-03
1.1104672523e-03
-1.1077633462e-02
-8.6807804719e-03
-9.0560875460e-03
-3.7197045531e-03
-8.9276260835e-03
-4.5890484500e-04
-6.2611050164e-03
-3.3074656521e-03
-6.3410883554e-03
-9.6262822397e-03
-5.8922249819e-03
-9.0683224587e-03
1.3029919615e-02
5.4792946825e-04
1.2589599576e-03
1.1838915534e-03
-5.5285666833e-03
-6.2682865492e-03
4.4014832350e-03
4.9883022716e-03
-9.4809062279e-03
-7.2083356021e-03
3.5615105131e-03
-6.8467841784e-03
-7.1950098435e-03
-1.7621837720e-03
-6.2547798368e-03
-8.1218280047e-03
5.2230143676e-03
5.7582097107e-04
-4.4177981389e-03
-9.1172801602e-03
7.1987633548e-03
1.4525354389e-02
-4.0927276097e-03
-3.9719631398e-03
1.1029911640e-02
-2.1172634749e-03
8.3118235120e-03
2.2647890623e-03
3.2091788647e-03
-3.8921406149e-03
1.1868131740e-03
-5.1364124877e-03
-5.5692015329e-03
-6.0707822816e-03
7.8083914389e-04
8.2520557740e-04
-1.4834692379e-03
1.4576077948e-03
-7.1451193927e-03
2.5519873775e-03
-8.9622627556e-03
3.1296068859e-02
5.2189653350e-03
4.5825158638e-03
-7.8163016404e-03
9.1145110877e-03
1.0243754646e-02
5.6833407613e-03
-8.9559741898e-04
5.3297012355e-03
1.1925470001e-02
1.2815961145e-03
8.5392261520e-03
5.0160835165e-03
-4.3795261032e-03
-7.2997328309e-03
-5.5749983082e-03
1.6266348660e-02
-2.3775719939e-03
-3.8876932957e-03
-5.4100694511e-04
-6.4065459511e-03
-1.3113972348e-02
-5.3554217249e-03
4.0325229524e-03
-6.7655692959e-03
-2.6788125328e-03
-7.1418764843e-03
-5.6448596136e-05
3.9015367290e-04
-3.6007451334e-03
5.6345257221e-03
6.5293301574e-04
-8.1557583167e-03
-9.6093324370e-03
9.0993538509e-03
6.5442207646e-03
-1.3625944347e-02
-4.0278899557e-03
7.8833732841e-04
1.1288566692e-03
5.2902301727e-04
1.2456657416e-03
8.2387355235e-03
-2.7840583271e-03
7.2427488445e-03
2.2445396338e-03
5.7366481973e-03
3.1008323828e-03
-2.0181544308e-03
-9.9526340601e-03
-5.7558283456e-03
9.3767755489e-03
2.0110161829e-03
-8.7435314707e-04
-4.9886896791e-03
1.0579663350e-02
4.5416854476e-03
1.2391738267e-02
-4.4935616641e-03
-3.1733582753e-04
4.4203278272e-03
-6.6538709810e-03
-9.1261317916e-03
-1.8400169423e-03
1.1284277257e-03
-5.5127013823e-03
-2.0428584379e-03
-8.3789578320e-03
4.2722057010e-03
-1.2540941688e-02
3.3842767570e-03
-5.1886648449e-03
-5.0493306195e-03
4.5375529981e-03
5.3252881830e-04
1.3459610469e-02
3.5375988693e-03
1.7859702937e-03
-3.6224643585e-03
-2.1447155289e-03
-3.2457379295e-03
-4.2225235832e-03
8.6991674705e-03
-3.4253375065e-03
-3.8918494101e-03
2.6629257222e-02
4.5695223586e-03
4.2772981856e-04
-1.4319626080e-03
-4.2793901804e-03
2.0019589385e-03
-5.3032048448e-03
4.2471057533e-04
-7.2125844101e-03
-1.0136632466e-02
-1.1752364711e-03
-5.1825778792e-03
-5.3147711046e-03
-1.0915404488e-02
-8.9648942777e-03
3.6504771466e-04
-2.6957537983e-03
2.6110315359e-03
-1.5754321063e-03
-1.0057941081e-02
-3.4865898704e-03
-4.6290611647e-03
-2.2006087685e-03
-4.0045154742e-03
-7.7776133996e-03
2.9355965665e-03
-8.0752527360e-03
7.8211500924e-03
-5.1877882951e-03
1.1701148406e-03
2.4971083082e-03
8.1977981939e-03
-6.9604694747e-03
2.8771739107e-03
-9.9551274778e-03
-1.2135821430e-03
-8.7861477015e-03
-4.7771651658e-03
-3.6041508253e-03
3.2916310405e-03
-9.9525371348e-03
-6.3399172601e-03
-1.6237813299e-03
-7.6820616999e-03
5.2292760292e-03
1.4459074899e-02
-7.6123482888e-03
1.7769393672e-03
-1.3902995637e-02
1.1616639596e-03
6.4805780914e-03
-5.2182369012e-03
-3.5248910677e-03
-4.2015381865e-04
-2.5090568474e-03
6.2759927323e-04
1.6271147330e-03
-7.2636697018e-03
3.8585416805e-03
-6.3427902417e-03
1.6825209827e-02
1.9524058421e-03
2.5919575764e-02
-4.4657538487e-03
-7.2997132796e-03
-4.1322409292e-03
3.7630417217e-04
-4.3418472576e-03
-1.0924976349e-02
4.0027963344e-03
1.1621790166e-02
3.2832340197e-03
2.5719645905e-02
-1.5263276707e-03
-6.0262888449e-03
2.1996601741e-02
-2.1357287861e-03
-4.3952157456e-03
2.5191966555e-03
-3.2627423378e-03
1.9922682966e-03
-1.0729400843e-02
-6.1811051593e-03
1.2114203551e-02
1.8412765897e-02
-1.3283166317e-02
3.5805763580e-03
1.4200780478e-02
6.1387888589e-03
-4.8302916282e-03
9.8183271602e-03
-6.6563227973e-03
-7.7922282039e-04
2.9503683759e-03
-9.7234868034e-04
-1.5745066120e-03
-2.5881907475e-03
7.5721841019e-03
9.2759800095e-03
1.9245981045e-03
-1.4092239399e-03
-2.6140948935e-03
6.3973255344e-03
-6.0930868832e-03
-9.3931899191e-03
5.1189503314e-03
5.8194513347e-03
-7.3065358822e-03
9.9657134872e-03
-5.3177818544e-03
6.1309056799e-03
-1.0243533469e-02
-6.1870289029e-03
-7.2639806461e-03
9.5032574741e-05
-6.4344681423e-03
3.8189797839e-03
1.6046921509e-03
3.0470212693e-03
-3.0974281821e-04
4.0363667447e-05
4.0452450477e-04
-3.4389714989e-04
-2.9575137256e-03
1.7005303501e-03
1.2087556137e-02
1.8683632399e-03
-4.7315931250e-03
-3.3004908666e-03
-3.1370354175e-03
7.6367900639e-03
-7.5421633986e-03
-1.0322044360e-02
1.4303981844e-02
2.9140311994e-03
-2.2515012974e-03
5.3191229945e-03
-5.9410733018e-03
7.0519290949e-03
-3.5217380223e-04
-9.2894637660e-03
1.0902436200e-02
-4.9227376423e-04
-5.6689922402e-04
2.3381694478e-02
-9.0744113662e-03
5.4726850762e-03
8.1706366151e-03
-1.3192902122e-03
1.1127325599e-02
1.5752438644e-03
7.7943877979e-03
4.9949325028e-03
4.4705733949e-03
1.2484445278e-02
-8.4540060745e-04
-7.9615268819e-03
6.7453787000e-03
-2.6432211485e-03
1.0798498079e-02
-8.6030449654e-03
6.6045280534e-03
-7.7761520191e-03
-9.3573602044e-03
-1.3171881206e-02
-2.4534451698e-03
-1.6531157217e-03
-6.0821237274e-03
-2.8530967372e-03
1.6871007496e-02
2.0321071650e-03
-7.9782954326e-03
-8.0261971092e-04
2.1276634554e-02
-6.0629522574e-03
-5.4064799586e-03
-3.4871638403e-03
2.5932123766e-02
1.3017239283e-02
2.9107066597e-03
-7.8177992463e-03
-5.5858427335e-03
-8.4477594565e-03
-8.0072093839e-03
-5.8269878135e-03
-4.0402409143e-03
-1.1764768661e-03
-2.7345535242e-03
5.8349378985e-03
-7.3329796476e-03
-2.5679738542e-03
2.6767493374e-03
1.1685575928e-02
-7.2205726716e-03
1.0115128925e-03
2.0482619111e-03
-9.9704619367e-04
-1.4816109287e-02
3.2687580831e-03
7.2618344015e-03
-9.9747725853e-04
1.9968790212e-02
-5.4833233602e-03
-7.0137156255e-03
1.7692136994e-03
-7.1239408481e-03
-4.4903028487e-03
-1.0508107022e-02
1.2861538577e-03
-2.2025717868e-03
1.5913084683e-03
-3.9725596520e-03
-2.4276895998e-03
-2.3423892922e-03
-1.0653680728e-03
7.0799785685e-03
-3.9082740410e-03
7.2990054929e-03
1.1693979785e-02
2.8261723486e-06
9.0293558095e-03
2.9483823389e-02
-7.6733117863e-03
6.1572710791e-03
-3.7922325173e-03
-6.9182856018e-03
-8.0550968800e-03
-2.5386379063e-03
-3.0255688704e-03
2.1500075995e-03
1.2625188156e-02
-2.1659386766e-03
-8.8070668493e-03
6.1303828582e-03
6.0543110411e-03
7.3286651203e-03
1.2716784392e-02
-6.0240016940e-03
-1.0192631236e-02
2.4640327815e-02
-5.7799260301e-03
1.2467123521e-02
-7.5641945425e-03
8.7390473796e-03
7.1639955777e-03
-2.9654002695e-04
1.8036177450e-02
1.7300019230e-02
3.5486994008e-04
-3.6772288273e-04
2.1722054162e-03
-6.8098207847e-04
-2.6898780532e-03
1.3453589653e-02
9.8346573964e-03
-4.5966619231e-03
-2.3985759940e-03
3.2280015824e-02
-9.5227648322e-03
-7.3022805427e-03
-3.1839283671e-03
8.2873357492e-03
2.4514664058e-03
-6.2336457303e-04
7.0762233200e-04
2.7341762249e-03
-3.2888323937e-03
1.6135371381e-02
2.3343141926e-03
5.1664149711e-03
1.3781733005e-02
1.0843068342e-02
-3.3658853787e-03
-1.1746892777e-02
4.2302384136e-03
5.8497327892e-04
1.2286819013e-02
-2.9733695631e-03
6.0215308230e-03
-4.8371536196e-03
-1.0832864219e-05
-3.0593419773e-03
8.5218316605e-03
-3.6083250260e-03
-5.9971642280e-03
8.4566287487e-03
3.4962537884e-03
-1.6188245770e-03
9.1359463468e-03
2.1346978744e-03
-3.3786920374e-03
-4.3934278540e-03
-8.7229393635e-03
-6.2238947348e-03
5.9278895720e-03
-9.5060753933e-03
-3.5715792208e-03
3.0751228271e-03
-8.1436493440e-04
1.3451362100e-02
-1.0767729469e-02
9.9897464381e-03
1.1946131670e-02
-3.4078165730e-03
4.8507748133e-03
1.6133867295e-02
4.0793634784e-03
-7.6205391659e-03
6.2392246934e-03
4.8080411788e-03
-1.0722688519e-02
-1.0277964405e-02
4.4339016459e-03
-4.8651253245e-03
4.0887166450e-03
-6.9179781978e-04
-6.9700785119e-03
-2.4617038111e-03
-2.0008802774e-03
-7.8834806360e-04
-1.6646079446e-04
-4.5681009614e-03
6.5852542877e-03
-1.0430101359e-03
9.8749980939e-04
-9.8340480908e-03
4.5169273444e-03
-2.9598179009e-03
7.9626756059e-03
-8.2434145221e-06
-1.9875831898e-03
4.5417452978e-03
-6.0093682891e-03
5.7623391221e-05
-1.2706659342e-02
-6.3131554154e-03
8.2937231522e-03
-3.8311737988e-04
-6.3193916162e-03
1.7663906644e-02
-1.9926540790e-03
-4.4013299923e-03
5.3665247434e-03
1.0123090995e-02
1.4952732533e-02
2.1712973227e-02
3.1484855196e-03
-3.2651083034e-03
4.2133827249e-03
-2.7895225172e-03
3.6033593995e-03
-1.1930298530e-02
3.1812008980e-03
1.0266713789e-02
9.7688261221e-03
1.5524169946e-02
9.0289490578e-04
-4.4302061674e-03
-1.4603330497e-03
-8.9905066328e-03
-9.1947434564e-03
1.8802679623e-04
4.7136845373e-03
-7.9746970446e-03
-3.9949864293e-03
6.6261047587e-03
6.0055637597e-03
5.2966475425e-04
-2.2675111579e-03
-4.0548509429e-03
1.6988289798e-02
-2.3212318335e-03
1.0183312391e-02
1.4815339318e-02
2.2337615167e-03
-5.6552976835e-03
-3.9614159379e-03
-1.2099024478e-02
-4.8109507788e-03
-5.9539552440e-04
5.0027127943e-03
-3.6091334748e-03
-3.8932439542e-03
-7.9875827785e-03
-1.2170966292e-03
1.1636028994e-02
8.0388094273e-04
-4.5345933491e-03
-1.0815006112e-02
-4.7043477841e-03
-6.9112637961e-03
-6.7446810566e-03
1.8946804308e-03
2.4743672341e-03
-4.2663577690e-04
-7.4187801964e-03
1.6231393085e-02
-7.7483492450e-03
4.7531807016e-03
-1.1230130652e-02
-8.2989756403e-03
6.7271649633e-03
-7.9800968585e-03
1.3118822887e-02
-1.4002851825e-03
2.4562659889e-04
3.3289708854e-04
5.3764241906e-03
-1.0254428806e-02
-7.9676696645e-03
6.9037599548e-03
-1.6386941512e-05
-1.3490558548e-02
-6.6777514602e-04
1.6916552943e-02
8.9130574608e-04
8.4464594516e-04
3.9400785992e-03
2.0749466949e-02
-1.7531191055e-03
-1.3065009716e-02
-1.5759590633e-03
-3.0144915842e-03
7.2977386073e-03
3.5190325466e-03
-4.8444432785e-03
-1.0607945289e-03
-1.5010133298e-03
-6.7016658071e-03
-1.3993214092e-02
-1.8623006907e-03
-6.8059448113e-03
-3.9463037790e-03
-2.6929879897e-03
-4.6029942220e-03
9.4798042369e-03
6.0326701658e-03
-3.4068643261e-03
4.5744829999e-03
1.6791806213e-02
-3.1822111849e-03
1.1219996757e-02
-4.4818904131e-04
1.3795451236e-02
-2.4098335335e-03
1.1594526262e-04
-1.2882618983e-02
-4.0783424983e-03
-7.7241211645e-03
2.6328466444e-02
-1.0511830037e-03
-4.2746975310e-03
-5.7859265837e-03
-7.4524091123e-03
8.7439576665e-03
4.2345129291e-03
-7.9223252395e-03
3.2135040348e-04
1.0800319755e-02
5.2996029665e-03
-2.6585629583e-03
1.5950776368e-04
3.0827661973e-03
5.5435109960e-03
-6.7950842871e-03
1.5403052056e-03
6.7437407678e-06
-2.9053229629e-03
3.7350576527e-03
-3.1050460279e-03
1.1821645928e-02
6.9277139923e-03
5.5291844254e-03
-2.9499351140e-04
1.6694253512e-02
-5.7510140278e-03
-5.2003777710e-03
-2.6923921234e-03
-4.1214732663e-03
-9.8776165757e-03
-8.7207900311e-03
-9.4755741203e-03
1.0070011283e-02
8.7271928950e-05
-7.4011502255e-03
-8.3512353279e-03
-9.4391986277e-03
6.3560454630e-03
-1.7592625415e-03
-1.0130357572e-03
-8.0353161295e-03
6.0829774449e-03
-7.1864044906e-03
1.4546611956e-02
-1.2412479900e-03
-3.5982050622e-03
7.3156320738e-03
2.1644649716e-03
3.0546882097e-03
-1.2442848370e-03
-3.7779715299e-03
4.4810308805e-03
-6.4914169686e-03
1.3647153151e-02
-5.6325963594e-03
-1.0187725238e-02
-5.6374997671e-03
-9.2075552478e-03
-2.6514431277e-03
-1.0300654487e-02
7.4232383528e-05
-8.7218235044e-03
-1.2815356264e-02
-6.0080683010e-03
2.1480489468e-03
-3.9373861533e-03
-6.1084709221e-03
-1.7696890937e-03
-1.0074489849e-02
-1.3044156486e-02
1.3286941110e-03
9.3502475316e-04
3.5393025724e-03
1.2453119731e-03
-1.2101085087e-02
-1.1767827324e-02
-2.9526628589e-03
-5.4620097316e-03
-5.1494013761e-03
-2.1032452156e-03
3.9317707851e-03
-2.0801079097e-03
1.1378909551e-02
2.1039909061e-03
2.4692590759e-03
-7.5769221038e-03
-6.1954564463e-03
-6.1195919086e-03
-6.7987426921e-03
5.4119534224e-03
-9.3038280413e-03
1.0029651032e-02
-1.1761636518e-02
-1.3461869904e-03
3.2022929988e-02
-1.0147306158e-02
-1.7588818873e-04
1.3263844825e-03
1.6128086047e-02
1.2476064018e-04
-4.1737611578e-03
-3.2526019822e-03
1.2824294199e-02
5.0339684004e-03
-2.1097662030e-03
6.0915889840e-03
-7.2059998617e-04
-3.7412781904e-03
6.5076948864e-03
2.0650632172e-04
1.9689035405e-02
2.2400120578e-02
-3.6725906602e-03
-4.5369425992e-03
5.7608188456e-03
2.4092293263e-03
2.8046519532e-03
-5.8825668174e-03
-4.0985092878e-03
-3.7056940743e-03
-3.2176507318e-04
5.9157994542e-03
1.3631521702e-02
2.3515455026e-02
-1.1259451605e-02
5.2048836311e-03
9.4383029163e-04
-1.4939052044e-03
-2.0161108553e-03
-7.0695244099e-03
1.5623630103e-02
-2.3098821836e-03
5.7266252644e-03
1.5136614704e-03
3.8124653277e-03
7.2769131134e-03
2.3484717260e-03
6.1063574361e-04
1.1874239403e-02
-9.8094904785e-03
1.6738570174e-02
4.1244179590e-03
-4.2203879515e-04
1.2790705461e-03
-2.4414482063e-03
-2.5035793255e-03
9.1123750434e-03
1.1353114050e-03
2.4704186918e-02
-5.3311012413e-03
3.6441051941e-03
1.1673564397e-02
-4.3498474317e-03
-8.5522362334e-03
-3.5471267547e-03
-1.9966320017e-03
1.2624705396e-02
-6.7399119174e-03
1.3991336790e-03
-4.7979770851e-03
1.6749772548e-02
-6.4518020283e-03
-8.5808040022e-03
8.8772666458e-03
-4.4717757743e-03
4.5295026757e-03
2.7142237323e-03
7.9297328827e-03
9.6368568284e-03
1.2513017138e-02
-4.7731259501e-03
3.5623258065e-03
2.4801126789e-02
9.5183111592e-03
-3.4242790988e-03
-1.2667402280e-02
-8.2452215279e-03
-5.3887821080e-03
-8.4377746225e-03
-6.2301728701e-04
-7.6736916308e-04
-5.1554813330e-03
1.0530085000e-02
-5.8352122015e-03
-5.4196140952e-03
-6.7723019207e-03
1.2320506755e-03
5.0123278566e-03
-2.9315960338e-03
-2.7796158290e-03
2.5772175221e-02
-3.9827275465e-03
2.4187618829e-03
-1.7803592572e-03
1.4883471733e-03
2.7384559523e-03
-7.0557029202e-03
-9.5840350319e-03
1.6092727878e-02
1.5369734143e-02
1.3828170029e-02
-9.5488821750e-04
-4.2823978692e-03
6.4870744788e-03
-5.6930458225e-04
1.1659759292e-02
-6.6959958746e-04
-2.1358273295e-03
-5.2559235461e-03
6.4038374834e-03
-7.6226004352e-04
-1.0811838131e-02
-4.0916606403e-03
5.0159203386e-03
2.0123524770e-02
-2.9144501809e-03
-7.9199434802e-03
6.3670938890e-03
-3.5993615809e-03
2.5049173391e-02
3.3297917341e-02
3.4427952337e-02
-1.0070082803e-03
-1.2469094032e-02
-1.3764959422e-03
-7.4707623803e-03
5.3364388423e-03
2.9423601863e-03
-7.4167221793e-03
-7.5439720437e-03
-1.5280563318e-03
4.2018283309e-03
-4.1736907872e-03
-6.1439865482e-03
-6.5934862176e-04
-2.2871980920e-03
-2.1978330508e-03
3.1386371103e-03
-5.1752532469e-03
9.3978823634e-04
-2.1368477436e-03
7.6787482342e-03
-5.3584345324e-03
5.3444329345e-03
9.6417470136e-03
9.1985348964e-03
-6.7538393915e-03
-1.2653475198e-02
-5.6739210478e-03
5.8185192954e-03
3.3486793572e-03
-1.7134871739e-03
2.3241157352e-03
-1.2619047155e-02
-5.6862869875e-04
9.1128887344e-03
1.7882721152e-03
4.3555481165e-03
-4.7923806527e-04
-3.6314153567e-03
1.0157002771e-02
4.3610883092e-05
9.0318701430e-03
-3.2493383638e-03
-1.0601034962e-03
-9.8711588958e-04
-1.8739455291e-03
5.3812467162e-03
-5.8673050657e-04
4.5806930205e-03
1.3144661732e-02
-3.5338830544e-03
1.1812179639e-02
1.0405837951e-03
-2.4903272386e-03
-4.8652623306e-03
-5.2435145786e-03
-2.5121048562e-03
4.6398366146e-03
-4.4870175012e-03
-1.7619240160e-03
-6.4914419794e-04
-5.6909830208e-03
1.9590578519e-03
-5.7459988491e-03
-9.6640992363e-05
-1.1334473399e-03
9.5252875779e-03
-7.0856623756e-04
2.0344372218e-02
-2.5222352154e-03
3.6538142832e-03
-7.9651159780e-03
1.3349433925e-03
-6.6587305873e-03
-1.4093473031e-03
-2.3459884317e-03
3.2696592364e-03
8.6383597995e-04
-1.0933097905e-02
3.5906396771e-03
4.7509151981e-03
-1.0091050121e-02
-1.1343053739e-03
-5.1570669686e-03
4.6793412701e-03
4.2880983224e-03
-3.2062773743e-03
-7.4957945903e-03
4.7553163282e-03
-4.8848656609e-03
-4.3586592197e-03
1.3055817559e-03
1.5101018938e-03
1.6858374682e-02
-1.9801343905e-03
-4.7617096248e-03
1.2590762614e-02
-1.1627683257e-03
2.1527615493e-03
-4.9328156177e-03
-3.3601952944e-03
-3.4712895294e-03
3.1683704662e-03
6.4087742287e-03
-6.7712782492e-03
-8.1290030973e-03
1.3072228526e-02
4.5030457204e-03
-1.0417425826e-02
7.9802116810e-03
-4.5115737216e-03
8.5117408379e-03
2.2290531490e-03
-1.0063141659e-02
-6.3091682921e-03
-7.9670526019e-03
-4.9256716735e-03
-4.2686555938e-03
3.8440256079e-03
-7.2761259492e-04
-3.4907181208e-03
2.7994007044e-05
-6.3471979100e-03
5.7538211398e-03
-1.8706755877e-03
-4.8566693476e-03
-8.9012179523e-03
-6.9449226848e-03
-2.5346802576e-03
3.6223820764e-03
8.1981775001e-03
9.7872992187e-04
1.7036897873e-02
1.5550633631e-03
-3.8700060759e-03
-6.0731935128e-03
-4.0769358840e-03
-7.6660205572e-03
-1.0862750223e-02
5.2721832916e-03
4.7412877791e-03
-8.8555814537e-03
-3.1729347746e-03
2.1018609945e-02
1.9563651704e-04
3.6308693720e-03
9.0005263255e-03
-3.6282061308e-03
-9.5985410760e-03
-1.6473259940e-03
2.4450343363e-03
-6.5301986176e-03
-1.1275696330e-02
-7.1569474027e-03
-1.6376969039e-03
-4.4056995974e-04
-3.3819634388e-03
-7.2538246603e-03
1.1328471839e-03
-2.9833277587e-04
-3.5393037486e-03
1.9531588860e-02
-5.0868093443e-03
1.4824076648e-02
-4.8138027241e-03
5.6239958508e-03
-7.9878241040e-03
-8.8715921588e-03
-5.7543352233e-03
-1.1089287484e-02
2.1691012420e-03
6.0476251265e-03
5.2778286062e-03
-2.4326576741e-03
-8.8395022352e-03
5.0600540817e-03
-8.7241367699e-03
-6.5744730201e-03
9.3353377023e-03
2.0343959905e-02
-8.1687819436e-03
-3.9535367944e-03
-7.0058839060e-03
6.6819769896e-03
-6.9308951949e-03
-1.0703898493e-02
2.0066769831e-02
4.2654904480e-03
4.9557113563e-03
1.0874112558e-03
1.4512501073e-02
-1.8647647398e-03
1.1796649096e-02
-8.2567272474e-03
1.0067494157e-02
7.0424290604e-05
7.0288270409e-04
-6.7410212797e-03
7.2428406666e-03
-1.1431071127e-03
-2.0285699079e-03
-4.8877929810e-03
-1.2147393913e-02
-2.8879547110e-03
4.5536841529e-03
8.3571779586e-03
5.3006323063e-03
-1.0457365353e-02
-8.1567519320e-03
2.6505766537e-04
4.6854669604e-04
1.0463812534e-03
-2.0244190189e-03
6.6478168401e-03
-4.4869311075e-03
-8.6287611561e-03
4.1470317444e-03
-1.7894242626e-03
2.2476584820e-03
1.1719727661e-02
-2.2317904383e-03
-2.1418626428e-03
1.3661221783e-02
-2.0211520936e-03
-3.8815717242e-04
1.2978216080e-03
3.2286581147e-03
2.0989113166e-03
1.9171043520e-03
-9.1084082818e-03
1.1037782434e-02
1.3377595878e-02
2.3411907655e-02
-3.3803274542e-03
-5.9028409889e-04
1.0678096642e-03
3.8882145389e-03
6.6621898809e-03
1.3008998988e-03
1.1118120327e-02
-2.4443445849e-03
-4.1286818417e-03
-2.1825226769e-03
2.3111994745e-03
2.3164359268e-03
1.4860016710e-03
1.5837473901e-03
2.1490341463e-02
8.9395657118e-03
-1.0856476432e-02
-1.0250865829e-02
-2.0461138354e-03
3.5756371802e-03
1.5239277401e-02
-3.4767099794e-03
1.4232678348e-04
-5.7767318640e-03
1.7744224524e-02
-6.1236678416e-03
5.1420345597e-04
-3.1292964508e-03
-1.3949775829e-03
-6.6015422541e-03
5.5939833800e-03
-2.9326726416e-03
-3.0520501371e-03
6.4742379318e-03
4.4652817935e-04
-5.1953307704e-03
-1.0100857452e-02
-1.6374570574e-03
-1.0032906350e-02
-7.4482555133e-03
1.9499077412e-04
3.5941592637e-03
-3.7184864577e-03
-4.5714079854e-03
-6.1360679693e-03
-2.9896616527e-03
-1.0373828816e-03
4.4345021923e-03
-2.5090974204e-03
4.1243764740e-03
2.2119056988e-05
-7.4153367795e-03
6.4191873643e-03
-6.5856570644e-03
7.8436450980e-03
-1.0304371190e-02
2.4739260550e-03
5.8930802223e-03
-5.1788540830e-03
-1.2289658387e-03
4.4375377530e-03
-3.8884535742e-03
1.1868596042e-03
-7.3056001610e-03
-3.8426028824e-03
4.7154156616e-03
6.1908913453e-03
3.7606565782e-03
-1.0492778448e-02
4.9567516547e-04
-2.7407760672e-03
1.4717030647e-02
-3.9643602910e-03
6.0373392883e-03
9.2100423498e-03
7.8581370936e-03
-1.3070992256e-03
-2.2048011646e-03
-9.8124963083e-03
7.5164252367e-03
-1.0073963638e-02
-1.1638838460e-02
-5.1240959382e-03
-5.3858828443e-03
-3.0992605643e-03
-7.9712385010e-03
-2.0145905598e-03
6.9965451503e-05
2.3420846387e-03
-4.5519687377e-03
1.3588181902e-02
-1.6390110790e-03
5.7888677508e-03
-3.2714248325e-03
-1.5980362690e-03
-8.2762951946e-04
-3.7785825961e-03
-3.3141259014e-03
-8.4897445881e-03
1.1033689868e-02
9.8472110599e-03
-3.8427466827e-03
7.7749879416e-03
-4.7293432843e-03
-2.4806946785e-03
-4.1425517875e-03
-8.9996244174e-03
-1.9814711966e-03
8.2917614476e-03
-6.9420758840e-03
2.2027950126e-03
-1.0193977019e-02
-5.3581607174e-03
2.1104508544e-02
7.2875853544e-03
-5.6503538211e-03
-2.6864396854e-03
-4.2139184614e-03
9.2205283346e-03
-2.1141606058e-04
6.0828595775e-03
2.2317882375e-02
-6.1599188010e-03
1.2583950073e-02
1.6368695022e-02
1.0980417656e-02
-1.1131101258e-02
5.0473989883e-04
3.6548896137e-03
7.6670966602e-03
7.8184526971e-03
-3.3043643389e-03
-4.2454111987e-03
-8.7479014943e-04
-1.0822938830e-03
-1.0196820708e-02
-5.5261312519e-03
1.9474289868e-02
2.1381209378e-03
-8.1052399586e-04
3.0550942557e-03
-4.0500570938e-04
2.0044714449e-04
3.5048452879e-03
2.4643392390e-03
-9.3696694826e-03
-1.3181301770e-02
-8.8587404512e-03
5.8506280175e-03
7.1268412737e-04
9.6669514079e-03
4.8098101275e-03
3.9750974115e-03
2.6853508826e-03
4.6856810520e-03
-4.1219454444e-03
-4.1113686016e-03
1.0506887036e-03
-9.1865411161e-04
6.4855616034e-03
8.9516434360e-03
3.9928832976e-03
-5.4652778612e-04
-9.9120696872e-03
9.9521489771e-03
1.2951077456e-02
-5.8170984448e-03
3.6734386516e-03
-1.5740557725e-02
-4.3760975571e-04
7.5116561905e-04
1.0564191806e-02
-8.2909303992e-03
-4.0842180129e-03
-1.5303806864e-04
1.9431679459e-02
-4.1252384108e-04
5.8752884428e-04
-7.5155701397e-03
-7.2494199774e-04
-9.0543746380e-03
-8.8996809550e-04
8.0640466659e-04
1.2214297057e-02
-3.5025271454e-04
8.6447383814e-03
-8.7458855532e-03
3.4015116107e-03
1.6435155823e-02
-1.1913386074e-03
7.8247656926e-03
-7.4084140337e-03
-5.7638384474e-03
-2.1093079874e-03
-4.1122968936e-03
1.8358162349e-02
-5.1303866388e-03
1.3680290051e-02
6.7944756044e-03
7.5422611005e-04
-2.0493085576e-03
-8.0701680968e-03
6.9588364555e-03
1.5688033838e-03
3.6603438127e-03
2.7379935306e-03
2.0435301306e-02
-7.2832705102e-03
-1.0640748427e-03
-2.0496170314e-03
-2.4766312216e-03
-5.7067511477e-03
1.1687941242e-03
1.1382794296e-03
-2.6944759064e-03
1.1809326884e-06
-1.3321348924e-02
-8.2959785768e-04
4.4197580930e-03
6.9974481567e-03
-3.0272101091e-03
-2.3186886032e-03
-7.1527554605e-03
3.7712495333e-02
-9.8417210519e-03
-5.3444271223e-03
1.3168657982e-04
-8.0812868919e-03
-2.6099571531e-03
-2.5923073038e-04
8.1698464907e-03
1.5457704787e-02
5.2336709699e-03
1.1250923184e-02
-7.6846053355e-04
8.3850349838e-03
5.3990920244e-03
-7.5299617313e-03
-1.4971525007e-03
-6.3091899778e-03
9.5677812673e-03
-1.0742243596e-02
5.0816583571e-03
1.5754550561e-02
-5.9594398422e-03
-1.1303319219e-02
-6.7668588623e-03
-2.4180896339e-03
4.2085801429e-03
-5.9163916571e-03
-5.3625938189e-04
-1.4988504678e-03
-8.3842383383e-03
1.2872225947e-02
-5.5686914611e-03
7.5353687261e-04
-3.5440097945e-03
-9.7263385177e-04
-5.4878054713e-03
-5.2796519454e-04
-8.5839641409e-03
-2.4015083047e-03
-5.6365780509e-03
-4.8350390671e-03
-9.1991844385e-03
1.3217540453e-02
2.8216543077e-03
-7.5895313365e-03
-1.6429145303e-03
-7.4060893219e-03
-5.0367448403e-03
-8.4237875347e-03
-9.2514802575e-03
-8.2371118060e-03
-3.7905273219e-03
1.1371240994e-02
-6.3153961628e-04
3.5177305715e-03
2.6131227821e-03
2.8863751945e-03
2.8068182372e-02
-4.3185735781e-04
-3.4731456016e-03
-7.8169931668e-03
-1.9791412976e-04
6.6569968916e-03
-5.2217675432e-03
-1.1529363811e-02
-9.9362097815e-03
9.2552082984e-03
1.1231695134e-03
-3.2505978489e-03
1.2691325188e-02
4.4339286951e-04
4.2497526090e-05
3.4990387395e-03
1.0360643658e-02
-5.7215420303e-03
3.2589864375e-03
-5.7843024573e-03
-3.5333508904e-03
-1.2080854700e-02
-1.3645608935e-02
-5.1337766124e-03
8.9636684664e-03
1.3640921874e-05
-3.1604822961e-03
7.9893011081e-03
-4.9961234156e-03
5.7923960341e-04
1.0689367195e-02
-2.9069074988e-03
-2.2121012673e-03
-3.2400627373e-03
3.0450193521e-03
9.2315945602e-03
1.3016656695e-02
-5.4146562145e-03
-8.1929766750e-04
-7.5406956054e-03
-1.9182365301e-03
-1.9174398820e-03
-7.4328542262e-03
-1.7133447596e-03
-6.1724672042e-03
-1.0814217304e-02
1.6305558084e-02
1.1054242061e-03
-2.7257114146e-03
2.0140800406e-03
1.2704055673e-02
-6.8895593687e-04
-2.4150364632e-03
1.0336326990e-02
5.8609367271e-03
1.7889068902e-02
-1.2164916912e-04
4.0623660275e-03
-6.4445963157e-04
-5.8974823707e-03
-1.3157061951e-03
7.3246560838e-03
7.4299738509e-03
-3.1612584831e-03
-3.9598273657e-03
-1.8316016616e-03
-9.7096682738e-03
-1.1993700735e-02
-4.2855205014e-03
-7.2024129160e-03
7.5306275755e-04
-1.7911820891e-04
-7.6441270638e-03
5.0166536757e-03
3.8519699883e-03
7.8319101679e-03
-2.1079978715e-03
1.1453490832e-02
-1.4305525029e-02
1.7858850346e-03
-1.0295813676e-03
-1.0825301198e-02
9.7791128074e-03
5.7652827934e-03
3.4332043851e-03
1.0189296041e-03
-3.3020205359e-03
-9.4231654545e-03
-6.8492152025e-03
1.3463723220e-02
-6.4125127626e-03
-1.3074188847e-02
4.2457573618e-03
3.5990978298e-03
1.7787173191e-03
4.7845855050e-03
-5.3729603831e-03
3.7414354427e-03
3.4155406221e-03
1.2225029046e-03
-3.2440898599e-03
-1.8863708360e-03
-1.2584835636e-02
-3.4407213020e-03
1.1490132901e-02
-1.2063075406e-03
4.3150482731e-03
-1.0309620618e-03
8.8321570576e-03
2.6952580021e-02
9.0355017746e-03
-5.1734793726e-03
7.1928636436e-03
6.3804548953e-03
-1.9255572651e-03
-4.8436452528e-03
7.3558030972e-04
4.2022428555e-03
-7.0073368502e-03
3.0356854832e-03
-3.8898172367e-03
1.2293027149e-02
2.6673511182e-03
9.9623652869e-03
-3.9453951905e-04
6.4027016466e-03
6.2879006708e-03
-6.6740486630e-03
2.0418088421e-03
-1.0855172900e-02
-5.9983959452e-03
-5.9311523772e-03
8.3115809298e-03
5.3660143434e-04
-2.9447675905e-05
1.8534907482e-03
5.6829484073e-04
2.7163594361e-03
-1.7046752743e-03
-2.8506205120e-03
7.4893901301e-04
-2.6976506788e-03
2.2609066864e-03
-4.6987771386e-03
4.3311826305e-03
-9.5449108357e-03
-8.4430310920e-03
8.4690306541e-03
-8.1365339709e-03
-5.6695823500e-03
1.8133554871e-02
-1.0993642449e-02
-2.2839908229e-04
-1.3142863866e-03
-1.7159957004e-03
1.3238087911e-02
-2.3947161248e-03
7.6519518187e-03
4.2067363967e-03
-1.7519093958e-03
1.3878110253e-02
-4.7261360066e-03
-3.4277054717e-04
-6.3086222316e-03
2.4948482859e-03
4.7250240743e-03
5.5479088569e-03
-1.6469558636e-03
-4.1083737954e-03
1.8543592150e-02
1.3214482847e-03
1.5319421616e-02
-1.0847260505e-02
2.3893855686e-02
-7.3463022612e-03
1.4909599297e-02
1.7613143554e-02
-5.0344178304e-03
-7.9715841465e-03
3.0876006356e-03
4.7511331606e-03
8.4272759273e-03
2.0780674669e-03
-9.4289075155e-03
-7.0254623227e-03
2.3061546071e-03
1.1916320263e-02
1.1221719253e-03
-3.4737494530e-03
-3.8033817570e-03
-2.1729761576e-03
3.8385252975e-03
-5.7530533930e-03
4.5375529642e-03
-9.7752402046e-03
3.7099173448e-04
3.3463645630e-03
6.2790394299e-04
3.2685245632e-03
-8.2713087997e-03
-3.1239851284e-03
3.4627730228e-03
-7.3303552851e-03
1.1365015425e-03
1.5708580569e-02
1.1592318854e-03
1.2264853597e-02
1.5160199563e-03
-6.3395241998e-03
4.4087780088e-03
1.6526125896e-02
-3.3254115599e-03
9.9476519132e-03
1.1625821880e-03
-1.9574442495e-03
-7.2775800251e-03
-1.4662202922e-03
8.8775132451e-04
-3.0835158116e-03
4.1906608469e-04
1.7637205550e-02
1.0653366260e-02
-3.0384119839e-03
-1.8300394226e-03
-7.0920829365e-03
1.1635141732e-03
-8.5206763592e-03
9.9718591086e-03
2.9577402715e-05
4.2558081003e-03
2.5576689464e-03
1.4393337777e-02
-7.4241249418e-03
2.0947161156e-03
3.6491356600e-03
-8.2998276694e-03
2.2776606646e-03
4.6281046870e-03
-2.2781630865e-03
-6.9582522117e-03
1.4940153792e-03
3.6380060525e-04
7.2058057672e-03
-1.1871178587e-02
4.9484987229e-03
1.0564180596e-03
3.7310893045e-03
-4.6493704205e-03
-1.0864190897e-02
1.5678358709e-02
6.9178017327e-03
-2.0491319407e-03
7.9073734772e-03
-4.4613664526e-03
9.4019896258e-03
-6.9604040039e-03
9.4665502594e-03
-1.9134321557e-03
-7.2223005355e-03
-8.9550005180e-03
-2.3090451382e-03
-2.9033996470e-03
-6.9422646327e-03
2.4573664339e-02
2.2519587934e-03
2.7507424149e-03
-9.4080693867e-03
-1.5927707001e-03
1.2088841706e-02
1.2415229234e-03
7.2630967381e-03
-1.0374705261e-02
-7.8221487431e-04
-2.6535606626e-03
5.9520301670e-04
9.9812826734e-03
4.4419293332e-03
1.8719658426e-03
-6.0205367765e-03
7.4799123371e-03
-3.6200190862e-03
-4.2355419654e-03
2.6519267225e-02
-6.5530792661e-03
-1.8968470369e-03
-1.0447960658e-02
1.3665466016e-02
9.0298292722e-03
2.5372469993e-02
4.9266537293e-04
6.8728714182e-03
-6.5625081954e-03
-7.4051154910e-03
1.0815370961e-02
-2.8221987587e-03
9.4998134475e-03
-6.7268313307e-03
1.8674701471e-02
2.2774787314e-02
1.0987028339e-02
-3.9153468172e-03
-5.1263309313e-03
-1.4045819297e-03
-5.4578802585e-03
2.3340240448e-02
1.0241378258e-02
-6.2224636698e-03
-4.7708114222e-04
-2.3070513384e-03
-7.9140922841e-03
-1.7649103556e-03
-1.8145381835e-03
1.6068013226e-02
6.1602464214e-03
1.1343398838e-04
-6.8037016697e-04
-7.5096499227e-03
-6.5854580126e-03
-9.7187681071e-03
-4.7949052288e-03
2.0645954894e-03
-1.2356737833e-02
-4.1564305675e-03
-4.1561708217e-03
6.0424645402e-03
-1.0817566380e-02
1.0848850853e-02
-2.8400713557e-03
4.6890349717e-03
-6.6344909416e-03
4.8707030288e-03
7.2331211883e-03
1.0232675112e-04
-9.3831441415e-03
-5.1605971433e-03
4.8580154427e-03
-9.0854189021e-03
6.0550640109e-03
9.9721162966e-03
2.9280086085e-03
4.8410372572e-03
-2.6186358814e-03
1.8580687504e-03
-1.2297969144e-02
-9.2238249757e-03
-4.0938314871e-03
-7.6749969555e-03
9.0794196878e-03
-6.8685939145e-03
4.8359170760e-03
9.1854725712e-03
-6.9935056000e-03
4.6277476769e-03
9.9049508972e-04
1.4587955790e-03
-1.0129242259e-02
6.4893109587e-03
-3.6212813162e-03
-1.9721110707e-03
-3.0740645247e-03
2.4648634720e-03
-8.0724029430e-03
-4.4628672640e-03
-2.7904179295e-03
8.2311478446e-03
2.8569759803e-02
-4.0636305011e-03
-4.9445937264e-03
1.5923073881e-02
-4.8550358161e-03
-6.2947103581e-03
-1.1372815754e-03
-2.7115505356e-03
3.5606973339e-03
-3.3698974171e-03
1.5856334488e-03
9.7559796876e-03
-2.4433692464e-03
-9.1290512980e-03
3.1139396417e-03
-6.9499619271e-03
-4.8283824974e-03
1.5203305491e-02
2.8888158255e-04
-3.5212364623e-03
-3.4365904740e-03
9.3451854010e-03
6.2072091332e-03
-2.7243311647e-03
-5.1384736658e-03
5.2304835033e-03
1.0321036695e-02
1.7900301774e-03
-3.4815113494e-03
-1.3499972811e-03
1.0878773580e-02
3.7639440053e-03
-3.4364980548e-03
-3.3080953968e-03
-5.6654550789e-03
-6.5730029518e-04
-3.2830977581e-03
-4.0266843490e-03
-5.2066642926e-04
-1.2038460731e-03
1.1973858342e-03
2.5423163305e-03
-1.0796726922e-02
-2.0097459747e-04
-1.3248187383e-02
-2.3616072087e-03
-5.2710744190e-03
-2.7227689802e-03
-1.4137204890e-03
1.1530755840e-02
-8.5562473231e-03
-4.0798438776e-03
6.4136742747e-03
-7.8393370029e-03
6.9404283621e-04
1.6669450186e-03
6.6847040441e-03
-7.0131534106e-03
1.1526695044e-02
-8.9616543194e-03
-6.9749458013e-03
6.6925693227e-04
-4.0099907692e-03
-6.8558270879e-03
-7.8433010196e-03
-6.0246195430e-03
4.9832222828e-03
-5.0293210174e-03
8.6332924396e-03
-9.9430501783e-04
-2.5802825013e-03
-7.9921274179e-03
8.2741792530e-03
-4.0112527153e-03
-5.6848845717e-03
-2.0282854250e-03
-7.4499425508e-04
1.0637344613e-02
-6.0971032978e-03
-6.4174217619e-03
-6.8377058010e-03
-1.9257939105e-03
1.5505578972e-03
1.1895277997e-03
4.9617327894e-03
8.0896026195e-03
-6.9473006189e-03
-5.6102673859e-03
-4.8944368241e-03
-5.0871389548e-03
-8.0313750215e-03
3.4930709656e-03
-1.1661959139e-02
-3.7255236961e-03
4.7941166639e-04
6.4507254661e-03
-5.4454391250e-03
1.6924058154e-02
-7.2668074640e-03
-9.3726846476e-03
-3.2077040383e-03
-4.5930722425e-03
4.9912108554e-03
8.7860981372e-03
1.6112778668e-03
1.0451352933e-02
-3.7606207202e-03
-4.6766537120e-03
-7.4630666643e-03
1.0523536558e-02
-4.7054464395e-03
-4.9507413093e-03
1.3771970930e-02
-5.4845163429e-03
2.2587719925e-02
-6.8464778383e-03
-4.2635593628e-05
4.4429292374e-03
-1.2230556001e-02
1.8654545129e-03
-7.7114386292e-03
-7.0178736087e-03
3.2287316539e-03
-8.8790689334e-03
-5.2661019395e-03
-5.5962450581e-03
2.8142698937e-02
-1.8683542977e-03
-3.2847061201e-03
-9.9211956804e-03
-5.1006248245e-03
-2.8901365520e-03
-6.9567122823e-03
-3.4379672246e-03
-2.8932618830e-04
-8.4735219418e-03
-1.3959554334e-03
-7.0563153870e-03
-5.0524393076e-03
-5.8802520019e-04
-5.3034640653e-03
-6.6120219986e-03
4.4430957841e-03
-2.5580483612e-03
-2.6665401767e-03
8.5312200130e-03
-4.4847807374e-03
7.5506266382e-03
-3.5518470604e-03
2.8907090833e-03
-4.5513263889e-03
3.5378094757e-03
2.0046364343e-03
-3.9808414490e-03
6.2664345207e-03
4.9186316078e-03
6.9419602196e-03
3.3190273394e-03
4.5601771496e-03
-1.1737611524e-03
1.5419225960e-03
-6.1908167743e-03
1.7569072537e-02
-1.7861980749e-03
9.5966653439e-03
1.4853747604e-03
-5.2929245880e-03
-5.0003193107e-03
1.4369894503e-03
-8.7761458874e-03
8.1094520424e-03
-7.2174361236e-03
-3.2036126874e-03
-6.3983810956e-03
5.5417118560e-03
-8.0160545858e-03
-3.3818965342e-03
6.2845504619e-03
1.3157853391e-02
-5.9637749861e-03
-1.6463577719e-03
1.7441099582e-03
4.8776364781e-03
-5.5318543160e-05
2.6718263260e-03
9.8002114401e-04
3.3913852368e-03
3.5857879021e-03
-2.5848789820e-03
-6.0792714890e-03
8.1365810856e-03
6.8804609901e-03
-2.8998973845e-03
1.1798303600e-02
-5.7029103313e-03
-7.9335915228e-03
9.8786023117e-03
-4.5176175247e-03
3.2774207748e-03
2.2792188344e-04
-1.9343371499e-03
-1.4966027733e-03
-7.3940032484e-03
1.6464910175e-02
-3.1129137171e-03
1.6456887997e-03
4.3184101921e-03
-3.4032689192e-03
3.1136646216e-03
4.7940117992e-03
-3.2956498979e-03
-8.1872865224e-03
-3.3885662483e-03
-2.5002725198e-03
-1.2015247412e-02
-2.8390068868e-03
2.2942898491e-03
-2.9453154270e-03
1.1709255697e-02
-2.9874527447e-04
3.8964130911e-03
-4.5545841901e-03
-5.4839635225e-03
9.0531452453e-04
4.8464693932e-03
-7.8846301181e-03
8.0765664503e-03
-2.6745937005e-04
-2.5312049033e-03
-4.5295302397e-03
7.8278574240e-04
-2.8161115949e-04
8.4412824822e-03
1.1670561571e-02
-3.4445281771e-03
-7.2297781746e-03
-2.7702245476e-04
5.6988250337e-03
-6.5705617661e-03
3.6953055800e-03
1.6530244145e-03
8.7548305002e-04
-4.0717251838e-03
-6.7775657617e-03
-3.2686815609e-03
8.3256498805e-03
1.5525588683e-03
-3.7060871717e-03
1.0787501343e-02
-1.0934081647e-02
-1.0839307999e-02
6.3517194512e-03
7.8100278033e-03
-3.9388494154e-03
3.5259714358e-03
5.3570592060e-03
1.2346793297e-02
-1.5071637728e-03
1.7694597984e-02
7.2001737472e-03
-4.3336941631e-04
2.9791794003e-03
-9.6732012866e-03
-2.2742486685e-03
-5.4204402486e-03
1.4120920635e-03
-4.0419688999e-03
-6.0190110105e-03
3.9178028889e-03
-5.0350800359e-03
-7.9963119987e-03
-3.6004700022e-03
3.9946976829e-03
-2.2135125247e-03
1.0548166755e-02
1.3848463579e-02
-4.2190864050e-03
8.7910077782e-03
9.2507773697e-03
6.3019385733e-03
-7.0296178690e-03
8.1392713355e-03
-6.1961424756e-03
-3.3154852466e-03
1.7282985380e-02
1.8107660127e-03
7.1006882465e-03
-4.4464012689e-03
1.3843928381e-02
-5.8441603602e-03
1.5595637859e-03
-1.7242876793e-03
-3.8700905141e-03
-1.7502094095e-03
-1.1970276405e-02
1.0406356585e-02
1.3167093088e-02
5.2192670872e-03
1.2898238283e-02
2.5063365967e-03
3.4284763416e-03
1.1260143448e-04
1.2489702928e-02
-1.3971423464e-03
-3.2777496848e-03
-8.8140701110e-03
1.5777231181e-04
-3.0774195401e-03
1.6339326980e-02
7.9920003098e-04
-8.5181294586e-03
2.8009460638e-03
9.7918459595e-03
-4.7974932718e-03
2.0035065313e-03
6.1078913088e-03
-8.0123387685e-03
-2.6208879655e-03
-9.5916454458e-04
-8.7277852405e-03
7.1843112627e-03
-9.0993495439e-03
-6.7573427169e-03
4.5771617688e-03
8.0126511899e-03
2.6277529725e-03
-8.1861350552e-03
1.3151305090e-02
7.3396957621e-03
3.0795801692e-03
1.7114373786e-03
2.0026523361e-02
6.6085104354e-03
-1.4928831006e-03
-5.9915101229e-03
-2.8996797439e-03
-2.3613458155e-03
6.5565368079e-03
1.4347544597e-02
-1.6194896741e-03
-1.0663111649e-03
2.4604468988e-03
1.1710673239e-03
9.1627996921e-03
-4.8678062151e-03
-1.7170101574e-03
-9.4633356682e-03
-8.8204328025e-03
4.3172730548e-03
-2.4442929441e-03
9.8458788188e-03
-7.2097656605e-03
1.1612908501e-03
2.8943747381e-03
1.0747243504e-02
-7.4809791090e-03
4.1051219540e-03
-6.2909180690e-03
6.7840010121e-03
8.5571504303e-03
2.0710027784e-03
2.1822924780e-03
6.7633394000e-04
-6.0940495289e-03
4.1408563639e-03
-4.5334704181e-03
-3.1782820666e-03
-7.6117341947e-03
1.7346348839e-03
4.8558114563e-03
-1.3141004542e-02
-1.0236026355e-03
-1.2989144174e-02
6.7198258049e-03
-4.2503990866e-03
1.2340776981e-02
-1.0611866659e-02
-1.2543514264e-03
-4.4827819763e-03
-1.8567186195e-03
2.7584785287e-03
-4.0966767613e-04
-5.6615756689e-03
-7.3718638187e-03
-9.5012829782e-03
-5.9051519095e-03
2.6946025814e-03
1.2028573946e-02
-1.1080377402e-02
1.1331030471e-02
4.0397169161e-03
-8.0238369368e-03
5.3126753271e-03
1.0120385277e-03
1.7984712255e-03
2.2464129917e-03
3.2873743950e-03
1.6400449974e-02
-6.5492783304e-03
-7.4746205240e-03
-1.3863455274e-02
7.8728559220e-03
-1.1466948442e-02
7.4086039162e-03
6.4950752770e-04
3.0994853981e-03
-2.4915123231e-03
-1.4500638960e-03
-5.8667749221e-03
-6.9713873645e-03
-1.0846681690e-02
3.6525121972e-03
-5.3747119499e-03
-7.0351010690e-03
-4.7867527434e-03
-1.1019333593e-03
1.2737213263e-04
-6.6241899559e-04
1.8821171565e-03
1.0777596413e-03
9.1690980574e-04
-3.1192231940e-04
1.6132872193e-02
-4.8933953491e-03
8.1867991650e-03
-7.2020128936e-04
-1.1428095221e-02
-1.0384423656e-02
2.4933319767e-03
-3.5728602706e-04
-4.6312182858e-04
7.8425905680e-03
8.2786564716e-03
5.9583369220e-03
-2.7110638186e-03
-6.5179214934e-04
3.3104073864e-03
-5.7860888421e-03
2.3533478613e-02
2.3412819840e-03
-2.5158001727e-03
1.8143266899e-03
4.8408879046e-03
-1.4787904893e-03
-4.3871236930e-03
-4.4975949742e-04
2.6793821855e-03
-9.1089169335e-03
2.0330678900e-03
8.3053079027e-03
-8.7611161936e-03
-3.2369942334e-03
1.6766627626e-03
-3.1967816901e-03
5.1109083429e-03
-9.0846047399e-03
-3.5702296845e-03
-4.9334977315e-03
-4.3278236050e-03
-3.7572637258e-03
1.1099533404e-02
-3.7107912696e-03
1.1742507167e-02
-1.5562555842e-03
-1.0606088369e-02
-7.9435721067e-03
6.6973182755e-03
-1.0723778409e-02
-3.9529964230e-03
1.7652734583e-02
4.8786148111e-03
1.1434818284e-02
5.2435876247e-03
1.0962052713e-02
-2.3606468412e-03
-6.0181279767e-03
-4.4748087598e-04
-1.1656794387e-02
5.0411604116e-03
9.6535492205e-03
3.2227220111e-05
-1.5185067732e-03
1.5790227642e-02
2.4712757218e-02
-3.2822163846e-03
-1.0379550813e-03
-2.0728511104e-03
1.0786568878e-02
1.2563668919e-02
-2.0197093560e-03
-1.5764713596e-03
2.8465202536e-04
1.5617952934e-02
-7.4352151811e-03
4.1126721943e-03
5.6168085714e-03
-6.1011341389e-03
-5.0618029560e-03
-1.0074894857e-02
-3.2633503915e-03
8.3266757525e-03
-5.1225364800e-03
-8.3128722171e-03
2.5406049065e-03
-7.2582057269e-03
-4.8544953884e-03
1.6283298098e-02
5.2692109313e-03
-1.0731268587e-02
-5.8532891889e-03
1.0468605122e-02
6.9367354986e-04
1.1540210907e-02
-7.2436382024e-03
1.5752941436e-03
-7.6917185421e-03
1.1531970829e-02
6.0063920360e-03
-3.6566627114e-03
-4.6912307215e-03
-2.3005811383e-03
-1.2028958342e-02
-5.5055006312e-03
-7.7371381816e-04
6.7873993889e-04
7.1919161616e-04
-5.5779333769e-03
2.9217548917e-04
-5.2157438869e-03
-7.4779563277e-03
6.9466936378e-03
5.9254399517e-03
9.3666858234e-03
-3.2836586365e-03
-6.7888879842e-03
-1.0506961745e-03
1.0788574425e-02
-6.0432867730e-03
-5.9903021462e-03
-3.3012215114e-03
1.5994178546e-03
5.5893624840e-03
-3.8703690908e-03
-3.5985303618e-03
-1.5282905225e-03
-5.2858217540e-03
-9.3605806814e-03
-2.0001779073e-04
-4.1325831260e-03
-5.2843723859e-03
-3.7315588236e-03
1.1413311134e-02
1.3771085456e-02
1.2336821456e-02
2.2820881111e-03
-1.2058279213e-02
7.3782729957e-04
8.8048286366e-04
-7.6721887408e-03
-1.2771486115e-02
9.4281862202e-05
3.6524544613e-03
2.7427799422e-03
-3.1105800161e-03
-1.0909899542e-02
-3.1208945759e-03
1.6825021847e-03
-2.7779286316e-03
8.1492927369e-03
8.3425677639e-03
2.4489414396e-03
-6.9090874141e-03
-8.1220803751e-03
-4.1602518571e-04
1.6272688105e-02
6.7690107682e-03
9.7463928561e-03
1.1937007637e-02
-9.9319992445e-03
-3.8006563966e-03
7.1970125708e-03
-1.0405528668e-02
1.7809191013e-03
-3.5405854969e-03
-6.7630660921e-03
5.7669140479e-03
-7.6763973205e-03
-5.1035739490e-03
3.8799245182e-03
-4.9287520770e-03
-1.0289864626e-02
-1.4339776935e-03
1.1043142177e-02
2.4416459428e-03
2.3950097915e-02
2.3549488964e-04
-8.4292668061e-03
-1.0073767098e-03
1.1431426723e-04
4.8727132353e-03
-2.7713240014e-03
-1.4239891807e-02
-2.1105910279e-03
-3.8241154813e-03
1.1915392572e-02
1.8645492397e-04
5.7761389907e-04
-1.1271123423e-03
2.1047468430e-04
1.5955681783e-02
1.1703143758e-02
-7.2183508750e-03
-1.2793584454e-03
8.8777201750e-03
-1.2791221926e-03
-7.1292710803e-03
-2.5344531721e-03
-9.3669377413e-04
-1.9989248652e-03
-2.7390230347e-03
2.9595239945e-03
7.3428925336e-03
-7.0281882305e-03
-3.0132715802e-03
-9.4827229061e-03
1.5179702364e-03
7.5946127819e-03
-6.4820438888e-03
1.0453808754e-02
-7.9386663215e-03
-6.9429345421e-03
-4.2600907219e-04
5.1251976041e-04
-2.9059093130e-03
-4.9325011813e-03
3.9534867870e-03
-7.5868059534e-03
-6.2884450182e-03
-9.3636623745e-03
2.3458113693e-02
8.2492460999e-03
6.1493820000e-04
2.3285485940e-03
1.1395077361e-02
-3.5628970184e-04
-8.6879603462e-03
7.6715203792e-03
1.6361656819e-02
-5.2104227405e-05
6.6486734726e-03
-7.7130389940e-03
8.7925989879e-03
-9.0512881320e-03
-9.4798036828e-03
-6.5767217300e-03
4.0182419018e-03
-3.3322559919e-03
-1.1437983189e-02
-5.7415959950e-03
1.1296102584e-02
2.0619673313e-03
-8.2819917413e-03
-5.8104261492e-03
8.7054795757e-04
-6.9008874976e-03
-2.4831532597e-03
5.2010326158e-03
-5.1780884469e-04
8.9098236070e-03
-6.6279752508e-04
7.3779543500e-03
5.0161544899e-03
6.0062661020e-03
-3.5167484380e-03
-1.7882415633e-03
-7.2603735478e-03
-4.6937323693e-03
-1.0899195800e-02
9.7944023578e-03
-5.4757725856e-03
3.6211206471e-03
-1.8296050073e-03
2.0679077278e-03
6.3376576878e-03
2.4255286668e-03
1.3245142867e-02
-7.5373605372e-03
1.8070039961e-03
1.0639101087e-03
-7.0117669402e-03
1.1727889639e-02
-8.1405277843e-03
-7.5763240531e-04
-5.6087930907e-03
-4.0558330043e-03
5.9683285101e-03
-5.1048565591e-03
-9.4719121978e-03
2.0768396378e-03
-6.4256656777e-04
-5.5423850906e-03
3.2871410721e-03
2.4978010308e-03
6.4599629538e-03
1.3624111407e-02
-4.3434631848e-03
-3.4720191887e-03
2.0624756191e-03
7.4488703284e-03
-8.5313780474e-03
7.0010162238e-03
8.3774900299e-03
-3.5222761336e-03
-3.9817364155e-03
-6.4099031465e-03
-5.5381891123e-03
-4.0782366275e-03
9.2863063224e-03
1.1024534435e-02
-7.6765783735e-03
2.0311181505e-03
1.4220246626e-02
-1.7451409677e-03
8.4276773321e-03
-1.3752559949e-03
-3.1252864072e-03
5.7904331564e-03
-2.1521399140e-03
7.3621863927e-03
-3.4039636117e-03
8.6860297226e-03
-1.8247810946e-03
1.4078652759e-02
4.7246203221e-03
-1.0147853445e-02
6.9950673447e-03
1.4192957840e-02
-7.3574690729e-03
-4.9412792102e-03
3.0545157758e-04
-6.5779522456e-03
6.5658920010e-03
-8.3353569246e-03
1.1116776564e-02
2.3237577296e-03
-6.1693184626e-03
6.6344418458e-03
-3.0156142108e-03
1.4277505415e-02
-7.4599922506e-03
2.3115609916e-03
-2.8276757192e-04
-2.2385656742e-03
-4.6388250737e-03
-2.9433167151e-03
-7.1933124240e-03
3.4559552473e-04
-3.0240298081e-03
2.9241734307e-03
-7.4318624771e-03
3.4882659285e-03
-6.4579413532e-03
-7.9353438767e-03
9.8141357475e-03
-6.9014511286e-03
2.2301788197e-03
2.3460212830e-03
2.5975315330e-03
2.2059382733e-03
-5.6418961507e-04
-1.2253569630e-02
-1.4527309239e-03
-2.6308503270e-03
1.8994761033e-02
-1.6560908726e-03
6.2986678486e-03
7.7357113030e-03
-9.3394965350e-03
8.2433053724e-03
-1.0373032968e-02
4.3241314016e-03
-9.6602200012e-03
-3.3945650340e-03
-1.3176544356e-02
2.0765835579e-02
-2.7000460942e-04
3.6180940458e-03
-3.2932567519e-03
1.0396264031e-03
-4.2682654786e-03
-3.7399685050e-03
1.8968431444e-03
1.3037287419e-02
3.3108651477e-03
-7.2555480289e-03
1.3869737857e-02
-2.2021433677e-03
5.4172016260e-04
7.1794313351e-03
-5.4307705180e-03
2.5661108188e-02
-9.7489802660e-04
1.5576485321e-02
-2.8798693878e-04
5.3548184683e-03
-5.6978399596e-04
-1.4937192753e-03
-6.4459504357e-03
1.4412883759e-03
3.9985958943e-03
-9.4803517996e-05
-1.4521772759e-02
-5.3866084921e-03
7.8706898677e-03
-3.0993838332e-03
6.3082264496e-03
-4.4839272790e-03
-7.0807562337e-03
2.2815754907e-03
-2.0016836831e-03
-5.3260040400e-03
1.2438188873e-02
1.1811997369e-02
1.2182021830e-02
-4.9564442640e-03
-5.6140597865e-03
1.3280638579e-03
5.4150093019e-03
1.1285447287e-02
-1.1427837809e-02
4.9675399585e-03
-3.0265300706e-04
-5.5475744081e-03
2.0663226412e-03
3.0922082537e-03
3.3307389056e-03
2.0327924784e-02
1.5692652915e-02
1.0967675367e-02
2.4100670536e-02
7.7661729749e-03
-6.7455252759e-03
2.2490974897e-03
1.6984031587e-03
3.9154330362e-03
-1.0627504859e-03
-6.9329842338e-03
-5.2861869549e-03
-1.2550571292e-04
-7.6329460777e-03
-6.9076269804e-03
-4.2108146605e-03
-2.0661401166e-03
1.5320589464e-02
2.8289733943e-03
8.2665745196e-04
5.9044650023e-03
-1.2855914185e-02
-3.0689107014e-03
-3.1642069305e-03
-4.2859246347e-03
6.7098040547e-03
2.5344453182e-03
8.6840876737e-03
-6.7501573467e-03
6.5060140928e-03
6.2268640606e-03
-1.1844732575e-03
1.5430593068e-02
-2.4145025159e-03
-8.4815439643e-03
2.5541835502e-02
4.8729852781e-03
1.2397976481e-02
1.1499037174e-02
1.5539040436e-02
6.4112984385e-03
1.8246048383e-03
-8.8167030333e-03
9.1272749825e-03
5.2267864243e-03
-3.1905592232e-03
-1.3385017140e-02
-5.2906112985e-03
4.6488274005e-03
6.3018675846e-03
3.7128766049e-03
-1.6599258535e-03
1.1762079129e-02
8.2193395699e-03
1.5207555999e-02
-9.4760500997e-03
-6.8738548623e-03
-6.0398863498e-03
-7.0934448063e-03
5.4655430510e-03
-4.3960817573e-03
-4.6589064503e-03
5.7133755107e-03
-1.3209649623e-03
-2.8281284731e-03
5.9088822264e-04
5.0631208526e-04
-1.3663743871e-03
-8.8685108705e-04
-5.0138110719e-04
1.5073648540e-02
-4.2930930163e-03
-3.1608353948e-03
9.1421794549e-03
2.0200760009e-03
1.0724121563e-02
-6.4856236176e-03
1.7607548025e-02
-9.3633311798e-03
-3.2383933236e-03
-6.5593244835e-04
1.7127128241e-02
-5.4072450566e-03
1.0247968592e-02
-6.5783562555e-03
-8.7184042490e-03
6.1192795839e-03
2.2599885751e-04
-2.3355990581e-04
1.5978858170e-03
-2.9644190112e-03
-9.5322410832e-03
-1.9662029751e-03
-3.7897987200e-03
-1.0459095295e-02
-2.0005862335e-03
1.1084174295e-02
-8.3411389376e-03
2.4086128116e-02
1.5052502557e-03
2.4723097899e-02
-7.4661978534e-03
1.7890108701e-02
3.3635146685e-03
2.1656194768e-02
-7.6706252684e-03
3.5019118343e-03
-1.4400673736e-03
-3.8502536084e-03
-3.7636505897e-04
-4.6256963446e-05
-1.3202451101e-02
-4.4744435540e-03
-3.5240441035e-03
8.9435492275e-03
-2.6230317255e-03
-2.3292487868e-04
-1.6327532086e-03
-3.3168287932e-03
1.4507553555e-02
-6.2481727293e-03
-1.1877351677e-03
1.5725684680e-03
-3.7736458631e-04
-5.3306046730e-03
1.7676204590e-02
4.7830532694e-04
-2.5980370145e-03
-9.6998267146e-03
3.4281745527e-04
-2.4688974315e-03
1.4531742594e-02
2.3989045198e-03
1.8623062710e-02
-5.9451536494e-03
-8.6995578971e-03
-3.3553204505e-03
1.2014245440e-02
-6.6900827582e-03
7.3234024565e-03
1.4530416702e-02
-7.0458193074e-04
1.1296238942e-03
1.5978198337e-02
6.9567006138e-03
6.0349342743e-03
-1.8284855194e-03
-2.0995077739e-03
4.9452518339e-04
1.3889004055e-02
-2.5246614062e-03
1.5799138148e-02
1.0629320278e-04
-5.4219864036e-03
1.0067930343e-02
6.4011372067e-03
-8.3410875179e-03
6.1989778375e-03
-2.3338119843e-03
-1.5061758083e-04
6.1699107558e-04
-7.9480228927e-03
2.1650906919e-04
1.3103195853e-03
-6.1836993212e-03
-1.1520046825e-02
4.5488022073e-03
-9.3694782203e-03
-1.0442540665e-03
7.8628708682e-03
4.5182913720e-03
6.8190551827e-03
-8.2291173510e-04
-6.8656049569e-03
9.4321736123e-03
-4.2861495642e-03
-1.2174657580e-03
-8.7651684534e-03
-9.5389753493e-03
1.6659151615e-03
-4.7281659958e-03
-1.2983288241e-03
-7.6242980322e-03
-4.3643025468e-04
-2.0406367664e-03
9.0928187129e-03
-1.1093650563e-02
-2.4014495509e-03
-9.8143734956e-03
1.1155003558e-02
-6.9833825913e-04
-8.8464872902e-03
2.1373228083e-03
4.9587893702e-03
-1.0194727664e-03
-4.8077534314e-03
8.1098505290e-03
-6.5538206634e-03
-6.0955114895e-03
-3.1657914466e-03
2.7566344057e-03
8.7760680099e-04
-8.7752859947e-03
-1.4460632939e-04
-1.3491434641e-03
1.0511614842e-03
5.6406674515e-03
-6.6915982591e-03
2.6775188168e-05
-1.1512676539e-03
-9.6175347424e-03
9.4109624582e-03
-5.6929155518e-03
-4.0029841127e-03
-7.3108619803e-03
-1.4232765361e-02
-2.9651787052e-03
-1.0136821210e-02
9.8891552699e-03
-3.2150675490e-03
-9.2599598170e-03
-9.8554628374e-03
6.1593260018e-03
-5.9217777293e-03
2.1620896748e-02
6.9062915908e-03
-4.6055118333e-03
2.4081384127e-03
1.3019534278e-02
2.1171564577e-03
8.8379778507e-03
2.1484167331e-02
4.8252829390e-03
-4.6139692795e-03
-2.8648367083e-03
2.5508066922e-03
-1.2381057310e-02
-1.5801492298e-03
-5.8626402348e-03
-9.4882842904e-03
-6.7245587028e-03
-8.5711122634e-04
-8.9023060602e-03
2.0003246000e-03
-5.3049109050e-03
-5.7806570814e-03
1.2477200573e-02
1.9540173314e-03
-1.4173997285e-04
3.7568112346e-03
6.6500653127e-03
1.4333417666e-03
-2.5232293309e-03
-5.7390277324e-03
-1.8970016633e-03
1.8614137061e-02
-6.7877790241e-03
1.3156636855e-03
-5.2069108174e-04
2.8353075240e-04
4.2955022442e-03
-3.2698344077e-03
3.8821063893e-03
-3.0224518351e-03
-4.8150476487e-03
-1.0833909260e-02
2.6180329975e-03
-8.4835240928e-03
-5.7329263470e-04
-5.5745290845e-04
-6.5055697001e-03
-7.3820777665e-04
4.3169898564e-03
-4.2709298620e-03
-7.9888347823e-03
2.4380585433e-03
5.3200669885e-03
2.2050917682e-03
3.5930311645e-04
6.2217730306e-03
-1.1626562035e-02
-1.0199722233e-02
7.5412129144e-03
4.9280291681e-03
1.3303841013e-02
-1.3631655519e-02
6.2823706755e-03
-5.5575689349e-03
1.3788297398e-02
-8.7816715745e-03
-1.1159171221e-02
-1.1602397894e-02
-2.5219249264e-03
3.9954097134e-03
1.2721737753e-02
-3.8130986358e-03
-1.2070732321e-03
4.3549877368e-03
-9.3875630417e-04
2.1751361821e-03
-7.2980716209e-03
7.5456671017e-04
-6.8587773648e-03
8.5443628886e-03
1.5177285782e-02
-8.4444791563e-03
4.3443420387e-03
4.6762175369e-03
2.4557423507e-03
6.7860827486e-03
-7.9810399428e-03
-1.0635906274e-02
-2.2538221108e-03
-6.1619914713e-03
-9.3983848157e-03
-5.7184745549e-04
-1.1242573303e-03
-1.2350412023e-02
3.0214697296e-03
-2.9351484220e-03
6.3185588375e-04
-4.1603808621e-03
-8.3392641440e-03
4.0270789592e-04
-1.4394394325e-03
2.8659250460e-03
3.3921166646e-03
-3.6155773279e-03
5.5657430863e-03
-5.7287960904e-03
-8.7193854583e-03
1.2416984005e-02
5.7998095525e-03
-2.7970044383e-03
8.4804722063e-03
1.2927817983e-03
3.7450332638e-05
-3.5067372844e-04
3.8998446684e-03
-1.0611279126e-02
-7.1895191743e-03
-1.0643408089e-02
-8.9812069505e-03
-6.0584668629e-03
-6.4271506107e-03
-5.1992394212e-05
1.0924928801e-03
-1.2029437885e-02
6.9755591815e-03
1.3413680459e-03
-1.1183680864e-02
2.8768821207e-03
-7.9213644012e-03
4.9244633639e-03
-5.4437911433e-03
3.9092239491e-03
-8.6351460509e-03
1.0470572474e-03
-2.3496617169e-03
7.5572690089e-04
-4.8321194167e-03
-6.9261747792e-03
-7.7602923831e-03
-1.0706180587e-02
2.2876078680e-02
2.1292378363e-02
-6.7460303867e-03
3.0673424234e-03
6.2144164022e-03
2.8376664850e-03
6.4494782862e-03
3.9269969802e-03
-4.9540735456e-03
7.7411053343e-03
2.9414815245e-03
1.3123378578e-02
-5.1758378074e-03
-4.4580457234e-03
-9.3454963817e-04
5.9119244756e-03
-6.4140463187e-04
7.8196117423e-04
1.1390653153e-02
-5.2548611628e-03
-8.4910235498e-04
-1.2667812079e-03
1.5568203833e-03
-2.2625180602e-03
5.5337517170e-03
7.0114955888e-03
1.1357325946e-02
-7.5288439649e-03
1.0897226858e-03
-6.5080247796e-03
-5.1041117126e-04
1.2474930341e-02
6.2366441948e-03
4.7029072140e-05
-8.4661325712e-03
-1.2306427824e-03
-2.7092484824e-03
-2.6915375081e-03
2.0754053995e-03
7.6779749991e-03
1.6277942407e-03
1.7533522173e-03
3.3293525946e-03
-1.5742982611e-03
-2.3872382396e-03
1.1366610039e-02
-9.0884543350e-03
-8.8565245430e-03
4.4142085598e-03
8.5279467214e-03
-2.0437519431e-03
-5.1711339693e-03
-7.5927462916e-03
-5.3635704790e-03
-4.8676252755e-03
2.0073913411e-02
9.7182842208e-03
-3.0002861507e-03
1.3824056794e-03
-3.8864233034e-03
7.8447279352e-03
-7.9578706603e-03
5.4216981313e-03
3.7526179003e-02
1.3254873918e-02
-7.3669827761e-03
2.1963149895e-03
2.1068569734e-03
2.5146737702e-03
-1.2613060794e-02
6.4479840444e-03
-4.7396898231e-03
8.1999086029e-03
1.8809964483e-03
-2.8384858627e-03
6.8935915898e-04
1.0546871520e-02
1.0640215395e-02
5.3952754581e-04
-3.1081751677e-03
6.2741440122e-03
-3.2564102817e-04
-5.5414827042e-03
-3.8116034802e-03
9.5997788418e-03
5.0707648073e-03
1.4528655228e-03
1.8234064946e-02
2.1405290980e-02
-3.7731941522e-03
-4.2842450805e-03
2.2798758352e-02
7.2183395735e-03
-4.0661045072e-03
-7.1161833785e-03
-6.8339410583e-03
-5.2587873818e-03
-9.0166291049e-03
-1.0863414478e-03
3.6989768567e-03
-1.4542599528e-03
-1.0623546863e-02
5.2771747268e-03
-4.9843675810e-04
2.0535784574e-02
1.8705689760e-02
-9.1158914042e-03
9.1354692892e-03
-4.3061152057e-04
-4.7459692923e-03
1.3408175781e-02
7.3696218689e-03
2.7684977334e-02
6.2337170566e-03
4.8416164681e-03
6.1922233061e-03
-3.2810898429e-03
-6.6848973009e-03
-7.3542445014e-03
-1.3163494851e-03
-9.0372979114e-03
4.6309670916e-03
-7.8141108683e-03
1.0602982719e-02
2.8426172701e-03
1.8285255674e-02
-7.5049510009e-03
-6.6223195678e-03
-2.0184701166e-03
6.9053947050e-03
-5.8592320973e-03
2.4479922909e-02
-1.0107998953e-02
-3.1095030076e-03
-8.4759438376e-03
-1.3118544925e-03
1.5436206152e-03
-9.3294947499e-03
-3.5184236674e-04
-8.6367305400e-03
-9.0078848371e-03
-4.1245829215e-03
-7.4547703915e-03
-1.3705297204e-03
3.3808224716e-03
2.5771430827e-03
4.5036076464e-03
-4.4630415775e-03
2.0900593610e-03
-1.5438189109e-03
-7.1649244360e-03
-5.5286336294e-03
-9.8137950392e-04
-6.2071232878e-03
8.2225641757e-03
-2.7958819209e-03
1.8112048104e-02
1.7704386673e-03
-2.0106413572e-03
9.8230707646e-04
-1.0023734064e-02
-5.9524260969e-03
4.7371646589e-03
-1.9466631647e-03
3.6564724483e-04
-3.8461654265e-03
2.1351370104e-02
9.5122605208e-04
-5.9448131167e-03
2.0377963796e-02
1.3073341517e-03
-8.9979765830e-03
-1.4135822552e-03
-9.6409212966e-03
-8.2594544527e-03
5.3038774901e-03
-4.2997885873e-03
2.8693714387e-03
-8.7823036732e-03
-8.4074623013e-03
1.9919468240e-04
6.8960222120e-03
5.2642302099e-03
-9.6450950714e-03
2.2970126499e-02
1.4069310961e-03
3.6545584989e-02
-7.1298506864e-03
2.4097325702e-02
6.9725445000e-03
1.5608290332e-02
-5.8356020835e-03
4.6839439027e-03
4.3453190233e-03
-4.0058127324e-03
2.0564917185e-02
-4.8253082338e-03
-1.2233374972e-03
7.2459191779e-03
9.5778491500e-03
3.8218299885e-05
-4.2609515452e-04
-1.5208730432e-03
1.5008524122e-02
1.4545992241e-02
1.1721418823e-02
4.4159000831e-03
5.3208852051e-03
-6.0036731298e-03
-3.5642609828e-03
-5.0590871999e-03
-5.1246244812e-03
1.4205367286e-03
8.0936788124e-03
-7.8952528979e-03
9.1662254034e-03
-7.6067232010e-03
-3.2240495115e-03
1.8397074939e-02
-5.9471264811e-03
5.9162860794e-03
-1.4987472586e-04
-2.1622154974e-03
1.4920759667e-02
-2.8133953327e-03
-1.5118906755e-02
7.1414060175e-03
1.0228086044e-03
-3.5523462581e-03
1.0969976641e-02
2.1096141947e-03
4.6623145401e-03
-1.8279970897e-03
1.1448198754e-04
-7.8805410182e-03
-8.1629410468e-05
-3.6947774464e-03
-5.6007417577e-03
2.7895537560e-03
2.5070168838e-03
4.1406279046e-03
-1.5743031754e-03
-3.4851870748e-03
1.8701435393e-02
-4.1665895053e-03
-6.8822237541e-03
5.7914297000e-03
4.0311571981e-05
8.8545397463e-03
1.9308063771e-03
-8.5657579164e-03
1.1206083652e-03
-8.6832253379e-03
-1.2558388232e-03
3.5541935415e-03
-5.7813856006e-03
-5.8490760595e-03
-2.3911152168e-03
-5.9619260198e-03
2.1034134726e-03
1.4006557399e-03
-7.9904341214e-03
5.6931567284e-04
-8.4142044939e-03
-6.6954746577e-04
1.0239462271e-02
5.6384934823e-03
4.6170105324e-03
3.2741809751e-03
1.3995977227e-03
-7.5566581648e-03
1.6149307276e-02
6.7196891062e-03
1.6150981328e-02
-3.9310721493e-03
2.4029365905e-03
-4.0952850455e-03
6.5478163524e-03
3.1664766537e-03
-5.2687255693e-03
-5.1358505766e-03
-1.3752982157e-03
6.4906810835e-03
-4.3469373554e-03
5.7484370386e-03
5.4975635830e-03
-1.1236176237e-02
-3.4014145079e-03
-6.2284769258e-03
-6.9540679747e-03
1.7137367592e-03
6.5698601433e-04
-9.3849058252e-03
-3.8684623150e-05
-1.1152300037e-03
-1.1340035830e-02
-5.1994758354e-03
1.0388892483e-02
-1.8771746515e-03
-4.7594435920e-03
1.9761793885e-02
-5.6710162079e-03
3.7830059409e-03
7.2775331464e-03
-9.2007614667e-03
4.0420329589e-04
3.1646265815e-04
1.0204955341e-02
-3.6663503042e-03
-8.1323541641e-03
-3.9628917715e-03
2.1628773834e-02
1.3298045520e-02
-6.4305429825e-03
-3.0368056565e-04
1.3711708121e-02
-4.6486507893e-03
-7.0982455059e-03
7.1962964352e-03
3.4925171129e-03
1.6570404334e-03
-7.3935710302e-03
-1.8661807362e-03
4.0759172697e-03
-4.7020475726e-03
1.0397483162e-02
1.6797540780e-03
5.1573780800e-03
-1.8817356140e-03
7.6921226743e-03
-3.2257444352e-03
2.1778267993e-02
-1.0724970973e-03
-4.9156154139e-03
1.2043990943e-02
-9.4476335005e-03
3.5574664957e-03
1.6650497817e-02
8.4027798113e-03
-2.2555745321e-03
1.1207286826e-03
5.9707461427e-05
8.4770179131e-03
3.1236272501e-03
4.9376977545e-03
4.5919640408e-03
-3.9994617233e-03
3.3366368561e-03
-1.8228692431e-03
-2.8837156909e-03
-1.0673261154e-03
3.6002517290e-03
-6.7834775807e-05
-7.7350763401e-03
9.6317922741e-04
2.0551675692e-02
1.1975273937e-02
7.4080178461e-03
4.5057333677e-03
-5.6551849451e-03
-1.7428057902e-04
-6.9022644025e-03
1.8816180627e-04
-3.3197701535e-03
6.8937992663e-03
-7.1127015696e-03
-1.4774670684e-03
6.4909016306e-03
-2.8598872458e-03
-5.0581727515e-03
-4.1630837857e-03
-5.4457130813e-03
1.0647300724e-02
2.7716986813e-03
-1.7830105688e-03
-5.6066347876e-03
2.6801780605e-03
-6.2453608366e-03
4.1531035356e-03
-1.0050540343e-02
5.3566393985e-03
7.3493382592e-03
6.4426073684e-03
8.5108401086e-03
-6.7851772218e-03
-3.7251338162e-03
-1.8811880555e-03
1.4690748118e-02
3.8962480490e-03
-2.3637033978e-03
3.5584584898e-03
-1.1219525850e-02
-6.6193271787e-04
4.7606538466e-04
-6.8298816698e-03
-1.0758743188e-02
1.5884495871e-03
1.3798384140e-02
1.5184510864e-02
-3.2739170828e-04
-4.6373870162e-03
-6.9061092037e-03
-1.0780786080e-03
-6.9797012472e-03
-8.4118501443e-03
1.9720653891e-03
-3.6591519742e-03
-4.1412214437e-03
9.4245475528e-03
-4.9459588956e-03
1.2889720494e-02
5.6112094785e-03
-5.7526795278e-03
2.7592532494e-03
2.8498602547e-03
-5.8753087736e-03
-8.9547767724e-03
-9.1526043425e-03
-1.3323252972e-03
5.6186313740e-03
-7.9774224466e-03
8.5346824846e-04
-2.2947332228e-03
4.0588643814e-04
1.0350560712e-02
9.1007637225e-03
-3.3358526780e-03
-8.9605070477e-03
9.9005869214e-03
5.6285718126e-04
-2.1418639044e-03
-8.0155009142e-03
-6.5515336730e-04
4.3629462779e-03
3.4170372731e-03
-7.0472933720e-03
9.6417231241e-03
1.1044409924e-03
7.0675839284e-03
2.6422486767e-02
-4.0979277802e-03
-5.9008743020e-03
5.9255771501e-03
2.3260579134e-03
-6.7700613100e-03
4.0965933619e-03
4.8489306379e-03
-7.3215464782e-03
4.7446588097e-04
-5.4331297621e-03
2.9132658901e-03
-9.9460634096e-03
3.5633833765e-03
-9.7066459595e-03
2.2676694404e-02
4.8344483703e-03
7.4240819047e-03
-1.7059672418e-03
-7.9758408275e-03
1.1383183605e-03
6.1722339063e-03
-1.3733628342e-03
-7.7754382873e-03
-8.5252059268e-04
-1.5514137687e-03
3.3297289207e-03
-1.4688238756e-02
-3.9213892337e-03
1.9668862144e-02
-1.2148907622e-05
-9.9240000976e-03
-1.9019570441e-03
-1.9178991997e-03
-2.3434887927e-03
1.7003014443e-02
-8.0077660906e-03
-3.8411333733e-03
-8.5290138386e-04
8.1484122991e-03
1.4926533443e-02
2.7997189623e-04
-7.9536066861e-04
-6.2786261074e-03
-1.4798999915e-03
1.2330414692e-02
9.9147327506e-03
-9.8815677193e-03
3.3361346762e-03
-4.5220128250e-03
-4.6262045072e-03
4.3931867802e-03
8.1793331404e-04
-3.2781104793e-03
-4.7467915841e-03
-3.2665234793e-03
-4.9250181416e-03
1.6393422730e-02
2.1486896190e-02
6.7546283880e-03
7.0431279158e-03
1.5507306501e-02
-8.2525188812e-03
-1.6583011972e-03
-3.4471449163e-03
9.4092085414e-03
3.7206312042e-03
1.2011326084e-02
2.6142949889e-03
9.7681595013e-03
6.0852616932e-03
-4.5257918093e-03
1.3603586870e-03
-5.4233230533e-03
4.9008060065e-03
-7.3338293904e-03
6.7445690860e-03
1.4518943351e-02
1.0350418054e-03
-2.3023782703e-03
3.3484557633e-03
1.7927232421e-03
-4.3860271537e-03
1.0424763647e-02
9.4944206387e-03
1.3019619502e-02
-3.5328089805e-03
-6.7586297744e-03
-1.1238496382e-03
-2.9711909411e-03
-5.8829034074e-03
1.0522381271e-02
-6.0021436451e-03
-3.9984974899e-03
-2.4357347951e-03
-7.9279757247e-03
-8.6510850119e-03
-7.2116661582e-03
-1.7791706621e-03
-6.9509191922e-03
-2.9453916823e-03
3.1070287040e-03
1.6470915539e-03
-9.7856539348e-03
-1.7663590288e-03
-7.1204121423e-03
5.2627167374e-03
1.2607151074e-02
9.7024826642e-03
5.1392568768e-04
5.7173518296e-03
9.2023318972e-04
4.4703535470e-03
2.3204764698e-03
-1.2449706191e-03
-4.7015774198e-03
-5.0423072883e-03
1.9778497947e-03
6.3695248385e-03
-3.7476064454e-03
4.5080751038e-03
-8.7413960658e-04
-4.9764329014e-03
-5.2164767406e-03
-3.7854167935e-03
5.9952453155e-03
6.1332703517e-03
3.4806050172e-03
-8.1153752276e-03
-7.2178152189e-03
-1.0827402294e-02
1.3731742736e-03
-4.7932472830e-03
-1.4790759868e-03
6.6948761011e-03
2.9140489759e-03
-2.8224609201e-03
2.8934556102e-02
-4.5959815086e-03
-5.6282436400e-03
-2.9328133240e-03
-3.7184204878e-03
3.1359243148e-03
3.6172098739e-04
3.4671016513e-04
2.8407808648e-03
3.4778367109e-03
7.8928484505e-03
4.0204781829e-03
1.0151268863e-03
-8.2516103109e-03
-4.9230163702e-03
-6.3953708761e-03
-7.1837007984e-03
7.5114009234e-03
-7.2888410787e-03
-2.2741118566e-03
1.6782311887e-03
-3.8715454487e-03
2.2128410799e-02
1.8945053436e-02
-8.9088171093e-03
5.2668962727e-03
4.2012393938e-03
-2.5404620742e-03
-8.5284823929e-03
-3.9868594982e-04
-1.3689429621e-03
5.2816265991e-03
-1.0921852625e-02
8.7497942561e-03
2.0775280744e-03
6.7806594920e-03
1.2136917441e-03
-5.4057088676e-03
4.2538769574e-03
-9.4626556785e-03
1.9877965409e-02
-8.6745828682e-03
-6.5716877893e-03
6.7483291004e-03
1.9248721167e-03
5.8901140859e-03
-4.9296132621e-03
-5.3884488439e-03
-8.0409798583e-03
1.0749276197e-02
-6.3349937009e-03
-2.7204391615e-04
2.5239722012e-03
7.0439542216e-04
-1.1138499000e-02
2.6507950207e-03
3.0685671250e-03
8.7943356511e-03
3.6559109247e-04
-3.2128455716e-04
-1.3015472330e-03
-1.8603346170e-04
-4.6604803106e-03
2.8235372461e-03
1.6050565796e-02
-9.3270538353e-03
-9.7935872675e-03
9.0623457203e-03
-4.4212313018e-03
-2.5082310222e-04
-2.3584905448e-03
5.3952914302e-03
-3.3119147028e-03
-8.0437637141e-03
1.0940037301e-02
-8.1120142404e-03
5.4701050890e-03
4.9330155072e-03
6.2101620705e-03
-2.4831156218e-03
5.6418973094e-03
1.1030110284e-03
-5.6408177027e-03
7.8612968041e-03
6.8373084342e-03
-6.3474013663e-03
-1.0957896053e-03
-1.2152017545e-02
-5.7491150631e-03
-6.0928671110e-03
-1.1448502702e-02
-1.9461492898e-03
8.1977504413e-03
-1.0928097380e-04
2.4831278352e-03
9.4205578205e-03
4.0647481277e-03
1.2001422469e-02
6.3794478981e-03
-9.2931626636e-03
-4.1544393968e-03
-1.4637276353e-03
-1.1223841514e-03
-1.0321102219e-02
1.0632953744e-03
-3.2142149297e-03
2.0165584443e-02
9.0074651284e-03
-4.2907051334e-03
-9.9466378285e-03
1.8797486355e-02
-7.5898647233e-03
7.7945639129e-03
2.4094888876e-03
5.0288158968e-03
-8.2430497555e-03
6.1270622938e-03
7.8506895939e-03
-1.5676692898e-03
-1.0036620085e-02
-2.4603055918e-03
1.1174507531e-02
-2.2840231876e-03
1.4536447636e-03
-5.8580332136e-03
-7.2831238086e-04
-5.1011603523e-05
-5.8972487261e-03
9.6021392266e-03
-1.9443698559e-03
-5.5335412317e-03
2.3165439290e-04
2.4478610283e-03
4.6892349606e-04
-2.2902093137e-03
5.1062898227e-03
9.7374888341e-03
-1.1105667971e-02
5.0408915263e-03
1.8350246324e-03
3.9755459493e-03
-1.3070277202e-02
2.1693661550e-02
5.1698880717e-04
3.4145423260e-03
-2.7072018517e-03
-5.8893033348e-03
-4.3187407143e-03
-8.6810252968e-03
-2.9696110686e-03
3.2775320252e-03
1.6418944357e-02
-1.4789298837e-03
-1.0214725219e-03
-4.1582362652e-03
1.9162890791e-02
-5.8981717299e-03
2.8734168129e-02
-4.6705235821e-05
-4.8234218624e-03
-1.1778905301e-03
-1.0209840643e-03
9.2006894364e-03
-7.4671750714e-03
5.7885777098e-03
-7.5129922154e-03
-6.1350173526e-03
4.7420773110e-03
5.3267496840e-03
1.9911834734e-03
2.0015843296e-02
-5.6249765775e-03
-5.4565511349e-03
1.5755072173e-02
-5.1268229968e-03
-4.4300121983e-03
1.0918109397e-02
-2.8513844792e-03
3.4807459771e-03
-2.6028635872e-03
1.2862303513e-04
1.4563355185e-03
-3.2830027898e-04
4.0890060412e-05
-1.3951997957e-02
7.8957021579e-03
1.4511231898e-02
9.3661204867e-03
1.5373558547e-02
-2.5209613951e-04
-2.5991890477e-03
-3.1515680410e-03
6.3869408781e-03
-7.1602797532e-03
8.5327411328e-03
6.1063224113e-03
-3.8880917716e-03
3.0200092659e-03
-1.8858088815e-03
1.3200840086e-02
2.3341842324e-02
-2.2852939847e-04
-7.0023055509e-03
-1.6374348882e-03
9.6056875270e-03
-1.9720916197e-03
-2.2278004973e-03
-2.8413999122e-03
-7.2405291305e-03
-4.7399091024e-03
7.1090691761e-04
1.9866681612e-03
2.0421186648e-02
1.7157045730e-03
1.5386472885e-03
9.1357057572e-03
-3.7507089258e-03
-1.0398783054e-02
3.3771933995e-03
-9.5599270915e-03
-7.2960027085e-03
-1.6838644699e-03
7.5498640838e-04
-9.9516535299e-04
-6.3799243530e-03
9.3460135708e-03
-6.1580607349e-03
-2.2369083622e-03
-7.6343526492e-03
9.3465547772e-03
1.3504978370e-02
1.2116289768e-02
6.3494983633e-04
1.6036965503e-02
-8.2048323263e-03
-2.1665043219e-05
2.7364609947e-03
-7.5733166707e-04
-3.7821970290e-03
-2.8184906520e-03
4.9773734652e-03
-3.8896727701e-04
6.4497705022e-03
-1.8902079208e-04
1.5258911948e-02
-7.5071362950e-03
-7.4149999285e-03
1.5871743840e-02
-3.8950622379e-03
-7.7105177467e-03
-6.6622168216e-03
-4.4846590978e-03
2.6226893628e-03
-3.9162803312e-03
-5.1634593017e-03
9.7636654860e-04
1.7535983455e-03
1.8190431132e-02
1.1572675125e-02
1.8331103162e-03
3.6213472349e-03
2.1299982404e-03
-5.9018680586e-03
-4.5144607845e-03
1.4364244573e-03
-1.9839154712e-03
-2.6502493134e-03
-4.9794147425e-03
-1.1972132733e-02
-3.2770836373e-03
7.7098115894e-04
-8.6282839726e-03
-6.5743111587e-03
3.3316221114e-03
1.7676183338e-02
-6.2357544644e-04
1.0379544534e-02
-2.1472371764e-03
5.1330006787e-03
-5.3485729946e-03
-5.0203836593e-03
-4.2624070172e-03
3.6933382660e-03
7.2987289939e-03
-8.3411013048e-03
-9.6586541941e-03
-6.2511401378e-03
-7.0219339369e-03
-7.3997316512e-03
8.7787676271e-04
-7.0774602143e-03
2.5831072532e-03
5.2858417133e-03
1.1267962844e-03
-2.5621034305e-03
-1.0717981305e-02
1.3046736330e-02
1.2644153501e-02
-8.1005359217e-03
-7.8579815993e-03
6.3960800283e-03
1.9661340063e-02
5.9056450335e-04
-2.2342132577e-04
-2.0797305370e-03
-4.0613192994e-03
-4.9001293028e-03
1.8874643068e-03
7.6218549153e-03
-1.3165854927e-02
2.4606635199e-04
-7.2883783970e-03
4.3684094125e-03
1.5373016723e-02
-1.9335700877e-03
-3.0467093048e-03
1.4386599098e-02
5.7102667467e-03
-7.3460280388e-03
3.5149378323e-03
5.6082430178e-03
1.2447586237e-02
3.0991307614e-03
4.7411763484e-03
-3.9011713839e-03
-3.8729922920e-03
-5.6063609046e-03
-4.7213438611e-03
9.5938548555e-03
-2.2582839590e-03
-5.2390295134e-04
-3.1711477335e-03
1.6629284273e-03
1.3371983465e-04
9.7450474919e-03
9.7384718134e-03
3.2293191419e-03
1.4689665357e-03
-2.0006398413e-03
5.7264522561e-03
-3.4397410237e-03
-3.2327675585e-03
-2.2177560194e-03
4.4536941466e-03
5.7507031369e-03
7.6493442123e-03
-7.8309840586e-03
-5.7121601186e-03
-2.5915065895e-03
-7.3315086246e-03
1.2289728114e-02
1.6334580090e-02
-6.0754341583e-03
-1.2896595139e-03
-3.9450200575e-04
-3.9460522471e-03
-8.8714139772e-03
-7.7694867413e-03
-9.2301328392e-03
-6.8696703388e-03
-7.2877330029e-03
-2.1376135630e-03
-1.8202435966e-03
1.4490925528e-02
-4.3594151182e-03
-4.3898807355e-03
-5.8097856018e-03
-7.5614179974e-03
3.2143360791e-03
-3.0102074767e-03
-5.2141962227e-03
1.1252759374e-02
-3.6632262116e-03
-9.9743601446e-03
5.5955958918e-03
2.1579078964e-03
8.5696496633e-03
-4.0280615373e-04
-3.4397775837e-03
1.5359540363e-02
-7.0853682360e-03
-9.5629898665e-03
5.5384643054e-03
-4.4031030216e-03
-3.0895949457e-03
-8.3615370434e-03
1.2273364740e-02
-1.4735744685e-03
1.4498181874e-03
6.8850243631e-03
1.9674081842e-03
6.6595886397e-03
1.1143584843e-03
-5.0953570762e-04
2.4548045036e-03
9.7032143141e-03
8.8403009134e-03
1.1392511120e-02
1.9994962212e-02
1.0724995021e-02
3.0092845690e-03
1.1554613515e-02
6.1956703736e-03
-7.9575081290e-03
-1.1026766354e-02
4.8330534243e-04
1.4326226044e-03
1.0338224577e-04
-8.6338502097e-03
2.5468898233e-03
-6.7684659898e-03
1.8583280296e-02
6.9186133851e-03
-7.3540615735e-03
4.5887128245e-04
-3.1729551674e-03
3.9393583463e-03
-2.1457616710e-03
3.8566413155e-03
-1.1246937819e-03
-9.7040613363e-03
-4.1216529524e-03
-4.6300861993e-03
-5.0884557471e-03
2.7928629436e-02
1.3553143588e-03
-5.4508021410e-03
5.9762052875e-03
-1.1828797533e-02
-3.2060784701e-03
-5.4807059284e-03
1.2143797495e-03
2.9578904888e-03
-8.0544972962e-03
-2.6782372692e-03
1.1740135875e-02
-5.6963891604e-03
-5.0305931253e-03
9.8353360781e-03
2.7153555119e-03
-3.3143215067e-03
-5.7100726038e-03
-7.5746619539e-03
-7.3352328519e-03
-5.6462272070e-04
2.6498777154e-03
-2.6258518031e-03
-7.5958558944e-03
1.4154385414e-03
5.9936021587e-04
-8.2507282948e-03
-6.4975555151e-03
-6.1599290919e-03
1.1959007105e-02
2.6762680132e-02
1.0368002811e-03
9.3896605432e-03
-6.0883716747e-03
6.9007990472e-04
-5.0709757255e-03
-1.1200063000e-02
-1.2112271496e-02
4.9375086015e-03
-3.8661691447e-03
4.5270465486e-03
5.8759123385e-03
2.5381235276e-04
-9.8200981989e-03
-4.5739009448e-03
9.5296478393e-03
8.7159860394e-03
4.7633393079e-03
1.4860007839e-02
2.2260288959e-03
6.1880215427e-04
7.1957860416e-03
1.2704630352e-02
9.7414968818e-03
-3.5093207987e-03
-4.9194686263e-03
7.9377578972e-03
4.3147481568e-03
-1.1655510842e-02
-3.1943693730e-03
-8.1717864416e-03
-7.5327902360e-03
8.3213737420e-04
-2.3068821181e-03
-6.2126542713e-03
6.5113559601e-03
-7.3877834295e-03
8.7743920801e-04
-2.5166510279e-03
2.9652237408e-03
1.1147290547e-03
4.0633095631e-03
1.6387817059e-03
5.3001796861e-03
-1.8113727261e-03
5.3538643896e-03
4.3731434667e-03
2.5636762362e-03
1.0178985167e-02
1.3088669933e-02
-4.1848094952e-03
-7.5244619368e-03
1.8528887800e-02
1.9964908476e-03
9.1320437156e-03
-9.5008918113e-03
-8.0128354434e-03
-3.5608780871e-03
-1.1225830145e-04
2.8445858969e-03
-6.4004287089e-03
1.5911398147e-02
1.7023335411e-04
-7.1313363760e-03
5.9587136849e-03
1.1412815165e-02
-4.1636874305e-03
1.1587282428e-02
-5.5491656736e-03
7.6862450277e-03
2.7381452014e-03
1.5761978661e-02
-2.2311294035e-03
-4.6643131302e-03
-3.1170431621e-03
-1.0032809856e-02
8.4532136919e-04
-3.6843391302e-03
3.2656486157e-03
-5.5245533862e-03
3.8597478163e-03
1.4593459239e-03
-5.7044314194e-03
-5.9115083985e-03
-3.0842630168e-03
5.9100513455e-03
3.2690585527e-03
-8.1072996428e-03
-3.6164958875e-04
1.3156495785e-02
4.0404147571e-04
-9.5981252309e-04
7.6347045083e-03
2.9019893772e-03
-3.4227739150e-03
-2.3636876182e-03
-8.2056116207e-03
1.2720498043e-02
-1.0629299214e-02
1.1359745457e-02
3.9635004368e-03
-7.7357299487e-04
6.2192814061e-03
1.1881413358e-02
-7.5734956908e-03
1.1344217607e-03
-3.3518529410e-03
-8.9516340649e-05
2.2039221529e-03
-7.6416101857e-03
1.2048207727e-02
9.1594683015e-03
2.2665981401e-03
3.4315785428e-03
4.2593119156e-03
-8.4767405065e-03
2.7717541028e-02
2.0703555184e-03
-6.5495007259e-03
2.3968386839e-04
-4.6050296610e-03
-4.4514516322e-03
7.5281836693e-03
-5.1900558409e-03
-4.1379596641e-03
-1.9937522732e-03
5.5321595554e-03
-7.2688859326e-03
-5.6066759707e-03
5.7050965918e-03
-8.3311060536e-03
1.1590591453e-02
-7.3175258725e-03
1.3946610726e-03
4.1195784943e-03
1.0300758416e-03
-1.8788528769e-03
-4.2321901558e-03
-1.4148699420e-03
-1.5521124646e-03
-1.6484472374e-03
-8.3350190895e-03
1.0982476977e-02
-7.6080412614e-04
2.3968861326e-03
1.2302276711e-02
1.0788323532e-02
-1.7063239189e-03
2.2656179878e-03
-8.8286835717e-03
-1.1432610131e-03
-6.5628835276e-03
-6.5602296722e-03
-4.1384639362e-03
-6.3927666322e-03
-1.0198051791e-02
-4.3982812210e-04
-8.1673247694e-03
1.4917832701e-02
-2.4229152548e-03
9.2174730705e-04
4.5877477763e-03
3.3174778895e-04
-5.2519332043e-03
-5.2557164347e-03
3.4942041400e-03
8.5305475191e-03
-3.5353295989e-03
3.0909266578e-03
1.6085245489e-02
-1.1883650556e-02
-6.8199690231e-03
-6.2167292947e-03
5.7935199464e-03
5.2547561416e-03
-9.0177987913e-03
4.8346815069e-04
-3.1144402109e-03
6.8976977534e-03
-7.5729897013e-03
2.4029498189e-03
-5.6415415212e-04
1.2650296886e-02
-1.3696012613e-02
-2.5193885696e-03
2.6370566288e-03
-9.3346835202e-04
1.5532181545e-03
1.8510981526e-02
8.6830341922e-03
-7.3052023198e-03
1.5970163519e-03
1.1475611185e-02
4.0357581675e-02
2.5798055221e-03
-5.3200015482e-03
1.6799128959e-02
1.4305950476e-02
-1.1760232672e-03
1.5017448271e-02
6.2840125200e-04
1.5351580031e-03
4.6671497649e-03
9.2928302350e-03
5.6964895895e-03
-5.5981822078e-03
-3.9187496350e-03
6.3517876065e-03
1.0422766922e-02
-5.6023038724e-03
4.6315752221e-03
-1.5420467717e-03
-4.8656512294e-03
-5.1949410346e-03
-3.0447469527e-03
-6.4183501153e-03
1.6303060780e-02
4.7896394836e-03
-4.2367218139e-03
-6.2953241713e-03
6.3937657040e-03
-1.1771197809e-02
-7.5949526501e-03
6.9795962644e-03
5.5471765351e-03
-1.2750037411e-03
4.3311928634e-02
2.7985537519e-03
-1.7131085496e-03
1.5243793705e-02
-1.2246060312e-04
1.3892941822e-03
1.7204250319e-02
5.2008339865e-03
8.7979722101e-03
-6.1372967818e-03
-1.8127978679e-03
1.5186285188e-02
-3.8697417976e-04
5.0449776800e-03
-8.3537411643e-03
2.3969886085e-02
-3.8783877111e-03
9.6406234332e-03
1.0632894703e-02
9.4923742049e-03
-5.7560111736e-03
-6.4421773988e-03
7.4061407575e-03
-4.6803239277e-03
-4.2387739078e-03
8.4760458983e-03
-8.7338317735e-03
1.5752216319e-02
-8.2987823072e-03
2.3349080251e-03
-8.0124440473e-03
-8.9048939211e-03
7.9711010732e-03
8.0523973060e-05
-5.0831148338e-04
-6.2242893843e-03
5.7636791148e-03
1.7849056091e-02
-4.3633456394e-03
-3.2997868684e-05
-3.9114871787e-04
-7.0824345496e-03
2.4932209541e-03
-1.1611454773e-03
2.1829723618e-02
-2.4565821696e-03
1.7949589758e-04
9.4258654724e-04
-3.0438576813e-03
1.2937893769e-02
1.9361227558e-03
4.2739036462e-03
-2.2942692783e-03
-4.4494625324e-03
1.8112208434e-03
1.2980635162e-03
-2.3203185068e-03
1.3280577514e-03
9.6016634986e-03
-2.7764046646e-03
3.0244396188e-03
-7.7418528109e-03
7.0633649937e-04
-4.6776308073e-03
-1.8271203119e-03
-4.1585023553e-03
-3.7833910771e-03
-1.0431801213e-02
-1.5224211963e-03
7.0079163445e-03
-2.2524209693e-03
1.1462148498e-02
4.6368992574e-03
-3.8461592076e-03
-4.1311882431e-03
-8.6574945025e-03
1.8324767132e-03
-1.0380880004e-03
-1.7532891952e-03
-4.3606947352e-03
2.7445682759e-04
1.0607751479e-03
1.1284748315e-02
-6.4933476526e-03
3.5235696776e-03
3.9791590174e-03
1.0117724714e-03
-6.3998205568e-04
-1.3666843531e-03
9.5891209770e-03
6.5161814301e-03
-5.5238965109e-04
9.3822095567e-03
-2.1671269440e-03
-1.2334858789e-03
-6.8824892402e-04
-7.3187015000e-03
-4.3183749998e-03
-9.3736735451e-04
-7.6846206732e-03
1.5528870881e-02
-4.3067793246e-03
-4.0067439373e-03
9.4342697893e-06
1.4031747939e-02
8.0356913564e-03
5.1124510818e-04
2.9585510033e-03
2.0165222535e-03
-1.0431651288e-03
-5.4538328626e-03
1.8437259198e-03
4.2939503652e-04
3.4841543012e-03
4.4142100388e-03
-1.7018494196e-03
-7.3451334132e-03
7.4441115817e-03
3.8701458790e-03
-7.3134594263e-03
-1.4897133648e-03
-5.3396097012e-03
1.7080035393e-02
-1.9858722713e-04
5.7492176370e-04
9.2536427813e-03
1.3858767252e-02
-9.6922452150e-03
-8.6040840528e-04
1.0036935133e-02
-6.9404597615e-03
2.1771881343e-03
4.9984843779e-03
-1.8302024774e-03
-6.5566231855e-03
4.5064097292e-03
4.4053787076e-03
6.0998546990e-03
-4.0778473953e-03
-8.1168781481e-03
-3.7032033605e-03
7.1487701761e-03
-8.8285694019e-03
1.4540293367e-04
-2.6731081247e-03
-1.0586893423e-03
3.9052000839e-03
-8.7502257357e-03
-7.7674731363e-03
-7.7504269057e-04
1.4800175435e-03
1.4468250230e-02
1.6374676422e-02
-4.4217563783e-03
-1.1648260791e-02
-6.3640205376e-03
-7.0866750712e-03
-4.4571938517e-03
-2.0953855402e-03
2.5650631564e-03
2.2150149551e-03
-1.1885343724e-02
-5.9232907179e-03
-6.9795551533e-04
1.5819200337e-02
-8.3994851443e-03
8.8400849077e-03
8.1636860657e-03
-8.6395227879e-03
-2.3541101413e-03
-7.0679272618e-03
7.0720364015e-03
8.2359425728e-03
-8.1152916027e-03
5.8776919657e-03
3.2013074789e-03
-4.9485303064e-03
-9.9841460426e-03
4.4004295954e-03
1.6147363335e-03
8.9400148661e-03
-1.8509052436e-03
-2.4530700164e-03
5.0572167835e-03
7.5063216816e-03
6.5732883088e-03
-3.4139767423e-03
4.6614684061e-03
-7.1787160094e-03
-5.5127458001e-03
-3.4757116884e-03
2.0267174261e-03
1.5733853973e-03
-7.9606404616e-03
-3.1926830550e-03
-2.5195465840e-03
5.9644576264e-03
-6.7244889696e-03
-1.1032385854e-02
2.7263356528e-03
-3.7519170496e-03
-2.2762964871e-03
-5.2754563836e-03
1.2752788845e-02
4.0194542835e-03
6.1253729653e-03
-4.7041386637e-03
5.4443340516e-03
-4.3378608846e-03
5.0137531521e-03
-7.7095333999e-03
-1.0956404178e-02
-9.7594362655e-03
-6.7064070153e-04
-4.5974720617e-03
-5.5579065815e-03
-7.1348888748e-03
-1.2798244348e-02
9.2037330317e-03
-9.9416116369e-05
1.3729848098e-02
9.3930929090e-03
9.9605587429e-04
9.8184080137e-03
1.3463567555e-02
7.6233615522e-03
1.3498045661e-03
-9.5378333337e-03
-1.6437093373e-03
-5.4952502712e-05
-7.6759615412e-03
3.3267068995e-03
-5.5153837944e-03
-3.0650231871e-04
-1.1975589382e-02
4.1464174427e-04
-6.4149381405e-03
1.2072178196e-02
-6.6088289264e-03
3.8642682783e-03
-1.6638398476e-03
1.4799815621e-04
-3.3726919538e-03
-8.3736341256e-03
-5.9653697225e-03
-8.2465646499e-03
1.0213895124e-03
2.4814485608e-03
-2.8597588479e-04
9.4354704551e-03
4.4800112451e-04
3.9947292955e-04
2.3195048188e-03
1.4079904455e-02
-3.1509667811e-04
-1.4811792613e-03
-9.1608416083e-03
2.2017375875e-03
-5.7477241412e-03
3.9231054596e-03
7.1414422016e-03
1.1266601684e-02
-4.0096764577e-03
8.2541479968e-03
-1.4531547543e-03
1.8734261769e-02
3.1912012004e-03
-8.2839454500e-03
2.2434798470e-02
-5.3213753591e-03
-2.3321339180e-03
1.3154391455e-02
1.0417046049e-03
-4.1610187126e-03
-8.5137454550e-03
4.7963635878e-03
2.5511816444e-03
2.3299762960e-02
2.1484930559e-03
7.6554638248e-03
-2.1740525884e-03
-2.0084850529e-03
5.7150181870e-03
-6.0249190083e-03
-1.9311602611e-03
-1.2699173334e-03
7.9633358290e-04
-1.6836922860e-03
-9.1183436942e-03
-3.9291842991e-04
-7.8140110528e-03
-6.9657309286e-03
-4.2160391486e-03
-9.4030876394e-03
-8.0664709890e-04
3.0426378021e-03
-4.4900299128e-03
-8.7037283099e-03
-4.4782884333e-04
-7.2005997438e-03
-2.1334835363e-03
9.3544726125e-03
-2.2719969028e-03
-3.9419484734e-04
-4.6754429370e-03
-1.0573129051e-02
1.9200471271e-03
-9.0784245364e-03
1.1007626365e-02
-2.2228654146e-03
-3.6936966963e-03
4.2063649538e-03
-3.9569593439e-03
2.6415753522e-03
-5.1183645663e-03
7.0600493285e-03
-5.8579830596e-03
-5.3144334618e-03
-1.4702989533e-03
-7.1608979008e-05
-5.3622747861e-03
-7.8886483161e-03
5.2110509727e-03
-1.8959514270e-03
9.2229918184e-03
6.2573590558e-03
5.2704491955e-03
-5.0545059770e-03
-8.0276898415e-03
-2.2644889064e-03
-4.2662433782e-03
3.1669456885e-03
-3.9211180026e-03
-1.1802101727e-03
-6.2687309304e-03
4.7868810973e-03
-5.7434353032e-03
-5.9002552947e-03
-8.2295254544e-03
-5.3135104299e-03
-2.2719813439e-04
-4.8614800808e-03
8.2225288577e-03
2.3644525083e-02
-3.0364603866e-03
2.2939302357e-02
-1.2949903152e-02
6.9476160067e-03
4.1668872460e-03
-1.5102294249e-04
-1.3720631437e-02
-9.5268181180e-03
-1.8885771505e-03
-2.7568465204e-03
-9.1266561810e-03
-8.2500704799e-03
-5.8373791003e-03
-2.3219333103e-03
-8.5811433660e-03
1.7231140770e-03
-7.1712787809e-03
-9.3451470226e-03
6.1322838078e-03
6.4753957076e-03
3.4766436753e-03
-9.5679520795e-03
-6.7374467519e-03
-5.3929569380e-03
7.2497100816e-03
1.0600065775e-02
-9.9039817946e-03
1.2309970094e-02
9.4720428215e-03
-6.9702092110e-03
5.6027306681e-03
-5.7812079533e-03
-1.8101279212e-03
-6.8427904685e-03
-4.2700957459e-03
6.0362663243e-03
-2.5416314475e-03
-6.7015396594e-03
1.8651145053e-02
-5.0947688666e-03
-8.7183672141e-04
8.3451093602e-03
9.4765577714e-03
2.4963383978e-03
6.8938054340e-04
1.4722441328e-02
1.3129236238e-03
-1.0854323098e-02
-7.8268535306e-03
4.0393686810e-03
1.5858998651e-03
-1.0388862271e-02
2.0168878007e-03
6.7248699344e-03
-1.0048670558e-02
-7.0499786744e-03
-7.3663109793e-03
-7.1327001584e-03
-6.2927752657e-03
-8.2441406863e-03
-2.0485980519e-03
-5.8902023794e-03
1.1752915455e-02
1.4986506471e-02
7.3001389224e-04
3.1459859649e-03
-7.4672299891e-03
-6.9163611661e-03
5.8323231782e-03
4.7678207357e-03
2.3583856452e-02
-4.4532644137e-03
2.7990576707e-03
6.6587619964e-03
-9.2252879742e-03
1.1570099925e-03
-9.7042905862e-03
5.0945591359e-04
-5.1136960236e-03
-3.9403525888e-03
-1.0455616753e-02
1.9293462180e-03
3.4551460580e-03
1.0311512384e-02
-4.7634892411e-03
1.6652813832e-02
-2.5796182618e-03
-1.2074988809e-03
-6.8187315482e-03
4.2005370821e-03
-1.0701666143e-03
-1.5161098344e-03
2.7634923911e-02
7.5342197090e-04
-6.7920896366e-03
2.6510633740e-03
3.2968671060e-03
8.7745066909e-03
-7.8276625804e-03
-2.8390229539e-03
8.5475804315e-03
1.6989552397e-02
-1.9348562019e-03
1.7699888111e-02
-3.2326176869e-03
-6.7594976804e-03
1.4261957143e-03
-1.6374569917e-03
-2.6702740951e-04
1.4367010589e-02
1.4919575112e-03
-5.3761074658e-03
-1.8852534993e-03
3.0936070645e-03
4.4942062870e-03
-4.5888769014e-04
2.0576587574e-03
-5.1869379276e-03
2.1028792504e-04
-2.4092968651e-03
-3.6998091105e-03
4.6764311749e-03
-8.0964173029e-05
2.6650542426e-03
-3.8686525256e-03
2.5781862162e-04
6.1124049610e-03
-1.8366618945e-03
-8.9551980480e-04
