2.4412238601e-03
1.8345839925e-02
7.3009695482e-03
-3.2215351920e-03
-8.3373181845e-03
8.8916777214e-03
-7.7548546486e-03
-3.0848808796e-03
-8.2703592302e-03
-3.3055627152e-03
-1.3065193918e-03
-4.4526567549e-03
1.7479048200e-03
7.0081630319e-03
1.4531730158e-02
-3.6261437569e-03
1.8321561239e-02
-9.0971782365e-04
6.9497425779e-04
1.2768729827e-03
-6.7488133426e-03
5.9712900076e-04
-2.9955282554e-03
-4.6082119673e-03
-6.7455728243e-03
-3.7242971740e-03
1.0591542978e-03
7.2064388315e-04
-2.1815098835e-03
7.3128711616e-03
9.0132272863e-03
4.6561293940e-03
5.2869887830e-03
-1.1154290769e-02
-3.4908945543e-03
3.8033470719e-05
-6.2419819108e-03
1.3425022600e-02
7.4925720584e-03
-4.2694796274e-03
2.4729297791e-03
-3.5830118376e-04
-2.3906160011e-03
-1.2414635005e-03
4.6001013305e-03
7.2475768694e-03
-4.1582270593e-03
3.7458040428e-03
2.9859505532e-03
-2.9704114286e-03
8.1108473906e-03
4.8076598411e-03
4.3732786192e-03
3.8591067308e-03
-1.1708369529e-03
-6.0655351359e-03
-9.7998369010e-03
-7.0257147053e-03
1.2820281959e-03
6.4485923189e-03
-2.4777608150e-04
6.3139034663e-03
8.6946235228e-04
-6.1893099546e-03
-2.4005659435e-03
1.1570005790e-03
-1.4870480631e-03
2.6105840476e-03
1.4332576211e-02
-3.7883394270e-04
-1.0772979252e-03
-1.0376251530e-04
-1.8009386666e-03
-1.5854651323e-03
-7.0225420343e-04
-4.2842637373e-03
-2.9621647387e-03
5.2418623202e-03
-8.2138217017e-04
-5.8460279975e-03
-4.5184401060e-03
5.7354713335e-03
-2.5662947104e-03
1.4936148355e-03
-7.9615340436e-03
-8.1978800935e-03
-2.9915925186e-03
6.1148366233e-04
2.4030421974e-03
1.4546186633e-02
5.5426306812e-03
8.7961168863e-03
-6.3417802152e-04
-4.1746979660e-03
3.7173271110e-03
3.2266586829e-03
1.9833225523e-02
7.3779808244e-03
-4.3096205202e-03
8.9615625912e-03
4.7469596350e-03
3.6634969485e-03
1.2432129215e-03
8.4859401788e-03
2.8852007862e-02
6.4516813283e-03
-3.2195202633e-03
-5.1353046957e-05
8.9726290843e-04
-5.1914545492e-03
7.0541396633e-04
4.1997272440e-03
-2.8086096328e-03
2.5437677296e-03
-1.4014676171e-03
9.0829498411e-03
1.6299524617e-03
2.2865993055e-02
-9.4147881949e-03
4.8946164746e-03
4.4926597815e-03
-3.2930303048e-03
-4.4057656232e-03
2.3521209434e-04
-4.1434641033e-03
5.4638929202e-03
3.4637818928e-03
-1.0560774230e-02
4.2496580338e-04
-1.3389133513e-02
2.1019920082e-03
1.4979441061e-03
6.2615050528e-04
1.2091166945e-02
3.2378489148e-04
-7.5453659490e-03
1.0154297707e-03
-2.6844977744e-04
-5.1600767694e-03
-9.0101169365e-03
7.6100922170e-03
-7.5671833853e-03
5.5988952181e-03
-7.8796532365e-04
1.0851770398e-03
-9.2569280493e-03
2.6948213141e-03
2.9652288221e-03
5.5281265776e-03
6.7652465592e-03
-1.2271822621e-02
-2.9675761794e-03
4.4302494693e-03
9.5090533450e-04
1.0146483116e-02
-3.8942866063e-03
2.0821226193e-03
1.0788803219e-02
1.7245803343e-02
-5.6083662322e-03
-2.9365236288e-03
5.2173198513e-03
1.8467888186e-02
-2.6594408405e-03
-1.8574874816e-03
6.0379100993e-03
6.7489775966e-03
8.4262523531e-03
2.3489141876e-03
-2.4816525525e-03
-1.2878849830e-03
-4.7548135731e-03
8.4163994372e-03
-3.6159256475e-03
-1.8358667155e-03
1.3051573080e-04
7.7106106395e-04
-6.0935368585e-03
7.1276049482e-03
1.0933808556e-02
5.9080198743e-03
-4.1056849838e-03
-2.2179091243e-03
9.2239911950e-04
-9.1753060733e-03
-9.0138288465e-04
-2.2811840002e-03
5.9194403754e-03
4.8057573340e-03
2.9152405932e-02
2.0887741976e-03
7.0830656483e-05
8.5497049608e-03
-6.5067840054e-03
-7.7752180755e-03
-2.5127155988e-03
7.0655791961e-03
1.1571868086e-02
5.4482400731e-03
1.6516840146e-03
1.5510861426e-02
-1.9339145539e-03
5.4014233731e-03
-1.6866899009e-04
4.6850799386e-03
4.4012553462e-03
4.9451301356e-04
-2.9948775546e-03
-7.0094297977e-03
6.5203194112e-04
-6.2843893567e-03
8.9492187562e-03
-2.8498483584e-03
9.5645769265e-03
-5.7066785148e-03
-2.0552885877e-03
-1.1860199952e-02
1.1174050505e-03
-1.2078060641e-02
-8.8936209030e-03
-3.0751719573e-03
2.7859334720e-04
3.7923053510e-05
3.0420874706e-03
-7.2524213517e-04
-1.3724875231e-03
3.2160474925e-03
1.0738608510e-02
-5.1562727016e-03
-7.7131321954e-03
7.9169037861e-04
6.2664632140e-03
-6.8857621705e-03
-2.2500835534e-03
-2.9180639748e-03
-5.1787471547e-04
-1.2942450983e-03
-1.0711472468e-02
2.5820816054e-03
-5.1365372050e-03
-1.2302142568e-02
-3.8597520333e-03
3.1280797758e-03
5.6248351720e-03
1.0409080756e-03
-4.8181110232e-03
9.3977546069e-03
-1.7807149479e-03
5.6283837222e-03
-4.4465305700e-03
1.8442548581e-03
1.9938725937e-02
-5.4250749187e-03
-4.1607060670e-03
4.9500780210e-03
-3.1113948826e-03
1.9669503084e-03
5.7246974833e-03
-7.6868889301e-03
3.4472248701e-03
5.7352869576e-04
3.0759882351e-03
3.9850663659e-03
1.4028204824e-02
6.9345299483e-03
7.3168885085e-03
1.1524045135e-02
-4.6445053990e-03
-8.5489181818e-03
6.8155442457e-03
-7.8800203113e-04
-2.6976189424e-03
-4.1206875797e-03
-5.6814243094e-03
-6.1593995173e-03
1.5918998316e-03
6.0745558904e-04
-5.7691180013e-03
7.2669032156e-03
-8.4378682524e-03
-7.0047845117e-03
4.0435311626e-02
1.9264724670e-03
4.2599595872e-03
-7.3497856712e-03
-1.8994475967e-03
8.0713705676e-04
5.1626613603e-03
6.6008597472e-03
-1.4660444665e-02
3.7752940771e-03
1.6053957684e-03
-2.6655284319e-03
-6.5140025029e-03
-5.1728785815e-03
4.1828660509e-03
3.1636172702e-03
-6.0500955938e-03
-9.0849952107e-03
1.1547946600e-02
-4.8654113481e-03
1.0224448901e-03
3.7717057402e-03
5.0024962175e-03
3.6682042354e-03
-4.9939679460e-03
1.2293232210e-02
-5.0932967266e-03
-3.3110678890e-03
-1.6070701647e-03
-2.3261076285e-03
3.4532350122e-03
-5.7246013435e-03
1.8578266195e-02
2.4692068365e-03
1.0140452635e-03
-7.5797402083e-03
-2.3515806420e-03
-4.4045745102e-03
2.0412695017e-03
6.9894009246e-03
6.1352517489e-03
1.2006238611e-04
1.7493646442e-02
1.2939228470e-02
-7.0318446906e-03
-4.4760530876e-03
-3.9443292513e-03
7.6643241985e-03
6.6455894616e-03
-8.4946862962e-03
2.5807762526e-03
1.5350994421e-02
-5.9009579164e-03
-1.3788976858e-02
-4.1600613800e-03
1.0987980964e-04
-8.0089885093e-03
6.5997538559e-03
1.2351780720e-03
-4.9328375700e-03
2.6610709512e-03
4.7283574267e-03
1.3483879924e-02
-3.4888615463e-03
-4.3520634816e-05
4.0930803970e-03
-6.4456507613e-03
-1.0239682283e-02
1.3464796465e-02
3.1477445285e-03
-4.0470052367e-03
7.9919983077e-03
5.5326712085e-03
5.4207245670e-03
6.7035136998e-03
-8.4748003834e-03
1.3918138758e-02
-3.2601837890e-03
6.0405458687e-03
-6.3192030202e-04
1.1285440849e-02
1.3175516537e-03
-2.7421465422e-03
-4.2809336870e-03
-7.0122443935e-03
9.2735432613e-03
-3.9954829218e-03
3.5381581099e-03
-1.1195938985e-03
-7.3002193769e-03
-1.2577630528e-03
-3.9841421206e-03
4.3943209965e-04
-1.6951992775e-03
-4.3965834866e-03
-3.9966829757e-03
1.8155712863e-02
1.0794480843e-02
5.0030224493e-04
4.6262063947e-03
-4.8476028162e-03
7.1838681549e-03
1.8076170485e-02
1.3823512737e-02
1.0251292027e-03
1.1223470150e-02
8.3811301481e-03
-2.1367537239e-03
1.0239691889e-02
-4.8664115102e-04
-3.4772393563e-03
1.7950575274e-04
-1.1009342501e-02
-6.8208186025e-03
-5.9099148046e-03
-2.7341468606e-03
3.0877726836e-03
-2.7706574661e-04
4.2809752890e-03
-4.0891283743e-03
4.7791899178e-03
-4.1060559895e-03
-1.8284982221e-04
2.3965402048e-03
-8.9047449340e-03
2.2742711713e-03
-3.9098072772e-03
-2.6998741551e-03
-2.7523418760e-04
6.9709413127e-03
-1.6201839208e-03
-5.7876671612e-03
3.1409696102e-03
-9.0807725628e-03
1.6828771508e-03
-7.5517233607e-03
-2.7557998827e-03
6.8590353204e-03
6.6213173523e-03
-2.5513647791e-03
-1.7985660734e-03
4.8575488879e-03
8.1483737754e-03
-3.3847879414e-04
-5.3638520299e-03
-7.2315041586e-03
1.1109828076e-02
7.3149436769e-03
3.1893412833e-03
-1.5099303702e-03
3.3514606220e-03
-2.4349401694e-04
1.0405982874e-02
1.0875096904e-02
1.2354975491e-02
2.6053270411e-03
-6.7862022273e-03
-7.9535710550e-03
6.0909947355e-04
-1.3785126403e-03
-2.9579101473e-03
7.0077607060e-03
-3.5363798151e-03
-6.6032921648e-03
-1.4925082872e-03
-1.3155168154e-02
3.6954699289e-03
-4.1224592832e-03
1.1668663619e-02
5.3481847161e-03
2.0974040496e-03
1.0415161656e-02
-2.8055729898e-03
-1.2936271531e-02
-7.7157723240e-03
9.0727946608e-03
-1.4088545645e-03
2.7724246224e-03
-1.6760999836e-03
3.5258049655e-03
-3.2267277413e-03
-5.1182536582e-03
1.1211198435e-03
-9.5710155791e-03
4.7025451090e-03
1.4093523692e-02
-7.8876624693e-03
1.2680501956e-05
7.1705199151e-03
-8.6719638081e-03
2.4593321700e-03
5.8618980166e-03
7.1223511719e-04
-8.1249190492e-03
-1.3740096710e-03
-4.8983367497e-03
7.6956132114e-03
-4.6631479019e-03
6.9190787643e-03
-4.5122897106e-03
-9.0776429900e-04
-6.5949583667e-04
-1.2534180667e-02
-5.7886956813e-03
4.0297682397e-04
6.7337693802e-03
1.1883628601e-02
-8.6215805562e-03
2.1410249194e-02
1.1401970709e-02
-3.3763881061e-03
6.6011680286e-03
-2.3827379310e-03
1.9512374680e-04
2.6843409679e-03
-6.5692113760e-03
-4.3159000255e-03
1.2051673587e-02
-9.9177673319e-04
1.1613809052e-02
8.5147713508e-04
1.1835343482e-02
-2.7043746411e-03
-3.3847661202e-03
-5.4872053549e-03
-3.4115565843e-03
-1.6954693553e-03
6.5676249917e-03
-6.3798375841e-03
-2.0500966530e-03
-3.2673309365e-03
1.2841342778e-03
1.0068184212e-03
-2.6701894774e-04
-9.2050383259e-03
-4.3928561183e-03
1.2819908228e-02
4.7884433900e-03
-3.2525098901e-03
7.3474733906e-04
-4.9417541349e-03
-3.5253919696e-03
-8.9886857467e-03
7.4855704800e-04
-3.1072271266e-03
-7.3778088982e-03
1.7915712608e-02
2.6042528251e-03
-2.0214454058e-04
3.5651763224e-04
-6.7322345634e-03
-7.3255776251e-03
3.7770881098e-03
2.2246910100e-03
1.8896773261e-04
2.6417950905e-04
-4.8969530224e-03
1.0358804851e-02
-1.6564290067e-03
-6.6340884066e-03
2.1739835478e-02
3.5855816976e-03
-4.3879508759e-03
-6.3388338599e-03
-5.6744137698e-04
-3.1687245485e-03
9.5013071658e-03
1.1028110125e-03
-1.9234991564e-04
-4.1437006042e-04
7.7869418525e-03
-4.6082486725e-03
-1.4123196573e-03
-5.6696622134e-03
-4.4350089749e-03
2.6025044945e-03
2.2563637226e-03
4.0330983996e-03
-1.0485074259e-03
-1.1005187273e-02
-4.8957584558e-03
1.1967642986e-02
8.1689218708e-03
-4.0526184150e-03
1.1560535309e-03
-6.5189203425e-03
2.2988683872e-03
-1.7580756121e-04
2.7639027262e-04
-2.4289304354e-03
-3.6352653649e-03
4.7150301036e-03
9.2448826569e-03
-2.7979635646e-04
5.0090984876e-03
1.0833172708e-02
-5.6992391901e-03
-1.6271023231e-03
1.1443326447e-02
-9.4379058347e-03
1.3714794530e-04
7.5161171078e-03
1.2833076795e-02
-3.2456003180e-03
6.1794609336e-03
1.2656995122e-02
6.8767042892e-03
-4.3064565383e-03
-8.5546999724e-03
-1.2153799126e-03
-7.7100838335e-03
-4.4807545294e-03
-5.7780830820e-03
7.7788035652e-03
-1.2480396825e-02
-7.6302954388e-03
-3.1369244665e-03
-4.6344068018e-03
-4.7045564108e-04
1.0359363832e-02
-1.4691020126e-03
-3.7862434220e-03
1.0980560505e-02
1.1888373252e-03
9.1883639823e-03
3.1609309027e-03
1.1913120973e-02
3.0044232886e-02
1.5858192337e-03
-5.3993988394e-03
1.0778970444e-02
-3.9292907526e-03
-3.4062690737e-03
-1.0684098736e-02
4.9761732384e-04
5.3999868742e-03
9.5847597054e-03
-9.6453899114e-03
-1.1548105311e-03
4.4977584955e-03
-7.2284822141e-03
-8.5716371599e-03
-4.7115926426e-03
1.3190555085e-02
-7.6112905693e-03
-1.2352526106e-03
-4.1914417490e-03
6.7584236725e-03
-3.6282359824e-03
-1.5257473989e-03
5.4795605674e-03
6.8782119865e-03
3.0351042703e-03
1.2706818403e-03
5.0798429274e-03
-7.7931727175e-03
-6.3190879650e-03
1.9545371866e-02
-6.0510342593e-03
5.4680222734e-03
1.2249501966e-02
7.2723788432e-03
6.8250972068e-03
6.0953809857e-03
1.6057163958e-03
-1.8364371348e-04
-3.5502430926e-03
-5.2526708572e-03
3.1124425180e-03
-7.5149656913e-03
-3.2034474362e-03
-3.8710999563e-04
-7.6128902114e-03
3.9057438344e-03
-1.3073014497e-02
-1.7384700692e-03
5.2024887253e-04
-1.6761332636e-03
7.1873011507e-03
-1.4121297067e-02
4.0236716763e-03
5.8714682976e-03
-4.3651651481e-03
2.6756257405e-02
-1.0200550511e-04
1.0071575465e-02
-1.7329373820e-03
6.9435855812e-03
5.9132762227e-03
7.0832125565e-04
-8.0393068355e-04
-3.7462003589e-03
2.2210276553e-03
-2.6572074151e-03
1.9457501806e-02
6.5414611510e-03
-8.5413791836e-03
1.6033429227e-02
-5.7934324111e-03
-6.4733863215e-04
1.6759636100e-03
5.8547893727e-03
3.2413304268e-03
-1.5430188231e-03
1.8083456194e-02
1.0725005019e-03
-2.2252447797e-03
7.1180268714e-03
-3.8007905977e-03
3.6478594492e-03
1.2056842668e-02
2.2021699100e-03
-6.5345292585e-04
-4.2642367486e-03
-8.9656991380e-03
-9.6515110760e-03
-2.8678013045e-03
1.8880249651e-03
1.4240505331e-03
1.3608503456e-02
-3.9270677525e-03
-4.0984408092e-04
3.0847333118e-03
1.9760234881e-02
8.7519376523e-03
-1.3342137322e-03
-7.3974286391e-04
-1.0682126440e-02
-6.5995662888e-03
3.4929043043e-03
3.1201363660e-03
-8.3769786076e-03
-1.2162396190e-03
-5.0669338803e-03
3.4189925568e-03
2.3955221582e-03
-5.0220867023e-03
5.5445934997e-03
4.1637334839e-03
-7.4484546335e-03
2.4218000597e-02
-8.4068652387e-04
7.3096812617e-03
4.4667010452e-03
-1.4906336548e-03
7.2007410220e-04
1.0591397300e-02
-4.8963205001e-03
-5.3525326591e-03
-8.3323655333e-03
4.4601816775e-03
1.0733501157e-02
-7.2651202405e-03
-9.8566589136e-04
-2.9395374778e-03
-7.6059735344e-03
4.7979999539e-03
2.1713611050e-03
-4.4485014427e-03
-7.2564995383e-03
2.4896508508e-02
-3.0219155447e-03
1.4195612535e-02
6.6950433370e-03
1.5169603342e-03
-4.7216960777e-03
5.1569935973e-03
1.8752430890e-02
-6.2597100108e-03
-2.0895441706e-03
-8.7549095765e-03
8.4590417427e-04
-1.1707484874e-03
1.1263056800e-02
-1.2180108508e-02
1.8856799658e-03
-3.7145879461e-04
1.4206109219e-03
-1.2638983568e-03
1.8880019265e-03
7.8802974745e-03
-4.4489246577e-03
-3.2254503098e-03
-2.2485643653e-03
-2.5606406171e-03
3.2525115684e-04
7.2551338647e-03
3.8358370140e-02
4.2423521141e-03
-6.7590400407e-03
5.4221387846e-03
-1.5996141344e-03
9.6373046880e-03
3.3290078138e-03
-6.4191202201e-05
9.3066898441e-03
-4.3617175073e-03
-2.2263081521e-03
2.2673085826e-03
-8.6819597352e-03
-3.0121594148e-03
-6.0318178393e-03
2.7361680049e-03
-2.3253196360e-03
1.0077193165e-02
6.2753324080e-03
3.2081347721e-03
-1.4117722795e-03
-4.0938677594e-03
-9.8280237665e-03
4.2819786400e-03
-6.6087636753e-03
5.0860796691e-03
9.0074928973e-04
3.1731765038e-04
1.3500869477e-03
-2.2132083812e-03
5.6001621754e-03
-3.9544109214e-03
7.4050047995e-03
-1.1489562962e-02
-5.2942014897e-03
4.1302576408e-03
5.5962230353e-03
-2.8816926937e-03
9.1684374020e-03
-5.8533500415e-03
4.9673938436e-03
-5.7919199428e-03
-7.4642090745e-03
8.3057427640e-04
-1.0967239327e-02
1.9447971727e-03
3.6549730405e-04
1.1591970006e-03
2.3227608325e-03
-3.4563840120e-03
-5.1946329442e-03
1.9387576224e-02
4.8076582857e-03
-3.2223985728e-03
-4.4252226563e-03
-2.6484104886e-03
5.1409190857e-03
-7.6425351938e-03
1.7729238558e-03
3.5409037203e-03
-2.0733324909e-03
4.1663511388e-03
-1.1132962667e-03
1.5590572150e-03
9.5282746184e-04
1.7233142829e-02
1.0791334471e-02
2.8672201885e-03
4.9541680517e-03
7.3630326686e-03
2.0697004735e-02
4.5364841029e-03
-2.1219644839e-03
-1.0042233962e-03
9.2336493609e-04
-9.9191182971e-03
4.6691864262e-03
-8.2059794432e-04
2.2115424084e-03
8.4483547535e-03
-2.8249882774e-03
-5.5186903395e-03
4.3940023150e-03
1.0907026030e-03
4.7842138067e-03
-5.9195670565e-03
-3.8116858667e-03
-1.5857453638e-03
-3.0157696509e-03
-6.5428153884e-04
-4.7058935904e-03
3.1109256308e-03
-1.0870673392e-02
-5.8386440613e-03
1.6112752317e-03
-6.9250717728e-03
-6.5987448332e-04
1.5631250637e-03
-9.8002427980e-03
1.0024841870e-02
-8.5037041641e-04
3.7564508582e-03
3.6397845555e-02
-2.3456764937e-03
-1.0302003813e-02
-3.6721255854e-03
1.8465444190e-03
-7.9781027036e-03
-9.0301023109e-03
-3.0886872374e-03
5.9405547922e-03
-2.8240627799e-03
-4.8054922285e-03
-1.2364881328e-03
6.9740049031e-03
4.8308486187e-03
1.7628574521e-03
-2.0366278933e-03
4.5391342942e-03
-7.2035543653e-03
1.1169446916e-02
-2.7727630154e-03
-2.0210510395e-04
-6.2297463454e-03
6.7771681053e-03
-7.0353870705e-03
-5.2544992315e-03
-9.6511057579e-03
-7.2942728979e-03
-5.6709261815e-04
-8.0288488631e-03
-5.8481404893e-03
3.6524269955e-03
-1.0972255458e-03
-6.7156500053e-03
-4.1858663999e-04
8.3732560819e-03
-3.2299648939e-03
-3.6395667427e-03
4.4319018273e-03
-7.3361851816e-04
4.9794588337e-03
-2.3214683863e-03
-3.3188152743e-03
-2.7333797254e-03
2.6047862914e-03
-2.0760212113e-04
-4.4148335814e-03
1.3325865678e-02
-3.2513191619e-03
1.4683796455e-02
-1.1715850782e-02
1.2106043200e-03
-2.8993545031e-03
5.0967143200e-03
2.0831417738e-02
2.9138891183e-02
-6.7970893063e-03
-9.5605420528e-04
-3.0007237825e-03
-2.0973507453e-03
-2.8161348284e-03
-7.0858958190e-03
5.5445278462e-03
7.8521756742e-03
-3.9784516079e-03
4.0091733558e-03
-1.3991030286e-03
1.1210575440e-03
-5.9509107784e-03
-5.3259814226e-03
-1.9355984682e-03
3.1366027851e-03
-6.2943817983e-04
-7.6827639440e-03
-9.1308644454e-03
-3.5397389177e-03
-6.9891764609e-03
3.3380898572e-03
-8.6698769382e-03
-5.2625750466e-03
2.3991450441e-03
-6.8832802215e-03
-4.3563919357e-03
4.6394440253e-03
-1.3598495144e-03
5.1772546083e-03
-6.6123575664e-04
3.8907051622e-03
-2.8682104174e-03
-2.1372280518e-03
-3.2911206683e-03
-5.0557861336e-03
-5.4291002495e-03
-1.3453322871e-02
-9.2763694178e-04
1.3810097400e-02
-7.5081656821e-04
9.6275486046e-03
-5.3377061373e-03
9.6989192181e-03
-2.9901373943e-03
-6.5413519769e-04
-6.0855424758e-03
-4.3058838254e-03
-3.3721126578e-03
-1.0786055464e-02
-9.4309855792e-03
-2.3231975934e-03
1.0219176494e-02
-8.8987770770e-03
-6.0445277982e-03
-1.0250838042e-03
9.3029744035e-03
2.0561290346e-02
-2.5716597935e-03
4.0523310022e-03
2.5064708689e-03
-7.8694779529e-03
9.6700862876e-03
4.1657318092e-03
5.6197219479e-03
-1.0640875829e-02
-6.5672701356e-03
-1.0404909730e-02
-8.0272158840e-03
-8.2834306122e-03
-3.5781105261e-03
8.5251947563e-03
1.9893817589e-03
2.3972606052e-03
1.3663921929e-03
-9.8191295981e-03
-7.8267366460e-03
-1.0896926735e-02
1.1517841383e-02
1.8519018237e-02
-5.4317450603e-03
1.1727166914e-02
1.6644889956e-03
3.4631958649e-03
3.2451242678e-03
1.7732275247e-03
4.3170230560e-03
-2.2276232890e-03
-8.7175814913e-03
5.8647265797e-03
-3.9200774380e-03
6.6700060639e-03
-5.2592780502e-04
1.1579417864e-02
9.0497750058e-03
-6.5035424481e-04
-4.4708566331e-03
1.1842931525e-02
4.5357019711e-03
2.6637216428e-03
-1.1336182706e-03
5.4979516707e-03
-3.7967294700e-03
8.6219664750e-03
-6.7789099857e-03
-4.5868160929e-03
-4.3131094634e-03
-3.0019289294e-03
9.0479234022e-03
-3.1822590419e-03
-4.7870551117e-04
-1.0878252272e-02
-4.5357633009e-03
-6.0599535422e-03
8.9383944382e-03
2.0147210113e-02
-1.8173804649e-03
-4.9688016856e-03
-7.6740497992e-03
-2.4065027122e-03
-2.0147317377e-03
9.0468981302e-03
-9.3069743957e-03
6.8839061885e-03
6.0026810543e-03
-1.7975098250e-03
-5.2863307748e-03
-9.3531286459e-03
1.8476122032e-03
1.0948536313e-03
5.7440508121e-04
-1.0946365178e-02
1.1909874395e-02
-5.1847068836e-03
2.2402766173e-03
8.2077277943e-03
-4.5728037367e-03
5.2163537574e-03
5.0788515595e-03
-4.9497468059e-03
-2.5172207061e-03
2.6546695559e-04
-3.3089492300e-03
4.7444116542e-03
-7.2768340139e-03
3.5912327403e-03
-1.4707461116e-04
-2.8311043536e-03
-8.7542074137e-03
-4.7331756554e-03
6.2260498991e-03
3.1643139303e-04
-1.2386747820e-02
-2.3638676653e-03
1.4460239298e-04
-7.4300351469e-03
1.0609340586e-02
-5.4416307025e-03
7.1551789600e-03
8.0013202872e-03
-2.3679401484e-03
-4.0004520011e-03
2.8413662958e-03
-8.0395765758e-03
3.8090280582e-03
-1.4288836492e-03
-5.0619996984e-03
3.9727441650e-03
-2.2453857514e-03
9.5003641685e-04
6.8002181729e-03
-9.9007359743e-04
-1.9198829720e-03
2.1183904753e-04
-6.4387715035e-03
-1.8910946926e-03
1.5244535375e-02
-3.3624156601e-03
7.7093487483e-03
-5.6555246965e-03
-5.3218499935e-03
-2.1704815294e-03
8.4555618555e-03
-8.7428396839e-03
-4.4037432544e-03
6.0065387656e-03
9.7373598346e-03
-9.1266467845e-03
2.8828897670e-03
-3.9410116535e-03
-6.4913347680e-04
-4.4822660108e-03
1.3138808865e-02
1.1530274249e-02
-5.6948039473e-04
-3.2885220385e-03
-7.0554166673e-04
-6.6709990125e-03
4.9069672968e-03
-4.4225907775e-03
7.2886356922e-03
-1.2574776488e-02
3.0090478522e-03
-3.7576940144e-03
8.0797583399e-03
-5.4049449679e-03
2.4200431880e-03
6.3932759560e-03
1.4771149519e-03
1.2244094812e-02
-1.2343917907e-02
-6.0805656283e-03
6.3358148452e-03
1.2682972671e-03
-5.8034801491e-03
3.2717735160e-03
-5.8687994172e-03
3.2962740438e-03
1.2479558649e-03
1.2039739250e-03
5.6293401852e-03
-8.3037914276e-03
-2.1937920846e-03
8.5278732228e-03
-2.2316175777e-03
2.1650416454e-03
7.8668455269e-03
-7.1732126211e-03
-3.3141110939e-03
-5.1052065155e-03
5.9559734033e-04
-3.0695586357e-03
7.2086489873e-03
3.0930645642e-03
5.9240117463e-04
2.3187121442e-03
-2.8606111393e-03
5.6496702921e-03
2.4333488714e-03
-6.2980280058e-03
2.1930923340e-03
-3.0603437754e-03
-5.6690028185e-03
2.9316654848e-03
1.0089973214e-02
1.4017465118e-02
-1.0480175659e-02
1.9835495694e-03
-2.7842872229e-03
-1.1735569434e-03
5.0185359622e-04
-6.3856122369e-03
1.8151266694e-02
-2.7559381223e-03
-7.3130647141e-03
-7.3980776804e-03
-4.8156787426e-04
3.1575383467e-03
5.2890417922e-04
4.9680774495e-03
3.5713550245e-03
-1.1296405859e-02
-5.3608313243e-03
1.1308971307e-03
8.3235706539e-03
-6.3842293077e-03
-5.1948589133e-03
-1.0130585939e-02
-5.2914307189e-03
-2.5751924260e-03
-1.4883527004e-03
3.0423352605e-03
-8.5611918566e-03
1.6148433218e-02
4.6604898526e-03
3.5263417227e-03
4.5977315013e-03
5.1901487440e-03
-8.6856272621e-04
2.6071513329e-02
6.7208526032e-03
8.8528281549e-03
2.4734177418e-02
1.8258831105e-02
-8.9280095348e-03
8.7129364184e-03
3.3897823402e-02
-1.0694109357e-02
1.6759889675e-04
3.4550869900e-04
-9.6122655659e-03
-3.6195596039e-03
-5.0698085675e-03
3.4055114943e-03
-1.0660774885e-02
2.2956015127e-02
1.4289960927e-03
-3.8840554943e-03
2.2122733917e-03
-1.3604680584e-03
-1.1236867592e-02
-8.2602438679e-03
-9.6438760662e-04
1.2131252117e-02
2.8251605686e-04
4.9700824341e-04
-4.7026444871e-03
-6.1739912837e-03
-3.0680918270e-03
1.3475274371e-02
-7.0522191306e-03
-9.8449011234e-04
1.1301369235e-05
4.6375615702e-03
3.6051311778e-03
-9.2978745307e-04
-1.0467382407e-03
-2.3903040167e-03
1.5095651537e-03
-4.5513039397e-04
-1.0872336735e-03
4.1982059226e-03
-2.1124479006e-03
-1.4233147563e-02
1.1728574601e-02
-2.3011727839e-03
-1.5025781497e-03
-9.7333304081e-03
2.9075430319e-02
1.3166332747e-03
1.6322634531e-02
-5.2514561746e-03
9.2822105225e-03
1.4444185242e-02
-4.8561565608e-03
8.7443818592e-04
6.3956528565e-03
9.5340264398e-03
-9.5904274026e-03
-3.6562493371e-03
7.8421304868e-03
-3.9360551052e-03
2.8239087594e-03
-8.1458887306e-03
1.6928447446e-02
1.0491090364e-02
8.1704643342e-03
2.3865779106e-02
-7.3667824414e-03
3.9550888053e-03
7.3425422169e-03
9.1734199847e-04
1.0011373009e-02
2.4963764318e-03
2.1195936534e-02
-3.5260249197e-03
2.1472414784e-02
-5.2582365059e-03
-1.0080585125e-04
-1.9235812575e-03
-5.9419717225e-03
6.9778571688e-03
1.1937102568e-02
-3.5151618793e-03
1.6807831472e-03
-2.2950948167e-03
-2.8044328597e-03
4.0728167569e-03
-5.1544876246e-03
8.9137597146e-04
-7.0888799382e-03
9.2984942795e-04
-2.2826431938e-03
-1.0978587920e-02
1.5376063375e-02
4.8276212134e-03
5.8227824981e-03
3.4387235645e-03
-3.3513118485e-03
-4.6763691970e-03
-2.7038027603e-04
-5.4317347628e-03
-1.5696619986e-03
-4.4254909394e-04
7.3541994025e-03
1.9152101169e-02
-5.8137132172e-03
4.0810706150e-03
-3.4266375711e-03
-3.3330846240e-03
-8.9084753915e-03
2.0503543729e-03
-2.7862156773e-03
-5.0269208781e-03
-4.2185564159e-03
6.1906089658e-03
4.0576523245e-04
7.6861043514e-03
-3.6185381103e-04
-2.7604997682e-03
1.8480797594e-02
-7.8431872537e-03
-1.6210784426e-03
-9.0149463161e-03
-7.0764573121e-03
-1.8160051576e-03
2.1773996407e-02
-3.6650970065e-03
1.1996941901e-03
1.6215474869e-03
2.1436607373e-03
8.5441756112e-04
1.4383963684e-03
8.9656382124e-04
-6.3479506502e-04
-2.9686669395e-03
-6.8008990846e-03
-3.4704883274e-03
-1.0727150580e-02
-4.7675222049e-03
-1.8453110192e-03
5.5172823442e-03
-3.4109159645e-03
6.9135763205e-04
6.4082848358e-03
-3.9103895809e-03
7.5350549660e-04
6.3061336411e-03
1.5751096334e-02
-2.0280551547e-03
4.1390350791e-03
-4.4186622886e-04
2.6473534645e-03
-3.7939439437e-03
-2.4916484386e-03
-9.9735368307e-03
5.3950452007e-03
8.9802567182e-03
5.7587111768e-03
-5.5801828672e-03
2.7985736959e-03
8.1987346333e-06
-2.2333866833e-03
-3.0231924562e-03
8.9598354852e-03
4.6068166536e-03
-1.5689121245e-03
-5.1312639856e-03
2.8267230906e-03
-1.4331814793e-03
1.9670782822e-03
-2.3209882493e-03
-5.9927093741e-03
-4.2716592486e-03
-1.5209297412e-03
1.1010959302e-02
5.9046358800e-03
2.4274749439e-03
2.1343621912e-03
1.2072483454e-03
1.1557375379e-02
-1.2343859978e-02
-8.6586782624e-03
-1.5844162393e-04
-3.4392535229e-03
-7.6672496145e-03
-3.7460014665e-03
-1.7341899563e-03
-2.3703228071e-05
-7.9526743433e-03
6.4628699433e-03
5.1046187636e-04
5.0037554187e-03
2.5176530952e-03
7.9015366072e-03
-3.6759918870e-03
-1.1658686947e-03
-1.8225870443e-03
-4.6451590626e-03
1.0655485075e-02
1.1957937506e-02
1.2541366685e-02
7.5197749369e-03
-1.1553136483e-02
-6.5118571527e-03
-1.1749047225e-04
-4.8396115604e-03
-9.7296912396e-03
-6.8802218100e-03
9.2787852990e-03
2.0538603641e-02
5.8323975581e-04
8.9535093399e-04
2.6282042289e-03
1.2213863617e-02
-4.7694297195e-03
-9.1462464278e-03
-6.4990688116e-03
1.8112482549e-03
2.8879356513e-03
7.3862774088e-03
5.9107132143e-04
-6.1976901849e-03
8.0780863273e-03
7.1037226835e-03
4.1532442845e-03
5.6597401774e-03
4.7592072975e-03
-5.5109805182e-03
1.3393806769e-03
3.9993935152e-04
-1.3386001687e-03
-4.5916567052e-03
2.2184323504e-03
-5.7759971789e-03
-8.8370417026e-03
-1.7596446893e-03
-1.1237746452e-02
2.0283530204e-04
-3.6911895369e-03
1.6126104349e-03
-1.6526896417e-03
5.4876519635e-03
-7.4393402740e-03
8.4260637284e-03
-1.0109937870e-03
-4.8699159034e-03
3.1466294016e-02
-2.8058260276e-03
9.2578147210e-03
1.0120974167e-02
-1.0483289686e-03
2.2419166231e-03
-1.4230881528e-03
1.2653813872e-02
9.2808306412e-03
-6.5786922977e-03
-1.1239603206e-02
-5.6188746649e-03
5.4526238343e-03
2.5692766343e-03
-4.4014298044e-03
-4.9232493108e-03
3.6601307250e-03
2.3523626090e-03
1.4388143756e-03
6.4482015631e-04
-1.3675793157e-04
3.2012329855e-03
5.3347078051e-04
-7.5155683313e-03
1.2164914890e-02
9.3494280845e-03
-5.0501772506e-04
5.1004651015e-03
1.8014362055e-03
-5.0747627143e-03
1.0465692673e-02
-7.4282902628e-03
2.0125337452e-03
8.8468004221e-03
-7.9391930672e-03
-3.3981785895e-03
1.1505617484e-03
-6.8796010221e-04
-6.4214321656e-03
5.8435580724e-03
3.2907255077e-02
-1.5699266092e-04
1.0704117046e-02
1.4942673428e-02
7.6431032861e-03
-6.3991826330e-03
-3.7169924012e-03
-6.8783916768e-03
7.5877159919e-03
-5.4080428010e-03
-4.9138198538e-03
1.4784650265e-03
-5.9073175004e-03
-8.1046431197e-03
1.2385607090e-02
4.3112826131e-04
7.4654624960e-04
3.5786187467e-03
-5.6016619513e-03
6.6382240349e-03
-9.6296370849e-03
1.3074065029e-02
3.5652616467e-03
-2.0655616833e-03
1.7287030128e-02
-6.6174247706e-03
-6.6903886448e-03
-1.3928918374e-03
8.2768631964e-03
-4.5663959804e-03
1.0541773476e-03
-5.0331535388e-04
-3.0027293191e-03
-9.3046586813e-03
1.6334408870e-03
2.6225846827e-03
2.8125971430e-03
-1.2688697975e-02
-3.8196619924e-03
-7.6743664631e-03
1.2150520572e-02
2.2560976927e-03
-1.2780965069e-03
-5.9553065941e-03
1.4020629933e-02
3.6256903369e-03
-2.1165841094e-03
-1.1255153496e-02
9.6725284462e-03
2.9037635997e-03
-1.0422600951e-03
6.8110059330e-03
1.2487549385e-02
-3.3069673896e-03
-3.9041825284e-03
1.9543554121e-02
2.3403941594e-03
3.1057934333e-03
1.0910883403e-02
2.4203707243e-03
1.0553131861e-02
6.4748715941e-04
9.9770406053e-04
4.3943110352e-03
-7.0588486033e-03
7.5294678502e-04
-5.8488855263e-03
-8.8589380810e-03
4.3907614208e-04
-2.4381936378e-03
2.1826608081e-05
-8.7499303281e-03
-9.1428322195e-03
2.8121092052e-03
-3.7523073324e-03
6.0938712901e-03
2.7448468994e-03
4.0072737377e-03
1.0559400598e-03
-4.3186587758e-03
2.5518979271e-03
-3.3661708159e-03
-4.7963087156e-03
9.7112154136e-03
-4.1326019421e-03
-3.6879538907e-03
-3.9157380086e-03
-2.2752693243e-03
9.7882986828e-03
-4.1947920612e-03
1.2774946776e-02
-3.1733541248e-03
8.0740136372e-03
3.0035344186e-03
7.0974587620e-03
7.1001195627e-03
4.4017459818e-03
3.5901611088e-03
-9.4214329264e-03
-2.6423091094e-03
-3.6379221136e-03
1.6614553398e-02
1.5545953006e-03
-8.3654949425e-03
8.1441292213e-04
-2.9286991807e-03
1.1741018651e-03
-5.5890410384e-03
1.3790671599e-03
-4.7740837732e-03
8.2491400917e-03
-6.2675029189e-03
-9.5511993705e-03
-5.4124034001e-03
-4.0595554122e-04
1.8330157899e-03
-4.4794559186e-03
-3.8750012925e-03
-8.1526508188e-03
-1.7175509555e-03
-1.0958846606e-03
-9.7500624670e-04
2.0863990717e-03
-2.9658137080e-03
-5.9478024833e-03
1.7596970194e-02
4.7980318027e-03
-5.0011868729e-03
8.1979914366e-03
-3.8120003801e-03
-4.1869721586e-03
-9.7002463492e-03
2.9029602018e-03
-2.7496519875e-03
-6.9985550851e-03
-5.8770715387e-03
-2.2916378817e-03
5.5535736694e-03
7.1052171370e-03
2.8985907849e-03
-4.5047397491e-03
-2.1812111436e-03
-8.8916608768e-04
-5.3678296915e-03
-3.8820094601e-03
2.3162156255e-03
-6.1346742516e-03
9.8028906759e-05
-1.0080952289e-03
2.9677661541e-03
2.0072613947e-02
1.3077394931e-02
-9.6276483486e-03
-1.5220721588e-03
-4.0290226098e-03
-4.5742325411e-03
1.7201742910e-02
-9.0199910613e-03
-2.0182829421e-03
-4.3880801271e-03
-6.7346680166e-03
1.5827984575e-02
1.6137103391e-02
2.7726329462e-04
-4.3818452332e-04
3.3535503523e-04
-9.1203441282e-03
-4.8651096895e-03
3.7709097595e-03
-4.4572417784e-03
8.9478621324e-04
1.5669222874e-03
-5.8319153934e-03
-5.2911916902e-03
-9.3930868639e-03
-5.0934265844e-03
-5.0609839844e-03
9.7673074588e-03
6.2355554899e-03
-9.7173527467e-03
-3.3645364308e-04
-7.9769046620e-03
1.3004919775e-02
-4.8558094770e-03
-4.4918446903e-03
4.9502304022e-03
6.0404177450e-03
-6.2732133842e-03
1.8771722311e-03
7.6425825435e-03
-1.1567984380e-03
5.0976081437e-03
-1.7812971564e-03
7.8357680433e-03
2.6100027079e-02
-1.2858977799e-03
-2.7052976569e-04
1.0409369541e-02
-6.9797591103e-03
-6.4614381950e-03
-1.2937870310e-03
-5.4279818811e-03
-9.9948285429e-04
-4.5962662620e-03
1.0066640246e-04
-7.7816153992e-03
-1.9377145394e-03
-5.6266320801e-04
1.2309647078e-02
5.0790716701e-03
4.0140250458e-03
-6.3785047601e-03
-9.8253395273e-03
4.9586917041e-03
-9.9019171142e-03
7.5460587779e-03
5.7245701748e-03
-4.7655191619e-03
-5.1012256360e-03
-5.4707022192e-03
-5.0534361011e-03
-5.7514666347e-03
-1.2351906179e-02
-8.3144851827e-03
6.5273528234e-03
3.5372759714e-03
-7.5024201295e-03
1.1741656093e-02
-1.0766311261e-03
-8.6857038882e-03
-4.5649486108e-03
7.8730903382e-03
1.1769784249e-02
-2.6337913904e-03
4.9449436369e-03
-7.2846897441e-04
9.1537305127e-03
-6.5587225149e-03
4.2721459635e-03
-4.2277063796e-03
5.0934781179e-03
-5.0337045552e-03
-4.5750294252e-03
-9.1977594245e-03
3.9692755376e-03
-5.8399635522e-03
1.6145127899e-02
3.3499788946e-03
-1.7321787109e-03
1.6818742560e-02
8.7587130097e-03
-8.5013152820e-03
-6.1919311556e-04
8.3536470843e-03
-9.1654001556e-03
6.2248710070e-03
6.1149828833e-03
-8.0188389580e-03
-1.3279455356e-03
-1.5927206973e-03
-1.0184465802e-02
-5.9436812999e-03
5.3319820058e-03
2.3766357277e-03
6.9010036684e-04
-2.3596401923e-03
2.1474553092e-03
-4.1889863460e-03
-5.1747366082e-03
-7.1962380491e-04
5.1934276624e-03
4.2893998841e-04
-2.3192226548e-03
1.3284543975e-02
1.7916151362e-03
-1.0894156366e-02
-1.0469654608e-03
-6.5381730737e-03
-5.8856888622e-03
1.7118459680e-03
-4.2367142641e-03
-2.5880667121e-03
-3.6432460704e-03
-3.6098228259e-03
3.4018392451e-03
4.3248074000e-04
-8.8297252241e-03
5.6748281652e-03
5.0142385685e-03
3.4304524720e-03
-6.5125380838e-03
1.8918295095e-02
4.6260791370e-03
1.7831160451e-03
3.9310022328e-03
3.9604227170e-03
1.3909076349e-03
-9.6312470438e-03
1.4560836560e-03
9.0233047899e-03
3.3732246851e-03
-6.6665370313e-04
-4.6745086455e-03
3.7139239957e-03
2.8368652437e-03
-3.9642739039e-03
3.5444714933e-03
-8.0033725641e-03
-1.3820501821e-03
-7.0978924262e-03
3.8035210179e-03
-3.8789321993e-03
7.4251492889e-03
-1.8327509949e-03
1.1842291043e-02
7.3529025382e-04
-5.4424037002e-03
1.1584680562e-02
4.7338930688e-03
-5.8006265648e-03
1.0294693050e-03
1.3229338604e-03
6.0757062441e-03
-2.5963131274e-03
-5.9760186524e-03
3.9879993803e-03
-4.4679277578e-03
-1.7113748559e-03
-4.8513255757e-04
3.1034533296e-02
2.5788064485e-02
1.8025462666e-03
-3.0953361289e-03
-6.7629358492e-03
8.1838751731e-03
-3.0677184048e-03
1.3439297947e-02
-1.6605319304e-03
1.3066101681e-03
1.1768984539e-02
-5.8943009002e-04
2.3289376486e-02
7.1078764431e-04
5.6608925855e-04
4.1030716773e-03
-1.0310873465e-02
-3.6919802848e-03
-1.0124796439e-02
6.2353275757e-03
-9.2036716574e-03
-4.2873419562e-04
9.5664957405e-03
6.1786289129e-03
9.5900490219e-03
-5.4702091470e-03
1.1436112638e-03
-1.1368227070e-02
-1.2544978785e-02
1.2331546200e-02
1.4732497924e-03
1.7904237486e-03
1.0149770403e-02
-7.0805305645e-03
-2.1895347021e-03
-2.4405828294e-03
-6.0044450807e-03
1.2412049562e-02
3.8314132171e-03
2.7445550878e-03
6.5972021484e-03
-5.0498612415e-05
3.4197774533e-03
-7.4931579566e-03
4.5564422445e-03
-6.5533428587e-04
-1.0411520168e-03
2.2143881852e-03
-2.2950514173e-03
-3.8286461821e-03
3.1879217867e-03
1.8285134718e-03
9.0651533411e-03
3.8779068825e-03
-7.8257573074e-03
7.1408419413e-04
1.5166886808e-02
6.2002187547e-03
1.3895922317e-02
-9.7390914226e-03
-2.6463297858e-03
6.2052805248e-03
1.5761003823e-02
8.8151694281e-03
-3.4019619749e-03
-7.4481814810e-03
4.3368481530e-03
2.7670078363e-03
-6.8224579490e-03
-3.6473400316e-03
8.8672061736e-03
-3.4730036172e-03
-1.6741126583e-03
-9.3406593019e-04
-7.2412042701e-03
-4.0200212894e-03
5.2856777441e-03
1.1718204892e-02
-7.0645784836e-03
2.6648118277e-03
-2.4041915341e-04
-3.1798138445e-04
4.8096031607e-03
6.4415010715e-03
-9.8661392837e-05
1.2053839160e-02
4.6429844339e-03
1.1894071835e-02
1.1690934870e-02
-8.1380783246e-03
-6.2205614269e-03
-6.6833415478e-04
4.9278975816e-03
-3.2842098467e-03
-5.7768434368e-03
3.7668462923e-03
-7.8102612743e-03
-8.2127137815e-03
-6.5018437373e-03
-1.5486928001e-03
-8.0593586550e-03
-6.9382422108e-04
-8.6274159758e-03
-5.0722794502e-03
2.0890396131e-03
-8.6832277562e-03
-4.4209194775e-04
-5.0896751239e-04
-1.0080021054e-03
6.8358967813e-03
8.1036856358e-03
-1.5352842268e-03
5.1540624606e-05
-1.7135306126e-03
1.2407128299e-02
-2.2961726114e-03
1.1316867150e-02
-2.7189130224e-03
-3.7467938693e-03
8.5737684444e-03
-5.4406141014e-03
-4.2167095011e-03
1.1908069439e-02
-7.8443078385e-03
2.4211700063e-02
5.2333072928e-03
-3.7660466542e-03
-5.0544851576e-03
-8.0948862108e-04
3.0623230109e-03
-4.8486126254e-03
3.3364396386e-03
1.2633379078e-02
-3.6844325726e-03
1.2532829443e-03
-9.6599141370e-03
-9.0333936865e-03
5.8031440851e-03
-7.8110030133e-03
-3.0072865647e-03
-2.7811730302e-03
-7.4897988830e-03
1.9205466664e-03
-4.8840977747e-03
6.0423971164e-04
3.5325275123e-03
6.0891245160e-03
-7.5533079053e-03
-1.7038879736e-03
2.0658513155e-02
2.7756825321e-03
-6.3611096335e-03
-3.1980869912e-03
-8.7436358134e-03
-4.5877689907e-03
-5.0608992433e-04
-8.2459577765e-04
4.9129748388e-04
1.7555434251e-02
1.2474493745e-02
-5.7320228341e-03
-2.1070058203e-04
2.1854950717e-03
3.7279967009e-03
2.2602964935e-03
4.4788340425e-03
-6.7775128199e-03
-2.7775308549e-03
7.8869693391e-03
-6.4839183489e-03
-3.1044332394e-03
-5.3934465062e-03
-4.3725638180e-03
-5.0863120169e-03
1.1642383820e-02
7.1432927739e-03
-2.6802947252e-03
1.7802518338e-02
-9.1575041034e-03
7.5207638333e-04
-4.9471526361e-03
-3.6096188772e-03
-5.7911718711e-04
-4.7794093010e-03
-1.4211281852e-03
-1.8740688955e-03
-1.7413806913e-03
-3.1519999954e-03
-2.3635860897e-03
-5.9082414540e-03
-1.2207470329e-03
7.6106234196e-03
3.0836903998e-03
1.2658534558e-02
9.9085879091e-03
-7.4331468950e-03
-6.3410101223e-03
-1.1005145278e-03
1.0471401298e-02
3.7042435279e-03
-9.2387621970e-03
-9.8704022398e-03
2.4230887307e-03
-1.6582962548e-03
-9.3562344619e-03
-7.7188596711e-03
2.9998085365e-03
-2.0959679546e-03
-8.2856286858e-03
8.2493378254e-03
-3.9815434677e-03
-1.0377036781e-02
-5.1907720429e-03
-4.1780561103e-03
5.7640703682e-03
1.0814149389e-05
9.0148290591e-03
6.7714976020e-03
-4.6225460025e-03
-2.0687344988e-03
2.8339695836e-03
-3.6706022889e-03
5.0963743759e-03
-1.1914151277e-03
1.7591513681e-03
-2.9296265854e-03
-7.1916643752e-03
-3.8173402876e-03
-6.1525757012e-03
1.4097207677e-04
-7.2994555232e-03
7.4640775742e-03
-1.1465105808e-03
-2.7700397601e-03
-2.1986543407e-03
-6.2175601160e-03
-8.2576095441e-03
-9.6289210734e-03
-1.0338252783e-02
1.2785414742e-02
4.9293021924e-03
-1.1124843638e-03
-3.8649713181e-03
-7.2011917718e-03
-7.5666483630e-03
1.5304314289e-04
-4.0729717005e-03
-3.3742741008e-03
6.0279660868e-03
3.0366922716e-03
-1.7700350063e-03
-1.0507404604e-03
-3.9546317082e-03
1.5155691042e-02
-6.2712164378e-03
8.0991916825e-04
4.6316383158e-03
-7.4013089547e-04
5.8573870250e-04
-3.0584631437e-03
-8.3706138462e-03
2.6719893585e-03
4.5249624597e-05
-4.6247576952e-03
-2.4989091783e-03
-1.9012137807e-03
3.8652015023e-03
6.9043107686e-03
3.5192251488e-04
3.7391696743e-03
-9.4871606272e-03
-4.5367533271e-03
1.0538754499e-02
2.7819047009e-02
-2.4386466765e-03
-2.0695841094e-03
-5.4618686324e-03
2.4080450216e-02
-1.2658261219e-04
-5.2431567277e-03
3.9302315188e-03
1.1267361991e-02
-9.9954891980e-03
1.2065597419e-02
6.3145101022e-03
-4.5938161652e-03
1.3141624125e-03
-9.7683390098e-03
-1.1813127908e-03
-9.4592791937e-03
-2.8114285039e-03
-9.8556004359e-04
-6.9006155826e-03
-6.5339684328e-03
5.9511258177e-03
-6.5228275307e-03
-6.5626340505e-03
-1.0203840653e-02
9.7378150265e-04
-1.7705343798e-03
-1.2141004121e-02
-6.8181867640e-03
-5.0373586634e-03
4.4816316415e-03
6.5905956911e-04
2.1718830094e-02
-3.7709218601e-03
1.7282468518e-02
1.1457829438e-02
7.1398905797e-03
-9.6546441346e-03
5.7309877190e-03
1.5312322339e-02
-2.4419706901e-03
-3.6374524547e-03
1.3772363539e-02
-3.7063599209e-03
2.9890022908e-03
1.2843423299e-02
2.7185542161e-03
-5.3801243220e-03
3.1924740916e-02
4.9897762037e-03
-1.0864809813e-02
4.5351033965e-03
-7.3052854228e-03
1.5934253271e-02
-5.0264599386e-03
-2.6828579678e-03
-3.9636049363e-03
5.9463704415e-03
-6.9581609853e-03
-5.2104548620e-03
-2.9776893887e-03
3.1802024676e-04
-1.8817795749e-03
7.0718664149e-03
-7.9180931489e-03
-4.2604207951e-03
-1.3098417095e-05
2.1014159488e-02
-8.9925066682e-03
-5.4028756585e-04
4.6129386822e-03
-1.8435415710e-03
6.9139276468e-03
-3.6331380947e-03
2.8711218766e-03
-9.5080529069e-03
-1.3315325878e-03
-3.0525626143e-03
-4.1424183514e-04
3.9343022507e-03
-5.3533268936e-04
-1.1350387752e-03
7.8724172094e-03
3.7407417128e-03
-2.1969991889e-03
-7.7364640445e-03
-7.9619126787e-03
-1.6019943385e-03
-1.0994794354e-02
-7.1684337583e-03
-6.4401528016e-03
-4.9772643988e-04
-5.6849403543e-03
1.1895958785e-02
1.4935909889e-03
-4.5222272168e-03
-7.9437808217e-03
2.1068013917e-03
-7.7323482862e-03
1.0391463165e-02
-4.4235175650e-03
7.1736663524e-03
-7.7695747257e-05
3.7010689941e-03
1.9737588722e-02
-8.5373623917e-03
9.8668112552e-03
-1.3254433480e-03
3.5210935109e-03
1.2987516951e-02
-8.0004685841e-04
5.6483858439e-03
2.8065596030e-03
-2.1822873302e-03
-9.5999670228e-04
-2.8257039216e-03
8.9442789472e-04
-4.2395523613e-03
-2.3984784057e-03
7.3798916666e-04
5.3738702808e-03
-7.6438150342e-03
1.1117726354e-02
-8.8445166981e-05
-2.6277572006e-03
-3.9320181340e-03
-1.0997801933e-03
1.7919498113e-03
-1.0469608426e-02
-4.6563830224e-03
-5.8678315398e-03
3.3320489390e-03
-8.6178503362e-04
3.2923778816e-03
-4.9287098593e-03
3.6731334635e-03
-3.2964044605e-03
8.0774054528e-04
4.9561107356e-03
3.1248206138e-04
-8.1546841419e-03
-3.6175805376e-03
2.2917610838e-03
-2.3687993522e-03
-1.9075291806e-03
1.5815300219e-02
7.3206215033e-03
6.9098247213e-03
-3.9404730821e-04
8.3527401840e-04
-5.2276009296e-03
-5.7274873534e-03
8.4274678398e-03
9.2005847840e-03
1.1372331201e-04
7.4043601499e-03
-3.1031447767e-03
8.2616666758e-03
-7.8991983046e-04
-4.1594272866e-04
-4.0028394465e-03
-2.2610755140e-03
-7.8028987112e-03
1.1924137463e-02
-7.3033223872e-03
2.2613543056e-04
-2.3859437691e-03
-8.9865774797e-04
-5.5527599444e-03
7.3619399549e-03
-1.3900940535e-03
3.5796820593e-03
-6.2542471836e-03
-3.5613093682e-03
1.6308769632e-03
1.6160459340e-03
-1.1334715613e-03
4.4113075664e-03
5.5390339443e-03
-5.7868484035e-03
-4.2387987468e-03
1.6325073617e-03
9.8289562220e-03
4.7836287658e-04
5.5664705573e-04
1.3220113904e-03
-2.9486547829e-04
1.7686685410e-03
-4.5595680277e-03
1.1540044666e-02
1.8998391128e-03
8.9853186836e-03
-8.9860023688e-03
-2.4605656498e-03
3.1817612612e-03
3.7409982508e-04
1.1445292306e-04
2.8746551874e-03
6.5368066880e-03
-7.1014075279e-04
-5.8934974683e-03
1.9137646229e-03
-2.6132231551e-03
-3.1032046578e-04
-3.9377809617e-03
2.2767907315e-03
4.2822604753e-03
-7.8580453610e-03
6.0957421430e-03
-3.3850652948e-03
9.5549812193e-03
1.6954957399e-02
4.1111495556e-03
9.1276885689e-03
2.8772045835e-03
-3.9111886266e-03
1.9576339092e-03
2.0066367031e-03
3.7534917520e-03
8.8016670714e-03
-6.3004360308e-03
-4.7078425507e-03
-3.7988192394e-03
-4.3244681088e-03
-5.5936539451e-03
8.6725252325e-03
-1.6542753364e-03
6.8390946701e-05
4.7259802853e-03
-6.0885840379e-03
-2.0820996863e-03
-4.0074207443e-03
-5.7942283186e-03
1.2057583754e-02
-2.2159775564e-03
5.3890630725e-03
-5.1911671513e-03
1.2991806711e-02
-2.4723292722e-03
7.4407075696e-03
-3.3202884478e-03
-5.7254914699e-03
-6.8682371126e-03
8.1575411628e-03
-3.5868734061e-03
6.6638073167e-03
8.7828404158e-03
-4.7993924764e-04
5.1888575896e-03
-8.6227644511e-03
-9.3793487637e-04
-1.1597976291e-02
-2.7285035111e-03
-5.1661093056e-03
3.6039611849e-03
-8.6754400575e-04
-5.7344631570e-03
-7.3961196642e-03
9.2456267636e-03
-8.8484953071e-03
1.3138735046e-02
-7.0856008797e-03
8.4788314404e-03
-2.5698029946e-03
1.8912111505e-02
9.9156921864e-03
5.2233826999e-03
6.4425272761e-03
8.2605815765e-03
1.8269238941e-02
-4.9064346540e-03
-1.0007311762e-02
-8.1258227769e-03
5.6309619290e-03
2.2473065694e-03
2.5437775489e-02
-4.5671478811e-03
-3.1169939607e-03
2.4644349059e-04
-5.3692094247e-03
1.1157621010e-02
2.6110763946e-03
1.7881159990e-02
-9.9224261376e-04
-8.1302462011e-03
-5.7348761105e-04
5.7342556904e-03
-5.4932896583e-03
1.9875605121e-03
1.1703048496e-02
2.1704823523e-02
9.0858655307e-03
-1.9185522806e-03
6.2802886418e-04
1.1396323041e-02
-9.0881341896e-03
-3.3687973022e-03
1.7505309737e-03
1.2394115427e-02
-1.0456647202e-03
-2.9878030765e-03
2.8684351671e-03
-6.3549737932e-03
-3.6368312774e-03
1.2496616337e-02
-6.0881597426e-03
3.0072868958e-04
-5.1781550072e-03
-1.2949782255e-03
1.3370605290e-02
9.4492407317e-03
-2.4147191276e-03
-1.2720504277e-03
-4.3752464510e-03
-1.1133670912e-02
-5.4954955673e-03
-7.9402214352e-03
-5.2227304252e-03
-7.8078503963e-05
-9.2038767444e-03
-6.9310671417e-03
1.8742728117e-02
3.1342258721e-03
3.5740963181e-03
6.2366418779e-03
-6.4372893093e-03
3.6643031825e-03
5.9704219369e-03
2.2849428098e-02
8.7268331550e-03
9.6962304775e-03
3.4785174124e-03
-1.0921811172e-02
-4.4377374568e-03
-7.4131687808e-03
1.8337291513e-02
-4.5854586349e-03
-5.9839184738e-03
-1.6139969777e-03
6.8643723417e-03
-5.6181818563e-03
-5.2912950532e-04
-6.0952198416e-03
-2.8110811912e-03
2.0572318802e-02
8.3023778175e-03
-2.2015149753e-03
1.0003965233e-02
1.1503899475e-02
-1.4974258436e-03
-7.1772895974e-03
-2.7486526441e-03
1.8775467495e-03
-1.1561602406e-03
-5.0709276016e-03
-1.0486845260e-02
1.2916457974e-02
6.2086024489e-03
-6.2476011960e-03
-6.1304494330e-03
2.3567783166e-05
-1.9339761513e-03
3.2821027453e-03
-2.3846559281e-03
-3.4710820212e-03
-9.6791062797e-03
2.5961164162e-02
-3.0379895577e-04
-9.9825983362e-03
-9.5797794008e-03
1.7590038754e-02
1.0110895111e-02
-1.0635539324e-02
-5.9686635478e-03
4.0079808358e-04
-1.6943066780e-03
-9.3416206448e-03
-9.1270143163e-03
2.8874743044e-03
5.6399465926e-03
3.7592387428e-03
-7.6500369015e-04
-1.0148190659e-02
-9.7917036668e-03
9.4930980537e-04
1.4619892347e-02
9.7827546279e-03
1.5177258662e-02
6.7676092741e-03
1.0094376506e-03
-6.5419607454e-03
6.0403620748e-03
-5.6801178752e-03
1.4333515009e-02
-3.3415349300e-03
3.2279910589e-03
-4.5094488922e-03
9.5751586065e-03
-9.7098312313e-03
-7.2294481709e-03
-9.3728580640e-03
-6.5079518803e-03
1.5762163284e-03
-4.0187096514e-03
3.2233743039e-03
-5.3395581401e-03
9.4847446380e-05
-5.4246780772e-04
-6.5507286090e-03
1.2414880461e-02
-6.0211531584e-04
8.6578776532e-03
6.8077272596e-03
-2.3149306343e-03
8.6411717933e-03
3.1938937949e-03
3.2279147417e-03
-8.9949558168e-03
1.6742532422e-03
1.4099883248e-03
-4.2574800248e-03
-1.9481316811e-03
8.7617027860e-03
9.4875699278e-03
-1.0504685225e-02
3.4560813759e-03
1.8001623055e-03
-8.2033983201e-03
4.6659707681e-03
3.6707601963e-03
1.1170046529e-02
-2.6425060022e-03
-3.0341309788e-03
-1.0915136617e-02
1.1455892730e-02
2.4902790064e-03
-3.0664541128e-03
4.0993603704e-03
3.5662140035e-03
5.2322909648e-03
5.5160859582e-04
-2.7877401792e-03
-4.0192667374e-03
-1.0576543465e-02
7.9164862931e-03
3.7895985050e-03
-3.1428279202e-03
6.6167147636e-03
3.7341378968e-03
3.0121149450e-03
1.7344089170e-03
-1.3747757876e-03
-1.8154257638e-03
-3.3456180911e-03
-3.9794866870e-03
-2.6840655362e-03
1.2163929733e-03
8.8777804276e-03
-6.2202015294e-03
-3.2609084433e-03
-4.4853010798e-03
4.8685708043e-03
-5.9986841086e-03
1.5236255256e-02
8.1832411441e-03
2.3631025611e-03
5.4774088838e-03
-2.3061572089e-04
1.4157176701e-02
-4.2631965503e-03
1.0482342861e-03
6.0606378045e-04
1.1710231285e-03
-7.1624530184e-03
-7.2964825940e-03
-3.4839017267e-03
-5.0195858841e-04
9.8835168229e-03
6.5699263054e-03
-1.5013109589e-03
-3.8626457167e-03
8.9075860616e-03
-2.5315385745e-03
9.9947122038e-03
5.2829667453e-03
-6.8019605895e-03
-7.0131404463e-03
1.4326497498e-03
-6.4379935715e-03
-2.9859697382e-03
9.6420456651e-04
2.2382152389e-03
-6.1309675361e-03
-1.0122916309e-03
1.1852830222e-02
2.1373246848e-03
-1.1539305262e-02
2.2280569809e-03
1.5124940341e-03
1.4695970934e-02
1.5010281044e-04
-5.0735623139e-03
-4.1377640358e-04
-3.0028701800e-03
-1.1514581951e-03
-3.9161888876e-03
-2.0653903759e-03
-5.7726847349e-03
3.7645524875e-04
-4.8459945918e-03
8.8150534074e-03
-5.1522051262e-03
7.2458170830e-03
1.1131790588e-02
-2.2630265983e-04
-1.4796843621e-03
2.4922076832e-03
1.2932401777e-03
-3.1275364101e-03
-1.8764173266e-03
3.8694628061e-03
3.5550944956e-03
-5.2039872484e-03
5.2714063318e-03
5.8460738989e-03
1.2825731524e-03
-1.9274449815e-03
3.3797910948e-03
-3.9784399605e-04
3.9229465038e-03
-2.5450091128e-03
-5.7809761096e-03
4.5690016847e-03
4.4900203204e-04
2.6546470174e-03
3.1682813858e-03
-2.7989366572e-03
-1.4307016702e-03
-9.4447120922e-04
1.1250288749e-02
1.7011580074e-02
2.5289428733e-03
8.7882537786e-03
-3.5632080545e-04
-7.5417077440e-04
-2.1573293534e-03
4.6628035478e-04
-1.4691117934e-03
-4.4101255329e-03
1.2039710991e-03
-7.5037159421e-03
4.6839225858e-03
4.1027779434e-03
2.5503443772e-03
-3.8392254756e-03
-4.8151458542e-03
7.8837461031e-03
3.7427002740e-03
1.7112726492e-02
-9.2242638434e-04
5.7525585604e-03
8.3309718629e-03
-5.7681716214e-04
-5.1885448990e-03
-4.3844647232e-03
-5.6771587894e-03
-3.0657195286e-03
4.0960435702e-03
4.1180698137e-03
-4.2642142214e-03
8.9254412538e-03
-3.8017255858e-03
-5.0521060991e-03
1.2934065326e-02
1.7933887993e-03
-5.1188727629e-03
-1.0211018394e-02
-2.8400347154e-03
-6.9798722871e-03
-6.4532475754e-03
5.2225651461e-03
-3.5688049888e-03
-7.1818146184e-04
2.2289559083e-02
-4.3845049204e-03
1.4855301777e-02
-6.1259093087e-03
-4.5918352064e-03
-4.5234095577e-03
8.2153136568e-05
1.4297655767e-03
8.5750364878e-03
1.5724758017e-02
-2.5283427368e-03
-6.5171569800e-03
-2.6099581888e-03
7.4135767264e-03
-2.1299230941e-03
-7.8532187128e-03
-1.4782183010e-03
-5.2571641328e-03
1.1125314769e-02
-3.8902573063e-03
2.2322591497e-03
1.4947833987e-04
-7.0677002183e-03
-5.1188395196e-03
-6.0526342729e-03
-6.3283861967e-03
2.9813853013e-03
-1.0740440900e-02
1.1059056221e-02
-3.1918930934e-03
-1.1368248348e-02
-1.2836208393e-02
9.4874153028e-03
6.8618632525e-03
2.5907796820e-03
-8.9312955768e-04
2.1571879615e-04
4.5304050657e-03
7.2719402936e-03
1.4533882024e-03
1.1364905818e-03
4.5059418106e-03
6.3770727205e-04
8.5846421466e-03
2.3304447362e-03
-4.9424789420e-03
2.9249337426e-03
1.5601028486e-02
-5.2740140803e-03
-4.6851478206e-04
-1.1654093359e-02
6.7038246652e-03
-5.1100218486e-03
7.1882381794e-04
-5.9181637595e-04
-6.1299305013e-03
-6.3533986240e-03
-7.6808213552e-04
-4.0345324934e-03
-6.8122602870e-03
1.2195996945e-02
4.2763938264e-03
1.3052084258e-03
-6.8291253930e-03
2.8562567145e-03
1.8921926791e-02
-3.3041435825e-03
2.9028119903e-02
1.2229183744e-02
1.8772447531e-03
-2.8496861629e-03
4.4329761633e-03
1.5164894763e-02
-5.5625044656e-03
4.5137491268e-03
-4.0880492762e-03
-1.9057108704e-05
-7.9744102597e-03
2.0168769559e-03
3.5536349406e-03
6.5501681186e-03
-5.0070377248e-03
-2.5230023530e-03
5.3572435841e-03
6.7548802746e-03
-3.4104324269e-03
4.1916415946e-03
-6.3455716293e-03
3.2249406721e-03
-2.1403314581e-03
-6.3317196917e-04
8.6462001991e-03
-3.8207049145e-03
-2.7469945308e-03
1.0527634429e-02
4.8422415957e-03
-9.9691957518e-03
1.1516315578e-02
-6.6546486155e-04
-1.1555761107e-03
2.2672822209e-03
-6.3232720032e-03
3.5105440688e-04
-4.3611640549e-03
-7.6981833563e-03
3.5606789796e-04
4.5525311669e-03
-4.9257097765e-03
-6.9437148101e-03
2.3514104291e-03
5.6659241264e-04
-6.9263433278e-03
-4.3481715164e-03
9.1241709931e-04
-7.7060347705e-03
-7.3700229133e-03
1.6428254952e-02
1.2445934012e-02
3.3330353287e-03
-6.6509643059e-03
9.3017192765e-03
-1.4768947589e-03
2.1517366490e-03
-1.3151731026e-03
-6.3499334706e-03
-1.3697691647e-03
2.4018495545e-03
-2.5318695965e-03
3.6341170899e-03
2.7653321069e-03
-3.6136499586e-03
3.1783798079e-03
2.6685062396e-03
-7.2931908202e-04
1.0579624162e-02
-6.5516534510e-03
-4.0127608393e-05
-4.1459859255e-03
-8.0255525531e-03
2.4085454828e-03
-4.3378907869e-03
2.7352167900e-03
-2.6179951836e-04
1.3928353830e-02
-1.0875164597e-02
1.1588874796e-03
-4.4684683125e-03
1.1839664554e-03
-7.6953849990e-03
-1.7771641409e-03
-9.2641169312e-03
-9.7319083303e-03
-6.3032764374e-03
-3.2476395737e-03
-2.9296690415e-03
1.1026447433e-02
-6.6958079121e-03
1.2159698273e-02
-9.3154176473e-04
4.9488784121e-03
-1.9480854404e-03
-1.2742680022e-03
1.8094403206e-03
-1.0731542273e-02
-5.3252557868e-03
2.4964196213e-02
-1.7057141587e-03
1.9965548037e-02
3.2869657791e-03
-7.0527374371e-03
2.5727894689e-03
-5.3741248711e-03
-8.6550824837e-03
-1.0983057290e-02
-4.0371619868e-03
1.6440350078e-02
1.9372147280e-02
2.0913344862e-03
-1.0116732651e-02
-2.1660599763e-03
-8.8718366025e-04
-2.0001796102e-03
2.1253200555e-03
-4.9178861530e-04
3.7827899516e-03
-7.9557924962e-03
2.3179515280e-02
1.5295159430e-03
-5.6069486935e-03
-5.1509536880e-03
-9.1849756477e-04
5.6011419724e-03
7.6726854235e-03
-4.4403055246e-03
3.0434825519e-03
-3.2929130978e-03
6.7221289282e-03
6.1165126628e-03
3.2492053197e-03
-7.6715855680e-03
4.3603098380e-03
4.8020500620e-03
7.4569455715e-04
-1.7678681375e-03
4.4705890458e-03
-1.9077089518e-03
-4.7094440995e-03
-6.4188099149e-04
2.9195319447e-03
1.9640105125e-03
-2.4605474335e-03
-5.0087987747e-03
1.0854120943e-02
-2.6931827357e-03
6.3577868854e-03
1.6331400295e-02
9.4182173032e-04
5.7527767008e-03
-1.1606121691e-03
3.1770672806e-03
-5.4861812163e-03
1.3354519209e-02
-7.1773657640e-03
-4.1962403670e-03
2.5137697118e-03
4.1230230145e-03
-2.4615146063e-03
8.0372983919e-03
1.2364038119e-02
5.2203734365e-03
-1.3207583215e-02
-4.3840242206e-03
2.3354886912e-03
-9.5482317383e-04
1.4525424854e-02
-9.9881924547e-03
7.3671582455e-03
-1.0587427424e-02
-8.3371690387e-03
1.3073497354e-02
-7.5290801884e-03
-1.7091556416e-03
-1.2161151402e-03
-5.8797825649e-03
-5.1158769356e-03
2.1481082595e-03
4.2839003937e-03
4.5871936216e-03
-1.0052130110e-02
-5.3844293797e-03
9.9600732195e-03
-6.3520497650e-03
-7.8092067783e-04
-4.9522904663e-04
-1.4847105553e-03
-9.2225904677e-03
-5.0677041776e-03
-6.2011298181e-03
-6.0676599552e-03
5.2590012336e-03
3.7155061795e-03
-1.4074303850e-04
1.1556720181e-02
-1.8756197133e-03
-5.7766548042e-03
-9.3763389876e-03
-1.5598313776e-03
-7.5447377964e-03
-2.8171865292e-03
-1.3226947475e-02
-6.1792154925e-03
1.3401142196e-02
-8.7630857475e-03
-4.1663671781e-03
8.6844833805e-03
1.3491310368e-03
9.9590055052e-03
-8.1858031875e-03
1.5709004108e-02
-3.1865117026e-03
-5.5002967145e-03
2.7690657064e-03
-8.6410854075e-04
1.0644023315e-02
-8.3476664921e-03
9.2121946104e-03
-2.7013985610e-03
-1.3875397535e-04
1.2806389682e-02
3.7465627378e-03
-9.9015784158e-03
-7.1232925554e-03
-8.9825755607e-05
-9.9654336994e-03
4.6383530844e-03
-2.5810389370e-03
4.0341202535e-04
-6.7968709991e-03
8.7099939556e-04
-2.7140439745e-03
-2.4241343503e-03
7.5835565357e-03
1.1369486189e-03
2.6342034228e-02
9.2322024517e-03
-5.3635151967e-03
7.3645903613e-04
-6.9046509614e-04
-5.5192380275e-03
-2.8675250346e-03
-9.7556074003e-03
2.6773821658e-03
-4.2685659016e-03
-1.2139784230e-02
7.4500077453e-03
-4.1708787265e-03
-2.4381886456e-03
-5.6925049987e-03
4.2440695451e-03
-4.0876766992e-03
-8.2031366834e-03
-3.2245624462e-03
2.1594721903e-02
1.4587965052e-02
1.0513870972e-03
8.6975113256e-04
5.2943060014e-03
-7.6813400194e-03
-8.8778823901e-03
-1.2949092865e-03
-2.3646576942e-03
-1.4286093167e-03
-1.7043686037e-03
2.3823134095e-03
-6.2006728917e-03
1.1879258711e-02
2.9120985507e-03
-6.5780575835e-03
3.8650530248e-03
2.4967736487e-03
2.1258178321e-03
5.2242056479e-04
5.0323472682e-03
-4.1952788391e-03
-5.0989940444e-03
-3.7815856952e-03
-7.7226975047e-03
3.2163210201e-03
-4.0078653003e-03
-5.1779814132e-03
-3.6282335998e-03
-7.0268547934e-03
4.9718859018e-03
-6.3112203541e-03
-6.9717299474e-03
1.3252518976e-02
7.1449122288e-03
1.7957805837e-02
-6.0622772324e-04
-3.6365560655e-03
-4.1296999393e-03
-2.0447429943e-03
6.1168963222e-04
-2.4191219587e-03
-1.1114491411e-02
-5.8802381455e-03
-2.1830516661e-03
5.8982894168e-03
-6.6591506958e-03
-5.9043858210e-03
2.0392622288e-03
-9.3935282810e-04
-6.4835483748e-03
3.5034160527e-03
-1.7086536721e-03
-9.1993878932e-03
1.8684773038e-04
1.3052646611e-03
-9.3083724760e-03
7.6212598688e-03
-6.2207328371e-03
-2.8968495094e-03
1.1931599809e-03
-4.7647682875e-03
-4.2690753812e-03
2.3440086235e-03
4.1225416787e-03
1.5233401606e-02
-1.2492383554e-03
2.2308950831e-03
2.3581667084e-03
-4.1620578173e-03
-4.9950028340e-03
-3.2793449731e-03
-4.9669917582e-03
-9.8578049657e-03
5.1282090645e-03
1.4445674573e-02
1.8326023286e-02
3.6649778595e-03
-5.9122173337e-03
-1.2766357798e-03
-6.9446386088e-03
-3.5742449707e-04
-1.8242550423e-03
-6.7617634555e-03
1.3834781994e-02
7.2772886227e-04
-4.9554077008e-03
6.4796729830e-03
1.2925132978e-03
7.1957643619e-03
5.4127869585e-03
9.7810311532e-04
1.9087072500e-03
-4.2105876349e-04
2.0875433904e-02
-8.1959922728e-03
3.7966616866e-03
1.1265753820e-02
1.9237007008e-03
8.8589670546e-04
-3.0378940777e-04
9.6777194897e-03
5.8240839090e-03
-2.5586394414e-03
-5.0752925101e-03
-2.9465053214e-04
-4.0054459608e-03
-2.4418465891e-03
-6.1541318795e-03
-4.4078251529e-03
-8.5724139737e-03
2.8929712924e-03
-1.6530580190e-03
-1.0377358598e-02
-7.3236905399e-03
-3.3416387502e-03
-4.5316568340e-03
-1.9888515485e-03
-5.8784234566e-03
-6.9122571292e-03
5.3899421586e-04
1.4045522169e-03
2.9208344659e-02
-9.2945487302e-03
-1.2016374289e-04
-1.0851900791e-03
-2.8034514498e-03
-8.9877849814e-03
-2.5669697600e-03
2.9602015400e-05
3.7728682525e-03
-1.7797067706e-03
-1.0402123141e-02
5.0980434272e-03
-6.4021941395e-03
-1.0988394353e-02
2.0403830616e-03
-3.1216512136e-03
-3.9891594130e-03
3.4930874733e-03
-1.6982775728e-03
3.7171446287e-03
-7.7213129574e-03
-1.2660335943e-02
-3.8871265382e-04
6.0116455424e-04
3.1346557603e-03
-1.7562321098e-03
8.5669238107e-03
-6.6390627349e-03
2.0338128635e-03
1.2868107810e-02
-4.1804324392e-03
-6.9611490412e-03
1.2915626246e-02
-3.3020034990e-04
5.9789747164e-03
6.3436903640e-03
-1.0283666102e-02
3.4187893317e-03
-7.7535388536e-03
-3.9651622062e-03
-4.8209173536e-03
1.2231835922e-02
-2.1891516425e-03
-3.5135127424e-04
-4.1667550916e-03
-1.0278762729e-02
-8.7101904035e-03
-3.4484786168e-03
-6.3435589617e-03
2.7305850626e-02
1.4800248784e-02
-1.8375531288e-03
1.1601139054e-02
2.7246111594e-03
1.0884748068e-03
-4.2935470272e-03
-1.6356742970e-03
2.2084212294e-03
8.2113809539e-04
5.9700148746e-03
4.1819185636e-03
-1.4240249735e-02
5.4245524436e-03
-4.6605678462e-03
-5.5650911519e-03
-1.1627910557e-02
1.3393107261e-02
-7.2341165651e-03
-4.5446728628e-03
-4.1557924055e-03
-8.7677222217e-03
-8.9303178909e-03
3.1392006995e-03
-2.1302003516e-05
-2.8066756070e-03
2.2019035091e-02
2.3202424741e-03
-6.0073296685e-03
-1.1695586728e-03
-2.7633803449e-03
-9.7195531919e-03
6.2253217393e-03
-3.4545092402e-03
-5.4360373914e-03
4.8223968722e-03
2.9515645830e-03
1.2950148621e-02
1.0647326148e-02
-2.4414801335e-03
-1.2144776282e-03
-9.2645351665e-03
3.2496669684e-03
-7.8048719242e-03
1.7927457606e-02
-1.7000254033e-04
3.1259150116e-03
1.0271660816e-02
2.4863075300e-03
6.9219371935e-03
3.5921875939e-03
-3.4539154230e-03
-7.8707472144e-03
-4.7259748402e-03
1.2305690809e-02
-4.2653865880e-03
-4.8099818596e-03
7.6854785228e-03
4.4245040128e-03
-8.4088483169e-03
3.5632433862e-03
-8.8111823974e-03
2.8883390342e-03
-5.7200896764e-03
-1.9045091137e-03
-8.6837639481e-03
5.3840856399e-03
-2.1299335749e-03
3.6022159347e-03
-3.7425100433e-03
2.0705144247e-02
1.0053516097e-02
-5.3748473830e-03
9.7089833511e-03
-3.5947203250e-03
2.1919200777e-02
1.2392448720e-02
-4.3285653706e-03
8.5836542360e-04
3.6256925842e-04
-1.7308107279e-03
-5.0135571147e-03
5.5408413008e-03
-2.8166976018e-03
-2.6400003704e-03
1.2805081382e-02
-9.7311634948e-03
5.8173539275e-03
3.7201294791e-03
6.8258888064e-04
1.3142882347e-03
-3.6221446243e-03
1.7080301843e-03
-6.2986502032e-04
-7.5980975895e-04
8.5214024950e-03
-8.1044885976e-03
1.1753383988e-03
-6.5788502543e-04
2.6317523897e-03
5.4548184622e-03
-7.4238956871e-03
-3.9317642414e-03
4.4252059485e-03
7.7066550517e-03
1.0750069072e-02
5.5336366152e-03
2.3562209193e-03
9.7576467680e-03
9.9225623997e-03
9.0273249915e-03
5.7613566818e-03
1.6621878449e-02
-3.4510379387e-03
1.0453167629e-02
9.0122619912e-04
-5.6093446929e-03
-7.7318582601e-03
-5.0330006108e-03
-6.6993321673e-03
3.5144346042e-03
-2.0326027012e-03
7.2722213337e-03
2.0833024461e-03
-3.0743961813e-03
-1.4884968215e-03
1.5198159126e-02
-6.8608555870e-03
2.7202596247e-03
2.9005698181e-03
4.9770057246e-03
5.4105539268e-03
4.8605941414e-03
-1.5253084224e-03
-1.5981777082e-04
-7.3206796427e-03
1.0194516812e-02
-1.4059742741e-03
2.1432401610e-03
1.1145817457e-02
7.1517695140e-04
-9.0337733147e-03
1.0853532294e-02
3.3161602156e-03
1.3118533139e-02
1.3023069888e-03
2.1759559026e-03
4.4676845964e-03
-8.0035476613e-03
-7.2635279566e-03
-4.0750322138e-03
2.8522225416e-04
7.1218194709e-03
-1.0391813123e-02
8.9761389673e-03
-1.7673143861e-03
-1.1639749573e-03
-6.2995264848e-03
8.3965887172e-03
-3.9319821499e-03
-1.5584414002e-03
-9.3290415761e-03
-1.2616834545e-03
-3.5749189209e-03
6.8555798820e-03
-6.1956730582e-03
8.8674787501e-03
-9.3139268484e-03
-7.7555743777e-03
5.7605280526e-03
4.5433653993e-03
9.3765029020e-03
6.4004138009e-03
-6.3983188465e-03
-3.2316100063e-03
-3.3057504557e-03
1.3703030288e-02
1.8378980252e-02
-8.7723186479e-04
-9.2436426024e-03
8.4533743974e-03
-8.2424245707e-03
1.7367323853e-02
3.0706013408e-03
2.1896056548e-03
-1.4693899750e-04
1.5028370351e-03
1.6218654341e-03
4.2991693263e-03
-1.2139004554e-02
3.6942673180e-04
1.0491935548e-02
2.3701563833e-03
9.9576158725e-03
-5.3963195808e-03
2.7544419523e-03
1.1918499347e-02
1.0960650661e-02
-5.3830211475e-03
1.5439002152e-03
-7.8596657058e-04
-2.4883457861e-03
-2.6852246124e-03
-2.0410142889e-03
-1.9764829079e-03
-1.7998480453e-03
-3.5014281144e-03
-7.5215847275e-03
-5.6590423684e-03
-4.2830779825e-03
9.9206459429e-03
-1.2207198399e-02
-6.6951672202e-03
7.4851315303e-04
-1.1289802985e-03
-2.6009127491e-03
7.5506263080e-03
-1.0632058069e-03
-1.5989401026e-03
-6.5437954490e-03
4.3681800090e-03
-4.2633759587e-04
-3.1982798899e-03
2.8838176849e-03
7.7864080212e-03
-9.7093656538e-03
-8.6052599983e-04
2.4984651593e-03
4.8312836549e-03
8.2354626883e-03
-5.1186056122e-03
2.5394607347e-02
-5.1028327186e-03
5.2721893391e-03
1.2100465603e-02
-8.4275441649e-03
1.2840119908e-02
1.6249624692e-03
6.0584029480e-03
6.7478193078e-03
2.9534048453e-03
-7.0936490863e-03
7.2256481723e-04
-5.0612529762e-03
-6.6321066243e-03
1.0429182136e-03
1.4048605394e-02
7.6593179038e-03
7.1072248955e-04
-7.5968514850e-03
-3.9450494676e-04
-6.1294949317e-03
-3.7180463060e-03
2.0714967534e-03
-2.2372564064e-03
-4.3345661071e-03
-3.6671924431e-03
-7.4840471198e-03
-6.5135664645e-03
-3.8189252215e-03
-4.8975974429e-03
8.3003863147e-03
5.5647940603e-04
1.5733893489e-03
-4.7146215491e-03
4.8782331290e-04
5.4971831141e-03
-4.1292266057e-03
9.4366248884e-03
1.1400296612e-02
1.3439973652e-02
-3.3495204692e-03
-9.5623167025e-03
5.2273009973e-03
-1.0614804060e-02
2.1773597958e-03
7.8898778178e-05
-3.9076717980e-03
6.9161695686e-03
1.0869082164e-02
2.1392770524e-02
3.3110522972e-03
-4.3748765020e-03
-1.3525228802e-03
1.4019756665e-03
-5.3952440636e-04
-1.0216763281e-02
-8.2530336119e-03
3.3125585876e-03
-7.7793955856e-03
2.0388801272e-02
-5.5300746612e-03
-7.4259902257e-03
1.0054073610e-02
6.5372171337e-03
-3.1538001239e-04
-9.0575556151e-03
-5.8309446936e-03
-3.1760541473e-04
-6.8569227112e-03
1.0046290065e-02
3.6703225476e-03
1.1443876932e-02
-1.6960990532e-03
-5.6699365410e-04
9.2429309236e-04
2.1221558317e-03
9.5382058571e-04
-3.5790069405e-03
8.6884442371e-03
7.8999722248e-03
3.3307928050e-04
3.1250511298e-03
-4.2533607947e-03
-8.5040661090e-03
2.8156199361e-03
9.7211360632e-03
-5.4072770080e-03
4.1831053493e-03
-2.7505298779e-03
-7.7014426169e-03
1.9498682967e-03
-5.9861862185e-03
2.4259279159e-03
-8.8334193751e-03
-3.2320197664e-03
7.3417420137e-03
3.9068465078e-03
8.0923203067e-03
1.3962237310e-04
-1.5291415665e-02
1.2480757357e-02
-2.3810135515e-03
3.5787218535e-03
-3.1124035129e-04
-9.6430939752e-04
-5.7439206697e-03
4.0273775390e-03
3.5926295098e-03
-1.8647673833e-03
1.3409210383e-02
-9.7881746681e-03
2.0370293361e-03
8.6753471877e-04
3.7643007193e-03
-6.2381549710e-03
1.1766780456e-03
-5.4735729891e-03
2.4129574102e-03
-3.7508879876e-03
4.8955192364e-04
3.9313533110e-04
-1.0076367828e-02
1.3552342119e-03
-3.2175729006e-03
7.1190977636e-03
-7.5633936874e-03
-4.8293805021e-03
-5.9958900298e-03
-9.7225633325e-03
-1.5165268612e-03
5.1412366870e-03
-1.1062939712e-02
-1.6384443498e-03
1.6212197106e-03
-7.2007393543e-03
6.0943816645e-03
5.4540874830e-03
-4.5839214233e-03
1.3226966433e-02
-2.1952776261e-03
4.8891947434e-03
-5.1131938799e-03
1.5850617194e-03
-9.3448576004e-03
-2.8635233300e-03
4.9524890303e-03
1.2862272135e-02
-1.4929030726e-03
-7.0994293975e-03
2.8876033772e-03
5.3691916448e-03
-7.1407414065e-03
1.0794873044e-03
1.4294937014e-03
-2.5556270840e-03
1.7367426164e-02
-3.7405324254e-03
-4.9689293603e-03
8.5206177001e-03
4.6343538532e-03
2.8714431072e-03
-4.8040989015e-03
-6.1269111474e-03
1.0901984024e-03
-8.5949077554e-03
-1.0541620740e-02
3.8497534096e-03
5.4773005185e-03
-3.7358493491e-03
-8.9404999392e-03
-6.7111700626e-03
2.1179867137e-03
2.2063547859e-02
-5.3149760626e-03
-2.7174681630e-03
-3.9172321801e-03
1.7437811342e-02
-7.2502768277e-03
-4.3519304020e-03
1.5195977977e-02
6.8465152133e-03
3.9566546115e-03
-1.8486619880e-03
1.7545879989e-02
3.5845278088e-03
-1.2024245826e-02
7.6029306100e-03
-5.1509340000e-03
-4.1396321999e-03
-7.7561774748e-03
6.5943032162e-03
4.8985979487e-04
-7.1184900499e-03
-4.9095415272e-03
-5.4922390243e-04
1.0450436592e-02
-6.8035783575e-03
5.2628465466e-03
-8.2703374606e-03
6.8775369814e-04
-7.6507941427e-03
3.2262541512e-03
2.5974911522e-03
6.7761492886e-03
-7.6793169014e-03
1.1056095215e-03
1.1106262532e-02
-8.7861989171e-03
6.3025955278e-03
5.7502333436e-03
-5.0260095940e-03
3.9291338201e-04
-1.1409291534e-02
-9.9786523234e-03
-1.8472938478e-03
4.1035140718e-03
3.1236485983e-04
5.8081737756e-03
3.2771191710e-03
3.1114506711e-03
-2.6800756760e-03
8.0324032976e-03
9.8973150872e-03
1.4705027174e-03
-4.9514081396e-03
-2.7564498660e-03
1.0387647386e-02
-4.8852733016e-03
-9.8737592602e-03
3.4917334281e-03
2.2060164069e-02
-4.9295569777e-03
3.4227515708e-03
-5.4899402241e-04
7.0722998467e-03
-7.3557491558e-03
1.3204357108e-02
-8.9510147944e-03
6.9583459940e-03
-6.5575606371e-03
-3.1679021902e-03
-6.4113250561e-03
3.6248900460e-04
-5.4863547708e-03
-1.1906237291e-03
-1.6098086583e-03
-9.5691507116e-03
1.1095024225e-02
-2.0342355784e-03
-7.9911624065e-04
-5.3126395719e-04
-5.9607945858e-03
-1.6036418499e-03
7.1299984570e-03
9.6949187192e-04
-8.7753094545e-03
-4.0260033174e-03
-1.6419961837e-03
4.9507159712e-03
1.1359666447e-02
-3.3065043157e-03
-7.3179530111e-04
2.4306233379e-03
-8.4102889760e-03
5.7431779518e-03
7.6798644044e-03
-1.3761884369e-03
1.0831068182e-02
-3.3270508442e-03
-8.2851292855e-03
2.7151284147e-03
-4.0352720214e-03
5.4164537980e-04
-2.5546535309e-03
-2.3939535368e-03
-6.8263078784e-03
1.2659687238e-03
9.7503569075e-04
-5.0420196955e-03
4.1746648475e-03
-8.3481642233e-04
-7.2024265224e-03
-5.9214893568e-04
-2.0379529922e-03
1.5723475341e-02
1.4321707986e-02
9.1885800831e-03
1.3339740937e-03
2.1357703901e-04
-6.0805284706e-03
-2.5469752311e-03
-5.9579253800e-03
8.7686065897e-03
-2.4158639614e-03
6.5606580358e-03
1.0399646807e-03
9.4502736732e-03
5.5368465464e-03
-3.8597087993e-03
6.7131123323e-03
2.9350803017e-04
-2.4885789275e-03
9.6909485523e-03
1.4392585920e-02
-3.7835272129e-03
-4.7549367673e-03
-4.4849965255e-04
1.4757876513e-04
7.9507941913e-03
1.8917908878e-02
1.2651522991e-03
-6.0356185119e-04
1.7442798833e-02
1.0908243509e-03
5.9006610477e-03
6.7498965795e-03
-5.7535400319e-03
1.2610209819e-03
-1.8687101540e-03
-9.8553795293e-03
3.2016578294e-03
5.2764737422e-03
-1.8214597721e-03
-4.9068451985e-03
1.2672818541e-02
4.0358659692e-03
-5.4824590289e-03
-1.0255064009e-02
-7.4334011053e-03
-4.1212643011e-03
-2.0518437389e-03
-8.3118775927e-03
3.3485096266e-02
-7.6351617398e-03
-6.5390552196e-03
-1.4123575261e-02
4.6396119730e-03
-6.2564307089e-03
-4.3579059571e-03
6.3966496778e-03
1.3738174172e-02
3.3820741866e-03
1.2764362350e-03
-4.2386163973e-03
1.7356929129e-02
7.8236078818e-04
-7.7605982280e-03
-6.5369523661e-03
-4.8361646671e-03
3.7168441773e-03
5.4807496934e-03
3.3883913180e-03
7.7749773601e-03
5.7962471196e-03
8.7488326178e-04
-3.5533777071e-03
-5.9780159176e-03
-2.7618140021e-03
-7.1171596053e-03
1.1667247161e-03
-7.7306151390e-03
-1.9311656625e-03
2.8334971866e-03
-4.2891213786e-03
-7.6331213446e-03
1.0768425746e-02
6.1303734144e-04
6.8166742444e-03
-2.4274868153e-03
-2.4978673840e-03
-3.9217830247e-03
8.1718367250e-03
-4.5213254399e-03
-7.9318223019e-03
-1.9515036635e-04
-3.6122598980e-03
6.7120572763e-03
-4.6210226511e-04
1.2422387820e-03
1.4773583463e-03
4.3419821403e-03
-6.6351638210e-03
-2.3078720884e-04
4.7015254336e-03
-8.5669904986e-03
7.4878295185e-03
-1.6744381176e-03
2.8477701384e-03
1.4868830132e-03
-1.2188077990e-03
1.7456748814e-04
1.6478055913e-02
6.6314543629e-03
-5.7630406926e-03
-5.0899138997e-03
2.8398381746e-03
1.5042484325e-02
-2.6005861990e-03
-7.3658585267e-03
9.3921030889e-03
-4.4972417202e-03
4.1806648430e-03
7.0114711077e-03
-9.1815492805e-03
1.6234361425e-03
7.4637783380e-03
2.4057508470e-04
-2.1147486125e-03
-2.0308551064e-03
-2.9310583339e-03
2.7073094837e-04
1.7710745512e-02
2.3011971424e-03
-6.0289420299e-03
-1.7870320668e-03
2.9620045383e-03
-4.8439081350e-03
1.3497097957e-03
-9.3397851709e-03
2.2217818555e-03
-7.5045426220e-03
-3.8326849643e-04
-2.5580773563e-03
2.7658363145e-03
-8.6572178600e-03
4.2790432765e-03
1.1979548106e-02
4.1937951355e-03
7.9902007916e-03
3.7921555653e-03
2.6732341018e-04
7.0883425014e-04
1.3063329172e-02
6.3639088989e-03
-3.9207439075e-03
4.1259856603e-03
8.9115118889e-03
1.5561783676e-02
-2.6358067356e-03
1.0274490954e-02
1.0592857326e-03
9.3117790439e-03
-9.0471848410e-04
9.1363878812e-03
-5.2132849693e-03
-4.6215615258e-03
2.4621815779e-03
1.3508623339e-03
-1.0334038195e-03
1.1124132760e-02
4.7384024091e-03
2.5666032342e-03
5.5164148879e-03
8.1319502358e-03
6.4359837264e-03
2.7038310338e-03
-3.3144456263e-03
1.3882984325e-02
-1.7918576888e-03
8.4714384830e-04
-7.6400762994e-03
-8.2054882172e-03
-7.1042156499e-03
1.2229479034e-02
-6.5240037567e-03
-2.1829524742e-03
-3.0345090573e-03
-7.2163392318e-03
7.8621843964e-03
1.5056155334e-02
5.4616714711e-03
2.2011642375e-02
-3.1241197380e-03
-1.5762959311e-03
5.1329207495e-03
-7.9588933511e-03
-6.3870279429e-03
2.7946774903e-03
-5.6040454027e-04
6.5470533690e-03
-5.6429915802e-03
-3.8414107274e-04
1.1595279783e-03
-2.7228398153e-03
-2.9937557004e-03
-5.5467106204e-03
4.1214318144e-03
-1.0644162154e-02
-6.0160439943e-03
1.0745936313e-03
-3.0991729698e-03
6.5514432639e-03
-1.5016423462e-03
2.9796797054e-03
6.0710737631e-03
-3.0396459021e-03
4.9865302710e-04
4.7118116967e-03
-7.0076421856e-04
2.0140037244e-03
-3.5242994489e-04
7.6309454465e-03
-2.3129882526e-03
1.4604070674e-02
-4.0321009506e-03
1.0759569467e-02
1.4714437415e-03
9.0904235686e-04
1.3936597854e-02
1.9724018639e-03
-3.9449918868e-04
-9.4006701138e-03
-8.8930722353e-03
-4.3549806521e-04
-5.2818388496e-03
1.0957755513e-02
-1.0322854671e-02
4.6701204800e-03
5.0035189263e-06
1.0601736144e-02
4.7738525001e-03
-2.4234598696e-03
1.3562467848e-03
9.1313586936e-03
-9.4251064725e-03
-3.9258245302e-03
7.2566316635e-04
5.0555513432e-03
-1.0124050744e-02
8.6994255910e-03
-4.7832122747e-03
-7.4654638001e-03
-9.3721152524e-03
3.5878536933e-03
1.2400396760e-02
1.0592926830e-02
2.6054742897e-02
5.5565901216e-03
-6.1973027424e-03
-5.0922113691e-03
-7.0271457263e-03
-1.5643181345e-03
7.5901889753e-03
2.0460839094e-02
3.6925768346e-03
1.2926227180e-02
-4.5334555932e-03
-7.2291329988e-04
5.5602336608e-03
1.2933632785e-03
-2.1684186857e-03
-8.8719205676e-03
1.2721474660e-02
2.2739393155e-03
1.2562589747e-02
-4.6747724256e-03
-5.1215752023e-03
-4.7863724913e-03
6.0818044262e-03
-4.9161714027e-03
1.2772124254e-02
5.1046977064e-03
4.3317852738e-03
2.9269977547e-03
-3.6485108554e-03
-1.2334093407e-03
-6.0286452562e-03
-3.3442236495e-03
-1.5479587657e-03
6.9823453494e-03
1.5250727431e-05
-1.3206015888e-03
1.2330567414e-02
3.1997074918e-03
4.8545423623e-04
1.3375831260e-02
-9.8668396967e-03
4.5083252706e-03
-8.8814210979e-03
5.1001202448e-03
-4.2764918011e-05
4.0350091472e-03
-2.7507821846e-03
-5.9020263270e-03
-3.1026796827e-03
-1.2490046439e-03
-3.0968238104e-04
-2.9324301925e-03
-3.0185885051e-03
-2.0766331276e-03
2.0282347021e-02
-6.3930777957e-03
-2.1519727035e-03
8.5102975566e-03
3.8182894103e-03
-5.1147923130e-03
-1.4892048746e-03
-1.7567787016e-03
6.6442998635e-03
-1.9458603724e-03
1.8134862716e-02
-1.3626620279e-03
1.7132908433e-02
5.9729877101e-04
-7.4787141826e-03
6.1597759635e-03
-5.5347059521e-03
-2.9144320533e-03
-2.1829482094e-04
-3.1987647994e-03
-3.6620133268e-03
8.2198782179e-03
1.5277291442e-03
-1.2494882098e-03
6.5393985164e-03
1.9021648587e-02
7.6464257032e-03
-7.6811200961e-03
-2.4158946342e-03
-4.5913019825e-03
-1.9420168276e-05
-5.6851259639e-03
-6.5039029973e-03
-2.8548890523e-03
2.5538889998e-05
-6.3387148744e-03
-1.6690747542e-03
-7.7431932313e-03
7.5428685367e-03
1.9239869998e-03
-5.2813463255e-03
-5.1206797197e-03
8.4030766140e-04
-8.1140753832e-03
-2.8115112466e-03
2.6767014228e-03
-6.0029900572e-03
-4.1834894498e-03
3.7317406932e-03
2.5926137339e-03
3.1567634383e-03
5.1142967651e-03
-3.5128028176e-03
-8.1381353140e-03
-4.5172722755e-03
-7.0454157140e-03
-5.1171022819e-03
5.8228580037e-03
-3.0637929002e-03
-9.7100928198e-04
8.6605828121e-03
3.4611442624e-03
3.4751598323e-03
8.9579998584e-03
8.4859436386e-03
-2.3463487336e-03
2.4665988117e-03
5.4362777622e-03
-8.0938244453e-03
9.8731288706e-04
-4.1679935562e-03
-9.2214535489e-04
-6.5401544732e-03
5.3079703453e-04
1.8805189846e-03
8.9097625726e-03
3.6420269690e-03
-6.2579507943e-03
-4.7938371670e-03
3.6488526221e-03
3.1140152309e-03
-1.1161637521e-02
1.1688757164e-04
1.2184029057e-02
-4.8422252661e-03
-4.0630380184e-03
-1.5842492061e-03
-7.8035154399e-03
-9.3885772363e-03
-2.5406932810e-03
2.5929267924e-03
5.3293124521e-04
-5.4040727465e-03
-5.3676142306e-03
-7.7746820759e-03
3.6822873384e-03
-2.0312250620e-04
-4.1232100990e-03
-7.5761139538e-03
7.1141147676e-03
-4.2317099937e-03
-2.6777784729e-03
-5.3370031060e-03
2.2652417410e-02
-5.5114403797e-03
-7.5055785543e-03
5.7475345344e-03
4.4594684032e-03
-2.2773421180e-03
-6.9508678139e-03
-8.0316696315e-04
-6.5831244484e-03
1.5170862233e-02
-1.2766742181e-02
7.8983097062e-03
-8.4162813278e-03
4.1675951701e-03
4.7464498617e-03
-4.0795323912e-03
-6.3862762160e-03
4.1435861177e-04
-3.2107871830e-03
-1.4696636830e-03
-8.9434927103e-03
-2.2588048114e-03
-1.9576719267e-03
-9.7968171439e-04
-1.0971378726e-03
1.1159967765e-02
-7.4222020543e-04
3.0386795858e-03
2.4913032666e-03
-6.9617294275e-04
3.2829094355e-03
-2.4085100331e-04
-7.7433835984e-03
4.4080346972e-03
1.0312262618e-02
-2.9319135674e-03
-8.7097135362e-03
1.1951072017e-04
5.5616320438e-03
-8.4288724329e-03
7.4708994174e-04
3.6803161318e-03
-9.3201236354e-03
-8.8998181583e-03
-5.1499636004e-03
-3.0440311411e-03
-5.5817770915e-03
3.1172846545e-03
-7.4933182700e-04
-5.8071503065e-03
-8.1254668977e-03
-7.6963462838e-03
-4.4821997130e-03
-7.2692387567e-03
-5.2550378179e-03
-1.0358857344e-02
1.3940053375e-03
-2.4605125719e-03
6.8504497122e-03
-8.5391456594e-03
3.9377666263e-03
-5.1928908603e-03
-8.8908341974e-03
3.5680110800e-03
-7.8738997706e-03
1.1601701473e-02
-1.3175950440e-03
1.5081080122e-03
-2.1084504558e-03
-9.0534084486e-03
1.2253326538e-02
9.4553195806e-03
1.8533679772e-02
-7.5322515463e-03
4.0157210397e-04
2.2801406216e-03
5.9626736371e-03
-1.2760444652e-03
-1.3619431970e-03
1.3947819897e-02
-9.5723999825e-03
-4.1299263096e-03
6.6399024870e-03
2.1633684865e-03
-9.2534634106e-03
-8.0722431218e-03
1.5043201128e-02
1.0653171392e-02
-2.7631378493e-03
5.9229615452e-03
1.2218270614e-03
-1.0898219631e-03
-9.7935079786e-03
-7.3380251971e-03
9.0839833848e-03
-6.5996070493e-06
-2.0139408115e-03
2.7903782270e-03
2.0678181197e-03
3.0036854147e-03
4.4136413142e-03
4.9687976942e-03
9.9206681159e-03
5.7974203081e-03
4.7904897880e-03
-4.0107375192e-03
-3.8998240339e-03
7.1317803034e-04
1.8943787629e-03
-6.8968680936e-04
-8.7121483451e-03
-1.0419969468e-02
-1.5546888157e-03
1.4877848625e-02
-1.3344588760e-03
-7.3522167597e-03
7.4178282454e-03
-5.5184368563e-03
1.5552775380e-02
-5.3128474550e-03
-2.6049322450e-03
9.1077175823e-04
-9.4679151195e-03
7.6510888107e-04
-1.5764296481e-04
1.3651863672e-03
4.1102519811e-04
8.8446068562e-03
9.1409014834e-03
2.7902287561e-03
-6.1038433470e-04
8.2788580687e-03
-7.6545103662e-03
-5.7645500133e-03
-4.5421776417e-03
4.8752887940e-04
-6.6833144821e-03
1.3955073029e-03
3.0266869461e-03
-8.2948184386e-03
-7.2114990402e-04
-7.7781403981e-03
-5.2391997367e-03
1.0219560842e-03
-7.7779276791e-03
-7.8552984436e-03
8.1297546978e-03
5.8551220136e-03
5.3562272923e-03
1.9767880258e-04
1.1980902765e-02
1.7858442371e-03
9.9623436342e-04
-2.4257412677e-03
1.0395345608e-02
5.0254957726e-04
6.7590495452e-03
2.6622591578e-03
4.0604030176e-03
3.3388151949e-03
6.1665320508e-03
2.7487367741e-03
9.6164996653e-03
-3.5451696277e-03
-5.8705012372e-03
2.6965574955e-03
-3.9886039992e-03
-1.9653334544e-03
-3.4499233010e-03
1.0467834463e-02
-1.0330410085e-03
-2.1488243255e-03
-8.5245232706e-03
-1.7387903205e-03
-4.4195595953e-04
6.0202029599e-05
-7.2102814216e-03
-4.7848318362e-03
7.2863857256e-03
-1.0164902161e-02
-7.7923308829e-03
-2.8156308221e-03
1.3056583635e-03
7.5510376062e-03
2.5087503043e-03
-1.8199762711e-03
3.3425350382e-03
-5.7829875112e-03
-8.9154655048e-03
2.0131323036e-03
5.4172993460e-03
1.7433795767e-02
6.5069087142e-03
-1.1950556450e-02
5.2961199748e-04
2.6854295542e-04
7.5495137442e-03
-8.9890376427e-03
-1.0725176352e-03
-5.6010601602e-03
8.8142868830e-03
-6.5397570602e-04
-1.0439922235e-02
-4.1210236179e-03
3.8185043692e-03
8.2216785792e-03
6.1714190660e-03
-7.4494820250e-03
-4.5445221855e-03
-2.5323813248e-03
3.3357384078e-03
5.6498353696e-03
-1.1693830794e-02
2.7734030258e-03
3.6817428625e-03
1.0350643432e-02
1.7114862313e-03
-2.2992251256e-03
-2.9061163647e-03
-8.3981434124e-03
-5.6199597703e-03
5.5718980518e-03
2.4673114735e-03
-7.9557231769e-03
-4.5254741134e-03
1.6816230503e-02
1.1760264603e-05
7.8921433588e-04
1.4557562149e-02
-7.8559702586e-03
-6.0422088445e-03
-5.4584852277e-03
1.3498330605e-02
3.0553442544e-03
-1.0602031598e-02
2.0486282444e-02
-2.2997885340e-03
-1.3159003523e-02
1.1392302804e-02
2.2132650275e-02
-5.0554323447e-03
-4.3760336131e-03
-7.5357595181e-03
-8.0020368180e-03
1.1486768160e-02
4.3036393396e-03
5.0947147653e-03
-3.9677375359e-03
-3.8761575640e-03
5.4103942658e-04
-3.6222079880e-03
4.0404373720e-03
-2.1792346003e-03
-1.4887343519e-04
-1.0706532994e-02
-2.9012379264e-03
6.4346623955e-03
-4.4593413579e-03
-3.3502802202e-03
-8.0961241109e-03
2.8812555575e-03
-6.6553199023e-03
1.9970394595e-02
-4.1885000233e-03
-3.9148649189e-03
3.0623131005e-03
-4.3258714945e-03
-5.0047270495e-03
-1.0162621133e-03
6.8164926498e-03
9.5295583438e-03
5.9552082579e-03
-7.4474875437e-03
1.1205398059e-03
1.1171389446e-03
-6.3926225859e-03
-4.8664908378e-03
2.7321458139e-03
2.6945057980e-03
6.7999027523e-04
-1.8962076912e-03
-7.4232668786e-03
2.1605160232e-02
-7.6943329026e-03
-1.9898098745e-03
-5.2896769885e-03
5.7305841300e-03
8.4634477248e-04
3.4266556669e-03
-7.7294938507e-03
1.1844469457e-02
-4.4754292086e-03
1.1750649114e-02
-9.2595962135e-03
-4.3252532538e-03
4.0789974502e-04
-3.4981275279e-03
-2.8485541171e-03
-3.1314573942e-03
1.0341151097e-02
2.2828604877e-03
5.2448276681e-03
-5.2455088790e-03
-5.5249221934e-03
1.0989101167e-02
-1.2431803219e-03
-2.5903949758e-04
-5.4111949123e-03
-7.9133768331e-03
4.1907333336e-03
-3.2861011386e-03
6.0955866013e-03
2.5135590594e-03
-6.1553137582e-03
1.0200230597e-02
-1.9140425699e-03
-6.8109785219e-03
-3.0296921007e-03
1.2047169224e-02
-5.8352143172e-03
3.8434601555e-03
-1.7774554612e-03
-1.9349274742e-03
8.1169423887e-03
-4.0769808449e-03
1.4317955829e-02
3.7575330246e-03
-9.0356142820e-03
-6.8988021055e-03
-2.9640883060e-04
-1.1118214943e-02
-1.5705734558e-03
-6.2221616664e-03
-3.3679738862e-03
-4.8812296467e-05
-7.5568827702e-03
2.9058057030e-03
-3.3174832793e-03
4.3838619803e-03
-6.4385441599e-03
-4.3392393594e-03
-3.3903751905e-03
1.0324187521e-02
-2.3901137962e-03
-8.3797336990e-03
6.1565087146e-03
-7.0701380807e-03
-1.3019412717e-02
-8.4305489813e-03
1.7536652953e-04
3.8743165560e-03
-2.0494814423e-03
9.5446194680e-04
6.2138352781e-03
-4.0788204609e-03
-8.3643598484e-03
-8.0164761265e-03
-4.1869880170e-03
-6.4409657820e-03
9.3714183335e-03
2.3067290839e-04
1.6963211807e-02
9.9887288894e-03
4.9628593494e-04
-2.5193182756e-03
1.9571690354e-03
-1.0576557456e-02
-3.6740429053e-03
-1.4236839349e-03
-4.1213653205e-03
-1.2677603759e-03
5.2434780294e-03
6.5958181528e-03
7.4648693485e-03
5.9653913317e-03
-1.1350492043e-02
1.6009532080e-03
-8.8682317634e-03
7.0614344120e-03
1.1377740512e-02
7.0084304534e-04
2.0572251032e-02
6.3415177047e-03
-5.1443327281e-04
-6.9529712704e-03
2.9555941294e-03
3.0157214680e-03
-2.6354433299e-04
1.1984541331e-03
7.4443514686e-03
9.1896088106e-03
7.2242748445e-03
-6.4781937531e-03
-2.7186537053e-03
-7.2326496369e-03
5.9226116079e-04
-4.0139584680e-03
3.3826219076e-04
2.0029471065e-02
-5.6681100255e-03
2.3155597983e-02
1.1691334446e-02
1.0679454770e-02
-3.8548932382e-04
-4.5534310470e-03
1.8381861370e-03
-2.0878183469e-03
-1.9490429642e-03
-7.6644771428e-03
-1.0594531105e-03
1.6652482344e-03
4.0189161575e-03
3.8744192118e-03
2.2657359076e-02
-7.0948091429e-03
1.6600297301e-02
1.4550126550e-02
-2.9754909182e-03
2.6669116377e-03
6.4059520368e-03
-3.6170556224e-03
7.1833459697e-03
5.8942569702e-03
5.4134151986e-03
-1.1004745182e-02
-1.0074951311e-02
-7.1006757266e-03
9.8075091242e-03
-7.3882821456e-03
-3.7563385423e-03
-8.7072620094e-04
6.3999440450e-03
5.2852992962e-03
1.4886845311e-02
-3.0787321039e-03
-3.7703889392e-03
1.2935302385e-02
-5.6566853635e-03
-1.4446148855e-02
1.3847419189e-02
2.1875914606e-03
2.5135284579e-03
-2.9034352092e-03
-2.1357678365e-03
-7.3521006683e-03
-4.8231066129e-03
1.6437100468e-03
-5.7526293978e-03
-3.1953612607e-03
1.1723810555e-02
1.7285424559e-03
3.3075748467e-03
2.9771712633e-03
-1.1265029989e-03
1.7045342053e-02
-2.7420615936e-03
-6.6199139205e-03
7.1932862662e-04
-7.7278413394e-03
-7.9810714514e-04
-5.1780920152e-03
-8.2454232487e-03
3.6554007164e-03
1.1797322615e-02
-6.1036359388e-03
-3.5945552081e-03
-2.9258956711e-03
3.1733759495e-03
8.0843798340e-03
2.1428599777e-02
1.4913887132e-02
-3.5400222415e-03
1.1211349937e-03
6.5770470528e-03
1.4427872216e-03
-5.3094099751e-03
5.1215689440e-03
2.8680423930e-03
9.4090286220e-04
1.1173118055e-02
4.2131670113e-03
1.5741088428e-02
2.0868283183e-02
4.0589468073e-03
2.6393190394e-04
2.3966189223e-02
-7.6269569950e-03
-5.1947834581e-03
-6.7007557191e-03
5.1037424975e-03
-3.5314057535e-03
2.3713435185e-02
-4.9028927521e-03
-1.1922645267e-04
-1.9217355782e-04
-3.9054148150e-03
-4.3104877348e-03
-3.7633982714e-03
1.9259953109e-02
-3.7222854609e-03
1.1710930921e-02
2.7081100765e-03
-1.0923682701e-02
9.1562848622e-03
-2.8876181276e-03
-3.3297261833e-03
1.1208085446e-03
-2.8236205135e-03
7.8407180473e-04
-3.2330465939e-04
-8.9835413564e-03
6.2739943650e-03
3.1616092030e-03
-1.1006520722e-02
2.4720424004e-04
8.6452166209e-03
-5.6365880258e-03
1.0429898652e-02
-7.9003869752e-03
6.5279242108e-03
2.0582029258e-02
1.4102752665e-03
-5.7859965103e-03
-1.2294142030e-03
7.7925626223e-03
-7.5923225600e-03
5.7751503777e-03
7.2672023689e-03
-3.7169995240e-04
8.6592483529e-03
-5.0000480999e-03
2.9343821923e-04
-6.0874975358e-03
3.0831218138e-03
3.7319037814e-03
-2.3974328801e-03
5.5290815483e-03
-9.3534000233e-03
2.2448130963e-02
1.0493839309e-02
-7.8687927052e-03
8.6522677686e-03
1.9835751433e-03
1.7399922288e-03
4.3367554064e-03
1.0583008395e-03
1.3984607532e-02
8.9725330111e-03
-3.7702816905e-03
-1.1564559640e-02
8.4766377257e-03
1.4993313116e-02
3.2810241969e-03
-8.6510552625e-03
-5.2448768022e-04
-1.2664244267e-02
-9.9611414595e-04
-1.0667399208e-02
1.0621993311e-02
-6.7237800377e-03
-7.3129622297e-04
-5.5109788828e-03
-6.8179381092e-03
-5.9798141456e-03
9.6829029399e-03
4.9978381437e-03
1.3040973220e-02
6.3576664351e-03
2.0339560135e-02
-4.0532764955e-03
-3.9172291019e-03
1.2330736478e-02
-8.6308943342e-03
2.7941292162e-04
-7.7913832201e-03
6.3317038495e-03
1.5136680387e-02
2.2683623243e-05
2.4887213467e-03
-2.9310221821e-03
2.5544960302e-03
-2.4763975547e-03
1.2210801512e-03
6.5824814197e-03
2.5524520190e-03
2.6383630265e-03
-1.0206553249e-02
4.4630873711e-03
8.2200825777e-04
1.4640324175e-02
1.0560740700e-02
-4.9006225398e-03
-1.0045226367e-02
-4.2017854124e-03
5.4250755337e-04
-5.0327514695e-03
2.4834325145e-03
-4.5945268557e-03
-1.1544803058e-02
-1.2458318050e-02
-6.1349796502e-04
3.5452494976e-03
1.2902055213e-02
-7.2042035622e-03
4.7696861291e-03
-3.7486201171e-03
2.0571650453e-03
9.5292462945e-03
2.3162258367e-03
4.6993689500e-03
-6.6279288074e-03
-2.7192959737e-03
-5.7140854043e-03
-2.5372175758e-03
-5.2982546997e-03
-4.4328873256e-03
-2.2722167447e-03
-1.0373776722e-03
-3.1619845007e-03
-2.2965553837e-03
9.4463041573e-03
-1.3452136454e-02
-1.7037249154e-03
1.6348765881e-02
1.2360898503e-02
-9.0418017700e-04
1.9006751355e-02
8.6821077855e-03
6.2439916329e-03
3.8035718236e-03
5.8160012423e-03
3.6020583941e-03
1.8997234976e-03
6.7852444315e-03
-3.0031284808e-03
-1.5941619792e-03
-9.5190060110e-03
-4.8939268794e-03
-2.2081516316e-03
-8.7161997024e-03
5.2345217135e-04
-7.6757207999e-03
7.9749759815e-03
2.2165180857e-02
2.5955324212e-02
-7.5350102284e-04
3.4905672221e-03
-9.7062538396e-04
-3.8237835494e-03
-9.2852873411e-03
5.4181039966e-03
-1.8224906150e-03
-1.2094246755e-02
1.1491902742e-03
-1.0666558704e-03
-5.0078555434e-03
-1.0070948751e-02
-5.1351707527e-03
-6.1013947882e-03
2.8566570101e-03
4.3565425623e-03
-8.7890551704e-03
-6.6877074178e-03
-2.9748678858e-03
9.8620914893e-03
3.9209284573e-04
1.7277457534e-04
1.0296698937e-03
1.6751741236e-03
5.4848383537e-03
-4.9376416284e-03
-6.0223286980e-04
-2.5235268176e-03
-4.1206692812e-03
-3.2536324561e-04
8.0081851290e-04
-1.6801743853e-03
5.1355520694e-03
-4.6849865835e-03
-1.0024093557e-02
1.4168603831e-02
-1.1447927421e-02
3.3533291733e-03
-7.1276713685e-03
3.8028080255e-03
9.2290308141e-04
-1.3106684988e-02
5.3655569675e-03
5.3330106966e-03
-3.0974302797e-03
-7.7495066745e-03
-5.6001891894e-03
2.1264140966e-02
-7.9373144465e-03
5.7288420068e-03
-4.5065005906e-03
1.1510173905e-02
4.5675284746e-03
-3.0879098949e-03
-1.9373187732e-03
-1.0983102811e-03
-7.0923821596e-04
5.9805359091e-03
-2.2656557609e-04
9.4955241808e-03
8.4474079031e-03
-5.4944870770e-03
-1.1349895810e-02
1.4697850079e-02
-9.4813988258e-04
-2.8887208447e-03
1.6849515865e-03
-7.2665240618e-03
-1.6586866579e-03
-5.8641979404e-03
5.4041541579e-03
-3.8625900273e-03
-6.3212661927e-03
-6.5846806108e-03
6.2664760173e-03
-3.5993161179e-03
-2.2653999203e-03
-3.3909452365e-03
-2.5239009578e-03
-2.5935939547e-03
-1.7062668134e-03
-2.2657198832e-03
-3.9852001778e-04
-3.0764597190e-03
1.0360065774e-02
8.3545887666e-03
-4.0903026335e-03
-1.5051207530e-03
1.3039511209e-02
1.5983211864e-02
3.3635886086e-03
7.1455378167e-03
1.3139824046e-02
-6.7347554784e-03
4.6194982967e-03
2.9553694764e-03
-7.3212218565e-03
-7.8084136761e-03
-2.1206493593e-03
-3.9899002151e-03
-1.8630155205e-03
-4.1574131469e-03
-4.6688451546e-03
-9.5002663112e-03
-2.5920742616e-03
-8.1206141658e-04
-6.2125258175e-03
-1.1021847442e-02
5.1701188098e-03
-3.7832480009e-03
-7.1866829140e-03
-6.1599249452e-03
8.7189390728e-03
1.7058542122e-03
-7.0133577326e-03
7.6856409331e-04
-5.3870379372e-03
-7.4086915577e-03
-8.8541176889e-03
6.0628170607e-03
3.1316479536e-03
2.5320873775e-03
-2.8184269977e-03
2.7066241382e-03
4.8365722756e-04
-5.6826257336e-03
-1.6925245573e-03
-6.0073536646e-03
8.5991567073e-04
7.9465812810e-03
-6.6228391176e-03
-3.1214216599e-03
8.6894238788e-03
-4.9356189190e-03
7.1622128714e-03
7.2902887058e-04
-5.0789423775e-04
4.3876198298e-03
-5.9952154329e-03
1.2223107654e-02
-6.0995786088e-03
-1.5464973121e-03
-7.5082078285e-03
-5.5152103922e-03
4.5925166992e-04
-6.1542225131e-03
2.3575568691e-04
-8.7312108742e-03
-4.1844327748e-03
-6.2609352475e-03
4.9765669145e-03
4.6825449028e-05
-1.3080579748e-02
-1.2195755814e-02
-3.8297391439e-03
8.2013424296e-05
-4.7567323169e-03
2.9214868104e-04
-1.4336330094e-03
-6.4163558614e-03
5.0696070216e-03
-8.4931450060e-03
-2.2361386678e-03
3.2528191122e-03
-1.2442495428e-02
-5.1106879068e-03
-5.4492481432e-03
1.0066773102e-02
5.4350842920e-03
7.3900229556e-03
2.1588315377e-04
-3.1949925626e-03
-1.0427898170e-03
2.3747624673e-03
-1.2905052605e-02
1.4702096172e-02
-1.7006993298e-03
-1.5851658711e-03
1.7639762139e-02
3.4231409006e-03
-1.6159174932e-03
-8.2535017435e-04
-4.0216946183e-03
1.5988810056e-03
-7.2458146630e-03
5.9891300568e-03
-5.4572013148e-03
-8.5814851984e-03
7.3126222644e-03
7.0802821040e-04
-9.0455427128e-04
-6.9050503505e-03
8.3703754843e-03
-1.1337709673e-02
6.5615804279e-03
1.4734575271e-03
-2.8171027781e-03
-1.0087074932e-02
-2.0473450597e-03
2.0040315318e-03
1.8458594171e-02
-2.6174869839e-04
-7.2359009948e-03
2.7011245939e-04
-8.2192250346e-03
1.1868557953e-03
5.4467577303e-03
-3.3953054496e-03
-3.6958769173e-03
1.2105858117e-02
-2.7348886813e-03
1.1567461180e-02
5.9848971459e-04
-6.9674446581e-03
4.6785474183e-03
-1.1137271300e-02
1.6139864422e-02
-8.6501385090e-03
-8.7556266480e-03
-1.1194557563e-02
-4.3457958560e-04
1.5009427487e-02
8.5325809565e-03
1.9518971710e-02
-8.8297412986e-04
-4.8437574002e-03
-3.4003388639e-03
2.5313601268e-03
-1.0686745230e-02
2.3799371908e-03
7.2452343742e-03
3.2432871195e-03
-4.7588861276e-03
1.0339629082e-02
7.3893827933e-03
8.5935641542e-03
3.8693751065e-03
1.1276903378e-03
3.2105083189e-02
5.5057483533e-03
6.9783740897e-03
4.6352314398e-03
9.2509988734e-03
-1.4501335478e-03
8.4905698615e-03
-9.2348927251e-03
2.6893581117e-03
-1.1233701288e-02
7.2012490885e-03
-3.9933847384e-03
-4.9034933517e-04
-3.5170388291e-05
1.2236337476e-02
-5.4893215535e-03
-6.9953423139e-03
1.1965775886e-02
-5.6025325996e-03
-2.3129696342e-04
-7.9047228232e-04
-8.0305767739e-03
2.4995712769e-03
