8.5862073399e-03
-3.6641316031e-03
4.3570883912e-03
-4.8752724892e-03
9.7153148199e-05
-1.0614375568e-02
-8.6929260460e-04
-1.0776177216e-03
-8.9873001439e-03
-5.6312700766e-04
6.1235476714e-04
1.9777049376e-03
-6.2627610955e-03
-7.1936658174e-03
-9.5403489362e-03
-4.2585145384e-04
-5.3005752449e-03
2.5772702019e-03
2.5938537226e-03
-2.4475837600e-03
1.2196951386e-02
-8.8078243344e-03
-4.3080947845e-03
-6.3547845641e-03
-2.4274964725e-03
4.9939985835e-03
-6.7114694338e-03
1.5511318855e-02
4.7534292841e-03
-1.1959654289e-02
-2.7522496026e-03
1.0630181017e-02
6.4622665432e-03
8.7992955412e-05
-4.1218723065e-03
-5.2757257456e-03
4.3459544721e-03
-7.2247133371e-03
-6.7903796027e-03
1.6110829663e-03
1.4494255357e-02
-5.5905214456e-03
-6.0189916723e-03
-7.8863224758e-03
4.3785370013e-03
6.1349186266e-03
-3.3097503210e-03
3.1188061106e-03
-6.8920763311e-03
-7.4929359726e-04
2.2768905817e-03
-2.5349924547e-03
-3.4637525499e-03
3.7890903848e-04
-9.8291201608e-03
3.0325427646e-03
7.1004251438e-03
6.8769238453e-04
-8.9316332446e-03
4.3939042906e-03
3.4693017144e-03
-6.5609754329e-03
-3.2995213247e-03
-3.1290276601e-03
-3.1355529605e-03
-3.6959077564e-03
8.6681933021e-03
-3.2743064181e-03
7.1958133795e-03
2.1826154275e-03
-5.5958928348e-03
1.2486464043e-02
-5.3384429354e-03
-2.3915224316e-03
2.9626756600e-03
1.5372884654e-02
3.6005996773e-03
-6.9977580299e-03
3.8640166195e-03
-5.3013001422e-03
4.2441580861e-03
4.0350009439e-03
3.2965335579e-03
-2.0125341913e-03
-6.4836497725e-03
-3.3101557300e-03
1.3165956335e-03
-5.7075212651e-03
1.2154565814e-02
3.3070772427e-04
4.5853497049e-03
-3.5924528298e-03
-7.7226925948e-03
-6.9521790575e-03
-5.8616413260e-03
-1.8427672555e-03
1.2707173626e-02
-4.4401741602e-03
-6.1169616772e-03
-1.8513539601e-03
-2.6097986738e-03
-7.3020322308e-03
-7.7207836621e-03
9.1488714999e-03
4.0787447630e-03
-4.8100066698e-03
1.3087222769e-02
7.1480989846e-03
-6.8833806423e-03
-6.5136000818e-03
4.6046061687e-03
-4.5762060476e-03
-1.0805940821e-02
5.2821870480e-03
7.9030109197e-03
-1.2553697508e-02
5.7679905623e-03
1.6881885193e-04
6.8270998306e-03
2.0482612593e-03
8.6010938678e-03
-6.8456828827e-03
-4.6188421840e-03
3.3468291274e-03
6.7341565193e-03
-5.4629561312e-03
1.2799241822e-02
3.1672003478e-03
1.9504097266e-02
-1.5454885804e-03
2.2728639964e-03
-4.5277457884e-03
7.5444370304e-04
7.9075741181e-03
-1.0600455144e-03
-1.0339261225e-02
4.5656837374e-03
-9.5794106601e-03
-7.4826983092e-03
-2.4404181994e-03
2.1533490721e-04
5.3093563159e-03
-1.6932492328e-03
-6.9878332147e-03
3.1272287310e-03
5.5051818512e-03
-6.3157354853e-04
-7.8998536717e-04
-4.4673689103e-03
-3.2533735274e-03
4.8262274954e-03
6.4713807560e-03
-2.8369948689e-03
-3.7833726400e-03
-3.7720106904e-03
1.4957014349e-02
2.3872510382e-04
2.4518780736e-03
5.9460936252e-04
1.4372165773e-02
-5.5910671250e-03
-8.6203326206e-03
-1.8212121793e-03
-5.0704645727e-03
-4.1241192289e-03
-1.1924431756e-03
5.2148032409e-03
1.0478841930e-02
-1.2237076904e-03
-1.6226915858e-03
6.2191447423e-03
3.0999903238e-03
7.9497341083e-03
2.2049571861e-03
9.3676568818e-03
-5.1203355790e-03
-5.2388287239e-03
6.8123312737e-03
-2.2679734447e-03
1.8009601830e-03
6.5528313373e-03
-7.0589940311e-04
-2.9962744437e-03
2.3792011132e-02
2.6089459658e-04
-2.1087275193e-03
-5.4174784847e-03
-7.1944192285e-03
-1.0027848600e-02
3.4807071661e-04
-5.8694642044e-03
1.4378385348e-03
1.1491903265e-02
7.5617314655e-03
-1.2471685084e-03
8.7136409377e-03
-2.5555713040e-03
-9.2680898949e-03
-7.9845213024e-03
4.3734574616e-03
-6.1013751222e-03
-3.8839549142e-03
3.6757854486e-03
-5.8081525564e-03
3.1607716190e-03
-3.2562222652e-04
-1.5631926999e-03
7.2310943279e-03
-4.6434163239e-03
1.1365021057e-02
-8.7542265582e-03
-6.3923246074e-03
-1.0810995804e-02
3.7646187160e-03
-1.3064405348e-04
-4.3142692466e-03
5.7547763002e-03
-4.1848634215e-03
-3.1741527856e-04
2.4082011539e-03
6.5988552849e-03
8.1466531379e-04
-9.1893186433e-03
-4.8004327398e-03
-9.9837007052e-03
-3.8994340364e-03
7.2591893287e-04
2.2490794303e-03
1.7083126108e-03
1.1977696424e-02
1.1402959833e-02
-2.3268106059e-03
-3.1467224389e-03
7.5560395204e-03
-5.5212058766e-03
-1.0341486786e-02
-4.1533192865e-03
-1.7202065711e-03
-6.1984734256e-03
8.5060732045e-03
7.8904126356e-03
4.7735077474e-03
7.8863573996e-03
5.2483135248e-04
9.7226509533e-03
-1.2930943400e-04
-3.6589979966e-03
-2.7329501517e-03
3.6262952116e-03
1.0821677562e-02
1.9691091660e-02
3.7865176794e-03
-6.2578639644e-03
-5.6499536053e-03
-1.0463190241e-03
-6.8957367154e-03
1.5053461578e-02
-8.5102506764e-03
2.3395976728e-03
3.5850297418e-03
-4.0690238144e-03
-1.0735348067e-02
3.2597284256e-03
2.6151290762e-03
2.1736070501e-03
-4.9059132580e-03
1.0002433091e-02
-3.2267488930e-03
-2.5326046932e-03
4.1202334768e-03
-8.5966676884e-03
2.1413038959e-03
4.6330285715e-03
3.3334225935e-03
-9.7034734257e-03
-2.3591473573e-03
-9.6996076549e-03
-1.6566570441e-03
4.5012357317e-03
-2.5223958552e-03
1.0010543502e-02
-2.1529284767e-03
6.5572050789e-03
-9.9435573288e-04
4.2095972459e-03
-8.4005317431e-04
-8.1851784391e-05
-5.5222257013e-03
-2.4206403548e-03
1.5193972493e-02
-8.9561628913e-03
7.8322474137e-03
-1.2308911570e-02
-1.8614446545e-03
-3.7956711891e-04
2.2084374357e-03
-4.1321268793e-03
-9.1181227505e-03
1.9425360939e-02
5.7965506358e-03
-1.4540293323e-03
1.3999148720e-02
4.9974231676e-03
9.1657626287e-03
-6.3733680552e-03
-5.7028394977e-03
-7.7403124951e-03
-8.7114325941e-04
-2.4533075474e-03
-1.1558085103e-02
-9.2595785036e-03
-5.2657977541e-03
2.2353442544e-02
-5.0761759020e-03
2.9452622189e-03
3.9545768357e-03
2.0143475532e-03
-6.4590756180e-03
-8.0523212889e-03
-1.1852770992e-03
-7.8636885261e-03
2.3838535914e-03
-7.4251769167e-03
2.7699206837e-03
-8.6955781350e-03
-3.1587800533e-04
6.6274838431e-03
-6.9714989976e-03
-7.7996304972e-03
-9.5364273374e-03
2.2572213403e-03
-3.1510310193e-03
-2.0848865167e-03
-9.8540750038e-04
-7.0300909210e-03
1.2487192401e-03
2.1101761576e-03
1.2023296916e-02
4.4817784790e-03
-2.9926810797e-03
-5.3441955433e-03
-6.0721641797e-03
6.5076469448e-03
6.1370865074e-03
1.0202648167e-03
-2.1342846392e-03
3.7261412920e-03
1.2131095622e-02
-8.1760933688e-04
-9.1049527537e-03
-2.6536856982e-03
1.1045459839e-02
6.8675406039e-03
6.4625049420e-03
-7.3460782870e-03
2.7200234843e-03
5.5664050303e-03
5.5601799730e-03
-3.9714539455e-03
-4.7872610796e-03
-1.4759469031e-04
1.5875158317e-02
-3.0375540004e-03
3.5546537746e-03
-1.1704973450e-03
-2.9166754807e-03
-3.9196982618e-03
5.1746560796e-03
-6.2531375807e-03
-8.5618199699e-03
-5.1719485639e-03
7.4564537396e-03
1.7163260164e-02
3.6878110127e-03
1.0922199290e-02
1.9361577511e-03
-6.1859057182e-03
-6.4932363959e-03
3.8655259200e-03
-3.7327616928e-03
-3.1512579562e-03
1.0077472942e-02
1.1620742017e-02
-2.7922495423e-03
3.2538594002e-03
2.1651379412e-02
-8.2140771702e-03
3.5100245017e-04
-6.7575392971e-03
-6.5742126647e-03
-2.6185823872e-03
-7.6837057342e-04
-1.4852814550e-03
-2.7331762246e-03
5.5146491978e-03
5.7378187656e-03
1.2525157481e-02
5.5372411004e-03
-1.0884063498e-03
-8.7695630093e-03
-5.1337754375e-03
1.1663187225e-03
1.8127205333e-02
-3.4151500634e-03
-6.7923473192e-03
-5.4275726145e-03
-7.7265109922e-03
1.8732390259e-03
3.2059283252e-04
-8.7004558154e-03
1.7909850262e-03
-2.6063845945e-03
3.7011563625e-03
8.1149522882e-03
8.9033342954e-04
-1.4760390395e-03
-2.8244804484e-03
1.3286732130e-02
-3.6888114598e-03
-1.1559817165e-03
-6.3263132425e-03
1.1357697987e-02
-3.3916117349e-03
-4.9461874141e-03
-4.0730929762e-03
3.3287202957e-03
2.2867488600e-02
1.8670962536e-03
-1.9391245765e-03
1.3251696930e-02
-5.5567446767e-03
-1.9079348250e-03
-7.2608269375e-03
-9.5366290136e-05
-6.7862420137e-03
1.0594686133e-02
-9.2988327807e-03
4.9838527007e-03
-1.3180593185e-03
-7.1478629677e-03
-9.3056992059e-03
-9.0665279258e-03
8.1824055085e-04
5.6201643170e-03
2.2777202166e-03
-3.8306394609e-03
-1.2575375460e-03
-1.7778253312e-03
-8.2009314138e-03
-7.2411943354e-03
-6.8724871782e-03
3.2948775336e-03
-3.2369261802e-03
-6.9768835006e-03
-5.5731656889e-03
7.8648263253e-03
-2.3831815970e-03
-7.7083799359e-03
-2.5525745662e-03
1.4566095383e-03
5.0341459097e-03
-3.3578519074e-03
1.5910715807e-02
-5.1556115276e-03
3.2467395157e-03
4.5593958606e-03
1.5398109563e-02
5.3367282467e-04
1.1453295753e-02
6.8240610206e-03
-3.7561358797e-03
-2.1258294924e-03
-3.1115538784e-03
9.8378851722e-03
-4.0425916169e-03
-3.9298385311e-03
-8.3697471005e-03
7.3584471468e-03
-6.9135471932e-03
-2.5015592982e-03
-4.2043521159e-03
-3.1869369968e-03
1.1423381594e-03
4.9255574414e-04
-9.1240189105e-03
4.8878218088e-03
4.7323681555e-03
-2.5787250816e-03
-1.3038433637e-03
-5.7590475130e-03
-4.6341411741e-03
9.0591115366e-03
3.8955280782e-04
1.2154668570e-04
1.2710879945e-03
3.6137950601e-04
1.4992791779e-02
-8.1435009854e-03
3.9773920700e-03
2.5422194117e-03
9.2425465692e-03
-1.0446340118e-04
1.9831678362e-03
5.5048575352e-03
-2.5419480005e-03
6.2475615316e-03
-3.1418091589e-03
-7.9193704220e-03
-2.4169813087e-03
-1.9000965325e-03
-3.9220150614e-03
1.8583579138e-03
6.9098319395e-03
-2.1804504907e-03
3.4793306562e-03
-5.2831962592e-03
1.3785989002e-03
1.8890431724e-02
5.0184235368e-03
-6.5080465999e-03
6.3620954689e-03
-1.0146564646e-03
-5.0994364575e-03
4.3550710268e-03
-4.9735742467e-04
-3.2551717421e-03
4.2560890727e-03
-4.0681760922e-04
-6.5742352289e-03
1.0696898116e-03
-3.8569236579e-03
2.3529023042e-03
-5.0447363242e-03
4.0841698721e-03
8.8034546387e-03
1.2768881442e-02
-4.0824109680e-03
-9.4302363862e-04
-2.2845412185e-03
7.6379384113e-03
-7.4874447446e-03
2.0247681814e-03
-5.1167557174e-04
9.4125794725e-03
1.3044498621e-02
1.0181791021e-04
-4.2505581689e-03
-2.1484909514e-03
-9.3397955982e-03
2.3744172211e-03
1.1388586594e-03
-2.6907312890e-03
-8.4115137888e-03
-6.5586175846e-03
-3.0418775161e-03
-6.6653351870e-03
-5.7415904792e-03
4.5200571030e-03
-5.0579882570e-03
6.9247819389e-03
-7.0953934006e-03
7.5426093937e-03
3.9147994469e-03
3.0503417681e-03
-2.5872821195e-03
8.1718797163e-03
2.5973414325e-03
-7.3187742486e-03
-2.3240851019e-03
8.4876724145e-03
8.7098516488e-03
6.6069700898e-04
-4.6299869338e-03
-1.0213699917e-02
-5.0791139845e-04
-6.5105792871e-03
-3.4997101846e-03
-5.9943242959e-03
-1.7901591344e-03
1.3841022382e-02
-6.2662063216e-03
-6.6480757023e-03
-1.1956467444e-02
-3.1150995565e-03
2.1018879278e-03
2.6604748783e-03
4.1393440570e-03
9.1009984086e-03
3.3303536277e-03
5.9648377820e-04
2.7105132156e-04
1.1986629516e-02
-5.6301700788e-04
-9.8200242452e-03
1.0929010751e-02
-5.6065485126e-03
1.9223426850e-03
3.3631464626e-03
7.3381810148e-03
-1.8670515448e-03
-3.7708550860e-04
-8.5610902675e-04
2.5459514775e-03
-9.3021082166e-03
5.1023025305e-04
-7.4176260893e-03
-2.2041332725e-04
2.0721850997e-03
9.6085094158e-03
4.4590190135e-03
3.9933039057e-03
-2.5649811269e-03
1.3852517089e-02
-5.7134007775e-03
-6.3852904745e-03
2.7113356489e-04
2.5378006508e-03
-5.3144047218e-03
1.0742098811e-02
-5.6704491702e-03
-4.0246325842e-03
1.6729142186e-02
4.2732445437e-03
1.0445288118e-02
-6.5480442953e-03
-3.7499580223e-03
-2.0918796860e-04
-5.6110799071e-03
-8.6641905915e-03
-7.3179462838e-03
1.5342414131e-03
-4.3903952865e-03
-5.7323825456e-03
-2.8661771130e-03
1.0482821264e-03
-2.4435378595e-03
5.8293271770e-03
-5.4517454668e-04
-7.0476523543e-03
-3.2098575598e-03
-6.6812584401e-03
-5.4259827616e-03
6.7348222666e-03
-7.5842390967e-03
5.3918794855e-03
2.1738252385e-03
2.8395951239e-03
-8.3907762240e-03
1.0371124866e-02
-9.7842923216e-03
-5.4173880249e-03
9.6963150721e-03
-1.0905980342e-02
-3.2771826093e-03
-1.4001922306e-02
3.3541478712e-03
-6.1901203934e-03
1.2180759666e-03
6.6664577521e-03
1.1927557193e-02
-5.0140864400e-03
1.6734045220e-02
6.7816373666e-03
9.4036733581e-03
7.5937438177e-03
4.4238540794e-03
8.8759099686e-03
3.2213502413e-03
2.5148317068e-03
-1.6457827930e-04
7.9107840659e-03
-5.9894610026e-03
1.2524308731e-02
-5.6245124623e-03
1.6989082381e-02
-5.4951317209e-03
2.9313362430e-03
-2.8062923016e-03
-6.4925253010e-03
-8.5154544326e-03
-9.2755906702e-03
-2.5617812697e-03
4.0113017989e-03
-7.6780778217e-03
-4.5528339194e-03
-1.3624052686e-02
-2.3701427810e-03
-5.3000055182e-03
8.5990589894e-03
4.0073947185e-02
1.5888976607e-03
1.4888086112e-02
3.3127745216e-03
-3.4304093474e-04
-6.6870328070e-03
8.5170029070e-04
5.3286646090e-03
-1.0598872715e-02
2.0302093941e-03
-1.8490613940e-03
-6.2402824125e-03
-6.1941043164e-03
-1.3743064934e-03
-4.8619175423e-03
9.8013699588e-03
-8.4292679264e-04
2.6176485945e-03
-1.9423226043e-03
-5.4401749376e-03
2.1948695303e-03
-2.9576431843e-03
2.1071402000e-03
1.9532361850e-03
2.1729178578e-04
-8.8582125221e-03
7.7446854677e-03
-1.2413805112e-03
-5.4596264283e-03
-9.5431913747e-06
-6.2766994836e-03
-5.2154725265e-03
-7.8539543113e-03
-1.4039934900e-03
3.2105307570e-03
1.5455621881e-03
-8.9533158976e-03
-5.7711138764e-04
-8.1644018998e-03
-3.4173237637e-03
1.6100935358e-02
5.8650681883e-04
-7.7324425031e-03
1.8096212628e-03
-1.5046143952e-03
-1.0531753851e-02
1.7497019165e-03
-1.5128050724e-03
-1.3901383847e-03
-5.7467686335e-03
4.8391545841e-03
3.1577101937e-03
-2.3872282402e-03
2.7864957064e-04
-4.1396313209e-03
3.0758621356e-03
3.1474344902e-03
5.6492226181e-03
-3.6598648342e-03
6.5128332838e-03
-4.4404903363e-03
-3.3190229218e-03
-9.0145252268e-04
8.0380165544e-03
-3.3634995365e-03
7.3631466954e-03
5.4642698699e-03
-9.8611584202e-03
-1.1250204933e-02
7.1208221269e-03
-4.8315957280e-03
1.2233934503e-02
5.1588026303e-03
-9.3504435170e-03
3.8961802147e-03
1.9883547154e-04
-7.8475553205e-03
-3.8505991302e-03
1.4478268123e-03
-3.3394012312e-03
-1.9973985355e-03
6.2345672914e-03
-1.1627168505e-02
2.6289118651e-03
2.3365868275e-03
-1.8361160507e-03
-6.4856486850e-03
-8.4069120305e-04
3.7395771116e-03
-4.5296521295e-03
3.4783414530e-03
2.7500765701e-03
-3.1690032354e-03
2.4788484661e-03
5.1689934328e-04
-8.7720042798e-05
-3.6159286238e-03
9.5188629922e-03
-5.0797912651e-03
-5.4756876552e-03
6.5082847881e-03
-1.6017917423e-03
1.3556833226e-02
-4.5518471328e-04
1.0310993219e-02
-1.7402799575e-03
-8.4064236435e-03
-2.8320427518e-03
-1.2414264556e-03
-4.2935090679e-03
-6.7498660339e-03
9.8344472769e-03
1.2491651745e-02
-3.2195428945e-03
2.7140533111e-03
9.4211851974e-04
-7.4260888092e-03
-5.2248938019e-03
1.3567091364e-02
-5.4643126174e-03
-1.2346185705e-03
-4.1017253989e-03
-2.6296696737e-03
-1.2811192879e-03
8.1236136913e-03
1.7756327000e-03
-8.8782820561e-03
-2.1424206993e-03
-3.4785383015e-03
-9.0795927274e-04
-2.4653426286e-03
-9.1975001886e-03
3.4361824569e-03
-8.9663268608e-03
5.2099099217e-04
-1.8987581454e-03
-1.2471417998e-02
-1.7624164914e-03
3.8819452554e-03
-1.5089008577e-03
3.4141611841e-03
-2.1987912051e-03
1.9279884975e-02
4.4526444686e-03
4.3117323464e-03
3.5452749692e-03
9.1859205247e-03
-4.9799667232e-03
-8.9415269610e-04
-7.0193758426e-03
-4.2092363536e-03
-1.3719819357e-04
-4.6879617194e-03
2.9017402547e-03
2.0000938699e-02
-4.0589993485e-03
-3.9782372022e-04
5.3105389053e-03
-6.8709409854e-03
-3.4118051490e-03
6.6744203029e-03
-3.7360917336e-03
8.1101218330e-04
1.1161239539e-02
1.5563411671e-02
5.4919180343e-03
-4.2220314055e-03
6.2886856910e-03
-1.1463703538e-02
-6.6107236017e-03
-9.3280236367e-03
-6.8582871389e-03
1.1917179688e-02
-4.5431854245e-03
1.4334926530e-03
-1.6777687629e-03
5.5328337418e-03
5.2483580476e-03
-4.7390681636e-03
-5.2110619387e-03
2.5856329400e-03
4.2600176372e-03
6.0551325515e-03
4.3850960417e-03
-7.4281078153e-03
-5.7157526062e-03
-1.4415652147e-02
-1.2774150880e-03
-3.8265810583e-03
1.3984310967e-02
1.6095787398e-02
-4.7654684257e-03
-1.1410465803e-02
-3.2895344128e-03
-4.6296579993e-03
-3.8153460051e-03
-3.6435012848e-04
-2.3289369090e-04
3.7662179330e-03
1.1002976160e-02
-4.6824994851e-04
-2.7122163100e-03
1.1772289307e-02
-8.2379173625e-03
-5.5405690016e-03
-1.1563371544e-02
-4.3190457593e-03
1.6605371851e-02
-7.5124033974e-03
7.7977014750e-03
-2.8296711945e-03
-2.3288127120e-03
3.1672003918e-03
-1.8172840953e-03
8.7832745531e-03
-1.7626140165e-03
3.3238838352e-03
6.2077452740e-03
9.0699397797e-04
2.2176242343e-03
-3.9285096980e-03
7.2086563440e-03
1.0181112281e-02
6.2477775462e-04
5.6929513042e-03
1.0160095013e-03
-1.3784305274e-03
5.9675461222e-04
-6.3674104440e-03
2.6489779562e-03
-1.0435379711e-02
1.2843151475e-02
3.7593922724e-03
6.3549687648e-04
2.3004153823e-03
-1.6480667569e-03
3.0774188320e-02
1.0269815682e-02
-7.3732432718e-03
-2.6132790572e-03
2.8198919368e-04
-5.9703700213e-03
2.5821354420e-03
-1.2351962597e-03
-5.5347632379e-04
-3.0723095609e-03
5.6740182446e-04
9.4999645164e-04
2.1616674527e-03
-3.8442276370e-03
-6.3252681591e-04
1.3662013498e-02
-6.3986790528e-03
-3.7901639589e-03
2.7896349812e-02
-1.8222436000e-03
-3.1743603503e-03
9.0289216452e-04
1.2388124420e-02
-1.4783430848e-05
-5.0049071884e-03
1.5077599871e-03
-7.7927656648e-03
-1.2144914953e-03
-1.0858893692e-02
7.5563015222e-03
4.9611100186e-03
-4.0558582484e-03
-7.3713390111e-03
7.0785175522e-03
-4.7771182948e-03
6.4549743040e-03
4.8302272940e-03
-6.7835231309e-04
5.8296436609e-03
9.9355682382e-03
1.8506164725e-04
5.4805929414e-03
-8.7094813994e-03
1.1632367103e-02
1.0781836048e-03
-3.1139758544e-03
6.3960576565e-03
-1.3323265916e-03
-8.0899603691e-03
3.9652338851e-03
8.4130936307e-04
-1.2894006753e-03
3.0108207166e-03
-3.2278003208e-03
1.2362744064e-03
1.5914425370e-03
-3.6388397421e-03
7.4887529276e-03
1.7741468602e-03
-4.5523798772e-03
-1.0400264491e-03
-5.2423533930e-03
6.3780710657e-03
-5.3013999604e-03
-4.2055484251e-03
-8.5108724686e-04
-9.3023050863e-03
-2.6238151454e-03
-5.5074153126e-04
5.7845632886e-03
-1.2357825043e-03
-4.1654471117e-04
4.1848030010e-03
1.0321024862e-03
-3.3886028227e-04
6.2613634637e-05
4.8954732881e-03
-7.9867277449e-03
4.6703565383e-03
-4.0695371945e-03
-2.7156797928e-03
4.9638634920e-03
-1.9880031992e-05
-3.9837707316e-03
2.5595286205e-03
4.5113307444e-03
-4.5334869832e-03
5.9002501301e-03
-3.1314693577e-03
-3.1217896180e-03
1.3583685604e-02
-5.3055166886e-03
-2.2867547416e-03
-4.8591522203e-03
-1.5682093906e-03
4.2555784097e-03
-6.5503798444e-03
1.5257185932e-02
-5.5744721154e-03
-7.1950030632e-03
5.4695137262e-03
2.9213468466e-03
2.8632926270e-03
-9.6928789494e-05
-2.4434282842e-03
-8.6354380791e-03
-8.2138194821e-03
9.0007702187e-03
1.0470055413e-03
-9.5219295900e-03
8.5611071258e-03
2.3170052634e-04
6.3397621099e-03
-9.3166457018e-03
-3.4607779711e-03
-2.0849491725e-03
6.1069068496e-04
-4.7224234108e-03
2.1614400102e-02
1.6562748222e-02
-1.7226535386e-03
-8.0852426291e-04
1.5731992962e-03
-3.7858245803e-04
-3.5717741220e-03
-8.5514765307e-03
5.4601666009e-03
3.6966413936e-03
-1.0882485227e-03
6.5507572373e-04
-5.0116609436e-03
-4.8938872248e-03
-2.3043501148e-03
2.3464541880e-04
1.6431020067e-02
-9.2301313510e-03
1.4958840337e-03
8.0118667957e-03
2.9467194632e-03
2.5154339185e-03
-4.8614043760e-03
3.6428917380e-03
-4.0739590632e-03
-2.0531611255e-03
1.2525939982e-03
-2.2680028720e-03
-2.6871386112e-03
8.9461769675e-03
7.5354045638e-03
1.4997460685e-03
3.5296788329e-03
1.0804702153e-02
4.1191629009e-03
-9.3613664128e-03
-3.8763473211e-03
2.4481864238e-02
9.7366113924e-03
-4.1154758521e-03
-1.2455730840e-02
9.1498757442e-03
-5.9424642652e-03
-5.6318723220e-03
1.2620899726e-02
-5.7991749351e-03
-2.2727213604e-03
2.6638709804e-03
5.6435739072e-03
-5.2405876363e-03
-3.8976715049e-03
1.8456461697e-03
-3.0050081212e-03
3.9282604104e-03
2.1174613017e-03
2.7167151472e-02
-3.0854995124e-03
4.3357836479e-03
-2.6086416792e-03
1.1214091148e-02
6.9942261020e-04
-1.0019772155e-02
8.2086016990e-03
-1.9523872998e-03
-3.8295941280e-03
-2.2815997628e-03
-7.9684914897e-04
-2.5447371168e-03
-1.5176973095e-03
1.7217054551e-03
5.8279293527e-03
8.8207625601e-04
-5.5119488227e-03
1.3028149128e-02
1.6438950683e-02
4.3187733518e-03
1.9928150190e-02
-1.0563605230e-02
-2.8104753299e-03
-6.9009113102e-03
-2.0387075816e-03
-5.7814642015e-03
-2.7807133442e-03
-5.2024658455e-03
1.9729246451e-04
-2.5412332818e-03
5.9827554403e-03
-1.1189783641e-02
1.4684306465e-02
8.1035511532e-03
2.0396295285e-02
-4.0806416922e-03
-6.9122551421e-03
5.0044315990e-03
3.8180527646e-03
1.3058189638e-02
3.8210922021e-03
7.0235759014e-03
2.9576736628e-03
-4.8500981834e-03
5.1341391790e-03
2.3926228477e-03
-3.8662666207e-03
9.7199451503e-03
8.0816108221e-04
2.0345866682e-02
-9.0965004289e-03
1.4575656221e-02
7.5342088882e-03
-1.7053732545e-03
-1.9929369392e-03
6.1895877130e-03
3.8816533709e-03
-9.5127371211e-03
-3.1636595577e-04
1.5083305944e-02
-9.1297854831e-03
1.2402458782e-03
-4.6929873431e-03
-8.9489445139e-03
4.4528758900e-04
4.1037750191e-03
-2.9709981146e-03
-2.4752899170e-03
1.7134017195e-03
7.9004220734e-04
-2.2045545915e-04
-1.0628963103e-02
2.3733275256e-02
-7.3315552434e-03
1.1343981280e-02
-6.8891395037e-03
-4.0581185042e-03
-1.2574254493e-03
2.2084923795e-02
-4.7150222100e-03
-2.0021493722e-03
-1.3327538840e-03
-5.2417741893e-03
-3.6818749901e-03
-1.1734328850e-02
-1.1619203003e-03
-1.7401450905e-03
-2.0633132705e-03
-3.7128241810e-03
-7.6733167366e-04
8.3791060195e-03
-1.8031746373e-03
-1.6330170674e-03
5.8865611239e-03
-7.5538868677e-03
5.2549500430e-03
1.3631301265e-02
-1.2394775731e-03
5.4455338471e-03
1.5583783499e-02
-5.1196983938e-03
-4.1609280458e-03
2.8276266904e-03
-8.8910674568e-03
1.8645850973e-03
1.1750275166e-02
-8.6458134076e-03
-5.9639908992e-03
1.9095183578e-02
-1.8643797704e-03
5.2875296469e-03
4.2608658050e-03
1.7954902240e-03
-8.1584707521e-03
-1.1403805228e-02
1.9743305736e-03
-3.8347929377e-03
2.6110988375e-03
1.0356447011e-02
9.7679927295e-03
2.0475982430e-02
-2.5593394869e-03
-7.1578496746e-03
7.5507853457e-03
7.7929215714e-03
-5.8877520686e-03
-6.9600652358e-03
-8.9250562747e-03
5.7493672228e-03
2.7627519168e-03
-2.7676086157e-03
-3.6138801959e-03
-2.4896378517e-03
5.1951042241e-03
-4.8350805377e-03
-5.4114472898e-03
2.6712468871e-03
-3.5907485381e-03
1.1969233228e-02
3.4744262056e-03
5.1699158179e-03
1.1006124011e-02
1.2277380854e-02
-8.1535261089e-04
-6.8696591886e-03
-5.0173337434e-03
4.8856071319e-03
-5.6923099921e-03
-8.1028330506e-03
1.1002601802e-03
-2.6693693158e-03
4.7236137242e-03
-1.8383749624e-03
-7.7967411382e-03
-1.0256433807e-02
1.6969902473e-02
-4.1194770395e-03
4.5325042625e-03
-4.3465608430e-04
4.1741748105e-03
1.1382089018e-02
-6.6850554048e-03
-4.1626253265e-03
-2.7853776960e-03
1.1229922047e-02
2.0419294277e-03
-2.4832498211e-03
2.6970950749e-03
9.3980646412e-03
-1.5572116291e-04
-7.4259007717e-03
1.1954280717e-02
4.3296671565e-04
-5.1677345713e-03
-3.5011794816e-03
-4.6792736177e-03
-2.3252165999e-03
2.2107614060e-03
-1.1297277701e-02
-5.4253719670e-03
1.8099782654e-02
4.9845912367e-03
2.7890246860e-03
6.0712178549e-03
7.7240442369e-03
-6.6037411625e-03
4.2725003065e-03
-3.4115304388e-03
4.5744227079e-03
2.6676825434e-03
-1.4718383974e-02
1.7277841333e-02
7.3992292632e-04
5.1806098913e-03
-8.0429299688e-03
7.8345428246e-03
2.9239655050e-03
-8.1027666883e-03
-5.7174432158e-03
-2.7496691799e-03
-2.2044653610e-04
5.5258462962e-04
-3.9296780988e-03
7.2453283177e-03
-2.5624898034e-04
-5.5836663904e-03
-5.1336230438e-03
5.3305415785e-03
-3.0060036126e-03
5.7342676787e-03
2.6179936865e-02
-1.3813309129e-04
1.5731474432e-04
-4.3564140320e-03
-7.7992716971e-03
-5.8578134148e-03
6.1477598716e-03
4.4803473583e-03
7.8608757472e-03
4.6779049679e-03
2.8476166107e-04
-9.3377638572e-03
-1.0527332535e-02
-5.5824974615e-04
-2.2965814993e-03
-1.6287954787e-03
8.0560365878e-03
-1.4348053303e-03
-5.3826336231e-03
4.0673361265e-03
6.9115771477e-03
-1.7668803662e-03
6.5256143912e-03
-4.9203642538e-03
2.0337307348e-03
-2.2097058392e-03
-5.8593337461e-04
-1.0611928559e-03
-1.7840036086e-03
-7.6601482711e-03
6.0439770493e-03
8.5170805380e-03
-9.7722945791e-03
-5.5913185341e-03
1.1426997159e-02
2.4121680831e-03
-7.4855098486e-03
-3.5891122203e-03
5.9716336021e-03
5.4256498626e-03
-9.1772368324e-04
1.7158586356e-03
1.8546911853e-02
-4.7004186885e-04
1.5997503105e-02
-3.9334232538e-03
6.7685061840e-03
7.3110867204e-03
2.9402269544e-03
-1.0632969809e-03
-2.0255410972e-03
1.3091382934e-02
8.5708021834e-03
-7.9856189134e-03
-4.7194219666e-03
-6.9940771022e-03
-9.6406236077e-04
8.1900863594e-03
4.5790258737e-04
-3.1269753839e-03
-3.5964820973e-03
3.8922932222e-03
-1.1985295910e-03
-1.6426657877e-03
6.9744703439e-03
4.1801967988e-04
9.0669820596e-04
-4.6358009558e-03
-6.0742033977e-03
2.5777199559e-03
1.1587232648e-02
-2.9557726215e-03
4.2229686465e-03
3.0619283957e-03
-3.1990842945e-03
1.2876436548e-03
-1.6300376216e-03
4.1068506472e-03
1.1105911694e-02
-2.6161714899e-03
5.1763092372e-03
3.1768665619e-03
-3.7634709731e-03
-1.2405720349e-02
1.0614316848e-02
3.1189209708e-03
-9.1620405876e-03
-9.4984284701e-03
-1.7997130952e-03
7.8153819448e-03
-1.9915094915e-04
4.9078020153e-03
-8.6524339355e-03
-1.0822336293e-03
-6.9679814533e-03
6.7773085087e-03
-9.5329905769e-03
-4.1883882557e-03
-1.7547481284e-03
4.6217623038e-03
9.2277224812e-04
-7.0625284700e-03
-5.7696941338e-03
-2.4433206702e-04
-9.0886589326e-03
-2.8529099032e-03
2.7173410599e-03
3.2905293297e-03
-2.5012568919e-03
4.1652957335e-03
4.2691418122e-03
2.8607726056e-03
-2.6464338561e-03
4.4122495507e-03
4.4983466109e-03
-3.8822569512e-03
-6.6085800619e-03
-5.8008410646e-03
7.8249951891e-03
1.0781587493e-03
5.7026044382e-03
1.0915034160e-02
-6.9299632208e-03
1.8700471516e-02
-3.5672369600e-03
6.5345978139e-03
-2.3064649035e-03
7.5331094804e-03
-7.0983383150e-03
-1.9762541892e-03
-7.1324432157e-03
-2.3462787426e-03
1.1159441740e-02
-1.3304587676e-03
4.2969682266e-03
1.5441331654e-02
4.2651688060e-03
-1.5103012426e-03
-4.3604855682e-03
-3.9360815097e-03
5.5701037372e-03
-6.6584206162e-03
-6.0077318691e-03
1.3481806693e-03
4.4361067429e-03
-8.0156367542e-03
2.6666283213e-03
4.3155167044e-03
3.5015050489e-03
-4.2531295512e-03
8.1132684392e-03
1.1240047608e-02
2.7770316530e-03
-5.2427263591e-03
1.0770396847e-02
1.3298168533e-02
1.2798487865e-04
1.0178429241e-02
-7.3690549368e-03
-4.7299482920e-03
-9.1809738482e-03
-9.5978868833e-03
3.4141314000e-03
-3.2249684523e-03
-6.5361922369e-04
1.8188637904e-03
-3.0327412747e-03
-1.6926372917e-03
-1.8117031710e-04
-7.6701623125e-03
8.4210675619e-03
2.6427895583e-03
9.6823603524e-03
5.4439262565e-03
3.9182541150e-03
-9.8526150385e-03
-1.2945753674e-03
-1.8351815302e-03
3.1423640789e-03
2.6281753968e-02
-1.0030536953e-02
1.6144807871e-02
-6.6744233922e-03
-6.6421705297e-03
-6.2005575767e-03
6.5619941461e-03
4.9041905894e-03
4.0873197356e-03
-4.3183496791e-03
8.8163780670e-04
-1.3651192805e-03
-6.4552311670e-03
-4.2130249403e-04
8.2169179551e-03
2.3729159553e-03
-5.1584817389e-03
1.0065664552e-02
-7.3049905490e-03
1.3786293519e-03
2.6190258591e-03
8.4346965896e-03
-4.5188181300e-03
-9.4937206646e-03
1.3299120584e-02
-4.4552326080e-03
5.6053425214e-03
1.2307723457e-02
-1.9099137388e-03
1.1936205220e-02
-5.5538101168e-03
-5.6391233472e-03
-4.6699247559e-03
1.6105429210e-02
1.0152633430e-02
-4.3760435989e-04
2.0607575898e-03
1.5826014144e-03
-3.3441733467e-04
-3.6454867696e-03
-4.7743293724e-04
-1.8499135521e-03
-6.4919809595e-03
-6.1022345303e-03
8.4750614581e-04
-2.5872883589e-03
9.7055262227e-03
9.7160228439e-03
-4.9210315403e-05
5.9273269238e-03
-2.2841103293e-03
-2.3197834146e-03
2.5901240251e-04
-5.8956417423e-03
8.3612129335e-03
3.7637400383e-04
4.9524268834e-03
1.3081661424e-03
7.5094172756e-03
-8.7535092372e-03
-1.5740994400e-03
3.6597998619e-03
-9.7666422700e-03
3.6496065196e-03
-2.6047249303e-03
-2.9033867684e-03
2.7423379528e-03
-8.0747451482e-03
-8.2732822218e-03
-2.6825289717e-03
-4.1740016152e-03
-7.4149470947e-03
1.1989676900e-02
5.6235466056e-03
4.7366531723e-03
3.5184581494e-03
-4.2986562328e-03
-2.8321729272e-03
-4.6320968819e-03
4.7853852649e-03
-1.0954369269e-02
-3.3953075875e-03
1.8135915296e-02
7.7062153994e-03
-5.7964244441e-03
1.0510689702e-03
-9.6251975981e-03
-3.0894620282e-03
6.2697229232e-03
-1.4074672259e-04
-3.6182291595e-03
-6.4684177950e-03
1.3451200049e-03
1.5612238735e-03
-5.4847911240e-03
-4.7414948357e-03
8.7258049703e-04
9.2028948902e-03
3.9619631063e-03
1.1513064968e-02
5.4858271105e-03
-1.1895954169e-02
1.3967982679e-02
2.5609830493e-03
5.1943652196e-03
3.7660115913e-03
-6.7410941898e-03
1.3746225934e-02
-1.0288706661e-03
5.1971876733e-05
-5.7634591538e-03
2.4224793178e-03
-9.2652835057e-03
-1.0485162399e-02
3.6809846898e-03
9.9080939904e-03
4.0991054402e-03
1.3837341156e-02
2.0306271176e-03
2.0304985356e-03
-7.4279019323e-04
-9.3361732856e-03
4.2309498605e-03
-6.3320713546e-03
1.9211405437e-03
8.3517000315e-03
-1.3192504607e-03
7.0095401795e-03
7.5281074518e-03
1.2499715056e-02
-7.8960575186e-05
-5.1274828586e-04
-3.4934703993e-03
2.3822687175e-03
-4.0143424504e-04
-1.1444777914e-03
3.5023134767e-03
-5.9283627564e-03
-3.1091201542e-03
-8.7014277868e-04
-4.6923022610e-03
1.5296241104e-02
2.0529311353e-02
1.7089715349e-04
-8.4266560857e-03
-9.6901619936e-04
1.7085496928e-03
1.0842032838e-03
1.1356079817e-02
1.0978387187e-02
-5.1839237959e-03
-6.1207870621e-03
6.5080136977e-03
1.6232905218e-03
-5.1065931706e-03
-1.0252354106e-02
-3.7398560030e-03
-2.1020747624e-04
-2.2513013523e-03
-9.9811134956e-03
-5.4075635477e-03
-1.8599798593e-04
2.9465631250e-03
-6.1161795499e-03
5.8208764329e-03
-6.6016504114e-03
5.0770894929e-03
-2.8273078912e-04
-4.6435352283e-03
-5.7034082297e-03
-7.2448748520e-03
-2.7436031721e-03
4.7221433172e-03
1.3282714060e-03
-6.0921888472e-05
-4.9425612616e-03
4.0994351082e-03
1.0779917672e-02
1.7901624925e-02
-2.3735065910e-03
-4.0690886089e-03
3.5350205177e-03
-1.8387589662e-03
8.6053721754e-03
2.7196984214e-02
2.0293374203e-03
-9.8553024399e-03
-1.2635546389e-02
-3.6672650275e-04
2.5590855512e-04
-6.0084959091e-03
-1.5150971319e-03
1.2049155742e-03
1.1238110840e-02
2.3686312771e-02
-6.6762946750e-04
2.4533040329e-03
6.7807185978e-03
-5.4731107481e-03
8.9687747617e-03
-9.2947087012e-03
1.5959698294e-02
-3.4790944474e-03
6.9519615500e-03
1.2775156414e-03
6.4536857042e-04
1.2924580561e-02
-1.4117070398e-03
-3.0615284387e-03
3.2072194856e-03
7.2223908592e-03
3.8741804062e-03
-1.6494308777e-03
7.4433181226e-06
-1.8434375855e-03
-2.3656746701e-03
1.0705648183e-02
-7.4805363889e-03
4.2208119575e-04
4.1615324422e-03
-2.1120976075e-03
-1.3226639647e-03
5.2428570723e-03
-6.1011080660e-03
-6.6217580769e-03
2.9154943420e-03
3.4592869521e-03
3.2685721252e-03
5.0068859246e-03
1.7317078348e-03
-5.5586543027e-03
7.9913263927e-03
1.8080569274e-02
-6.4648690263e-03
-2.5118213930e-03
-4.8463219594e-03
-1.6382280400e-03
1.1089851729e-03
1.0374249156e-03
-3.2132720086e-03
-4.8275402861e-03
-4.0486639080e-03
7.3833947705e-03
-3.3828938962e-03
-8.9640837053e-03
-2.2701821648e-03
-1.7849885861e-04
1.8511479072e-03
4.6886812696e-03
-6.2179426912e-03
3.1631328461e-03
1.0100419570e-04
1.2500683243e-02
1.1148573113e-02
-6.4324907319e-03
3.7325746553e-03
-7.2464203836e-03
-3.2908588110e-04
1.4903469855e-02
3.3854337328e-03
2.2093860943e-03
-2.1335351281e-03
-4.4896738446e-03
1.5290926117e-02
-7.1244981394e-03
-2.4921394818e-03
5.3484656120e-03
-6.5310145677e-03
-1.8165281646e-03
1.3987431799e-02
-9.7698436053e-03
-7.1544871125e-03
5.8974454312e-03
6.5910906997e-03
-2.7146642943e-03
-2.8522575188e-03
-6.4220583314e-03
6.2428410757e-03
-6.4075747820e-03
-7.1575905460e-03
-1.1610454588e-03
-2.3703016683e-03
1.0265094669e-03
-5.7407841874e-04
-2.6817081641e-03
7.0107495053e-04
1.9892016829e-02
-3.9853377913e-03
-2.2713403279e-03
-7.5991115359e-04
-1.0675435487e-02
2.2162281909e-03
5.7520822567e-03
6.4728378545e-03
3.0744801709e-03
-2.4087123320e-04
8.5195833694e-03
1.2935920081e-03
-4.7247069700e-03
-6.0219263724e-03
-4.0162103823e-03
-7.7620102374e-03
8.3619111607e-03
7.6158669569e-04
-9.3135772311e-03
-5.7048983135e-03
-7.5140327370e-03
-8.7369715495e-03
-3.0446105915e-03
-4.8540045677e-03
-1.0003271223e-02
-4.6419004148e-05
-2.1249645155e-03
-1.0524950629e-02
3.2269101420e-03
2.5609774814e-04
-3.1756830628e-03
4.2820715069e-03
-8.4175963548e-03
-9.6790558437e-03
-8.8179229351e-03
-2.5109611262e-03
-3.7979017657e-03
-2.1421566257e-03
2.6133557294e-03
-6.7106831707e-03
-7.5893918522e-03
1.6539266455e-02
-3.2634360190e-03
1.6455276734e-03
3.2571880898e-03
-8.8383837635e-04
-4.3915367295e-03
8.9843162958e-03
8.0892373177e-03
-2.1678304781e-03
-2.4898353302e-04
8.5691835799e-04
-2.8920051413e-03
2.2733996570e-02
2.8599699755e-03
2.9331598096e-02
-3.9942309308e-03
3.6963640707e-04
-3.6011308252e-03
-5.3906208523e-03
9.0576255040e-03
-2.1967135514e-03
1.2325925091e-03
-2.9406946596e-03
7.1881388081e-03
-4.5512611764e-03
-1.3003910261e-03
9.2983961778e-03
9.9173985054e-03
-7.1505703648e-03
1.0870950827e-02
-4.7638387756e-03
-4.5520235722e-03
-5.0622397405e-03
3.8530448871e-03
7.8988609738e-03
3.7268241508e-03
-5.6266117669e-03
-3.0169193657e-03
2.3948218745e-03
6.0293462652e-03
-4.3680283943e-03
9.0979499450e-03
-2.4750044208e-04
-5.5301752970e-04
2.5496145466e-03
6.1420176486e-03
7.5045205862e-03
3.1059092970e-03
-7.6722762132e-03
6.5676565405e-04
9.5328050061e-03
7.4429802060e-06
1.1577715737e-02
-7.6659215073e-03
1.0172882405e-02
1.4438988789e-03
-8.7176631479e-03
8.6546457220e-03
3.9715015403e-03
8.2975858166e-03
1.1924408209e-03
1.9366389183e-02
2.9374885602e-03
1.2040586390e-03
3.7739903112e-03
-1.8580073137e-03
2.7859381860e-04
-1.8028276022e-03
3.1025589236e-03
-3.6210036954e-03
-4.7130155031e-03
-7.6521615207e-03
1.8135622928e-02
7.7353269126e-03
-9.6106251324e-04
6.3803975181e-03
-3.5722190558e-03
2.0296146671e-03
-7.7281891801e-03
6.7993618649e-03
-6.7661683202e-03
5.7673785398e-03
-2.1040356789e-03
9.7636773909e-03
3.9685596049e-03
-4.6835423339e-03
1.0816865377e-02
-8.8272068136e-04
-2.1213928258e-03
2.5471261991e-03
-1.0326653751e-02
1.0482285952e-04
-1.2660987654e-03
7.4729630561e-03
-6.3562474458e-04
4.2828629358e-03
1.5082894835e-03
-2.5355014696e-03
2.4217460675e-02
-8.7920108137e-04
7.6969139206e-03
1.0529412872e-02
9.0442869661e-03
1.4643595280e-02
9.3569527607e-03
-3.2254326819e-03
2.0520102905e-02
-4.5751920484e-03
-1.0337784295e-02
-6.6279388302e-03
3.9034887682e-04
-5.1134413310e-03
4.9021372931e-03
-6.0742423002e-04
-8.9212892343e-03
1.1721838826e-02
-1.8768750178e-03
9.9160923695e-04
7.5537040303e-03
-2.0461051893e-04
-1.1793694930e-02
1.4872133123e-03
-9.8631361129e-03
-5.6539705998e-03
-4.9366033935e-03
2.6348742554e-02
-8.4304043005e-03
-1.0438984756e-03
-1.1598537326e-02
-2.2819837997e-03
1.0937742355e-02
-6.3340199339e-03
1.2556201693e-02
-7.2851790081e-03
2.6946384910e-02
-1.1003774099e-03
-8.9336938017e-04
-4.7731450081e-03
-9.4350529444e-03
-3.8312635092e-03
2.4418520761e-03
3.1242815749e-03
-2.6534871080e-03
-1.5454227310e-03
-2.5840981897e-03
-6.2598555970e-03
-2.8655587261e-03
5.6008844611e-03
-6.7657093338e-04
-5.2955673938e-03
1.1586416312e-03
5.8477283514e-04
6.9187426182e-05
1.0070931075e-02
3.1301786424e-03
-2.0391739008e-03
4.3370481529e-03
8.0119992243e-03
1.4993666165e-02
-5.9096548659e-03
-4.7505631252e-03
2.6618347819e-03
-2.9412257935e-03
-8.7688903327e-03
8.3063472386e-03
-4.8253942583e-03
-6.1581753022e-03
7.6054537896e-03
-6.9762738438e-03
1.0974690038e-03
-1.4095012227e-03
1.4365289350e-03
-4.9422559161e-03
-9.4083217023e-03
1.5829183260e-02
-2.3539991056e-03
-6.8290469905e-03
-3.1933990925e-03
-9.7942325209e-03
1.0192887232e-03
6.0420160237e-03
4.4400507387e-03
3.3985707096e-03
4.6155571644e-03
8.0145082237e-04
-9.8239808047e-03
-1.0801776835e-02
-5.9280550833e-03
2.6464454707e-03
5.0887020576e-04
-2.5792890224e-03
2.6250878799e-03
-8.2644772564e-04
-9.5686894312e-03
5.0069647699e-03
-4.0014734157e-03
-6.5126842431e-03
-7.6112653676e-03
-6.3543582751e-03
9.9095632751e-03
-2.1606481636e-03
4.7693635520e-03
-6.3668475210e-03
-2.5441628966e-03
-2.6165862837e-03
-6.0833413748e-03
-3.3059525734e-04
-7.9067181106e-04
2.6655122989e-03
-9.5315962224e-03
1.9821558700e-02
-2.2293322369e-03
-1.2214837833e-02
1.7099994798e-02
2.6506544209e-03
-7.1841162355e-03
1.1047845361e-03
-2.6696442296e-03
-5.7550401763e-03
-1.4229697749e-03
2.7654722791e-03
-7.7801231734e-03
-9.8492371077e-03
5.5628147189e-04
-9.0639448743e-04
1.2810798638e-02
-8.0248602427e-03
3.2030181900e-03
2.7927104049e-03
-8.8107141312e-03
-4.1920711155e-03
1.2530513274e-02
-5.0540258960e-03
4.2140380435e-04
-2.3817442092e-03
-3.6575457812e-04
9.2583114842e-03
9.3409305571e-04
-1.5258688219e-03
-9.8653812167e-03
3.1849480160e-04
3.7630067504e-03
1.6595221289e-02
1.1745868585e-04
-9.0616892340e-03
9.5364483414e-03
1.5189831783e-02
-3.2753007350e-04
9.1124155077e-04
-9.5754990751e-04
-6.1383817090e-03
1.8611000041e-02
5.5812129699e-03
-5.5912621605e-03
-5.8693005397e-03
-2.4966944558e-03
-1.0200081986e-02
-3.4637084302e-03
4.3594229000e-03
-5.1899795606e-03
7.6442486820e-03
3.4535885738e-03
5.7124535003e-03
-6.5458806823e-03
3.7781111607e-03
4.6971866461e-03
2.5313650338e-03
4.5927747034e-03
-3.6094250818e-03
-1.1488097442e-02
5.5560046225e-03
-1.1974163423e-04
2.4459597987e-03
1.1613912017e-02
-1.1095464878e-02
-1.6633659074e-03
3.9722621964e-03
-1.0619589267e-02
-3.1004542835e-03
8.1267292838e-03
-7.9709882909e-03
-1.6461544046e-03
2.0820607604e-02
-2.6363725375e-03
-7.6130979814e-03
5.4879895476e-03
2.6489141922e-03
-1.7213333783e-03
3.9414762605e-03
-2.6693599152e-03
-2.4687684251e-03
-6.1147014373e-03
-7.4656911885e-04
-1.2903582664e-03
-9.7398907413e-03
8.4660456498e-03
-4.1182302571e-03
-6.5476391522e-03
-4.7002093488e-03
-1.2980172232e-03
-8.4251335466e-03
-1.7423880951e-03
-4.0973772468e-03
5.8484472334e-03
4.0712479129e-03
-1.6882434007e-03
-5.3432511306e-03
4.7882902273e-03
4.3872407086e-04
-6.3785271583e-03
-1.0389758420e-02
3.9008111094e-03
-8.4127945871e-03
9.9683458217e-03
-1.8902449054e-03
4.9708130787e-03
-1.3531934908e-04
-2.5409546918e-03
-1.2028779239e-02
-5.2026201298e-03
-7.0586893032e-03
-3.5470303623e-03
-4.8569081135e-03
-5.0543503006e-03
-8.2201985313e-04
-3.3648852999e-03
-4.2338883463e-03
-9.1484175665e-04
4.7767467185e-03
-2.1800911699e-03
-8.2196013162e-03
4.9699623506e-03
3.7805148999e-04
6.4403430787e-03
-7.7019981244e-03
5.4488338855e-03
1.8254429549e-03
2.5650399842e-02
-2.0636750856e-03
-1.1538890401e-03
2.7395462205e-03
-1.4682028146e-03
5.6656081427e-03
7.6430843102e-04
-2.0406255506e-03
-6.5835850999e-03
-3.6820661444e-03
-3.6753875805e-04
-9.9856379855e-03
2.5272372711e-03
5.7554169944e-03
-1.5949552697e-03
-1.4113669131e-03
3.5615103442e-03
5.0031979422e-03
-4.9596163735e-03
7.6576191629e-03
-2.5273332960e-03
1.6822277974e-02
1.0956740749e-02
-9.7896748604e-03
1.4989333929e-03
-3.9256725358e-04
2.3966027149e-03
-2.9531866466e-03
-9.2574610037e-03
-4.6106962489e-04
1.9384307685e-02
-3.4067239146e-03
-4.3431481758e-03
6.2631867557e-03
5.0512046432e-03
7.7107726673e-03
1.6424188092e-02
-1.4808143562e-04
-5.9733772535e-03
-2.9437516126e-03
-9.5729629744e-03
-7.3736092677e-03
6.0806777142e-03
-6.1714986043e-03
6.4646832484e-03
-6.6224613784e-03
2.3881799014e-03
-6.9590575625e-03
1.9376097879e-03
-3.6699939517e-03
-9.7240542871e-03
-5.9805176706e-03
-7.3377850130e-03
-2.0824125634e-03
-7.9446576463e-03
4.6924524072e-03
-5.0393941817e-03
-3.6650311153e-03
8.1513032156e-03
1.0148312415e-04
-6.7552812308e-03
3.0839679091e-03
-3.8616593792e-04
-9.9987006122e-04
2.7748081967e-03
7.0211433537e-03
-3.4493423785e-03
-3.5769723711e-03
-6.9581077976e-03
-2.0927124717e-03
-4.7652957644e-03
5.7011018904e-04
-4.9369530715e-03
5.4089900233e-04
5.4562186823e-04
-1.9325271296e-03
6.9070550638e-03
3.1703995656e-03
4.3740457681e-03
2.1111815745e-03
-8.7873560321e-03
5.1906906912e-03
-2.2592502353e-03
1.0902834040e-02
1.7213630973e-03
6.0811441227e-03
-1.3175547696e-03
1.6367133186e-03
-7.8864614936e-03
-6.4445995244e-03
4.7523281695e-03
1.3097645814e-02
1.7603502474e-02
4.4868414760e-03
-4.8987630874e-03
-1.1102391706e-03
1.5096550827e-02
2.9324254449e-03
1.3647404106e-03
1.3353504377e-03
1.9397884689e-03
-3.1050824342e-03
1.2828064053e-02
-7.8142774886e-03
-9.1296400835e-03
8.7698632901e-03
2.7905359579e-03
-7.8729344737e-05
6.6481987547e-03
1.5229676035e-03
8.8922712165e-04
-4.4300535073e-03
-9.3211832385e-03
-6.2686435866e-03
6.4442226654e-03
7.2336278248e-04
1.0861184902e-02
-1.8275042157e-03
1.1710799683e-03
5.2049076778e-04
-2.5110156419e-03
-5.3551686498e-03
3.7244867629e-03
-1.1222913036e-03
1.2764396155e-03
-4.4050708807e-03
-3.4203920316e-03
3.3226970410e-03
5.8663644070e-05
-3.0495438099e-03
2.5244563420e-03
3.2711023803e-02
8.1517754801e-03
-5.4646097478e-03
-5.6185015390e-03
3.1726455110e-03
-4.0840061104e-03
1.3760014641e-02
3.4092731445e-03
6.5293454952e-03
-6.4976065703e-03
-6.8649276117e-03
-4.6372622919e-03
-2.7439454470e-03
-7.8048197924e-04
-4.0186281478e-03
4.9781629420e-03
1.5510206310e-02
2.7287569329e-03
1.5969595976e-03
-2.9976627308e-04
1.7680767810e-03
-5.7769778496e-03
4.9515292050e-03
-1.0946375277e-02
3.0711249740e-05
3.1300470558e-04
-2.0910456674e-03
-2.8070856410e-03
1.2941430900e-02
-9.3161097953e-03
2.6026285079e-03
-1.2733997445e-02
4.6016409202e-03
-7.0373316206e-03
-4.9667129125e-03
-2.1729167832e-03
-5.8569978326e-03
-3.5917964601e-03
-3.7593897836e-03
-1.5640781301e-04
-5.2453383579e-03
-4.3233202586e-03
6.6418885224e-03
7.0741970312e-04
-1.1112708313e-03
-7.6759486078e-03
-6.5258621573e-03
-2.3135272881e-03
7.2373668412e-03
6.6088502690e-03
3.9677334279e-03
1.9269658666e-02
-1.1732001121e-02
-2.1283648618e-03
6.2470901622e-03
-5.3547701211e-03
-1.6905157399e-03
-8.8614017357e-03
-5.9054876064e-03
1.3457659013e-02
-3.3349508165e-03
1.6869253767e-02
2.0683479344e-03
-5.9895151489e-03
-3.9728124957e-03
-7.6157833174e-04
2.1989801258e-03
7.2138380506e-03
-1.0828177712e-03
-1.9763683182e-03
-1.2621656217e-02
-2.0370099622e-03
2.4418426390e-03
-8.0293168172e-03
-2.0875781803e-03
1.0486487562e-02
1.7311262226e-03
2.6976039664e-03
-3.1922745566e-03
-2.9046682254e-05
-5.1353093262e-03
-5.2715988048e-03
2.0688825807e-03
-5.9516626830e-03
-4.8364062904e-03
2.2213474506e-03
-5.1362335372e-03
-9.7961086842e-03
5.4515439112e-03
-5.9160857403e-03
1.8486454129e-02
-5.8087037731e-03
-4.2219179405e-03
-1.8561181828e-04
1.1553484241e-03
4.2861309918e-03
-6.7504557803e-03
-4.7682570641e-03
-1.0190681786e-02
1.9985988577e-03
8.3593109279e-03
8.1281398298e-03
4.0737017244e-03
-7.7289747685e-03
6.1531856330e-03
4.3460428086e-03
-3.7792190617e-03
1.1642132162e-02
2.6084053413e-02
2.0262830398e-02
7.1376125079e-03
6.4163143714e-03
1.7742190938e-02
-1.9017654925e-03
-1.2300188922e-03
8.3603223119e-03
-3.9887361430e-04
2.6545050420e-03
-1.1022511792e-02
-8.3122805345e-03
-6.5355854600e-03
8.1637716113e-04
-7.6339119347e-03
-5.7251963895e-03
-2.3797135411e-04
-1.0936255162e-02
-1.1350615060e-02
1.6986489019e-02
1.6639552990e-02
9.6495046045e-03
-3.9651797982e-03
-1.3364938473e-03
-7.4067649080e-03
-3.0026539702e-04
-8.3260705656e-03
4.4090629427e-03
-6.6053510495e-03
4.5758320843e-03
3.1169060176e-03
-4.0836294319e-03
-3.2362755990e-03
7.5513422937e-04
-9.1531459787e-03
-4.5721538048e-03
-1.0359284878e-02
-8.7934437921e-04
-2.0719791012e-03
1.0343433946e-03
-2.2218918852e-03
-8.5131053588e-03
-2.1343050202e-03
-5.8284344622e-03
-7.9355283795e-03
-2.0803718645e-03
-4.0806888042e-03
-7.3468632322e-03
5.4682979071e-03
-2.2030494203e-03
-9.6359015647e-03
-6.1446429795e-03
6.7638311908e-03
-3.4090821688e-03
1.2400989178e-02
-6.7228779428e-03
1.0410368072e-02
6.8492303336e-03
-2.5604675844e-03
-3.4001441575e-03
-4.3713440494e-03
7.0536702964e-03
6.6762069328e-03
2.2302387759e-02
-4.5900952566e-03
1.2575105773e-02
-3.8614709823e-04
1.3627123006e-02
-5.9156679604e-03
1.1593763818e-02
9.5886311308e-03
-3.2399893148e-03
1.0515945685e-02
-6.8970622294e-03
-8.8607876060e-04
-2.3512052641e-03
1.2217358322e-03
4.0631083987e-03
-4.2340672424e-03
-7.7855041402e-04
1.9097570587e-02
3.8027077617e-04
1.3049975298e-02
1.7182596557e-03
4.1159879050e-04
-2.6764264542e-03
5.0160639356e-03
3.8816607243e-03
-6.6832835689e-03
9.2211466699e-04
-8.6549389949e-03
9.4721438544e-03
-4.7524653546e-03
-2.2659812166e-03
8.6849416855e-03
8.6193230182e-03
-2.1767927248e-04
-3.6144112962e-03
-1.7797070128e-03
-2.6300158515e-03
-3.2309625883e-03
-5.7391171942e-03
6.3753177239e-03
-4.8795131585e-03
-9.5188088413e-03
5.2516323912e-03
-5.1043038433e-03
9.8150427033e-03
3.6507943164e-03
-2.3377172743e-03
-7.8604101649e-03
-6.4011177244e-03
7.1153630320e-03
-3.1301476672e-03
6.8887337653e-03
1.3499480029e-02
-3.4948863474e-03
-5.5833781989e-03
-9.0509420108e-03
1.3002909313e-02
-8.7194954521e-04
8.6633751989e-03
8.8583643028e-03
-1.1260475249e-02
-1.0727041767e-02
-6.5043543843e-04
-8.2425397141e-03
-4.2620745452e-03
-3.0231430164e-03
-4.6770894604e-03
-3.9504580720e-04
-2.9070983865e-03
-6.8566000325e-03
4.0878753590e-04
2.7202699908e-04
-4.0042579616e-03
-2.9983153360e-03
-6.0006146344e-03
1.6079927174e-03
-7.9789487038e-03
-1.1163225166e-03
-7.0272653063e-03
-9.9650345371e-04
-3.9794682246e-03
1.1727716248e-03
-6.1823310341e-03
1.3763254756e-03
-6.8051992713e-03
5.4335016800e-03
1.0542276035e-03
8.4208661904e-03
-3.1199721574e-03
-2.7925868631e-03
-3.1895982227e-03
-5.4943208325e-03
-3.4274826471e-03
-6.7669919906e-03
-5.9064410818e-03
-3.2490214194e-03
-2.0942992674e-03
9.5582563836e-04
1.4216539656e-02
2.8121544716e-03
-4.4251581660e-03
1.3216126983e-02
-7.1235000801e-03
-3.7250426025e-04
1.3159056381e-04
9.5073786149e-03
-7.8669947721e-04
-1.0132342770e-03
-2.2876835396e-03
3.3635154526e-03
2.3537632365e-03
5.3311909183e-03
-3.5377622931e-04
7.0007909363e-03
-4.7034960648e-03
-2.5897523971e-03
5.9798449791e-03
-1.2670511161e-03
1.1001763944e-03
7.0296427906e-03
-4.4896853332e-04
-1.2413340190e-03
-6.3553166237e-05
6.8455122346e-03
3.3618818677e-03
-5.1046235891e-04
3.0494145220e-03
-8.9327411643e-04
-1.1523660875e-02
9.1515016574e-03
-5.5627666914e-03
-7.1559242526e-04
8.5921003881e-03
-6.5382263128e-03
-4.3637276728e-03
2.1093476137e-02
1.0329821998e-02
-6.1849495699e-03
1.0046687542e-02
8.0019594950e-03
5.9133364144e-03
-2.5928769432e-04
1.6603479907e-03
-9.0333918387e-03
7.2533115184e-03
-1.0319637170e-03
9.9240258650e-03
-2.8490685701e-03
3.0028321862e-03
6.1230993558e-03
7.3887699655e-03
6.0354504244e-05
1.5898758594e-02
-4.1712117961e-03
8.2878851713e-04
-2.4355552831e-04
-2.5515022828e-03
1.1224459784e-02
2.2830191390e-03
4.5040391294e-03
-6.1594545746e-03
6.5251775101e-03
2.4670188352e-03
2.1108844117e-03
-2.0836128274e-03
9.8449717983e-03
-6.1677695168e-03
1.0087415660e-02
4.3474162124e-03
1.5144127628e-02
4.9519774249e-03
-2.4307572770e-03
5.9180284225e-03
4.0154822423e-03
-1.0328111645e-02
1.3300733176e-03
-6.4936505382e-03
-2.3401183610e-03
-5.7106321310e-03
-6.8963838663e-03
4.7591687257e-03
-7.9808272843e-03
6.5481633392e-03
-3.4389810508e-03
1.3425890693e-02
-3.0307148137e-04
1.4643588285e-03
-7.1044789852e-03
7.1695909000e-03
-4.6735888436e-03
-3.5815491580e-04
-4.8771864117e-04
-8.1829465182e-03
-9.4451066104e-03
7.7048119124e-03
-2.3412445131e-03
5.2520264919e-03
-8.3593976684e-03
2.0124410809e-02
-6.0060404671e-03
-3.0521180487e-03
-4.3075715792e-03
-8.8612082092e-04
-5.3704595068e-03
-8.5655965823e-03
-7.3729664646e-03
-2.2237515801e-03
2.9138090150e-03
4.3621334466e-03
8.7687894902e-03
-2.8353905284e-03
-5.3240037540e-03
3.7712919163e-03
1.2550217465e-03
-6.7382363272e-03
7.0532994452e-03
-6.6440100465e-03
4.1047934970e-03
1.2425013430e-03
-3.0734146988e-03
-7.1123079929e-03
-3.5006723485e-03
7.5776378592e-03
1.1282850499e-02
2.0307687990e-02
-4.0500889800e-03
-9.8742490428e-03
-6.8013478886e-03
1.8335002354e-03
1.0521098594e-03
5.0330565050e-03
3.8849034635e-03
6.7816778623e-03
1.0330078947e-02
-5.2166262195e-03
6.6090039956e-03
-2.4250677377e-03
9.9317650752e-04
7.1104968647e-03
5.3938861612e-03
-1.2836759385e-03
-4.1294350900e-03
2.3256027640e-03
-5.6802701065e-05
-4.0801247205e-03
6.0595547383e-03
4.1411887568e-03
-3.4879195904e-03
-5.1535027093e-03
3.5691837890e-03
2.7212769268e-03
1.2300242670e-02
4.2873774321e-03
-5.8266214414e-03
-1.0111564329e-03
3.8380287607e-03
-7.4233436784e-03
3.8733936953e-03
-1.7161876509e-03
8.9306281770e-03
-1.9215192228e-03
2.6575210592e-03
-8.1964625414e-03
-7.6229734843e-03
4.3917071800e-03
5.5919676931e-03
8.3313745368e-03
2.5660944468e-03
-1.0129044641e-02
-1.5766910994e-03
3.1833407213e-03
-5.2473284512e-03
-3.7162767107e-03
-3.4125429816e-03
-3.8558985197e-03
5.1098401908e-03
-4.8858042709e-03
2.1928880184e-03
-1.1475875629e-03
2.4773015940e-03
-7.6313891194e-03
-5.2844345343e-03
-8.5146071578e-03
1.7849593645e-03
2.1312427400e-04
-2.3904225838e-03
1.0770818430e-02
5.0244792714e-03
-3.0522288334e-03
-1.3780648990e-03
-1.1165096710e-02
-9.8006576897e-03
-4.0073356916e-03
1.3529424057e-03
-1.5614521095e-04
-7.4296109907e-03
-8.8485947015e-03
-8.0862638260e-03
-5.5280415232e-03
-5.1680190736e-03
4.2598549437e-03
1.1180008492e-04
-4.4694551141e-03
-3.4497142375e-03
4.6546508130e-03
6.0099439558e-04
6.2916191457e-03
3.6897994467e-03
1.2629915613e-02
6.7310729909e-04
-3.1087146087e-03
-8.3163338138e-03
-5.6012657305e-03
-6.7825736331e-03
1.9580282982e-02
3.0698893874e-03
3.2325339324e-03
1.3943749873e-03
1.1165530654e-03
-6.1008922279e-03
-8.1330861894e-03
-1.0247656158e-02
2.8707679034e-03
2.8353447159e-03
8.5864711195e-03
-7.8759931034e-03
1.1555911541e-02
-4.4924571156e-03
5.9246238443e-04
-4.9865220083e-03
3.8979445385e-03
9.2744779376e-03
4.0236009268e-03
2.5313177208e-03
-4.2775717622e-03
-1.8976205538e-03
-1.2989468230e-03
-7.5441821201e-04
-5.3232062280e-03
6.1495094372e-03
5.9439818217e-03
2.5065018161e-02
-7.1937085229e-03
-5.3538847591e-03
-3.8267313797e-03
-4.6550595710e-03
4.5632501456e-04
6.3379764750e-03
9.8444299795e-03
-2.7599356179e-03
-6.8692659738e-03
6.4180668448e-03
2.7643226036e-03
1.3689083190e-02
-8.7533070172e-03
-6.1744685295e-03
-3.9089434152e-03
-1.4526077549e-03
1.8523125820e-03
-1.1243311731e-03
1.3989401693e-02
1.9790863462e-02
-3.2451836261e-03
9.8087568483e-03
3.4394728344e-03
-1.2766632675e-03
-1.2325691373e-02
1.1202751072e-02
7.9311902774e-03
-5.9527178543e-03
1.9241046539e-02
1.3510204916e-02
9.2823885567e-03
1.0858749558e-03
-9.7463389950e-03
-2.2618286700e-03
-7.4305910349e-03
3.3215085216e-03
4.3130088643e-03
1.7338822327e-03
-4.0760156006e-03
-3.4300342910e-03
-7.2254840071e-03
5.1177260540e-03
7.5392798035e-03
3.1521838051e-03
-2.2885709899e-03
9.0807014251e-03
6.7620362290e-03
1.1286053420e-04
3.2105950796e-03
1.5181996395e-03
-5.7186588466e-03
-5.6549792703e-03
-4.8923299164e-03
-7.6811894665e-03
-3.7263485599e-04
2.0719915079e-03
-4.1735458976e-03
-7.6960060311e-03
2.7300407012e-03
-5.9989133348e-03
-2.4798269411e-03
6.3891756779e-03
9.0042818087e-03
-5.7277094101e-03
-7.5581774590e-03
9.6916766444e-03
-6.1895203936e-03
7.9753648182e-03
1.6250716404e-04
-5.3844548490e-04
-2.7342288367e-03
-6.8856597488e-03
1.8700097782e-03
4.8338693431e-03
6.2556426165e-04
5.1316787705e-03
-6.8794973475e-04
8.3695124693e-04
-2.9458934563e-03
-4.0648272565e-03
5.4806061510e-04
2.5120930145e-03
-4.0274287258e-03
4.0330364795e-03
2.0459002793e-02
1.0541058914e-02
4.6521234339e-03
-2.0775123065e-03
-3.0971565514e-03
1.2473308753e-03
5.9665661087e-03
-2.1236273023e-03
4.7716563027e-03
-8.5189678965e-03
5.5625734801e-04
-3.4833072300e-03
5.2419119978e-04
-1.5039771592e-03
-6.0037281951e-03
1.1025942177e-03
6.2794426327e-03
-1.4999116450e-04
2.3716630167e-03
4.1325871382e-03
2.8198739812e-03
-5.8427422084e-04
1.4034747045e-02
7.9726574300e-03
-7.4944994630e-04
9.5726459932e-03
5.6160629241e-04
-1.4696638912e-03
9.6129519592e-03
-1.6528410698e-03
2.1368505742e-03
-2.6292986602e-03
-6.0433680656e-03
-1.1972308308e-03
-4.1536775317e-03
1.4201793309e-02
-2.9142185170e-03
-1.5307919409e-03
-3.4690053370e-03
-2.2619809406e-04
-1.0386255087e-02
-7.1569647428e-03
-1.8844747031e-03
3.0056541572e-03
-3.3406849143e-03
-8.8801910584e-03
-2.3977359044e-03
1.2773038224e-02
1.1370912440e-03
1.4989844113e-02
-2.4154355078e-03
4.2237279004e-04
3.9111738999e-03
-4.8728808876e-03
1.3278623822e-03
-1.7426692396e-03
2.5348219178e-03
7.8359866104e-03
3.6934618552e-03
-6.0173570367e-03
6.8109719555e-03
-8.6391662581e-03
-2.0087623228e-03
-5.0859075158e-03
2.7294816998e-03
-4.7112827515e-03
8.2674298319e-03
-1.3900220649e-03
-9.6753526802e-04
-3.1742114063e-03
-4.4722701463e-03
1.7447984147e-04
-8.4411314331e-04
4.2646203028e-03
-4.7973397774e-03
-6.7691350057e-03
5.3510558175e-03
-3.8598922358e-03
7.5849382080e-03
-1.4992434376e-04
-1.4126245212e-03
1.2002512926e-02
-5.6939017315e-03
1.5241138462e-04
-4.5692495799e-03
-1.0698076233e-02
-5.4636994482e-03
-5.2391170333e-03
3.8847244737e-03
-7.1591332583e-03
1.1574995267e-02
-2.2989960770e-03
8.0018793829e-03
-1.2306560682e-02
-6.1085607721e-03
1.0810195270e-02
4.0468029587e-03
-8.7497653320e-03
-1.9799885084e-03
-6.0229726796e-03
2.3113054931e-03
-2.1514494311e-03
7.8252472615e-03
2.3099954364e-02
5.9274562097e-03
-8.6216510699e-03
-4.1338340077e-04
-6.6782335983e-03
-5.2744793109e-04
-5.1325456316e-03
-1.3258828550e-03
1.5849812496e-03
-5.8543065672e-03
1.1517854199e-02
1.1447738219e-02
-3.3638971201e-03
7.8866608081e-03
1.0531454828e-02
-9.4006448184e-03
1.5387937996e-02
8.5629571415e-03
-8.9613879297e-03
3.8895959289e-03
1.0289939434e-02
-5.6044742566e-03
-3.3978864309e-03
9.7359676895e-03
-5.6956033236e-04
3.4343990942e-03
7.5543151724e-03
4.8219437692e-03
-2.1262190916e-03
6.6303172127e-03
4.6271501823e-03
-4.0386403182e-03
3.2443467753e-03
7.7763374038e-04
-2.2283737097e-03
4.3026802125e-03
-9.7382390472e-04
-3.4106954552e-03
-7.4294606659e-04
6.5951841523e-03
-4.6516540820e-03
-5.1403226109e-03
-6.2092194885e-03
-2.3202622068e-03
2.2141155728e-02
-9.0544872973e-03
-4.1469326049e-03
-3.6465397345e-04
2.2046225315e-03
-1.0387696311e-02
2.2032273586e-03
1.2881799017e-02
8.5264995324e-04
-8.7251743729e-03
-8.4158272821e-03
3.8170416532e-03
4.5801900570e-03
-2.7926123248e-03
-6.2612624169e-03
-4.6433171200e-03
-2.9617969545e-03
4.0752343241e-03
6.8253874857e-03
-6.0214129774e-03
-4.5019288199e-03
5.6991828176e-03
-8.4309811324e-03
4.0218174626e-03
-4.4731863645e-03
-2.1012960290e-03
-9.9087620216e-03
9.9391339237e-03
-6.5572764823e-03
-3.5014292754e-03
-4.7929362264e-03
-1.9085872245e-03
2.3833525267e-03
-5.7628759149e-04
-3.9907348046e-03
-3.4830099605e-03
9.0884626870e-03
2.3209869585e-03
4.4539233669e-03
1.6491761253e-02
1.4002643140e-03
-8.0230350560e-03
4.6852835187e-03
-7.2384370225e-03
3.8615172770e-03
2.4304353944e-03
-2.8473105213e-03
3.7564178987e-03
-1.9136560954e-03
-1.3681227301e-03
7.8120572213e-03
-2.8522658979e-03
-1.7096260348e-03
-3.8055981381e-03
1.4710818708e-02
2.5156423755e-03
-1.0482230758e-02
-4.8020147398e-03
8.4973263804e-03
-3.3743797775e-03
4.2533583893e-03
9.8451441942e-04
-1.1767452536e-03
2.3685933623e-03
-1.2106602425e-03
4.0103935848e-03
-9.4525624372e-04
3.6886813341e-03
4.0930243277e-03
-5.1302164080e-03
1.1150487821e-02
-2.4424836464e-03
8.0939992823e-03
-1.4722578254e-03
-6.8562400108e-03
5.2596100427e-03
6.9636717641e-03
2.1762227737e-03
-6.5521032545e-03
1.2302102639e-03
-6.3263025212e-04
-3.2789583518e-04
3.7346683679e-03
2.8263732105e-03
-5.9382532381e-03
1.5027200661e-02
-8.0592673712e-03
-4.6250796157e-03
-1.1414502723e-03
-5.2856363722e-03
-1.1997448384e-03
-3.0059548881e-03
-9.0921922952e-03
3.3640595328e-03
-4.6913018972e-03
-6.9908580793e-04
2.1691299958e-03
1.0210072948e-02
1.7973268324e-02
4.5585747724e-03
6.0405896313e-03
1.9111343232e-02
-1.1448877572e-02
3.3052022056e-03
-7.2115890383e-03
4.7147393126e-04
2.8961033105e-03
-2.2040246178e-03
8.3744875721e-03
3.9182652543e-03
-8.4057122727e-03
2.3599092630e-03
5.7360344795e-03
-3.9817725469e-03
-1.6812405794e-03
-6.2583556904e-03
-1.5517483347e-03
8.2245166046e-03
-3.5920988820e-03
-6.2459343027e-03
-1.5529866242e-03
1.2355621561e-02
-3.4692736152e-03
-4.5937724828e-03
-1.7667092198e-03
9.7522216747e-05
6.4832340954e-03
6.7702943524e-03
-4.9173180212e-04
4.9167698771e-03
-2.2247976409e-03
2.7907995764e-02
-2.6087912343e-03
-1.6444488386e-04
1.1419600357e-03
1.3387056838e-02
9.0841296164e-03
-7.9297060553e-03
6.2179670052e-03
7.7123021823e-03
-3.8633547734e-03
7.9201834523e-03
-1.4442102774e-05
1.0582059086e-02
-6.0472388381e-03
-1.2131014638e-03
-3.9795499597e-04
1.3013082297e-02
-3.6950311120e-03
1.6078966567e-02
6.1437070358e-03
-2.5502122464e-04
1.3884479938e-03
-9.4403505230e-03
1.0196156298e-02
-3.6055031209e-03
1.1044609341e-03
-3.5555205610e-03
2.0386931388e-04
-6.3564999872e-03
1.1515081341e-02
-6.3642538848e-03
-3.2535825131e-03
1.4020865333e-03
4.1566544861e-03
-8.5414253907e-03
7.5034007632e-04
2.8204096975e-03
2.8802241950e-03
-6.8434200042e-03
-4.5045271273e-03
2.9781689878e-03
2.5765325898e-03
-2.6613866982e-03
1.5566690192e-02
-3.9790444660e-03
-8.0108609115e-04
3.7589122648e-03
-1.0709461730e-03
-1.1006639487e-02
-8.6147583157e-04
5.6787731978e-05
-6.5164366869e-03
-7.8761473057e-03
5.2039630879e-03
7.9314332370e-03
-1.7206148952e-03
-2.1082905232e-03
-2.8002679411e-03
1.3270863439e-03
-6.2376646855e-03
6.6682943374e-03
-4.8909046718e-03
3.2291893043e-02
6.3652950330e-04
8.3757132088e-03
5.7093365461e-03
-2.3801044081e-03
-2.7781503481e-03
-4.0854863057e-03
5.6509260212e-03
-2.6636445498e-03
-3.5043156776e-03
1.4623645743e-02
1.2544692828e-02
-2.8096666479e-03
1.8598721345e-02
-6.2170489554e-04
-1.1338009560e-03
7.4634703946e-03
2.0058317890e-03
2.3571357722e-03
3.0607746075e-03
-2.1736257839e-03
-3.2096270017e-03
7.3402749354e-03
-3.6261233489e-03
7.7600059737e-04
-2.1773633905e-03
-5.3891647549e-03
1.4804307819e-03
-2.1814236666e-03
8.4477280616e-03
9.7012360240e-03
1.7314807342e-02
-6.5702739905e-03
1.0859345546e-03
1.7237460248e-02
-7.7388288985e-03
9.4798626057e-03
-2.3675907413e-03
-4.9684131200e-03
-3.3174518394e-03
1.0624993513e-02
-2.6446256468e-03
-4.5395208561e-03
8.7365686635e-03
-4.0617437143e-03
9.5943433754e-03
1.5705752059e-02
4.0347016559e-04
1.5779000216e-02
-7.6885490377e-03
-4.0910780885e-03
-5.9795039821e-03
1.7627584555e-02
-8.6358426674e-04
1.8892825043e-04
-7.9223131477e-03
7.2102067661e-03
-6.3056988809e-03
-1.2485637063e-02
-6.0155035190e-03
-1.9463790875e-03
-9.3558062172e-03
-4.1703209138e-03
6.1172862577e-03
1.0728531312e-02
8.4240204550e-03
1.3075032978e-03
3.9618369941e-03
-3.0870802972e-03
-6.7010271819e-03
-2.4239161915e-04
-8.0407816132e-03
3.7055439500e-03
6.4322251849e-03
1.2339327414e-02
-7.1632087274e-03
1.0528699941e-02
3.6526268934e-03
2.6457856753e-03
1.7453847296e-02
-2.0669276744e-03
1.2696741683e-03
5.6930621470e-03
-3.7285332560e-03
-7.1598366915e-03
7.8661325011e-03
-4.3966836047e-03
1.7897255775e-03
7.3411143238e-03
4.8573933015e-04
1.7469236056e-03
-4.2358870437e-03
-3.8514978883e-03
5.6294431389e-03
-9.2572977867e-03
2.2809055688e-02
3.5789162144e-03
7.3241216771e-03
-1.0889867499e-04
-1.8303996795e-03
1.9219172020e-03
-1.1530883164e-03
-4.8088531579e-03
-5.3452385584e-03
-3.3012829646e-03
-2.9769323115e-03
1.1258704407e-02
3.1039012162e-03
3.4076024845e-04
-3.6732548678e-03
-6.4705442570e-03
-5.5691901828e-04
-8.8510579412e-04
3.8656834372e-03
-1.4943413826e-03
4.8034230612e-03
8.2129970841e-03
-5.6390978319e-04
5.7179377396e-03
-1.6742521717e-03
1.6815363354e-03
3.9940133706e-03
-7.8277692187e-04
-6.4613905812e-03
1.8479229772e-02
-1.6474193163e-03
4.7957500192e-03
9.0037407300e-04
-2.9117810888e-03
-6.6439179957e-03
-1.5387160607e-03
-2.4745617058e-03
-5.8083176241e-03
-5.0115322145e-03
-5.3782070061e-03
-6.7196383209e-03
-5.9062516769e-03
-3.6798532478e-03
-8.9684992071e-03
-2.8437637059e-03
1.1181278671e-02
-2.3669674341e-03
-9.5160599275e-03
5.4096931689e-03
1.0756270335e-03
1.8395538660e-03
-8.3005915688e-03
3.1665881885e-03
-1.8830197628e-03
6.3195359250e-04
9.9911077928e-03
4.8594149094e-04
-7.2730562470e-03
-2.0497677896e-03
8.0353570518e-04
2.8126675563e-03
-1.1563295676e-02
-1.4122817355e-02
1.6446753162e-02
-2.9068908463e-04
1.0690164777e-02
4.1885299181e-03
-2.2428243762e-03
-5.6216161192e-03
2.3568459329e-02
4.0736275458e-04
-4.4266865753e-03
1.0354670940e-02
-7.6771278645e-03
1.3553914604e-02
2.9079976998e-03
4.7385082976e-04
-3.5522645063e-03
1.1117976400e-02
1.1573862759e-02
-7.3442582360e-03
3.1826344009e-03
-4.4006451832e-03
5.9311572703e-03
8.0156663421e-04
6.5343689138e-03
-1.3898496062e-03
-8.5976224003e-03
1.2771758224e-02
-3.5881872725e-03
-7.2725721903e-03
-2.7004251138e-03
-5.0001643713e-03
1.2286262814e-02
9.5388960250e-03
4.6908478010e-03
-5.1476177610e-03
3.0924895701e-03
-6.1799384854e-03
-5.4572407779e-03
-7.0533894211e-05
-7.3206211032e-03
-5.3868561952e-03
7.7984952752e-04
4.5537949867e-03
9.1651935915e-04
-7.1378152734e-03
-2.8098157498e-03
-9.3132330577e-03
-2.3313492143e-04
-7.9195087424e-03
-4.5327353949e-03
7.9727079781e-03
3.4132283066e-04
-2.6876892213e-03
-4.8113591842e-04
-5.5058700751e-03
-5.7421584089e-03
-3.1458294402e-03
-8.2197573875e-03
7.7022052585e-04
-5.6551263236e-03
9.3400192381e-03
1.0990189095e-03
-3.9271970413e-03
-2.2894720240e-03
4.9386362396e-04
-5.2529861780e-03
8.9023191464e-03
1.7118265896e-03
7.9572168066e-03
7.0598886735e-03
-4.5374723642e-03
-5.0147300726e-03
-1.7285763392e-03
-6.3067448741e-03
4.9034248456e-03
-2.8260464240e-03
9.2101163472e-03
2.2493008956e-03
7.1377726617e-03
-2.8559455858e-03
-2.4692612681e-03
-6.3781780394e-03
4.7339830725e-03
-6.6208295418e-03
-3.5028836114e-03
5.6392506348e-03
-1.9241008840e-03
6.7884313793e-03
-4.6520511309e-03
-6.1334748824e-03
-3.2037129726e-03
-1.0109041588e-02
-3.3482399625e-03
9.7669252137e-03
-2.6691778291e-03
-2.0439771361e-03
1.9150619101e-04
-4.7182147541e-03
-5.5068001727e-03
-8.8587789161e-03
-6.9398621272e-03
3.2261148075e-03
-2.8688822334e-03
4.1364970282e-03
6.2761831709e-03
-2.0056464286e-03
-3.7541337511e-03
1.4724042857e-02
1.0473233201e-02
4.9020959011e-03
-3.7747880797e-04
4.9379070647e-03
2.2727554636e-03
-3.1038840184e-03
9.0908682061e-03
6.1712912645e-03
9.7828405889e-03
3.0372490133e-03
1.0926651461e-02
-9.8864349253e-03
-8.6961512879e-03
2.1971092745e-03
6.6890973864e-03
-2.8182572099e-03
1.0449608240e-03
-9.1810926744e-03
-4.7885608338e-03
3.9388089219e-03
-3.9811522277e-03
-3.5462323486e-03
9.0138639911e-03
4.7363278909e-03
5.3853479528e-03
-5.7177966973e-03
4.3807234460e-04
6.4666671800e-04
-1.1700516743e-03
-1.0013891637e-03
-4.6086913058e-03
2.4056951665e-03
-2.6582692734e-03
5.1917862812e-03
-1.7202744896e-03
-2.6945145045e-03
-8.6080832048e-03
-1.7171532377e-04
7.5683220327e-03
6.5515439155e-04
1.0182963924e-02
-3.0742840441e-03
1.9734173091e-04
8.1081638445e-03
5.0852496645e-03
-2.4932272817e-03
-3.9401883225e-03
2.9418849883e-03
-1.4756353697e-04
-2.3268382418e-03
-2.6219709819e-03
-2.7386656209e-03
2.5636415431e-03
-1.4126016593e-03
-4.5128357269e-03
9.8878737929e-03
7.0341322376e-03
7.3362335665e-03
-5.4856406044e-03
-3.6704234001e-03
1.0506437521e-02
1.9087774517e-03
1.2570195326e-02
1.5287288537e-03
-6.1118878386e-03
2.4669367407e-04
4.6942365381e-04
-7.8124642257e-03
-1.4811184458e-03
6.3617292268e-03
1.4616086550e-03
-3.3041736587e-03
-4.0226223025e-04
-5.3148652455e-03
-7.1029884040e-03
6.7961650911e-03
-6.0028364178e-03
1.1893628264e-02
-8.5670022465e-03
-5.0028431520e-04
-4.8412381148e-04
-4.1483275317e-03
6.7353087399e-03
1.4679074458e-02
-8.0946446076e-03
1.9560961505e-02
1.2947639447e-02
1.3403457138e-03
4.2749071551e-03
3.0462969924e-03
2.5427238913e-02
8.8008822500e-03
1.2603428372e-03
-2.9321271531e-03
-5.9531467979e-03
-9.6547313049e-04
-6.2733161361e-03
-1.3961259785e-03
-4.2166479154e-03
6.0247364496e-04
-2.6152612291e-03
-3.0606988792e-04
2.0714106914e-03
-6.2057222582e-03
1.0821387000e-02
2.6325159038e-03
7.1906594220e-04
3.9964510707e-04
-5.8874166035e-03
-4.5806207631e-03
-5.6676122050e-04
4.6175664457e-03
-1.6775709455e-04
9.6747047927e-03
3.0131267093e-03
-5.3493423890e-03
1.5534549061e-02
7.7281252956e-03
1.0516124045e-02
7.0592624089e-03
-4.1161116869e-03
2.2029000393e-03
-1.1553802058e-02
-7.9642320807e-03
-5.0180578559e-03
2.0958742303e-04
-3.0964289431e-03
-3.4094866610e-03
-6.8007552751e-03
3.2388521262e-04
-8.5894421847e-04
-2.5372861899e-03
-5.2062390773e-03
-1.2334201128e-03
7.6519133009e-03
-8.4669859737e-03
-6.7233501139e-03
-2.8338404416e-03
-3.3443425500e-03
-1.7101190430e-04
-2.7610898924e-03
-7.9631925177e-03
4.6259071060e-03
1.3452466523e-02
-1.5337169082e-03
-8.5548547362e-03
9.2886363289e-04
-1.4844685869e-03
6.0971811533e-03
-5.7777508686e-03
-7.9512998076e-03
8.6900030132e-04
-7.5432417802e-04
-6.4539732707e-03
-2.3161481141e-03
-2.2047472668e-03
-5.7579247567e-03
-4.1672620711e-03
5.6440957522e-03
-1.9880254714e-03
-5.0207642760e-03
-3.2450229877e-03
2.9800126883e-03
6.7910560085e-03
-1.8773700814e-04
1.6383908798e-03
-5.4605863269e-03
-1.7335270055e-03
-4.8294898877e-03
4.6167121405e-03
1.0684215151e-03
2.7291076986e-03
-9.3431685724e-03
-7.2359847852e-03
2.0594023720e-02
-8.9888934723e-04
-8.8032052968e-03
-3.6155708685e-03
1.7061604310e-04
-6.4494347686e-03
-2.2843193190e-03
-2.1519346543e-03
1.2122183887e-03
8.3652857336e-03
-3.6880014999e-03
-4.6189128237e-03
-5.9523152318e-03
8.5929922562e-03
-9.1507620171e-03
-2.4393490058e-03
2.9363781869e-03
2.3869469447e-03
-9.6067694026e-03
-4.4752882723e-03
2.5244701734e-03
3.9677755041e-03
-4.4671435905e-03
-5.5249552362e-03
-5.4697275942e-03
7.9699240450e-03
-6.7070856334e-03
-3.5530314534e-03
-6.0667070988e-03
1.2209422006e-02
4.8362036188e-03
3.2938559619e-03
-3.3396718293e-03
1.1481873117e-02
1.0353659275e-02
-2.4576087629e-03
-3.2521818546e-03
-2.9559077859e-03
2.2968251621e-03
1.5019762954e-02
5.1185575191e-03
-8.5632366823e-03
7.7421432319e-03
-1.1392967832e-03
-1.0576977069e-02
1.6793287903e-02
-5.9190098371e-03
-5.6617269845e-03
-2.8190171194e-03
-6.0728346193e-03
-6.8844136970e-03
-2.1339069492e-03
3.4787653667e-03
-3.4136046288e-03
-4.3099666759e-03
-8.7068558888e-03
9.9070669794e-03
1.9063772038e-02
-2.0447521206e-03
-5.9958468026e-03
7.0308952306e-03
-3.6231466699e-03
8.7651792312e-04
-3.4387303662e-03
-6.1757848724e-03
-1.1154958372e-03
1.6561832401e-03
-3.5090094290e-03
-1.1124706361e-02
1.1695386973e-03
-1.0800551560e-03
1.2378119829e-02
4.9748315923e-04
1.4549079123e-03
-4.1211643266e-03
-6.2661331389e-03
5.7738528365e-04
-3.3485278961e-03
9.7403342473e-04
1.9424324247e-03
-5.9336921343e-03
-2.6139983124e-03
9.1012583806e-04
4.6386656653e-03
-8.0947178596e-03
-3.6731396813e-03
2.1384459067e-02
-2.3572914082e-03
8.5187506365e-04
2.9129727578e-04
-2.6961432513e-03
-1.1038208293e-02
-8.8611502737e-03
1.1837582322e-03
-8.4782033551e-03
1.5999473173e-03
-1.2617402954e-03
7.1746534637e-04
2.6659774628e-04
8.0172184534e-04
-7.6709533644e-03
3.8634787478e-03
4.3367324793e-03
-3.0590079970e-03
7.0012672552e-04
4.9595223959e-03
1.0358537163e-02
-9.7842196606e-04
-9.4841198351e-03
-2.9121549207e-03
-1.7166338746e-03
2.1809024986e-04
-3.9704684541e-03
-1.1928320361e-02
6.1802661627e-03
-6.0035509009e-03
2.8978766679e-03
-1.8892153741e-03
-9.1561898889e-03
-2.3180346473e-03
3.3808229179e-04
-8.1609588263e-03
-3.0335763922e-03
1.6035876690e-03
4.0571233050e-03
8.9793696493e-03
-6.3021692496e-03
-8.5666555446e-03
7.1957288942e-03
-3.0767293626e-03
-7.4904743031e-03
1.5789187636e-03
-1.0236626703e-04
2.4256250084e-04
-8.6287212727e-03
-5.1139302347e-03
2.9078967215e-04
-3.2931045069e-03
1.9030925043e-03
-7.7361657873e-03
-2.8184936980e-03
-8.4250915188e-03
-4.5805919134e-03
2.9933852366e-04
5.4682139154e-03
1.6772527240e-03
5.7746797952e-03
1.8625412013e-02
-1.0030995827e-02
4.3460101639e-03
1.2368190769e-02
1.0057768165e-02
-4.5513058297e-03
-4.4662921518e-04
3.0642177021e-03
-3.8026197435e-04
2.3663937001e-03
1.2150528436e-02
1.4803381676e-03
2.8161513693e-03
-9.8251548840e-03
4.7906644930e-03
1.1183205672e-03
-1.1516974769e-04
-5.5906102991e-03
6.9755381743e-03
2.7239410087e-03
8.6790812222e-03
-2.3688651320e-03
1.0222876026e-04
-2.4866777313e-05
3.8977657584e-03
1.4347695507e-03
-7.0116216946e-03
-1.5655198657e-03
5.2726805334e-03
1.1139218130e-02
-5.1657192473e-04
5.1824177212e-03
-1.9109945322e-03
2.0537237847e-03
-4.8429655649e-03
3.4969320485e-03
3.2530148736e-03
-6.5741755340e-03
-2.2125926490e-03
-1.6624185366e-03
2.2939838156e-02
2.5674655084e-03
-1.0816552656e-03
-6.3459348385e-03
-2.3297994068e-03
-5.3617880237e-03
-3.3354310142e-03
-3.1686319712e-03
1.2602809266e-02
2.1546124639e-02
2.2077706887e-03
-3.7430756660e-03
-5.0254797079e-04
-5.2727101373e-03
1.2424640330e-02
-5.7437059718e-05
-2.3847783846e-04
6.6657115560e-04
3.2077662036e-03
-6.0979638703e-03
-1.7119573984e-03
-2.5942117304e-03
1.0362066040e-02
-1.7445822644e-04
4.5673016698e-03
2.7907598211e-03
-1.2130343841e-03
-4.9833223727e-03
-2.2861980175e-03
-4.5047169820e-03
-9.5888562407e-03
3.7289591002e-03
-6.3190365060e-03
-7.1679857934e-03
-4.0847847824e-03
3.9312549917e-03
-8.5927252848e-03
1.8295710927e-03
6.3740036658e-03
4.0231501095e-03
-8.7479644627e-05
7.0823055372e-04
-1.6877325639e-03
2.7307854797e-02
1.0980683511e-02
1.1160313674e-02
-6.8189168292e-03
-5.4182163345e-03
-6.0930267853e-03
-2.0091493470e-03
-3.6676908704e-03
-4.8737099910e-03
-1.3741844433e-03
1.1395540610e-03
-6.3520230758e-03
-1.0779134864e-02
7.5661937941e-05
-5.9949679291e-03
-3.5643833213e-03
6.0513078391e-03
-2.5211016065e-03
-1.8541092993e-03
-2.0697780300e-03
1.3893322653e-02
-6.2620057484e-03
-1.0010017589e-03
2.4698271267e-03
-9.8195153094e-03
-1.1880673864e-04
3.1029860286e-03
-6.3820955555e-03
-1.0323235047e-02
-5.6413213161e-03
-7.2350976702e-03
3.8211878139e-03
-4.7555040468e-03
-3.3053388339e-03
-4.8670258499e-03
-2.2191408221e-03
8.7688920773e-03
2.3427979718e-03
5.6818385503e-04
-1.2689527598e-03
-1.0342830439e-02
-1.5772621987e-03
1.2315254586e-02
6.6993822702e-03
-7.3839671548e-03
4.4815953609e-03
-3.2893688506e-03
-2.9315319114e-03
1.5437923449e-02
-9.2347249395e-04
-1.0883522974e-02
-8.7592992426e-03
-4.8452557648e-03
-5.7742931031e-04
4.7614239416e-03
-1.7234909935e-03
-3.3359922337e-03
-1.7374248072e-03
-1.8628807933e-03
-4.8487965135e-03
-8.6470565664e-03
-1.0672093208e-02
1.4516999427e-02
-2.1159021967e-04
-2.1788396296e-03
-9.7644479648e-04
2.0470211514e-03
-3.9630088449e-03
-8.6335525218e-03
-8.9813797680e-03
1.3854363741e-02
-8.0616303769e-04
-7.2033913293e-03
-1.0664974030e-02
-1.1501267037e-03
-1.7904049720e-03
1.2514042305e-02
2.7202600942e-03
2.4920553078e-03
-5.8785536366e-03
1.0645671083e-02
6.5297328353e-03
-4.6131181596e-03
5.9232730293e-03
-8.1015240350e-03
4.4783818465e-03
1.6654109471e-02
1.4729156204e-03
-5.4753876632e-04
9.0972487636e-04
7.9376067846e-03
1.2233111465e-03
-5.3658687117e-03
3.8119109707e-03
-1.1667372340e-03
-5.3872125130e-04
-2.7627778744e-03
5.0205148518e-03
1.9449996173e-03
4.4826018695e-03
-1.8612369988e-03
3.5199964932e-03
-4.7141371080e-04
9.4869926229e-03
4.2165320462e-03
5.5826661884e-03
-4.8798716616e-03
-1.7417657887e-03
-3.8982677745e-03
6.7748919441e-03
-4.6125948939e-03
-6.5903406254e-03
9.5259941164e-03
1.1862339838e-02
4.3556764812e-03
-4.9125667508e-03
-5.0944850792e-04
-3.0421929445e-03
-7.0098268151e-03
-6.8882525269e-03
3.8304670869e-03
3.1437257418e-03
-1.3147543781e-02
-5.4304986637e-04
1.4013598100e-02
1.7610015534e-03
-7.3629819538e-03
-5.2814579202e-03
-8.8798901430e-03
2.2853987532e-03
-3.1212897608e-03
8.8156292136e-03
-3.6446848945e-03
-2.1901078486e-03
1.2219500888e-04
-8.0899329728e-03
-1.5145214965e-03
3.4553523991e-03
1.0028133651e-02
6.2965396800e-03
9.6553703323e-03
-4.8085340504e-03
-6.8069897379e-03
-6.7980616000e-03
-2.4898830215e-03
-7.8319770014e-03
1.0092241440e-02
-8.1187195720e-04
-3.3966663750e-03
-8.3222562103e-03
1.2462053438e-02
-3.4304816760e-03
4.5180835327e-03
-8.0464159888e-03
1.7391624304e-02
-1.2851250607e-04
-1.1338425772e-03
-6.3649611161e-03
-4.7455096953e-03
1.8238648534e-02
2.9860294591e-03
1.6216845755e-03
-1.3799792275e-05
-4.0614051661e-03
-5.1220164174e-04
2.5401576434e-03
-5.3872751000e-03
6.5036317343e-03
5.9630285820e-03
-5.6416569274e-03
1.6941956076e-03
-2.3472141440e-03
-6.6037756733e-04
-9.2411703796e-03
6.1028272526e-04
-2.6864271964e-03
-2.7638157913e-03
-6.4436520270e-03
-1.7386950703e-03
6.3171271190e-03
2.5087732207e-03
-1.0729639487e-02
1.7226016535e-03
-5.5179089246e-03
-2.4400670108e-03
-1.7206538557e-03
1.8517324641e-02
-4.3805516185e-03
4.9516856930e-04
3.3837423965e-03
2.6463074741e-03
-1.0934612988e-02
-4.9686899801e-03
1.4030698643e-03
1.6397475157e-03
-5.5604919481e-03
2.3792772608e-02
1.0962211375e-02
-4.0654114476e-03
-4.1446760258e-03
6.2662170407e-03
1.0160695258e-03
2.0059267087e-02
-1.4219068346e-03
-2.9453497932e-03
-4.3047085513e-03
6.1543696494e-03
3.3251398831e-03
-1.1566320391e-03
3.7642164943e-03
9.2860730782e-04
1.7307209795e-02
1.4372812642e-02
-9.3149791769e-03
7.7363618046e-03
2.2398379193e-03
-7.4632693139e-03
-3.4978872605e-03
-4.9624883788e-03
8.0971979568e-03
-2.9937283926e-03
9.7227889148e-03
4.2922418779e-03
-1.0033432586e-02
1.7280203179e-02
1.0012858319e-02
7.3186610216e-03
2.9448015063e-03
-7.1590489635e-03
-3.0753555652e-03
3.0774678001e-03
-5.3380563334e-03
-4.3083016548e-03
-4.2410848137e-03
8.5231800497e-03
-5.8027176964e-03
3.2281314728e-03
-1.6476696873e-03
-5.3598708068e-03
-2.5645156161e-04
1.2366815636e-02
-8.9913183593e-03
2.2512861823e-02
1.7460554883e-03
3.7101044342e-03
1.7398514439e-04
-8.2436462788e-03
-1.2856515498e-03
4.9309663176e-03
-5.7990982036e-03
-2.1572146615e-03
-1.7989264565e-04
1.3781090487e-02
-6.1520937427e-05
1.4516846420e-03
-8.4062846607e-03
3.1572070669e-03
-8.5582730765e-03
-1.0496333583e-03
8.7804590571e-03
-4.5386605542e-03
-1.1248595365e-02
4.2904639918e-03
7.7389524132e-04
6.3443305507e-03
2.5255568325e-03
-2.8366917012e-03
-2.4871711806e-03
6.4112780924e-03
1.1394046640e-02
-3.4708546573e-03
3.4151970139e-03
4.1141130037e-03
-7.4762052817e-03
3.2518092980e-03
4.6951989074e-03
4.7657374235e-03
-1.0993898209e-03
7.6223640223e-03
-4.9049019006e-03
-5.6530712718e-03
-1.3249695135e-03
-1.7241169475e-03
-3.7508155103e-03
3.6255552376e-03
2.6355533667e-03
-3.9624695105e-03
1.0306903226e-02
8.1815911171e-04
7.2439381215e-04
-4.8282955481e-03
-2.4909148582e-04
-6.5326438177e-03
2.5195258398e-03
-1.4923400496e-03
-2.4966614061e-03
-1.4000291084e-03
8.7597282201e-03
-2.7051615129e-03
1.7003474761e-02
1.3802179016e-02
-7.7903884905e-03
7.6162222876e-03
-4.5871321897e-03
-6.2789482066e-04
-6.1467291620e-03
-3.7035400984e-03
4.2884181191e-03
8.1136134418e-03
1.5593152728e-03
1.1645857716e-03
5.8093285819e-05
-3.7815700819e-04
7.1091511606e-03
-2.1888415928e-03
3.1531128969e-03
-3.4399351332e-03
8.7507700428e-03
3.1402698120e-03
-8.0791903044e-03
-5.8852690975e-03
2.4665102858e-03
1.1651474891e-02
1.3041573657e-03
-9.6506201132e-03
7.0562427386e-04
9.3398020181e-03
-1.3573931303e-03
-1.2672169585e-02
-6.4372214465e-03
4.7498079909e-03
-9.5004010987e-04
7.6906472264e-03
-8.7125560412e-03
-9.7320958203e-03
-8.1109183626e-04
-2.7519019340e-03
1.4381901851e-03
1.4458784348e-02
-5.1560121480e-03
3.7600493477e-04
-1.3351702307e-03
-3.1226754149e-03
-6.3127497204e-03
1.0484714250e-03
-1.9173204158e-03
3.8159090993e-03
1.2018969535e-03
-7.1750025153e-03
1.7302511131e-02
-2.2599054683e-03
-5.1718243313e-03
-1.7308754268e-03
2.1154313099e-03
-7.8376648106e-03
9.2848855300e-03
2.6835858661e-03
2.6036572493e-04
1.4573617030e-03
-2.6565790322e-03
6.1646555882e-03
-7.0317416409e-03
3.8583253109e-03
1.1303343076e-02
1.7072690041e-02
2.2453535070e-03
1.5882281034e-03
1.7813669164e-03
-5.5370836801e-03
-5.3619778731e-04
-9.6369722229e-03
-5.7766488350e-03
-6.1936621834e-03
-3.5792077596e-03
9.6885960246e-03
8.9418444873e-03
6.8077032528e-04
1.1829991087e-02
8.8348615169e-03
1.4703222286e-02
-1.6799607379e-03
-4.3742604080e-03
-4.9030280037e-03
4.1902533575e-03
-5.5313682755e-03
9.8349118051e-03
-3.7109638971e-03
1.6612029820e-02
8.3604261012e-03
1.1820926084e-02
-2.0627936862e-03
5.1654719475e-04
-5.2458809456e-03
-2.2645960250e-03
-9.8039206038e-03
-2.3346493641e-03
-7.2298425780e-03
5.0356149470e-03
-9.9348427296e-05
-1.0394522921e-03
-2.7242050837e-03
1.3551701221e-03
-7.6788364030e-05
-4.7930786935e-03
-2.2069585819e-03
7.3567189764e-03
-5.8216157280e-03
1.1727750165e-02
-1.8823654596e-03
-4.2411163159e-03
2.8521518428e-03
1.1243542253e-02
-1.5651694014e-03
-8.7565263433e-03
-4.0738435270e-04
7.4543108421e-03
-6.9059316649e-03
1.0005917638e-02
-5.4461831802e-03
4.5670570051e-04
5.4094603229e-03
-6.9307956549e-04
5.8349240472e-03
-1.4104643762e-03
-6.1716977277e-03
-4.2727950801e-03
-3.9690408470e-03
2.6918828856e-03
-7.2554633039e-03
3.1064801372e-03
8.0245673484e-03
8.1238063820e-04
3.1755530307e-03
-4.5332124399e-03
-2.2323403141e-03
8.0656145933e-03
-3.7670173455e-04
-4.5323810257e-03
1.8616996287e-03
1.7048673989e-02
-6.5853913427e-04
-3.0168048034e-03
-7.4293703882e-03
-5.4341111730e-03
-8.8506242103e-03
-3.8960569142e-03
1.2085648708e-02
-1.9932331567e-03
-3.4561447025e-04
1.7443412725e-02
7.3804134620e-03
1.3142240221e-03
-6.1639144214e-03
1.3857651499e-02
-4.2460744498e-03
-9.2201886223e-04
1.9812368544e-03
-1.6846455731e-03
-9.3122440276e-03
-1.7409868989e-03
8.6867266515e-03
1.6269677644e-02
1.1936311933e-03
-2.1578852494e-03
-3.2342912893e-03
9.3706785258e-03
-3.0466195446e-03
-6.3010268736e-03
-9.8772520529e-03
7.4712379481e-03
-9.3294573090e-03
2.0850930492e-05
2.2266405029e-02
1.7781365929e-02
-5.5512380082e-03
1.3467968250e-02
3.9448473772e-03
6.6296955532e-05
-5.3208766614e-03
2.3749460213e-03
6.2030341193e-03
-8.8820020387e-03
2.0138812607e-03
-1.5907878204e-04
1.9476543410e-02
8.3747535241e-03
-6.5793871751e-03
-1.8337711272e-04
-3.2692945177e-03
-7.1447652991e-03
-9.6701600307e-03
1.9845017281e-03
4.2409591506e-03
-3.6991396686e-03
-1.4636634050e-03
2.2932749573e-03
6.4345037186e-04
1.1736141190e-02
-3.0461142682e-03
-6.3092717020e-03
6.7694876025e-03
2.4702468185e-02
1.7918974936e-03
1.8492282447e-03
4.2658946935e-03
-3.4986698867e-03
1.5655599312e-02
-9.5991473002e-03
2.5196599670e-03
2.9863348116e-03
8.5203460290e-03
6.5539892436e-03
2.5237012391e-03
5.5614488866e-03
4.6508981997e-03
3.5475145915e-03
-1.0043413108e-02
-7.0714630205e-03
1.2679428610e-02
-8.9006257028e-03
-9.1248027342e-04
4.6826143061e-03
-5.9999014209e-03
-7.4112117476e-03
2.1651140930e-02
-1.1765753555e-03
2.6336110759e-04
-7.9777051700e-04
-1.1071802996e-03
-7.2694963333e-03
-5.6752602901e-03
-4.2792663123e-03
2.1290515067e-03
-7.2265527471e-03
-9.8189005059e-03
8.5670891329e-03
1.6110717214e-04
-1.5555235822e-03
-8.9884606386e-03
4.1878356678e-03
-4.5788709327e-03
9.6097032984e-03
2.1573047692e-04
-2.4523672397e-03
-3.9112859752e-03
8.6815369749e-03
4.6157274856e-05
-1.0072065112e-02
2.6320632477e-03
1.7666288236e-03
9.3065916442e-03
-4.5558831945e-03
-1.2666984551e-03
2.8222874724e-03
2.3948930936e-02
3.6051884662e-03
-7.3024393229e-03
3.8100380358e-03
2.6212442141e-03
-1.5693170911e-03
1.7917645617e-02
6.8090938284e-03
1.0370824919e-02
-5.6775534817e-03
-2.3263477391e-03
1.6503881007e-03
1.4368450921e-02
4.5312064412e-05
-1.1949952999e-03
-4.1255580314e-03
-7.3263451306e-03
1.4803582287e-02
6.2075799180e-03
7.8526847327e-03
-3.4519187473e-03
2.5591639142e-03
-4.5906430640e-03
8.0522085195e-03
2.3065137418e-02
7.7612369424e-04
-3.7967083384e-03
7.6122269477e-03
-3.5728409729e-03
-2.0940484416e-03
1.1563970147e-02
-1.1901454789e-02
-1.9685876205e-03
-1.6310443280e-04
-8.5140970108e-03
-6.4640390041e-03
-5.4931817480e-03
9.8817056829e-03
-1.5293247335e-03
-2.9364462433e-03
-4.5017547148e-03
-9.7311197598e-03
4.0172476209e-03
1.2358671472e-02
5.6036180721e-03
1.1178600144e-02
4.6979578708e-03
8.2919725020e-05
-2.4032281817e-03
-2.5389441167e-03
6.6002520352e-03
-7.6557705341e-03
1.3003994600e-02
-3.7969635296e-03
-1.2512645210e-03
-4.6944624153e-03
-4.9635244827e-03
-4.0243804457e-03
-1.4897521973e-03
-9.0227001898e-04
-4.5452260014e-03
1.3690432211e-02
1.4948879344e-02
9.7368687038e-03
-1.6911393496e-03
2.4677294407e-03
-7.4188207365e-03
2.1408093075e-03
1.6433979966e-03
5.7686669629e-03
3.7121253842e-03
-1.5564052473e-03
6.3572420080e-03
1.5640395707e-02
2.0062091461e-04
-8.0704160859e-03
8.7854865082e-03
-1.0136530896e-02
-7.2906569220e-03
4.8125524361e-03
-2.3483851788e-03
1.2208277918e-02
1.7704967297e-03
-9.2948391818e-04
-1.1614489499e-02
-6.9716393842e-04
1.3369313872e-02
2.6317843223e-03
1.3529720880e-03
8.1057127976e-04
-9.8381786846e-03
3.0712817138e-03
-2.5734971666e-03
-6.7637989563e-03
5.1244901438e-03
8.3568014809e-03
1.2675382673e-02
1.7805477206e-03
2.7316715988e-04
3.2557265489e-03
2.2689609877e-03
2.0650959969e-03
3.8352886823e-03
1.2410559387e-02
-3.9343257780e-03
-1.1027450336e-02
-3.2558968823e-03
-5.7035320018e-03
-1.5930216869e-03
-7.2088987688e-03
-1.3607772075e-03
-2.4069068263e-03
3.8936988056e-03
-5.9560044594e-03
-5.7292247018e-03
4.3232563824e-03
1.2001968264e-03
1.4282896951e-02
5.4607562189e-03
4.3331568702e-03
4.4049162707e-03
1.1586247824e-02
-4.0353852301e-03
1.5034037217e-02
7.8011189847e-03
2.3975820152e-02
5.4233347781e-03
-6.4854962251e-03
3.0518660153e-03
1.0864660786e-02
9.1174043905e-03
8.6944465065e-03
-2.4864585769e-03
-1.0422303002e-02
3.5547239962e-03
9.4789164796e-04
-4.1460189714e-03
2.2717893163e-03
-1.6263409623e-03
-7.1386148007e-03
2.4252479447e-03
-3.6611312030e-03
-6.2531080336e-03
-4.9236429000e-03
-3.1159511099e-03
1.9361366892e-03
5.8317909773e-03
2.4860779073e-03
2.8185249629e-03
-8.9175731567e-03
-2.7879699917e-03
1.4173366538e-03
3.1614395898e-02
-8.3610570422e-03
-2.6133101417e-03
-3.1665084889e-03
1.4067990705e-02
-2.2768583318e-03
-5.2579824766e-03
1.2812658862e-03
-1.0128793615e-02
3.2237120745e-03
-8.1756946221e-03
1.2866621998e-02
1.2833007632e-02
3.2861189691e-03
-5.1699129002e-03
-2.6398843388e-03
-3.9765204677e-03
-1.4128569104e-03
1.3575817996e-02
-1.1404788197e-03
4.3415564716e-03
3.7921580087e-03
-3.9171997609e-03
9.6637790273e-03
4.2067823197e-04
-4.4699556309e-03
-3.0751747054e-03
5.8291150381e-03
2.0753207791e-03
-3.8230355116e-03
-5.2169777586e-03
-1.1889816724e-03
7.4594041020e-03
1.2698844672e-02
-8.8400474254e-03
-1.2707256803e-03
3.3596156734e-04
-7.8785467790e-04
-4.3823013000e-03
6.2259022137e-03
2.6707401425e-03
9.2844882192e-03
-2.4372043811e-05
1.6882790415e-04
-4.1546112981e-03
-1.3227309076e-02
-4.9034602911e-03
1.3600468016e-03
-3.9658661907e-03
3.8070154608e-03
1.7903523350e-02
-5.1414386129e-03
-4.0273614094e-03
-2.1211345705e-03
-2.8015385126e-03
-7.8595307749e-06
-9.6606749889e-03
1.0860427420e-02
-1.6276144294e-03
-3.0018585933e-03
4.5175939674e-03
-2.5499502745e-03
-5.7513025288e-03
-2.3623120284e-03
-5.6293714909e-03
1.0399460383e-02
5.2889759237e-03
-1.3371041038e-03
2.6518509141e-04
-9.8009100336e-03
-4.0608807348e-04
-6.3275785024e-03
-9.0262730490e-03
-2.3784312623e-04
-5.6628583537e-04
-2.1350600076e-03
-6.9823913561e-03
1.2722636623e-02
6.5571577585e-03
1.1650872105e-03
-1.5795352931e-03
1.4069184608e-03
3.8018782695e-03
1.0574372712e-03
9.3638847850e-03
9.0010640284e-03
1.0031751793e-02
-8.6755014666e-04
-4.5985143410e-03
-1.5520973336e-03
-6.3975415904e-03
-6.0825096806e-04
-2.9633456604e-03
1.0739002084e-02
3.7537801522e-05
1.5592402949e-03
-2.1067155524e-03
1.1730552120e-03
-8.5944402779e-03
-4.7327279954e-03
-8.5783163536e-03
7.0672656353e-03
3.7442644317e-03
1.6019822776e-04
1.1465554629e-02
5.3313223332e-03
-1.2752197165e-03
-1.2095680048e-04
-1.7884151330e-04
6.7625936396e-04
-6.6462099690e-03
-3.7956124819e-03
4.1952372152e-03
1.8931714494e-02
3.6245927418e-03
-8.0658416042e-04
1.7440819650e-03
-1.4312237454e-03
-1.1472419433e-03
-4.3600905180e-03
-4.9037210190e-03
1.4502324298e-03
6.6552604384e-03
8.0860723632e-03
3.1106977800e-03
-1.8021266515e-03
-3.0256853501e-05
2.0249631442e-03
4.7386354164e-03
1.0152262475e-02
5.5930879600e-03
2.1318799997e-03
-1.9356673697e-03
-3.7451020920e-03
-6.1753370772e-03
9.9056897409e-04
4.7061137172e-03
5.2653873152e-04
7.0060190327e-03
-2.2222459367e-03
4.0221701472e-03
2.8691689765e-03
-6.9669883625e-03
1.1283936840e-02
-6.6903903229e-03
-9.2690910715e-03
1.8027308583e-03
-5.9948271568e-03
-1.1451636736e-03
5.2117107523e-03
1.2013500906e-02
5.8787227153e-03
-5.5427296067e-03
-4.5189998580e-03
-7.2651121359e-04
-4.5426361697e-03
-1.6924423679e-03
6.5453640166e-03
8.8953236775e-03
-6.3797622171e-03
5.3048010981e-03
2.3165905248e-03
-1.5932780164e-03
-4.9570951686e-03
2.8822262016e-03
7.7357778150e-03
-9.8316446821e-03
-9.6018384985e-03
-8.9252994136e-03
-9.3868595292e-03
-3.3101085226e-03
1.8595543814e-02
8.2811943473e-03
1.2840844529e-02
6.8387965991e-03
6.2078772119e-04
5.9138000628e-03
2.8553343572e-04
-2.4976500653e-03
-8.2316059497e-03
3.9835699579e-03
-1.6746226947e-03
-2.0850604418e-03
-2.6588974997e-03
3.7555767869e-03
-5.4045785735e-03
-5.2869993203e-03
-1.4488195615e-04
3.3061267262e-03
-2.4354234282e-03
6.3675010456e-03
4.5303992970e-03
-1.0353155074e-02
3.5035121564e-03
-4.2527115130e-03
-2.1501744168e-03
-6.8241487109e-03
-2.7679800212e-03
-2.8067882418e-03
8.9940068845e-03
-2.4250006449e-03
9.7285681631e-03
1.5315988955e-03
-6.8558336149e-03
4.6386414710e-03
3.0255240178e-03
-9.1170716659e-03
9.5654362135e-03
-3.2328502708e-04
-2.8110919891e-03
-3.1915772765e-03
-1.7916129676e-03
5.6210868073e-03
-1.1023331267e-03
1.8228433323e-03
-3.8062492928e-03
-4.8575342168e-03
-6.9620400703e-03
-9.1660688695e-03
1.1816166940e-02
3.1541373986e-03
-9.1225009799e-03
-4.8645347356e-03
-5.9981214109e-03
2.0562277318e-02
-4.2303005812e-03
7.1600249182e-04
1.7738032795e-03
1.9563959374e-03
-2.8083475974e-04
-6.4526566909e-04
-3.6794302541e-03
1.0731743649e-03
4.7457267710e-03
-3.5631729482e-03
3.3694218259e-03
-5.1682935011e-04
1.3322821315e-02
2.8268358983e-03
-5.0568287131e-03
7.5010587110e-03
-6.9606080992e-03
-4.8543980030e-03
-7.5581071197e-04
-1.0652342707e-02
2.3769876538e-03
8.9703635655e-03
3.7250306726e-03
1.6330982594e-02
-6.2149472012e-03
1.0070885288e-03
-6.6272959483e-03
-1.7945178820e-03
-2.9055397526e-04
1.2730514206e-02
6.1008461443e-03
9.5213537593e-04
1.3652758022e-03
2.9986499996e-03
2.2365410991e-02
-6.0352394470e-03
-4.4700537908e-03
5.2388315612e-03
-9.5540352257e-03
1.5514206847e-03
6.1526160321e-03
1.7829221965e-03
-7.4601926578e-03
3.6767539994e-03
-6.0328998143e-03
-8.8035243215e-04
-8.8055466422e-03
2.5171491063e-03
-2.1097876282e-03
-4.6220069822e-03
-2.0767210488e-03
-5.5924974415e-03
-2.0065058512e-03
2.4157144020e-04
-6.7477007984e-03
-5.7797568858e-04
-6.7708526180e-03
-4.0023966959e-04
-4.0522885840e-03
-2.8949468284e-03
-7.5012491347e-04
7.8516749118e-04
-5.5428332276e-03
4.9477043993e-03
6.4781779438e-03
-1.0815342980e-03
-3.1540887956e-03
5.2118448711e-03
1.9820093841e-03
-1.2462526698e-03
-7.3251252712e-03
-6.8674678462e-03
-1.7573592128e-03
8.4592407494e-03
-4.8873659069e-03
9.0505133756e-03
5.4144946793e-03
2.0351178317e-03
5.7877063986e-04
3.1763994084e-03
-1.6270744422e-03
-8.3082854132e-03
-4.7830024182e-03
-4.9751909937e-03
-4.4371611266e-03
1.1504917541e-02
4.6903649183e-03
-1.2527385803e-02
5.6930185944e-03
3.6668699342e-03
-9.0842318155e-03
-6.5591506054e-03
8.5597310219e-03
-1.9541094057e-03
6.9943454759e-03
-8.2255991107e-03
-1.6450632750e-03
4.1521208687e-03
2.8684789543e-03
2.7652060934e-03
-1.0855720504e-03
-3.3656106387e-03
-8.4054475389e-03
7.6026070754e-03
6.1838028874e-03
3.4622515140e-04
3.4485665154e-03
7.5972557751e-04
1.6598363900e-03
-2.4181238565e-03
-1.7207902912e-03
2.0447982129e-02
6.0752959926e-03
3.1667757209e-03
3.7622890666e-02
-3.2019199981e-03
2.8052992306e-03
-2.3857734250e-03
3.9603986155e-03
-4.6142836129e-03
-1.7585033831e-03
-1.1238009362e-03
-1.8128392286e-04
7.6166473693e-03
-5.4738004050e-03
-9.2261183681e-04
-8.4198067035e-03
6.0562848866e-03
-8.9465072520e-03
4.4285803467e-03
-1.9366710181e-03
-3.1183595799e-03
-5.3739041891e-03
-4.6715828617e-03
7.7329378092e-03
-4.4247223581e-03
6.8609239123e-04
-4.0268461433e-03
6.3115639047e-03
1.8298693107e-03
8.8128685271e-03
-3.1301808447e-03
6.2163501144e-03
-4.2537122696e-03
7.4111226823e-03
-2.8131829076e-03
-3.2020008100e-03
-2.9260692249e-03
5.3081584536e-03
-9.9007031321e-04
-2.7199113021e-03
-9.4441738999e-03
8.7915582450e-03
4.1678307915e-03
-7.4849746773e-03
3.6507418737e-03
-6.1455700888e-04
6.0251817796e-03
-4.8920772329e-03
-8.9432287016e-04
-7.9459730956e-03
9.3241527102e-04
-9.0041635975e-03
-5.6652590053e-03
6.8055252628e-03
-7.9028917369e-03
-9.1696049515e-03
3.8118077889e-03
-7.3891467638e-03
7.2048977921e-03
3.4435274919e-03
-4.9620941674e-03
7.8654276204e-04
-7.2702013356e-03
-2.6111013533e-03
-2.5834030383e-03
-4.0642372071e-03
-3.0809098497e-03
-4.4007717677e-03
-4.8417479365e-03
