-6.1255191401e-04
-8.5531421769e-03
-7.3354244338e-03
-4.9890531650e-03
-3.9868636725e-03
6.2723586462e-03
4.4654248437e-04
1.6395372196e-02
-7.7239882555e-03
-1.8774208721e-03
-4.5584337573e-03
-2.2693472627e-03
1.0120802867e-02
6.3193649025e-03
-6.9435380980e-03
-3.7260601009e-03
-4.2083760395e-04
1.0341783173e-02
-6.0629298618e-03
-1.8969538176e-03
8.1693121300e-03
-8.3237623479e-04
-4.5665214803e-03
-6.3620766323e-03
7.2151368342e-03
9.7530572677e-03
-9.0682112082e-03
1.1633791644e-02
-9.9986065746e-03
-1.4600015709e-03
1.6528472569e-02
2.4592719689e-03
-4.5600126751e-03
-7.5581610392e-03
4.1263976987e-03
5.8219355271e-03
-8.2445442142e-04
-1.0707642572e-04
-3.6346739128e-04
-2.0512991518e-03
-7.9256614402e-03
1.2643968209e-02
-1.0189041708e-02
-1.0428303380e-02
-1.7581148230e-03
-4.3629074846e-03
-1.6997875055e-03
8.3397948756e-04
2.4209362523e-02
-4.0655637318e-03
1.3668407360e-03
-6.9413643572e-03
1.2432646556e-02
-5.6647314952e-03
-1.1390068290e-02
2.2667503442e-02
2.5405504227e-04
6.5306283868e-03
-2.7223178700e-03
5.6107109736e-03
-3.1784267717e-03
3.9351861377e-03
-2.1744082734e-03
3.8110454804e-03
2.9794130404e-03
-1.7084361022e-02
8.8193643992e-03
6.9818185484e-03
-8.4005692043e-03
-3.9370675529e-03
-6.8425514708e-03
9.0967491504e-03
-4.5254415031e-03
6.1411478993e-03
1.1150002359e-03
-3.3608141022e-04
-1.7298540204e-03
4.8331435052e-03
-7.6500560559e-03
-1.6738961084e-02
-3.3842969938e-03
-6.4251583513e-03
-2.2578710036e-03
-2.5833279067e-03
-1.1554198546e-02
-9.6808051254e-04
-1.0089901376e-02
8.1729968322e-03
-4.7388646470e-03
-7.0858510992e-03
2.2808545326e-02
1.7023111991e-02
-7.1825500377e-03
7.6494541976e-03
1.1219113301e-02
-1.0862256833e-02
2.7982253989e-02
1.9926374456e-02
6.6410723570e-03
5.4541907164e-04
-9.1962058480e-03
1.2918043368e-03
-1.7088831695e-02
-2.5551655828e-03
8.8226261129e-03
3.2083604575e-06
1.6223941035e-03
8.1062020778e-03
1.1060204376e-03
1.4141822668e-02
3.6338318404e-03
8.3293680184e-03
6.4824019113e-04
1.2378920113e-03
-7.2679353879e-03
-8.4976478836e-03
-3.5486379069e-03
-5.0689924883e-03
3.1432514646e-03
6.2258081390e-03
-1.9819723738e-03
-1.3583519533e-02
-3.8084675612e-04
2.4910108178e-03
-1.4001273630e-02
4.9670639719e-03
6.0864038410e-03
-9.5316487185e-03
2.1419262482e-03
7.2596385204e-03
-1.0051474920e-02
2.5550608571e-03
5.4628125892e-04
3.7245341181e-03
3.4145317881e-03
-3.8228982924e-03
5.5533844496e-03
2.0847124170e-03
-9.8998252998e-03
-4.4091791012e-03
1.1567497071e-02
1.8611596999e-03
6.9171323694e-03
-5.1072303031e-03
-9.6478540861e-03
-7.2379942078e-03
-3.2388107273e-03
-7.0180763061e-03
4.8243759975e-03
6.1578551434e-03
7.3057925408e-03
-1.5215597666e-02
-2.1793578667e-03
4.1350657296e-03
1.9426364630e-03
-1.2088505009e-03
-3.8668679552e-03
3.2032134950e-03
5.3780110558e-04
-1.2827138995e-02
3.5405801339e-03
-8.6068312141e-05
3.9989244659e-03
2.9125270307e-05
1.3525037880e-02
1.4425984515e-03
-2.0480846866e-03
1.3344763434e-02
-2.7610612122e-03
-4.7753949959e-03
5.9043508888e-03
1.6853758131e-02
2.0434247812e-03
-1.8538697257e-02
2.6551783212e-02
-1.0754964901e-02
1.5737486433e-02
5.1748217465e-03
-1.1791690735e-02
-4.2602752221e-03
-8.0835252121e-03
-5.1353471968e-03
8.6132374181e-03
7.0514183049e-03
-1.3244433241e-02
1.0406573839e-02
1.9906644035e-02
-6.6625210992e-03
-2.1086093014e-03
4.3582421396e-03
7.2492061202e-05
4.8518635015e-03
7.3955917654e-03
-3.5248222494e-03
-8.8412084267e-03
-1.2198198037e-02
1.7441529465e-04
6.7938001155e-03
4.3741377949e-03
-6.9735138219e-03
9.7913513252e-03
-1.1575665492e-02
-2.7512124631e-03
-4.0257925592e-03
3.3569586412e-03
3.8872775473e-03
1.0730018955e-02
-7.5564715547e-03
-9.6898593724e-03
-2.8635338817e-03
6.2647318945e-03
-4.3799342558e-03
-4.1512078633e-03
-3.5117081275e-03
1.4791848886e-02
-2.7926301516e-03
-5.3666752904e-03
-5.4544508690e-03
-1.3054981409e-03
4.3991917289e-03
-6.4848632014e-03
9.7820289128e-04
4.0538660707e-03
2.9742957958e-02
-2.0574462067e-03
-3.8683937342e-03
5.8551370753e-03
5.9693305581e-04
4.9849824118e-04
9.2556434626e-03
1.2988962165e-02
-3.4223193258e-03
1.5698804940e-02
2.4976010982e-02
-8.4505983247e-03
-5.2161588297e-03
5.5048552352e-03
-4.1075317567e-03
-1.7970876173e-02
9.2749996392e-03
-1.1496427312e-03
-2.1273151497e-03
2.0495912150e-02
2.4863347476e-03
9.3919276816e-03
6.3068110882e-03
2.6695115080e-03
-9.5009732956e-03
1.0324216054e-02
6.5911472623e-03
1.4090299971e-03
4.4308003578e-03
-2.1872762578e-03
-6.9522969008e-03
-2.1398420532e-03
-9.9363400663e-03
5.1861888819e-03
6.0267123284e-03
8.9622283511e-04
1.0630456480e-03
-6.5203077782e-03
-2.6158313784e-03
7.8988706987e-03
-7.0704483207e-03
-7.7072949230e-03
1.7259955773e-02
-3.5456556660e-03
-1.4609351430e-02
8.2749912247e-03
-4.1322346771e-03
2.0892206884e-02
-2.1140205590e-03
-5.0840685803e-03
-1.1339896209e-02
-1.0394555957e-03
-5.6885715665e-03
7.3994787555e-03
1.0584210557e-03
-9.4160701756e-03
-6.2666599719e-03
9.8838111290e-03
-6.9213241963e-03
-8.4997561885e-03
1.4053523784e-02
4.2544564695e-04
1.1603612166e-02
-4.3590517101e-03
-1.1205190333e-02
2.5129497155e-03
-5.2135910078e-03
-2.6964247295e-04
-4.7662281857e-03
2.0210741992e-03
5.9972017784e-03
7.7839928751e-03
3.5436294432e-03
-8.3906030397e-03
-1.2058415405e-02
-1.0897465587e-02
2.2376095050e-02
1.9335255571e-02
8.0564432334e-03
-4.7876039323e-03
-4.7906103006e-03
-1.0224687807e-02
-5.0495548771e-03
5.0020083834e-03
1.5831825233e-02
-6.0489731304e-03
-1.2276948470e-02
6.6223278022e-04
-5.9241504511e-03
3.9086543903e-03
-5.7104309972e-03
1.3059886727e-02
5.2884653778e-03
1.0029622497e-02
-1.0416792933e-02
-1.2214595119e-02
3.7682883600e-03
-4.9311031120e-03
1.0096658017e-02
6.5814079441e-03
-3.7696119271e-03
8.9411213984e-03
-6.3641863118e-03
-9.9705224308e-04
3.2979478012e-03
-1.0561588841e-02
-2.4791827960e-03
6.5306615894e-04
1.1655969535e-02
-6.3765876934e-03
3.6211876957e-03
-5.7616476753e-03
-1.9319497939e-03
-4.6094587836e-03
-6.1063067635e-03
2.9187016991e-03
-1.9945662800e-02
-1.9670144497e-03
1.9488919584e-04
-5.6264757408e-04
2.4902848235e-03
-1.1975827032e-02
-5.1491427742e-03
9.4063602328e-04
-7.5008899920e-03
1.8278886205e-03
1.7037056638e-04
-1.2322838235e-02
-2.6344119100e-03
-4.5149208230e-03
9.9367542657e-03
-3.8129069156e-03
3.3719042977e-03
-1.0461839295e-03
1.2133722747e-02
-8.2184199067e-03
-3.7130447715e-03
-2.5411961738e-03
3.5577457596e-03
9.5021834567e-04
-1.1450986494e-02
2.5017002424e-03
-2.4324653623e-03
-8.8832300921e-03
-9.3631286064e-03
1.0680410048e-03
-4.7316208376e-03
9.8476239054e-04
-6.7373329958e-03
4.7948713204e-03
-1.1764450480e-02
-4.7560415890e-03
1.2663456737e-03
-6.4729375388e-04
1.5270016621e-02
-3.0979427159e-03
-1.1599388545e-03
-1.5333636313e-02
3.3445358919e-03
3.1764109510e-03
4.9692483325e-03
-4.0954044633e-03
1.7202585783e-02
-1.4121689170e-02
-2.3985029578e-04
-1.2579299827e-02
2.5385786074e-02
2.3385644864e-02
-7.0189216141e-03
6.7015482976e-03
1.6670253839e-02
-9.5859171733e-03
2.3278827261e-02
-6.7845144443e-03
-5.0366087389e-03
-4.6523738726e-04
7.6528769007e-03
2.4463724510e-03
-9.9811441556e-03
5.3781676593e-04
2.3021577121e-04
-5.2325505787e-03
3.1756420765e-03
7.4285931572e-04
9.5574292759e-04
-4.9883135884e-03
3.2482079596e-03
1.0066077763e-02
1.9488512546e-02
-6.8092358558e-03
1.7418151950e-03
4.8284985431e-03
1.5151361996e-03
-6.1722003635e-03
-6.5556236596e-03
2.1804090377e-02
-2.7138329049e-03
-1.0647815153e-02
1.3793709576e-02
-1.0632029231e-02
6.7970491186e-03
1.4385443467e-02
1.2497309195e-02
1.9173123809e-02
1.0541628223e-02
-3.8891889862e-03
-3.3639830631e-03
6.0765042545e-03
9.6127979846e-03
-1.0508493519e-02
8.5823005953e-03
-7.1117882622e-03
-1.1258973640e-03
-9.2244290382e-04
-1.4177275543e-03
-1.7535877673e-03
-5.9759794783e-03
-1.9991619444e-02
1.7812243314e-02
-6.7905755485e-03
4.6938789035e-03
1.3283429148e-02
-2.4278860673e-04
-4.0770874862e-03
4.4949628483e-03
-4.6184218112e-03
4.8971930013e-03
-1.0080626804e-03
6.5485450508e-03
7.6196109349e-04
-3.3545756876e-03
4.5671969873e-03
-1.1444951366e-02
2.8167854685e-03
1.1251357416e-02
5.1259882225e-03
3.1843581433e-02
-4.3765059381e-03
-8.0617477219e-03
-1.1409070206e-02
2.7825163471e-02
-2.9256094307e-03
-9.5024431388e-03
2.4734443133e-03
1.9553233365e-02
7.6395663537e-03
-8.8890955051e-03
-1.0028417902e-02
3.3590972720e-03
7.5041599263e-03
-1.4893561039e-03
-2.8977547255e-03
1.1731923941e-02
-4.9717941012e-03
6.2056427738e-04
-3.8124941631e-03
2.4516577323e-03
-6.3049143602e-04
-6.6778670450e-03
5.7958894043e-03
-3.6946642443e-03
2.2150009027e-03
9.5525843915e-03
4.3590975358e-04
-4.1947880923e-03
5.5117924648e-03
4.9984018380e-03
1.0465088088e-02
-4.6345062995e-05
-3.4991264761e-03
8.8295755934e-03
-6.4752211706e-03
-1.2740614416e-02
7.4078847267e-03
-7.2268706876e-03
8.1478226129e-03
-1.4470859795e-02
1.7236607107e-03
4.4724968273e-03
3.7202562217e-03
-1.4403221493e-03
-9.5862573943e-03
-6.3826408207e-03
2.0756087394e-02
3.8375973111e-03
-3.4624123748e-03
-3.9232569914e-03
-1.3168475717e-02
5.8238934454e-03
-9.0808790260e-03
-2.5546812008e-03
1.5770782278e-02
-7.6525069981e-03
-5.7084264826e-03
1.4861662854e-02
7.7768343534e-03
3.0091841076e-03
-2.5670628811e-03
6.7285522917e-04
1.4567014788e-03
1.6703142963e-02
2.5272064303e-03
-1.3339462371e-02
-3.0781474702e-03
1.9052223816e-02
8.9364634404e-03
-1.0759921318e-02
-5.9330619160e-03
1.0533062370e-02
-5.6509003247e-04
-3.9461352662e-03
-4.8425246952e-03
1.0355461414e-02
-4.2776051178e-03
1.7574266860e-03
-1.1477573932e-02
-1.0598244443e-02
-1.0650624855e-02
1.1024773195e-02
1.3572160236e-03
-8.9728746771e-03
2.6455977083e-03
-3.9380657184e-03
1.7082610822e-03
1.8095326838e-03
2.1150752908e-02
7.3737541645e-03
1.3531352443e-02
-5.7846247681e-03
8.9410272845e-04
-9.4843714560e-04
-9.8503309193e-03
8.8643235648e-03
1.4296253743e-03
1.0764582519e-02
-1.4894680598e-03
1.5203578824e-02
-3.8836018039e-03
-2.3881493408e-03
-1.5457254605e-02
5.2259211837e-04
5.0147770685e-03
4.2973287644e-03
6.0216003448e-03
2.6661635808e-03
2.2393209123e-02
1.5404344423e-02
-3.6407303503e-03
-5.5012417665e-03
6.5078678112e-03
1.1152884769e-03
-5.4319238010e-03
-3.6920088283e-03
4.6961969536e-03
-4.0092622431e-03
1.5056539807e-02
4.3531536790e-03
-4.6440542933e-03
6.7071292113e-03
1.3884397315e-03
-8.3273939714e-03
-9.9789755515e-04
-4.6105249978e-03
5.4614474591e-03
-2.8688147414e-03
-8.4714931285e-03
-2.3772146570e-03
-1.9228512519e-02
1.0087810644e-03
3.3410872518e-03
6.9965431838e-03
1.5872445179e-03
-8.3690174851e-03
-1.4560653035e-02
2.0325743699e-02
-1.8006264840e-03
-9.4582657586e-03
7.4532241665e-03
6.5257390378e-03
-1.7395776090e-03
-1.2864746044e-04
-1.1281703880e-02
2.5883608848e-02
-1.3943197905e-02
-6.0951604535e-04
-2.8911800002e-03
-8.7864745308e-04
-8.7651062841e-03
1.2674293128e-02
-1.4838283028e-02
9.5830582011e-03
-3.4509291173e-03
-1.0411273939e-02
6.5221508723e-03
-6.1714076454e-03
-8.5027367724e-03
5.2546575898e-03
1.8169149117e-02
-5.8219688471e-03
1.7410289381e-02
1.5514759032e-03
5.2572344213e-03
-6.6371589493e-03
-3.6036354775e-04
8.3456354871e-03
9.9798369777e-03
-6.3415401691e-03
-1.0616201454e-02
-3.2682015185e-03
1.4536741935e-02
-2.7618125315e-03
7.7228497971e-03
1.9699030991e-02
-8.7167710006e-03
-1.7950202372e-03
8.3013033641e-03
-1.0663074360e-02
-6.2872625778e-04
-7.0725064548e-03
-5.2412867156e-03
-4.5517703178e-03
-2.6193389179e-03
-3.8987849940e-03
-7.2356897968e-03
-1.0009698974e-02
-9.0039570177e-03
-5.7875253565e-03
1.0987673227e-02
-6.7759577994e-03
-1.4436969516e-02
-4.5914129282e-03
-8.0967393121e-04
1.2447194516e-02
2.9419892537e-03
-4.6844465771e-03
-2.2174177076e-03
1.9781839672e-03
-5.5737149558e-03
-5.0318602305e-03
-6.7714772466e-03
-1.4944898449e-02
-1.4695334293e-02
-6.5477357902e-03
1.9917714521e-02
-4.1923774482e-03
-3.8551146437e-03
1.3837567039e-02
-1.3860263247e-02
1.8960409373e-03
-6.0278074257e-03
-1.1137757604e-02
-9.0588125878e-04
-2.1925788056e-03
1.6995115477e-02
1.6470649581e-03
2.9967323226e-03
-3.3814865111e-03
1.1443557774e-02
-1.0139287066e-02
-5.6378548661e-03
2.3464849348e-02
1.0511315375e-03
-6.6815574859e-03
-3.0735607024e-03
4.6457544488e-03
3.7459366538e-03
-5.8668724100e-03
6.6420936511e-03
3.1504973356e-03
1.9460424056e-03
4.3121779187e-02
-1.1010574127e-02
5.8923345117e-03
-1.8958812471e-04
7.8902615547e-03
2.3477813694e-03
2.9595762094e-04
-3.5249058022e-03
-1.1860040428e-02
2.8653205710e-03
-8.7724822962e-03
2.7504293676e-03
5.4532142365e-04
5.0466699461e-03
3.7325743876e-03
2.5912227627e-03
-1.7419781376e-03
1.6821020091e-02
-2.6514819876e-03
-4.2382686702e-03
5.2549254252e-03
-8.0793357324e-03
1.5861310854e-02
-6.6387795021e-04
-4.1941757639e-03
4.8679204916e-03
-1.4023008481e-03
6.0690803249e-03
-1.1225106119e-02
7.8237370934e-03
-1.2513151334e-02
-1.3847013114e-02
1.5970176115e-02
3.8147334879e-03
-1.3176397605e-03
1.0582113598e-02
2.7293126511e-02
-6.6063278806e-03
-9.4089510895e-03
-3.9667538541e-03
-1.8406589045e-02
-1.4316372301e-02
-7.1756229390e-04
-7.2968799618e-03
-1.1031595594e-03
2.6099358893e-03
5.4909823573e-03
1.9482641620e-03
-4.4896897658e-03
-8.3435316195e-03
-1.1940850452e-02
6.2696767288e-03
-4.0931245646e-03
6.0052380928e-03
-1.1529115897e-02
-6.4728562870e-03
1.5959530625e-02
6.0106043522e-04
-1.1391880877e-02
-7.6423562412e-03
-1.3985512881e-03
-1.3108553758e-02
6.7150332506e-03
-1.7278906692e-02
-5.6900988265e-03
-9.5076443525e-03
-9.2228119821e-03
-4.0266444093e-04
-5.6230152589e-03
-9.7893100555e-03
-3.9272081838e-03
3.9246004573e-03
-3.0966293552e-03
5.2100139239e-03
-3.6276360843e-03
6.2178016125e-03
-2.8575484585e-03
1.2983440850e-04
7.4697687408e-03
-1.5839120876e-02
-1.0162121098e-02
-1.0602615438e-02
-1.1292934448e-03
-3.4391177916e-03
-7.7784478052e-03
-1.4757834608e-02
1.9694671931e-02
-5.9259499865e-03
-1.2214783271e-02
-8.3867812176e-03
8.5803059573e-04
1.8995956094e-02
1.6265786562e-03
-5.4157545284e-03
2.9086862088e-03
-7.5443874928e-03
-6.9654241941e-03
-7.7445899532e-03
-1.1623985611e-02
7.7863445309e-03
1.6315229062e-03
-2.8788083410e-03
7.4849997436e-03
-4.7330443700e-03
-1.0849251835e-03
8.3959876382e-03
1.6483942937e-02
9.6445616472e-04
3.7396667055e-02
-1.0488036348e-02
-3.1509206816e-03
5.3934887577e-03
2.1033608448e-02
9.1787342472e-03
-1.9695505559e-04
-8.5135162085e-03
-7.4851325389e-03
-2.5728658383e-03
-9.6339124990e-03
7.7171015251e-04
1.3037049429e-02
1.2367547792e-02
1.1728811455e-02
6.5716845575e-03
-4.5988053220e-03
-4.4705486253e-03
-6.2636921583e-03
-6.6629891086e-03
1.2913554113e-02
-4.5470308385e-03
-7.6941910789e-03
1.4307058954e-02
-9.0459770763e-04
-1.1141819546e-02
1.0148633531e-03
1.1053786921e-02
6.6620789933e-03
-5.3251108431e-03
1.0245036228e-02
-2.3968224815e-03
9.7423524187e-03
-1.8676545306e-03
-1.0368405123e-02
-7.9559141598e-03
-3.1562390836e-04
-2.5440646391e-03
1.8521076302e-02
-1.0753425751e-02
-1.7953114237e-03
-1.0887753502e-02
-1.6687109731e-03
-5.2772974425e-03
-1.9149079663e-02
-1.7129030754e-03
-5.0449625625e-04
-1.3382968832e-02
7.6256723509e-04
-3.7287826796e-04
-4.4445133916e-03
-4.3852920660e-03
1.0335895191e-02
-6.9323356322e-03
-1.1735304800e-02
-7.3431467556e-03
-1.2475602773e-02
-1.4979721408e-02
3.4010297701e-03
-6.9064519959e-03
-6.7564849466e-03
1.4211246938e-02
-1.0153634827e-03
1.9162502007e-03
1.6100058748e-03
-1.2848933739e-02
-7.9447360059e-03
2.2252731565e-03
2.7672163271e-03
-3.5629731818e-03
-5.4184335165e-03
-1.0757316294e-02
3.9841004195e-04
-1.0380842391e-02
-6.4722178732e-03
1.5773703901e-02
-1.6065756472e-03
1.2930743561e-02
-1.1175344994e-02
-9.3254492382e-03
2.0505886727e-02
-6.6958966414e-03
-1.4480975702e-02
-5.7314730380e-03
3.9553180171e-03
-4.6847256849e-03
-5.3407441265e-03
-4.1257342802e-03
1.4098400247e-02
-2.2926539408e-03
-7.4254810494e-03
1.1623540432e-02
-1.1727755996e-02
-1.3985616531e-02
-2.2802047223e-03
2.3062686443e-02
-7.8941993850e-03
2.6194854220e-03
1.5898644764e-02
3.8205552371e-03
-1.1846947102e-02
-1.1768818227e-03
-6.7139434289e-03
1.1235890724e-02
5.6567526144e-03
-1.1905311420e-02
-2.2046141900e-03
8.1803135877e-03
-4.2526728303e-03
-1.3034834705e-02
3.4397779382e-03
-8.1492689320e-03
2.2566835530e-03
-1.5844803990e-03
9.9251166977e-03
-3.2804148097e-03
-1.5512754039e-02
-1.9325124399e-03
-1.1072661073e-02
1.1380046154e-03
-2.8152247501e-03
1.3884208759e-03
-1.2694684472e-03
-3.9614912096e-03
-1.8199735815e-02
2.2169793536e-03
-2.3286892583e-03
4.9925674928e-03
7.4209294147e-03
-1.0496700274e-03
-6.6868824436e-03
1.9900368616e-02
-3.5863314209e-03
-8.1240542774e-03
5.7009867420e-03
-1.2892187108e-02
-1.5209530060e-02
-2.6743898011e-03
-2.2841964640e-03
-7.0067331284e-03
-4.7674902964e-03
-2.7421504374e-03
-7.7497944333e-03
-9.1812334298e-04
-9.9917479696e-03
-1.3136301762e-02
4.6907446841e-03
-4.4511611005e-03
4.9180619602e-03
3.1697112220e-03
1.7352228572e-02
-4.2302503420e-03
7.7066826515e-03
-9.4568793386e-03
2.4506142096e-03
-8.2212390295e-03
-3.0591502975e-03
5.5161551024e-03
-1.2186241477e-02
-1.5777243082e-02
1.7666677222e-02
2.7830686698e-02
5.3226449578e-03
-9.1327045313e-03
-1.7118131571e-03
-3.0921891712e-03
7.1569141637e-03
2.9763020737e-02
-6.9944235287e-03
-3.1415702329e-03
3.6753584154e-03
1.2067176156e-02
3.4433383589e-02
-2.4951869760e-03
6.0455234158e-03
-1.2168330217e-02
3.3253035747e-03
9.8660185843e-03
-5.8880132358e-03
2.4121647846e-02
-4.9684640087e-03
4.1732961494e-04
-1.3102409937e-02
-6.6053177977e-03
4.7678279626e-03
1.8842861546e-03
1.3501781389e-03
4.4442525710e-03
-8.3019790218e-03
-2.6013100457e-03
3.7142871460e-04
1.1478265827e-03
8.0527709013e-03
-2.3286454704e-03
-9.8292962869e-03
1.4833771021e-02
2.3526461379e-03
9.2271073700e-03
-4.1029512988e-03
-4.9212177980e-03
1.5711477080e-03
1.1267135755e-02
-1.0429712931e-02
-3.3731774550e-06
-1.3662590853e-02
-7.8540976447e-03
-2.4461423237e-03
-8.5626026003e-03
-4.8234542416e-03
1.7878440991e-02
1.0252119832e-02
-4.0480026994e-03
-6.1106792088e-03
1.0321830821e-02
8.2418536780e-05
3.8073875222e-03
-9.1704024226e-03
-1.2622972665e-02
4.1775224678e-02
5.5385109091e-03
-1.6778180405e-02
-3.5080637805e-03
-1.1559749417e-02
-4.1882035680e-03
-1.4294064426e-02
7.3621732076e-03
-5.4583976209e-03
-1.9493527635e-03
8.5724420471e-03
-4.8541442201e-03
-9.8434873943e-03
6.3953114309e-03
2.7415730825e-02
-7.2601228477e-03
-1.0931004486e-02
-7.2553115831e-03
1.4210368180e-02
6.9944931776e-03
-1.2565983435e-03
4.3135775741e-03
-1.7550570719e-03
-9.9599165712e-05
-6.5228147391e-03
7.2767975959e-03
-3.0711321934e-03
-9.2680454571e-03
2.8847564297e-03
1.2745992754e-02
1.1267645135e-02
6.2912048310e-03
-4.7682683267e-03
7.2086599861e-03
5.4466126183e-03
3.7364702064e-04
-1.5530847153e-02
-1.1896382722e-02
1.8295751771e-03
5.3961526573e-03
3.7499768543e-03
-2.4904965196e-03
2.1388769234e-03
-6.5840515870e-03
-1.1807646185e-03
3.2062882333e-04
-8.8587017793e-03
-6.5284424715e-03
-1.7294251355e-03
1.7898845133e-02
-1.2809660462e-02
-8.1359726538e-03
1.2157588254e-02
6.8915730098e-03
-2.8634077691e-03
6.5180667923e-04
2.6249741980e-03
-9.6669953744e-03
7.2586008079e-03
-5.2677792233e-03
3.0021339934e-04
2.7945611445e-03
2.5321832940e-02
3.8739298349e-03
1.3917948649e-02
-1.0824895311e-02
3.9512650233e-03
-2.7767078685e-03
1.7118518388e-02
-1.1932565999e-02
-6.8148717178e-03
8.2559089593e-04
-1.0418086298e-02
-2.4819186840e-03
-3.6396095586e-03
-7.8297581693e-03
2.5907011237e-03
6.6448661269e-03
-2.7441411145e-03
2.3086300408e-03
-3.8865964200e-03
-6.9099005180e-03
-4.8136749107e-03
1.6577501617e-02
-9.0910881646e-03
-1.2177209363e-02
-2.8296703910e-03
6.9226397938e-03
1.4847269972e-03
-5.2213271723e-04
1.3013450547e-02
-7.9696802165e-03
6.9800499806e-04
2.2290558886e-03
5.1805955060e-03
-3.1762473009e-03
-6.1353188978e-03
3.6877542003e-02
1.9067414721e-03
8.6480520821e-03
9.7459237522e-03
-7.1249910228e-03
-4.9476394696e-03
9.3279140732e-03
6.3920927299e-04
-2.4216023567e-03
1.4113278818e-03
2.0094505113e-03
-1.2395127652e-02
-9.8728062530e-03
6.7783340695e-03
2.0110457021e-02
3.5563306518e-04
-4.4190549968e-03
1.7515140767e-03
-3.9990104844e-03
6.8746522657e-03
5.6393744759e-03
5.8708195321e-03
3.6292106885e-03
-1.7508687600e-02
-4.5300485454e-03
1.6091015683e-04
1.6778795595e-03
1.3148980375e-02
-2.5134349302e-03
-6.3342020235e-03
6.4053945889e-03
-3.1753556024e-03
-1.5781467042e-02
6.5272396615e-03
-8.7168637438e-03
8.2436997249e-03
-8.1184508217e-03
5.3957218757e-04
2.1726416677e-03
-1.4718699880e-02
-8.0632596238e-04
1.5070868041e-03
1.9222136353e-02
-2.7319367978e-03
-1.5209841090e-03
-3.9450005081e-04
6.3115318425e-03
7.7925506867e-04
9.1001377026e-03
-1.4175810809e-02
9.6237899266e-03
-1.1377309701e-02
-5.6290557735e-03
-1.3991372656e-03
-3.3153297835e-03
-8.0663469286e-03
3.0281012237e-03
-1.0907336027e-03
-6.8771165258e-03
9.0746459782e-03
-8.7570918276e-03
4.5252197168e-03
2.3513015584e-03
-2.5808301114e-03
2.4717194587e-03
1.1769475898e-03
2.0177997548e-02
2.6502728841e-03
-6.0199133523e-03
-4.5370934608e-04
-8.5162019621e-03
-7.5311951702e-03
-1.0626427712e-02
-3.3133063045e-03
5.8415652535e-03
-1.6118424021e-02
5.4651084211e-03
5.3213437913e-03
3.4332183491e-03
2.2684755253e-03
7.8227904831e-03
1.2466235025e-02
-1.0182011138e-02
-1.1451499982e-02
-2.7363699064e-03
-9.9884379080e-03
-1.0025992274e-02
1.7433805256e-03
1.9871461802e-03
2.9873887399e-03
2.7454131508e-04
-3.6016772887e-03
-1.6490303142e-03
-1.5016106121e-03
2.2245176329e-02
3.7764500658e-02
-1.3385015304e-03
-8.8667409925e-03
-8.0324132130e-03
-1.5057378278e-02
4.8804036293e-03
-1.1572509049e-02
1.0854165884e-02
-3.4125966699e-03
-1.1627146485e-02
5.2458004207e-03
9.0783690045e-03
6.5280267838e-03
-6.6082534884e-04
-1.2498241101e-03
-3.4375452771e-03
-3.2229685793e-04
-4.4789423300e-03
2.0438157498e-03
-3.2127703002e-03
1.7584114703e-02
-2.2929264917e-03
1.3735937273e-02
4.3836798851e-03
1.2644501005e-02
9.8632568500e-03
-6.1130009486e-03
2.8303892550e-03
7.1506528018e-03
1.3100460720e-02
3.1571516980e-02
6.8473583522e-05
4.8923288404e-03
4.0808012772e-03
-1.2667608712e-02
-6.0468396973e-03
-4.1956092781e-03
1.3702377893e-02
7.0229292503e-03
3.5388858429e-03
-7.9585558718e-03
3.9293920155e-03
-1.4084186071e-02
-8.6226402746e-03
4.1281962782e-03
-1.3311214560e-02
-6.8727694938e-03
1.6928512403e-02
-6.1737755720e-03
7.2281564302e-03
4.4437606292e-03
7.0370875403e-03
-1.2323291159e-02
-2.9709460685e-03
9.3278003299e-03
1.7187040252e-03
2.4835136041e-03
9.7075468101e-03
-1.5822313330e-03
-3.3447710734e-03
-8.2135080080e-03
1.6215070898e-02
-1.5482019657e-02
-6.7991636177e-03
4.0095497147e-03
-1.2388748428e-02
-3.1246803804e-03
9.1032195999e-04
-2.3417095441e-03
-4.9547125145e-03
-5.9573159354e-04
1.2557511891e-02
7.0202666875e-03
7.2943902813e-03
-2.6760440800e-03
-1.5926905472e-02
-4.4784642180e-04
1.0637479808e-02
9.7431909430e-03
1.9189683098e-03
9.1016937687e-03
-2.0209771491e-03
-2.9187408911e-03
1.0914070897e-02
3.3040833960e-04
-7.8576873610e-04
1.2827858816e-02
-6.2377069038e-03
-3.6584241688e-03
1.4841256343e-03
2.7686941957e-02
2.4951316717e-03
-8.9833971990e-03
7.2394266564e-03
-4.5373605627e-03
2.3223583556e-02
-1.3260277969e-02
6.6663393638e-03
-9.2421979294e-05
2.1779857278e-02
7.4775275257e-03
7.6598054796e-03
-4.4501216585e-03
2.0454050030e-02
-5.3734688834e-03
6.2017805179e-03
1.5512020330e-03
-4.4223879107e-03
-1.6109940372e-02
-1.0448948358e-02
-8.6444814883e-03
-1.6440359479e-03
-1.1405262516e-02
7.7771045243e-04
1.3276105341e-02
-4.3596937102e-04
8.7880761969e-03
1.6679317751e-03
3.5497048943e-03
1.2471003288e-03
8.7750987642e-04
-4.9706504030e-03
-2.4990062569e-03
-4.1741830405e-03
-3.6351266122e-03
9.9799268194e-03
2.6063927832e-03
2.1474044872e-04
4.7896177350e-03
1.9131701258e-03
-9.3118570004e-03
-3.6464620874e-03
2.4229711728e-04
-9.0404432761e-03
-6.0584666922e-03
-1.5090582082e-03
-1.0559829956e-02
3.2332713497e-04
-2.9268152570e-03
-2.5576755574e-03
2.2583733441e-03
-1.1387925335e-02
-3.6277351205e-03
-5.1042650029e-03
-4.3164643839e-03
2.1007122034e-02
-3.4027288665e-03
-1.9595188021e-03
3.4529217350e-02
7.1301724106e-03
-1.1251100300e-02
-5.7016588345e-03
-6.8983303271e-03
-7.8098965580e-03
-1.1617288500e-02
-3.6162823209e-03
-7.2833423880e-03
1.0983985077e-02
-3.0517244916e-03
-1.7311804196e-03
-1.2924038990e-02
-3.7829950898e-03
1.3656211674e-02
-2.7324580011e-03
5.5562271096e-04
-1.3112650470e-03
9.6321663038e-03
-1.2337347132e-02
5.0371046641e-03
-1.3006034721e-02
7.9321131318e-03
-1.8507645895e-03
3.4472229602e-03
-1.1453319823e-02
2.6146555590e-02
2.3811722691e-02
-5.8444162028e-03
-1.7153872963e-03
1.2912200137e-02
-6.0281585541e-03
-1.1858182176e-02
-4.3177039554e-03
-9.0065427939e-03
-4.6609076148e-03
7.4042871656e-03
-5.0805934629e-03
-8.0492090923e-03
-7.1303890975e-04
1.7694420283e-03
5.7058395234e-03
2.2625455075e-03
-1.9906346441e-02
3.4390192449e-03
-6.0600797238e-03
-9.5288272450e-04
-1.0465013826e-02
7.5292311694e-03
1.1911265214e-03
2.9293314599e-04
-4.6774729570e-03
1.2038563892e-02
-8.3229490564e-03
-1.0969476153e-03
-2.0286704516e-03
8.5234747055e-04
2.0505573774e-03
-1.2621548924e-02
-1.3112805336e-02
-5.1142544427e-04
4.2446755616e-03
-2.3848213508e-03
-1.0527110966e-02
9.8953591983e-03
-2.8360553117e-03
7.3636532106e-03
1.7999281110e-04
-4.5899394249e-03
-9.3318121210e-03
6.3627937544e-03
-1.3302729042e-02
1.5150644526e-02
2.7493952661e-03
1.0062579788e-02
6.6003512701e-03
1.0799789912e-02
8.3604391552e-03
3.5465279098e-03
2.0559426171e-02
6.3531208727e-03
1.0829302065e-03
6.0636666135e-03
-2.7929081963e-03
2.4361424244e-03
1.9115354041e-03
8.8364866197e-03
4.1636372945e-03
-2.8356311293e-04
-1.3230107093e-03
-5.1198912858e-03
-4.4872137164e-03
3.2889671543e-02
1.9111262051e-03
7.8772411862e-03
4.2168494732e-04
-3.9957274343e-03
1.6159534041e-02
-5.3525826291e-03
-5.9790736277e-03
-3.0679064429e-03
3.1692060161e-02
9.3638151654e-03
-9.8199937674e-03
2.5450609330e-02
-7.6521765362e-03
9.7204851285e-03
2.0083074088e-02
7.1214484445e-03
-1.1236190543e-02
5.8896629128e-03
-4.9601090942e-03
-2.0982063664e-03
-5.5710570284e-03
-3.5561206253e-03
-2.0435743370e-03
-7.7071835413e-03
3.8603063564e-03
-6.6693403533e-03
-1.2479758768e-02
-5.6931332547e-03
-1.4664122050e-03
2.3023983932e-03
-2.9966861774e-03
-5.3346816335e-05
-9.4370528775e-03
1.3207078506e-02
-6.5433897300e-03
-1.2489177699e-02
-5.9951393226e-03
-4.6730055387e-03
-2.3651703744e-03
1.9260898689e-05
-1.5057507629e-03
-3.7290016035e-03
3.9700792129e-03
3.0518075285e-03
8.2540403556e-03
-1.2552911185e-02
3.8168367846e-03
-5.6340630649e-03
2.6241386674e-02
-1.4114809985e-02
-1.0749029270e-02
-5.3048720751e-03
-4.2494225896e-03
1.0539400416e-02
7.8710365616e-03
-7.9112023143e-03
-1.8620396358e-03
7.0007912715e-03
-7.5797523681e-03
-1.8068095086e-03
-2.2645085488e-03
-1.2679025266e-02
-1.1645197595e-02
5.9250293474e-03
1.5202837992e-02
2.0641116220e-03
6.3768064673e-03
-1.4006190138e-02
-1.0558525537e-02
-8.3729107615e-03
1.6440648554e-02
-1.8321462280e-04
5.8760274999e-03
-1.9794272702e-03
8.9912232494e-04
5.1318882085e-03
4.9698562607e-04
1.5921960687e-02
1.3992782613e-02
-7.7663967274e-03
1.2383966165e-02
-7.2107084986e-03
6.3846395035e-03
-3.9989170957e-03
-5.9403077137e-03
-2.9070761744e-03
-7.7944192332e-03
6.9170437925e-03
-5.4887829193e-03
5.9739811276e-04
-5.0680980949e-03
3.4478386596e-02
7.0887402611e-03
3.5452346478e-03
-2.0791372135e-03
-9.2956883416e-03
8.6444993151e-03
2.4618198379e-03
-7.0818418918e-03
5.2917942033e-03
-3.0950781312e-03
1.3602951688e-02
9.3427502729e-03
7.6309393269e-03
9.4739001462e-03
-4.6175480549e-03
-9.3480033730e-03
4.5171714405e-03
1.2443011517e-02
-8.0846560224e-04
-6.5230414623e-04
6.3654308662e-03
1.3887471209e-02
-3.9098521935e-03
-1.1399578936e-02
-1.2272547152e-03
-5.7428745125e-03
-8.7365624349e-04
-2.5400273052e-03
1.1787385750e-02
-2.5815864747e-03
-7.7393670764e-03
1.5247987832e-02
-2.5763745191e-03
4.8191365646e-03
-8.7312536463e-03
-1.4156949355e-02
-1.4309557341e-02
-6.6938900049e-03
-1.7500795969e-03
1.7828279349e-02
-8.5864551163e-03
-1.3719051851e-02
-2.3428774841e-04
-1.6104732643e-03
-1.6668129167e-03
-2.3856851034e-03
7.4258725645e-03
-3.9009869784e-03
2.9896907653e-03
-1.9712268480e-03
-1.5738297100e-03
-1.1327967367e-02
-4.7004592369e-05
-1.5857584627e-03
-9.2520633498e-03
8.2370849097e-03
-7.6035426568e-03
1.1160040670e-02
-2.6485757881e-03
3.1882083693e-03
1.0846671560e-03
9.5040875919e-03
-4.9478942995e-03
-1.8370373752e-02
-4.4187399180e-03
-6.2498864847e-03
2.7898290672e-02
-8.4454153867e-05
2.6875583678e-03
-1.0188960646e-03
2.3210822021e-03
6.4265523815e-04
1.0216234603e-03
-1.4043566780e-04
-7.0088931417e-03
-7.5447119211e-03
-9.1727075558e-03
4.1387941049e-03
6.8655793777e-03
4.0701896042e-03
6.8126334298e-03
-7.8094801016e-03
-2.1217291848e-03
-7.7973394414e-03
-4.4354322723e-06
-1.1314210447e-02
-4.8882443977e-03
-1.4846470107e-03
-6.6606357344e-03
-5.3836949629e-03
3.8623492810e-02
1.4940631416e-02
-9.8554212334e-03
-6.4755565475e-03
-5.7402201179e-03
-8.6382947000e-03
-4.7081317692e-03
-1.0725628361e-02
-1.4131453312e-02
5.0916074038e-03
1.0847799671e-03
-5.0504043522e-03
8.2135358550e-03
-1.5734670039e-02
1.0302152064e-02
-7.0795783083e-03
-1.0828428934e-02
-1.1830962136e-02
-1.6543661000e-03
1.6918836508e-03
-5.3632743647e-03
-3.1748817040e-03
-5.5204710811e-03
-9.8789741538e-03
-5.3602618777e-03
4.3331140748e-03
5.5619670994e-03
-8.6672540625e-04
1.0692205720e-02
-9.4874056219e-04
-1.2509457589e-02
1.3685355704e-02
1.1289024296e-02
-1.1929501335e-02
-5.1367523105e-03
1.9657049858e-03
-1.4128680391e-03
4.5690849094e-03
-7.2163216329e-04
-2.8862674280e-03
-5.0876755874e-03
-2.5619520912e-03
5.5966974575e-03
-7.4858401573e-03
-1.5519213927e-03
1.8298024356e-02
3.4591894475e-03
2.2023739153e-03
-8.2822082587e-03
-1.4309780498e-03
-2.0290869108e-03
-1.1703057614e-02
-1.1106422943e-03
1.0455111929e-04
3.4978902193e-03
-7.8821280096e-03
7.7405403841e-03
9.4762500333e-04
-8.5882369320e-03
-4.0475830222e-03
-3.0720661127e-03
-9.0936072781e-03
2.2020558904e-03
-1.6704589434e-04
-1.3423955162e-02
-1.7060599728e-02
-9.9837382630e-03
-1.8862302465e-04
-1.6409692765e-03
1.2320259122e-02
-6.1924152035e-03
1.8105251142e-03
2.8692699651e-03
5.6545554624e-03
-8.4563372306e-03
-4.0022052358e-03
8.8125256730e-03
-3.6721518632e-03
-1.6664925620e-03
1.9577019194e-03
-1.1854446767e-04
-6.4634613968e-03
2.9789561318e-03
-1.2224608181e-02
-6.4039802421e-03
-1.3656047265e-02
-1.4730270267e-02
1.8458455602e-02
-6.4851007763e-03
2.2252713957e-02
1.2497321265e-02
-5.8131874235e-03
-2.8952918448e-03
1.5639933053e-03
-9.6272813839e-03
-1.0884681748e-02
-2.9149582404e-03
-1.0445521312e-02
-1.2533118154e-02
7.8425827777e-03
-2.1029284768e-04
-7.1932993707e-03
1.0237416425e-02
-1.0940397993e-02
2.4222765492e-03
1.0859559897e-02
1.4461218281e-02
-3.1858994647e-03
6.8653090545e-03
3.2678370477e-03
-6.0712599899e-03
2.4047069142e-03
-9.5178189638e-03
1.8454240897e-02
-8.9787752318e-03
1.3951911256e-02
9.3446612621e-03
2.2085755680e-03
-5.3841974172e-03
1.5042353924e-02
-8.4411846528e-03
1.2526559323e-03
-9.1360286383e-03
-7.2982553426e-03
3.5645764333e-03
5.6840283408e-03
-4.8806176713e-03
-1.0254175362e-02
1.3907956923e-02
-4.6925800859e-03
6.8269401467e-03
-2.1529531058e-03
5.8983156612e-03
-6.3130988201e-03
-3.0969450007e-03
-1.6183479255e-03
-2.2410216165e-03
-1.0949907855e-02
-3.4001541279e-03
6.6326820530e-03
-7.5037741848e-03
8.3988989586e-03
9.0698302437e-03
9.5496881936e-03
9.2285595590e-03
-9.3474137408e-03
3.3953008792e-03
-1.2007198250e-02
-6.9114841331e-03
-3.7440761698e-03
8.3701829461e-04
8.6293858902e-03
-6.6479701505e-03
-7.1207323171e-03
-6.2227993086e-03
3.5393592856e-02
7.9496564494e-03
1.2833984882e-02
-1.3891541806e-02
2.0518004721e-03
3.1204823061e-02
-6.2737202978e-04
-6.0813385405e-03
2.9488976707e-02
-1.1866506721e-02
-8.4754322458e-03
7.8842620141e-03
-1.1227024596e-02
-7.3444255854e-03
3.3434002851e-03
-1.0976925401e-02
-6.4707090491e-03
9.0819546325e-03
3.1224006933e-03
-6.3651514401e-03
-2.3921530182e-04
-7.0090438201e-03
4.0198547450e-04
-5.9868789676e-03
5.3705983464e-04
1.2635739864e-03
-5.8080474100e-03
1.1085350096e-02
4.1377584875e-03
1.2435263062e-02
-8.4358679125e-03
-1.3281943566e-02
1.2496787685e-03
-1.6031992703e-02
-8.8951512713e-03
6.0206435718e-03
4.6315345640e-03
1.8846428261e-02
-7.7990884876e-03
-1.0217736338e-02
1.1207530348e-02
6.2683593316e-03
-1.1626437909e-02
7.8952687969e-03
3.1188123176e-03
-4.5300501878e-03
5.4974801646e-04
-1.0123633810e-02
9.7088184473e-04
-9.2960152878e-03
2.7541290231e-03
6.8624214809e-03
-6.4493022582e-03
1.1218723279e-03
2.5604684013e-03
4.9722979919e-03
-3.9641070325e-03
-5.2305283354e-03
9.7479380165e-04
-1.5258988770e-02
1.1617714262e-02
1.0659844439e-03
8.0205832606e-03
-4.8071392239e-03
-6.7908776280e-03
-1.2102942927e-02
-7.0000066256e-03
-3.0931655345e-03
5.2645091982e-03
4.0789285967e-03
9.7166822522e-03
-1.3895060513e-02
-4.3577270149e-03
1.4495922291e-02
4.1058860440e-03
-5.5926661368e-03
7.8610902318e-03
-2.8533381378e-03
7.2430322197e-04
-3.0813115117e-03
-1.4758643787e-02
-1.1856818896e-02
-2.4805497622e-03
8.4810074425e-03
-3.5087166762e-03
7.7945614996e-03
1.8912211655e-02
-2.6621125187e-03
9.2530187847e-04
-9.9755030295e-03
-9.4289708789e-03
1.1624640469e-02
-3.0687093782e-04
5.6057146715e-03
1.3951942060e-03
7.6077242969e-03
-2.3125121372e-03
-4.3463812189e-03
9.9099414437e-03
-7.9930824558e-03
5.1407525607e-03
-2.5231247535e-03
-6.3443345624e-03
-1.4419952226e-02
6.6582365165e-04
-4.4348937680e-03
1.1542975598e-03
-1.0879673159e-03
-1.1475876172e-02
-1.3522382506e-03
-1.3417283171e-03
9.2059261096e-03
4.5742667129e-03
1.2559599266e-02
1.1386170106e-02
-8.7492655378e-03
1.3729688829e-03
-3.5914128687e-03
5.3216304575e-03
-1.2090344112e-03
3.8127042931e-04
5.8374491254e-03
-1.0922254978e-02
-1.9615476007e-04
-9.5300157196e-04
7.6041064095e-03
-1.5876631560e-03
-6.8967270898e-03
3.8031199432e-03
-1.9555945033e-03
-1.7909206439e-03
-1.0000135511e-02
-7.4084010667e-03
-2.0417411624e-02
2.2831416843e-03
-2.0341571952e-03
-7.2342333450e-03
-2.8739547488e-03
-3.6617267100e-03
-3.3188777259e-03
-1.0482696077e-03
1.2764169607e-02
-3.8707121031e-03
5.7629708752e-03
-3.2159664479e-03
-4.3244419133e-03
-5.2279165541e-03
-3.3761454626e-03
4.6725445940e-04
2.1416121630e-02
-1.0059478959e-02
3.5109656053e-03
-3.1464618174e-03
2.5078417461e-02
-7.9089123415e-03
-1.0725543259e-03
-4.8165290396e-03
-5.9445402211e-03
-1.1401135373e-02
-2.7854855629e-04
3.1233576896e-03
2.2588176042e-02
2.0833524818e-03
-1.2553530693e-02
-3.2688914710e-03
5.7799435574e-03
2.1710917746e-02
3.2146652300e-03
6.0631019909e-03
6.5069449965e-03
6.5411768412e-03
-5.4969105835e-03
5.7957350070e-03
6.0817058256e-03
2.9488780061e-03
-4.6792011256e-03
-8.1269135923e-03
1.4149589952e-02
-1.5332581622e-02
4.3828031275e-03
-6.9432675168e-03
-5.6307405609e-03
-2.1817884468e-03
-1.5954924502e-02
-1.1606287505e-02
7.0130402509e-03
1.0779974113e-02
6.3715045648e-03
6.9325351972e-03
-2.4084733255e-04
-8.2613758612e-03
-5.8090943394e-05
2.7087196077e-03
-1.0603595407e-02
-8.5168051270e-03
-1.2628266255e-02
4.7612229446e-03
1.1414223729e-03
-1.2106971192e-02
-9.5215178890e-03
-1.5083546260e-02
-3.2302026299e-03
-1.9958258707e-03
-8.4124452498e-03
9.7319464330e-03
-1.5272295076e-02
-1.0673181703e-02
9.5430493202e-03
1.1036574654e-02
3.2560764712e-03
4.9555896507e-03
3.8513915908e-03
4.1284793272e-03
1.5332493494e-02
3.2354032916e-03
7.5886769476e-03
-2.7491102122e-03
-3.1110872084e-03
3.4564031588e-03
-1.6971562315e-02
-6.3811179316e-03
-1.1646459966e-02
-7.7059591145e-03
-6.9370141975e-03
-2.4263020848e-03
9.8659691367e-03
2.1556686639e-03
2.3511484146e-02
3.5535292885e-03
1.3583890333e-03
1.6678449619e-02
-4.4608297009e-03
1.6501245949e-02
-8.3828833845e-03
-7.5730080681e-03
-2.4955978960e-03
2.0799662687e-02
-5.3737376608e-04
-1.0782525989e-02
-6.0935961158e-03
2.8086791022e-03
5.7836843606e-04
-5.3830930590e-03
-7.6524197204e-03
-1.4515144639e-02
1.1096554722e-02
-1.1857836240e-02
7.8912260094e-03
-3.8962624273e-03
-1.4051489494e-02
5.0585887387e-03
1.8508975409e-03
4.7167785620e-03
1.0158674109e-02
1.0948001581e-03
-6.5406693237e-03
2.6607700010e-03
-2.9005166751e-03
6.6915214273e-03
6.2165293331e-03
7.4057120867e-03
9.1539590146e-03
-3.8375139602e-03
-3.6914926107e-03
1.0336757933e-02
7.7776065922e-03
2.0730124360e-02
-9.5926375570e-03
-1.4105238934e-02
-8.2777993587e-03
7.1143008372e-03
-4.5537861398e-03
1.5393220953e-02
-1.6782794182e-02
-1.6313492995e-02
1.7018647826e-02
-3.5054717255e-03
3.3154363779e-03
-9.1046815672e-03
1.5355275695e-02
1.8543025851e-02
-1.3060981396e-02
1.6381112475e-03
-3.0932765807e-03
4.4443143525e-03
6.0399708710e-03
-1.0707873139e-02
-3.5710729518e-04
-4.6434428502e-03
-5.5642318894e-03
-1.9395177280e-03
-7.0049692739e-04
1.1086603221e-02
8.3045279538e-04
1.4230402412e-02
-2.2081291606e-03
6.7156691211e-04
2.4937756499e-02
-4.2847702651e-03
-1.7106923916e-03
8.5726084350e-03
-4.2681072848e-03
2.4041978573e-02
-9.4752347604e-03
-2.1460045654e-03
-3.7795395304e-03
-1.1178794742e-03
3.0575088612e-02
7.5327752488e-03
-7.8015359653e-03
-1.1114096107e-03
-4.1907207108e-03
-3.1809871302e-04
-2.6975880857e-03
-1.2785703123e-02
-7.3765042093e-03
-1.0235407883e-04
-6.5347096114e-03
-5.3975497677e-03
9.7092175311e-03
1.7005631421e-02
2.5128289836e-03
2.8465848749e-03
-2.7605126250e-03
-1.8156254874e-02
2.1225114775e-02
-4.7048994086e-03
1.7692780604e-03
-6.5533553424e-03
-2.9943962559e-03
-1.1907722973e-03
4.7335701799e-04
-7.1109489269e-04
-1.8113806972e-03
-9.0553741888e-04
1.7565407302e-03
-3.6535383125e-03
1.4080959631e-02
-9.5112399479e-03
-4.5812602153e-03
1.8316335239e-02
1.7869063359e-02
-1.2331972678e-02
-4.2245418607e-03
4.3694208438e-03
-2.7778755379e-03
8.6170989265e-03
-8.1864009829e-03
7.1273453226e-04
-3.4221586633e-03
1.4146509860e-03
1.2935348016e-02
4.9181375281e-03
-4.5654760766e-03
5.9768815161e-03
-3.0990438723e-04
9.7359246136e-03
-2.8314932963e-03
1.8716037704e-02
8.3627482249e-04
1.6924458639e-02
-2.6726164271e-03
-7.5106947126e-03
-1.1105403043e-03
1.8525725156e-04
-3.3513885041e-03
-1.0801906743e-02
-4.9636816709e-04
1.0298488787e-03
1.8697423271e-02
1.3619592535e-02
1.4647189332e-02
-6.2900698962e-03
5.5309642163e-03
1.9162655668e-02
-1.4088292236e-02
-7.5590354879e-03
9.0884167073e-04
1.0362799546e-02
1.0496134967e-02
-2.2426211616e-03
2.0751869837e-03
-9.6756747815e-03
8.9025808832e-03
-1.9143734513e-03
-7.4812765120e-03
-1.3190463707e-02
-1.0478591283e-03
-1.7167743544e-03
5.8570930687e-03
1.9047197849e-02
7.7028232021e-03
7.9955130402e-03
-3.6045660125e-03
-1.8410729292e-03
6.2494470003e-03
-1.0359352837e-02
7.6555981441e-03
-4.7616813006e-03
-8.3314479914e-03
7.6561645147e-03
5.4356809331e-03
1.1784357811e-02
-6.9708468057e-03
-1.5679265493e-02
1.0025061613e-03
1.4264698198e-02
1.6654458273e-02
-7.5765097211e-03
4.3064191204e-03
8.3237347370e-03
1.5176404009e-02
-1.9230195903e-03
-8.1329116780e-03
-3.2071262976e-03
1.0968037640e-02
-2.3427448818e-03
-2.4922352181e-03
-1.0595190951e-02
6.3221909187e-04
1.5343288927e-02
1.2858612739e-03
1.4054932576e-03
9.8171137265e-03
3.9140781460e-03
7.3533720132e-03
-6.0943764050e-03
-1.1418098689e-02
-8.3936913938e-03
-3.7320592391e-03
2.6026412894e-02
-3.9506414623e-04
1.0346711839e-03
2.5243018710e-02
-3.7472637126e-03
-1.1907580636e-02
1.2163151646e-02
1.1541531387e-02
-5.2926640039e-03
-1.5794499350e-02
1.1362064570e-02
-1.5969944351e-03
3.2182874940e-03
4.6261159011e-03
-1.5658856231e-02
8.1989859721e-03
-2.3516082598e-03
-9.0142041637e-03
-5.3447883963e-03
7.1758723231e-04
1.9965156702e-03
-1.0223070788e-02
8.7029602038e-03
1.0554497735e-02
1.5606093883e-02
-4.7114909919e-03
-1.2236766593e-02
-1.0781001968e-02
-8.1333135372e-03
-9.9701744871e-03
-3.3267279188e-03
-3.9225189315e-03
1.5303341420e-02
-1.2579979917e-02
1.2395099467e-04
-7.4350627004e-03
1.9572146841e-02
-5.1400819672e-04
-8.8869484786e-04
7.3367894825e-04
2.4315540275e-03
-4.6737853115e-03
9.0070551202e-03
7.6440654187e-03
-1.3488778404e-02
3.2012698201e-03
9.2313383463e-03
-9.2012058984e-03
-4.1790830325e-03
1.4254751086e-03
-1.3197895397e-02
2.1953095149e-03
9.0599799285e-03
3.6598773048e-03
5.8941213580e-03
3.6606069588e-03
-2.0153777166e-03
-3.2022033892e-03
-2.9584074188e-03
1.0025184658e-02
2.9283315863e-03
-2.1237838478e-02
2.0224709128e-04
-8.7375542385e-03
2.2720278746e-02
4.2690523319e-03
-1.1192505450e-02
3.4885893459e-04
-9.2409466049e-03
1.3196783101e-02
-7.0557844110e-03
3.8267209103e-03
-5.8156308756e-03
-3.3518508497e-03
-5.4554674585e-05
-1.5209473433e-02
-1.0235463068e-02
1.1186689722e-04
5.9348855076e-04
4.1287250696e-03
1.9694027106e-02
-3.1477262888e-03
-2.6506616722e-03
1.4551749432e-03
1.3703361652e-02
6.9219903108e-03
1.6023164426e-03
-5.5946522636e-04
-1.0009564175e-02
-1.6230515715e-02
5.7595671634e-03
-1.0130959887e-02
-5.5730983841e-03
-4.3058150982e-03
-3.2742500160e-04
-8.2822421831e-03
-4.8294517790e-03
-2.1184606085e-03
6.2235423425e-03
-9.5398211363e-03
-4.7863861719e-03
5.7438936991e-03
3.1563486059e-02
1.3802455799e-02
4.4000632812e-03
8.2088352801e-04
-4.0915069384e-04
-1.2971648144e-02
1.8263453956e-02
-6.7222778484e-03
1.3787085321e-03
-4.6996603219e-03
-6.8403755327e-03
7.9658566143e-03
1.3470289844e-02
-4.2785323654e-03
1.5740549562e-03
-1.1184308459e-02
5.8148222397e-03
2.0937048977e-03
2.3451652753e-03
-9.6273757999e-03
-2.4766766669e-03
-5.9834513832e-03
-1.3366870673e-02
1.7026036683e-02
-7.3448798631e-03
4.4528366936e-03
1.7862379293e-02
-4.7388790034e-03
-1.1639113493e-02
1.1338786009e-02
-1.1990859862e-02
-9.1558208207e-03
2.9666913840e-03
-9.0771383834e-03
-7.2617015321e-03
8.1478066652e-05
-5.6514501062e-03
1.1204491342e-02
-7.0693981709e-04
1.2544359300e-03
7.8575803480e-03
-9.9911814683e-03
-2.6739041032e-03
-7.8802987271e-03
-1.7099435125e-03
8.2638227768e-03
2.1003428466e-03
-7.8443843443e-03
4.8557246984e-03
3.7091170619e-03
-7.2317370144e-04
-8.6577377057e-03
-2.1332172172e-03
1.7612242710e-02
-4.4264213536e-03
7.3146840579e-03
-6.1105262012e-03
4.7309937922e-04
7.0855765620e-03
1.0526308412e-02
1.0861925852e-02
3.1481393728e-03
-1.0344722974e-02
1.8125434413e-04
-4.3262904996e-05
-1.0333698380e-03
3.1803413617e-03
3.1435977040e-03
-3.7087301172e-03
-1.1735054690e-03
1.5291469533e-02
-1.7473194846e-02
-5.6911630382e-03
-6.9750688560e-03
1.1330802455e-03
4.4671752680e-03
-1.9871027789e-03
-3.8731027080e-03
-6.2183340296e-03
5.4226118032e-03
-1.5101967345e-02
-1.1529932861e-02
2.8785914738e-03
1.6294027108e-02
7.8318058180e-03
-9.7402714844e-03
-9.0466323048e-03
-2.9970397889e-04
-1.3070414943e-03
2.3809855807e-03
7.6456824237e-03
7.4906348881e-03
1.1237752254e-03
-9.3115883589e-03
1.4743892747e-02
7.6972711557e-03
8.3032370901e-03
2.4978660477e-03
-9.4164347051e-03
-7.4489689405e-03
7.7166363628e-04
5.7439124557e-03
1.0386058356e-02
5.8240213426e-03
5.6456438843e-03
1.0426913443e-02
3.6026166039e-03
-1.1230263758e-04
-7.2137446798e-03
-1.0251789002e-02
-9.9935991164e-03
-9.4466667736e-03
-5.8049034994e-03
-9.1435660641e-03
-1.0768536718e-02
-2.7281283272e-03
1.8063290750e-02
-1.1035143186e-02
-1.6030052313e-03
-9.1148815184e-03
-5.4745996250e-03
2.4463727698e-03
-4.9247660514e-03
2.2116632069e-03
7.4913036664e-03
-2.5843779876e-03
-1.7371579586e-02
-2.0803631242e-03
5.9041583391e-03
5.0422498961e-03
-4.0662696178e-03
7.0701725044e-03
1.1175787876e-02
-9.4484415320e-04
1.4322234252e-03
1.5383365077e-02
-1.1651486818e-02
-1.1928713182e-02
-2.8384227992e-03
1.4340745586e-03
3.3625657583e-03
-3.2752894355e-03
-8.9207424052e-03
8.1111810397e-04
-3.6747691518e-03
-9.2536599829e-03
-4.7018733895e-03
-1.0428417339e-02
1.0206776024e-03
9.9363853312e-03
4.0533939384e-03
8.5537823783e-03
-1.7576193048e-02
9.6369278688e-03
-9.0988392029e-03
-2.3000962666e-03
4.9418749981e-03
5.4016440115e-03
2.0728469573e-02
-7.6804588720e-03
-2.6024633511e-03
9.7636774447e-03
-9.8381603343e-04
1.1894485650e-02
-1.3058964237e-02
-4.9624333086e-03
3.7144194450e-03
5.9152338900e-03
3.8339518133e-03
7.5943955014e-03
-8.4576353223e-03
1.0929234637e-02
1.1531971227e-02
6.8374882813e-04
-7.2951687679e-03
-1.9110136885e-03
7.1973320817e-03
-2.5189158095e-03
1.6211357149e-03
-3.0562008174e-03
-8.8033420033e-03
4.5203682041e-02
9.2605600139e-03
1.3201624267e-02
1.0903137725e-02
-9.0658024328e-03
-6.8198841017e-04
1.3663816628e-02
1.6004611017e-02
-1.1810725405e-02
7.3021810842e-03
-1.3699067046e-02
1.9204851650e-03
-6.7798364263e-03
1.0515023974e-02
-9.8963208770e-03
-4.2120570757e-03
-2.7405734901e-03
7.6817964934e-03
-4.5071773031e-03
-6.8710005046e-03
2.3670018172e-03
-5.9085252407e-03
-1.7940023954e-03
4.6972080794e-03
-1.0378740254e-02
6.6741283797e-03
-6.2379136729e-03
-1.6348184036e-02
-5.7452214781e-03
-1.1905723012e-02
-1.0829612069e-04
8.0792852251e-03
1.0430339054e-03
-1.8175723927e-02
3.0258713220e-03
-1.0198863236e-02
-6.5367664045e-03
1.5810675872e-03
-1.0051416981e-02
-2.2289929273e-03
1.0248433833e-02
-1.8457490982e-02
4.7003122269e-03
1.0159390598e-02
-4.8588883299e-03
-4.8031849633e-03
1.6301737725e-02
3.3197368632e-03
1.6237863872e-02
6.3140958299e-04
7.6263071777e-04
-7.1757760135e-04
-3.7979368234e-03
-5.7201115853e-03
-8.8352200062e-03
1.7953899789e-03
9.1080088578e-03
-5.8706177516e-03
1.1257165069e-02
6.9520023959e-03
7.5750723886e-03
-3.2402558074e-03
6.1749780558e-05
-1.3188216615e-02
-4.3118587990e-03
-1.0517379048e-02
6.5550374168e-03
7.1519552541e-03
-8.4716437815e-03
1.2226748510e-04
-1.0953824914e-02
-1.3684462359e-02
-1.3112684804e-03
-7.9090415227e-03
1.7384453330e-03
1.9392447068e-02
-1.1409288860e-03
-1.0649388677e-02
5.9879202903e-03
-6.5710807396e-03
1.2370897057e-02
-4.6984311762e-03
2.0495124918e-03
-2.7707630972e-03
-4.2419065455e-03
1.1351549691e-03
-6.6413747771e-03
8.7088184314e-03
1.1400197339e-02
1.6188391567e-02
-4.2008349723e-03
-3.8445788383e-03
-9.4353885348e-03
-5.1079090035e-03
8.5121401959e-03
6.3537630828e-03
8.8641455621e-03
-1.5236593992e-02
-8.1595841562e-03
-2.0720433603e-03
-1.0730207318e-02
-8.8233331001e-03
1.4324926377e-03
-4.4189943130e-03
-7.0623946359e-03
-2.7243602936e-03
1.0978734414e-03
-6.5775065937e-03
-1.3414677513e-02
-5.4505858622e-03
3.3737776199e-03
1.1685071253e-02
-4.3741396619e-03
-1.1466984555e-02
-8.3615316933e-03
1.9090976552e-02
-6.3554553927e-03
1.3170798691e-02
-1.7186071183e-02
-3.4914624741e-03
-4.7644383322e-03
-6.2115800063e-03
-1.7901120413e-02
2.3813029811e-02
-1.0040063610e-02
5.9832147991e-03
2.7517535459e-03
1.2395855920e-02
-1.5055328834e-03
-1.6188413742e-02
3.3713323446e-03
1.0234739633e-02
7.3755929228e-03
-4.9460748776e-03
7.1267555894e-03
7.0135056081e-04
5.3278115530e-03
5.9766050198e-04
1.3722886018e-02
6.2944214135e-03
1.9572475762e-02
3.0287399649e-03
1.6436422905e-02
-3.5253035024e-03
-7.5302842048e-03
1.7197275660e-02
-3.1557053400e-03
-4.0285619586e-03
-2.0715668327e-02
6.0219050985e-03
1.4708961181e-02
-9.8902327057e-03
-9.5667165944e-03
-2.6057063376e-03
7.1095550895e-03
-4.9484017216e-05
1.5772253047e-02
2.0887195669e-02
-3.6490951133e-03
-9.5249799449e-04
8.7424619939e-03
-1.2488037366e-02
-7.3478639729e-03
-2.8818487874e-03
-9.3139807794e-03
-2.0772321801e-03
4.5000822650e-03
3.5564378063e-03
-6.9792296848e-03
-5.2558008012e-04
-1.9497424528e-03
-4.3830842903e-03
1.1160125860e-02
5.2189296889e-03
-1.3784344580e-02
-6.8958697820e-04
8.3192434938e-03
7.4430891052e-03
-5.1701144962e-03
-6.2978932313e-03
-7.4538898107e-03
2.0066829272e-03
7.3543836083e-03
-2.1122123335e-03
-7.6735473322e-03
-1.0136767420e-02
8.9937708374e-04
-2.1574067153e-03
2.6512306183e-03
-6.3094312081e-03
-1.4046961821e-02
6.3272777217e-03
-8.1545662799e-03
-1.9840634300e-03
-5.1651214877e-03
-1.2373688133e-03
3.9221155602e-03
-1.5824534698e-03
-8.4672219511e-03
-5.1913699089e-03
7.9929493518e-03
-1.7111727255e-02
-7.0239828611e-03
-6.8589455236e-03
-2.9187847826e-03
-1.0808905649e-02
-8.8218164424e-03
9.2757174581e-03
-4.8065467096e-03
-2.9259815927e-03
-4.2045212338e-04
-5.5257431509e-03
-1.1391253015e-02
-9.5188065431e-03
4.9679422087e-03
4.0843114530e-03
-7.7140356706e-03
3.3395420060e-03
6.5435226041e-03
-8.0417982306e-03
2.4557350554e-03
4.5916891275e-03
3.4361974647e-03
3.4266596924e-03
-1.1827053392e-03
-7.1071435696e-03
-4.3506026504e-03
1.8450839091e-04
7.4550240658e-03
3.8551929358e-03
-1.3242530715e-02
2.6776727298e-03
-6.6090695620e-03
1.5716230470e-02
1.3453109919e-02
-2.0436693967e-02
1.5097091316e-02
2.6623805222e-03
1.0712467239e-02
5.2851371882e-05
-1.0654127426e-02
-3.2733980658e-03
2.7702458304e-03
2.5306353409e-03
2.9527826264e-04
-1.5860188871e-03
3.4395255895e-03
2.3697593699e-02
-8.2733805838e-03
-2.9099523911e-03
-9.8940147818e-03
-9.3309148878e-04
-5.8104423543e-03
-1.1423663263e-02
-7.0846494579e-03
-1.2265421812e-02
-1.2418410055e-02
-1.0138907011e-02
-4.4607154434e-03
-5.1611395616e-04
1.0239307804e-02
-1.0818243919e-04
-2.3192830425e-03
2.3400404340e-03
1.6715329183e-03
1.8613789781e-02
-3.9414765234e-03
-6.1209088661e-03
-1.4218212017e-02
1.7907740286e-02
-1.0467828056e-02
-6.3470300527e-04
8.2545145330e-03
6.2850231251e-03
-1.2402376396e-02
3.7320797843e-03
-4.4921016036e-03
-3.4318600297e-03
-7.5976253072e-03
-8.2504731656e-03
-1.6462476348e-03
3.1034504601e-04
5.0248694284e-03
2.3247714411e-02
2.7571996317e-03
3.0904362046e-02
2.2192588206e-02
-2.8085142747e-03
-2.3531103450e-03
-4.7442670270e-03
-1.1004296173e-02
-1.2451069993e-02
6.8489972698e-04
1.3724015386e-04
1.0026444355e-03
-2.8350095003e-03
-1.1528018771e-02
1.0460226769e-03
-6.4101142685e-03
-8.6453778915e-03
3.5378504166e-03
8.6623050323e-03
4.2254217884e-03
-3.9313263036e-03
1.4712610475e-03
7.7938479380e-03
-7.4975298006e-03
1.2329769622e-03
2.0157542821e-02
5.4977686925e-03
-1.6539072891e-03
-5.0323957389e-03
6.3911129387e-03
3.7017103178e-03
8.5957064497e-04
9.1239611714e-04
2.5425640291e-02
1.4289106506e-02
1.1314999199e-02
-8.6908116986e-03
-1.7473102360e-03
-6.7776649553e-03
4.0406535703e-03
1.7278560385e-03
-1.7275988312e-03
2.0157708043e-04
-6.2731065564e-03
7.2779148160e-03
-4.7205207829e-03
-1.7454874664e-03
-8.3651616702e-03
2.0823778601e-02
-1.5927877821e-02
3.1360156801e-03
6.1400336670e-03
3.1934071191e-03
7.8820497306e-04
2.8941314580e-03
-4.1937434745e-03
5.4806749873e-03
2.0849046708e-02
-8.8821874321e-03
-7.6784377008e-03
3.6840013780e-03
-1.7961851538e-03
8.6446023713e-03
-2.5690554124e-03
2.1819823044e-03
-1.0659932827e-02
-1.4549097117e-03
-2.9071838760e-03
8.3112393708e-05
1.2267956293e-03
1.3745128136e-02
-2.8120100823e-03
2.1125624862e-02
-7.9386610344e-04
1.0319820566e-04
-7.2029412862e-03
-9.6324883390e-03
2.4320798609e-03
3.5542225983e-03
-6.6824230453e-03
-6.4207876402e-03
-9.7322359019e-03
1.0551233165e-02
-9.2452189587e-03
-8.5293508165e-03
-1.0887468002e-02
-3.3575059936e-03
8.3941793893e-03
-4.1033113869e-03
7.0028509263e-03
8.8699919878e-03
-6.6931619319e-03
-2.2736330304e-03
-2.5753998895e-04
2.1961882909e-02
-2.0119780505e-03
-7.4410270695e-03
-3.1113291064e-03
8.6157874515e-04
-8.7894142497e-03
9.0862118491e-03
-8.2680887293e-03
-5.2683976822e-04
-8.8392120629e-03
1.1055262827e-02
-2.7036574187e-03
-1.2097850584e-02
1.0027892042e-02
-1.9965120516e-03
4.0092808893e-03
1.2281280475e-02
-4.1041380747e-03
2.7531919258e-03
5.5225704845e-03
-3.4108597906e-03
-4.2015962522e-03
4.6409036532e-03
2.5589689940e-03
-2.2524362000e-04
3.1123278704e-04
1.5334404699e-03
-1.1419482776e-02
6.4979884646e-04
1.0941699629e-02
1.6900359352e-02
-7.2053133703e-03
2.7873897861e-03
1.9127016266e-03
1.3480878419e-02
-2.0231748560e-03
9.0288470321e-03
-1.0113440444e-02
4.4921909533e-03
3.7759806069e-03
-4.6342153711e-04
1.7145081248e-02
-6.6845789662e-03
-1.1902426304e-02
1.4749030767e-02
-6.7557068931e-03
-6.2228065720e-03
6.3031283208e-03
-3.4738720697e-03
-2.0358912471e-03
-2.4626558435e-03
-4.0865968952e-03
1.5200216716e-02
-7.1571429994e-03
2.2896809996e-03
-3.4754266717e-04
1.1617904787e-02
-3.2133450295e-03
8.0400297403e-03
6.1482667484e-03
-6.5439890924e-03
3.3066507835e-03
-5.8400371174e-03
-1.5045423254e-02
1.5119926992e-02
1.9072937693e-03
-4.9534589567e-03
2.0827567665e-02
-5.7018765922e-03
-2.5520857497e-03
1.0278259146e-02
-8.7364742712e-03
-3.1380926656e-03
-1.1371870886e-02
-9.1185360651e-03
6.5894719553e-03
-8.8806104499e-03
-1.1190475391e-02
-1.0411156182e-02
1.8625587829e-03
-8.9837718599e-03
-1.3744462964e-02
1.1959044194e-03
-1.2373531104e-02
1.6269085977e-02
-8.3240941496e-03
-3.8981927946e-03
8.6349593027e-04
-3.6267008927e-04
-2.4867560427e-03
1.1410415277e-03
-5.3530564494e-03
-9.0876871540e-03
-1.3651122795e-02
-3.8963676993e-03
-1.1506785167e-03
-4.5819685830e-04
1.8132835458e-03
1.4062266701e-03
-9.2675449413e-04
3.8661066845e-03
8.1391401117e-03
6.0241614385e-03
-2.7596743943e-03
-9.3035848871e-03
-2.4950347591e-04
-4.9745885680e-03
-9.8314549296e-03
3.4150321636e-03
-8.8071878483e-03
-1.3040280541e-02
1.1546982971e-03
-6.0476012766e-03
-4.3401564188e-03
1.6859509874e-03
-1.3123880269e-02
-8.9289889368e-03
-4.8617975065e-03
-9.2287251675e-03
1.5170467584e-04
1.6608334996e-02
-4.4701346131e-03
-8.8447780167e-03
9.4704543356e-03
-3.2281858515e-03
3.1864318905e-04
-1.0084763682e-02
-1.4320990243e-02
8.8004000816e-03
-3.1903458595e-03
-1.7299487822e-03
8.4986621663e-03
-1.0161229726e-02
-7.7066635331e-03
4.1023193408e-03
1.3460769097e-02
-6.9182639552e-03
1.0160378428e-03
1.4227557719e-03
-7.3698400318e-03
-8.7314401237e-03
1.2979084262e-02
-3.4447275025e-03
1.3638042420e-02
2.7231488004e-03
-2.0452399294e-03
3.2421111654e-05
-9.8705083953e-03
-1.2256465804e-03
-1.1453168664e-02
-6.2406242652e-03
-1.1467654907e-02
-1.1833805756e-02
1.5092490183e-03
3.5121824100e-03
-2.9778402431e-03
-5.0571015584e-03
-2.3816732643e-03
-4.2013194671e-03
-9.7525067108e-04
-5.9077405713e-03
-7.2370172270e-03
2.5985787526e-03
1.6433565255e-03
2.4130485770e-03
-1.0725098147e-02
6.6977037184e-03
2.3403557958e-03
3.3499517869e-03
-1.3276223773e-02
2.3187082719e-03
-3.3797983170e-03
3.3529131174e-03
-1.0185647860e-02
5.2479201651e-03
8.1437498729e-03
2.5498731138e-02
-6.7244539763e-03
2.1010677572e-02
-1.5214351534e-02
-3.6649930956e-03
-6.3317387394e-03
-9.2567476410e-03
-1.4470440874e-02
1.0100244353e-02
-4.3610426458e-03
-5.5705791662e-04
-7.6509334948e-03
1.5000135212e-02
1.3188995651e-02
-1.1969206208e-02
1.9767711372e-02
-7.6378697665e-03
-4.1247153285e-03
-2.6467676949e-03
-1.4508165851e-03
-5.6425157526e-03
-3.7713110440e-03
1.2885034898e-02
4.5318835926e-03
2.6144182281e-02
-6.6638614747e-03
-1.0620290617e-02
-2.6301704743e-03
-7.2744448435e-03
-2.7038767605e-03
1.6976666104e-02
-4.7718132846e-03
1.7273535720e-02
1.3244949019e-03
-1.1991221443e-03
-9.5762897193e-03
-2.5324568438e-03
-5.6055630754e-03
-2.2363746380e-03
6.7264330042e-03
5.1285025114e-03
1.3924781566e-02
-6.4859062928e-03
8.3960805031e-04
6.0929549022e-03
-1.3228769335e-02
1.0079646820e-02
1.8885999318e-03
8.0978923230e-03
-1.7519028079e-02
2.1538144490e-03
1.0074421953e-02
-5.4355938736e-03
-1.4975109932e-03
2.2363514934e-03
4.9943974879e-03
1.3082422848e-02
-1.6411898134e-02
5.6802707638e-03
-3.0420837339e-03
-1.0491936332e-05
1.8960787444e-02
1.4060709955e-03
-5.5800471880e-03
-1.3056611107e-02
-1.0118857741e-02
4.3693849556e-03
2.7130421133e-02
-4.8812056301e-03
3.3304807331e-03
5.0311649798e-03
-6.1840519158e-03
1.2053027152e-02
1.6464462358e-02
-8.2653818589e-03
-4.1402013381e-03
-1.4176375277e-02
-1.1361670606e-03
3.0284076329e-03
9.5232105869e-04
2.0402612181e-04
-5.1672695928e-03
-1.0753125215e-02
-8.3161337158e-03
6.9694554364e-04
-4.3924881217e-03
-9.0089725391e-03
9.8823583579e-03
8.8893185590e-03
3.0377376527e-03
2.0692586951e-03
-2.0121896921e-02
3.0438622335e-03
-4.7534831978e-03
-2.9755868087e-04
-1.1267209871e-02
-7.8137989311e-03
-3.9575683295e-03
5.4845021141e-03
1.0576995854e-02
5.4237317247e-03
4.1610047595e-03
-4.7423440460e-03
-1.6583563800e-02
-8.6958314038e-04
-8.8856470500e-03
-2.5449688250e-03
-6.5483743681e-03
-9.7151155594e-03
8.7948878005e-03
1.3077582069e-03
2.7006398604e-03
9.1205031802e-03
3.8552183167e-03
-9.6849431618e-03
1.3336446228e-03
-9.3624969879e-03
-2.6919832792e-03
-7.0557965531e-04
-1.2649537844e-02
6.2751032663e-04
-9.1414446720e-03
1.0204125241e-02
-7.8508206020e-03
1.2284470223e-02
-1.2167204299e-02
-5.1054252087e-03
-1.3906694991e-02
-1.9933663992e-03
-8.9480872842e-03
6.4469268520e-03
-4.2586116341e-03
2.3631483473e-03
-2.4145913159e-03
6.8559209113e-03
5.9571931858e-03
5.2299313473e-03
-5.6399712179e-03
7.4515538034e-03
2.3349883413e-03
-4.3425201191e-03
-1.3890371693e-02
-9.8584216427e-03
-8.8233659523e-03
-1.1005248825e-02
-1.1064617072e-02
1.5329163724e-02
1.3923716690e-02
-1.3503894255e-03
-2.6013266288e-03
4.9785012993e-03
6.2600727278e-03
-6.8052308628e-03
-3.8789694602e-03
2.0559422044e-03
-1.0025595589e-02
1.6247208826e-02
-2.3344028577e-03
-2.5474816616e-03
-2.9121863653e-03
-8.3389659289e-03
-2.0385740253e-02
-3.1822998925e-03
1.3319486879e-02
6.8792881227e-03
-3.1948490814e-03
-4.1026962175e-03
1.6737300820e-03
-6.1205214251e-03
-5.0663211236e-03
-1.4148998455e-02
1.4141507341e-02
-9.6475427240e-05
1.4637675470e-03
-8.4171448850e-03
-5.2831756327e-04
-7.2198525259e-03
3.8164111263e-03
-8.8652170994e-03
3.4109069068e-02
1.8722479439e-02
1.4984580353e-02
-1.1295577035e-02
1.0812817071e-02
-2.6819386711e-03
6.6333859025e-03
1.8799537564e-03
5.7861791850e-03
-1.9557600982e-03
-2.4688715123e-03
9.7757159164e-03
1.0529642879e-02
-1.6466471182e-03
-1.2839360222e-02
-8.3588279905e-03
-6.3228355155e-03
-5.1991260586e-03
-7.4004041208e-03
8.8472590792e-03
1.2165255843e-02
-3.4390153458e-03
-9.2435974218e-04
-4.7375056337e-03
-3.8776079555e-03
-4.3587441956e-03
-1.3973761324e-02
6.7603450428e-03
5.3751748734e-03
1.6795529745e-03
-1.3078415008e-03
-2.3860674277e-04
-3.2594207713e-04
2.5135507236e-03
9.0195745645e-03
-1.7438737718e-03
-2.0573889860e-03
1.8444206554e-02
-5.9522107937e-03
1.3487581042e-02
4.7160122859e-03
6.5665559204e-03
-6.5971797807e-03
-7.7619660798e-03
6.9698592973e-03
1.0875053844e-02
6.7127114014e-03
1.5202597391e-02
-5.0537586902e-03
2.3303027309e-02
5.9239831158e-04
-8.0925367636e-03
2.0561266466e-02
-1.3113649287e-02
8.5146571237e-04
6.0317434529e-03
-2.6757549341e-03
-3.1546034716e-03
-2.5005355627e-03
4.8634123476e-03
-1.9708918433e-03
-1.0044459255e-02
1.2054671846e-02
9.5047029097e-03
-2.6402392374e-03
-3.5551622797e-03
-1.8103849954e-02
4.1449617183e-03
2.1467648953e-03
-3.3039079427e-03
-1.2629194781e-03
1.7375055237e-02
3.8226010876e-03
2.5798552978e-02
-5.5242038125e-03
1.1171411045e-03
4.2041625320e-03
3.2950995630e-03
-5.2535263083e-03
-6.9623648514e-03
-7.7136431923e-03
1.3875733090e-02
-1.0288784372e-03
1.7219390248e-02
1.9246671851e-03
2.2102971072e-03
-2.5497245958e-04
-5.2207679305e-03
5.5864292294e-04
2.2505570868e-02
-1.0371895722e-02
2.2387779691e-02
-6.0908701231e-04
2.2579717052e-02
9.8578838085e-03
1.2207587848e-03
-2.8663788795e-03
7.3844775106e-03
-1.3068347145e-02
4.2042754432e-03
-7.8207796936e-03
4.6790064669e-03
3.9619280220e-03
1.1340115499e-03
8.2593530710e-04
-2.8278234603e-03
-9.3616561714e-03
9.6942585997e-03
1.6463168397e-02
5.3489941825e-03
6.0316297872e-03
-4.9124207565e-03
-9.5425732354e-03
3.4689341234e-03
5.4022194044e-03
1.2971900963e-04
-6.3539477020e-03
-1.2594008729e-02
1.3226425568e-02
-3.4741246892e-03
-1.0815856530e-02
-2.1736373417e-04
3.4407105338e-03
-5.5944815744e-03
2.0003959839e-02
-1.5403297900e-03
7.3347633648e-03
4.2781040357e-03
-6.6766154971e-03
-9.2539675401e-03
6.7223464372e-03
-9.8233921448e-03
9.2358048040e-03
-7.5554923160e-03
-5.3767625093e-03
-9.9696827288e-04
2.6428024392e-02
6.8556048422e-04
8.7872653238e-03
-4.4064987091e-03
1.0115125374e-03
-7.6227112869e-03
1.3822244751e-02
8.2980946866e-03
9.0306987257e-03
-1.1952127241e-02
8.5572732269e-03
3.7794824445e-03
-5.4360366059e-03
8.1526314483e-03
-1.4782279384e-03
5.3285250310e-03
-2.4445919667e-03
-1.3136348478e-03
-7.9417880498e-03
-9.5144734120e-03
1.0581792602e-02
-1.2334883561e-02
3.7761442628e-03
4.0717188621e-03
-6.3698624092e-03
2.8363570614e-02
-4.8637105620e-04
9.5356132334e-04
3.6974540107e-03
1.4949076172e-03
4.4156506097e-03
-7.9135240715e-03
-6.3454511601e-03
7.8820521625e-03
-1.0007735537e-02
-8.1955331398e-03
-7.0660158077e-05
-4.7250217819e-03
2.3213516798e-03
-1.0800508402e-02
-7.0140934236e-04
-1.1275748564e-02
-1.8537102479e-03
-1.0227089730e-02
-7.2855284872e-03
3.5180969619e-03
8.3166146617e-03
-2.3465278514e-03
5.5112867179e-03
2.1658091381e-03
-5.6730532807e-03
2.5745038073e-03
-2.3020151570e-03
4.6042901008e-03
-4.9078019898e-03
-3.6706025110e-03
3.0236253944e-02
2.7456606536e-03
7.6377359128e-03
6.2453103394e-03
2.2200802586e-02
2.1379059287e-03
1.2544631997e-02
-8.6391809402e-03
3.9342046400e-03
-3.3227324237e-04
-1.1783345750e-03
2.2526366592e-02
-3.1560355081e-03
7.1231926368e-03
-4.6783569967e-03
5.4240571421e-04
-5.3541741122e-03
5.8032759685e-03
8.1574868716e-03
-5.1085748341e-03
-1.4456738513e-02
-5.9301377707e-03
1.6095915855e-02
3.5496291302e-03
1.9051763381e-03
2.6425082228e-02
9.3587362236e-03
9.6106683015e-04
-2.4267369219e-03
-6.5941220294e-03
8.4325774117e-03
-6.1506275879e-03
-1.1015591044e-02
5.0791534543e-03
9.5182395134e-04
-3.9284475002e-03
5.6104405093e-03
-2.5456293213e-04
2.2911439957e-03
4.4910775686e-03
7.5874186908e-04
-1.0907277606e-02
-3.8426037709e-03
9.6486689021e-03
-3.5446362897e-03
-8.8653483821e-03
-1.1462859986e-02
-7.5016171255e-03
2.1646750866e-02
2.7628128805e-02
4.9504299061e-04
2.5377239677e-02
2.7526074623e-02
1.3366379852e-03
-9.4906526723e-03
-5.0509228567e-03
3.4206193277e-03
4.1900425863e-03
3.7994744510e-03
2.5772107049e-03
7.7087586925e-03
9.9956352641e-04
-1.1863081129e-02
-8.5355483168e-03
3.9542123602e-03
5.5383171380e-03
2.5121590530e-03
-2.1748319447e-03
-1.0367731566e-02
-2.7933199442e-03
-1.9548763303e-03
-9.6181688992e-03
7.9885006573e-04
9.4374158366e-03
-4.6439059282e-03
-3.1887774635e-03
-1.7487604131e-03
-4.1248763421e-03
-2.9057727794e-03
8.5111208791e-03
-5.3012309373e-04
-5.5903752768e-03
-1.2902201498e-02
-7.3372370536e-03
1.6144164975e-03
6.3865007711e-03
3.6858392781e-03
9.0399197009e-03
1.8009238639e-02
-1.0988787322e-02
-7.9378802253e-03
2.9718213634e-02
1.8449085559e-02
-6.9746593905e-03
5.2786403539e-03
1.3424402343e-02
-3.1924480012e-03
7.7857400554e-03
6.8467893765e-03
5.8552019238e-03
-1.9030516607e-03
-3.6188945108e-03
-8.5194485639e-03
-5.3572922821e-03
-9.4152467437e-03
9.9481658748e-03
-2.3385179162e-03
-5.1325755048e-03
5.8636127951e-04
1.8578795583e-02
-9.4277228900e-03
6.0451687250e-03
-2.6419682131e-03
-1.0449524366e-02
-1.9087172750e-03
3.3983764312e-03
2.1632874740e-02
-2.9384620586e-03
-1.8236638768e-03
6.7291327935e-03
-8.1623960406e-03
-1.8455318826e-02
2.8074462305e-03
1.9905432360e-02
2.5426347606e-04
1.0792970779e-02
2.3213510300e-02
2.5958453810e-03
-8.7115287384e-03
2.2619299623e-03
1.3329950766e-02
-5.6330443679e-03
1.0024911228e-02
-3.6507452820e-03
2.2818161056e-03
-6.2826061135e-03
3.6765414657e-03
1.6844723691e-03
-4.9450451496e-04
-4.6974494590e-03
-3.9065189780e-03
-7.1179055363e-04
-8.6034106539e-04
-1.0148106026e-02
8.0947109682e-03
6.5627127660e-04
-7.4798683860e-03
4.6168295216e-03
5.4120203365e-03
-6.5525281025e-03
6.1388718468e-03
1.8272054946e-02
-3.2366359097e-03
-1.4993115609e-02
-4.8689392654e-03
1.2784245052e-02
-5.9174501789e-03
-9.5114658402e-03
-7.9284298081e-03
1.2874498402e-04
-1.2220780422e-02
4.4490857823e-03
1.0898565687e-02
1.0127429950e-02
1.1492774237e-04
3.1873711004e-03
1.5090471893e-02
-9.2811550514e-03
-2.3691087297e-03
-2.3669060817e-03
-8.1629790698e-03
2.6105301649e-02
-3.5081002904e-03
1.0353232011e-02
-2.8845709143e-03
1.7649348880e-03
-7.6947958851e-04
1.1872919055e-02
-4.8845572182e-03
4.7897664648e-03
-1.0149869775e-02
-1.0550418472e-02
7.1724581814e-03
8.2624874432e-04
-3.5992242577e-03
-1.8699988987e-03
-3.7212213151e-04
-1.4261559300e-02
3.1380337764e-03
-1.6273796945e-02
-6.5146153234e-03
1.5270020429e-03
-4.4099674121e-04
1.5245920307e-02
-2.8595310655e-03
5.9788161502e-03
2.3360496544e-02
1.0584159366e-02
-1.9890427834e-03
1.7947953271e-02
-4.5312046906e-03
-6.9308718211e-03
5.0633100701e-03
3.6355353347e-03
-4.6493438742e-03
1.1436880685e-02
6.0919813497e-03
2.7844186614e-03
1.9251790540e-03
-1.3072596057e-03
-2.3982851784e-03
-3.8492626088e-03
-3.0494942465e-03
-9.5822362821e-03
-5.6291866177e-03
-7.4142214552e-03
-6.0352286019e-03
2.4901241272e-03
-1.4309062043e-03
4.9152923857e-03
3.8043197947e-03
-8.8212540812e-03
-8.1370255517e-03
9.6101185903e-03
-4.3355392357e-03
-5.7540740785e-03
-1.1780116224e-02
7.3853678516e-03
-5.5427841316e-03
-3.3815747421e-03
-7.7264616367e-03
6.3608946506e-03
-9.5095694176e-03
1.1327524789e-02
-1.0971357007e-02
-1.6654941524e-03
-1.0270526479e-03
4.5181446748e-04
2.1728252076e-02
-1.2909511206e-02
1.2245415125e-02
-1.7736081258e-03
9.3351507743e-03
-1.9504446421e-03
1.4235273484e-02
3.9906924490e-03
5.9249149121e-04
-1.1960466051e-02
2.0273403061e-03
-3.3310953992e-03
-1.5143884983e-03
2.6831164371e-02
5.6761973973e-03
-2.9427797155e-03
-1.0008743450e-02
-1.1032301579e-02
1.6614996643e-03
-6.3366071260e-03
5.4734793995e-03
-6.2620245492e-03
2.2889107783e-02
-1.4822130151e-03
1.2750118266e-02
1.6895278060e-03
1.0490347561e-03
1.5826492619e-02
-7.5880893408e-04
-5.9466438835e-03
-7.1938547059e-03
4.0952308810e-03
-8.7337262688e-03
6.2676627537e-03
-1.2732352229e-02
2.5733603747e-03
-6.2456175601e-03
-1.2306505746e-02
3.2447125491e-03
2.0002551654e-02
-2.3021939482e-03
-7.5465063869e-03
-2.6350418328e-04
-8.4142264183e-03
2.3882427112e-03
1.8319155230e-03
7.8241318115e-04
-9.0115077545e-03
-5.7451525382e-03
4.4360667342e-03
-6.3871485231e-03
-1.0600797526e-03
-1.5930578616e-02
1.3767414813e-02
-6.6942849523e-03
2.0246387649e-03
1.8994997010e-02
-7.7763145103e-03
-7.9754260677e-03
5.3220669757e-04
-8.1609509067e-04
2.2429047680e-03
-4.7970034104e-03
4.6670748459e-03
8.1321473221e-03
2.4525531202e-02
6.5195864289e-03
-9.1612822526e-03
5.5445803076e-03
9.8459239166e-03
-3.2036159884e-03
-3.7668092359e-03
3.5194023128e-03
3.4728967747e-04
-4.9614953834e-03
1.3387052635e-02
1.0319794380e-02
-3.4612420109e-03
1.2738881252e-02
-1.0620086059e-02
-1.6793932515e-04
-4.0848030096e-03
2.3325269579e-03
-7.7237655717e-03
-2.1447984275e-04
-7.2667167131e-03
-1.1473640629e-02
-1.1760308855e-02
-5.5939274248e-03
4.2997506530e-03
5.9453007021e-03
-2.8726858433e-03
-1.2079823221e-02
6.0036070428e-03
6.0107254326e-03
1.6826931572e-02
-3.1433018843e-04
-4.4839774407e-03
-2.6719319712e-03
-4.4713766061e-03
3.3716318642e-02
-2.8129620581e-03
7.3305316358e-04
3.6813062837e-02
1.0255024774e-02
6.9333120600e-03
-6.0457553954e-03
-6.8153545410e-03
5.5315655943e-05
-1.2434049708e-02
-1.0206666077e-02
3.4868374749e-02
1.1949972049e-03
-3.1489872498e-03
-9.6659016404e-03
8.4914421602e-05
-5.6060451170e-03
-6.9337697449e-03
1.6556223780e-02
-5.4605409502e-04
7.2619759515e-03
-5.2665080169e-03
1.9099737416e-02
7.5034390846e-03
8.2420860010e-03
-1.3129632745e-02
-3.5806146669e-03
3.1220952688e-02
-4.8673600259e-03
-7.7897013471e-03
2.6962723342e-03
-1.0031514168e-02
-1.2911250826e-02
8.0306748198e-03
-3.0991828342e-03
5.1175683364e-03
-3.5957885799e-03
-7.5932489009e-03
-9.2618172002e-03
2.2758610954e-03
-6.2444702945e-03
-3.8168441350e-03
-1.3188867092e-02
-7.0385690278e-03
-3.0937092801e-03
1.3101659928e-02
7.5413282437e-03
2.0559924387e-02
-1.1726300351e-03
-4.1665876722e-03
7.3303402235e-03
-9.8405696697e-03
-1.7934360885e-02
1.5441721834e-03
-2.9858839249e-04
-8.0026964455e-03
-1.1973197468e-02
8.6375987160e-04
9.8852446120e-03
-7.2290547633e-03
-8.6299940017e-03
1.4285710282e-03
1.1874312235e-02
-1.1585837912e-03
-5.4250838331e-04
1.0019014617e-02
-1.4366807052e-02
8.9503271904e-03
-3.0027917050e-04
2.2534225697e-03
-7.1290528479e-03
-1.2968958068e-02
1.7851677358e-02
-5.8565248715e-03
7.7789310256e-03
2.9116939112e-03
-2.7100515032e-04
-7.3918921047e-03
-1.8255708356e-04
-9.9356336837e-03
1.2258941019e-02
8.5608655231e-03
-1.6116498858e-03
-9.1398898589e-03
-9.8449916905e-03
2.7702310735e-03
1.3454215669e-03
-7.5966368332e-03
5.1497335145e-03
-2.8757805285e-04
-7.7447898488e-03
1.9824427707e-02
-1.5117438849e-02
7.4077748161e-03
3.0066266482e-02
-1.2945341695e-02
-4.5823785678e-03
-1.2487500893e-04
1.0772465454e-02
-1.3342179494e-02
1.4883479665e-02
-9.8366441841e-03
-1.0545244847e-02
-2.1487579007e-03
-1.2491565023e-02
-4.2110931205e-03
-1.6748092209e-03
-1.8018338762e-03
-8.6730927643e-03
3.9758679569e-03
3.1869942959e-03
-3.2164682575e-03
2.0136691511e-03
-7.1041928774e-03
2.1811771939e-03
2.2333862317e-03
-9.2705894655e-04
9.7155918474e-03
2.2575117414e-03
-8.9072719805e-03
3.2217609867e-03
-5.8537299066e-03
5.1432783811e-03
3.2442137527e-03
1.9172003727e-02
-3.3995813766e-03
8.1691648731e-03
-2.1428523326e-03
-1.1457943638e-02
-1.1231785268e-02
-7.8658849274e-03
4.0688527862e-03
1.5352014205e-02
-8.7590361446e-03
-1.1949381661e-02
7.5656903150e-03
-1.4505665386e-02
-8.5136683372e-03
-1.7247567333e-02
5.4379056345e-04
7.5346997305e-03
2.6570014509e-03
-6.0974647377e-03
1.0438095846e-02
1.2086093541e-02
-8.1263872760e-03
-2.2428662930e-03
-7.5487036303e-03
-3.8941876548e-03
6.5277739950e-03
-8.2333097946e-03
9.2462550366e-03
7.1142565477e-03
1.6636952968e-02
5.4888574426e-04
-1.5318291927e-03
-1.0605275507e-02
-2.6726482238e-03
1.2105497804e-02
-1.3805356064e-02
5.8432119684e-03
5.0207457190e-03
-3.1898315305e-03
-2.4710286018e-06
-7.6531365263e-03
-1.1054458553e-02
9.0242003592e-03
-1.3499295963e-03
-5.1010465332e-03
2.4598248666e-03
-1.7876904055e-04
-1.5534934285e-03
-2.6798970344e-03
2.9690270028e-03
6.8143961517e-03
-4.9801593774e-03
-7.4552137810e-03
1.5935191009e-02
-3.6938542325e-04
7.4640213270e-03
-9.3448539350e-04
-9.1359362819e-03
4.3034509030e-03
6.4966416009e-03
7.1269914609e-04
-6.4075943695e-04
2.9544626131e-02
-8.5844060616e-03
4.6717604268e-03
3.5314660606e-03
-4.5867497768e-03
-6.4188646089e-03
-4.9371048388e-03
-9.3562591175e-03
-5.9267849531e-03
-9.2914381150e-04
-1.1354681261e-02
-4.3357808838e-03
3.6008790671e-03
3.3120600272e-03
-1.5403033021e-03
-1.8503489539e-03
2.3764488265e-02
6.1423377912e-03
1.4631761395e-02
2.3268822910e-03
-4.4987010656e-05
-9.7549659748e-03
1.4406071332e-02
2.4097859830e-02
-4.3931323805e-03
5.0138982689e-03
3.7575692839e-03
5.9991784505e-03
-1.4939053856e-02
-2.1449348646e-03
2.6293888742e-03
6.0696670675e-03
2.2624451886e-02
-2.4356946420e-04
1.8104182925e-02
-4.4347583185e-03
-6.8056848457e-03
1.3032771773e-03
4.1625479661e-03
1.0235139973e-02
1.3021260461e-02
9.9798785774e-04
-7.5173306425e-03
1.2005949544e-02
-4.1409268095e-03
2.3552999516e-02
-5.2641189934e-03
-8.0724952987e-03
9.0321446148e-03
-1.5021042442e-02
-9.6119457073e-03
-2.1335765288e-03
-6.4373866081e-04
7.8638101716e-03
-2.4154991109e-04
-5.2656354041e-03
-1.2195215613e-02
3.1904878662e-03
-7.5059619495e-03
4.3541393496e-03
3.1671030396e-02
-6.4611144058e-03
-7.8524077749e-03
1.1468499128e-02
5.6507578275e-03
-4.1817842903e-03
1.4912147393e-03
-7.9964737610e-03
-8.1539317933e-03
-1.0764320980e-02
2.4026221862e-03
1.3753678145e-02
1.3939054582e-03
-2.0592389801e-03
2.0576094035e-03
3.3671288238e-03
-1.4471670762e-02
-1.3030583670e-02
4.0354690315e-03
-8.9712222219e-03
1.3704170343e-02
6.2007623033e-03
4.8235789949e-04
-3.5839730484e-03
1.2060076709e-02
-3.1307777495e-03
-1.1373952082e-02
-8.7510704553e-04
6.9746852966e-03
-5.4155827698e-03
2.6889306339e-03
4.8150671303e-03
5.9502689030e-05
-4.6322361623e-03
-1.0110179211e-03
1.6480588822e-04
9.5084633887e-03
4.9437038086e-03
1.6104190270e-02
5.5041052447e-03
8.5964182251e-03
6.7383529800e-03
3.2772200879e-03
-1.6843382983e-03
1.2931588800e-03
-1.8569161404e-03
-1.0300391731e-02
5.0524551228e-03
-5.3699369753e-03
1.0141331428e-02
1.2529496692e-02
-6.0705817125e-04
-5.6015170470e-03
-6.4405144587e-03
-1.0988307975e-02
8.9825930390e-03
4.1382548136e-04
2.5685241066e-02
-5.2966395936e-03
7.2642564748e-03
-9.2849825235e-03
-1.1113115116e-02
-3.9921957425e-03
-1.1345078845e-02
-3.0245773848e-03
5.6185132857e-03
-9.5173816006e-03
1.4129359738e-02
-7.6560813161e-03
-7.0879708751e-03
-1.8138842220e-03
-1.3856048881e-03
8.4245452781e-03
-9.4825247060e-03
4.3091685367e-03
-1.5054042497e-03
1.6394152583e-02
4.3829286231e-03
3.1606235314e-04
1.6219280972e-04
-9.6605724458e-03
-3.7150394560e-04
4.7977237661e-03
1.2960764776e-02
-9.0535310046e-03
-1.2674302515e-02
-5.2430834381e-03
-8.4373129420e-03
1.8371391682e-02
4.1195042021e-03
1.0641343953e-02
1.7820835782e-03
-6.8245026164e-03
6.2944966073e-03
2.8083349356e-03
8.8633586036e-04
-7.7253094569e-03
-6.6869678793e-03
1.0892514216e-02
1.2498419323e-03
-4.3467648639e-03
-1.1157979041e-02
-1.2076682068e-02
-1.1290992656e-02
-1.4153154704e-02
-4.1557189045e-03
9.6359046848e-03
1.0857729592e-02
-6.1855605426e-03
3.5592487518e-03
-1.0952363353e-02
-5.4929156647e-03
5.2353243894e-04
5.1312103424e-03
-6.0759427959e-03
1.7633473842e-02
2.4286138698e-02
-1.0065057055e-02
-9.1167333433e-03
-1.6422790358e-03
-8.8176016857e-03
-1.1496012036e-03
-2.5582843345e-03
-1.0546120080e-03
-5.8521318988e-03
-8.0313603962e-03
6.6634415284e-04
5.2377782703e-05
2.7314055526e-02
-5.7794903572e-03
-1.4806116735e-03
1.5159957796e-02
-1.6626751206e-02
-9.0922325038e-03
2.7485568247e-02
-9.0330546735e-03
1.8512683188e-02
-8.3334764566e-04
4.7689173629e-03
4.7943262604e-03
4.5972755365e-03
-1.5033003711e-03
-4.4768006496e-03
-4.4885538133e-03
-4.0380321736e-03
-8.9004410399e-03
-2.2836782437e-03
-1.1069461166e-02
-1.1332230687e-02
-1.1244836071e-02
1.6184671232e-02
7.9000446398e-04
8.2758674058e-03
-5.6194633100e-03
-1.1555249135e-02
-1.2269348910e-02
-9.2007146896e-04
2.4753349753e-03
3.9675523651e-03
4.7609996275e-03
1.0821376901e-02
-3.5299956098e-03
-6.5695423680e-03
-1.0199036409e-02
-1.4882122213e-02
5.5914997908e-03
-6.1452778748e-03
-1.3289385893e-02
6.0688411898e-03
1.3096939537e-02
4.7161582014e-03
-8.9773373312e-05
-9.9025599858e-03
6.7903237116e-03
4.8664644734e-03
-7.0932405627e-03
1.4276676559e-03
-1.0804773711e-02
-1.4860607726e-02
1.1206221770e-02
8.7844565452e-03
1.2083480571e-03
2.5310858886e-03
4.5150204446e-03
-7.7081991822e-03
-9.7467365354e-04
-5.1215650410e-03
-6.0009879858e-03
1.4488467538e-02
2.2846803739e-03
6.2822192193e-04
-4.6686022260e-03
-9.8782115209e-04
1.1006269294e-03
2.5654285123e-03
-1.1150938946e-03
-8.3959614129e-03
-1.3322498615e-02
-4.5396323074e-03
-1.0221731310e-02
-7.4594989878e-03
6.7410215923e-03
-3.7124913242e-03
-2.7089509386e-03
-6.3293375115e-03
6.0843136508e-03
-8.7709514939e-03
8.5006534350e-04
5.5553174516e-03
-7.1433814459e-06
-8.0271782108e-03
-1.0855830096e-03
-5.5615723985e-03
-4.0100045246e-03
-9.5916281247e-03
-1.8262636310e-02
6.8021320756e-03
-3.2830388014e-03
-2.0709509284e-03
-2.0316212176e-03
1.8432269884e-03
-2.1854755016e-03
-3.4788699074e-03
5.4448113459e-03
4.8118722116e-03
1.0713934713e-02
-5.5572142582e-03
-1.0046640456e-02
-6.1851700979e-03
-2.4681856357e-03
1.1526068653e-02
-5.8601970429e-03
4.1102779762e-03
4.9904771146e-03
-4.7260931126e-03
-8.5430550848e-04
1.6680536825e-02
6.5435178277e-03
-7.2313135802e-03
4.2079281869e-03
-6.9952600464e-03
-1.6492338100e-02
1.4768346817e-02
-3.2431707871e-03
-5.2697645764e-03
5.6864330413e-03
-1.2302285086e-02
-6.8203758479e-03
6.7934304175e-03
2.4379111011e-02
4.8163576977e-03
3.3087992008e-03
1.9246798655e-03
-4.6988621476e-03
7.4637427382e-05
6.6418348910e-03
1.8851006363e-03
3.9448496266e-03
-4.9633289503e-03
-8.2847660552e-03
-5.2375376445e-03
-1.1103585854e-02
-2.9698959351e-03
-3.5444408236e-03
-3.1591903714e-03
-6.1308629763e-03
2.0925037307e-03
-4.8029674600e-03
-2.3789434130e-03
6.9847091040e-03
-1.1122723110e-02
-4.8749106535e-03
8.1774078942e-03
-5.7519695358e-03
1.9356253261e-02
1.3062291424e-02
1.4287822689e-02
7.6986432550e-04
-1.3624128112e-03
1.9421930411e-02
2.9311230787e-03
-7.8233093401e-03
-3.7419790292e-03
-1.8234520063e-04
2.6952788630e-02
-1.1864281649e-02
2.7260725361e-03
4.6655138368e-03
1.1511367081e-02
6.2460641887e-03
-5.5680068097e-03
-1.3111023039e-02
-4.4429905656e-03
-1.6450352945e-02
-6.8680867383e-03
-1.4341927166e-02
1.7494946571e-03
9.9813708124e-04
-9.9723089772e-04
1.7640159219e-03
-1.5914923930e-02
1.2669701602e-02
-2.8941704719e-03
-4.8424057626e-03
1.5439234431e-02
9.4806325071e-03
-6.4980771525e-03
2.6522307331e-03
-1.2572737562e-02
-4.2273256891e-03
3.5577896790e-03
1.6352299382e-02
-5.6680139928e-03
7.0186604086e-03
2.3157881056e-03
8.1492519937e-03
-6.1015153025e-03
1.8293878082e-02
-5.1820589406e-03
-7.5520613077e-03
1.3112008244e-02
2.2143185279e-02
-1.1202131063e-02
-1.0294274408e-02
1.6740742276e-03
-4.5272771327e-03
-1.1324529764e-03
1.0836174795e-02
-7.8827533789e-03
1.3326027845e-02
6.3213739979e-03
1.2122293034e-02
-8.6977885006e-03
3.0612849197e-03
-9.8801326029e-03
-1.1638391955e-03
4.7318787589e-03
-5.0755760527e-03
-1.2202329198e-02
8.7225528211e-04
1.7800117406e-03
-7.8367635781e-04
-1.8922460681e-03
1.0148943433e-02
-7.2657001050e-03
-2.5928925134e-03
-2.9954573603e-04
-5.2128769105e-03
7.2855321910e-05
5.9317910583e-03
-1.7684677537e-02
-1.0224089651e-02
-2.4105400038e-03
1.4612321791e-02
1.4023055066e-02
-7.6726599649e-03
-7.9115901854e-03
-2.4060497296e-04
-1.0959029418e-03
-7.3293995562e-03
-3.1181182684e-03
-7.6919976752e-03
4.4446272391e-03
3.8222593705e-03
-1.7522696406e-03
-2.0603449838e-04
-1.0336889916e-02
-1.3561492702e-02
-4.3310329778e-03
1.3179398217e-02
-8.0888775560e-03
-2.9028910702e-03
-1.3266488727e-02
-2.3320590427e-03
3.8766774223e-03
-4.1151329068e-03
-2.5201017318e-03
2.0552373668e-02
4.0314735047e-03
-2.6117633470e-03
-5.2849104570e-03
-2.2356062662e-03
-1.0508213021e-02
-1.7267171456e-02
-6.3444526373e-03
-4.8239498391e-03
-3.4824246871e-03
1.5685395453e-02
2.7093861836e-02
8.1527144589e-03
-1.3613326939e-02
-9.6014018576e-03
-7.2837252390e-03
-2.1650544526e-03
1.4477844531e-03
3.7060861482e-02
-7.5712536959e-03
-1.3765411817e-02
9.6385656094e-03
1.9693668578e-03
1.7428210926e-03
1.5936614239e-02
-8.3645067154e-04
-1.6443336076e-02
-6.7560570138e-03
-2.1672890514e-03
5.3126777962e-03
3.2709576768e-03
1.2325787545e-02
-5.7168778334e-03
4.0977763427e-04
8.5878577625e-03
-2.0554204381e-04
-8.3447670244e-03
1.1308783876e-02
6.1509226546e-03
-2.2006448113e-03
5.9181917001e-03
-6.0110816503e-03
2.2604631801e-03
1.2008233743e-02
-1.8222358390e-03
-2.7146820013e-03
1.1955781341e-02
1.4602515604e-02
-1.3356100864e-02
-4.2551092875e-03
4.6641836211e-03
-1.0616925888e-02
1.0854814726e-04
-6.0168069169e-04
8.1238517756e-03
2.2628964661e-02
-1.5917659097e-02
1.2958871679e-02
-4.6935285625e-03
-9.1838204494e-03
8.1333798120e-04
2.7398131163e-03
3.5261839155e-03
-5.5413787074e-03
-3.8805609509e-03
8.6547551776e-03
5.5611579158e-03
-1.4110607160e-02
-3.0527200576e-03
-8.9720418257e-03
-6.5701206820e-03
-8.6987053474e-03
-1.6604572791e-03
-4.0003032177e-03
1.4784298081e-02
1.5488590313e-02
5.5101012795e-03
-2.6372198767e-03
-7.1519770478e-03
-1.0559520396e-02
-2.6343374737e-03
-4.2214503081e-03
-1.3501200842e-02
-1.0945389895e-02
-6.0796537033e-03
-4.2082567455e-03
9.8968498648e-04
-5.2531076288e-03
1.0378766658e-03
3.7432993078e-04
-1.0315939208e-02
-8.1328652983e-03
3.0169818324e-02
6.9227521748e-03
-8.6339106480e-04
1.9847684973e-02
-1.4676531577e-04
-5.5489860593e-03
1.1734944935e-02
-1.7469184790e-02
-5.8487762960e-03
-3.6125651967e-03
5.6360880619e-03
7.1971412897e-03
-3.9038542212e-03
1.1544719930e-02
2.6935385916e-04
-7.2152805028e-03
1.4219032614e-02
-2.0534334565e-03
6.1503169397e-03
-7.8669875172e-03
5.0946470745e-03
-1.1271216991e-02
1.0278842303e-02
-7.8138582199e-03
-9.2839342765e-03
3.1665223082e-02
-4.8888788273e-03
-1.0397090240e-02
-5.8232088432e-03
-4.2712074541e-03
-6.8838546604e-03
-1.5125217446e-03
4.9052115583e-03
2.4221133768e-02
8.5508790072e-03
1.9705758784e-03
-7.1234497144e-03
-9.9913417446e-03
3.6991189619e-03
-7.2368763926e-03
-5.4833703839e-03
-4.9643930118e-04
7.0264027394e-03
2.0059783179e-02
1.0696703648e-02
-1.8896289819e-03
-9.4250183503e-03
2.6604666145e-02
-5.7757743728e-03
3.2127736110e-03
7.6342894389e-03
-9.6761489804e-03
-8.2987265780e-03
-2.0750419080e-03
5.5982743842e-03
-4.7266160333e-03
-1.0036402681e-02
-4.0102317994e-03
-1.0179306364e-02
5.4453353605e-03
2.6345423839e-03
4.0088419841e-03
-1.5705808108e-03
-4.1132622359e-03
-1.2193842705e-02
9.9033053203e-03
-6.9459115597e-03
-2.7289562370e-03
-6.7865477465e-03
-2.0482676200e-02
-2.5244611809e-03
2.4114183485e-03
7.6330956273e-04
-6.6650005495e-03
-1.7374494947e-03
-1.2096371337e-02
-3.5930672013e-04
-9.4563247275e-03
-4.3026666886e-03
5.2647645197e-03
1.7677749219e-03
7.3797325751e-03
2.9631463911e-02
1.5126972988e-02
1.0363830382e-03
1.6949884629e-03
1.8191081493e-02
-1.2812840274e-03
-1.0874737652e-03
1.4213209250e-03
5.8912562672e-03
-9.1298854347e-04
1.3177218863e-03
-3.2880377662e-03
1.2700774484e-03
7.8162150912e-03
6.4499007617e-04
-2.8239278984e-03
-1.5298827245e-02
-1.3378367692e-03
5.8836402314e-03
-9.2115739779e-03
-5.7815777750e-03
-1.1827810079e-02
-1.7177564378e-02
2.0709355998e-02
-2.2244438211e-04
-7.7784130506e-03
1.5041524291e-02
-1.0013475910e-03
1.5887934039e-02
-4.2413909523e-03
4.5460006680e-03
-8.0066024365e-03
-8.7747682451e-03
-5.3358586123e-03
5.1247116207e-03
1.9897828658e-03
-1.0243943116e-02
-1.0987664947e-02
-4.3567501115e-03
4.1886904888e-03
-2.2826583909e-03
4.2693409937e-03
-1.5145835416e-02
2.5436422021e-03
-7.8654538149e-03
-1.7280359732e-02
-3.0940518283e-03
-2.1374740619e-03
-1.0885906647e-02
4.4724069705e-04
2.4448130569e-03
2.0164585519e-02
-3.9328186716e-03
-7.2108018400e-03
-8.3647445312e-03
1.6642924032e-02
-6.3135049324e-03
6.3548448566e-04
1.0602121676e-02
4.3721420028e-03
-4.1806709159e-03
-2.3516167717e-04
-5.3072887680e-03
-5.9585600056e-03
-2.6160956834e-03
5.1346104142e-03
-6.5882321040e-03
-7.4457393221e-03
-1.4625899918e-03
4.7030741352e-03
-9.6226308472e-03
7.3294354445e-03
1.9031289750e-02
7.8029390582e-03
-3.6534758664e-03
-8.5926487353e-03
-1.0597357624e-02
1.0140219741e-02
-7.9023627914e-03
-1.1320988239e-02
-1.7268766689e-03
1.4704755104e-03
8.2415696749e-04
4.6325420889e-03
1.6982453738e-02
1.1747194479e-02
-3.1253575672e-03
-7.5536684423e-03
-8.6595156237e-03
-1.3750528711e-02
-1.7541968701e-03
1.1128165194e-02
-1.2676158051e-02
7.6126573179e-03
3.8757764476e-03
1.8815803723e-03
1.7272168381e-02
-2.3531827712e-03
1.9181170033e-03
-6.0589485776e-03
-7.8635527209e-03
-1.6481532635e-03
-6.1941833327e-03
2.2569140880e-03
-1.0609202703e-03
1.1692626450e-03
-6.8439533691e-03
1.7620558175e-02
4.0562112350e-03
-2.3369608042e-03
-1.5445541777e-02
-4.0826558937e-03
6.5753853720e-03
-4.2208724212e-03
2.8328113667e-03
-4.8613769214e-04
1.9968972947e-02
-4.3096138201e-03
-1.1151113296e-02
1.3666718915e-03
2.8742205698e-04
-4.9255312173e-03
-1.2714346442e-02
7.3225671317e-03
-1.8019272304e-03
-7.7786243404e-03
1.2414149583e-02
-3.3164589770e-03
-1.5392109125e-02
6.1356037411e-03
1.3499425296e-02
-7.0873419421e-03
7.4976474201e-03
-9.4616310302e-03
-1.9487557979e-03
1.3831722884e-03
5.8259688082e-03
5.6933066086e-03
8.8304650981e-03
-3.4973493320e-03
7.3732766239e-03
2.0489234091e-02
7.1364643428e-03
-7.3076791540e-03
-8.2744961149e-04
4.6397392328e-03
6.1562956785e-03
1.0999425154e-02
1.8848407756e-03
1.0759068938e-02
-1.4858009177e-04
-2.3914397165e-03
7.0250743238e-03
-9.3547958377e-04
8.6470417415e-03
-1.4361348438e-02
7.6497510157e-03
-6.0316465984e-03
5.9842358957e-03
1.2401768164e-02
7.2461217001e-03
-1.1643499482e-02
-9.9263067562e-04
-8.1506114220e-03
-5.8041284548e-04
-7.8104366246e-03
-1.7360838883e-02
-1.0334583780e-03
1.7973804809e-03
-5.2657600566e-04
7.4815872549e-03
-4.2091954984e-03
-1.9465374778e-03
-5.6551521727e-03
9.3134370559e-03
-5.4145212774e-03
4.9554368771e-03
-3.5415740112e-03
-7.6293049685e-03
7.5735264214e-03
-8.0840230497e-03
-6.6519902518e-04
-8.1222128804e-03
-3.7550010453e-03
-2.1583697785e-03
7.0578233073e-03
1.7579625038e-02
1.7992921305e-02
1.3819547919e-02
-8.4694667645e-03
4.8481637646e-03
-1.8987518643e-02
7.2693050256e-03
1.1560828942e-03
-1.0541819681e-02
8.4061479727e-04
1.1739580445e-03
8.7060334955e-03
2.3508731659e-03
-2.0862337219e-05
5.4403850545e-03
-5.2221515876e-03
-5.9220800768e-03
3.2577046055e-03
-4.1614170167e-03
-9.0024952022e-03
5.0144886456e-03
6.8877929398e-03
1.2974768665e-02
4.3721307172e-03
8.6910515321e-04
5.6598584295e-03
-9.6837625830e-04
-6.4014882165e-03
3.3902160077e-03
-2.7414668444e-03
7.9436631610e-05
1.6456433320e-04
2.2846335545e-03
-7.1619747355e-03
6.0531754424e-03
-6.2869197098e-03
3.1314197288e-03
-5.7292426989e-03
4.7890822366e-04
-6.8007301262e-03
3.2926857275e-03
5.2807279456e-03
2.2426991021e-02
2.2294642338e-04
5.2610385105e-03
1.1210244834e-03
8.1376514023e-03
1.2740257465e-02
-2.5466298162e-03
-1.0947779126e-02
-3.6960575721e-03
-6.9714399393e-03
6.6554405121e-04
1.7878680297e-04
-1.4674172729e-02
-7.9711788330e-04
-4.0261806191e-03
-9.0131659196e-03
6.7875169116e-03
-2.1772562590e-04
6.9985169699e-03
-5.4192231638e-03
-3.1101765323e-03
-1.5153680786e-02
-6.9197138812e-03
5.8609400254e-03
6.3167789971e-03
6.1445869782e-03
8.6527899961e-03
-8.5365741129e-03
-5.9867239582e-03
-4.4813508205e-03
-4.3757421768e-03
-5.0102816528e-03
5.6326817119e-03
-9.1486424869e-03
-1.1059922223e-03
-3.9306144030e-03
4.4406701655e-03
9.8013428881e-04
-9.7227992254e-03
1.8993849742e-02
6.5883696423e-03
1.8993198034e-02
-1.0942367297e-02
-1.0630067641e-02
1.5457119662e-03
-6.3612499711e-03
3.6635188729e-03
1.2490374941e-02
3.9995085676e-03
3.2248960707e-03
-1.3143201631e-02
-1.5332066180e-03
1.3332433437e-02
1.3537577391e-03
2.1284373081e-03
-3.5837260455e-03
-1.5393739146e-02
-1.2053297068e-02
8.0219256312e-04
4.2372342746e-03
-5.1724722203e-03
2.0121220189e-02
-1.8516863880e-03
1.4556456756e-02
1.0082015181e-02
1.5437062268e-03
3.6062088022e-03
2.7239799867e-03
8.1534543924e-03
3.8290715251e-02
1.2456524268e-02
1.1489478156e-02
4.7324582750e-04
-6.8935640393e-03
-2.8142147545e-03
-1.4887339707e-04
4.2919729119e-04
-1.5132252844e-02
-1.1004633254e-02
1.1839291263e-03
-1.2114010002e-02
2.4246249298e-02
-3.3099497166e-03
1.1279076764e-02
2.0372814089e-02
-2.2378919903e-03
7.3951320940e-03
3.7262884664e-03
1.7570221529e-02
3.7510636082e-03
4.7980665608e-03
-4.9596272639e-03
-1.7631639449e-03
-5.4614390049e-03
-9.5368116151e-03
1.4546368651e-02
-6.8994044040e-03
-1.5648336070e-03
-4.0722347657e-03
-6.0555742230e-03
4.3655892590e-04
8.4187793447e-03
1.5273529822e-03
1.2004063524e-02
-5.4686588703e-03
1.5230505508e-03
-7.6334645062e-03
-7.8381098550e-03
-1.5671808647e-03
-1.0847462626e-03
2.1995892481e-03
-4.0329343871e-03
4.7914746074e-03
-1.9669130348e-03
-8.9053645385e-03
-3.9522374631e-03
1.5974589305e-02
7.8874971370e-04
-8.0595720356e-03
6.2120684395e-03
-5.2598043292e-03
-7.7316449444e-04
2.3530807360e-03
-6.1812204462e-03
-5.9510679703e-03
-4.7307433118e-03
1.7010638727e-03
-8.1893879760e-03
1.0656399946e-02
2.0801403030e-03
-6.8554666989e-04
-8.7447579272e-03
2.2923089607e-03
-1.7854408523e-03
6.6587196769e-03
1.4769313050e-03
-7.7753065757e-03
1.4769723608e-02
-1.1041038453e-03
-1.4152004206e-02
2.2278714838e-03
2.2803694994e-03
-4.4200001049e-03
1.6333062303e-02
-7.8289560539e-03
3.2776143204e-03
7.0732350218e-03
1.7129990759e-02
6.1674364528e-03
-1.6851024187e-02
-8.3622689974e-03
2.0175524289e-03
1.7444850028e-02
1.8390806101e-02
-4.3642401775e-05
1.1020169075e-02
-1.9894174317e-03
-5.4742973912e-03
1.1317140107e-02
1.1510859195e-02
-1.0539591267e-02
5.7194962105e-03
-4.2413899915e-03
-1.0976519242e-02
-6.6719905576e-03
-1.0034867129e-02
-6.9894346944e-03
-4.1582658642e-05
-1.0149384686e-02
9.7695728520e-04
-6.8211045401e-03
5.0436056679e-03
1.7797759785e-03
-5.1444877947e-03
3.5731112751e-03
2.4574271378e-02
-1.2465235934e-03
-7.4864286043e-03
-1.6588616288e-02
5.0368315911e-03
8.5796717357e-03
-1.2061026532e-02
-1.3664117952e-03
-5.7315580495e-04
-2.8363237456e-03
1.7594151383e-02
1.1738019128e-02
4.8945308564e-03
9.7814021003e-03
-9.9522915510e-03
-9.7057888357e-03
-1.2871246280e-04
4.0669062810e-03
1.1481234127e-03
1.1931008323e-03
-3.7085703313e-03
-1.8379688984e-03
1.3819246255e-03
-7.3613918082e-04
2.1803472208e-03
5.1433008428e-03
6.2018941007e-03
-1.7653228169e-02
-2.9274990937e-03
-4.2942621292e-03
-1.0618050963e-02
-1.3358198579e-02
5.9681733292e-03
-3.0430166020e-03
1.0619173912e-02
-1.0256036984e-03
-3.6404265078e-03
