1.4178621691e-02
-1.7340984191e-03
-7.8234187307e-03
-1.5098519332e-02
-1.4978040275e-03
-6.3096730323e-03
-2.3890217668e-03
-1.9236174625e-03
-4.2242911767e-03
7.3938577122e-03
-4.9434151067e-03
-6.1039306222e-03
2.4978753462e-03
1.1051812514e-02
1.2352253225e-03
-2.9396785643e-03
-8.2754213983e-03
-1.0717904630e-02
2.5782824424e-03
5.8155067448e-03
-1.1430270824e-02
3.1480371675e-03
-8.3818548832e-03
1.6027074497e-04
3.9639756890e-04
-3.6837553261e-03
1.8144529797e-03
-6.0302906370e-03
-1.0492425060e-02
-5.1175758768e-03
6.0094176102e-03
-9.2067153946e-03
1.2130804977e-02
2.0032960198e-03
7.5069662625e-03
4.8937716047e-03
-6.8346224665e-03
3.3081717795e-03
2.8375702382e-04
-5.7118447777e-03
1.1869973117e-02
5.3126691734e-03
-9.9301647800e-03
-7.5638279965e-03
-1.4013201877e-02
-1.2423466659e-02
7.8489458473e-03
4.1786309530e-03
1.1573362160e-02
7.5869906006e-03
3.6370000885e-02
-1.6497600828e-03
-3.6871289238e-03
-6.4235205505e-03
2.9136579752e-03
-9.1994503499e-03
5.5009801325e-03
7.0856553971e-03
3.6621015404e-02
1.1282526420e-03
-2.2857391450e-04
4.1483600999e-03
-4.3830041833e-04
-3.9463563143e-03
2.9811464521e-03
-5.5962724331e-03
-9.0772165798e-03
1.0595960168e-03
8.7755591125e-04
-9.9521045743e-03
1.4237576852e-02
-4.5155266142e-03
5.5741311088e-03
-1.7051614507e-03
-1.6963581611e-03
3.5789208079e-03
4.1268064547e-03
-4.6388149783e-03
-4.0764200293e-03
-4.6810408997e-03
2.8276202198e-04
-2.4009336488e-03
-4.5279131014e-03
-1.3486382755e-02
8.2960777530e-03
-9.5257935626e-03
-8.7388929141e-03
-9.7781036319e-03
1.2395572936e-03
-1.3650506783e-02
4.3225201632e-03
1.4351624881e-03
-8.0428391356e-03
9.0353618012e-03
-5.7173025748e-04
-6.0450253366e-03
1.2131494698e-02
-1.6304053030e-03
-1.1516915722e-02
1.2061987058e-02
3.1913601527e-03
-7.3576097569e-03
-1.3024224504e-02
2.5630865252e-03
1.1516022737e-04
2.0013944199e-02
-2.7829573264e-03
-1.2190391599e-02
4.6378734878e-03
3.7911058750e-03
-5.2922057861e-03
7.5466267440e-03
-6.2861017148e-03
4.9542943027e-03
-9.5324439401e-03
-5.7071269634e-03
9.6677899463e-04
-1.0605688344e-02
-1.3765353747e-02
-9.4932731525e-03
-5.1381778082e-03
-1.3138262084e-03
8.6658808708e-04
-7.6653393985e-04
-2.1098537637e-03
2.1007899407e-02
-3.1576952924e-04
-1.2293021436e-02
-2.3315031602e-04
6.4794846306e-03
8.0115717564e-03
5.1147659745e-03
1.6676476269e-03
2.7825153638e-03
1.0897254943e-02
-5.5023745996e-03
-1.5526286405e-03
6.8260775470e-03
-9.4039517893e-03
-6.7110436879e-03
9.7906611286e-04
1.9516520513e-03
-1.4225974808e-03
1.1265134484e-02
3.9158107563e-03
1.9634564154e-03
-6.8695046430e-03
7.2076197198e-04
1.7484281379e-02
-3.2101407880e-03
7.6324722629e-03
-6.9185461883e-03
1.2739217923e-02
-1.7161490017e-03
2.2883777929e-03
-3.8436885140e-03
-1.6015425106e-03
-5.3783552772e-03
8.8397993466e-03
-1.0248924206e-02
-2.9082343929e-03
-1.1320064624e-02
-5.0151664969e-03
-6.7705461063e-03
1.1954245466e-02
2.2771961653e-03
-3.1895489113e-03
-1.8398966622e-03
2.3207991353e-02
8.9219947364e-03
-6.0870833486e-03
9.0184810541e-03
5.5933256785e-03
-2.7517860561e-03
3.4157327044e-03
1.6594206856e-03
-6.6324852580e-03
-7.3803367017e-03
-2.6521941412e-03
-6.0765457258e-03
-9.4441767581e-03
1.2056375723e-02
6.0493343019e-03
-1.5909726162e-02
2.8379143642e-03
-6.9820367059e-03
-7.1899766139e-04
-1.6883763013e-02
-6.0772304292e-03
-9.3674064417e-04
7.7190725885e-04
3.4194666982e-03
2.9286740567e-02
-1.0232665343e-02
-1.4982860416e-03
6.0430576771e-03
-1.0042076886e-02
2.2356075631e-02
4.2059410569e-04
2.3846887561e-02
1.9059309878e-02
2.8875644561e-03
-1.1026218627e-02
-1.0844091707e-02
-8.1731892180e-03
-5.7029247156e-03
-6.8255482961e-03
6.0803870660e-03
-2.8676381537e-04
6.6116084042e-03
3.2156490653e-03
-1.0174778581e-02
4.7021642484e-03
9.9776668458e-03
3.4649543064e-03
-1.0960565499e-02
-1.1956582388e-02
1.2142039987e-03
1.8633147621e-02
4.3411020018e-03
2.1160900605e-02
-1.9362521427e-05
9.3893557379e-03
-6.9601307331e-03
-1.9987029892e-02
7.7478844522e-03
4.4511818105e-03
2.2744519091e-03
-4.8245537337e-03
4.6561844256e-03
-3.0879074315e-03
6.8277749873e-03
-7.5966650582e-03
1.8675299223e-03
1.0061781146e-02
-7.2331466367e-03
-3.2193676939e-03
5.1108613393e-03
-8.7512422902e-03
1.6563738384e-03
1.1671743515e-02
-4.2927997936e-03
7.1153990475e-03
-4.0341545788e-03
-9.2529510212e-03
4.2199789373e-03
-2.8365129599e-03
-8.7194264498e-03
-9.0294063161e-03
-3.3149622676e-03
1.1434917884e-02
-3.6626617948e-03
3.5334600995e-04
-5.0058841014e-03
-1.1119459670e-02
-3.3478237822e-03
-1.7313742652e-03
2.2551402455e-02
-8.7840615167e-03
2.4271366282e-03
1.5848877932e-02
-6.5182354359e-03
1.0575509237e-02
-4.6038543709e-04
1.0925837210e-02
9.9655133759e-03
-6.5739764215e-03
-6.7555786733e-03
7.3013389839e-03
-5.9138630296e-03
-1.1749864827e-02
2.3652930416e-02
-7.6181388072e-03
3.3639330397e-03
-5.3956003096e-03
-8.5576276687e-03
-1.1824707752e-02
-2.2005104496e-03
-2.3979531070e-03
-9.6481325493e-03
2.2360639381e-03
-9.2198783521e-03
-1.9351371137e-03
-1.9124289651e-03
7.5070293861e-03
8.3120054836e-03
-4.0520729005e-03
-3.8294048365e-03
3.1422536289e-03
1.5461148789e-03
7.4305230348e-03
-3.7067013167e-04
-1.8501048335e-03
-4.6917393161e-03
-2.4605948228e-03
2.3493614492e-03
3.2730735231e-03
1.0997247986e-02
9.3689433569e-03
1.2102175784e-02
1.7034622695e-02
-1.0206348081e-02
-2.5083827420e-03
3.9816273158e-03
-8.8501589199e-04
9.9402700966e-03
6.6067717138e-03
9.2516128721e-03
7.8196479255e-03
-4.0734658654e-04
7.6240412977e-03
-5.5691284152e-03
2.1070094790e-02
6.2880583967e-03
-3.4551987801e-03
-1.1993637708e-02
7.1241001003e-03
-5.2204012721e-03
1.4634841386e-02
-1.7246284791e-03
-8.8658850317e-03
-3.4726902129e-03
-9.7536717197e-03
2.5962844157e-03
-4.4211338569e-04
-8.1682032081e-03
-4.4842821235e-03
1.5415013519e-02
-1.0459632381e-02
1.6104075277e-03
2.6628457667e-03
-2.8184705675e-03
5.9794509511e-03
-3.0994042002e-03
-3.0747369175e-03
-1.2576702357e-02
-3.0460727105e-03
-1.8264821630e-03
9.7888315893e-03
-8.3171915423e-03
1.5052400222e-02
-1.0983955772e-02
-2.7936947325e-03
-2.3967695779e-03
2.0305904835e-03
-1.4117712684e-02
1.8701509195e-03
1.4204937078e-02
-5.1700111198e-03
1.4993913103e-03
-1.8409887369e-03
-9.5783069189e-03
3.5431347983e-03
-1.2177801238e-02
-1.6654663789e-04
5.9626338784e-03
-9.1506808456e-03
-3.5212858309e-03
5.5112831282e-03
-1.1500145258e-02
3.9017274513e-03
-9.2709267047e-03
2.4022767547e-02
-3.4726093755e-03
-4.0720929073e-03
8.9185545335e-04
5.3684588565e-03
-1.2860125873e-02
4.4938428360e-03
-3.3590254952e-03
-3.7422309953e-04
1.1266355373e-02
-3.2528072877e-03
-5.5243848386e-03
-6.8322655247e-03
6.5542247262e-03
1.5449549659e-02
1.6960692795e-03
-1.3543556545e-02
1.1877627268e-02
-1.0089967105e-03
-1.0000982613e-02
-2.5881845669e-03
3.0456174089e-03
-1.3851978222e-02
2.3484521407e-03
5.3798455459e-04
-4.3408343880e-03
-2.1190702910e-03
5.8420753723e-03
5.8286632281e-04
1.3661217833e-02
2.3359867108e-03
1.3245558747e-03
-7.7404420846e-04
5.8205158165e-03
-6.4796921807e-04
-8.9377699846e-03
-1.1771906135e-02
-1.3276941995e-02
8.8409025714e-03
-4.3118209785e-03
2.1468843431e-03
-1.2377160271e-02
-2.8740003186e-03
5.8109805589e-04
7.1813950356e-03
1.8204888570e-03
-5.6983893022e-03
-1.8200521199e-02
-6.0488031824e-03
-1.1859954454e-02
-2.0526264418e-03
2.4674236089e-03
-5.0554560116e-03
1.1807976509e-02
6.8810487147e-04
5.5850488940e-03
7.8144573897e-04
-1.8323752520e-03
-7.1248279112e-03
-6.4998069376e-03
-1.2883092422e-02
1.1103207307e-03
1.3734111412e-03
2.1095709355e-03
-1.1273823720e-02
-1.4007459454e-02
1.3667739213e-02
2.1621366254e-03
6.2570446172e-03
-4.4326254479e-03
1.7138785288e-02
-3.0099658501e-03
8.5467922530e-03
-3.2936123896e-03
1.3376663567e-02
1.3890087788e-02
-4.2215890681e-03
-5.9511870013e-03
-9.0999531399e-03
3.4135902706e-03
1.5998163559e-03
-2.5182005907e-03
-5.0183157909e-03
-2.9202738560e-03
-1.5920182934e-03
-4.3120965628e-03
1.0897014528e-02
1.2689984693e-03
-7.3456069300e-03
-8.8224014773e-03
-8.5313982775e-03
-1.2695842936e-02
-4.3658124325e-03
-8.9376480871e-04
-5.5006343735e-03
1.1206323109e-02
-4.0630215127e-03
-3.6562368290e-03
6.7373998338e-04
1.8539702351e-03
-1.4549122969e-03
2.9241445787e-03
5.2078277543e-03
1.6924343149e-02
1.4398817918e-03
-8.8092343631e-03
-6.3784810678e-03
4.1481991905e-03
9.8411973258e-03
3.3347674547e-03
1.3047475521e-02
2.3814184446e-03
-6.8629759593e-03
3.7847597725e-03
6.3616833675e-04
3.0766951262e-02
-1.1527168857e-02
5.6298266933e-03
7.9164410506e-03
1.6763123315e-02
9.5374923573e-03
1.0215351781e-02
-5.5489565709e-03
1.9746778048e-03
-1.3997194760e-03
6.9704675343e-04
-6.5438195631e-03
-1.1960174524e-02
-9.3448938911e-03
1.0681949906e-02
2.4129308658e-02
-9.4317510793e-04
-8.8669068326e-03
6.0457528477e-03
-7.2333513667e-03
-4.2988401953e-03
-1.7699244968e-03
1.1064776539e-04
4.9724639645e-03
7.3202980025e-03
1.1287965742e-02
1.4767870036e-03
-9.5223385632e-03
-5.1236646375e-03
-2.6419757606e-03
9.5688335574e-03
-4.3546035489e-03
-5.2884858725e-03
-6.1093752061e-03
-2.1106602270e-03
8.5397598535e-03
1.8573155914e-02
-6.7226193739e-03
-2.5356158784e-04
-9.1584626315e-03
-2.4157937048e-03
5.8443860956e-03
2.5703110440e-02
6.4418020531e-03
5.9339494572e-03
-1.3557306895e-02
1.3267291142e-03
-6.2488513791e-03
-1.0975719306e-02
-2.5283352779e-03
-1.2823918094e-02
-5.3722072798e-04
-7.4570903388e-03
3.3105825892e-03
-2.0035466079e-03
-1.7905683877e-02
-5.7801176629e-03
-4.1200500143e-03
-1.5499341151e-03
5.0999297773e-03
-7.9412626402e-03
-4.3733226808e-03
2.6387998934e-03
-6.2804646654e-03
-2.4814881333e-03
-1.5137255346e-03
7.1505453766e-03
-1.7151869058e-03
4.2316641975e-03
-6.1016950938e-03
4.5479292638e-03
-4.6001944495e-03
1.1720991093e-02
-5.0326120462e-03
-1.6553982398e-02
-8.0285220100e-03
1.7464432712e-02
-4.3641620685e-03
5.2892504923e-03
-2.9330047730e-04
1.7576596853e-02
-1.3140156823e-02
-4.8270019302e-03
-7.8204236136e-04
1.0633565068e-02
-5.6677138743e-03
4.0037115200e-03
2.4144668424e-03
-5.0420212837e-03
1.0687918484e-02
8.6955732179e-04
-1.9185656759e-03
-1.5522126363e-03
6.7056375834e-03
3.0897184770e-04
-2.1795733245e-03
-5.6916255969e-03
1.2472439354e-02
-9.4676684578e-03
6.1460427109e-04
-1.0577993343e-02
2.2634295994e-04
-1.3440815381e-03
6.1727820059e-03
7.1772881278e-03
-4.5721604717e-03
-9.1429073493e-03
-4.8709244365e-03
4.8604111785e-03
-7.1978971846e-03
-8.4886148261e-03
-8.1270527141e-03
-2.6226960042e-03
-7.6384428829e-03
3.3918699005e-04
-2.6680767563e-03
-6.8724048798e-03
7.5530895260e-04
-1.1742091609e-02
-1.4022586588e-02
-1.4103089439e-02
1.6840163727e-02
-5.8080338575e-03
4.2922227056e-03
1.3594439957e-02
-6.7508169422e-03
3.6224880147e-03
-1.0802914940e-02
2.0410470152e-03
-8.9149048206e-03
6.3807380853e-03
1.2079639231e-03
6.8131582615e-03
8.1646523722e-03
-6.7723244787e-04
9.9599909582e-03
9.0905128639e-03
2.4535424743e-03
-5.9877956673e-03
3.1816784930e-03
3.7369548467e-02
-6.2569255143e-03
-3.1746972781e-03
-6.9614870722e-03
-3.3465404742e-03
9.0155771865e-03
2.5839097339e-03
-5.6168240869e-03
6.7129461729e-04
-4.9956307396e-03
-7.4629797472e-03
4.5949743178e-03
-1.3599150609e-02
-1.2345444949e-03
-2.9685194722e-03
7.3674338645e-03
8.5128788508e-03
-3.3271913059e-03
3.5336114770e-02
-1.3042296901e-03
3.9568419878e-03
-4.9175330529e-03
-6.1841498805e-05
-7.0750643186e-03
1.0136477990e-02
1.4523699067e-02
-7.9006309867e-03
-2.5388711230e-03
2.8136503035e-03
-9.3342393978e-03
1.7152014024e-02
9.6833140536e-04
6.7126929044e-03
-3.5266679660e-03
-3.8724044588e-03
1.2332783592e-02
-1.0910561204e-02
6.1909024395e-03
2.9213021670e-03
8.8689631002e-04
3.1271498757e-03
-1.2423387953e-02
-1.5635541117e-03
4.3510725987e-03
1.5359843790e-02
-3.3361889657e-03
2.5403519223e-03
-1.3334720546e-02
6.2987134513e-03
-1.0135524590e-02
4.1732051761e-03
-3.3844281124e-03
1.0131992951e-02
9.1990738385e-03
-5.1589025044e-03
-4.6465203730e-04
-3.9117333127e-03
-8.3321315898e-03
1.4001543458e-03
-4.6356246899e-03
-3.4375530338e-03
1.1374915471e-02
4.2879943805e-03
3.1151917494e-04
-4.5764760373e-04
-8.6832445570e-03
6.1261371655e-03
-4.1679099163e-03
-1.1776690353e-02
8.3389956372e-04
3.6686048412e-03
-4.2431218680e-03
3.1318621182e-03
5.3365666762e-03
2.5082861531e-03
-1.9084507871e-03
-9.1571258252e-04
-8.6742552557e-03
-2.7366242195e-03
1.4774175204e-03
-5.9399768704e-04
1.3829341293e-02
-1.1888074144e-03
1.0363759012e-02
5.1745045089e-03
-9.7712405715e-03
-5.4514732971e-03
1.6653583591e-02
-4.5597579070e-03
-1.0101558575e-04
4.2790150014e-04
1.9699597494e-03
-7.6563256492e-04
-7.3102884121e-03
-5.3136542757e-04
-3.6001847288e-03
-8.2503278601e-03
-1.3501386539e-03
2.8788756707e-03
-2.6951304337e-03
-6.6458425016e-04
8.2151751018e-04
2.4546354950e-03
-9.8193993698e-04
4.0138883825e-03
-5.4175373119e-03
3.8084128808e-03
-3.8673405005e-03
-6.4799270254e-03
9.8800134688e-03
-2.0001915980e-03
-1.2564338372e-03
-3.2885004895e-03
1.5501960373e-03
-7.9927566966e-05
2.4116471535e-03
-3.2409628895e-03
-5.6737416788e-03
-2.2498696017e-03
-9.8078636406e-03
-1.4349086649e-02
1.6198728154e-02
-1.7137397366e-03
-7.9771836909e-05
-8.0199766846e-03
-8.0590914588e-04
7.1249027758e-03
4.2714602684e-03
-1.2822416016e-02
-8.0034224407e-03
1.6426426361e-03
-7.8587570297e-03
2.2029048464e-03
-5.7071694638e-03
-1.7825803596e-03
1.9301857539e-03
-2.7398915877e-03
8.4895970520e-03
2.6619108945e-03
3.7115615741e-03
2.5657636966e-05
-3.1590183034e-03
-1.9028365890e-03
-1.0713879038e-02
1.1169573892e-02
-7.3108676733e-03
9.6695231123e-03
4.2100192843e-03
-4.0875127285e-03
-5.6183551411e-03
5.3944567878e-03
-3.8759987272e-04
-5.3391799715e-03
-5.3896156311e-03
7.4144310795e-03
2.0053202587e-03
-9.3414974751e-03
-1.6421786788e-03
-2.1014800931e-03
-4.3593688160e-03
-1.7457667406e-02
4.1640969893e-03
-1.5100585894e-02
-8.6732860061e-03
-8.1020628623e-03
-3.8067076589e-03
1.5714658121e-02
2.8299889861e-03
-7.9042275234e-03
6.0833607719e-03
-5.6502942164e-03
2.4873417557e-03
-3.5635256398e-03
-1.0210296181e-02
-2.6268526631e-03
1.6922315213e-04
-5.4012811022e-04
-1.1226343573e-03
-5.6715936558e-03
5.6186196048e-04
7.3716507858e-03
-4.3774982133e-04
5.0498797391e-03
-1.4999776181e-03
-1.0380578129e-02
-6.8485898248e-03
-1.0285577807e-02
-5.3649462872e-03
-4.4667229603e-03
-7.1225623797e-04
1.0991077314e-02
-3.7624344640e-03
-1.2677841365e-02
1.3008299474e-02
1.9165386104e-03
1.2007477025e-04
3.0040800292e-03
2.5927705973e-02
-1.3747486508e-02
5.0976073191e-03
-1.1357533254e-02
1.4388376011e-02
-3.0399381246e-03
-6.2120190807e-03
-8.7089024722e-03
5.6030378648e-03
6.4719589306e-03
-4.9291204892e-03
-9.8106077210e-03
-8.7521748890e-04
5.7293054709e-03
-3.8218396656e-03
-2.0061261608e-03
-3.0837507309e-03
-5.6204771147e-03
1.2736005534e-02
-3.9522001167e-03
7.9237765283e-03
7.7916224987e-04
4.3358899090e-03
-3.4001363862e-03
1.1850323599e-03
4.9584712514e-03
-1.3384953496e-02
-1.9073255835e-03
-4.6098114003e-03
-1.0682694966e-02
-9.7349346915e-03
-2.0285346547e-03
3.7380414220e-03
1.7702350621e-03
7.6269513340e-03
1.1543533432e-02
-1.3648474248e-02
-5.4756349511e-03
1.0595535367e-02
3.8260580560e-03
1.1058323518e-02
1.6404884633e-03
7.9557894309e-03
4.9619679733e-03
-3.0929890722e-03
-4.5019681065e-03
-5.3943035916e-03
9.9993097926e-03
1.1325607671e-02
2.9236558770e-02
-1.9136274642e-03
3.2201374577e-04
-9.0169994940e-03
8.7229159144e-03
-1.3677473453e-02
1.0273113953e-03
-2.8101086021e-03
1.6355990598e-05
-2.7125359411e-03
5.2012503198e-03
-4.4677427176e-03
-1.2910247729e-02
6.6706234191e-03
-2.5519135527e-03
2.6947371384e-02
-4.7084832452e-03
3.4715963008e-03
-1.6343539403e-03
-8.0753924421e-03
-6.8341405297e-03
-1.2970903401e-02
1.0879287830e-02
1.8216738472e-03
6.3271785544e-03
-8.2152916960e-03
-8.4448866781e-03
-7.9584185023e-04
-1.8646507092e-02
1.0312433296e-02
-1.4428314600e-03
1.3221379814e-03
1.5220691648e-02
-6.8006908955e-03
5.3449040119e-03
1.9474294437e-03
-7.9908160000e-03
-9.3569004099e-04
6.8132754539e-03
7.5670663019e-03
-6.0599196831e-03
-2.0762887761e-03
-7.8563392342e-03
-8.4383590263e-03
2.9759230200e-03
4.6486194532e-03
-7.2955352691e-03
2.2951194723e-02
1.2822925745e-02
-1.7250110090e-03
4.8262467357e-03
-2.4003941257e-03
-4.0118451466e-03
8.5458050113e-03
1.9972900444e-04
1.1636871339e-02
-7.7439681062e-03
6.9501144507e-03
8.6454822791e-03
3.5338450000e-03
-5.9155022019e-03
1.3926031523e-02
7.7839128689e-03
-2.6226186368e-03
-5.0545463214e-04
1.5802351967e-03
3.1040444236e-03
-1.4249445996e-03
-1.1817580135e-03
5.2887485308e-03
-1.4009636197e-02
-7.1510363183e-03
1.6452417930e-02
3.5315831091e-03
-2.8093949184e-03
6.3240770993e-04
-4.6380042505e-04
2.2963264687e-03
9.4078118883e-03
-6.4871684295e-03
-2.5108678499e-03
-1.3445794013e-03
-4.1966466311e-03
-9.9038192755e-03
1.2066227715e-02
6.9420723932e-03
4.8112107077e-03
2.4345853288e-03
-4.9186075759e-04
-1.1644104467e-02
-2.6205982845e-03
-1.4376742358e-02
7.3523693846e-03
-1.0576629602e-02
-9.6013416287e-03
1.1028294759e-02
-5.5803659122e-03
-3.5319626693e-03
-9.4060004595e-03
-3.9243468446e-03
-1.5910325963e-03
1.1189027141e-02
-2.9116591609e-03
-1.5052593757e-02
-1.1756942964e-02
7.7738775382e-04
-7.2555031806e-03
-1.3537972504e-02
-4.9614855562e-03
-1.0227675790e-03
1.5368897885e-03
7.0583094312e-03
5.7252733709e-03
-7.3887013827e-03
5.8477723923e-03
3.3800815493e-03
-5.1778790251e-03
-6.6542439330e-04
-1.3563768082e-03
-8.6448771773e-04
-2.4407296524e-04
1.1168908756e-02
1.3877776259e-04
-1.3294745001e-02
-1.3351624687e-02
-4.9618845688e-04
-3.4283948391e-03
1.2572314782e-02
1.9358488045e-02
-4.4648429513e-03
-3.9946429541e-03
-1.0627611919e-02
3.6003247335e-03
8.8986344346e-03
8.1947563281e-03
3.9642238301e-04
-4.8811863195e-03
8.0179735435e-04
5.0134529481e-03
-4.8458032523e-03
-1.4871884848e-04
-8.6644419747e-04
1.3977291286e-02
7.6927904244e-03
-6.8808204535e-03
-5.6268170824e-03
1.2745386244e-02
1.1166481950e-02
-1.0178768728e-02
-1.5661247652e-03
2.5023874736e-03
-1.2776071679e-02
1.9184337280e-02
-5.0740519806e-03
4.5002160109e-03
-5.2065997921e-03
-5.0488208746e-03
6.1238019574e-03
1.7652497067e-04
-2.9236584429e-03
-6.9042251012e-04
4.6333409650e-03
3.0255013843e-03
-8.0197658011e-03
1.6810716113e-02
-4.0738598411e-03
-8.8432394869e-03
1.6906561961e-02
-7.6940973833e-03
1.6135861320e-02
-2.9041374470e-03
2.0668202730e-03
1.7998980837e-03
6.6194792946e-03
-5.9017582303e-03
2.5679982077e-03
5.0359700800e-03
-4.2479948823e-04
6.8518337488e-03
-8.6431718413e-04
1.0993817598e-02
1.2674360241e-02
7.3768638183e-03
9.7484267504e-04
4.6979997042e-04
2.2764287145e-03
1.1797020897e-02
8.7529614694e-03
-1.0702183900e-02
4.3828856102e-03
1.0085855618e-03
-2.9137596606e-03
-8.9313176752e-03
-8.6641058574e-03
-3.3526559986e-03
-7.5858832915e-03
-3.3387087798e-03
1.3480334467e-02
-7.3929385594e-03
-5.9448815269e-03
1.4703613958e-02
-1.5698744041e-03
2.0941202370e-04
-4.5635775216e-04
1.8617134020e-02
-5.3898595775e-04
-7.9538350880e-03
6.9261979879e-03
-8.8541771981e-03
-5.4912467038e-03
-7.9929014803e-03
-7.9643485974e-03
1.3168733229e-02
-9.5084902527e-03
-6.1327091320e-03
2.0851619987e-02
2.9188536396e-03
-1.2931052302e-02
-1.1226640439e-02
-1.4899798845e-02
-7.1696719281e-03
-2.6394517996e-03
2.1791769024e-03
1.6652235328e-03
-2.5288259131e-04
6.0561307932e-03
1.3977833270e-02
-4.5049360201e-03
3.1275819539e-02
1.8228278001e-03
4.6881647647e-04
-5.8000617511e-03
1.1985699787e-03
-6.7106033428e-03
2.4115492076e-03
-1.8506267092e-02
5.8300516714e-03
-7.1336562751e-04
-1.5770432845e-03
4.9452599094e-03
-7.7929385161e-03
-9.9818411158e-03
1.1924565972e-02
1.2231417800e-02
2.1819537436e-03
9.2694406741e-03
5.3364931203e-03
8.9795230837e-03
1.5356710954e-02
2.9928773154e-03
1.5061101366e-02
-8.8134933539e-03
6.0018792762e-04
-1.6105444695e-03
1.5438984312e-03
-7.4192406775e-03
-3.0905095859e-03
-7.5843127724e-03
4.8535427931e-03
8.9925108579e-03
-5.3342289094e-03
1.3185426875e-02
3.0966433354e-04
-1.9857393025e-03
8.1288309248e-03
-5.1377682336e-03
-5.3932383226e-03
-1.2866785507e-03
-1.1293625334e-02
7.8832478179e-04
-1.6163404307e-02
2.7720553309e-03
3.0605500337e-03
1.1078210702e-02
1.4106900100e-02
3.6650407253e-04
-5.5008600251e-03
-6.5768350280e-03
4.8776300515e-03
1.0968996412e-03
6.2387893853e-03
-4.4279713518e-04
-8.5278537144e-03
8.5623430685e-03
-1.1632739765e-03
-4.7592664931e-03
-1.4417332685e-02
-5.2355490462e-03
-9.5274606290e-03
1.9634157060e-03
-1.1633368693e-03
1.7636664405e-03
-7.2712303025e-03
3.9628096293e-03
-7.8296185815e-03
-1.1392029962e-03
1.4042356226e-02
3.1198904247e-03
-7.6085195067e-03
-2.9574738788e-04
1.1549139975e-03
-5.5861134620e-03
-3.8925100541e-03
-1.1665659591e-02
1.1781093331e-02
8.0935323504e-03
-7.6343808012e-03
-1.0246212170e-02
-3.7190839746e-03
1.6199383013e-03
-6.3431569026e-03
2.0468727946e-02
-9.1619176493e-03
1.3723089690e-03
9.0601224359e-03
-9.0854980389e-04
-9.0429239005e-04
2.6877362906e-03
2.4241680630e-04
4.8323327626e-03
-1.4669035163e-03
2.5032445099e-03
8.8819938553e-03
-2.1075379712e-03
8.5637828329e-03
1.5242208263e-02
-8.6427730238e-03
-1.2359305132e-03
3.2897617817e-03
5.2710098376e-03
1.1554582804e-02
2.6551810961e-02
-2.7781686859e-03
1.0608018323e-02
2.6117722813e-03
-5.6565814529e-03
-1.1573552376e-05
9.1234116958e-03
-1.5856326028e-03
-5.3091783729e-03
-7.3123342199e-03
-6.5676929622e-03
-3.9639737509e-03
9.6438017301e-03
-6.0089882839e-03
-7.8845346015e-03
-4.3821570171e-03
-7.0339267434e-03
-3.9960518175e-04
3.0851438308e-04
-1.4391228496e-02
-1.1839053688e-02
1.0585969957e-02
2.7205354172e-03
2.1726756012e-03
2.7503660245e-03
-2.1035442201e-03
2.7935983529e-03
-5.6999246105e-03
7.3274916009e-03
4.8395195921e-03
4.0314569617e-04
9.5175825084e-05
3.4230031448e-03
3.9429288460e-03
-9.3002250123e-05
-1.1060591034e-03
8.3439216365e-03
7.0228262483e-03
1.4070566041e-02
-6.9989809478e-03
-5.6717599379e-03
-1.2156444612e-02
-6.3615645798e-03
1.6392007040e-03
1.7363838520e-02
1.4310208906e-02
7.6038837809e-03
1.1843604268e-02
-7.1200825852e-03
-7.0019009583e-03
-6.3533210063e-03
-3.2599349335e-03
-8.0905979723e-03
1.1896089165e-02
-3.9322040952e-03
3.0892899406e-03
1.3011661257e-02
-9.8768681251e-03
-7.4017023367e-03
-8.7302383982e-03
-5.5249156669e-03
3.5320053372e-04
1.7020265712e-03
5.4311424221e-03
8.0248052924e-03
9.5256441532e-03
-5.1317290658e-05
-1.1554397495e-02
-2.4054088288e-03
-1.1302177687e-02
9.7372134684e-04
1.8241120906e-02
9.4972888340e-03
8.9648548576e-03
-1.3382493818e-02
1.1111991632e-02
-8.4303687639e-04
-4.8818345200e-03
2.0661658860e-02
3.6037051402e-03
5.3149268991e-03
-8.7093542344e-03
6.8585328287e-04
-6.8337949438e-03
-1.0411003030e-04
4.7331759897e-04
-3.3351875576e-03
1.6245631335e-02
9.6470677817e-03
4.9562846998e-03
1.1831950455e-02
6.3704179028e-03
-7.5701239135e-03
-1.3774537596e-02
1.3335375531e-03
4.8260183765e-03
2.5642216423e-03
5.2433948240e-03
-9.4492939298e-03
1.9340151619e-02
7.4302840183e-03
-1.1025240104e-03
-4.5213767010e-03
-1.0864611611e-02
1.0580079544e-02
-4.5858264496e-03
-6.3125653682e-03
5.3263231058e-03
-4.6897762226e-03
-5.9115058373e-03
1.4984969906e-03
8.3490649923e-03
3.2137599912e-03
-1.6051207023e-02
8.9668884955e-03
-1.0453392033e-02
1.5249666337e-02
-6.5743961892e-03
-3.7403826751e-03
7.4395560589e-03
1.0929196529e-03
-4.4827607703e-03
4.5164389980e-03
-1.1919063724e-02
-7.5444540858e-03
1.6818980884e-03
-6.8513019246e-03
-1.2473557809e-02
-4.1170921071e-03
-8.6715530783e-03
-4.7932214001e-03
1.9451438299e-02
1.6219620398e-02
-1.1092309131e-02
7.1219788292e-03
2.9013072579e-03
3.2627612415e-03
-4.6283740704e-04
-5.9969819717e-03
-1.7176807221e-03
-1.6155855291e-03
1.5108835291e-02
-4.4912755053e-03
-3.6013032590e-03
-3.3258288762e-03
2.4631260433e-03
-6.4545746942e-03
-1.3878850988e-03
-6.4695828468e-03
-7.2032915057e-04
3.8278975649e-03
-1.1154742612e-03
1.5251312280e-02
9.6042673413e-03
-1.0168645488e-02
5.5026585171e-03
1.6249660798e-02
8.2721193128e-03
5.3056582626e-03
-8.5588994158e-03
1.3282211457e-02
-7.3243233617e-03
2.6749743013e-03
-8.9046941980e-03
-4.5809341178e-03
-7.6744067738e-03
-1.2062719425e-02
-7.0251212267e-03
-4.4041942954e-03
-2.4841430979e-04
1.1228464932e-02
-1.2131951456e-03
-1.1737545973e-02
5.5441733176e-03
6.6571802390e-03
1.8778674973e-02
-1.0440606027e-02
-1.9759838222e-03
-3.2995557996e-03
3.7260319187e-03
5.9414063313e-03
-5.6338640100e-03
-2.1476501820e-03
3.9483022947e-03
1.3262517080e-02
-6.5534620769e-03
1.9196791758e-02
7.5306911568e-04
5.0788377388e-03
-1.1033350186e-02
-2.4046899513e-03
-1.2404534371e-02
4.4537411010e-03
-9.4018473084e-03
8.5418866996e-04
-1.0515485303e-02
8.7746370718e-03
1.1759357904e-02
-1.0263368129e-02
-6.3739972778e-03
-1.3886974126e-03
7.0120586343e-03
-4.1424826052e-03
-8.2765678717e-03
-3.9438176263e-03
1.6419459169e-02
7.8658933536e-03
7.9644354608e-03
3.0285588443e-04
-9.4718284131e-03
-8.8005335864e-03
-5.9999365551e-03
-6.1061852959e-03
1.0507550684e-02
2.7107975797e-03
-9.4381179616e-03
-1.9092769563e-03
1.3795893272e-03
5.2938358728e-03
-4.3996262737e-04
-5.0409647775e-03
8.1043866345e-03
1.2131611356e-02
-1.2894347397e-02
-5.1467386811e-03
-7.0392197705e-03
-8.7962350381e-03
-8.6262457685e-04
8.7250952051e-04
8.0815775392e-03
-3.1527193452e-03
-8.9776464906e-03
1.7151572853e-02
4.4163275313e-03
2.7482929587e-03
-5.2272782905e-03
1.6373431171e-03
-1.3450153926e-02
2.2402050175e-02
1.6624570020e-02
6.4286362489e-03
-4.4804424605e-03
-1.6722373731e-02
-4.4827035428e-03
4.1299505208e-03
-6.0334082483e-03
3.2614006375e-03
-7.6481782693e-03
-4.9580065547e-03
-2.9475416805e-03
8.7064237277e-03
-4.5088788136e-03
-9.5642210308e-03
2.8838696655e-03
-4.5613140288e-03
2.6041992811e-02
-2.5707797416e-03
5.6410231973e-03
-3.5796596478e-03
-4.9508214227e-03
-2.6194528648e-04
-1.0979777590e-02
4.2331729634e-03
6.0732669321e-03
9.2207686770e-03
-1.1218882160e-02
-9.0501378919e-03
-3.7779329700e-03
1.6946841630e-02
1.0113362575e-02
4.8878109643e-03
9.9308484183e-03
-1.2529748746e-02
-7.8679803712e-03
1.1220393069e-02
-1.2638827722e-02
-5.7273913764e-03
-3.2567115818e-03
-2.6375895135e-03
7.6077896322e-03
-6.5805302859e-03
-9.8384667254e-03
7.3843771015e-03
-3.1979977095e-03
1.4719978825e-02
4.1902720984e-03
3.2954109230e-03
-7.4842151800e-03
1.3556389980e-02
-3.5096313475e-03
-9.3710238152e-03
6.9880412309e-03
-7.2338587828e-03
-5.8432217443e-03
-6.8522342059e-03
1.7474855015e-02
-1.2135827586e-03
9.9361417238e-03
6.4372406657e-03
2.1418674224e-02
-7.6841576574e-03
6.3898562463e-04
9.3464384973e-03
4.0350141069e-03
5.4609441025e-03
5.6845014337e-03
-3.1492461123e-03
4.5565755825e-03
-1.1645305982e-03
2.1290365127e-03
2.1855328461e-03
-7.7247038117e-03
7.0819094490e-03
1.8227004490e-03
-2.7203262850e-03
-4.8767981097e-03
3.1924562517e-02
-5.0889880560e-03
-1.7223621788e-03
-4.7233438821e-03
8.7065219207e-03
1.9267954089e-02
-1.2224798034e-02
-4.3113021186e-03
-9.3007580892e-03
7.3118790565e-03
9.6802726664e-03
1.2116034830e-02
-2.9578840696e-03
-1.7717488590e-03
-8.1628050258e-03
6.1640826200e-03
-5.1097921243e-03
-5.1536590799e-03
-1.1422745689e-02
-9.8268330512e-03
4.3738693227e-04
6.8006620701e-03
-1.1550271913e-02
-2.8687444796e-03
3.3253840212e-03
-9.1464663914e-03
4.0607628257e-03
-1.4245198986e-02
2.0641889597e-02
-2.5923626841e-03
-8.6132813605e-03
-4.4924697951e-04
-9.3192986193e-03
-1.0596613002e-02
-7.2686262152e-03
-1.1560009798e-02
1.0172664705e-02
-1.4867688905e-04
-3.6930831646e-03
6.4926252474e-03
1.6394388550e-03
-5.3501577164e-03
-5.3762535663e-03
2.7803827549e-03
-1.3397838480e-02
7.3843268121e-03
-1.0571602830e-03
-6.7231722666e-03
-8.9879617162e-03
6.9737287461e-03
4.3106704153e-03
-4.4073200104e-03
1.5957539591e-03
-3.6504120617e-03
-9.9836956414e-03
3.8873237420e-03
6.1451327100e-03
6.0952528226e-03
-9.3649719460e-04
-7.1979907844e-03
-1.1795823673e-02
-4.2286813960e-03
-8.8031534646e-03
-6.3853967972e-03
1.1949915203e-02
-4.4575195643e-03
4.3132850957e-03
-6.5937690676e-03
-6.1307822012e-03
-9.0840091799e-03
3.7759451608e-03
5.1014970577e-03
7.4003384038e-03
-6.3932779152e-03
2.4367981337e-03
1.6534598436e-02
-1.9115733884e-03
-8.5443805638e-03
-1.3175629107e-03
1.3438501689e-02
-5.1820368364e-03
-4.5594805468e-03
1.9421355041e-04
7.3618887337e-03
-1.0705582037e-02
6.5223606293e-03
3.8280019723e-03
-1.1565775127e-03
-2.3727854484e-03
1.4962185360e-02
4.9868097683e-04
1.5225960228e-03
-9.3453793507e-03
7.3413684279e-03
3.7804462827e-03
1.3996207098e-03
2.3073028715e-03
2.3214997026e-02
-8.1041882247e-03
3.8090322113e-03
-4.9365945184e-03
5.4524664892e-03
-1.2268257556e-02
4.1756037324e-04
-2.6238176360e-03
3.0277800618e-03
7.0754179427e-03
-1.2148895536e-02
6.9605120092e-03
-6.9093207052e-03
5.6541110217e-03
5.3156496128e-03
-1.2049124500e-02
3.7635578731e-03
1.5255193846e-03
-5.6462374355e-03
-2.7660360646e-03
8.4839444360e-03
-2.7779140861e-04
2.3094591307e-03
1.1002124206e-02
-3.8137270810e-03
-6.3280730736e-03
2.2997838897e-03
-3.7967396953e-03
-1.2974979198e-02
1.7152274157e-02
-2.9611774644e-03
7.7341000286e-03
-1.3178216490e-02
-2.8841067836e-03
3.8682697156e-03
-7.4805712003e-03
-2.9781246356e-03
9.8976189731e-03
1.0615957283e-03
4.4751051803e-03
-6.3684128849e-03
-2.7569122163e-03
-8.0195440705e-03
-4.0689835851e-04
-1.0917440786e-02
-1.2624691056e-02
3.5955447809e-03
-3.7341300922e-03
-5.8943964371e-04
-9.8172145120e-03
-3.9391978974e-03
1.2278629008e-02
-6.7942100384e-03
2.1950557161e-02
2.1744635087e-03
8.9184819479e-04
-7.8043827300e-03
5.3916704447e-04
-8.9826099304e-03
7.0748023694e-03
2.5731830846e-03
-6.7188004127e-03
5.0097365285e-03
1.1744277508e-02
6.8668971443e-03
-6.5628910847e-03
-7.0748659640e-03
2.2830792972e-04
1.1765704800e-02
3.3862499642e-03
6.0775989025e-03
8.9169843351e-03
-1.7325185213e-03
2.0907620997e-03
4.5961932439e-03
-3.5572889305e-03
-1.4943365326e-02
1.0796948833e-02
-4.0180767508e-03
1.8401708336e-02
-8.7094033309e-04
1.4065486720e-02
1.4791909629e-02
-6.2600274479e-03
-3.7193275632e-03
-3.4746981198e-03
-4.7289094457e-03
-4.3641806735e-03
-1.5404356045e-03
1.6524484242e-03
2.2809321351e-02
-1.8459762713e-03
-2.4091108549e-03
-1.1001890761e-02
1.7334026234e-03
-4.2580712385e-03
-3.2532726798e-03
3.5286288513e-03
-4.9984648563e-03
3.6796152424e-03
-9.0534736679e-03
-3.6686409506e-03
4.7460711881e-03
-1.2468403912e-02
-4.1939028384e-03
-6.9987363168e-03
5.0781135999e-03
-1.1878092664e-03
-2.2788168424e-03
-9.5305070717e-04
3.0790291176e-03
-1.0776267688e-02
-1.7311953442e-03
2.1044477905e-03
2.6457026593e-03
-5.7492277713e-03
-8.2405309191e-04
2.6687420535e-02
-1.1005621520e-02
1.0233237129e-02
-5.7363353561e-03
-6.3417112605e-03
-1.0194668082e-02
-3.4639078716e-03
1.1919463540e-02
1.7616310666e-02
1.3678334868e-02
-4.9084592853e-03
-8.7603242726e-03
-6.2892591947e-03
-2.9693418917e-03
1.6914989103e-03
5.2004755305e-03
-7.8560177744e-03
-2.8185115687e-03
-2.5975653800e-03
-1.2445790725e-02
1.1119599159e-02
-1.0381666446e-02
-6.5766699572e-03
1.2875990897e-03
-1.2617428522e-02
-4.7064095880e-03
-9.7802529504e-03
7.1664643934e-03
-2.6355052140e-03
-5.7380979782e-03
1.0836396372e-02
6.7082357458e-04
-5.9978865192e-04
4.4691206661e-03
1.8218573091e-03
1.5155185611e-03
4.4267110039e-03
-8.5523895479e-03
-6.2344779040e-04
4.8644437126e-03
2.4250425491e-02
1.9239711985e-03
6.3305200151e-03
-1.4493056073e-02
-1.9808102264e-03
8.1970161540e-03
-7.4402785127e-03
-3.4557948275e-03
-4.2185085189e-03
-2.7583901018e-03
-1.2758851949e-02
-7.3701846474e-03
7.9460351697e-03
6.0000597148e-03
5.7146160032e-03
-2.9814350892e-03
5.3531495901e-03
7.8383910854e-03
1.0575406169e-02
7.3479815458e-03
-1.4372062648e-02
-1.1368630738e-02
1.9049025167e-02
1.0094214577e-03
-1.2472232783e-02
-5.2296800313e-03
8.7229924461e-04
2.1295331784e-03
-1.0008755469e-02
-3.1630405104e-03
1.1605715618e-02
-7.9288187235e-03
-2.1039842110e-03
3.3213717565e-02
5.0248579206e-03
-1.7200793258e-03
-2.7085856524e-03
3.2290691516e-03
8.5426454705e-03
-7.2106621151e-03
-8.7859668708e-03
-9.0986995631e-03
-6.9567842686e-03
-8.7603823543e-03
-1.4412325147e-02
1.7658900609e-02
4.7702102380e-04
-1.1542487613e-02
-1.2039124306e-02
-9.5627709961e-03
1.0060908185e-02
3.0925898119e-03
-7.7952520297e-03
5.7702427967e-03
1.0566530371e-03
-2.3035490990e-03
-6.7468622009e-03
2.4576424672e-03
1.2100691239e-03
-1.8139333237e-03
-1.3248808726e-02
-3.7516795432e-03
-4.9139578988e-03
7.2182060782e-03
2.1748466587e-03
1.0325376462e-02
-8.9811191096e-03
5.1118627233e-04
-5.2924911996e-03
4.7434541828e-03
-7.1639112372e-03
-8.1585844014e-03
1.7147071786e-02
-3.2491420498e-05
-7.0182885347e-03
-1.1365963322e-03
6.3293375082e-03
-3.0960282548e-03
5.5237324119e-03
4.8999874073e-04
-1.1079101545e-02
-1.4344835278e-02
1.2507531370e-02
3.5847492208e-03
1.1993164135e-02
3.8350805555e-03
-9.5914613765e-03
5.5973813945e-03
-7.9644203963e-03
-1.0112973098e-02
-4.3729447997e-04
3.6723624246e-03
-4.2013093650e-03
1.8494329100e-02
1.3034642199e-03
3.9787505039e-03
-3.7553659081e-03
1.8110210632e-02
5.7762075296e-04
-9.9474167238e-03
-1.1304136437e-02
-6.8336850496e-03
2.2212670327e-03
-7.6853411563e-04
-1.1338421617e-02
-3.8056497745e-03
4.6858066479e-03
-1.1239402164e-02
9.3036324279e-03
-1.0057810447e-02
-1.2176343137e-02
1.2720170089e-02
2.7594119520e-03
2.2580483106e-04
-5.7527575324e-03
1.1551391777e-02
2.5641588300e-02
7.0025217167e-03
-2.3966058037e-03
2.0245299186e-03
4.1165253735e-03
-3.5641183824e-04
-1.1820191828e-02
-7.6321049978e-03
-6.0274754982e-03
1.6280243560e-02
-3.2534427016e-03
1.8201740671e-04
2.2647161891e-03
-7.0028779362e-03
8.9169027688e-03
-8.0277201352e-03
6.0502551988e-03
1.6084529624e-02
-6.3114314004e-03
-2.4742322244e-03
-5.2398150168e-05
8.5880104520e-03
-4.7354338093e-03
3.6038142198e-03
1.9141724055e-02
6.0139938784e-03
1.6861022111e-03
4.7314274797e-03
-7.7797259716e-03
9.4060008352e-03
-3.1508186520e-04
-7.9155624077e-03
-8.7219616137e-03
3.2918690623e-03
3.2770652916e-03
1.2937557000e-04
2.0026566929e-03
-3.3596018289e-03
2.1804654229e-03
-3.0998626681e-03
-3.7880584545e-03
3.8428920555e-03
1.0691398705e-02
-1.0982958633e-03
1.8205887534e-02
1.7636471293e-02
1.2414056908e-03
-8.8837798850e-03
-7.1452847581e-03
-7.7795299119e-03
-1.0509776721e-03
9.8900640942e-03
9.0862691291e-03
-9.5394853326e-03
3.3278481543e-03
1.2968607010e-03
5.7446502054e-03
9.4666562257e-04
2.2880822440e-03
-1.9780103173e-03
-3.2557324841e-03
1.1872958021e-02
-2.2108907686e-03
3.0159349033e-03
-6.0270530894e-03
-1.5844800706e-02
-7.1794025587e-03
-2.1221405766e-03
1.9593717579e-03
-4.8420846800e-03
1.5344114249e-03
-1.0053632474e-03
-3.7794962321e-03
4.5174287950e-03
3.7108511286e-03
-5.7276815846e-03
-4.7865157983e-03
1.9049595758e-04
-6.6303358636e-03
1.2185020945e-02
2.2227079187e-02
-7.9264725947e-03
9.5960348685e-03
2.8935006737e-03
4.2025657792e-03
5.9260637179e-04
1.4662474288e-02
-4.8396929406e-03
1.7634144912e-02
3.4053650436e-03
-2.1108697204e-03
-8.8924473255e-03
7.9180778792e-03
-7.3673451226e-03
-3.5131849138e-03
-9.6725145990e-03
5.6843543397e-03
-1.2191034483e-02
1.4077484571e-03
-7.3024568821e-03
-1.0822091529e-02
-7.1163839367e-03
7.8352099489e-03
-1.6587989052e-02
-6.2330072806e-03
-1.1587279604e-02
-1.2028440943e-02
4.9893423562e-04
-6.7725195589e-03
8.2505464482e-04
6.4731964821e-03
2.7407661101e-03
7.2777615908e-03
5.9040159989e-03
3.3770275904e-03
-8.0222917583e-03
3.3325289366e-03
1.4091581488e-02
-4.1106857632e-03
1.0947166223e-02
-1.0283476219e-02
4.6225671005e-03
2.4872585643e-03
-2.0727797403e-03
-3.9906989005e-03
-9.1731660076e-03
1.7093983195e-04
-1.1061513221e-02
1.9130459648e-02
1.2634440685e-02
-2.9480419793e-03
1.3907524032e-02
-1.8009579264e-04
-2.4565075561e-03
-6.9419411666e-03
-4.9479597906e-03
1.0147018271e-02
1.0481642794e-02
7.1836540911e-03
-7.9925538074e-04
1.5123926354e-02
-1.4938951619e-03
-5.0214617615e-03
5.6622006437e-03
-9.6312925953e-03
-8.8861465751e-03
-9.5448167166e-03
1.9113823852e-02
1.0231623287e-02
8.3635942352e-04
-1.1364320494e-02
6.8258390289e-03
-9.1778744794e-03
-1.0550558581e-03
-1.3222157484e-02
-4.4317775162e-03
-3.5906075923e-03
-1.3542002804e-02
7.4648880314e-03
8.2520447790e-03
1.3888675659e-03
1.0272578687e-02
-8.1977502278e-03
-1.1390665161e-02
-1.2521020621e-03
1.7324114468e-03
1.9025074192e-02
2.9275626794e-03
-1.0142332966e-02
-9.3313880813e-03
1.2264165944e-03
1.8291143625e-03
4.2137754055e-03
-8.5804459496e-03
1.1486292489e-03
1.0026648848e-03
-7.0528022992e-03
1.9636885805e-02
1.7944142311e-04
-1.3041671409e-02
-5.2481883367e-03
1.9723788811e-02
-1.0793633030e-02
5.4598341655e-03
-3.8090252444e-03
-7.9208846832e-03
8.6826090367e-03
-5.0630282028e-04
-8.3920460139e-03
3.7103864568e-03
4.5418644444e-03
-7.5324653887e-04
-1.5224753698e-03
-1.6914619234e-04
6.5174916904e-03
2.9564694075e-03
1.6238510384e-03
3.7256038499e-03
2.0207954234e-03
-2.7020485826e-03
-5.2970629053e-03
-6.6211361269e-03
4.6955622248e-03
4.3072950618e-03
-1.0038452592e-02
3.5975793949e-03
-1.1951710911e-03
-7.8772065302e-03
-2.5996277593e-03
-8.9324028044e-03
4.8016706021e-03
-5.9379126826e-03
-1.2531973771e-02
3.2970709389e-04
4.1150079279e-03
8.0223388751e-03
-1.2015356731e-02
8.4512789439e-03
1.5650750091e-03
4.4833362297e-03
5.0503246060e-03
-1.0258805761e-02
1.0965100216e-02
4.4274537651e-03
1.2617926569e-02
2.3851996538e-03
-7.9682052213e-03
6.0676521039e-05
4.3557326600e-03
-5.8931439342e-03
1.6978444220e-02
1.0694801960e-02
-1.3790436344e-03
1.0192231577e-02
7.2401555717e-03
2.4553150993e-02
-9.2444433070e-03
8.1937619976e-04
4.3189501953e-03
-2.6703933664e-03
-6.7757690315e-03
-7.4934634232e-03
2.3454987014e-03
4.1256842771e-03
1.3211637477e-02
-1.8270877479e-04
1.1610849381e-03
4.4268938472e-03
7.4124019551e-03
-8.0760394349e-03
-4.6670679494e-03
-5.0965618200e-03
9.8461812242e-03
-2.1949838769e-03
1.0028006925e-02
-7.5340839399e-03
-7.4200763384e-03
-1.4857899044e-02
-4.6013215331e-03
-4.6077720577e-03
1.7361267878e-03
-3.1921113820e-03
-2.0848277534e-03
-1.8292017233e-03
-6.7875680722e-03
-1.0645026376e-02
1.3842067661e-03
-1.7379328930e-03
-1.3331241332e-02
7.0090757692e-03
3.3239147605e-03
6.9051796667e-03
7.6364789732e-03
-1.1830832992e-02
-7.2646674812e-03
-9.2340611159e-04
3.3280237778e-05
-2.2910585163e-04
1.1151499446e-03
1.1066262293e-02
1.0593919622e-02
-1.4421262230e-02
-5.2429218067e-03
-7.2569593193e-03
-7.4753699012e-03
-4.5171624225e-03
-2.9428814011e-03
3.9594417159e-03
1.0529818932e-02
1.3151562046e-02
-5.8360379214e-03
4.3487820422e-03
9.4944317833e-03
-1.0033664132e-02
5.0433198459e-03
7.3571236508e-04
-3.8297478652e-03
-9.0790172371e-03
-1.6853835268e-03
1.5043130073e-03
-1.1055091629e-02
-1.6799952774e-03
7.1658916379e-03
7.8174548733e-03
-1.0189877513e-02
5.0853208172e-03
-1.1935489418e-02
-1.0041060429e-02
4.1291294397e-03
-8.3781685213e-04
2.7038951328e-03
-6.6666198940e-03
-1.1933415763e-02
-1.1032632721e-03
-1.3808294692e-02
-7.0756125083e-03
-3.2685842591e-03
1.1823791463e-02
-7.0649725606e-03
-1.6065249731e-03
6.8575046177e-03
-1.4369935190e-02
4.3132578784e-03
-6.3940208819e-03
-9.9593534384e-03
1.0262923849e-02
-1.0838648867e-03
-1.1420658444e-02
-3.0956263635e-03
-1.5029942268e-03
-1.6558459490e-02
-2.8911796400e-03
-9.8674881785e-03
-3.1221537776e-03
-7.7578860255e-03
3.0923749845e-02
-2.7246059026e-04
-1.0172289327e-03
2.0388867723e-02
3.9154972247e-03
-4.3410121394e-03
-4.0848436705e-03
1.9601236486e-03
-1.0324065767e-02
1.0829769400e-03
-7.9298862946e-03
-1.7214119353e-03
-1.0363131722e-02
-5.7628727789e-03
1.1150358412e-03
-9.5175474993e-03
2.6918447070e-03
-3.1287509893e-03
-3.4175753548e-04
-1.0295227999e-02
-4.6763962059e-03
-5.5113307844e-03
7.7025153832e-03
2.3174153554e-03
-7.1996169479e-03
3.2421867466e-03
-1.5200375596e-03
-3.0348980683e-03
1.7396707535e-02
2.8878376933e-04
1.5144765494e-02
2.7512847784e-03
-9.0864994931e-03
-3.3552358267e-03
2.1363782956e-02
-8.1057634990e-04
-7.4948644421e-03
-4.0865752329e-03
3.4395354009e-03
-2.8732313884e-03
6.6100117691e-03
-1.3367117167e-02
4.6016139011e-03
4.7298447588e-04
-3.9540816918e-04
1.3790681878e-02
3.6285272312e-03
2.0365786392e-03
-1.3114172832e-02
-3.2679076346e-03
2.1693634538e-03
-1.0024069050e-02
-1.5157570859e-02
-9.0412394711e-03
-1.4407636452e-02
6.8548934687e-03
-4.7573369036e-03
-2.7588199512e-03
4.5970860881e-03
1.9923572931e-03
3.9479939122e-03
8.3139022180e-04
-3.0545587397e-03
-1.8218305446e-03
-1.1324071908e-03
-9.9132592780e-03
-2.1100030087e-03
-7.2436964581e-03
-2.8574938258e-03
-3.5214614862e-03
7.9782545719e-03
4.1290744708e-03
-8.0497419925e-03
9.1525739897e-03
-4.5628066334e-03
8.5592237274e-03
1.0789242599e-03
2.5815193871e-02
5.1171612949e-03
-3.6489956657e-04
-1.1007682669e-02
5.4692494618e-03
-4.8027985278e-03
-9.5411217431e-05
-6.8436727798e-03
5.0698510232e-04
-9.4782070003e-04
1.7820062859e-02
-8.8861131092e-03
-8.4238925912e-04
2.8357868967e-04
9.1123571900e-03
-8.9584869926e-03
-8.2600587552e-03
-6.0600253731e-03
-9.2383386830e-03
1.0492372829e-02
7.3443713095e-03
3.6465939184e-03
1.6930422917e-02
-8.1731349057e-03
-3.3846403563e-03
4.4514091666e-03
1.9778659357e-02
7.7565605930e-03
-1.3526337115e-03
-2.9330753364e-03
-5.3958532757e-03
3.3114258131e-03
1.9919213639e-02
2.8235741579e-03
1.4127999488e-02
-6.8932846898e-03
7.2622723936e-03
-7.2128240107e-03
6.7321325150e-03
1.1140422880e-02
9.2377698110e-04
-3.8238270483e-03
1.9956748946e-02
-7.1562626021e-03
8.9157972047e-03
-2.4491853044e-03
-5.8408185000e-03
9.1816285259e-04
-1.1488517162e-03
2.0971346218e-03
3.1841419286e-03
-2.9590206364e-03
-8.6438385969e-03
-7.0548677577e-03
4.7593987705e-03
9.6754654917e-03
2.7504522830e-03
-5.5748696756e-03
-1.1190202980e-03
-1.7532436234e-02
-6.1906756683e-04
6.8125477687e-03
-4.7344621349e-03
-3.6633884559e-03
-7.4556609367e-03
6.8385766872e-03
1.7635709891e-02
1.1833448504e-02
-7.1309735317e-04
3.0442163456e-02
-7.5610277547e-03
-3.7269558973e-04
-8.8559618969e-04
-9.6810804047e-03
-1.0927136972e-02
1.3823857053e-02
-3.4102009652e-03
3.1115835873e-02
-5.7823882811e-03
2.6300617759e-03
6.6731423393e-03
-7.2199033451e-04
-1.7145441131e-03
-5.8232847556e-03
4.7809984969e-03
-1.9607497560e-03
-5.9075669532e-03
-3.9476957295e-03
5.1113868238e-03
-2.6115544821e-05
9.5488901447e-03
-1.0524907700e-02
-7.5283916681e-03
7.9455286119e-03
-4.8921268712e-03
-2.3202333070e-03
2.0709048184e-03
5.7796179643e-03
2.6796157225e-03
-6.6478889805e-04
-2.4479696229e-03
-2.7676298742e-03
-2.9313588107e-03
7.7262667088e-03
1.2585782859e-03
-6.2568162410e-03
3.1086466724e-04
-7.1676789193e-03
-1.4102235159e-03
4.0267538056e-03
-9.0825409198e-03
1.0904268135e-02
7.5446265285e-03
-1.1926261146e-02
-2.0313023492e-03
-9.0998905676e-03
-1.8230283515e-03
-6.0843423583e-03
-5.4627338640e-03
-1.5365009291e-03
-1.7291871351e-03
3.4853615883e-03
-7.3176084007e-03
6.6262548394e-03
1.7566990154e-03
1.3924392306e-02
-1.1513847283e-03
-1.0169371513e-03
1.0845886034e-02
-2.0820720681e-03
1.1846824650e-03
-2.5444002754e-03
1.4985567711e-02
5.3338867855e-03
4.3201961740e-03
-4.4555169662e-03
-6.2860685179e-03
-4.7015157550e-03
-7.6275653189e-03
-4.5363879454e-03
8.5564940380e-03
9.8495961113e-03
1.2649236375e-02
-1.6971799010e-02
8.0869559622e-03
8.4542976521e-03
-3.4567942040e-03
2.1565740832e-03
1.5731202044e-02
3.6397719969e-03
-6.7276535895e-03
-6.9546469687e-03
5.7117744071e-03
-1.1321994358e-02
1.8378801971e-04
5.2778982766e-03
6.6517632085e-03
-4.2019858556e-05
-3.3532959324e-03
-1.3165958726e-02
1.7091442152e-03
2.9809423385e-03
5.5427794173e-03
2.4795122979e-03
2.6009177484e-04
-7.6099776620e-04
-1.0525698103e-02
1.1504598682e-02
1.4996236543e-03
-6.7526620990e-03
-2.7379924730e-03
7.3619922153e-03
-2.2026591014e-04
-1.3249997367e-02
2.8914531460e-03
-1.0293366419e-02
-9.3294322278e-03
1.1280617128e-02
-1.1475689820e-02
5.8603728604e-03
1.3609268723e-03
-3.1430335627e-03
6.8051922465e-03
9.7652401068e-03
2.6303185978e-03
-7.1456037358e-03
-1.2899006622e-03
-2.8125158129e-03
8.1936000333e-03
-9.8223280536e-03
1.6365000251e-02
8.8394577132e-03
-1.0533448308e-02
-5.1247889860e-03
-6.3260581593e-04
-3.3155672857e-04
7.0363441412e-03
-9.2020451244e-03
7.4102870308e-04
2.0819314397e-03
6.7806912148e-03
-1.2348649232e-02
2.5876673668e-03
5.7621169700e-03
-3.0258085432e-03
5.5589179022e-03
1.6585268814e-02
8.5934647703e-03
-2.4255617480e-03
3.3141720449e-03
5.7860436052e-03
1.0665671326e-02
-1.0207915717e-02
-7.5759838516e-03
-1.7208564003e-03
1.1637951805e-02
8.6070591138e-03
-9.5421088090e-03
-1.6530527127e-03
2.0945004346e-03
1.0387633403e-02
-1.1139342657e-03
-6.6798811666e-03
-4.3230060096e-03
2.2095755722e-03
-5.7077842298e-03
-2.8454307597e-03
-4.6095193922e-03
-3.5200449514e-03
2.2741008543e-04
-4.2128526034e-03
6.6193289347e-04
-1.1397029447e-02
-9.1827876942e-03
2.7012421207e-03
-4.7831155032e-03
6.3966963135e-04
-2.0020543663e-03
-7.0497787416e-03
4.9556813151e-02
1.1178286633e-03
4.6418265581e-03
-1.1272241512e-02
4.7099245026e-03
8.3299915270e-03
-4.4120036395e-03
3.9352833686e-03
3.1313381238e-03
1.3061239188e-02
1.6773427064e-03
7.2380254169e-03
-8.3791007827e-03
-4.2997278185e-03
-1.1144538920e-02
4.7542537328e-03
-3.6967500805e-03
5.4943721745e-03
-3.2983476622e-03
1.8125564394e-02
-2.1551265711e-03
2.5084813879e-03
8.5969744504e-03
4.8865382083e-03
-1.0086699597e-04
-8.5640898640e-03
1.1296709083e-02
6.6591135126e-03
-3.3575226354e-03
7.3565714193e-03
5.9663479370e-03
8.5222141868e-03
-1.6338338857e-03
-5.0553402172e-03
5.4867208369e-03
1.5733047044e-02
-9.1981356796e-03
4.4826325341e-03
-5.1946773395e-03
-4.7858545799e-03
3.5846476523e-04
6.1777403030e-03
5.0153024913e-04
-7.5202566039e-03
1.5457777817e-02
-1.3646395227e-02
-2.0308454704e-03
-5.0456676540e-04
4.9723046391e-03
-3.0559417343e-03
-6.0415887502e-03
5.5050111840e-03
6.4136331756e-03
-9.0991892579e-03
-3.0222816406e-03
4.7623759163e-03
-5.1360074948e-03
5.9898762528e-03
9.3014915513e-03
5.7326221779e-03
5.5266469264e-04
-9.1070521635e-03
-4.4082370953e-04
7.8445285804e-03
-5.8648325860e-03
2.4183199105e-03
-8.4843098071e-03
-4.1177495420e-03
5.1883213774e-03
-1.1663339689e-03
1.8244487759e-02
-2.5117055950e-03
-8.7033746352e-03
-5.5238032764e-04
-3.0365355864e-03
-6.2275801517e-03
3.8623209871e-03
9.2407957026e-05
3.9287884869e-03
9.8814581638e-03
-9.2174099241e-03
2.6524353727e-03
1.1908690537e-04
-1.2416879988e-02
6.8888595284e-03
1.9649643035e-03
2.6182001147e-03
-3.6148596261e-03
-3.3860067877e-03
-5.7614523293e-03
1.5817975853e-02
-3.2528819996e-03
-4.5368635536e-03
-7.3056534277e-03
-5.8876476476e-04
-8.8839900093e-03
2.2672297585e-03
-6.8939096686e-03
-1.0351188548e-02
-1.0710811860e-03
1.3673971836e-02
-4.0992115704e-03
-4.1433151295e-03
-2.0018407645e-03
4.4378991760e-03
2.1345961714e-03
-5.3166671219e-03
7.6559650574e-03
4.1812339934e-03
-4.2560995597e-03
-8.7288751203e-03
-4.1994300604e-03
2.2824965380e-03
7.2695848663e-04
9.7501153117e-04
-5.5658499005e-04
1.0029206695e-02
4.3420552042e-03
1.0027264124e-02
-1.0014973102e-02
3.5425272068e-03
-3.7659725839e-03
7.4977740978e-03
-1.5502198494e-02
-6.2618413048e-03
-3.3498382936e-03
-1.7260574286e-03
2.5645790360e-04
-7.0647834964e-04
4.1132258340e-03
-1.6888201044e-02
-1.4653985666e-03
3.1215692105e-04
1.0386910404e-03
-1.4450635276e-02
-7.7486749159e-03
-5.6981442674e-03
2.4961139416e-02
7.2093453634e-05
-8.7227238165e-03
-3.3021605008e-04
-7.9015304530e-03
5.7933041572e-03
-3.3028860363e-03
9.8864938633e-03
-7.4579445101e-03
-9.8167198189e-03
-9.5172811816e-04
-6.7214269299e-04
4.9687594381e-04
-3.7848586277e-03
3.3356664875e-03
5.5001823864e-03
-4.5967211152e-03
-3.3325294934e-03
1.5342791243e-02
5.1148631259e-05
7.3205553030e-03
2.3883565817e-02
-5.2214025767e-03
-9.9535334724e-04
-9.7034203809e-03
6.6393562964e-04
2.5102379368e-03
-9.1025936583e-03
-7.2515361806e-03
2.9563324554e-02
-4.2917322268e-03
2.0148270535e-03
-7.3294144858e-03
4.9262282143e-03
2.0117095267e-02
7.2684284749e-03
-2.2063014795e-03
-1.0056075666e-02
-1.1528944624e-02
1.2414650912e-02
1.6682096142e-02
-5.2580590465e-04
-4.2544369643e-03
1.0746259107e-03
6.3977283831e-03
-3.0024172754e-03
-7.0409447814e-03
-1.1290394821e-02
-1.4155461857e-02
-6.8974625213e-03
1.5538306158e-03
4.4861047864e-03
2.5473574387e-03
-4.3055874034e-03
-4.2869058810e-03
-6.2174971015e-03
9.1014879209e-04
-8.5659433649e-03
2.6729494383e-03
2.1579329255e-03
-1.0955217566e-02
-3.7838658796e-04
-5.3149274058e-03
3.5382356623e-03
1.1903679705e-02
-9.1015912461e-03
-7.3336185790e-04
2.9561720026e-03
3.8664157442e-03
1.6003250816e-02
1.2775963665e-02
-1.0642363717e-02
1.5602911766e-03
2.5078748495e-03
1.2271207192e-02
-1.0526274981e-02
-4.9549255330e-03
1.4149495963e-02
5.8136118228e-03
-1.1456213736e-03
7.0269790002e-04
1.3908619819e-02
6.4698095270e-03
-2.8177888109e-03
1.4490058484e-02
-9.1552562157e-03
-4.3697446293e-03
1.1264551265e-02
-1.7236782846e-03
-5.3722977109e-03
-6.1487911342e-03
3.6734148780e-03
-1.3978252001e-04
-1.7712832566e-03
-7.1303474503e-03
-1.0888816269e-02
-8.0949008591e-03
7.7871811209e-03
5.4402861487e-03
-1.1327508383e-02
-5.7059439308e-03
-2.0951160206e-03
-5.4198970951e-03
-2.9464257700e-03
-1.0346777060e-02
-9.9639999383e-03
-1.0389886740e-02
1.4409529483e-02
-2.3378382673e-03
-8.8740394422e-04
-1.0923337269e-02
4.5151867482e-03
2.1004860509e-02
-1.0840958395e-02
-9.0001992346e-04
-3.4210210406e-03
1.1473747098e-02
6.2360425101e-03
5.8001983003e-03
-3.3565008139e-03
-1.0881472098e-02
2.5606533236e-02
-8.7396135120e-03
-6.0284125672e-03
-2.6488792138e-03
7.5851113911e-03
-7.1286310399e-03
-3.9249813625e-03
-6.9775729781e-03
5.0611523607e-03
5.9609446907e-03
-1.1205924007e-02
-2.5153447303e-03
-3.0190942837e-03
-1.4559608362e-03
-3.1096033446e-03
3.1368796838e-02
5.3997426146e-03
6.5315973841e-03
7.3854832174e-03
1.1133256018e-03
-2.2974103922e-03
-4.4742227059e-03
-8.7665850684e-03
-2.9662276801e-03
-9.9964955618e-03
4.0843383914e-03
-3.4353238349e-03
-6.2250871473e-03
-8.7499824199e-03
-1.0253834863e-02
-1.4235085075e-03
-6.0495482981e-03
6.2875237770e-03
-4.9470737324e-03
9.8091452531e-03
-1.5155358088e-04
6.1280786173e-03
-6.5365045595e-03
-8.2033052057e-03
1.7040851601e-03
-2.7047449683e-03
2.7115610637e-02
-1.5286585564e-03
4.0499036037e-03
-4.6204972951e-03
-3.0976408172e-03
-1.0577789676e-02
-1.5931897145e-03
6.1462515680e-03
1.0326652317e-02
1.1624300547e-03
-4.0681276794e-03
3.5898312932e-03
-6.1446721854e-03
5.7121085765e-03
1.7219371639e-04
-6.2512893246e-03
4.7773633406e-03
-3.6821883869e-03
-5.1668650914e-03
-7.0211618119e-04
1.0750007849e-02
1.8583051294e-02
7.6120585998e-03
1.2868837925e-03
2.6324422051e-02
-9.5443313364e-03
-1.7021736452e-03
2.5004162487e-03
9.1679807147e-03
1.3470430088e-03
1.0630873502e-02
1.1613963670e-02
-3.1779785238e-03
8.6369646260e-03
5.0758218917e-04
-2.8442112037e-05
3.6337699118e-03
9.6525165602e-04
-6.9289067701e-03
-1.0427438734e-03
2.4982818229e-03
-2.0550026735e-03
-6.5265271958e-03
-1.0595013809e-02
1.1881548561e-02
1.5739567125e-02
1.4027404557e-03
-4.4287818859e-03
-7.0587842652e-03
1.8014375163e-03
2.0804466145e-04
-4.1007462016e-03
-5.5011720747e-03
-8.1950541594e-03
3.6232649906e-03
1.0214010445e-02
-1.5877476004e-02
1.6392922056e-02
-6.4225249153e-03
-1.1415464358e-02
-9.5101314983e-03
-1.1505737100e-02
2.9486032903e-03
3.5495588239e-03
-5.2572210144e-03
-5.6092829679e-03
1.4818010326e-02
6.2584291042e-03
-2.9748340280e-03
9.7664574524e-03
-7.0069577529e-03
-2.7790019058e-03
3.3907368559e-04
-1.3276907617e-02
4.6392940393e-03
-8.8091774872e-03
-5.4751018575e-03
-2.1926276439e-03
8.8545132225e-03
4.1497270742e-03
2.2864997096e-03
-6.5030673371e-03
-3.5800699769e-03
-9.6623393381e-04
3.1296850447e-03
4.7267880421e-03
-5.5422465867e-03
-1.2956197464e-02
3.7521537095e-03
8.8474617499e-03
2.0230310796e-02
2.9860844133e-04
7.7898432580e-03
-6.1754465072e-03
6.4214313799e-03
-6.5995748032e-03
-3.5128287981e-03
8.8819501874e-03
-4.4785807092e-03
-8.7382453960e-03
-3.0353945141e-03
2.3627295470e-03
-3.8509230800e-03
-4.6914585546e-03
-6.2527914655e-03
-4.0509253852e-03
-6.0446953435e-03
-1.5850588895e-03
1.7669116611e-03
-4.2183721111e-03
-1.0222696032e-02
-9.9427679549e-03
-3.9638629897e-03
-4.1426286069e-04
3.3052581447e-03
1.0470654291e-02
-4.1838693986e-03
5.4356172834e-04
-4.8383541451e-03
-4.6321937165e-03
-4.9659468595e-03
-3.1545680318e-03
-8.2922824278e-04
6.9557189555e-03
-2.5166283396e-03
1.2930283105e-02
-3.7001362946e-03
-1.4305399168e-03
-4.6425202224e-03
1.0486335176e-03
9.9162600630e-03
-2.1767769298e-03
-9.2860554155e-03
6.1163713532e-03
1.1970137730e-02
-4.3295791626e-03
8.0159848134e-03
1.3362689592e-03
-7.9566373198e-03
4.8633367662e-03
-1.6807066088e-03
1.6337276462e-02
-6.2005434857e-03
-1.8945723734e-03
9.4132627825e-03
-9.4010654119e-03
-7.8388474271e-03
-9.7526102204e-03
-6.0862357422e-03
1.5800806363e-03
-7.7909131869e-03
-1.0439316684e-02
-2.0991633043e-03
1.5858647504e-03
-4.4213887705e-03
-6.2864537976e-03
-8.1940907683e-03
-6.9411168857e-03
1.0418143128e-02
-1.2246163992e-02
-1.1189462242e-02
1.9613676639e-03
7.1696615979e-03
-4.1653787315e-03
-9.1683237114e-03
-8.2513158128e-03
-2.9508702760e-03
-6.4180391011e-03
3.3436390876e-04
-1.9520851935e-03
-1.3428211415e-03
2.9872087241e-02
-2.9610266717e-03
-1.4475624696e-02
3.0374635875e-03
4.8216507309e-03
-6.1511130094e-03
1.4270045768e-02
1.7663859492e-02
-1.0752625472e-02
2.5375791254e-03
1.9566480160e-03
9.5585063391e-05
-8.9549513391e-03
3.1222201241e-03
9.4307509745e-04
9.0668652969e-03
-9.6288557869e-03
-6.1661050803e-03
-3.2128699186e-03
-1.1545815153e-02
1.0794189315e-02
5.7175397601e-03
4.4339754302e-04
1.1295489367e-02
-2.0094271787e-03
-5.2956612573e-03
-8.0294481737e-03
-3.8665621849e-03
8.6805263370e-03
-4.7932104608e-03
-8.4485520962e-03
6.9922270314e-03
-4.3350470424e-04
1.6347692790e-02
9.5673129166e-03
-9.0437668532e-03
5.0358145452e-03
-2.0508246918e-04
1.5405361985e-03
2.8215466516e-04
-1.2699467367e-03
-8.1386157500e-03
1.6113899951e-02
-8.4274561678e-03
8.5791749501e-04
2.1912110555e-04
-6.9953578471e-03
-1.2197734915e-02
1.0640898719e-02
-1.4053367061e-02
1.8172082845e-02
-7.0634302008e-03
-1.8847626073e-03
-7.2134267706e-03
-1.8496338556e-03
8.8777056576e-04
-1.2275840316e-02
-4.5291922727e-03
9.3657180308e-04
-6.4985089131e-04
-5.4828681173e-04
-3.4715593903e-04
-6.7565308960e-03
-1.0161693911e-02
-4.0197882792e-03
3.9505023752e-03
3.3145962576e-03
-4.3358327612e-03
2.6859568867e-03
3.8248005181e-03
-1.8441690054e-03
1.1908124220e-03
1.6768937224e-03
-2.3060814931e-03
-5.9261582128e-03
-2.0623518159e-05
2.8896223035e-03
-6.1378928976e-03
-4.9574160427e-03
7.1631239365e-03
2.4094578939e-02
-6.4763250571e-03
7.3450291974e-03
-3.5202106500e-03
-3.4553813832e-03
6.0742664537e-03
-1.0918623392e-02
-7.3482858279e-03
-1.1724209620e-02
1.1608950838e-02
-1.2344530704e-02
-1.1533443022e-02
-1.4393683187e-02
6.3156609636e-03
8.1142251846e-03
-4.7584802861e-03
-2.8296911261e-03
-8.1363404452e-04
-1.1129125074e-02
-4.6915997656e-03
-4.7569937306e-03
-4.6424228323e-03
7.5314385469e-03
-5.6982028487e-03
3.9905253528e-03
-7.2685975901e-03
1.2867382416e-02
2.3215197147e-02
4.0069976202e-03
-2.1185290776e-04
-1.0661016810e-02
1.8553645861e-03
-4.8127268683e-03
3.7329919925e-03
-2.1790912462e-02
2.5414731873e-03
-2.3953997083e-03
1.0679773296e-02
7.8982801165e-03
5.6845008562e-04
-4.0753203644e-03
-5.9906786315e-03
1.9657262441e-03
3.9545001753e-03
-9.9402509522e-05
-9.0940295857e-03
-1.0634129905e-03
-2.4444080743e-03
-1.7660678546e-02
-1.0376147329e-02
6.7817569513e-03
8.5104402291e-03
-1.8943550888e-03
-1.3557697380e-02
-4.9683866483e-03
4.0365683990e-03
-2.6691845035e-03
7.1373804361e-03
-1.0166888439e-02
7.4576821700e-03
4.4429398415e-04
-7.9979778878e-03
4.1742660489e-03
-2.6447530828e-03
-1.1353841669e-02
1.4691730082e-02
3.3226042902e-03
-3.0533780490e-03
-1.3049655192e-02
-1.3754558517e-02
-2.7727334339e-03
2.9571373189e-03
-2.1170652186e-03
-9.1735541684e-03
2.0812385513e-04
7.5976317167e-03
5.5916265925e-03
3.9383207042e-03
-1.1148443683e-02
1.3875589592e-03
1.6158839121e-03
7.2502739453e-03
-1.0230686062e-02
-9.1206070550e-03
1.0696261859e-02
-6.2660153690e-03
-9.4904637091e-03
2.0761824469e-02
-4.9688108644e-03
-1.0675413530e-02
1.3862199321e-02
-1.1447501901e-02
5.8009774198e-03
3.7015073398e-04
9.7595212548e-03
-1.4159059651e-02
7.2038104239e-03
-1.4084173503e-03
-1.2779324514e-02
-7.1253538878e-03
-5.8652340213e-04
3.8990364537e-03
-6.9053972657e-04
3.7509959933e-04
1.0450203511e-02
2.4622806551e-02
6.9718452059e-03
6.3772267748e-03
1.0112271689e-02
3.0593171867e-02
1.8794897163e-02
-1.1684583693e-02
7.8961675573e-04
-4.3888787370e-03
2.9520107197e-03
-1.2113124487e-02
1.3217114541e-02
-7.0480702501e-03
8.9253925518e-03
-1.4263563536e-02
-6.0266591364e-03
-1.2605710081e-03
6.5190069203e-03
-9.5040776997e-03
-1.0730016169e-02
7.8270093939e-03
-3.3527027961e-03
-8.1709849620e-03
-5.6673009683e-03
2.1356520598e-03
-3.3753031262e-03
5.3230901533e-03
-7.2125474434e-03
-1.1263694040e-02
6.6917637895e-03
3.9875073732e-03
-9.8951604332e-04
5.3400958570e-03
3.0255262134e-03
1.3956204864e-02
-4.5107205514e-03
2.8226545647e-03
1.1938282258e-02
3.5604900008e-03
9.1268439633e-03
9.2194937442e-05
-7.0072524442e-03
-5.3848245028e-03
-1.2876592415e-03
7.1707059569e-03
5.0554520526e-03
1.6541938305e-02
-7.5158749389e-03
5.4473205697e-05
-1.2230068687e-02
7.6522651529e-03
2.2480202472e-03
8.5386512819e-03
7.2977191675e-03
-6.9586405777e-03
1.0220714061e-02
-9.0048877692e-03
-1.3373503440e-02
-8.2039630095e-03
1.2820844924e-03
7.8271268526e-03
-1.0442056938e-02
1.9812608052e-03
3.0705139823e-02
-4.3945806741e-03
-2.8179391261e-03
4.1761769679e-03
1.6770470433e-03
3.8087789568e-03
4.6144318046e-04
2.0027181095e-02
1.5518711602e-04
-1.0078801553e-02
-1.1348307469e-02
-7.2024947533e-06
3.0232884656e-03
-2.1967648079e-04
1.7771361882e-02
5.8491166103e-03
-3.6108475631e-03
-3.5792719605e-03
-6.5742390288e-03
-2.8850789025e-03
5.6927154883e-03
-3.5013199259e-03
1.1407454667e-02
-8.9668841110e-03
2.6921622150e-03
-4.9470938985e-03
-1.1632218620e-03
-1.3425417832e-03
3.4136332301e-03
-6.5354566648e-04
1.1382849928e-02
-1.4159351864e-03
-3.5175887001e-04
9.0352160464e-03
2.1480839885e-03
-7.8218276785e-03
-1.2036978349e-02
1.3299269852e-04
6.6175479657e-03
-2.5005037661e-03
-4.5018668026e-03
-4.2254724310e-03
7.2339023117e-03
-3.2226011942e-04
8.3115024260e-03
-1.4142448160e-02
2.8881899277e-03
-2.6742551311e-03
-1.1405651366e-02
-1.0405578673e-02
-5.6731053950e-03
-6.6833315059e-03
-1.9983031479e-03
-1.6646723161e-03
-3.1164752423e-03
6.5854360183e-03
3.7397775440e-03
-7.6583697178e-03
-4.9618976588e-03
-7.8926430557e-04
-2.2584478693e-03
1.1703813836e-02
-3.6980650926e-03
-1.4220422639e-02
-1.0700326357e-04
-3.3733634836e-03
4.0072892172e-03
-4.4377587283e-03
-2.9292666681e-03
-8.8689181554e-04
2.9470094182e-03
7.7797729608e-03
-6.6892161427e-03
1.2120005994e-02
-5.7278268246e-03
3.1879530018e-03
-8.3561038856e-03
-2.6938318392e-03
-5.1536899578e-03
-2.8480715961e-03
2.7084890403e-03
4.1591087959e-03
-1.3674548983e-02
-3.6622303349e-03
5.9875397827e-03
-1.3426975882e-03
1.0350343035e-02
-9.1424925414e-03
-4.4373268573e-03
1.9298451126e-04
-8.5612630752e-03
-1.0030901446e-02
1.1131033159e-02
-6.8402822588e-03
2.0462541952e-03
-2.0868080471e-03
2.1115059928e-03
3.0508307704e-03
-3.1506016101e-03
8.6321033140e-03
6.5460958540e-03
1.3174152043e-02
6.2562097747e-03
8.0344727360e-03
4.1555334567e-03
-7.3043692812e-03
9.4094071356e-03
-3.6432837165e-03
-5.1173161557e-03
-6.6218010761e-03
-2.0545097793e-04
-1.0216842585e-02
1.1351680234e-02
2.7819673499e-03
1.3711044903e-03
-6.7379396496e-04
1.4828393865e-02
-8.0317378729e-03
2.9332221466e-03
1.6289686682e-02
-7.6105350319e-03
-6.4694424665e-03
1.9798627804e-03
-4.9615668995e-03
-1.4944260888e-02
-1.2874431409e-02
3.7761081011e-03
2.2036810936e-03
1.2936931494e-02
-5.4445248004e-03
8.6624589973e-03
-8.5399441833e-03
-5.0966748910e-03
-1.3377480911e-02
4.8394173675e-03
-6.4480135263e-03
1.8232156471e-02
-7.8084327134e-03
4.8733972898e-04
-5.8800337205e-03
-1.1322105891e-02
-5.2546546015e-03
-9.4135427193e-04
1.4738523967e-02
-5.9989482476e-03
-7.4628928220e-03
3.0185939322e-03
-2.7042777490e-03
1.3006623326e-02
6.3335920541e-03
1.2835247094e-02
-6.9313282137e-03
7.6676013008e-03
-1.1101804762e-02
-8.7912544192e-03
-1.2037382320e-02
-1.3793980292e-02
-2.0152559016e-03
6.7730522223e-04
2.3772125762e-03
4.0150778750e-03
-1.2162844613e-02
-8.5593402203e-04
5.2018619894e-03
-1.3233339104e-02
2.7517228926e-03
9.9590621352e-03
-3.5204627134e-03
-4.1116644506e-03
1.0511760230e-02
-6.6785943393e-03
-9.7584376869e-03
1.2791667864e-02
-1.7621900807e-03
-7.2860172066e-03
-6.4554702823e-03
4.3944801963e-03
2.3662319078e-03
-2.5120992816e-03
5.0321437653e-03
-1.3671022807e-02
2.2087006823e-02
1.2700489582e-02
7.0470940952e-03
1.0203090772e-02
2.5662298973e-03
-6.5488386782e-03
-6.6526158721e-03
-1.0388323952e-02
3.7950374902e-04
-5.5508947180e-03
-2.7672597234e-04
7.0055268442e-03
3.7157283167e-03
3.5705610071e-03
1.2650808723e-02
-6.0743756067e-03
-9.3311520549e-03
1.3218058678e-03
2.1667185570e-02
-8.2160301485e-04
2.6666977204e-03
-6.3037628171e-04
-2.1026559076e-04
1.6190890623e-03
-5.9066491910e-03
-9.1577023865e-03
8.7987359475e-04
1.1714829013e-02
-3.0628109422e-03
-8.5406870965e-03
-7.5601952738e-03
-4.1166291010e-03
1.8383373758e-02
-1.3943296757e-03
-3.8699932619e-03
2.4421449897e-03
-4.0075957296e-03
-3.1223180660e-03
-4.8751544127e-03
-1.8105245412e-03
-7.6738114706e-03
1.9731772710e-03
-1.0747686526e-03
7.5117991337e-03
-1.6575205772e-02
1.9193034898e-03
2.5398331490e-02
-4.7820321171e-03
-8.5344872238e-03
4.6484201562e-04
7.2248368643e-04
1.8988895278e-03
-1.4079960413e-02
-8.5336887022e-03
-1.0641679764e-02
4.2172099298e-03
3.0780766769e-03
2.7489248724e-03
-1.6657432459e-02
9.2297724647e-03
6.6927589985e-03
-4.3160159087e-03
-2.8644480996e-03
-2.9183597925e-03
-1.1007988086e-03
-6.5723772288e-04
1.0650321265e-03
-5.0053705695e-04
-1.7350737203e-02
-3.3260429472e-03
3.1150548845e-02
3.3418891297e-03
-8.2272539687e-03
-8.7539009202e-03
-8.8473047152e-03
1.0922558359e-02
-1.1445842174e-02
-6.4794446202e-04
-1.4722228547e-03
-8.7531606372e-03
3.9247737283e-03
-1.0687723733e-03
9.9865184127e-03
4.2005778970e-03
-1.5058904610e-03
-4.3901099981e-03
-6.4359825057e-03
9.3228865084e-03
-1.7468172301e-02
6.5342892919e-03
3.3424557055e-03
-5.5072341892e-03
2.0853973075e-03
-7.4330592490e-03
4.6196777857e-03
-1.1327147201e-02
-9.5186083249e-03
1.7926674993e-02
-1.0405104350e-02
4.0038262767e-03
2.5845446005e-02
7.8948704328e-03
2.7205961760e-03
9.4064760765e-03
-1.1891139957e-02
-1.7204684476e-02
-2.7807689885e-03
1.4537321349e-03
-4.4067577817e-03
-5.7782644396e-03
-7.4829797237e-03
2.2124599070e-03
8.6073054340e-03
6.5407450692e-03
-3.2295801278e-03
6.6558096477e-03
-8.6115196916e-03
9.6087618028e-03
1.8263455206e-02
2.8282552599e-02
-6.2146936479e-04
-4.8841025458e-03
2.3022235694e-02
5.7298490230e-03
2.0452803858e-03
6.8896510847e-04
-4.0002457915e-03
1.7778152777e-02
-7.2123104632e-03
-1.1904508365e-02
-8.9222128130e-03
-1.1406387270e-02
-1.9742713306e-03
-7.6641151355e-03
9.7879907694e-03
3.1590246458e-03
-1.0922779944e-02
-1.3370092086e-03
-8.2030852679e-03
9.5975246304e-03
-2.1444080596e-04
-7.0289526236e-03
-2.2099342280e-03
-3.2955077933e-03
-4.7375651899e-04
5.5633520415e-03
4.4979379158e-03
-1.3414864919e-04
-3.0258772653e-03
-8.1271303099e-03
2.6908565800e-03
-4.7854738952e-03
-8.0505200711e-03
-1.0104919699e-02
-6.2176375887e-03
-1.0649274462e-03
-3.3745668072e-03
1.6191453567e-03
-8.9806776257e-03
-6.1942340492e-03
3.0857481707e-03
-3.9762412245e-03
5.7144379491e-04
-3.3221732249e-03
5.6325431760e-03
7.5719268261e-03
-6.0003367826e-03
-1.3828010557e-02
-1.1576695541e-02
-1.0924740940e-02
-5.3903248885e-03
3.5541844341e-02
7.5960447273e-03
1.0636625088e-02
8.8838903671e-03
-5.3184210535e-03
5.4451960836e-03
-6.9692540782e-03
3.1323503879e-03
3.2169390938e-03
9.5503627653e-03
9.8081404776e-03
-3.7009258888e-03
-8.3960641251e-04
-1.3699823144e-02
1.3968742706e-02
-2.1528165024e-03
-1.5362542161e-03
4.2411189503e-03
-3.4705317777e-03
-4.3714806958e-03
-2.5696196927e-05
-1.4753888904e-02
-6.1738798380e-03
-3.7937508677e-03
-2.9006418169e-03
6.5219473005e-03
-3.7856159059e-03
-1.0784455227e-02
-2.6868890686e-03
-1.0354084478e-02
-9.7988689793e-04
3.5062177164e-04
-1.3075635076e-03
9.8362229848e-03
-9.8099943145e-03
7.6874832206e-03
-1.3638840479e-02
1.3212570966e-02
8.8921227311e-03
4.0722721147e-02
4.1867218108e-04
-6.4205323464e-03
-1.9902068477e-03
-8.9488528933e-03
-8.2273197016e-03
-3.1845903640e-03
9.2005821292e-05
-6.4104867647e-03
-9.0923015024e-03
4.9799368392e-03
1.2904939097e-02
8.0357171131e-03
7.9882611697e-04
-2.8547341487e-03
8.4890317794e-03
-4.2143196322e-03
-1.6141209539e-02
1.4477437918e-03
-8.4510531041e-03
-1.1736415840e-02
-4.5391864821e-03
-4.0909376769e-03
-6.9219256997e-03
-1.3440532322e-02
9.7436198837e-03
-8.2409451263e-03
7.2972650057e-03
5.3068567314e-03
8.1675667032e-04
1.8880427132e-02
-5.2035910480e-03
-6.2757681476e-03
9.7692521874e-03
-1.0844676111e-02
8.2870015919e-03
-3.9540756672e-04
-4.2985138768e-03
-8.6526713404e-03
1.4330641685e-02
-4.8572044258e-03
-1.6719619040e-03
8.3433158811e-03
-3.3391053497e-03
5.4689421587e-03
-5.9159015926e-03
4.5426104802e-04
2.9632967685e-03
-3.0498661168e-03
3.0851627357e-03
6.6448023712e-03
4.9104376177e-04
1.4081878650e-02
-9.3405246769e-03
1.4345079265e-02
-1.0067770881e-03
4.6416581702e-03
-6.8404364583e-03
5.6988952649e-03
-9.3864105716e-03
-5.4081924293e-03
2.4420512769e-03
7.3283046569e-04
-7.2653437699e-03
4.5761297641e-03
1.3273639566e-02
8.7288138140e-03
2.5214065592e-03
8.5222760548e-03
2.2292027728e-03
-9.4201157042e-03
-2.2515563464e-04
-3.2098862441e-03
-3.1968629813e-03
-4.4770879701e-05
2.1602383606e-03
1.5139772981e-02
6.1219690544e-03
-2.4725036479e-03
-1.3599058858e-02
2.1287128501e-03
-3.5516773762e-03
1.8762220722e-05
4.6476059254e-03
-1.0784726245e-02
-1.2611374371e-04
-2.3073191715e-03
-4.4348432162e-03
6.8518531637e-04
-9.8664664352e-03
-6.9513083441e-03
9.6288157098e-03
-6.8193638320e-03
-2.4568622628e-03
7.9590998147e-03
1.8494938998e-03
-1.1812013948e-03
-6.4267949786e-03
-5.5818847774e-03
-2.8679385863e-03
5.2829415087e-03
8.6078642592e-03
-9.9956589469e-03
-5.8761232497e-03
1.4076313008e-02
2.5633385458e-04
1.4278661232e-03
-1.1924953828e-03
1.0229863308e-03
-4.0151092936e-03
7.8481385166e-03
-4.0192973228e-03
-8.4224605862e-03
2.2610961184e-03
-2.5877986321e-03
3.8166354662e-02
8.1060196928e-03
2.3856030157e-02
-1.0426113042e-03
3.7434672572e-03
-6.1610446480e-03
3.1818407960e-03
-9.3099890681e-03
4.5645038851e-03
2.8490659564e-03
6.0916025783e-03
2.4108486042e-02
-4.7295138273e-03
4.9637568653e-03
-2.8232919897e-03
2.0105429098e-02
1.0925567571e-03
7.9029518808e-04
-4.5606461205e-04
-7.5710395457e-03
-1.0000150245e-02
-2.3127302237e-03
5.4138362533e-03
-1.6111860963e-02
-2.2469020445e-03
-7.3511057478e-03
-7.9897297685e-03
-1.5393289790e-03
3.0288736709e-03
-6.3075238312e-03
-1.5748921851e-02
1.6950806076e-02
1.1483962923e-02
3.6393025134e-03
-5.6075372591e-03
-4.7333709614e-03
9.7050634781e-03
-6.3440995106e-03
8.1944917971e-03
-1.2549278965e-03
-1.2744334433e-03
-6.9109191428e-03
-3.2648188819e-04
-1.3404192198e-03
-4.0609041949e-03
1.8626093881e-03
-5.8648252464e-03
-7.1959743856e-03
2.6802749667e-02
-5.0066186510e-03
1.1142439120e-02
7.8540489599e-04
7.7441961136e-03
-6.4057313382e-03
-5.5786235235e-03
2.5692714650e-03
-1.1476972727e-02
-3.1511221120e-03
-1.0576818532e-02
1.0936717750e-02
-7.7616014095e-03
6.2704252322e-03
-2.3899245602e-03
-5.0072205855e-03
5.4362368576e-03
1.1698026592e-03
1.0917274437e-02
-3.2165554906e-03
-1.1711827331e-02
-2.9699452852e-03
-1.5803104059e-02
-3.7813200375e-03
-2.6705376822e-03
-7.6985381943e-03
4.5527943068e-03
-3.2939713979e-03
6.7985678574e-03
1.1878700510e-03
-1.2276595144e-04
6.8114459702e-03
9.8532345929e-03
-5.0024123781e-04
2.7215397281e-03
-6.8297297567e-03
7.8666794262e-03
6.8166641463e-03
3.4372141245e-03
-8.4227765511e-03
-1.0039792703e-04
-5.2657957797e-03
-7.6857757293e-04
3.1433618679e-04
3.0166395937e-03
-8.7856030389e-03
-2.3945029899e-03
1.1901025558e-02
-1.9404712869e-04
6.0099770549e-04
-2.0020916934e-03
7.5243810713e-03
1.2941265274e-03
3.8838086276e-03
2.1203206770e-03
4.0040254664e-03
-4.6600368602e-03
7.8756193198e-03
-6.3301567719e-03
4.1970503889e-03
1.3155850047e-02
-3.9585852822e-03
2.0729783091e-04
5.5038415748e-03
2.2894641787e-03
3.1973212132e-03
-2.6725885596e-04
9.0132313166e-03
-5.4275524817e-03
2.8801535537e-02
-1.1504288830e-02
-5.8782542805e-03
-5.3233425508e-03
5.9197067530e-03
-1.0519697547e-03
1.8444156176e-03
4.5924390848e-03
6.4015202383e-04
2.4076526616e-03
-3.9904369381e-03
-3.6139258829e-03
6.8820571166e-03
2.2477218097e-03
-2.5160182895e-03
1.0504013791e-02
2.9590454109e-03
1.2969071571e-02
-1.4013726353e-03
-1.3197348934e-02
5.4826877276e-03
-6.1309177320e-03
-3.3144043090e-03
-3.4679864357e-03
4.2202287019e-03
-2.7003887277e-03
-6.0595813989e-03
2.8080220399e-03
-3.8910963690e-03
-3.3723643129e-03
-2.2080034377e-03
-1.9601346105e-03
3.9688187401e-03
-7.8520685215e-03
5.4277710063e-03
-5.5758527463e-03
7.3842009869e-03
-6.9885480538e-03
-6.7117183978e-03
-2.8061254967e-03
-1.5459958965e-03
2.2577550703e-02
-1.0439010262e-02
9.3282102395e-03
4.3285819656e-03
-5.0877478931e-03
-2.7321017048e-03
1.5303097838e-04
4.3178161799e-03
2.8113231637e-03
-5.9184160006e-03
-9.1295020941e-03
-9.1250412459e-04
7.3641189551e-03
-5.9463863548e-03
-1.0731287118e-02
1.5401802981e-02
1.8790831234e-02
-8.2307648178e-03
-7.5298760415e-03
2.8485289223e-02
-2.2157255325e-03
3.0519180585e-03
-4.6572381903e-03
1.3491754752e-03
4.8923657208e-03
-4.6315407998e-03
1.7315168747e-02
-6.4636992259e-03
-1.0579523666e-02
-6.2029299104e-03
5.5170239544e-03
-6.8443235866e-03
9.7888251522e-03
-6.8335753707e-05
-3.9695286248e-03
1.0345182821e-02
-9.1852381087e-03
-9.6883081896e-03
-7.9008306590e-03
-6.2039936294e-03
-5.8256975006e-03
1.0167340223e-02
-7.0210687695e-04
6.4730608361e-03
8.8716401912e-04
-1.9004761491e-04
-1.2574210661e-02
1.8048608994e-02
6.5830650355e-03
-4.9768085668e-03
1.0661682543e-02
4.7216192759e-03
-6.9980741895e-03
-8.4144864516e-03
9.8672932887e-03
-7.7082623772e-03
-1.2693668796e-02
1.4283964268e-03
8.9132978886e-03
1.2975348005e-02
-7.4094694012e-03
-8.2576483178e-03
6.5986359528e-03
-5.1801283543e-03
1.3329341936e-02
1.2043288301e-03
1.5664095963e-02
1.9456255721e-02
8.8804327210e-03
-1.1253747059e-02
-1.2808476318e-04
-8.4608878341e-03
-8.4917878473e-03
-1.5821703801e-02
7.7592635453e-03
5.3286898554e-03
-7.4181718728e-03
-6.0013360145e-03
2.9452723140e-02
-1.0249606549e-02
-7.7774982972e-03
-4.2258532757e-03
2.8181607221e-03
-1.2637772629e-02
3.1771794880e-03
-1.5181595571e-02
6.3197066718e-04
-8.7400505347e-03
2.0002916715e-04
1.9483133811e-02
-8.6909563977e-03
-1.0548165021e-02
-1.0231348048e-02
1.2300387687e-02
2.0615581954e-03
-3.7713643446e-03
-1.1786985214e-02
-5.5607926582e-03
6.5400561174e-03
4.2823249276e-03
-1.9083895839e-03
4.9925876520e-03
-2.0511441996e-03
6.9549820871e-04
-6.0829482693e-04
2.0478954208e-02
-2.2677807986e-03
1.0723442620e-03
2.4988932163e-03
-1.3293668243e-02
-8.9103249079e-03
-1.2979873239e-02
1.6398491721e-03
1.7818648265e-02
-5.6953163803e-04
1.0464571126e-02
-6.4243007219e-03
-2.3057613636e-03
1.5509676613e-03
4.0935593921e-03
2.8459436884e-03
9.6238044410e-03
1.8641398675e-02
7.0476379415e-03
5.5194068407e-03
2.3076035427e-03
2.2245476460e-02
-3.9051080830e-03
-8.2752617173e-03
1.6192151497e-03
-7.6959304032e-03
-1.2081922385e-02
-1.2520449062e-02
6.9031270812e-03
2.6134828830e-03
-3.4762568083e-03
-3.8932562370e-03
-2.5002456101e-03
1.4554403883e-02
-1.2412157600e-02
-8.9991008486e-03
-1.0659832963e-02
-1.1211206767e-02
4.8169866675e-03
-7.9710469044e-03
1.4391112319e-03
-2.9080289672e-03
-1.7249845698e-03
1.2562203551e-02
2.7704428755e-03
-4.9102337204e-03
1.0078235799e-02
-4.8998234181e-03
4.0919975501e-03
2.0945887733e-02
-7.8287537895e-03
-6.2294785724e-03
1.9736964705e-02
8.1539516526e-03
-7.4265919803e-03
1.0254598452e-02
8.3259056041e-03
-4.0470734783e-03
-6.2539261535e-03
-1.1066172260e-02
-6.7757942198e-03
-2.7734900091e-03
8.1872202759e-03
9.7926758339e-03
-2.2813088478e-03
-5.4595217946e-03
7.6743032426e-03
-1.0888336572e-02
8.8680444217e-03
-3.8974486832e-03
-2.2457119918e-03
-3.8120523978e-03
-9.3189670358e-03
-9.7307639456e-03
5.0423439111e-03
4.2402278271e-03
1.3120576438e-02
-1.4141947909e-04
6.1490529254e-03
-3.2067729261e-03
5.5087640743e-03
2.4574011796e-02
-2.6116073297e-03
-2.1614113845e-03
8.4512579008e-04
7.6649028258e-03
3.4449127628e-03
6.0734207537e-04
-1.4266040999e-02
4.1274054266e-03
5.6419195057e-04
-1.0542284513e-02
6.1137405623e-03
-5.4248521294e-03
1.2438001660e-03
-1.0323427987e-02
1.3520948598e-02
6.4848354276e-03
-4.5900372275e-03
-2.2266041011e-03
-2.1770514127e-03
2.3870656178e-02
1.3392339139e-03
-9.1515555946e-03
-4.4009590889e-03
1.2016783770e-02
5.2783411717e-04
1.6051285462e-03
-3.4968599097e-03
1.4534383447e-02
2.4862359199e-02
1.0804994202e-02
9.5666625265e-03
-9.0224090865e-03
1.3588578675e-03
1.8842213063e-03
1.2819073164e-02
-1.2540952170e-02
-3.0412584409e-04
1.5525113261e-03
-1.9250292969e-03
-8.4120519152e-03
-7.0160710206e-03
2.2882830311e-03
2.4945156692e-04
-1.2617362973e-02
2.4048131715e-02
-7.4458575252e-03
5.6226432353e-04
-1.8276686928e-03
-2.0148530337e-03
8.0018297021e-03
1.9369908391e-03
3.8486120432e-03
-8.9862119471e-04
-1.0614994163e-02
4.8957839955e-04
-1.1491039175e-02
1.0017751362e-03
-1.1629554822e-02
-1.7170606866e-02
-7.2647322135e-03
1.1583750537e-02
-8.6134964131e-03
1.4615079641e-02
1.9453804598e-03
-1.4684299056e-03
4.5927155714e-03
-1.5170164256e-02
-9.5627581423e-05
-6.7139459237e-03
-8.9368755330e-04
-5.5265146827e-03
-6.3955402897e-03
1.8951189973e-03
-1.0449919429e-02
-9.7737208023e-03
5.2537585269e-04
1.6940050730e-03
-5.4272885431e-03
4.3902336616e-03
-1.3084288077e-02
-1.4747410859e-03
8.8360976238e-03
9.3622035103e-04
7.2165455141e-03
5.8589473704e-03
-4.4730083235e-03
1.4312048355e-03
1.5215050368e-03
-1.5301818475e-02
-9.2153159213e-04
-8.7417572480e-03
-7.4403330030e-03
-9.6354138145e-03
-1.3725790116e-03
5.0375475940e-03
-1.3079471919e-03
-1.0893895679e-02
-8.9276088132e-04
8.2136047224e-03
-3.8060456415e-03
1.9279761387e-02
-2.7985584786e-03
8.7408584814e-03
-6.2752219187e-03
-2.7485995278e-03
-3.4855752265e-03
-2.0866032960e-03
-7.2408504862e-04
5.4311757218e-03
-5.3938053532e-03
-6.0204054473e-03
-2.3080707824e-03
-2.1195557396e-03
-4.0702498086e-03
-1.3768447815e-02
1.5582376607e-02
-7.5815018420e-03
-1.1736947761e-02
-1.1041484197e-03
2.3170727140e-03
-1.5396199636e-04
-7.3081817241e-03
-1.2477663348e-02
3.6757032299e-03
-5.0988210918e-03
-2.9441329002e-03
9.8787631076e-03
-5.8138218916e-03
1.4956201257e-02
5.3357859637e-03
-3.7570653417e-03
-2.6060686430e-03
-2.5813692178e-03
-7.2685042570e-03
1.4453051417e-02
-6.0501624624e-03
-5.4031335856e-03
2.3367479043e-03
6.8204746107e-03
-6.3923302291e-04
2.8324740567e-03
8.5537567778e-03
1.5975646073e-02
-1.4700268701e-02
-7.5254412285e-03
-1.3859238891e-04
1.2550456026e-03
2.7080106416e-02
1.2085019362e-02
-2.8528321626e-03
-1.9047430604e-03
-8.1778556485e-03
1.6677868132e-02
7.7417813064e-03
-1.1257238003e-02
6.4183913920e-03
-3.7460796179e-03
6.5928514593e-03
-1.1398286428e-02
-5.2242975414e-03
-3.3836295074e-03
2.2589637996e-03
8.1163943092e-03
7.3268196524e-03
-1.0442672302e-02
-6.6569799713e-03
-5.1128744846e-03
-4.5168255438e-03
-1.1228204899e-02
2.0481334743e-02
4.1027430532e-03
6.1610688182e-03
-8.6587334193e-03
-9.6208152579e-03
1.2707099853e-02
2.5207284939e-03
-2.0901244928e-03
2.8746329056e-03
3.8159548970e-02
-9.0625473097e-04
-2.4593061651e-03
4.1088665137e-03
-9.9562876983e-03
-3.6527369176e-03
-1.3785736176e-02
-1.5243707218e-03
-9.9088641595e-03
1.0561021826e-03
1.6606347700e-02
2.3830133261e-03
-1.5026842726e-02
-3.2761392386e-03
-5.1185151134e-03
-2.9502543067e-03
-6.5483722055e-03
-1.0110036521e-02
1.0572843557e-03
-1.3342763510e-02
1.8013402480e-02
4.5508502540e-03
7.7706706271e-03
-1.1058292071e-02
1.6919406671e-03
5.6733873298e-05
1.4040060985e-02
1.1386030969e-02
-1.2690682453e-02
-2.3852775461e-03
3.4727359694e-03
1.2823076478e-03
-5.4844434730e-03
2.7766671071e-03
1.6507404182e-03
-5.2600856012e-03
-3.5042285751e-03
-1.6565197001e-03
8.2961331239e-03
-1.7052003396e-02
1.7916685916e-03
6.3681738815e-03
7.0465686433e-03
-7.0612229620e-03
2.1497649707e-03
1.1107310838e-02
-4.0984621462e-03
-1.3870244129e-03
1.6184291362e-03
1.0446413776e-02
-7.2013297369e-03
4.5572123767e-03
-4.4181500575e-03
-1.5920168095e-02
-7.9171393167e-03
-1.6704336048e-02
3.8068809060e-03
2.9481427280e-04
9.2909722393e-03
-4.6293138751e-03
-5.2519643795e-03
-4.1757356114e-03
-1.7820958864e-03
3.1084052538e-03
-1.6598340105e-02
7.3025703706e-03
5.7240948884e-04
-1.1745658762e-02
1.7602610077e-02
3.1681406732e-05
2.7937147255e-03
1.3965048670e-03
-2.1830758657e-03
-1.5653136743e-02
-8.9656505680e-03
1.6098350781e-03
-6.9780829469e-03
-5.2609001527e-03
-9.1750188545e-03
9.3809610117e-03
4.8193452874e-03
5.8705596644e-03
2.5189359760e-03
-1.6777690640e-03
-9.2987529092e-03
9.2032280653e-03
8.8248194148e-03
6.5938102800e-03
-8.5616998249e-03
-6.5483894164e-03
6.5209382920e-03
-7.2659665587e-03
8.4921316425e-03
-1.2664374990e-03
-1.7513519665e-02
3.3528122328e-03
-1.8863740713e-03
-2.5520019821e-03
8.9623827408e-03
-3.1359200108e-03
-5.2567888172e-03
-4.6953925007e-03
4.4053616975e-04
-2.5260088765e-03
1.9711276158e-03
-1.8661447712e-02
3.3306686819e-04
-4.3654952566e-03
-1.0859356463e-02
3.3661018348e-02
1.6808215833e-02
-3.7417656851e-03
8.9346665197e-03
3.3714331037e-03
9.9925208645e-03
-9.7032336271e-04
-4.9944538145e-03
6.9092238675e-04
9.3309944439e-03
-4.8089562040e-03
2.2697109476e-03
4.1661503258e-03
-8.5622969622e-03
-4.2026998921e-03
-3.1483651877e-04
-2.5021650567e-03
-2.8451263193e-05
1.2731403159e-03
1.0837754691e-02
-4.5978279629e-03
1.9160030817e-02
-1.0512555776e-02
1.2141198864e-03
2.7338353988e-04
2.8262496789e-03
3.1970817273e-03
1.0436680503e-02
1.5510143680e-02
-3.2906768119e-03
-3.2482143741e-03
-1.2278129009e-02
-1.2501648969e-02
2.1763874895e-03
-1.5377518049e-02
-3.0208787505e-03
2.2505718977e-03
2.3842162509e-04
9.2035258685e-04
7.1919591913e-03
-8.0952570996e-04
-8.8226484674e-04
-2.9794148484e-03
-7.8633337858e-03
3.1364226681e-03
5.9935911707e-03
-7.3436671169e-03
2.9796932195e-03
-1.1835238424e-02
-4.0402154996e-03
6.0034988480e-03
-6.5042701554e-03
3.2882792894e-04
2.7825673385e-03
-7.7871506959e-03
-8.0289057040e-03
8.7414756807e-03
2.7849487126e-03
-8.8708238548e-04
1.5798038256e-02
-6.5068387734e-03
-4.3662886521e-03
1.7873957789e-02
-5.4029596857e-03
7.2358348150e-03
4.3934042365e-03
-1.4096710429e-02
2.1819417239e-03
8.3293829417e-03
4.1927028698e-03
-1.8709761417e-03
-8.3480113002e-03
2.3565472842e-03
6.0279440536e-03
-9.6586249520e-03
6.6135901982e-03
-5.7391932775e-03
-9.2471453824e-03
9.1799543867e-03
1.9670778550e-02
-5.5416346566e-03
-1.0222233228e-02
1.3195003628e-02
-4.7028660078e-03
1.4744563316e-02
6.8629825644e-03
2.1288671291e-04
1.9005265113e-02
2.3313839918e-03
5.1490129683e-03
5.0338799289e-03
-1.5362829140e-03
3.2836463111e-05
1.3082006851e-02
-1.4775397218e-02
3.0067966419e-03
2.1804945585e-03
1.9808002539e-03
7.1105893545e-03
3.0056380519e-03
-8.4497459209e-05
-1.1482689715e-02
9.0085655810e-03
-1.1274748343e-02
-4.2788593959e-03
-4.0771161660e-03
-2.3860255515e-04
1.9491375704e-02
2.1565637722e-02
-1.0043858386e-02
-7.2301114958e-03
4.5159960388e-03
1.9369210823e-03
9.3146221677e-03
7.0800068671e-03
-8.0840644142e-04
-8.5617499878e-03
2.4342285283e-03
-3.8539597935e-03
-1.5167328818e-03
-4.5441809471e-03
-2.9339373017e-03
-1.2395558905e-02
-5.5420530689e-03
2.0563223722e-02
9.8956155544e-03
8.8167542348e-04
4.7922293134e-03
4.2909003072e-03
-9.0065596688e-03
8.3613489745e-03
5.7583575773e-03
-3.1127684090e-03
-9.3725143849e-03
6.4190457368e-04
4.2194392975e-04
-1.0914749541e-02
-6.6752211682e-03
-8.3905361738e-04
-7.2068771847e-03
-2.3188865879e-03
1.6222198459e-03
-1.8610944821e-03
8.4062745828e-03
-9.3350392979e-03
-7.0481470276e-03
-7.6457019984e-03
-9.4997575737e-03
-1.3513965049e-03
7.3559429286e-03
4.4902522450e-03
-7.7511379016e-03
1.2156909421e-02
-2.4003423728e-03
-4.0348173175e-03
1.0132548452e-03
1.2176264564e-02
1.0436707762e-02
9.4923253827e-03
-1.1252406880e-02
7.5916545583e-04
-8.5539310958e-03
-5.6188811030e-03
-4.5223518396e-03
-2.5244342017e-03
1.1944447677e-02
1.6862945001e-03
-2.9902337788e-03
5.3755419821e-03
8.4815865906e-03
2.1856061530e-04
-6.6195831942e-03
-7.5350195176e-03
7.7191124090e-03
-7.8390905093e-03
1.2638420599e-02
-6.3569567125e-03
7.7831043861e-03
1.7761451767e-02
-6.9737515626e-03
-9.7505910901e-03
-2.4783971274e-03
9.3527847851e-04
-5.8927086847e-03
7.6784336901e-03
-4.7056095393e-03
-2.2299435921e-03
-1.9177690664e-03
6.8313330660e-03
6.8262306394e-03
8.5882700939e-03
3.8025107479e-03
2.4190259319e-02
-7.1299039942e-04
1.8228534388e-02
1.9529427836e-04
-2.8128797029e-03
-2.1484512691e-03
3.9753326621e-02
8.7159473076e-03
-3.0213567579e-03
9.5450507509e-03
-3.4447472760e-03
-3.0945317307e-03
9.0676501010e-03
9.3360272744e-04
-1.0320329712e-02
-4.0334331766e-03
7.4266809534e-03
6.3594638179e-03
-1.2434524039e-02
-5.6941639378e-03
1.2397493555e-03
-5.4488913242e-04
7.9483926347e-03
-7.1866418896e-03
-1.2210206335e-03
2.8237781920e-03
-2.0809400685e-03
-2.4095169337e-03
1.2149328999e-03
-1.4340524053e-02
-3.5124870035e-03
3.3036944189e-03
-6.5709338019e-03
-5.5375778465e-03
-1.1781788016e-02
-1.1467943407e-03
-9.8595807486e-03
1.8171569974e-03
-8.7284319167e-03
2.2739393778e-04
1.2363167059e-03
1.0915479334e-02
1.5941058420e-02
-6.3084939498e-03
-7.2918535179e-03
-5.2280315860e-03
-2.0481259368e-02
8.3179824608e-03
-9.2977554686e-03
-8.6816274813e-04
4.2054373453e-03
-4.4701962938e-03
-1.1764970116e-03
-1.3872336559e-03
1.2897943482e-02
-2.2348880751e-03
-2.3398984741e-03
3.4463827551e-03
-1.4441029011e-03
-6.3631059283e-03
4.8484793118e-03
-2.6406786638e-03
-2.8144644103e-03
-2.3401103335e-03
-1.7597963806e-04
-1.8094590957e-03
3.1958268155e-03
-1.9019874879e-03
6.0773593180e-03
6.5608436539e-03
-4.1241616500e-04
-2.0587955533e-03
5.2105433265e-03
4.6340705701e-03
1.1286012245e-02
-8.3402104867e-04
8.7438823768e-03
1.3942420977e-02
5.2686970574e-04
2.1612082199e-02
-1.3631425857e-02
-2.9382902649e-04
4.7202422095e-03
5.2798905084e-03
-6.1873673703e-04
1.7010152160e-02
3.4036712197e-03
-1.0849157542e-02
-5.6945603390e-03
-1.0991263642e-02
-1.8217302541e-03
9.7481022350e-03
-2.1635498763e-02
-7.3819359120e-03
-1.2956470990e-02
-3.8911055371e-03
-2.6347150425e-03
-1.0229421078e-03
7.2443311838e-03
-5.3287867469e-03
-2.4483048342e-03
-8.7319824178e-03
-5.1865675612e-03
-1.5989793116e-02
6.1673383830e-03
4.4254401033e-03
3.3554901061e-03
5.0522044297e-03
-4.1170071822e-03
-9.1735248922e-03
-5.6928356520e-03
-6.7575149449e-03
5.3384218976e-03
3.7189009067e-03
-1.0626222030e-02
9.9557152224e-04
1.1300687591e-03
-1.3612915330e-05
2.4987042761e-03
-1.1138829682e-02
4.9778941121e-03
-1.3414240748e-03
-7.8428166476e-03
1.1611889401e-02
-1.3937832337e-02
1.4062506351e-03
-8.3728783211e-04
1.9438305153e-02
-1.6397400568e-03
1.9922291778e-02
7.7580345960e-03
-3.8712237975e-03
8.2324409207e-03
5.6301189069e-03
-2.4646376405e-03
-1.0475334185e-02
1.2879109702e-02
-6.7992690899e-03
-8.9209456808e-03
1.1777377284e-03
1.4641906336e-02
6.5818296946e-03
-1.0300705423e-02
9.9009007921e-03
-1.3200033349e-02
-3.3141799446e-03
-4.4004663433e-03
3.8929127242e-03
-3.2020172216e-03
-2.3359277724e-03
-5.0387810739e-03
8.9947227627e-04
-5.4428421471e-03
3.5427420595e-03
1.9558600548e-02
3.2738736689e-04
1.8593974109e-03
-1.6697070085e-03
3.7261651394e-03
-5.6473573963e-03
3.3002813490e-02
-8.2722281040e-03
-2.8704849746e-03
-2.4190089614e-04
3.7776298360e-02
1.1529001522e-02
3.3361995842e-03
1.3707889248e-02
-9.1673784872e-03
3.4086337504e-03
2.1397292072e-03
-3.0977942299e-03
7.0249511284e-03
-4.9522006779e-03
4.1309900287e-03
-2.7680089279e-03
-5.0646235977e-03
-1.5940193732e-02
-9.5106132291e-03
1.6168400542e-02
9.7322830584e-03
-3.4481105140e-03
-5.9390451651e-03
-1.2904707054e-03
4.1158644599e-03
1.3975901013e-02
3.8815511867e-03
-6.4890988402e-03
-4.5010607664e-03
-2.7992075685e-03
4.4775383441e-03
8.4900446439e-03
-1.4069346063e-02
-6.1194991697e-03
-7.3610202627e-03
1.0329190954e-02
5.1242133372e-05
3.1808156101e-03
3.9284262317e-03
-1.0832185877e-02
5.6147685662e-03
1.2460595797e-04
1.3704055247e-02
6.1718489272e-03
-5.5006598020e-03
1.2551485015e-02
1.0439855365e-02
1.8123687518e-03
-7.7964491584e-03
-1.7218861792e-03
3.4413881153e-04
-2.2110242386e-03
3.8291870796e-03
1.3323136184e-03
-2.1977494421e-03
-1.0930731543e-02
-5.5468015033e-03
1.3762619940e-04
-8.9204742430e-03
1.8924664204e-02
-1.1640102141e-02
-6.1463935313e-03
7.3818463360e-05
-4.3571788497e-03
-8.5972143522e-03
-8.4439051937e-03
-2.1426816624e-03
-8.3865855688e-03
-1.6687494644e-04
-4.4767279080e-03
5.4033320032e-03
3.7624223809e-03
-8.1769198953e-03
-5.0548970433e-03
1.0453288625e-03
-4.6389183970e-03
4.5719684147e-03
2.1761448328e-02
-1.0589720783e-02
8.8069727518e-03
-4.3816487020e-03
-1.0925398295e-03
1.3133636326e-02
-8.0423130175e-03
-5.3479032940e-03
-1.0434698262e-02
9.6551140027e-03
-4.5060151884e-03
9.6794645779e-03
-6.6956068076e-04
-2.9260230219e-03
1.5038440398e-02
-9.1793748548e-04
1.4839303426e-02
-3.0601160124e-03
-5.8431466529e-03
2.4633946008e-03
5.2220309195e-03
-6.4982547289e-04
-3.7663864296e-03
9.6755004324e-03
1.3570655284e-03
-1.2818820432e-02
1.4572321216e-03
2.0487746312e-02
-6.6465034945e-03
-1.3957140286e-03
2.7232230534e-02
-2.0836057260e-03
5.9851394908e-04
4.2356033747e-03
-1.7289041517e-03
-1.7480871732e-03
-2.1959668663e-04
1.5303665949e-03
-4.1240462724e-03
3.2024279979e-02
-6.1277181057e-03
-7.0955304576e-03
-3.8184878134e-03
-3.2506111937e-03
-5.6233768875e-03
-7.9655812496e-03
7.4446362115e-04
-6.7684665611e-03
4.3297115457e-03
6.9135121255e-03
-1.3819051120e-02
-1.4789451396e-02
8.6785703935e-03
8.1887654221e-03
4.8162071902e-03
-9.4280599271e-03
1.4954904427e-03
-2.2946504310e-03
-1.8440894446e-03
-4.3436827810e-03
-7.6141533852e-04
-1.7991024049e-03
-1.0147958179e-02
2.4597792115e-04
-5.6383953501e-03
-2.0418850622e-03
-1.3581412870e-03
1.1820119268e-02
-5.2469388383e-03
-5.7323784237e-04
-2.4627796014e-03
1.7663322122e-03
1.8743978002e-02
-5.5819220016e-03
2.6583292711e-03
-1.2867746621e-02
-3.6479088792e-03
9.1075780151e-04
8.7943251731e-03
9.6088755381e-03
-7.2437235062e-03
-5.0529481766e-03
-4.1918665465e-03
1.7905560619e-03
-3.2277272263e-03
6.5533869801e-03
-3.5662850705e-03
4.4485335030e-03
-2.5376429548e-03
4.0248476611e-03
1.8292488719e-03
-5.0005270099e-03
5.9866843992e-03
6.9932563264e-03
1.2636955924e-02
-1.2885003131e-02
2.9136482088e-03
-1.2366885803e-02
1.8187578357e-03
-1.5797453080e-02
-1.4129227893e-03
4.9454201760e-03
4.8100964674e-03
-7.1458328466e-03
7.0925170587e-03
1.3504563570e-03
4.2429412009e-03
6.3238738114e-04
8.0495047248e-03
-2.4915288285e-03
-1.8523179383e-03
6.1447842592e-04
-8.3562779695e-04
4.8623323326e-03
-6.8930999959e-03
-1.3901729703e-03
1.2006166015e-02
6.2223704766e-03
8.2856164425e-04
-6.6520357536e-03
1.4290429067e-02
-3.2316478736e-03
5.8963317351e-04
-1.8747055774e-03
1.6214847301e-02
8.9391617559e-03
-7.2543579249e-03
-1.4408807556e-02
1.8853722832e-02
1.3316363590e-02
-1.0917106547e-02
-1.3757345255e-02
-5.8295704854e-03
4.1743573964e-03
6.1045811212e-03
1.2209574349e-02
-2.3255580712e-03
-1.0421979479e-02
-1.1518617901e-02
1.1762990939e-03
-4.8152973611e-03
-6.8628612354e-03
-1.0017145017e-02
3.6944328998e-03
-2.1741447561e-03
-6.4881007117e-03
-6.5670516290e-03
6.5400521724e-03
-3.7103830290e-04
2.3828054546e-03
-9.6107746617e-03
7.4311691589e-03
-9.7427019248e-03
9.8080104582e-03
1.3826392655e-02
-8.3513380558e-03
-1.1804893001e-03
-7.7060833290e-03
-3.2432684039e-03
1.7028702532e-02
1.4166880242e-03
-2.6594685405e-03
8.9242665677e-03
-9.2841201757e-03
-7.3746344663e-03
1.2622945305e-02
6.8840079840e-03
-2.4321732054e-03
4.4695176475e-03
-5.1203444918e-03
8.5909786257e-03
-9.1277861988e-03
-9.0974118188e-03
1.0557888547e-03
7.1480153752e-03
-2.6909155718e-03
1.1646575663e-02
1.8028211539e-02
6.7745968933e-04
9.1108019456e-03
1.0415897377e-02
-1.2622146835e-02
2.2581917904e-02
9.1576811452e-03
