-5.6068923531e-03
2.7237076656e-03
-3.1870709479e-03
-4.3165499379e-03
-6.3215242396e-03
1.9474202155e-03
-6.5362342018e-03
-2.2140155696e-03
-7.2826633985e-03
-9.6815100564e-04
-4.1060410459e-03
1.2133535741e-02
-5.4567880150e-03
-1.0199469913e-02
4.1781964230e-04
-5.6538489739e-03
-3.3588563275e-03
4.7436383411e-04
-2.0527792504e-03
-7.7433229724e-03
-8.9863144143e-03
-1.0485936483e-02
2.2760851823e-03
-5.2138784882e-03
-6.6413185855e-04
-5.9247532333e-03
-8.5504433273e-03
-2.0607744372e-03
-7.8423676824e-03
2.3389736318e-02
6.6903077275e-03
-2.0441902973e-03
6.9685785493e-03
4.6536995159e-03
2.6959831886e-03
1.8354172606e-02
4.8247275083e-03
-9.0888110656e-03
-1.1571430956e-02
-1.1631636312e-02
9.2300266549e-03
-1.4406717730e-03
1.2318936672e-02
3.9257692806e-03
-4.0576049085e-03
-4.2805330053e-03
-5.6628648158e-03
6.3765312643e-03
-6.0474975004e-03
7.8005761158e-03
-4.1710131260e-03
-2.5368853092e-03
7.3526098900e-03
8.8963455539e-03
6.6291330483e-03
6.7146748885e-03
-1.1197525309e-04
1.0837336362e-02
-6.2688637514e-03
-4.6944267127e-05
9.2799991468e-03
5.8458750800e-03
-2.5869523149e-03
3.2937317253e-03
2.7810046327e-03
5.1505200268e-03
3.1788705373e-03
5.2363293952e-03
-5.0331358004e-03
1.4530408596e-02
-8.1374415515e-03
4.4936006954e-03
1.2281874704e-02
1.6152715914e-02
6.7025433785e-03
6.3228498971e-03
-2.0420485142e-03
9.3519407123e-03
2.2174967515e-02
-8.0029772813e-03
-1.9342042323e-03
6.4621074811e-03
-1.0623184179e-02
1.0471993081e-02
-2.8409375086e-03
-7.7355722636e-03
1.8289860925e-03
4.5018514267e-03
2.4638479991e-03
2.4290497141e-03
-1.1834537555e-04
-3.5162531332e-03
2.4457367759e-02
-7.3246755663e-03
-4.3596209853e-03
-6.7745453818e-04
5.8988835021e-03
9.2998101136e-03
-1.0184229778e-02
3.7947048866e-03
-2.5876651572e-03
7.5211232252e-03
-9.0291320838e-04
-6.0454292594e-03
-5.8948373094e-03
1.6409976083e-02
8.7811077088e-03
-1.8466444129e-03
-3.1719767722e-03
-5.4397291429e-03
5.7653070856e-03
4.5643778553e-03
-5.1846740883e-03
-2.7504633122e-03
-1.6486634646e-03
6.9289006144e-04
2.4210893723e-03
7.7375191084e-03
1.5634794109e-04
2.0075989195e-03
-5.3716633601e-03
-3.2675170655e-03
7.2464299468e-04
-3.8319304948e-03
-2.4351180632e-04
7.6798817267e-03
-6.4811172574e-03
-5.3415352686e-03
6.5366911334e-03
8.8510064314e-03
-6.7101450914e-03
3.1885932171e-03
-4.9784725988e-03
1.3145814551e-03
7.8621958751e-03
-4.0467042322e-03
1.1726237605e-02
3.9365230754e-03
3.3753719415e-03
9.6853208482e-03
-6.2864906294e-03
-6.5488810335e-03
-5.4760989218e-03
-6.4014734638e-03
1.2405047583e-03
4.3309117317e-03
-6.1628829928e-03
9.8302447851e-03
2.3044486801e-03
9.2173159636e-03
3.2818066829e-03
-6.0378285462e-03
-2.6272762329e-03
-7.3985364083e-03
-7.9014231898e-03
-6.0645799492e-03
2.7114894352e-04
2.6317468210e-03
1.0680040388e-02
5.4312150082e-03
-7.2913580689e-04
8.4007672981e-04
9.4858764871e-03
-3.5675146615e-03
-7.8176205303e-03
5.6401822762e-03
1.5479133828e-02
7.7833620135e-03
1.1689909502e-03
-8.4979221576e-03
-1.5187960942e-03
-1.1189459110e-02
-7.2025153923e-03
4.7405489599e-03
-3.0768303982e-03
-5.3879599828e-03
5.1819368214e-03
-3.5591318350e-03
-4.1871387459e-03
1.5792964430e-02
1.9649046886e-03
-3.9401629242e-03
-8.7709804469e-03
2.6322746077e-03
1.7477093513e-03
-3.4084507503e-03
1.9881646477e-03
1.2320701917e-02
-5.2648826524e-03
-1.1485660436e-02
1.0531263288e-02
-3.3935538824e-03
3.4809428116e-03
7.8088729066e-03
-9.4344341651e-03
3.2276391201e-03
2.3666094223e-03
-2.6989829395e-03
1.3387675468e-02
3.3922309494e-04
-3.0188618948e-03
5.0544998813e-03
3.2750697531e-04
-2.2836639209e-03
-8.4872772050e-03
-3.3039739561e-04
2.3120630370e-03
-1.7572850037e-03
-2.3025416426e-03
5.9496932742e-03
6.8143797272e-03
-1.3016724972e-03
2.3029471569e-03
4.8330290248e-03
2.1516771268e-03
4.2001074890e-03
-3.0559857874e-03
1.9453944833e-02
3.0271483519e-03
1.3543324726e-02
1.1222270446e-02
-5.2322626726e-03
1.4287111387e-03
-7.5575638009e-03
-1.4145264300e-02
2.4967458338e-03
-1.4116324065e-03
-2.3513866859e-03
8.3208865855e-03
-6.8432027065e-03
-2.9165317698e-03
-6.2983727166e-03
1.5818668931e-04
4.0364237206e-03
6.8894879056e-03
-2.7741979991e-03
-2.7574220124e-03
2.2652638459e-03
7.6055395949e-03
-2.1105781102e-03
-8.9436637672e-03
1.0958007600e-02
-1.8269871418e-03
-8.6073811195e-03
-2.8202231393e-03
7.4588075716e-04
-5.2105788823e-03
-7.3214021600e-03
4.1899566499e-04
3.1540380354e-03
1.1508552007e-02
1.2104358680e-03
-5.6716756377e-03
-6.0845532206e-03
-8.7665306438e-03
-1.8818144189e-03
-8.6051361325e-03
1.2907770149e-02
-2.9140759305e-03
-8.8195763331e-03
1.4998056257e-03
3.5404329847e-02
1.1204630357e-02
1.2072659891e-02
-2.9495353883e-03
2.9249542602e-03
-2.4376527483e-03
3.5156435955e-03
8.4689537247e-04
1.1457398892e-03
-1.3983621193e-03
-1.1082859480e-03
1.0312263024e-02
-6.1651647693e-05
1.6758621447e-03
-1.0577735351e-03
-9.0483635726e-03
-5.8084064851e-03
1.0975492002e-03
1.6347155803e-02
-3.3599581025e-04
-4.7114149691e-04
-9.5544003638e-03
-1.3057290151e-02
9.9881283743e-03
-2.2367348095e-04
1.0116428596e-02
4.1804251350e-03
-1.2961635898e-02
-3.9617568397e-03
1.0444372855e-02
-9.0160363901e-03
1.9107380244e-03
-2.1584933547e-03
-2.9363927573e-03
2.9737799889e-03
2.5979894584e-03
5.0412177292e-04
3.8362790045e-03
-1.6756069169e-03
-7.8258176874e-03
-5.1647123264e-03
-1.9785588721e-03
6.8729224664e-03
-2.4055858931e-03
8.3606842040e-03
-4.6285550084e-03
4.5124517908e-04
-2.8491164826e-03
-8.5374129897e-03
-7.2622308891e-04
-1.2253948705e-02
-7.2021062053e-03
-1.1454070215e-03
-9.8916096852e-03
1.0054882718e-02
1.1078092465e-02
3.2950925234e-03
1.2075862033e-04
2.4366896249e-03
-1.2435171700e-02
-1.3430733106e-03
9.9602181744e-03
-3.2578639616e-03
-3.2268595072e-03
-1.2316177952e-02
-4.5073349290e-03
-5.5965906816e-03
-6.5841196445e-03
-5.3275576703e-03
1.0351979626e-02
-2.2081935562e-03
-2.1769698832e-03
-1.0084690300e-02
-3.6837103170e-03
-3.7506198935e-03
-3.8223206638e-03
-5.2098691039e-03
-6.6953025385e-03
-3.9866502923e-04
-7.1031274328e-03
-5.8926686784e-03
1.0267620052e-03
2.4833484932e-04
-1.5336812029e-03
4.4534266430e-03
-5.4142835356e-03
1.9695963658e-03
-1.7526649764e-03
-2.6005502436e-03
1.0426567506e-03
-5.7639554433e-03
-6.7223868186e-03
2.1991930483e-03
-5.8466233040e-03
1.0095248558e-02
3.7711285715e-03
-1.4755313164e-03
2.7974918679e-03
-1.6491613146e-04
4.3805438907e-03
5.3586827587e-03
-4.3631853026e-03
-2.0869064122e-03
3.5920119428e-03
-3.2165057706e-03
-5.4863805413e-03
1.6725655952e-02
-2.1036591879e-04
-2.3793842651e-03
-7.0266867357e-03
-2.1840337420e-03
-8.8125892368e-03
-5.3212475089e-03
6.9994980246e-03
5.6351341496e-03
-3.7167857703e-03
7.8544661614e-03
6.6375356050e-03
-5.3203008230e-03
-5.6480142564e-03
-3.9529065062e-03
-6.1936930847e-03
5.3135035415e-03
8.9619153008e-03
-2.3241232203e-03
-1.2061520906e-02
2.5678321082e-03
-6.4648165292e-03
2.6805271636e-03
1.0400522044e-03
1.0531833948e-02
1.8990701802e-02
8.2875779600e-03
2.9388716647e-03
-1.9265611229e-03
1.9302839876e-02
-2.4075341205e-03
-1.5280034085e-02
7.8456630824e-03
-4.0609089606e-03
-6.1884869356e-03
7.0883380325e-03
-1.4238220513e-03
6.3451444518e-03
-4.2307013750e-04
8.6088986572e-04
-6.6960583311e-03
-4.3227583169e-03
8.6360321118e-03
-1.8046219925e-04
1.0882257994e-02
-2.1967395349e-03
1.5884018166e-03
2.9921050132e-04
8.3829292132e-03
2.4296117144e-03
1.9398234397e-03
-3.6589170422e-03
2.9330385801e-03
3.4628417151e-03
-3.5033808268e-03
2.6326938119e-04
1.6444680254e-03
7.3410271124e-03
-5.7049827136e-03
2.3239224756e-03
1.4153389840e-02
-3.0027639983e-03
-1.0623356873e-02
-2.0378381714e-03
-5.6581995863e-03
8.5910944555e-04
-3.1641501830e-03
-8.9673868897e-03
-8.1771625493e-03
-3.3541241694e-03
9.8565327796e-03
-7.7834224727e-04
8.1777737301e-03
4.3165688179e-03
-6.6150912172e-03
2.4912148392e-03
7.5401367549e-03
6.1815469357e-03
-3.3204271635e-03
4.6964893350e-04
4.9424582816e-03
-1.2492614674e-02
-8.4067649177e-03
-9.5153579740e-04
-2.0202080735e-03
8.1532582965e-03
2.4106793904e-03
3.5502647312e-03
1.5212815910e-02
1.0699539309e-02
-1.4793201957e-03
-1.1856320153e-02
-6.2503050563e-03
1.5141374843e-03
5.1513290791e-03
-3.9253894514e-04
1.7923272985e-02
-7.0475173898e-03
3.1595394586e-03
7.3243753426e-03
5.9022966355e-03
-5.5132530350e-03
-8.3033988139e-03
2.8083845748e-03
-3.2742209006e-03
9.1326652767e-03
-6.8816618130e-03
-2.6281033431e-03
-1.0610484365e-02
-3.5495450455e-04
1.4496433974e-03
9.3201521582e-03
5.7498501851e-03
-9.9805848553e-03
5.2310876320e-03
4.6825232445e-03
-1.0159464558e-02
4.7816802379e-04
-5.5224755875e-03
-4.0014589317e-03
1.1739181247e-04
4.2419283483e-03
-4.4307598514e-03
5.6786591321e-03
-1.0709061491e-03
2.7662318862e-03
-2.4383674010e-03
-9.4617170213e-03
-1.5291794504e-03
2.7247909830e-03
5.5347102664e-03
8.7433382051e-03
-7.8495150664e-03
4.9733499870e-03
-5.5950983535e-03
-5.1292888223e-03
1.7099466511e-03
5.3243811173e-03
-6.0531242528e-04
8.9511568604e-04
-4.3551182168e-03
-2.3418871120e-03
-4.8324663422e-03
-5.7412172727e-03
1.7176921558e-03
-4.3903560634e-03
1.1956520181e-02
5.9329518341e-03
-3.4364632900e-03
-1.1822075226e-02
-1.8724800629e-03
1.0424161662e-03
-5.0517406209e-03
1.2459098416e-02
-4.9865639171e-05
-5.4600689486e-03
-9.7575579410e-04
5.6953759426e-04
2.1181592919e-03
8.6842021269e-04
-2.3489742889e-03
2.4715488473e-03
2.8274120539e-03
-1.2947543495e-02
-5.7024421860e-03
8.1961411847e-03
3.2087257676e-03
5.4816913902e-03
1.5542343620e-02
4.0499173452e-04
-1.0037845765e-02
7.4616209271e-04
8.4777722236e-03
-9.9507556328e-03
-3.9003973459e-03
5.3737293512e-04
4.7834669516e-03
-9.2167305467e-03
-5.9678086885e-03
-1.0577794129e-02
9.1861031709e-03
2.0457744409e-03
3.8463957966e-03
-1.8670087517e-03
3.1827005079e-05
-5.1488180544e-03
2.4870050524e-02
-3.3251337184e-03
4.1097675984e-03
1.4872606685e-03
-4.1058993589e-03
1.4084672733e-03
6.5454005254e-04
-7.7193970377e-03
1.1238926372e-02
-1.3624783753e-02
9.9898951732e-03
-4.4268306784e-03
2.1912070593e-03
-5.7250090393e-04
-2.2927831144e-04
-6.9526325614e-03
9.2518307181e-03
-1.0487608725e-02
-5.9298493739e-03
-1.5746998960e-03
-2.8054857053e-03
8.7989530624e-03
-2.2199770485e-03
8.7501716358e-03
5.3657716360e-03
-4.7750728714e-03
-7.8186782706e-03
-4.7465557846e-03
4.9285527028e-03
-4.1905480837e-03
2.9387426335e-03
2.5944422545e-04
-6.1866184189e-03
6.0010556553e-03
7.7109384538e-03
-1.3109225595e-04
3.7314470614e-03
9.7957316189e-04
-3.3287743191e-03
-1.0248851545e-02
9.9874698616e-03
3.7128573226e-03
9.0122787129e-03
1.9398047779e-03
7.7936528865e-03
5.7265911344e-03
-1.9854482760e-03
-8.4476802333e-03
1.9787213287e-02
-4.9979250134e-03
-3.9974789728e-03
-2.4025380065e-03
3.2309369656e-04
-8.9488398202e-03
-1.3319826288e-04
-7.0274521087e-03
4.6284006588e-03
-6.2752924882e-03
-6.0373587916e-03
-2.7226722852e-03
7.4699297704e-03
-2.6401989827e-03
-9.4835228810e-03
2.2507974672e-03
9.9681853317e-03
1.3617726282e-03
2.9279764466e-03
4.2804238830e-03
2.6621939960e-03
-1.2421155532e-04
2.8826183832e-03
4.7037466707e-03
4.9563663243e-03
6.7888712363e-03
4.4721486474e-03
9.1208928481e-03
1.4068831195e-03
-4.4968562636e-04
-3.9464151859e-03
-2.7063291106e-03
2.9247600313e-03
-4.1776851493e-03
-5.0090099684e-03
-2.6437106743e-04
-6.2695476013e-03
8.3792144268e-03
-5.0763683811e-03
-2.9589278697e-03
-3.6669287728e-03
-3.3015934946e-03
2.0759539148e-03
-7.9783317750e-03
1.2922873677e-02
-3.1591258012e-03
-7.8962469616e-04
1.3795654377e-02
4.6099793898e-03
-3.2307543001e-03
1.5464423778e-03
1.0499397251e-02
3.5338950919e-03
-5.5202734051e-03
-2.7921603966e-03
1.2885916992e-02
-1.4988755166e-05
-1.5671459303e-02
-5.6511941913e-03
8.7964805139e-04
1.8243256930e-03
1.8222587924e-02
-3.1444677013e-04
-6.7903494305e-03
7.9740854790e-03
2.4946989770e-02
1.2174532036e-02
1.1178679522e-02
1.1721111550e-03
-4.6016004726e-03
-2.7071912944e-03
1.8596807024e-03
4.4374174527e-03
2.6747739995e-04
1.1585808779e-04
1.5602042421e-03
1.0430785263e-03
4.0774441772e-03
-1.1144046628e-02
1.4803658120e-02
-1.9875586885e-03
9.7121639495e-03
1.2522330641e-02
2.9569054072e-03
1.3927217835e-02
-2.8583480805e-03
-2.1519615233e-03
-7.8033496157e-03
1.5240797149e-03
-6.7223871588e-03
2.6971978181e-03
-9.5313819828e-03
-9.6443375969e-03
-3.3252675967e-03
-3.6227603324e-03
4.3315868655e-03
-2.2109001548e-03
1.2229097726e-03
-4.2093786657e-03
-6.2087568088e-03
3.0830165970e-03
1.3150910242e-03
-2.7139215672e-04
7.7311307784e-03
-8.8487397477e-03
4.9164405297e-03
-5.9352794270e-03
1.1876906092e-03
-7.4092052342e-03
-4.6811243229e-03
3.5333071160e-03
-4.2801828216e-03
-4.1542711371e-04
2.0200996957e-02
3.6527541172e-03
-6.5701347601e-03
-9.8847899778e-03
1.6181083654e-03
-4.4004194404e-03
2.3957780256e-04
6.4431482308e-03
4.9274499458e-03
-3.8039060690e-03
2.2678005749e-03
1.7357408548e-04
3.0633379109e-03
-3.3449751152e-03
-8.8186467564e-03
1.8916267909e-03
-3.7394534622e-03
-5.2099794237e-03
-8.2845703988e-03
3.6482643592e-03
8.0663202268e-04
-1.1220253014e-04
-5.5391204811e-04
5.6883189341e-03
7.7153565014e-03
6.7332039525e-03
-4.3341186180e-03
1.2427300620e-02
4.9726705430e-04
4.7829284030e-03
6.6290138406e-03
1.8853885270e-03
-8.2434089040e-04
1.4883201347e-03
-3.4085860843e-03
6.6660629781e-03
2.3943593454e-03
3.5494053713e-03
-3.1306802297e-03
-2.6469599759e-03
1.0181668267e-02
-1.4269167362e-03
6.1528811376e-03
-3.1577299567e-03
-7.9504825646e-03
-5.6007735847e-04
-9.8524394972e-04
6.2796694617e-03
4.4264217058e-03
-2.6956193751e-03
-4.8023491807e-03
2.3407767885e-02
-2.2582562933e-03
-2.9015230769e-03
-1.1564609684e-02
5.0195991118e-03
-3.2234947233e-03
5.8600406151e-03
3.5271840369e-03
4.6394572525e-03
-2.9118960207e-03
-9.5969290442e-03
2.7146656672e-02
-6.9124135811e-03
2.6731689625e-03
-6.4958346822e-03
-6.8880559286e-03
-3.3049278306e-03
-2.3469862389e-03
-1.9849353494e-03
7.5052664216e-03
-1.8500696119e-03
-2.7880724647e-03
4.9456079690e-04
-6.8378872618e-03
2.2660706136e-03
-4.5008619961e-03
-5.0018410866e-03
-1.1352433197e-03
2.9792825873e-05
6.0847636944e-03
-4.0654478978e-03
-3.7278679959e-03
-7.0488071591e-04
1.1090740193e-02
7.9563173800e-03
9.9410738819e-03
-6.4832364116e-03
7.2398238057e-03
-8.1808432100e-03
6.0373343020e-03
4.4865919528e-03
1.4695823026e-03
1.6944581826e-03
-5.3724206239e-03
2.1788657177e-04
1.7939894116e-03
-6.0087890296e-03
6.1800043762e-03
-6.6798285381e-03
2.0431023115e-03
-1.1027587546e-02
-8.1642458669e-03
-9.1516301823e-03
4.3569064705e-03
1.1477419613e-02
5.5264450644e-03
-4.0311049390e-03
1.0717272240e-02
9.3845568175e-03
3.7072345388e-03
-4.8902892733e-03
-4.8080722974e-04
1.2215337517e-03
-1.4414146834e-03
-6.2647294928e-04
1.4076906324e-02
1.2112050927e-02
8.3224271509e-03
-6.3304096451e-03
3.7071509297e-03
-4.0714782958e-03
-3.1012737841e-03
-1.1759250402e-02
1.8822404623e-03
2.8785054338e-02
2.2014775094e-02
-8.0482712462e-03
5.3790711360e-03
1.8221446407e-03
-8.3363280503e-04
4.4517439965e-03
1.7029170214e-03
-1.0919771523e-02
2.0724293592e-02
-8.6519240413e-03
3.1301240304e-04
7.1935967964e-03
2.8557194294e-03
2.7091846173e-03
-8.7530268172e-03
-1.3054375978e-03
-1.2028496570e-03
-3.9114977993e-03
4.8769751301e-03
5.0753307143e-03
-2.2469278915e-03
-6.7123839318e-03
-7.6261324642e-03
4.3194169502e-04
-7.2344993332e-03
1.2493098950e-02
6.8969968719e-04
-7.2046410693e-03
7.0233376322e-04
-2.2622574713e-03
1.1061439744e-03
5.9384111364e-03
-1.3824446181e-02
1.6569006459e-02
-4.3019346406e-03
6.3514889336e-03
-2.0618339552e-03
-9.6031975674e-03
2.0479174346e-03
5.4190669655e-03
-1.0457636838e-03
6.2867121036e-03
4.2605904322e-04
-1.3318973260e-03
-6.7641124021e-04
-1.0923863433e-02
1.4030406603e-03
-9.5701234103e-03
-1.4496257888e-03
6.5339662008e-03
-4.0617621063e-03
-1.0773160783e-02
5.0645840597e-03
-6.7751875167e-03
1.5613102819e-03
1.7420014354e-03
-7.4856104675e-04
-2.2655726598e-03
4.6214142013e-03
8.7421251273e-03
4.2444021094e-03
-1.1429398724e-02
-2.7787027907e-03
-1.1971492599e-02
-8.6813531484e-03
-1.1878556123e-04
-1.2838735626e-03
-5.1309664695e-03
7.3444602928e-04
-4.7682429288e-03
-8.9398465834e-03
8.4871395131e-05
1.7916948935e-03
-1.5073005081e-02
2.8861643511e-03
-6.5578639791e-03
4.2972719102e-03
9.6720617249e-04
-1.2866009984e-03
-4.2299635738e-04
-3.1066454088e-03
-3.8793702213e-03
-5.5333938823e-03
5.1581224591e-03
8.4592290289e-03
-3.5929954118e-03
-7.1080061393e-04
-4.3984237123e-03
4.8858265406e-03
1.0238511671e-02
5.6690326776e-04
-9.0027513232e-03
-1.2786659763e-03
-1.7912325739e-03
3.6458830844e-03
-3.2600017279e-03
1.4585238096e-02
1.2665142308e-03
-1.7344071676e-03
-1.9752808108e-03
4.2451665497e-03
-4.8106887641e-03
1.2803509527e-03
-3.5769471914e-03
1.8077652970e-03
2.6783200913e-03
-4.0647651603e-03
-3.2044624361e-03
3.4336361557e-03
3.2537669723e-03
-8.9118668371e-03
-6.1684082563e-03
2.4517260142e-03
7.6436622344e-03
5.4709949859e-03
-9.0819054380e-03
2.2204475285e-03
-1.0091243772e-02
5.1305501417e-03
7.2716418853e-04
-3.8358999390e-03
-2.1738284367e-03
1.0538285923e-03
1.0663856309e-02
2.6162212963e-02
1.0064014170e-02
-2.3472325412e-03
3.5068015488e-03
-7.6855600033e-03
-1.0435214137e-02
-8.1943909906e-03
-7.4051179376e-03
2.2849379921e-02
2.2583430217e-03
3.4332864523e-03
3.5571134461e-03
-7.3105352487e-03
-7.9445484149e-04
-1.1592550006e-03
-7.0461513854e-03
-1.0308871510e-02
-7.1030640270e-03
-7.7399708620e-03
7.9909027106e-03
6.4043121126e-03
-7.6540644624e-03
1.9458174560e-02
7.2141533901e-04
1.1833558396e-02
-5.9562031392e-03
1.3600206751e-02
2.0106318013e-03
5.6353156103e-03
-5.6604916869e-03
-4.4103314381e-03
-5.7950241521e-03
-1.0316442035e-02
6.6209763862e-03
-6.9236471902e-03
2.5420718280e-03
-4.2375570700e-03
7.3001747381e-03
-3.4723175541e-03
-1.4573723211e-02
-6.6992686041e-04
7.7650013998e-03
3.0582199066e-03
7.0009330958e-03
-1.2719927512e-02
2.7818631828e-04
-3.8446518953e-03
1.3530620571e-03
-2.1657980578e-03
4.2385717498e-03
1.7992498596e-03
-1.0130500640e-03
7.7815123403e-03
1.4621628813e-02
-5.3389385588e-03
1.2626707501e-04
3.8552652653e-04
-3.5296756211e-03
1.9851322850e-03
-8.4127902625e-04
-6.0375389516e-03
9.1528230183e-03
2.1316659261e-03
1.0184033372e-02
2.3417447810e-03
-5.4687668191e-04
-7.4730325315e-04
2.5913665564e-02
-3.7730124813e-03
1.5546562583e-02
8.7742731573e-03
-6.0247202641e-03
-4.3865323449e-03
4.1119653395e-03
-2.2999376481e-03
-1.0162755084e-02
1.3265096810e-02
-3.3180011110e-03
-9.5039071626e-03
-8.9917389354e-03
-7.6670660611e-04
2.5080876212e-03
1.5158427304e-03
2.2681022308e-03
-8.3315110765e-03
2.6704774132e-02
1.4036575578e-02
5.2202969510e-03
-3.7859219912e-04
4.3081062169e-03
-1.8024842199e-03
-9.1518310865e-03
1.8653789458e-03
1.8086635411e-02
5.5442277159e-04
2.4630549778e-03
6.2874183993e-03
2.4471518199e-02
-7.3737133061e-03
-4.0384358721e-03
-1.1245695545e-03
3.7100501752e-03
6.8424188842e-03
-4.3248831472e-03
-2.9077598755e-03
9.7782626682e-03
-1.3811288259e-02
-2.0331043923e-04
1.0403822664e-02
1.2521543405e-03
-8.4228451667e-03
4.0156141110e-04
-8.5499652818e-03
-4.9079761170e-03
-5.4934761438e-03
5.9902603201e-03
-4.4402646539e-04
-5.6203748365e-03
-7.3229674791e-03
1.5061797274e-02
-4.5908344835e-03
-4.2764946605e-03
3.1876395074e-04
-3.3432557128e-03
-8.3025413834e-04
-2.6104347420e-03
-6.5387877912e-03
1.0184508450e-03
-7.2244188473e-03
-1.8359283774e-03
7.8643954211e-03
9.6353230523e-03
-2.8354358936e-03
-1.0524491597e-02
-6.9917711293e-03
9.2829325883e-04
3.5724797282e-03
1.9807116026e-03
-8.8362453819e-03
-3.5573050692e-03
-3.0773844393e-03
-1.8327153981e-03
-1.1864023572e-03
-5.7368413763e-03
1.2185077811e-03
-7.7264453110e-03
-2.7097082902e-03
-5.3067034433e-03
6.3089263681e-03
1.4116124606e-02
2.9009281230e-03
-2.7832539030e-03
1.8682156385e-03
-2.6510030146e-03
-2.2800078967e-03
-6.7438011108e-03
-7.4404162030e-03
2.6295363823e-03
-2.7779034318e-03
-4.8853594594e-03
-5.5973471227e-04
-1.3613324289e-03
-4.7497242712e-03
8.2326590931e-03
3.7761572139e-03
-3.8511662357e-03
-1.8860910444e-03
-5.6981326120e-03
2.2472622561e-03
5.1793045213e-03
-2.8924770669e-03
8.1198818182e-03
-1.1160881221e-03
-1.1103891156e-03
1.4795851201e-02
-1.7997074235e-03
4.9479882101e-03
1.5677797778e-03
1.2456781740e-05
-7.1445977429e-03
-1.0725043225e-02
5.2162105247e-03
3.5449228902e-03
2.4869788483e-03
7.7334610617e-03
-1.1014723323e-03
-3.8269325308e-04
3.3886175756e-03
-7.7066654124e-03
-2.5737746204e-03
1.4402479038e-02
1.8350861923e-03
4.4538639260e-03
3.7512005137e-03
-5.7728010998e-03
3.2904818743e-02
-6.5059297908e-03
1.8088683070e-04
-3.1297435665e-03
-1.4713707316e-03
9.9955986581e-03
5.3418373973e-04
1.1181399032e-02
1.1099458278e-02
-3.0222210748e-03
-5.6233730613e-03
-8.0968612628e-03
-3.5514827109e-03
4.6646951897e-03
7.1439842258e-03
-5.0658205286e-03
9.2578860689e-03
-9.9410520008e-03
7.3447228858e-04
-4.4523047150e-03
7.2877940944e-03
5.8146196208e-03
-2.5278856507e-04
-1.0752420496e-02
1.5883319892e-03
6.9829793297e-05
2.7874122238e-04
-1.9356576728e-03
-1.8783144875e-03
-1.1621419124e-02
-2.5795894996e-03
1.0415163640e-02
-2.3121230219e-05
4.2784002758e-03
5.7306199014e-03
3.7833480049e-03
3.6525372388e-03
7.1722208990e-04
-1.0030132919e-02
5.6305936725e-03
3.3193453098e-03
-6.6047844023e-03
-9.4683135533e-03
-1.4047837956e-03
2.4605601191e-04
-1.2695838549e-03
-1.2817346600e-04
1.9364828030e-03
-6.6179216899e-03
-3.8389872794e-03
-3.9041496573e-03
-8.7986695412e-04
-4.4492537323e-03
4.8565215827e-03
-7.9068457541e-03
-7.5072658120e-03
3.4493579603e-03
-2.0941996483e-04
-1.3941479955e-03
-3.9254858616e-03
5.7744800349e-03
2.7560744037e-03
-2.7818572479e-03
9.2638667590e-04
-3.1910900847e-03
-6.4221543276e-04
5.6902204301e-03
6.5542783743e-03
-2.2466553595e-03
2.7520937995e-03
3.0436710481e-04
-5.4911757482e-03
6.2361806538e-03
1.2912448007e-02
-9.3452870245e-03
-3.3291392630e-03
-6.2376800535e-03
4.4283335568e-03
-1.0167296746e-02
1.1341119941e-02
1.2282185357e-02
2.4230987112e-03
9.6032420162e-03
-5.4597648559e-04
-2.4677595925e-03
5.1868552142e-04
3.6974901259e-03
-7.3700567901e-03
-2.0265676885e-03
1.6071723977e-02
-3.3250191931e-03
3.6375601984e-03
-3.6120399221e-03
-1.3750184861e-02
-4.0420891339e-04
-6.9985260232e-03
1.0003076603e-03
-3.3863211760e-03
-1.2225700056e-02
-9.7655909942e-03
-1.6157175364e-03
-1.1664841410e-03
5.4990465893e-04
1.0488759223e-03
-1.2056408719e-02
-1.6592368887e-03
6.2159371756e-04
-2.7138278408e-04
-4.1037303556e-03
1.6431824928e-02
7.0930876973e-03
-2.9206045594e-03
-5.6300581467e-03
1.1255882568e-03
3.2361253430e-04
-8.6221135732e-03
6.7838592280e-03
-4.9424339315e-03
-2.7758954849e-03
1.8085355191e-03
-5.9517740320e-03
5.9407505840e-03
-1.1407850462e-02
4.3389436886e-03
-9.9942954785e-03
-4.5124659623e-04
2.4457652747e-02
4.1884877343e-04
-5.0974638446e-03
-5.0220557395e-03
-6.1341310749e-03
2.6394845327e-03
-4.3123473057e-03
-1.0759863537e-02
5.9558518043e-03
1.4588342657e-04
-4.3907583343e-03
2.2673851151e-03
7.4650474266e-03
-2.5537248343e-03
1.6187251284e-02
-6.7868933213e-03
6.9997444086e-03
-4.4725305523e-03
1.3906126270e-02
-1.6709762870e-03
2.3487188992e-04
2.4588507394e-03
1.7718451530e-03
2.4111786281e-03
3.3268451796e-03
-8.0974833380e-03
-1.7301952436e-04
-1.4195896582e-03
-1.4671744674e-02
1.0084425701e-02
2.1119253511e-03
-6.2612477750e-03
-9.1313152309e-04
-9.1325105647e-03
1.8503001717e-03
1.1868940752e-02
-3.1780090656e-04
4.9851067949e-03
1.3346525568e-02
-1.1515379439e-02
1.4707552409e-03
-1.8962998776e-03
3.6239732824e-03
1.2591803053e-02
-1.8086168024e-03
-4.5602873283e-03
-7.3152466444e-03
6.9452007022e-03
-8.8622016130e-03
1.4955181981e-03
-9.2491415247e-03
-1.2318283340e-03
3.4673295650e-03
2.8973217859e-03
-2.3194912650e-03
-2.0374482330e-03
-6.4661887960e-03
-3.9060265661e-03
-3.5755337244e-03
4.8249542635e-03
5.3708578898e-03
-1.0584870738e-02
6.2989027688e-03
-4.0941922344e-03
9.4723945716e-03
9.1357628888e-04
2.3944878126e-03
5.2657434633e-03
3.0410446955e-02
-4.9853488345e-03
-4.6356480474e-03
-4.4100384538e-03
-3.7869053377e-03
2.9037364651e-03
-3.0226675948e-03
1.9833281850e-02
2.1909674416e-03
1.2236116520e-02
-1.4387822821e-03
-1.6158268833e-03
-1.9401123405e-03
-2.4388784142e-03
8.8499726873e-03
-2.8705674812e-03
-7.1518360389e-03
9.4360083154e-04
-5.1828083528e-03
2.0007098197e-03
-7.7657989617e-03
-9.3189866217e-04
-5.5612601538e-04
1.0476713334e-02
4.8972081178e-03
8.9568963746e-04
-4.7822411844e-03
4.8390230153e-03
2.4515795439e-03
-9.9414109120e-03
-5.7966458395e-03
-7.3592730663e-03
-6.0417914594e-03
-3.1884489122e-05
-9.4419319645e-03
-3.6471699593e-03
-4.6611181179e-04
-4.7955715242e-03
7.9177994970e-03
2.1877142704e-03
-7.1635487381e-03
-4.0401387957e-03
-1.0663445594e-02
-1.1829412275e-02
3.6249034116e-03
9.7341084923e-04
9.6677712194e-03
-3.2157038887e-04
-7.2329307559e-03
1.8380638445e-03
-4.3670802016e-04
4.6090175102e-03
-5.0703232865e-03
-2.8717839343e-03
-1.3639267306e-03
-8.4985094961e-03
1.1692899352e-02
3.0269248142e-03
7.1861791828e-03
1.8949181552e-03
4.9810007643e-03
6.1979764724e-03
-4.9664860840e-03
3.7471118654e-03
-1.5855055954e-03
5.1183639577e-03
-1.0412942957e-03
-3.3325834528e-03
-2.2472530156e-03
5.1540000110e-03
-3.3275432722e-03
-4.9821060664e-03
3.8598720151e-03
-4.3551725440e-03
-6.1470910207e-04
1.5834765600e-04
3.5378893558e-03
1.6521502867e-03
-1.0802628585e-03
1.8755856906e-03
-2.0622798613e-03
4.3677207992e-04
-5.2280558924e-03
-2.3984171054e-03
-1.9512906168e-03
3.9435168664e-03
4.1401080471e-04
-8.4698030800e-03
-1.2802480879e-03
-3.2868431029e-03
3.6609582567e-03
-8.0848904123e-03
-6.2483980557e-04
-1.2060179334e-02
-1.0339733008e-03
-1.2939101729e-02
-1.1402497242e-02
-4.8408104250e-03
-7.0495820294e-03
-1.4238412902e-02
-6.7708758110e-03
-1.0270713859e-02
1.0350414508e-02
3.7046489855e-03
-6.6720693972e-03
-5.2003725883e-03
-2.4250293446e-03
-6.4469756742e-03
-6.6982389746e-03
-7.4829196226e-03
-5.8170072340e-03
-1.4409983731e-03
3.9504562131e-03
-1.8370437695e-03
1.0354654055e-03
2.6499740287e-03
-5.8721399488e-03
1.3427946247e-03
-4.4991920824e-03
1.3481929803e-02
2.7620781707e-03
-1.5734873480e-03
1.2634165921e-02
5.1410092877e-04
-5.3283381418e-03
6.3546865715e-04
2.3667427001e-03
-8.1907468637e-03
6.3972073613e-03
-4.6738815079e-03
-5.0607625301e-03
-3.6293268850e-03
-6.5226363178e-03
9.0086906110e-03
-6.1499901364e-03
-3.3937174675e-03
-2.7728814430e-03
2.9207952872e-03
-6.0862076617e-03
-6.7969473090e-03
2.0395211287e-02
1.2214393884e-04
1.2513090333e-03
-3.5727491311e-03
-3.6944498493e-03
-6.0274407071e-03
5.9231168481e-03
-3.3269743490e-03
3.6124954130e-04
5.9577281311e-03
-9.8193018357e-03
5.5058998340e-03
-3.4689079882e-03
2.2652014176e-03
-8.3026002593e-04
1.2760220497e-03
3.3362839792e-03
-5.6768553340e-03
4.2177817424e-03
-3.1231493314e-03
-3.0145529373e-03
-1.1768896367e-03
-2.9818911821e-04
1.0259315783e-02
-3.1464174095e-04
3.0981149999e-03
-5.3958774133e-03
2.2950522209e-03
2.0151511897e-02
4.0687379055e-03
1.2833432678e-02
6.5476231854e-03
6.7540435404e-03
1.0524744230e-03
-1.8696795537e-03
1.7214049038e-03
-5.0206305544e-03
2.1403326254e-03
-2.9384463767e-03
-6.3286479989e-03
-1.9220607755e-03
4.1365566946e-03
-5.3161314408e-03
2.5452681872e-03
-6.4243246952e-03
6.5433273865e-04
-1.6399363733e-03
2.2473524745e-03
2.4458093880e-03
-6.3852848619e-03
2.3967060727e-03
7.0570022297e-04
3.3582285318e-03
1.0566122143e-02
3.3590702653e-03
-2.4961453248e-03
-1.4901705140e-03
3.0138262622e-03
7.4758493294e-03
-1.0122205231e-02
-9.0189062530e-03
-5.5753287606e-03
8.5813054873e-03
7.5153474321e-03
-1.2277203002e-02
-5.9546073873e-03
-4.9835100502e-03
-3.8309946259e-03
1.6769192830e-03
-8.2370626382e-04
-1.0486272701e-03
-2.1251506701e-03
-4.8501691185e-03
8.8809270975e-03
-1.6240768116e-03
6.3440843604e-03
9.5883861283e-03
-5.1873685351e-03
3.6683724286e-03
1.7363219067e-03
5.8743319518e-03
1.0901927866e-02
-3.0312221426e-03
-6.3516150418e-03
4.1177123630e-03
-3.4512466942e-03
-3.3047416354e-03
-6.8586028784e-04
1.0353670568e-02
-7.7130296467e-04
6.2019964022e-03
2.3588057511e-02
-1.8988241364e-03
1.2110005743e-02
1.1506559103e-03
6.6923455605e-03
-7.3507088790e-04
-1.7118997656e-03
7.0315554290e-03
2.1181724154e-04
-2.5517025609e-03
3.9958367621e-03
7.7397303501e-03
-1.4030801508e-03
-6.9440219207e-04
-4.5069890150e-04
-3.5547180743e-03
5.2240201726e-03
-2.2433380501e-03
-5.2176191250e-03
4.0161392427e-03
-3.1204958139e-03
-2.0594093717e-03
-2.4243931944e-04
9.2978457471e-03
-5.6548927911e-03
-3.1339496461e-03
4.4389331640e-03
-3.3140844754e-03
-7.5205206516e-03
1.9561496128e-03
7.9604290230e-03
3.8653533905e-04
-1.9149387664e-03
-1.2195609906e-02
2.2840341947e-03
3.9859973136e-03
-8.3079661298e-04
4.8238382104e-03
-5.5609531767e-03
1.6610232157e-03
-3.6138446345e-03
-9.0351099643e-03
5.1872684851e-03
-5.5851855236e-03
2.9205409534e-03
2.5822498493e-03
1.1273208131e-03
5.6257336367e-03
-3.5644652210e-03
-4.4120769372e-03
-5.7055595288e-03
7.3666544287e-04
1.4494826919e-02
5.3488502894e-03
-2.6126034493e-03
1.4165447851e-02
-1.3963235585e-02
6.4548200276e-03
9.7563374415e-03
-8.1640586712e-03
-6.5760065296e-03
1.0623335200e-03
-6.0494824978e-03
1.4252333249e-02
1.6062462417e-03
-8.5526504778e-03
6.2959230588e-03
9.0319555791e-04
-6.1730377199e-03
7.1126723552e-03
-1.6304891354e-04
-6.6559729388e-03
-1.0654144029e-02
1.7187281875e-03
7.0291864149e-03
1.2025754781e-02
5.6184734081e-03
-2.7995885842e-03
-7.3334926455e-05
1.0012814803e-02
9.6428968862e-03
8.7239793249e-03
1.9218071076e-02
-2.7415459263e-03
-4.8046807624e-03
6.4440193151e-03
-1.1298371807e-02
-6.0693124013e-03
-6.0247321558e-03
7.0757451029e-03
-6.0466650165e-03
-9.7680990338e-03
-9.5968249711e-03
-8.1286238564e-03
1.2635749418e-03
-5.7262813623e-03
-8.9233100258e-03
2.3511081850e-03
7.3563781684e-03
-3.5474534843e-03
7.9189142568e-03
2.7187263554e-03
-3.8632027223e-03
1.6478028057e-02
1.5973312473e-02
-3.7786876264e-03
9.5181633581e-04
7.7079031985e-03
-1.2840261471e-03
-9.5098218868e-03
8.0350899874e-03
2.2974324236e-04
1.0806676451e-02
4.2983159907e-03
8.7418311195e-03
7.9422190319e-03
-7.4800236927e-03
7.6796638646e-04
2.7409897821e-03
-9.0566376827e-03
-8.0925405657e-03
-8.6475131453e-03
-5.1716129630e-03
3.1606123110e-03
-1.9732711540e-03
-6.1172780477e-03
-5.9847189340e-03
8.2367295088e-03
2.1835977850e-04
2.0127572266e-03
2.5466171942e-03
-3.3988716695e-04
-1.1064910687e-03
-7.7616411929e-03
1.9342479781e-03
-1.6030148148e-02
8.6263892411e-03
-4.1330353149e-03
-6.2433508180e-03
4.8841727843e-03
1.0585557702e-02
-1.2964485014e-03
-3.4861808191e-03
-1.2123474942e-02
-3.7920199618e-03
-4.1175675120e-03
1.3795912561e-04
2.7806853146e-03
1.6261397748e-03
-5.2985882635e-03
-6.9004674251e-03
-1.7448062244e-03
1.6791261718e-03
2.3928005323e-03
9.1689225301e-04
-1.6829225102e-03
3.4699051456e-03
-6.8079164487e-03
-1.8589769024e-03
1.6256800419e-02
1.7026996037e-02
1.7998362595e-02
2.0706758850e-02
8.0292661054e-03
-9.7985278126e-03
4.7118008740e-03
4.3249507548e-05
-6.9172766393e-03
-2.0554882007e-03
1.3831281436e-02
1.0776358095e-03
-2.4868666614e-03
7.8642012043e-03
2.3130445875e-04
-4.6793804131e-04
-2.1743111043e-03
3.2772127238e-03
-5.8247696847e-06
4.9555093394e-03
9.7415729592e-04
-8.4903216593e-04
-4.1771145913e-04
-1.1616099193e-02
5.3067849200e-03
-4.9855189321e-03
-2.8640354630e-03
-3.6206929376e-03
-9.8072442129e-06
8.8653008900e-03
-1.3282180027e-02
-9.9133679532e-03
-7.5294996406e-03
-3.7373825195e-03
1.3343923102e-02
6.7768873673e-05
-6.1251785066e-03
9.6085266031e-03
-2.0554038338e-03
-8.1845932379e-03
6.3333332032e-03
-1.5183684275e-02
-4.4508690716e-03
-6.0399239666e-03
8.2499861034e-04
-1.0896652693e-03
2.2719730162e-03
1.5036573130e-02
9.7151422048e-03
7.6047506892e-03
5.4173634992e-03
1.0761823632e-02
-6.3466264859e-03
1.4453294699e-02
1.4573741090e-02
1.7397184802e-02
1.3744157352e-02
-6.5148539778e-03
-4.0430070967e-03
-8.0727418105e-03
5.4651222125e-03
4.5491191352e-03
8.6791716721e-03
5.9125978327e-03
-5.6083241655e-03
-5.8066802809e-03
-9.8697917010e-03
-9.9621977871e-03
2.3325504165e-03
9.2791592603e-03
9.5294494925e-03
-5.9953107188e-03
2.0443148201e-03
8.9605943127e-03
-6.4625481985e-03
6.3865706093e-03
2.9659564076e-03
-6.6051322273e-03
-2.1869633352e-03
-3.9702356947e-03
8.2479020961e-03
1.1804353725e-02
-2.0873348766e-03
1.9758537237e-03
-5.5040314616e-03
-1.5034558678e-03
5.2277993462e-04
-4.1847809793e-03
4.3066793334e-03
7.4290905323e-03
-1.0308488232e-02
-3.1737974858e-03
-3.2987931161e-03
4.2150729199e-02
-3.6531245878e-03
7.0589840047e-03
-9.2463553514e-03
9.0653849327e-03
-1.0768589288e-02
-6.4974397532e-03
4.1828789532e-03
5.5812911552e-03
2.8378976600e-03
8.2139434715e-03
3.1274241072e-03
5.6963771988e-03
2.6282773509e-02
1.1186305025e-02
3.9731721566e-03
5.7250871442e-03
1.4269630188e-03
-5.3025386562e-03
-2.0379076143e-03
1.0935081438e-03
6.1898309923e-03
-1.3170756306e-03
1.3938755886e-03
4.8249925680e-03
-1.0582937070e-02
1.0238167561e-02
-6.8993528313e-04
-9.0395668987e-04
1.3074858152e-02
-8.8548367878e-03
-5.0126747266e-03
2.3254244166e-03
-3.6376708373e-03
-6.2999791031e-04
6.7669148646e-03
-3.8700112903e-03
-1.9950519629e-03
4.2728804268e-03
8.5594720076e-03
-6.9165072508e-03
7.6321761938e-03
3.7230013062e-03
5.9847532674e-03
-3.1167957836e-03
4.4825343358e-03
2.2169795185e-03
3.7856088594e-03
1.0105877915e-02
1.6372698507e-03
-6.4767406724e-03
4.9958257895e-03
-1.0090674856e-02
-8.2048793619e-03
2.0923408619e-04
2.2221791621e-03
-2.5031662125e-03
1.5310109989e-03
-6.0324873590e-04
6.8502319614e-03
4.8031131041e-03
2.4191685424e-02
8.4055022016e-03
-5.1137113689e-04
-5.4657014641e-03
2.0809716538e-03
1.4688259586e-02
-1.0443131540e-02
-6.5065516199e-03
6.6296090157e-03
-1.7812756616e-04
3.8686003958e-03
1.4436329440e-02
2.2633568002e-03
-2.0018119654e-03
-3.1324367082e-03
2.4748609573e-03
-3.6856770356e-03
-3.0265357968e-03
-6.0041046739e-04
-8.3584460722e-03
2.6229760212e-03
9.7210017728e-04
7.6855553715e-03
-1.8735405582e-03
8.6392848911e-03
-5.7058141696e-03
-9.1335756969e-03
1.2180901512e-02
-3.8165600585e-03
1.0251758526e-02
4.8568644944e-04
3.6029855339e-03
-4.1724455869e-03
-1.2989421006e-02
1.0977390227e-02
-3.6738524511e-03
1.4008602083e-03
1.9990970908e-03
4.3861553176e-03
5.9449253320e-03
2.3601451539e-03
4.8480081561e-03
-3.9485357936e-03
1.7821101299e-03
4.3477284440e-03
1.9968218406e-04
2.3105887879e-03
6.2773804797e-03
-5.3884185941e-03
-3.6756497070e-03
8.0873360388e-03
3.1416357756e-04
-1.9247182195e-03
8.5851762795e-03
1.6816973504e-03
-1.0855499857e-02
-2.0053219524e-03
2.1623927183e-03
2.7920747774e-03
8.2122177390e-03
8.4600649417e-03
-5.3533641136e-03
-7.4112502242e-03
-4.0092032745e-03
-2.1295825007e-03
-9.1722078427e-03
1.8298468487e-03
6.2120186628e-03
5.1928384163e-04
-9.7241390023e-04
-8.9732238293e-03
-3.6858850782e-03
-1.4112962754e-02
-9.2234561392e-04
-5.7152940529e-03
-5.8121681730e-03
2.6381366415e-03
-8.6705045193e-03
7.5497428166e-04
4.2080979766e-03
-2.1915208065e-03
1.7338955718e-02
-1.0317974491e-02
3.6582702750e-03
-1.6257615651e-03
7.0951407914e-05
2.1187021884e-03
1.1375291159e-03
1.3240093269e-02
1.4577865459e-03
-6.3236218189e-03
-8.3270897845e-04
1.2132724994e-02
1.9080858044e-03
-5.4416721297e-03
1.0881039524e-03
-6.7403979358e-03
1.3690355341e-02
6.2816049864e-04
1.2110886297e-02
-2.4710833068e-03
-1.9263286571e-03
4.5452307736e-03
-4.7236750781e-03
-7.5171917027e-03
-9.8546668963e-03
-2.9048342988e-03
-1.3483222177e-02
7.2559899139e-03
3.0335935199e-03
3.8485831199e-03
-1.0035155917e-03
4.8642299473e-03
-5.8181862987e-03
-7.9511202796e-03
-7.5372340798e-03
4.6537920967e-03
5.8579623205e-03
8.5169184403e-03
1.6679390668e-03
-3.3152000040e-03
1.8152320399e-04
1.2918598356e-02
-3.2826076552e-03
-1.3809694921e-03
3.5860550265e-03
1.8066993171e-03
1.0041036070e-03
-1.4644309175e-03
4.2748201445e-03
2.9872189564e-03
1.9503053561e-03
6.6507102069e-03
1.4851785527e-02
1.6999785101e-03
-7.2572580789e-03
3.3038728608e-03
-9.8418280196e-03
2.7749421138e-03
-8.1258175330e-03
-2.8376058009e-03
-2.2988143293e-03
-7.7458696308e-03
2.4452707914e-03
-6.5279498409e-03
5.7076124427e-04
-9.4970546484e-03
-3.3637653872e-03
1.8898277506e-03
9.3683067779e-03
-4.4210998324e-03
-6.3375382762e-03
3.3719654391e-03
-8.9139240733e-03
-2.9999190844e-03
1.3924476739e-03
-2.5848758825e-03
-3.5154601057e-03
-1.7258444010e-03
-2.7618285392e-03
-1.5861205561e-03
-1.5458850671e-03
6.3617964631e-03
4.4264954658e-03
-1.0471958372e-03
-6.1948317623e-04
-7.0671029814e-03
-6.8677687615e-03
2.7566732593e-03
-4.1784438045e-03
2.8518416006e-03
5.3546792541e-03
3.6438473689e-03
-3.9682366760e-03
1.1824747039e-02
1.4205989032e-02
-1.4082185505e-02
-2.8762195913e-03
1.5635361827e-03
1.2825018189e-02
1.9585877450e-03
3.7805663829e-03
4.1854705878e-03
-9.7588313818e-03
3.0548340571e-03
-1.7145813483e-03
1.2705799831e-03
7.0882154172e-04
-3.0556264998e-03
-9.9471568416e-03
-1.2416420670e-04
2.6101469831e-03
-5.1282225104e-03
-1.6099569780e-03
-1.6791777739e-03
-3.1206553204e-03
1.0176822470e-02
3.5860656101e-03
-3.9327948845e-03
5.8604598379e-03
-5.0757508513e-03
1.0194321484e-02
-5.7246068188e-03
-6.8932005922e-03
1.0542785282e-02
-9.2000151180e-04
-6.5798062702e-03
-1.3289880901e-02
-4.1272275835e-04
-3.0505833628e-04
-8.7200430536e-03
-4.8154941131e-03
-5.8621707956e-03
-8.7924879661e-03
-8.0567414116e-03
8.2681815112e-03
-7.3371794554e-03
1.1173819627e-03
1.1244089007e-05
2.7643237170e-03
-3.9375837561e-03
8.4758965463e-03
1.0188038615e-03
-4.8153649908e-03
9.1411762196e-04
2.5260617757e-03
-5.4771185979e-03
4.6272362116e-03
-3.8464689146e-03
-2.7931200558e-03
-2.1952129448e-03
1.1250913466e-03
-2.6868012084e-03
7.1841419193e-03
-9.5982384499e-03
-3.4386821898e-03
-2.1965744340e-04
-1.2333370389e-02
-6.0964676168e-03
-5.5323255865e-03
9.9054427232e-03
-4.6565037125e-03
-1.1108222649e-02
-3.1529902709e-03
2.7362293663e-03
4.1038320762e-03
-4.3170322586e-03
1.6786009276e-03
6.3149719142e-03
2.7527946422e-03
-4.9885389144e-03
3.4891991613e-03
7.5781679237e-03
6.6952562924e-03
-3.7673663941e-04
-8.8724160904e-03
-7.1359371370e-03
-6.4779881671e-04
1.4405349248e-03
-3.8417633263e-04
5.6466817875e-03
-1.2428235430e-02
1.5457974413e-02
7.1850756612e-03
1.5220765366e-03
-5.0600120832e-03
6.9455398182e-04
-1.1426888123e-02
1.0117881989e-02
-7.2321538527e-03
-2.7873824181e-03
-3.2554499116e-03
-3.5259857662e-03
-2.1478973393e-03
4.0516138962e-03
-1.3026049875e-03
-3.7382819941e-03
5.2777639996e-03
6.1552378631e-03
6.6019050872e-03
-3.3863719883e-04
3.7808421799e-03
6.2346825862e-03
-9.3381247837e-03
-6.5279524520e-03
5.3426859333e-03
3.0068581518e-03
-3.6296308376e-03
-1.4784446871e-02
-5.4872759132e-03
-1.4044380249e-03
1.2665640778e-02
4.5348370697e-04
-5.8422547545e-03
-2.0015280325e-03
8.8934102724e-04
5.8408456259e-03
-1.5108273602e-03
1.5967598039e-03
-3.1658514139e-03
-1.0101612166e-02
1.8987458887e-02
1.1560625340e-02
-2.2445077149e-03
-7.2698222595e-03
9.1404335552e-03
5.7287850153e-03
8.9101740583e-03
1.3445692401e-03
-5.2891296074e-03
-8.1717447939e-03
6.6472049080e-03
-5.6457597698e-03
3.4389249148e-03
-1.4266745344e-03
7.6668825156e-03
7.4984295450e-03
1.0859647986e-02
-7.2501370541e-03
1.5838927382e-02
7.8927186516e-03
1.6358848285e-03
-3.3508605047e-03
-6.1371730433e-03
6.7672543875e-03
-7.2155509037e-03
1.2153222152e-03
5.7892949779e-03
-9.3825636708e-04
2.9411037711e-04
-3.3885282943e-03
2.2287925800e-03
-8.5307809421e-03
-6.0358183251e-03
-5.2338609883e-03
-3.1745837356e-03
8.3791597660e-04
1.6046474697e-02
8.7036974624e-04
-1.9185266737e-03
1.0917824279e-02
7.1992050354e-03
-4.7082930826e-03
9.4235062985e-03
2.3248463428e-03
-1.6229297517e-03
4.7813548100e-04
1.4450141197e-04
-4.7716510368e-03
-3.1320221248e-03
8.5554324389e-04
7.1737675181e-03
4.1389122221e-03
6.7252858802e-03
-2.4238749289e-03
-4.7305213374e-03
-1.5616136167e-02
4.4249755012e-04
1.3717875479e-03
-1.6479885563e-02
-6.1354817993e-03
4.7864516551e-03
2.4748746961e-03
-1.6120527059e-03
-1.3391525396e-03
-4.4780199321e-03
-9.8069476227e-03
1.4223492365e-03
6.0435621530e-03
3.4857500310e-03
1.4570476201e-02
3.3170304972e-03
-8.4504511671e-03
4.6393191373e-03
-4.3349341446e-03
-1.1921376326e-02
-6.7076714037e-03
-2.8479814393e-03
-6.0761623840e-04
5.1146347097e-03
4.4065756906e-03
2.4633922189e-03
-1.8565927609e-03
-2.8988571613e-03
1.2418476547e-04
1.0258897803e-02
-1.2689963302e-02
-5.2883540321e-03
-3.2985920026e-03
-3.6350482244e-03
3.3074610624e-03
8.8502947505e-04
-5.0749512512e-03
3.3700475379e-03
1.1803066920e-02
6.8071567415e-04
1.0605414530e-02
-2.3643637635e-03
5.8471318805e-03
-6.9324478018e-03
-8.9688141866e-03
-5.0205625417e-03
7.6478270533e-03
-1.7415440252e-03
2.8841434503e-03
-4.3835218027e-04
-6.9016835489e-03
-1.4202789831e-03
8.2298271778e-04
-2.0277216739e-03
1.0821703437e-03
-2.9073905555e-03
-2.4569594949e-03
1.5215871571e-03
1.6783206913e-03
-5.3843660473e-03
7.5881488910e-03
1.4333928134e-03
3.8162610942e-03
6.1027087090e-03
-2.2372618084e-03
1.5437364717e-02
3.9595324172e-03
-5.1748190191e-03
1.3446445434e-03
-5.6247360179e-04
3.2633187673e-03
5.5591892769e-03
4.4130930468e-03
1.8403639033e-02
2.6796598394e-03
-2.5520828040e-03
-7.5802225441e-04
-8.4487710012e-03
-4.9446100422e-03
-8.3181537417e-04
-9.2718613036e-03
9.3873767586e-03
6.1484063239e-03
-7.1768080891e-03
1.7621248765e-02
-7.1872004437e-03
3.1764019317e-03
6.0029798778e-03
-1.2848709021e-03
1.1284380762e-02
-5.6644035943e-03
5.0568152927e-03
1.4053206166e-03
2.1389566033e-03
3.9731283298e-03
6.1739488687e-03
-5.9335264278e-03
1.0655003032e-02
-2.3502158546e-03
2.3056034931e-03
-3.4882861632e-03
2.1014512150e-02
-6.7080455282e-04
3.4497878358e-03
3.8941653878e-03
9.1177225651e-03
-1.0932231549e-02
5.6671733879e-03
-4.9339099127e-04
-5.7621062438e-03
-6.6270218483e-03
-3.3936507712e-03
1.0568227702e-03
-6.2350310006e-03
-4.8527608982e-03
8.2977907332e-03
-2.5700214141e-04
6.6162080030e-03
-1.1999528675e-02
-1.1875785019e-03
1.5574639342e-04
6.0025298800e-03
8.5528500732e-04
3.1742039470e-03
5.2933434633e-03
-4.9695390128e-03
-1.3987922345e-02
-5.2653478978e-03
7.1735431796e-03
-5.4964477944e-03
3.3251747652e-03
-2.3335223963e-03
-8.5280577333e-03
2.4209514760e-03
-1.7988531521e-03
3.1962850400e-03
5.2190443544e-03
-1.1750373535e-03
-9.3097269491e-03
-3.4531769079e-03
5.8708634823e-03
6.0063825669e-03
-5.7032052359e-03
2.2069676288e-03
3.5376289878e-03
-4.2829559649e-03
1.7924927763e-02
-5.1146623709e-03
2.4576466342e-03
-9.3808661671e-03
1.3932386762e-03
-6.1005694735e-03
-1.6306170969e-03
6.8097913436e-03
1.0164163283e-02
6.1849224739e-03
-2.8074733197e-03
2.9289348114e-03
-1.0712234618e-02
1.9734844624e-03
6.3065343094e-03
-7.8120498809e-03
-3.1526312712e-03
6.6187343656e-04
-1.3439312480e-02
3.1402630832e-04
-5.8885045413e-03
-1.7214566204e-02
4.5496345013e-03
4.2060065121e-03
-1.5181817382e-03
3.0683806153e-03
1.3165120648e-03
-4.3059395856e-03
7.4793142725e-03
-9.2466046523e-03
6.1224091202e-03
-1.1229333090e-02
-8.2801015262e-03
1.0882119774e-03
9.7136157561e-03
3.8966267465e-03
-1.5575720644e-04
3.1407476161e-03
5.0041380393e-03
-2.1699876637e-03
-6.4876502917e-03
-2.6220383071e-03
-5.9876144145e-03
-5.1639542405e-03
5.5713652239e-04
1.1201456830e-02
-8.3688849982e-03
-5.6124382552e-04
1.6071979035e-02
-7.4315886825e-03
1.5400176727e-03
-6.6102293816e-04
-7.1296920943e-03
9.1314264296e-03
5.0968149751e-04
7.7125659522e-03
-1.0519505359e-02
-1.0735732513e-02
1.3493424755e-03
8.6547993258e-03
4.2702350513e-03
1.1356278591e-02
5.5664484379e-03
1.0535431231e-03
8.8194201840e-04
7.6526061056e-05
4.0061970759e-03
-1.7078959162e-03
-5.9411006818e-03
-2.5083435860e-03
8.8220402785e-03
-7.8874540019e-03
1.8626680478e-03
-8.7684662453e-03
4.3454238064e-03
1.0140327869e-03
-1.0785325848e-03
-6.5803676206e-03
-5.9612821511e-03
4.7969456185e-03
7.8734740925e-03
-1.1137869672e-02
-6.4080578308e-03
-5.1901445921e-04
5.9806446810e-03
4.3659386454e-04
-1.2329864518e-03
-1.0608530309e-02
-3.8640308658e-03
-7.2527981865e-03
-1.0210894672e-02
-2.3713764391e-03
-9.6953445019e-03
2.5278959054e-03
2.1579313186e-02
-4.7291765015e-03
3.0605064609e-03
6.8874664358e-03
-5.7690932019e-03
-2.4606796782e-03
-6.9869056125e-03
1.2507819977e-02
-1.8472356012e-02
-4.9362820524e-03
-7.1126897855e-03
7.0697265527e-03
-1.1089649608e-02
-2.7869243644e-03
-6.4898771438e-03
4.8352870796e-03
9.4566299977e-03
-6.3637465502e-04
-7.7984701490e-03
-4.0850290847e-04
5.8149635291e-03
-5.8015194506e-03
8.8566888637e-03
-3.8782781766e-03
-1.7915814426e-03
-8.1391866089e-03
5.8356707317e-03
-4.4236405732e-03
-3.3523987194e-03
-6.9242196284e-04
-1.6326775423e-03
2.8364768973e-03
3.7781587934e-04
-7.6706451155e-04
1.3100857901e-03
2.8128135917e-03
-5.7500329246e-03
6.6948409424e-03
-4.8829358758e-03
-8.2929346572e-04
9.8655928846e-03
-6.4919382184e-03
8.3377948649e-03
1.1118709327e-03
-6.8090754060e-06
-3.4760371852e-03
7.7952373194e-03
3.0796528321e-03
-3.3087297511e-04
3.0186773995e-03
-1.9360281978e-03
1.0110009152e-02
8.7100841973e-03
9.9226328847e-03
4.8357899769e-03
-6.6079030971e-03
-2.4458623412e-03
-5.3208019769e-03
1.7638025856e-03
-7.9770284767e-03
-4.2142435730e-03
-4.2468222324e-03
9.9652263646e-04
-9.8616164452e-04
-1.3922310936e-02
3.7354527449e-04
4.3791872436e-03
9.0200387269e-03
3.4900500051e-03
-3.1749109199e-03
-3.5388350267e-03
2.0715018120e-03
-5.2405846362e-04
-5.3235185942e-03
-5.5231393764e-03
-1.7881518950e-03
1.5032058572e-02
3.1212013139e-03
3.4514263407e-03
-3.6815458960e-03
-5.8868891570e-03
-9.9414192881e-03
1.0963654000e-02
2.9417226540e-03
-1.5636826227e-05
1.2210218593e-03
3.3013031820e-03
-4.0150430113e-03
-6.5580764365e-03
6.8253727716e-03
2.3044978965e-03
-6.6349643390e-03
6.0103262820e-03
5.9530976547e-03
7.3018398075e-03
2.4129934426e-03
-3.9280776659e-04
1.1984011020e-03
-9.0041678733e-03
1.3789207914e-02
-2.4899267276e-04
-1.3500782743e-02
1.6398482095e-04
-4.1457321749e-03
-5.4630776025e-03
1.3194762256e-02
-2.4707117420e-03
-6.9880823829e-04
3.4915976021e-03
-1.2201500227e-03
-6.7144626467e-04
-7.6474223155e-03
-3.6600581807e-03
1.7136178630e-03
-9.6193308522e-03
1.0486290240e-03
-5.0653507027e-03
-6.9901815851e-03
1.2550098794e-02
7.7432804297e-03
-4.4966163351e-03
4.0014092818e-03
-5.7201588290e-03
1.8994140493e-02
-1.0876848877e-03
-3.4107252398e-03
-5.5422614491e-03
3.5101397268e-04
-5.5956217737e-03
6.6593132928e-03
9.4387657014e-03
-8.3508830216e-03
8.5560082604e-03
9.9972359647e-03
-1.2132053290e-02
7.7267529408e-03
-4.5001979873e-04
-2.0927058698e-03
-8.9848981307e-03
3.3434098612e-03
-5.3961701814e-03
-2.2220077668e-03
-1.6023577467e-03
-6.4105457293e-03
-3.8537056947e-03
-3.9175875274e-03
5.2008287326e-03
-2.5790141486e-04
4.9514515911e-03
2.0088060328e-04
-5.2258894593e-03
5.2343599109e-03
-5.0280123020e-03
-9.0975581428e-03
-7.6611183059e-03
-2.7741635762e-03
4.9048869888e-03
1.4659187996e-03
7.9221282628e-04
3.6992936200e-03
-5.8233431528e-03
1.8880635123e-02
-1.1642675948e-02
-8.7289737750e-03
-1.4049296309e-03
-3.5865885660e-03
-1.8281431423e-03
-4.1940431620e-03
3.4235907704e-03
9.4906158304e-03
-7.6394872284e-03
-2.2623224271e-03
-2.8127264454e-03
-7.0225132488e-03
6.7906427296e-03
1.1945683795e-02
1.7638182412e-02
2.8284166614e-02
1.8590016279e-03
-9.0262434982e-03
3.6930898524e-03
5.0295631672e-04
9.2806795940e-03
2.1212920879e-03
5.2577920449e-03
-1.2341655971e-04
-6.2901472143e-03
4.2578840224e-03
1.1522624400e-05
4.1254080363e-03
-8.7572076733e-03
-1.3160395286e-03
3.6591575823e-03
1.0335402854e-02
-8.4973678533e-03
-1.4933595225e-03
-1.0007016774e-03
-2.6928769444e-03
-4.2865660877e-03
-4.7069912234e-03
-9.8078653193e-03
1.6266581872e-03
-8.0188903908e-03
-3.9664739731e-04
1.3342257752e-02
-3.8568394614e-03
1.0950492641e-02
-2.7444905214e-03
-7.9548326369e-03
7.7483862812e-03
-5.8844365111e-03
-3.2504476850e-03
-5.8128038400e-03
-5.5523001969e-03
3.0580269831e-06
4.7447252566e-04
-2.5719670230e-03
4.2944369728e-03
-3.6351308386e-04
-1.1279778575e-02
-3.4511161619e-04
4.6233843682e-03
3.1595827367e-03
5.1388376269e-03
-7.1669649129e-03
-1.0948407457e-02
6.2669035583e-04
-1.2812696439e-02
-7.0399963267e-03
-1.8817722685e-03
-6.2772819394e-03
9.5242331177e-03
-7.2196046950e-03
-2.3873514269e-04
7.3548293662e-03
-4.3434796559e-03
-9.0553590666e-03
4.7964355306e-03
4.9681653715e-03
-2.1470741665e-03
8.7530945391e-03
1.8698710958e-03
1.6129777349e-03
1.6055686101e-02
4.4015444878e-03
-8.9504043006e-03
1.9794218484e-03
-1.0016366864e-02
5.3449639318e-03
-4.5371130173e-03
-8.7874251163e-03
-8.7281965958e-03
1.3369367918e-02
1.7953724920e-03
-3.5746548092e-03
1.1022135379e-03
-8.4572142295e-03
3.8891561919e-03
-4.0133450044e-03
3.8337459499e-03
1.8522537017e-04
-6.6792195816e-03
-2.6297263840e-03
1.2829671527e-03
-1.2268287467e-03
-6.9974902537e-05
3.8190399963e-04
-6.2918620799e-03
-5.1990451502e-03
-2.7307196367e-03
-6.0824128060e-03
-1.3725891119e-02
-6.0945650860e-03
-5.6670492992e-03
-8.8394617543e-03
-3.0913341723e-03
2.5971877143e-03
-1.0751750483e-02
2.1696833951e-03
-7.7100738943e-03
1.1135892145e-02
1.2807222182e-02
-5.3197776080e-03
1.9127769496e-03
-9.2550420321e-03
-1.5722968497e-03
-6.3491572335e-03
-1.7503299018e-03
-3.8526965502e-04
-5.6166260246e-03
-3.5275356934e-03
1.0883203258e-02
-6.3705287431e-03
-6.9025075114e-03
-1.5778655072e-03
7.0566639231e-03
3.9400772697e-03
-1.1341755682e-02
-2.5919674670e-03
2.2057876022e-02
-1.9339767839e-03
-5.4632182154e-03
-6.7772142206e-04
-9.3636580953e-03
7.8903614144e-03
1.4477874061e-02
3.9142668051e-03
5.4454715449e-03
5.8600855556e-04
-1.0163681302e-02
5.0600048581e-03
1.0605418898e-02
-4.8460255930e-03
-3.7095301932e-03
5.9116121210e-03
-9.0638402903e-03
-5.5701110977e-03
3.6970322933e-03
3.6098526713e-03
2.0195023578e-03
3.8879756573e-03
-1.6693387504e-03
-5.7479293295e-03
9.6101126464e-03
-6.8844961264e-03
4.3400878312e-03
-2.1739558222e-03
1.2437826293e-03
-3.3951711838e-03
1.2183204818e-02
-3.4278629408e-03
-9.5693280702e-03
-8.8770158004e-04
-2.4316715743e-04
-2.8033043937e-03
6.0968622157e-04
-1.1434993729e-02
-8.2246636562e-03
-7.0601394125e-03
1.6299663885e-03
6.1073870063e-03
2.5159800703e-03
-7.0772143818e-04
1.5866712434e-03
-4.7438056381e-03
-9.3271062213e-04
4.3130505740e-03
3.4184623752e-03
-2.5919008879e-03
1.4882487715e-02
1.2674621595e-02
-5.5470450796e-03
7.3330118718e-03
2.3754228820e-03
1.0192919292e-03
3.1493954165e-03
-5.2789940296e-03
-9.0853122065e-03
9.2454174790e-05
-3.6293062052e-03
-1.0934943354e-02
2.7854996046e-04
1.1545633951e-02
-6.6125664572e-03
1.1599950648e-03
8.4362643758e-04
-5.7441209246e-03
7.4124492353e-03
-3.0288133388e-03
-7.7533719024e-03
-6.1558050750e-03
1.9882907155e-03
7.3456365670e-04
-7.9137082840e-03
9.5268797422e-04
-3.3924144797e-03
1.1263444099e-02
-1.0095338310e-03
-2.2524590399e-03
-4.6475825916e-03
1.0991346972e-02
9.5553959031e-03
5.1449890410e-04
-3.7423849763e-03
6.4583210539e-03
-1.0200342297e-02
1.5993833478e-02
-1.0961741096e-02
-7.0235930954e-03
5.0319135965e-03
-2.6812739798e-03
5.0127892864e-03
7.7633325852e-03
1.2755310337e-03
3.1492238958e-03
-5.0903886233e-03
3.4824198452e-03
1.8324316603e-02
-7.4981527095e-03
-5.3762173180e-03
1.1267844892e-02
-7.3244739557e-03
-6.2971106880e-03
4.0952689862e-03
3.8880912353e-03
-8.7937352333e-03
-3.8995224478e-03
8.5983008152e-03
-8.4554248455e-04
1.1591926700e-02
1.2265451676e-02
1.1553942461e-02
-2.5040358221e-03
1.3652674855e-02
2.8322586284e-04
-6.2209261050e-03
6.9060545823e-03
-3.9911900356e-03
1.3938490280e-03
-2.2955223289e-03
9.2427621530e-04
1.5046548652e-02
-9.9753790230e-03
6.2143222703e-03
1.9491845711e-03
4.3450295483e-03
6.2174530463e-04
1.4490945914e-02
-3.3725720481e-03
3.8345348701e-03
6.4876338366e-03
-4.9482564136e-04
-1.7520666754e-03
4.6537068076e-03
5.4994133635e-03
7.4442131721e-03
3.4863173791e-03
2.0977803048e-03
6.0034274322e-03
1.4102415859e-03
-3.2569522784e-03
-2.3904148077e-03
1.6574346478e-03
4.5536020827e-03
-1.8855201167e-03
4.7459252110e-03
-9.9271355147e-03
-3.7420167635e-03
6.0776437558e-03
-8.2781979295e-03
-2.2415943438e-05
-9.1205764174e-03
4.6448223639e-03
8.1851963168e-03
-5.4620276647e-03
-2.3385399104e-03
1.2034948728e-02
4.5537543558e-03
-5.4620214269e-03
2.8120940985e-03
2.2802745469e-03
-7.3364759707e-03
5.6339831854e-03
9.8986016453e-03
-1.2867349517e-03
-6.3432153386e-03
7.5763006246e-03
-8.3797023604e-03
-1.8743263520e-03
-5.4182269310e-04
1.0176564922e-02
3.0088368211e-03
-3.1164257864e-03
9.3517306846e-03
-2.6446486036e-04
9.0264494941e-03
9.9635874447e-03
-5.2091861112e-03
1.6744238766e-02
1.2022984937e-03
-1.8038910311e-03
-5.1214448765e-03
8.7850651529e-03
-1.1076139073e-02
-9.6951260112e-04
7.4564969649e-03
5.3465955477e-03
-6.5249832187e-03
1.9883867970e-02
2.3492579799e-03
2.0830134346e-03
2.5941170000e-04
-1.1934481955e-02
8.9269164965e-03
2.5245870664e-03
-9.1819231816e-03
-7.5512907708e-03
-2.8422963658e-03
-4.0514352638e-03
-2.8326995621e-03
1.3227339191e-03
-6.3546060008e-03
-4.4857802031e-03
1.0166063474e-03
-8.4726019925e-04
-4.7253292050e-03
-4.1774214133e-04
-3.1044212273e-03
9.1892112205e-03
7.4315303942e-04
7.1526300533e-03
-8.7911858609e-03
-5.2079545498e-03
-9.7314261281e-04
-1.1445565181e-03
6.2926243340e-03
-1.1458742838e-02
7.0255757976e-03
6.0094182089e-04
-6.2960233873e-03
-6.4528397812e-04
1.2702510851e-02
-7.9334636845e-03
-9.8721211234e-03
7.5827286249e-03
2.9612945851e-03
-3.9804434864e-03
8.8769828526e-03
-1.7770403936e-03
7.6913455930e-03
-8.4110817420e-04
-8.5614697975e-03
-5.2433046694e-03
-7.8537413376e-03
9.5491384776e-03
-7.7450563460e-03
1.4025294020e-02
-3.7492950548e-03
1.1780515597e-02
-6.8272486442e-03
-2.8838857065e-03
2.0458541410e-02
4.2261617584e-03
1.0382495607e-02
4.9943716051e-03
2.8451227097e-03
5.7261817202e-03
-2.4644109863e-03
-9.0446094759e-03
3.6971082264e-03
9.3227135577e-04
-1.8887433511e-03
-9.7488515747e-03
-7.3808946169e-03
-3.9685847944e-03
-1.3554754569e-02
-3.2644692708e-03
1.1317461554e-02
-5.1859018870e-03
9.7784770158e-03
-5.7703103753e-03
-2.9165519591e-03
-4.3521065961e-03
4.6710956057e-03
-3.8356835538e-03
2.3912686008e-02
-7.6596375363e-03
1.1479017960e-02
3.6329636482e-04
-7.8352462857e-03
-1.2519393201e-03
-6.7414254798e-03
-3.0445246075e-03
-4.8032697275e-03
-3.7862116542e-03
-8.3164005178e-03
7.5780412189e-03
1.5773348427e-03
-1.1427542199e-02
2.9006353652e-03
-1.1150202050e-02
-1.6351382106e-03
4.7373613680e-03
-6.7244812665e-03
1.7529512174e-02
2.9187613273e-03
1.7112387925e-03
1.5029765364e-02
-3.6573047997e-03
-6.0861509640e-03
3.0521647065e-03
3.8887626245e-03
-8.0214313460e-03
-4.7497805977e-03
-2.0669168093e-03
-1.0287079310e-02
-2.5115296689e-03
-5.9206774481e-03
9.2995996225e-03
1.8662006908e-03
-1.0135875627e-02
8.6208167643e-03
7.5820216657e-03
-7.9109969439e-03
-7.6873182469e-04
-4.5312808812e-03
-5.1076093291e-03
-5.2259849978e-03
1.2990886671e-02
-4.9395039948e-03
-4.8482968005e-03
-2.0005586067e-03
2.6839056518e-03
2.6443840644e-03
-2.2578918814e-03
-6.8360376644e-03
-2.2789176668e-03
-4.8113606094e-03
1.4899495380e-02
-3.9234075155e-03
4.8881421827e-03
9.4645090487e-04
-1.7317699090e-03
4.8662592379e-03
-1.3922420661e-03
-5.3604499888e-03
-6.0951860066e-03
8.7987400600e-03
-1.0689695626e-02
7.9752382194e-03
7.2865223178e-03
-9.7936392847e-03
-3.3980015512e-03
-2.7334167535e-03
-2.2191187805e-03
-1.0133229382e-03
2.8339304487e-03
-5.4105396643e-03
1.0254641376e-03
1.8250265509e-03
-8.3007401310e-03
1.8574157186e-03
-1.3770880562e-02
3.3964047800e-04
9.0536776186e-03
-6.6989665739e-03
-7.0093677596e-04
1.8461731805e-03
-1.0488157850e-03
8.3735540652e-03
6.7806734793e-03
9.9489680154e-03
-1.1021468324e-03
-1.7482976025e-03
-9.7305803469e-04
1.8042128198e-02
-6.6600125343e-03
6.1814120540e-03
9.4259404386e-03
-4.2324807383e-03
1.5147809858e-02
1.3981307655e-02
-7.2652842557e-03
-1.1085753154e-02
-2.3200693267e-03
1.5901254497e-03
3.4796212543e-03
1.8580644440e-02
6.1958618172e-03
-1.7091414718e-04
-8.7585820997e-03
-6.5105026381e-03
-2.1790375702e-03
4.9995271914e-04
-3.7056075865e-03
4.3408856904e-03
3.5530680914e-03
3.2131159709e-03
3.4921381637e-03
9.6570161178e-04
1.1518239899e-03
-8.4462933966e-03
2.0585553309e-02
-6.2211766734e-03
8.1845016010e-03
6.1810262962e-03
1.2888643291e-03
-1.1145286235e-03
-9.3665917688e-03
-4.5174410664e-03
4.8946454893e-03
1.3111520164e-02
-9.3675217773e-03
-1.4368718724e-02
8.7192280758e-03
-1.1700861587e-02
-6.4867277573e-03
1.0367992293e-02
7.6254356003e-03
-2.8166490232e-03
-9.3306445629e-03
2.9898594826e-03
-3.0464926861e-03
3.5542658094e-03
-5.9241315405e-03
1.6128813057e-02
-1.1861887170e-03
6.9423678726e-04
-5.8048340380e-03
7.6839575278e-03
2.1754639329e-02
2.4093957438e-03
-2.1783182613e-03
-6.5290686751e-03
-1.2667383753e-02
1.3527806373e-04
-7.1228830699e-03
2.6300574098e-03
-5.2810168052e-03
5.7802712545e-03
-6.6646396957e-03
-3.2459891366e-04
1.3256381048e-02
-2.3560141599e-03
-5.6365958503e-03
-6.0190976624e-06
-1.5793181550e-03
-1.4655766968e-03
-5.3094934549e-03
-1.1696323610e-02
-5.8605777039e-03
9.4942477261e-03
1.1245933576e-02
1.0889271082e-03
4.0742213757e-03
4.7947538624e-03
-9.4919036193e-03
-7.0900971648e-03
-9.3072218115e-03
-5.8419563212e-03
-9.6188765346e-03
-1.3172482350e-02
6.0762614030e-03
-4.7947770185e-03
1.8197267138e-02
1.2695279576e-02
3.0760860772e-03
-3.1413943860e-03
-1.3526410905e-02
1.5460502014e-03
1.3735663234e-03
1.0026429219e-02
-8.7761100449e-03
1.8502157002e-04
-6.4856155961e-03
-3.9440594278e-04
-8.0958700094e-03
2.2074411180e-03
-6.3031310879e-03
-1.0869302907e-02
1.0414726159e-02
2.6263129215e-03
-3.1721674120e-04
-3.8056111070e-03
-6.8929847215e-04
7.5781057226e-04
2.7775727092e-03
7.2443889386e-03
6.9696741119e-03
-4.1804264252e-03
1.9040317008e-03
-5.9945304014e-04
-6.6535396394e-03
-7.6027287771e-03
-3.0981245570e-03
5.9593295140e-04
-9.9010856909e-03
-2.4827484979e-03
7.4871185284e-04
-9.9545896455e-03
-2.0871383838e-03
-3.5882168418e-03
1.3323105643e-03
-4.0598671303e-03
4.3998744614e-03
2.6282393084e-03
2.6566288292e-03
-6.5314118738e-03
3.9368365216e-03
-1.2801470323e-03
1.5378292971e-02
1.9859744609e-03
1.1634117407e-02
2.7979648240e-03
-5.7658657184e-03
-2.8272218111e-03
1.6617442807e-03
9.4912232871e-03
1.1471489384e-02
-3.3991854641e-03
4.8737425263e-03
3.2463937725e-03
9.6980366895e-04
-1.2329020880e-02
-3.4672183083e-03
-2.6124808589e-04
-2.9905718620e-03
-6.6499482817e-03
3.5363637194e-03
9.8045194029e-03
-2.8048937005e-03
-2.3367712779e-03
1.9042967003e-03
-3.5947713685e-03
3.4551695994e-04
4.2574259071e-03
-6.7284092069e-04
1.2256386375e-02
-4.4985435108e-03
-3.3763616671e-03
2.8660098352e-03
-9.3063758073e-04
-3.2697323468e-04
-7.6349731251e-03
8.0552208571e-03
1.2305457253e-03
8.9808320000e-03
1.6205778108e-04
3.4404836929e-03
-2.0006556265e-03
-1.2243095002e-02
1.7651141339e-02
-6.6015100871e-03
-7.4591231680e-03
1.6908444096e-04
-2.8774306449e-03
-3.8878749479e-03
-3.9157590810e-03
2.9553070036e-03
-1.1539484582e-02
1.2594038816e-02
1.4512384771e-03
-3.6494683444e-03
1.4839010759e-03
-1.0574138422e-02
1.1508248471e-03
8.4600429582e-03
6.2399086104e-03
1.3551781391e-02
-3.3033116389e-04
8.4585532717e-03
-7.1467191051e-03
6.6121977863e-04
-6.5115335765e-03
4.6484704995e-03
-9.9194078369e-03
1.9997880679e-02
-6.9690548297e-03
-6.2106971971e-03
-5.5436760833e-04
-1.4350043218e-02
8.2945364067e-03
-6.5120875297e-03
8.6521814226e-04
7.3007598797e-03
5.0269398886e-03
4.5680896085e-03
-1.6326199724e-03
1.0724616102e-02
-6.7583678385e-04
-1.5519964096e-03
1.9181402817e-02
1.2311492482e-02
3.0426544512e-03
-3.0398115955e-03
-5.2453708906e-03
1.3791289705e-03
7.2357802786e-05
-7.4795285874e-03
-4.9057953953e-03
7.2958072509e-04
-3.5214468862e-03
5.8817702730e-03
-1.6593598199e-03
5.6169115237e-03
3.9544681471e-03
1.3224700062e-03
1.2260902440e-04
1.5477256793e-02
-3.3518677694e-03
-2.1093517996e-03
-1.0696656797e-02
6.1596909709e-03
2.0366821435e-03
-3.2361042328e-03
9.0567661079e-04
2.8982068012e-03
-7.1081139620e-03
3.0391880573e-03
3.2736416047e-03
-4.8107854938e-03
-8.3068064003e-03
-5.6055084539e-04
3.2980747954e-03
7.4834409455e-04
7.1653177203e-03
-2.2331027651e-03
-3.9925891791e-04
1.3453512047e-02
6.8718623710e-03
6.3825879466e-03
-8.5591224981e-03
7.8381982878e-03
-7.1607097926e-04
-5.3389540100e-03
-1.0788800582e-02
3.4123767798e-03
-3.1396055868e-03
-8.0380728814e-03
-3.6859818317e-03
-1.9845470607e-04
-4.5422233626e-03
2.7014013119e-03
-3.7198466687e-03
1.0845865425e-02
1.3485179141e-02
-6.9543663358e-03
1.4700616874e-02
-3.9344744364e-03
-7.8164807181e-03
-3.1469337250e-03
-1.2069469995e-02
-9.0564885154e-03
1.5490602684e-02
-5.0314578864e-03
1.6464323956e-02
6.2760245200e-03
8.6326997762e-05
-4.4027526932e-03
-9.3468677232e-03
-2.0258362942e-03
1.4917341498e-02
1.5355853120e-02
6.5193048263e-04
-1.2012405586e-03
5.0381140385e-03
-1.3890633477e-03
1.2383703929e-02
-2.8664202850e-03
-1.3288687034e-02
-6.8838947808e-03
-9.5487560512e-04
-2.7974974402e-03
-1.3685471790e-03
-7.6935079858e-03
1.5877716689e-03
-1.1418648718e-02
-4.8763336557e-03
-8.9198391691e-03
-1.7569522380e-03
-6.9071039307e-03
7.4123890183e-03
-9.2650746682e-03
-4.2546942764e-03
2.5214373018e-03
6.9591104770e-03
9.6625748044e-03
1.0989818885e-02
2.8932318088e-03
6.4754693590e-03
3.2296057782e-03
1.6383008000e-03
-2.4140008181e-03
-7.3016542958e-03
4.4585781295e-03
3.2579428564e-03
-1.1782349184e-02
-2.4520031594e-04
-8.6169455689e-04
-5.1080927955e-03
1.4084461006e-03
-1.2035647852e-03
3.8408423096e-03
1.2135156809e-02
-1.5087767245e-03
-3.7590623931e-03
3.1194592540e-03
1.5410146467e-03
8.3112546981e-04
-1.1001387777e-02
7.0461765067e-03
1.9970869770e-03
-8.4054783819e-03
-8.2901657982e-03
1.2001014694e-03
9.7808621084e-04
-8.6643022823e-04
3.5283727524e-03
-5.8125671465e-03
1.1583307531e-02
4.7580817662e-03
-7.7071430713e-03
-4.8409630717e-03
-6.6141182417e-03
-2.0267809854e-03
-3.5982206575e-03
-1.8080629184e-03
-5.3467556050e-03
1.0466941881e-02
4.4452213784e-04
-1.4587107112e-03
-6.0685190153e-03
2.5073522585e-02
1.4741930422e-03
-1.8367963024e-03
-8.9957781567e-04
1.8964739082e-02
-6.1958527060e-03
3.4736477105e-04
1.9876985218e-03
-7.2502588977e-03
1.2732324116e-02
9.5994531086e-03
3.1800501530e-03
-1.9567938986e-03
-3.0410321558e-03
4.2084613705e-03
1.0294030267e-02
6.8772146851e-03
1.6705572424e-03
8.4950681442e-03
1.8148234664e-03
1.0917072249e-02
1.1445864206e-02
-9.4687320123e-03
7.1941412211e-03
8.5297042578e-04
-4.0383947628e-03
3.4388285142e-03
1.2013164007e-02
-3.4016436983e-03
6.5986515761e-04
-6.4106997451e-04
2.1623305821e-02
5.8890301103e-03
-9.2871144596e-03
-3.0589047846e-03
-3.0499858439e-03
-2.4634826777e-03
-1.9198832452e-03
-7.3013151418e-03
-9.7156461968e-04
-2.3947424623e-04
-4.4039822257e-03
-8.7151211160e-03
3.6132937977e-03
-2.1595663777e-03
1.1158489137e-02
-9.5914960902e-03
-4.3829386523e-03
-1.2095509114e-02
-3.4179436951e-03
5.5980952159e-03
-2.1880839596e-03
1.9053031074e-03
6.9754144052e-03
3.2346391226e-02
1.2762505304e-02
2.0341186160e-02
-7.1845598768e-03
-5.9149288427e-03
-1.2238394706e-02
-1.7307349564e-03
5.1186759704e-04
8.8583041485e-03
-1.2230411792e-03
1.0839169864e-02
-5.0139041687e-04
6.9972776416e-03
-4.1793582189e-03
-2.8897441573e-03
1.0754341169e-02
-6.3672554436e-03
-1.5783251091e-03
-3.3711525156e-03
-1.9655515966e-03
2.7862271366e-03
6.1025761937e-03
6.3837994923e-03
1.1424345113e-03
-6.7147855782e-03
-1.8519329375e-03
4.6079548082e-03
5.6777201658e-03
7.6014384980e-04
4.7569772111e-03
9.0873060646e-03
8.8820891535e-03
-3.3951117841e-03
3.2943824758e-03
2.3601186785e-04
5.7796260259e-03
-7.4628089735e-03
1.2409445490e-02
8.9302887610e-03
1.1942431946e-02
1.3505693057e-03
-8.8224234271e-03
-8.9570488964e-03
1.3098401120e-02
6.4206138580e-03
5.5013258538e-03
-4.9776590420e-03
-3.3327453424e-03
1.3038700247e-02
-4.8997999213e-03
1.8496700187e-03
8.0688630803e-03
-1.3240934819e-03
-3.6544986317e-03
5.2957864702e-03
-7.2321425597e-03
1.2289289382e-02
1.1702874601e-03
8.2426461616e-03
-7.0056369768e-03
5.0180861946e-04
3.1004537744e-03
1.5024009551e-03
-6.4328195871e-03
-3.5138972908e-03
-6.9137389256e-03
4.6237435229e-03
6.0174877942e-03
3.9860235519e-03
1.6903012298e-02
-1.3041127970e-04
-8.4160494457e-03
7.6782616064e-03
5.5236730881e-03
-5.3675916741e-03
4.0969805544e-03
7.7796243724e-04
-4.9690466031e-03
1.0916184439e-02
-3.4513027405e-03
-9.5335013214e-03
6.2585219459e-03
8.5597680974e-03
-1.2800505429e-03
6.2715556663e-03
-7.2180651491e-03
-9.6665986530e-03
-9.8328141907e-04
7.1450646747e-03
-3.0518381610e-04
1.3491550605e-03
-5.0588811061e-04
1.0009568096e-02
-6.2868530089e-03
3.1543345342e-03
-3.7517204665e-03
1.8737675341e-02
-2.4359210227e-03
2.2737555373e-03
5.8987797138e-03
3.4276714984e-03
9.6777083671e-03
-8.0014858580e-04
-1.6386469766e-03
-7.5228224153e-04
8.7876966974e-03
-7.8425418296e-03
-5.0454149666e-04
4.1262229410e-03
1.9606613396e-03
-2.9064924387e-03
-5.4118279730e-03
-4.5415518320e-03
-1.0248716541e-03
3.0431300677e-03
-1.8802474998e-03
8.6277334740e-03
2.6795082637e-03
-9.5519618561e-03
2.7394415713e-02
9.9985692102e-03
3.0392318678e-03
4.0920532240e-03
-1.0967949138e-02
-9.2874360023e-03
-3.4322962297e-03
5.1954499506e-03
9.3147670239e-03
-7.2042126549e-03
9.6999211232e-04
-8.0024161384e-04
2.6547572325e-03
-8.7477176681e-03
-8.9841964571e-04
1.0720146420e-02
5.0340242027e-03
-1.5107583012e-03
-4.0628504278e-04
5.3954950591e-03
6.4547661602e-03
-1.1749778822e-03
-4.7134846546e-03
1.1054381430e-03
-1.3276314150e-03
1.1374053359e-02
-5.4537309102e-03
2.2515557167e-03
-4.7319295853e-03
-2.0896837846e-03
-7.8175332996e-03
1.3990850619e-02
5.7845285291e-03
8.0948859762e-03
-8.4604835288e-03
4.2075334033e-03
5.8592383903e-03
8.3663005315e-03
3.3004614128e-03
-5.4160235812e-03
3.9239403850e-03
8.7446265890e-03
1.7989856474e-03
-6.0302443314e-03
-3.4407920104e-03
5.3529494321e-04
-7.5466879045e-03
5.7587744827e-03
-1.1473314920e-02
4.0605594411e-03
6.3264997654e-03
-3.1391815987e-03
-3.1447155341e-03
1.4410373528e-04
-4.7334754258e-03
1.5919273695e-03
-6.7446461658e-04
7.0748095557e-03
5.1299656760e-03
5.6002795915e-03
-3.3128160117e-03
-1.0009758166e-02
1.1126259481e-02
-7.6845703802e-03
9.7746560602e-03
-2.3949202317e-03
-7.2352813859e-04
-5.2942181160e-03
-6.7689253502e-03
-3.0177644137e-03
-4.3301114751e-03
5.5789187167e-03
-6.8655165516e-03
-5.1223364745e-03
-1.0086642137e-03
-1.3989609032e-04
6.4319465368e-03
2.3297647436e-02
2.0754591574e-02
-3.1647039367e-03
-4.1649361887e-03
1.9557701362e-03
-1.2266865261e-02
-1.3736618408e-02
3.8554508539e-03
5.1977710698e-03
-6.6306422630e-03
1.4064176972e-02
-4.9463435259e-03
-5.5828180045e-03
9.1620163260e-04
-1.7203381830e-02
-5.6612955248e-03
5.1078028503e-03
-2.7745876529e-04
-1.2009136838e-03
-2.2893097154e-03
-7.4450812623e-03
-2.0612712727e-03
1.2428029567e-03
-9.6337334370e-04
-4.4393584099e-05
1.0502860567e-02
1.4618466209e-03
-5.1312978575e-03
9.8783891679e-03
1.0827740490e-02
-7.7807298991e-03
3.2957439249e-03
-9.2732136536e-03
1.5664763957e-02
4.8197660821e-03
1.8317009096e-02
-2.7206956251e-03
-1.0093088606e-02
1.2059652656e-02
-2.4296876920e-03
8.1017444903e-04
1.5405970229e-04
4.1852155877e-03
4.2791280442e-03
-3.8878139360e-03
2.2541709112e-03
5.4992661753e-03
-6.8930222707e-03
-3.2769336068e-04
1.8417628724e-03
-5.5905780753e-03
1.1977081618e-03
-4.4306345877e-03
2.4137186070e-03
-8.3133002753e-03
6.5283466787e-03
-1.3859602299e-03
9.2673177641e-03
3.6238724634e-03
-3.3450955076e-03
-4.7691323088e-03
-2.5637995846e-03
-1.3680295396e-03
-8.9061861235e-04
-2.3360222524e-03
3.1167061570e-03
-1.5982230098e-03
-2.8773030820e-03
6.2507065054e-03
-4.0684039914e-03
3.8060977324e-03
1.1756861128e-02
1.5620446105e-02
-9.6068784114e-03
-8.1354333542e-03
7.3285337292e-03
2.7468900133e-03
-3.7635162627e-03
-4.0579463799e-03
8.9849099777e-04
-6.8673371586e-03
-6.3201358966e-05
-6.5759523272e-03
-5.5800216648e-03
-7.0574350507e-03
1.6954532125e-03
-1.3756916655e-02
-5.6077641985e-03
6.2351008072e-03
-5.3258881118e-03
-1.6956304581e-03
-4.9662296091e-03
5.6063047576e-03
-2.4014408369e-03
2.7110811174e-03
-8.5738605561e-03
9.4199269035e-04
-6.7570530774e-04
4.4370847940e-03
7.8650892564e-05
-2.9786252310e-03
-8.0539018088e-03
-7.3412036710e-03
-5.9438188252e-03
-1.5375196384e-03
-1.4477138346e-03
-1.1467755189e-02
1.1631533696e-02
8.1374846434e-03
2.3114701859e-04
-5.7019318141e-03
-4.6640529920e-03
-1.3464190675e-02
2.6694013135e-02
3.3846877146e-03
1.3279071131e-04
4.5929408355e-03
-8.5546256770e-03
-6.9409277210e-03
-1.0387884504e-02
-4.3427683722e-04
-4.8872568772e-03
-3.0995918052e-04
-1.1279493308e-03
1.0110274497e-02
1.1880938796e-02
-5.0963729393e-03
2.6069522615e-03
-4.1449326550e-03
-6.0448933458e-05
-4.0704647476e-03
6.4898456197e-03
-7.6952752664e-03
-5.5032482137e-03
4.5515244967e-03
-6.6630818997e-04
-6.0445796024e-03
4.6288784098e-03
-2.2743423697e-03
4.9599180107e-03
-8.2654819767e-03
-8.4221473006e-03
-3.8418428047e-03
-3.4891150593e-03
7.5692677681e-03
-1.0902312234e-03
-8.3744632241e-04
-8.6398894108e-03
-1.0136771301e-02
2.6821643620e-03
-4.1987502899e-03
-9.4646509531e-03
-7.7800586118e-03
-7.6016257631e-03
5.8021827078e-03
1.9600967469e-03
9.4005242256e-04
-2.4301403818e-03
2.4248316920e-03
2.3032702798e-03
2.3308647304e-03
5.3875203646e-03
6.0996194350e-03
3.0553565317e-04
-5.0506565007e-03
4.2110834312e-03
6.3376801885e-03
-2.7882584871e-03
1.2048330449e-02
-6.8119127998e-03
-1.5268454267e-02
1.5935438706e-03
1.3796870587e-02
-9.4195375271e-03
-2.5160640616e-03
-8.0455741052e-03
-5.7551817067e-04
1.2474833886e-02
2.7882165619e-03
-2.4528574198e-03
3.4459212776e-03
3.1951789959e-03
1.2506549469e-03
8.9038133181e-03
8.4315737319e-03
-8.3307322549e-03
-1.4292679384e-02
-3.6137835749e-03
7.6575344567e-04
-3.0769677299e-03
-5.6656872411e-03
7.9354323564e-03
-1.4849930432e-03
7.5666598460e-04
9.1683842203e-03
-6.8554852150e-03
-2.5622229159e-03
-3.8362185355e-03
2.2615275914e-04
-7.1909553228e-03
2.9766090240e-03
1.5862554025e-02
6.3651146416e-03
9.2359910136e-03
-7.5754156962e-03
-6.3338749342e-04
1.4516802936e-03
-1.0698704449e-02
-9.3850179304e-03
1.1680049141e-03
5.1029456138e-03
-7.4535806088e-03
-8.5585419324e-03
6.9887580375e-03
1.1252456635e-02
1.3796084471e-02
-8.3029346069e-03
2.8937479959e-03
1.0013015565e-02
-4.0241100851e-03
-3.6148350295e-03
-6.1401551303e-03
1.2102760482e-02
-1.6173226638e-05
2.3324638032e-03
8.2230415250e-03
1.4188503648e-02
7.9418772492e-03
1.8219729677e-03
-5.8269563987e-03
-4.9810951273e-03
1.1580289470e-03
-1.0940434543e-02
-9.3828649411e-03
-5.5238027651e-03
-8.3578670719e-03
-7.3479060363e-03
9.6644375338e-03
-7.6206780923e-04
1.0098019080e-02
3.1220245685e-03
-4.1365950768e-03
3.5551715793e-03
1.0086530260e-02
-6.2349113642e-03
-5.8321172076e-03
-9.0036196588e-03
-5.9192704064e-03
1.6806258579e-02
-1.3926012977e-02
-7.3469002385e-03
1.3276262194e-02
8.1222254680e-04
-6.6988159103e-03
1.8759970685e-02
-1.4912166282e-03
-4.9674511426e-03
1.6090833804e-03
-3.1545330545e-03
3.4237161696e-03
-3.5653827379e-03
2.1641958783e-03
3.0576031215e-03
5.6605213205e-03
-4.6541936645e-03
1.8978545396e-03
7.1135596442e-03
6.0164455642e-03
-1.4311079941e-03
-5.9958448006e-03
7.0677492056e-03
3.2677292206e-03
1.4971729363e-03
-2.2964237052e-03
9.3546594215e-03
-1.7260513052e-03
4.0020589916e-03
1.7458620055e-03
2.9916477620e-03
1.1330686129e-02
2.5918755689e-03
1.1231920763e-02
-2.4679966518e-03
7.6901466664e-03
6.3347508508e-04
5.6836552576e-03
-5.5881085645e-04
5.2225221002e-03
-4.5385232044e-03
2.0405075893e-03
-1.0060626252e-02
-1.3720129029e-03
-1.0218344025e-04
-1.1876747610e-03
9.5488339341e-03
9.8981849443e-03
3.7460846404e-03
1.5420694473e-02
-5.7825719511e-03
-8.7501511607e-03
1.7657798181e-02
-1.3281887317e-02
7.7005126115e-03
-3.7686927424e-03
-3.3133403011e-03
-4.2148004802e-03
-3.9827852165e-03
-8.8423817320e-03
1.4736719901e-02
2.7786850099e-03
-4.6730863139e-03
6.8570133242e-03
-3.4444420303e-03
1.2157849198e-02
6.7715802882e-05
-8.5081131730e-03
-6.1469538391e-03
-9.0538481607e-03
1.0450753690e-02
1.0481587683e-02
-4.8402748112e-03
3.1138107744e-03
-7.2934136775e-03
-2.2145599323e-03
2.0896533335e-03
9.7052507925e-03
-9.3293207202e-03
-9.4235861385e-03
-5.6488035207e-03
-5.5777523927e-03
-5.8732298541e-03
-2.4528312983e-03
1.2167770352e-02
9.7733262174e-03
3.1257652478e-03
-2.3519397232e-03
-3.6994749212e-03
-1.5661368539e-03
-7.7792456036e-03
-2.4884740324e-03
-5.8406023020e-03
-2.9723223261e-03
1.2593609337e-02
6.8682507539e-03
-1.0484364647e-02
7.2822332428e-03
-9.1543602957e-03
6.1749214546e-03
4.5530509510e-03
1.2966969279e-04
3.9146233432e-03
3.0043737522e-03
-5.2257512368e-03
-7.0211912910e-03
2.3256103417e-02
5.0536250272e-03
-2.4028926248e-03
3.2400298541e-03
-3.7195261204e-03
-3.2899015407e-03
-1.5648758108e-03
1.6581100290e-02
-1.1494615716e-02
-8.5869669841e-04
6.4277242415e-03
-3.0018952318e-03
-6.2796977845e-03
2.3516424944e-03
-1.0385669614e-02
-2.6928391964e-03
-2.4451099325e-03
2.1096600167e-04
-3.3393921007e-03
6.7280006859e-03
-3.2530628643e-03
7.0617650001e-03
1.0047158719e-02
5.1297829724e-05
-7.5934892120e-03
5.6914069924e-03
-5.0132318102e-03
6.0548865173e-03
5.8047039049e-03
-2.0872442102e-03
9.7258889239e-03
-8.6775032491e-04
-1.1843937145e-02
-6.5597769246e-03
-7.6321048145e-03
-1.0700228257e-02
-5.1450574216e-03
2.0554524143e-03
-8.9759337427e-03
-1.9561838194e-03
4.7421571328e-03
-4.7984722989e-04
-9.9335679628e-04
-1.6284397335e-03
1.8503587331e-05
-7.7216736216e-03
-3.1326986795e-03
7.5908402665e-04
9.6067164547e-03
-2.0569557079e-03
6.5798142032e-03
3.6183617765e-03
8.5680463960e-03
-7.6270067501e-03
-7.2079885295e-03
-1.1620120416e-02
7.6533717218e-03
9.9071263327e-03
-6.3691295778e-03
-2.2466074579e-04
-3.8368038493e-03
-7.4065831851e-03
-8.4701475685e-03
6.5531741393e-03
1.4260729003e-03
-6.1090284595e-03
-5.7078014809e-04
1.1483363297e-02
-2.6257176554e-03
9.3369353289e-03
1.0836837956e-03
1.9991864688e-03
-1.2076565484e-03
-1.4659665844e-03
-7.7797941676e-03
-6.5971375667e-03
-4.9131442163e-03
4.8065407019e-03
-9.4417473581e-03
-5.9198665543e-03
-1.4111973753e-03
-1.0965813495e-03
-1.5618606786e-03
-5.1262386626e-03
-1.1833223232e-02
-7.3951289939e-03
1.0757516882e-03
-1.2739859388e-03
-5.1846902736e-03
1.2369444036e-03
-1.6035168940e-03
-3.6522480234e-03
-8.1362823380e-03
1.0279570955e-02
-3.5047221724e-03
9.4990047691e-03
1.4064657361e-03
-3.5796154484e-03
-6.7586477480e-03
1.7046541939e-02
-3.3812952236e-03
-4.1060680047e-03
4.7185644419e-03
-3.9937610146e-03
-8.3506983687e-03
3.0476818064e-04
-1.3705833043e-03
6.3864568735e-03
3.0843987984e-03
1.3578595562e-03
4.8461044474e-04
-5.5004738810e-03
-6.7827490904e-03
2.7100317530e-03
3.9423823400e-04
-5.5807529032e-03
-9.6019050057e-03
-1.1040380645e-02
1.5361155786e-02
-7.4588907597e-03
3.2319200687e-03
1.4195895562e-02
-3.3625416430e-03
-4.6985698558e-03
3.8866068463e-03
-4.2648828090e-03
2.5839465026e-03
4.4625455390e-03
1.5462708211e-03
2.7442901294e-04
6.0613531857e-03
4.6725313850e-04
7.3074244763e-03
1.1841461417e-02
-5.3214102845e-05
-1.2650315899e-02
3.9134737083e-03
1.9858511814e-03
-2.4028543632e-03
-1.1510230711e-02
3.7776292179e-03
-4.9658048580e-03
-2.2403464501e-03
1.5585949550e-02
1.8849400266e-03
6.3441363983e-03
2.1038114900e-03
-7.7381991982e-04
1.6071673622e-03
-8.5792796121e-03
-3.6803994833e-03
-5.6975320528e-03
-5.1601126936e-03
1.4149402952e-02
1.1530184594e-02
2.4312810466e-03
7.7626841493e-03
7.9109598746e-03
1.0634582368e-03
-1.0465142816e-03
-4.3134632582e-03
1.0432241208e-02
-4.9554538538e-03
8.0842445810e-03
-6.9017040679e-03
5.4365037103e-03
5.3186819340e-03
1.4567867839e-03
7.1550480436e-03
-6.7734972631e-04
-2.8381338490e-03
1.3769355778e-02
3.1021877007e-03
2.8053345950e-04
-3.3950611350e-03
6.2122853621e-03
-5.4700287547e-03
-9.3486226361e-03
6.9983524768e-03
-1.3076682036e-02
-2.1867397637e-03
-5.4673988332e-03
-1.8087029815e-03
-1.0863383955e-02
7.5024404240e-03
6.6103106893e-04
-3.2002010665e-03
6.7158260656e-03
5.0766865075e-03
1.3372738080e-02
1.2342992894e-03
-1.9520003707e-03
1.4732712529e-03
1.2135814815e-02
-3.6501729116e-03
2.6076294017e-02
-1.1586115077e-03
-5.3389783232e-03
-4.9467395177e-03
5.1891705356e-03
-9.0873055685e-03
1.7467573322e-02
1.5752352903e-03
7.5441240975e-03
1.6091742325e-02
2.4753985099e-03
9.7422030202e-03
-4.0043178727e-03
-6.3650977103e-03
3.4462022581e-04
-3.1063884544e-04
-1.0858352159e-02
5.7365528155e-03
4.4667877443e-03
9.1339318737e-03
-4.6241826321e-03
1.0937979866e-02
3.1125151989e-03
4.4329192391e-03
-6.5041518475e-03
1.7320480844e-02
-7.0181647178e-03
-3.1311077631e-03
2.4153299385e-03
-5.4904558894e-03
1.5788053522e-02
-4.6046678479e-03
-8.9346876783e-03
1.3813377730e-03
1.7612576669e-03
-8.6325894915e-03
-7.3676110654e-03
-7.1634724453e-03
1.4855852254e-03
-5.2733809685e-03
1.1304539406e-02
1.1457310037e-03
1.1202659380e-03
2.7661673616e-03
-9.9998963848e-04
1.2582003951e-02
1.4089477512e-02
1.6232661092e-02
-5.5841820630e-03
1.0060940144e-03
8.5827858554e-03
7.7990865097e-03
7.1871607125e-04
4.1516659398e-03
3.1692819556e-04
-5.3618955940e-03
-6.3866382957e-03
-5.2503430919e-03
3.0728065284e-03
-8.6394711950e-03
-8.6179041405e-03
6.3093810119e-03
2.1476978594e-03
-8.0030575654e-03
-1.3003521066e-02
-6.1727337165e-03
4.5553817108e-03
-9.0782047051e-03
-3.2010873505e-03
-2.0976297297e-03
5.5247380730e-03
-4.8647894060e-03
3.5752623495e-03
-1.0326669783e-02
-3.3571116485e-03
-3.9258177054e-03
-3.2808336438e-03
1.9353725000e-03
-6.9245744687e-03
-2.0467485551e-03
1.3509788224e-02
3.3845502822e-04
8.9534373847e-03
5.6845942373e-03
5.6976121303e-03
-2.5495601652e-03
1.2977224822e-02
-3.4236271418e-03
1.8692481337e-02
-5.5150218091e-03
8.5192327891e-03
5.9093065349e-03
-5.8556721967e-03
9.5064236296e-04
-9.4590518088e-03
1.2817615454e-02
-5.0432640505e-03
-6.9511480636e-03
-6.9924480663e-04
-2.9580995597e-03
2.1608042901e-03
8.0842103091e-03
1.2359588453e-03
1.6468060708e-02
1.2114284577e-02
1.9346340119e-03
8.0678622240e-03
2.6540533232e-03
1.3110405875e-02
6.4448845890e-03
-6.0110263661e-03
-3.5800362631e-03
-3.9029269814e-03
4.1867575010e-03
2.1394095740e-03
-5.1253670224e-03
-4.2579393671e-03
-3.1858216724e-03
-4.3563235222e-03
-5.5819303997e-05
-3.5169799527e-03
-4.7235177977e-03
1.6868531633e-04
1.1734235518e-02
7.6969078403e-03
-7.1062236789e-04
-2.2488875284e-03
5.2364901999e-03
8.5544650404e-05
-7.6967563897e-03
2.9847791219e-03
-7.5057875770e-03
8.9777827628e-03
-7.3090945009e-03
-6.1682942168e-03
3.2694480070e-03
-8.8872916855e-03
-3.0235699461e-03
-2.1880362666e-03
6.5564263079e-03
-3.0778297066e-03
4.1371555317e-03
-5.8780342610e-03
1.8375999413e-02
1.3408947711e-02
8.5335526290e-03
-7.4475857540e-03
-1.6301058789e-03
-3.2110605579e-03
9.8671608941e-03
-8.2665195340e-03
7.6454147438e-03
6.7333874554e-03
-2.0942850351e-03
-3.0153273800e-03
3.0658530881e-03
6.5125375972e-03
-4.3631572732e-03
-2.5933535217e-03
-4.4069908797e-03
-5.4676355370e-03
-8.6531860122e-03
-8.2172528294e-04
5.3084019561e-03
5.3385014010e-03
-1.6042208463e-02
1.7823216360e-03
-3.9145284321e-03
5.5818737261e-03
1.1714488012e-03
-7.9205346570e-03
5.9428952380e-03
1.7165088429e-03
8.3287393833e-03
1.2111251863e-02
-5.0952004000e-04
-3.5270894646e-03
1.0210175714e-03
-6.3428789629e-03
2.5226945988e-04
9.8621031779e-04
3.8451003130e-04
-5.9257256547e-03
-4.1608535485e-03
4.3888592473e-03
-1.2164808667e-02
2.8648168145e-04
1.4115019212e-02
-8.4948969104e-03
5.2787971213e-03
1.5445339245e-03
9.9958601291e-04
-9.1302062707e-04
8.8679201616e-04
1.2049171961e-04
1.5119744323e-02
-7.0238727922e-04
-7.7649867632e-03
7.0035534161e-03
7.4221695158e-03
8.3737719770e-03
-6.7081782240e-03
-4.2237771231e-03
7.5510916308e-03
-2.1788968300e-03
1.0429935792e-02
-1.3218516509e-03
-4.7993381002e-03
-9.6380198782e-03
-1.5391929709e-03
3.9110688915e-03
-6.2167771411e-03
-2.4748849307e-03
4.2520172683e-03
-6.5715325414e-03
-2.2107860592e-03
-4.2472021480e-03
-3.2245891416e-03
1.8713758681e-02
1.7734604244e-03
9.1976827402e-03
-6.6966535516e-05
7.6346362074e-03
5.9211534402e-03
-1.0268149490e-02
-1.4558474498e-02
7.4523130296e-03
-2.5395769805e-03
2.5936489301e-03
1.7369880088e-02
-2.9490914288e-04
-2.6038981671e-03
-3.4315113768e-03
8.7588036936e-03
-4.2009211462e-03
1.9409899776e-03
3.0226275011e-03
1.6480719583e-02
-6.2803849766e-03
-7.2916047245e-03
3.0884349415e-02
7.6194125887e-03
1.5569257285e-02
-1.7671619792e-03
6.5783861502e-03
1.5241892371e-02
-1.4374632108e-02
-2.2379403203e-03
3.4309052174e-03
8.2064977428e-03
-2.3516824189e-03
-1.0941137190e-02
-9.5981033096e-03
-4.3184205829e-03
-9.2918965401e-03
6.3183036110e-04
1.9672223863e-03
-4.0216348770e-03
-3.5395593363e-03
-6.9126601960e-03
-6.6090838385e-03
8.2211614336e-03
1.0461210240e-02
-3.3629824067e-04
4.7414846284e-03
-3.0339975543e-03
1.5446682678e-02
-6.4625712303e-03
3.3343851283e-03
-4.5415141309e-03
1.7514689273e-02
-1.4823651937e-03
-3.7170102833e-03
-6.3104882971e-03
1.8169397145e-04
7.7072757954e-03
-6.3285580190e-03
-3.3838693691e-03
-2.5409529864e-04
-2.0090020644e-03
-6.9070861493e-03
4.0837037650e-03
-5.2799739864e-03
2.5419292183e-02
7.8061194481e-03
-6.8052776982e-03
5.4321400519e-03
1.9630780004e-03
-2.4331770392e-03
-8.3286172780e-03
-6.2748939476e-03
2.5913154104e-03
-8.6112032783e-04
-9.7768160576e-04
-5.6663684482e-03
-1.1685508545e-02
2.7530346759e-03
9.7964010365e-03
-2.5369028585e-03
1.4559807288e-02
1.3833208442e-03
4.4239261798e-03
2.2703802494e-03
-4.7658891188e-03
6.0384644840e-03
-6.8486621564e-03
4.8516617809e-03
-2.6006613112e-03
1.6960730378e-02
-2.6302332227e-03
-6.1088499452e-03
-1.0067627886e-02
3.8902533768e-03
6.1901110198e-03
1.8086599064e-03
-2.2784395733e-03
4.4305634909e-03
-4.5912740035e-03
-1.1282939524e-02
-1.1560149640e-02
8.5534686374e-03
1.0919884866e-02
-1.7442230424e-03
-5.0244186928e-03
5.8281417614e-03
3.7718676974e-03
2.1193347062e-03
-1.1695430586e-02
1.3168622750e-02
-3.6855859541e-03
-7.3888575152e-03
-6.1498790029e-03
4.9019743739e-03
-5.6129185677e-03
-5.0333189797e-03
5.5478193191e-03
-5.0853340384e-03
5.1050197662e-03
1.3136501935e-02
1.7194634251e-03
3.0776169364e-03
7.2237377960e-03
8.7321795836e-03
-1.4287616676e-03
6.1134982681e-03
-1.9809248436e-03
-1.2271566443e-02
6.9078266004e-03
-1.9439307288e-03
-8.3163595902e-03
-1.0075346841e-02
3.5569312531e-03
-5.3963836631e-03
-3.5985325355e-03
3.8243224033e-03
-1.4955429986e-03
-1.9512322709e-03
-2.2784937794e-03
1.0638504460e-02
9.9163295340e-04
-4.4353393501e-03
-1.4015253588e-02
6.0579572645e-03
-2.4955928077e-03
-2.1655304136e-03
-3.5233708536e-04
-1.4349603664e-03
-6.2183906449e-03
5.3150813384e-05
3.1237588235e-03
-4.7382506293e-04
1.8947621079e-02
-5.3926151564e-03
-6.0828719977e-03
4.8939359522e-03
1.2588000735e-02
-8.6205212830e-04
8.6855039639e-03
-6.4808623896e-03
-1.2196369346e-03
1.3445421368e-02
1.6752854832e-02
3.7712354074e-03
5.5132076001e-03
2.3367987978e-02
-2.9291184114e-03
-3.9957362460e-03
-4.5640070953e-04
3.7922762943e-03
1.1690861267e-03
-3.8298468485e-03
1.3106715847e-03
-1.0064197205e-03
1.3146365236e-02
1.4396458548e-03
-4.1649889682e-03
-1.4708644007e-05
9.4339522885e-03
1.3865107099e-02
-1.1616626649e-02
1.8648685362e-02
2.2348947248e-02
-2.9440965792e-03
5.6644038375e-03
-6.6220127591e-03
-5.9126752407e-04
-3.9073612112e-03
7.3210467726e-03
-7.1786693035e-03
-5.8157351942e-03
-2.9534322642e-03
1.6755441293e-03
1.1903078564e-02
-2.7328590369e-03
-7.1032540285e-03
1.0364457489e-03
-4.7189310053e-03
-2.8626326951e-03
-5.9346501134e-03
2.2774685675e-03
3.5423381861e-03
2.8530663586e-03
1.2066105956e-02
-8.1614823591e-03
1.8033293786e-05
1.2314519077e-02
2.0502349453e-03
-6.4237585705e-04
3.0927258274e-03
-8.9360614492e-03
9.9791199043e-03
1.0667310130e-03
2.5708148494e-03
-1.3437352634e-03
7.0018890723e-03
1.2944321385e-02
-8.2589187052e-03
-1.1673068107e-02
-4.9683029931e-03
-1.1228315765e-02
1.6936888420e-02
-7.4240289619e-03
3.5590595410e-03
-4.9206902622e-03
-2.9988766442e-03
-3.9408076693e-03
-1.1585650228e-03
-3.8226548577e-03
-1.2013127980e-02
4.1697200484e-03
3.4074261865e-03
-5.6063372764e-03
-4.0241903478e-03
-6.5679361839e-03
-4.7777085319e-03
3.9095678464e-03
5.8098460424e-03
3.8007781583e-03
-2.0801204856e-03
1.7016511140e-03
2.3795461256e-03
-5.3446879539e-03
1.1292089909e-02
-4.4713863145e-03
-6.8258355946e-04
2.3255946786e-02
-4.4898555984e-03
1.1284436945e-02
-1.8507606063e-03
1.5465182980e-02
-7.4259915880e-03
-1.8816353294e-03
-1.0241951465e-02
-1.2255980643e-02
-4.2266021832e-03
6.6653553251e-03
-3.2978300016e-03
6.5690644602e-03
1.0669015883e-02
-6.8828313227e-03
-1.5533488303e-03
-4.4142845516e-03
-5.0010953174e-03
-6.4413362886e-03
-7.8964033695e-03
4.6556251900e-03
-4.0744526823e-03
3.3056602484e-03
-1.5298530970e-03
-9.3392909928e-03
-1.0104627691e-02
-9.7508797394e-03
1.1289575521e-02
-9.9904784174e-03
-2.0907005850e-03
8.2714664791e-03
2.7244863785e-03
-7.4203620040e-03
2.4927650622e-03
1.2088286301e-02
4.6004700205e-03
-5.0725254411e-03
-4.8486980119e-03
-1.3184533663e-04
4.8826364384e-03
-4.9699717206e-03
-3.7294048957e-03
5.8041645495e-03
-4.7006756686e-03
1.4976328202e-03
3.1784314734e-03
1.3906372161e-02
-5.9165591359e-03
2.7923668957e-03
1.3075552178e-02
-2.3111009422e-03
-1.8348715157e-03
-1.2100442514e-02
-1.2206311457e-03
9.3274429270e-03
1.1133438850e-02
-8.5161518356e-03
3.6518174566e-03
2.9915003195e-02
2.4554653958e-03
3.8670228801e-03
5.5355412142e-03
-1.2922839897e-02
2.3801760468e-03
2.0383430890e-04
-3.2388309361e-03
1.4998702985e-02
4.9600760068e-03
8.5644542348e-04
-4.0082804987e-03
-7.8053537100e-03
-2.5193992039e-03
1.1269724606e-02
-9.9213645003e-03
-9.1767316192e-03
2.6464677676e-03
-1.8410539835e-03
1.4372108081e-02
-7.1110551988e-03
2.8657785838e-02
-1.5115544045e-03
4.9134092520e-03
-3.2294236075e-03
-2.8359178918e-03
-2.3246752426e-03
4.3871429459e-03
-4.4663070905e-03
-9.2570795089e-03
-3.2805291419e-03
3.6643795359e-03
-2.0512165783e-03
1.3308871411e-02
3.4291826465e-03
8.0042141544e-03
-4.2284083794e-03
-6.1097109164e-03
3.5920002300e-03
-9.5966092594e-03
1.0290985081e-03
1.5074087506e-03
6.8764316243e-03
-3.1802068936e-03
8.9032197027e-03
-1.3998109753e-02
8.2224566752e-04
-5.5120767457e-03
2.7773824583e-03
1.3115760485e-03
-4.1254556826e-03
-3.7787896292e-04
3.9827292845e-03
-1.1304910864e-02
-3.6429824866e-03
-4.0894886523e-03
-1.6439265514e-02
7.6905103362e-03
-4.6322718059e-03
7.5613316781e-03
-2.2557385400e-03
2.3538209995e-03
6.9351473241e-03
-4.0524639572e-03
-4.7508544557e-03
8.5661970056e-03
4.8793198301e-03
1.0661880516e-02
6.9490635387e-03
5.1463253770e-05
4.8158489992e-03
-2.7081442251e-03
-1.1543057914e-03
-2.3589150557e-03
-7.3358725002e-03
8.6680958383e-03
-4.1952541463e-03
-5.7614556115e-03
6.3067444029e-03
1.1544706427e-02
4.6679500737e-03
-8.8405742031e-04
1.6635818660e-03
-6.7507798133e-03
-8.9898664504e-03
1.0057297718e-02
-1.7007295391e-03
-3.9230637640e-03
-2.7250375237e-03
-1.0614892348e-02
-4.7659619595e-03
4.9713048349e-03
5.4717268553e-03
3.5630462687e-03
-6.9437167085e-03
-4.2148126584e-03
1.2888127065e-02
-8.4194568817e-03
3.7777602043e-03
-6.7163160020e-03
-6.2811513218e-04
-2.6391464001e-03
-3.9584725246e-03
9.0086118436e-03
-1.3784427115e-03
-9.2464565465e-03
6.5703204233e-03
-5.7630278152e-04
-1.6373386648e-03
8.2262298676e-03
4.2644557480e-03
9.6893759614e-03
3.8451846486e-03
-5.6155060701e-03
-1.0878888967e-02
9.8033517444e-03
4.8647857984e-03
-8.3068283484e-03
2.8290977567e-03
-1.0221737499e-02
7.8044886437e-03
-7.0971753364e-03
-3.4090474929e-03
5.3806752890e-03
3.2660141898e-04
4.2022594794e-03
5.7468028493e-03
6.0276239174e-03
-3.5233382196e-03
3.2777535190e-03
-3.0447784729e-03
-4.3995677760e-03
3.9077613554e-03
7.1855420071e-03
-2.6354509334e-03
-2.6383947552e-03
2.8071240854e-03
-4.3713218961e-04
1.5426287499e-02
4.1573475810e-03
-7.4680785683e-03
-3.2187535042e-03
-1.5785429032e-03
1.3519854614e-03
-5.4087963190e-04
-5.6974736326e-03
-6.5412028994e-04
-9.4308702018e-03
5.7931288660e-03
-3.3796724375e-03
1.0702569079e-02
2.2184914198e-03
8.3769989590e-04
5.2679714420e-03
-4.4776855060e-03
1.8039832063e-02
1.5404432579e-02
-1.1240063583e-02
6.3982535830e-03
-9.9177007102e-03
1.1563384590e-02
2.3827793485e-02
1.7473513642e-02
1.7903446369e-03
-4.1255812247e-03
-7.2588871977e-03
1.0339866377e-02
3.4292219356e-04
-6.1441506222e-03
-1.1930970500e-02
1.8928632324e-03
-9.4583343474e-03
3.1638390943e-03
