5.1194068814e-04
6.8101171237e-03
6.7595125607e-03
4.8575608038e-03
9.9331750988e-06
8.6745271129e-03
8.9763744563e-03
1.1319368367e-03
-1.0754365144e-03
-4.0414089737e-03
1.1938881345e-03
4.0401018219e-03
5.7896919868e-03
1.1932416099e-02
-5.0028292709e-03
-5.3005886551e-03
-3.8045729568e-03
-5.4292452114e-03
8.7077148410e-04
-3.0467448191e-03
5.0330620369e-03
4.6209761425e-03
-3.8575148845e-03
-9.1414383018e-04
-4.5282875483e-03
-7.3022767167e-03
-1.2159109059e-02
-5.4059413850e-03
-4.3616086364e-03
1.4550085897e-02
-2.8451471124e-03
1.3631894371e-03
2.6194751499e-03
-7.2727287728e-04
2.3572799388e-04
4.0127163407e-03
-1.3942543095e-04
-8.9617623754e-03
4.1468648915e-03
1.2478050633e-03
1.9295342436e-03
-2.4112351501e-03
1.3387233295e-02
1.5056131410e-02
4.0753783113e-03
7.3232006765e-03
-7.6950460415e-03
-3.2490553233e-04
4.3428908102e-03
-3.2762945099e-03
2.2512246187e-03
-6.0969669832e-03
-7.5682900486e-04
1.0453644832e-03
-9.2494157814e-03
4.9998491929e-03
-4.9012303197e-03
1.6648337979e-03
-1.0962863500e-03
-8.4801926682e-03
-4.9158806821e-03
-9.9035161642e-03
-2.1179132491e-03
-1.4897439341e-03
7.1810520354e-03
-8.6573389260e-04
-6.3029931258e-03
1.4366610598e-03
5.9565397138e-03
1.7023909050e-02
8.7442007717e-04
9.9513150552e-03
-3.2613245289e-04
-7.0220720311e-04
6.4493551998e-04
-3.8561262324e-04
2.0895450017e-03
-3.0791917643e-03
-1.2851899452e-03
-6.9586742199e-04
-1.2690367979e-02
-1.1578478591e-02
2.5252605370e-03
8.1143291751e-03
-1.5496101584e-03
4.8675787531e-03
-5.2605904213e-03
6.4774961726e-04
-7.9040257004e-03
4.7572741878e-03
-5.8394893832e-03
-5.1772050171e-03
8.1176585801e-03
7.4089072948e-03
-9.7083019961e-03
-1.9401595714e-03
5.2989831182e-03
-6.7233575086e-03
-6.9853997687e-03
-3.2905329970e-03
3.2311162926e-04
-5.7584820632e-03
-1.5674286831e-03
9.0821612373e-03
7.0107560277e-03
4.5654922038e-03
-4.9442375662e-03
6.9531926233e-03
1.5317932749e-02
7.6739347753e-04
-4.8532052098e-03
1.4724464610e-03
2.4274711844e-03
1.8784846222e-03
-2.1311760159e-03
-2.7150156528e-03
6.2235221075e-03
-3.0899378750e-03
-6.2520203507e-03
-5.0809974687e-03
1.0442059208e-02
2.4190649946e-03
4.6457047454e-03
-1.2663105569e-02
6.8464253386e-03
-1.0062526977e-02
-5.4955143733e-03
-5.7194094922e-03
2.4390699049e-04
-4.1264479678e-03
-8.0871303552e-04
-1.6517143237e-03
3.3621952652e-03
1.8570776998e-03
-4.7747430687e-03
-1.7904059390e-03
8.9536321788e-04
-4.3938582734e-03
-1.4719723540e-03
3.4531465207e-03
-6.3484521817e-03
-5.0383688172e-03
-3.9600110659e-03
-1.1043772648e-03
-2.3307677975e-03
5.4472631534e-03
1.1206396180e-02
-7.0181104955e-03
3.5485217805e-03
-1.1255153951e-03
3.9458412425e-03
1.3856552498e-03
-9.3788158289e-03
1.8186569330e-03
-1.4987907925e-03
-2.6991856258e-03
3.1501385047e-03
1.5425389100e-02
1.9435277068e-02
-5.5258928542e-03
-6.7703364262e-03
8.1845433869e-03
-3.1489712669e-03
-2.3261327853e-03
1.9226473210e-02
-2.8834518985e-03
1.1899999167e-03
-1.5397800789e-03
2.1177166121e-03
1.2829843076e-03
5.2247558587e-03
-3.0045455060e-03
1.1636465265e-02
5.8559040258e-03
-8.0488492770e-03
-2.6954974306e-03
-7.4898255474e-03
7.6999036415e-03
-3.0875697421e-03
-3.0887739844e-03
-1.6662278590e-03
-4.3184532288e-03
1.4933153735e-03
-1.4118497469e-02
-1.1079007059e-02
-3.2391721079e-03
-1.2092010351e-03
7.9294758081e-04
-5.1569434665e-03
-2.6613144628e-03
-4.5171300200e-03
3.6068986860e-03
5.6833382242e-03
-4.1243185149e-03
-3.9836854986e-03
-2.1493929537e-03
7.3309358516e-03
1.4334110759e-03
1.2097326020e-03
2.0638699868e-05
4.8398557483e-03
5.2890615351e-03
-4.6287506506e-03
1.0876212527e-02
-3.7231786602e-03
-6.5682383483e-03
-6.3898679763e-03
9.6053171907e-04
3.6383658659e-03
5.1976453998e-03
-8.4140561464e-04
2.0584171508e-03
1.1277472642e-02
1.5299627283e-03
-3.0861955299e-03
5.5360262340e-03
7.3702523506e-03
2.4955858881e-03
2.8490205955e-03
-5.9656466459e-03
5.2463169701e-03
5.3878832560e-03
2.2347074989e-03
-8.7032777882e-03
6.4494466733e-03
4.2386260755e-03
-1.8333339764e-03
-7.8895540259e-03
-5.4417808470e-03
-1.9743891812e-03
1.1831365097e-02
3.2524969766e-03
-2.5049144353e-03
8.0347497571e-04
3.2322813916e-04
-5.6193101352e-03
-2.2423316397e-03
-8.7792729915e-03
-1.3771992776e-03
2.3279877604e-03
3.1427375072e-03
-5.5601833796e-03
4.0960943381e-03
-2.3386503695e-03
-1.5069543781e-04
-1.7521464332e-03
-2.9461994970e-03
1.1345617360e-02
7.4355854855e-03
-3.9090467369e-03
-1.9205955852e-03
-1.2136566797e-02
3.8262240228e-03
-4.8774849599e-04
5.9229926841e-03
-4.3931336664e-03
-6.5241795584e-03
-1.7523836650e-03
1.4855548365e-03
-5.0418450048e-03
1.1307519502e-03
-6.2176107669e-04
1.0006877044e-02
6.2477379356e-03
-9.4942132263e-04
-7.0905110606e-03
2.4930640349e-03
2.5915647277e-03
-6.9770853486e-03
-1.0150065099e-03
8.5423586539e-03
-1.3161750067e-03
4.7667685596e-03
-4.1940424269e-03
-3.0453062996e-03
7.9634449101e-03
2.3426132504e-03
-6.8096425260e-03
-5.9155120947e-03
1.8504330549e-02
-2.8124182873e-03
7.9460915236e-03
-6.0447549414e-04
5.1614763052e-03
2.9893807404e-03
7.7638579883e-04
1.9185589809e-03
-1.5542312672e-03
-1.1206940915e-02
1.2443594201e-03
-2.2837227870e-03
3.9276903632e-03
-6.8964763913e-04
-6.2762613741e-04
-2.7444795937e-03
-2.6714850485e-04
3.0075759184e-03
-9.9734011149e-03
1.1300019740e-02
-3.4197836688e-03
4.5071445896e-03
6.6719771985e-04
-1.3857487021e-03
-9.2843672262e-03
1.1745144558e-02
8.2521537473e-03
-1.7373861011e-03
1.7505263482e-02
5.2229678984e-03
1.8414535068e-02
9.4888994453e-03
7.9383765728e-03
-2.3000992306e-03
1.4875037142e-02
4.3263964288e-03
4.5578910277e-03
2.5040928340e-03
1.4253734961e-02
6.6805501418e-03
-1.4249518135e-03
-5.1767237858e-03
-5.0711483317e-03
-8.1796627082e-03
5.2195916612e-03
4.6846603570e-03
-7.4997840536e-03
-6.9533420850e-03
-6.3402016334e-03
3.1614292036e-03
-2.0320817756e-03
5.2194632517e-03
2.0340150357e-02
8.1807381164e-03
4.8529303190e-03
8.5679279953e-03
1.2425358332e-02
2.7775515560e-03
4.1384406729e-03
1.0240634348e-02
1.0049867054e-02
7.1118206516e-03
-4.6094985034e-03
-5.4182179226e-04
6.6241890284e-04
3.8371359246e-03
6.0624295362e-03
-2.5133940160e-03
9.1539851476e-04
-1.1179419390e-02
-1.9509776484e-03
-3.2735170664e-04
5.8329804987e-03
4.4156457817e-03
9.8891650871e-04
-2.1186917790e-03
-9.2397024553e-04
4.4254272354e-03
-5.8983862158e-03
2.6667486887e-03
9.7215562422e-03
-1.4160093013e-03
-5.7721224243e-03
-4.6473144365e-03
1.8984833299e-03
-1.8566265876e-03
-1.3214012376e-03
-5.0330981907e-03
1.0228327095e-03
-3.9370931707e-03
-6.0066558685e-03
-7.2330560541e-03
5.9958961793e-04
1.7430163176e-03
5.2116526939e-03
2.5305740874e-03
-3.5608364299e-03
-6.1963251598e-04
-8.5122911759e-03
4.9333994886e-03
1.2537670997e-02
-9.8073060693e-04
-6.3195182976e-03
-1.3575348385e-02
-1.9006672329e-03
1.3548158973e-03
3.9767090334e-03
1.5605434203e-02
-4.5855610880e-03
1.9644416636e-03
-6.4476052672e-03
-8.4257404726e-03
5.0879768120e-03
3.1280514606e-03
-2.1482288164e-03
5.3769336014e-04
2.7098272488e-03
-2.7668165575e-03
3.4521490455e-03
1.0566118823e-02
1.2848340663e-03
-7.5991965134e-03
2.9579000542e-03
1.0645216984e-02
-2.7653846762e-03
-6.5586703183e-04
-8.6380080261e-03
-3.2813391277e-03
-6.8106838227e-03
-3.4073094408e-03
4.0943290359e-03
3.6672095935e-03
6.8763573752e-03
-1.3208160355e-03
1.6648890044e-02
-8.9531707994e-03
-4.7234437919e-03
2.9875466519e-03
-6.5198961172e-03
3.4553618363e-04
-3.4236199438e-03
-6.8161539769e-03
2.5111820033e-03
-7.7005243689e-03
6.1265982032e-03
-2.7314052857e-03
-1.1217458688e-03
2.8984853743e-03
-3.7059802701e-04
9.5425093119e-03
-1.3073318136e-02
-1.9388628996e-03
9.9579067324e-03
-2.0650718455e-03
-9.5678750594e-03
-2.1986964476e-04
1.5483964911e-03
-4.4407183093e-03
2.0555553899e-03
1.5425867409e-02
1.4358068448e-03
1.5752370095e-03
-5.0196507451e-03
1.4400421470e-02
5.4134715368e-03
-2.4857054921e-03
4.4988911177e-03
6.2472508365e-03
-8.4122685945e-03
-8.8979028873e-03
6.6069757440e-03
1.5060185330e-03
-1.6081968008e-03
-6.1720155963e-03
2.9024277917e-03
1.1737637650e-02
-1.8817510131e-03
-8.3857499605e-03
-7.1747150867e-03
-8.6024692785e-04
2.7921775894e-03
1.0894225285e-03
-9.7805782195e-03
3.3762568450e-03
1.9534231256e-04
-9.1638041927e-03
1.1981090016e-02
-9.3719738534e-03
3.0442108575e-03
1.6284821732e-03
5.2734525976e-03
7.3119162876e-03
-1.3459951900e-03
-3.8748596436e-03
-3.2142912358e-03
2.7322320739e-03
1.3480522231e-03
-6.4332071721e-03
9.4648216536e-03
4.5697105350e-04
1.3810218111e-02
3.1925526798e-03
-5.3764473945e-03
4.0009861259e-04
-3.4739983416e-03
9.1731874973e-03
1.3479324355e-02
1.2673880318e-02
8.6219952015e-03
-1.0534712216e-02
2.3769896944e-03
3.5256449487e-03
-2.3680918790e-03
-3.7212300661e-03
5.8565668372e-03
1.2691321730e-03
-2.9702844095e-03
1.6798237052e-03
-4.2130655204e-04
-8.0842626259e-03
-5.5068070998e-03
9.2246929742e-03
3.7422753079e-04
5.8780629413e-04
-8.1947977054e-03
2.7998129393e-03
1.2028477791e-04
4.6542881129e-03
2.0683625270e-02
-6.0086241482e-03
-5.2542928137e-03
2.1646950885e-03
-6.1379412274e-03
-4.1019705007e-03
1.6104818871e-03
-1.9671932355e-03
1.6987788816e-02
5.9879865689e-03
1.6794257085e-03
-8.1629999913e-03
2.6404554667e-03
8.0542117073e-03
-1.7861018930e-03
3.5424272261e-03
3.9479635747e-03
-3.3532562299e-03
-9.8526970249e-03
-3.4686825323e-03
-1.0407407784e-02
9.0816601626e-03
3.7663772381e-03
-4.2600063570e-04
-1.1488964893e-03
-1.1063243550e-02
-6.9751700444e-03
5.8124138649e-03
1.6442335615e-02
-3.4610807739e-03
1.1750356884e-02
-2.9828172152e-03
8.3277545413e-05
-1.9701217906e-03
7.5849636384e-04
-7.6609855675e-04
9.3415704213e-03
1.0394073002e-02
-6.3917137786e-03
-3.6938936066e-03
1.7032810042e-03
7.2657121036e-03
-6.5277876465e-03
2.9476664516e-03
-5.8130608353e-03
-4.5653234729e-03
2.1753177285e-04
-5.2637309936e-03
3.6491895489e-03
-7.3191624730e-03
4.3673106180e-03
-3.5589704235e-03
-5.2105235989e-04
-5.2173048254e-04
3.8775099819e-03
-8.0126032563e-03
-5.2377082882e-05
7.8272673572e-03
-1.2011821935e-02
7.9983623206e-03
-4.1315066522e-03
-7.1503250618e-03
-2.8949357529e-03
1.3911465003e-03
-1.3346256519e-02
-7.7436297441e-04
1.8819111816e-02
3.7592836470e-03
5.9041523528e-03
5.4813859302e-03
-2.4414723199e-03
6.6763165789e-03
5.2830556476e-03
-2.1569731024e-03
-1.7624233002e-03
-6.6819006959e-03
-3.6324543333e-03
4.4574425501e-03
-4.9650023573e-03
-3.4361866116e-03
-1.1987099804e-02
1.8427068251e-03
5.4766941064e-03
4.2048209899e-03
-8.1054011388e-03
-2.4105227264e-03
6.1666763242e-03
9.5057066192e-03
-6.1838238977e-03
-1.9879389145e-03
9.9410637634e-03
1.5848810792e-03
-2.2484531472e-03
6.6222721143e-03
-3.4094535582e-03
6.4385374971e-03
-6.1421582500e-03
3.4741490552e-03
-1.1943820011e-02
-1.1098833507e-03
-3.7844450805e-03
-1.6166768558e-03
-5.7226551742e-03
-1.5463262483e-03
-2.2762546013e-03
-6.5342842062e-03
8.8690555033e-03
1.7476978885e-03
1.7412855261e-03
4.6142155370e-03
-1.4044144024e-03
-1.3920028913e-03
-7.1016414819e-03
1.9330118496e-03
-5.0110447285e-03
-8.6296339730e-03
-2.9758463645e-03
4.4385545872e-03
3.8644817591e-03
-1.2277239090e-02
1.1342974645e-02
1.0175383543e-02
-3.9195056110e-03
8.0069472959e-03
4.5448320813e-03
9.4999505903e-03
1.1156069128e-03
9.1644651865e-03
3.9704599594e-04
4.0666728375e-04
4.1074310873e-03
-1.6582998084e-03
-4.8013039804e-03
1.7542657612e-03
-8.0682247082e-03
-8.2757453731e-03
2.9464505517e-04
-2.6484093316e-03
1.0110193808e-03
-2.4898416881e-03
-2.8579339383e-05
-1.2189497901e-03
-4.8701505293e-03
1.1779610834e-04
5.8861762888e-03
3.1938922659e-03
9.6350493960e-04
4.9540305596e-03
2.8461549916e-03
5.5884638004e-03
-6.1755075378e-03
7.6341439824e-03
-6.7119768807e-03
-4.5794289065e-03
3.9287936505e-03
-8.3410409123e-03
-6.9511553805e-03
-3.2072338301e-03
8.9857015298e-03
-7.8128140473e-03
-1.1636618611e-02
4.2389177360e-03
2.0461907496e-03
-1.2875383566e-02
4.7831858794e-03
9.5733771560e-04
1.2572961673e-02
6.5394679310e-03
-7.8167343387e-03
6.6743611879e-03
7.3733694660e-03
-5.2104224352e-04
-4.3092659591e-03
3.9134147680e-03
7.5940745857e-03
-5.8209978054e-03
-4.7435379547e-03
-2.4787830011e-03
-4.8917933983e-03
-3.2630387823e-03
-3.8965660667e-03
4.4231160479e-03
5.9586814075e-03
-8.0051206886e-03
1.1588525424e-02
1.0185893973e-03
-5.8211021891e-03
-1.5242398519e-03
1.4549266552e-02
-3.8013246807e-03
5.6323373370e-03
9.7634084233e-03
-7.6171223553e-04
-1.1985435919e-03
-6.6147668041e-03
-2.9411396870e-04
3.1284519583e-03
-4.5603401501e-03
6.4862438841e-03
1.0804009656e-02
-3.8799412490e-03
-1.4809162865e-03
-2.6983060682e-03
-2.8236078766e-03
6.2494597732e-03
2.0090984651e-03
5.8433357720e-03
-3.8399903497e-03
-2.7981825336e-03
-4.3077359017e-03
8.6668899870e-03
8.8028166016e-04
4.0339498232e-03
7.2123829309e-03
1.1907134475e-02
-3.7898271426e-03
-8.1154900022e-04
-2.7522620750e-03
-8.7323434941e-03
2.4064357427e-03
7.5516501553e-03
3.9365352344e-03
1.9973780271e-03
2.8399191138e-03
-4.9790856692e-03
8.9538681810e-04
4.9571096734e-03
-7.2126676028e-04
1.0183226121e-04
2.2343281955e-03
1.1504693361e-02
-5.9833915636e-03
-7.9011968878e-03
2.5764481770e-02
7.8128292769e-03
-8.0569998711e-04
4.1327560844e-05
2.1368029156e-03
2.3923870564e-03
6.2861038592e-03
5.2101547577e-05
-9.6273794541e-04
2.3696510624e-03
-4.6576459904e-03
7.2763681218e-03
5.6580982147e-03
2.5390178626e-03
-4.5631637685e-03
-3.0219480104e-03
-1.5233352354e-03
-4.9882720948e-03
-7.2566773818e-03
2.9778291927e-04
2.4342073185e-03
1.9611395362e-03
5.6320537686e-03
8.0269823499e-03
1.3689135655e-03
7.8476522223e-06
3.3439632715e-03
-5.0061529159e-03
2.6629407837e-03
-4.4841006061e-03
6.5550247541e-03
3.7471868423e-03
-3.8163264679e-03
4.6868368809e-03
4.6364655234e-03
3.1660857764e-05
1.0421182733e-02
-6.6683355105e-03
-1.0521955923e-02
-7.7165884762e-03
-6.2203221092e-03
-1.0609672461e-02
-4.5887304097e-03
9.9227461811e-04
-1.6551798567e-03
3.4704308774e-03
-8.0748953935e-03
7.0259949683e-03
5.0265532168e-03
-1.9006631125e-03
4.8521904417e-03
6.8484206017e-03
-5.1883830778e-03
-1.8343247106e-03
6.8478980627e-03
-3.5833180788e-03
-1.4300247793e-03
-3.6536355274e-03
5.5119507894e-03
-3.3761388371e-03
8.5124515726e-03
-5.6126886920e-03
6.0279450719e-04
-7.6969385516e-03
-1.6896279616e-03
1.8575522236e-03
-1.2099949855e-03
-1.2594574981e-03
1.4378711535e-03
-6.9731171965e-03
-8.7381405574e-04
3.7374709365e-03
3.2433095560e-03
-1.1574766758e-02
-5.6009653926e-03
3.3931426703e-03
5.3152478439e-03
2.8052267433e-04
-3.2020708354e-03
7.9122357501e-04
-9.5106780117e-04
-3.0518608390e-03
2.8434559823e-03
1.3799911754e-02
6.0664429802e-03
-3.3437992282e-04
-7.4675645010e-03
5.5940162690e-03
-2.0214853887e-04
-3.2561195079e-03
7.9982321762e-03
1.7217400815e-02
-7.2752094022e-03
7.8612060293e-05
1.0253662041e-03
1.2203594855e-02
-7.9948972424e-03
3.2508057629e-04
-4.1504135683e-03
-3.3441328616e-03
-1.1718311578e-03
-1.0184653269e-02
-1.0982201943e-04
-9.6584802397e-03
-1.1917905431e-02
-1.0592163601e-02
-9.3150871619e-03
-1.1415189143e-03
1.3598703429e-02
1.6852648251e-03
-7.1212775334e-04
1.3948742165e-02
-6.0711618445e-03
1.4475244130e-02
9.6804558840e-03
8.5848294940e-04
-2.9888794857e-03
2.5447778782e-03
8.4643238219e-03
3.8832790444e-03
-3.9863501016e-04
-3.6568696423e-03
-4.6540574449e-03
-4.6329925223e-03
1.3267225576e-03
6.2771524671e-03
9.8141035821e-03
-2.4656162273e-03
1.5903960379e-04
-9.2515386591e-03
1.0337491490e-02
-2.5167616479e-03
-8.5938736507e-03
8.2245379007e-03
7.3454128767e-03
-1.8792669708e-03
8.4881981970e-04
5.3547262317e-03
7.7342873293e-05
-2.2408315109e-03
1.1605526517e-05
6.0776207540e-03
-1.9609210546e-03
-1.0325586285e-02
-3.6093659776e-03
-1.7352568000e-03
-5.8937556672e-03
5.0274041120e-04
-6.7525090878e-03
-1.5378229812e-03
-3.7241894058e-03
1.2422215021e-02
8.5715234861e-03
2.3387649840e-03
-5.9698440680e-03
6.7679880704e-03
5.7655696099e-03
7.1238297826e-03
6.9292429394e-04
-5.1602115623e-03
6.3329057043e-04
-4.6080741155e-03
-3.0584845896e-03
7.4321256584e-03
1.5263167571e-03
-3.6042065288e-03
-7.3689749577e-03
1.0641006055e-03
-4.3607247321e-03
-1.0114808256e-03
4.4400991515e-03
-9.7859412314e-03
5.8413213137e-03
-2.3535505389e-03
7.7053470448e-03
-3.8003855243e-03
-1.1525156087e-02
3.5652900902e-03
1.2836550988e-02
-3.0015876354e-03
-9.7375725476e-04
-1.2786948428e-02
-1.0662624949e-03
5.0124010077e-03
-1.0338547581e-02
-3.0962133190e-03
-2.6105793045e-03
-1.7991390114e-03
1.1100917508e-02
8.8688420486e-03
-2.3651866393e-03
4.3726371288e-03
-5.7883267295e-03
-1.5441054023e-03
3.5571508186e-03
1.1469288587e-02
-5.1369950115e-03
8.3611468986e-03
7.5450873010e-03
-8.5241577336e-03
-3.4961084869e-03
4.5409155966e-03
1.1576279111e-02
9.0953085122e-03
2.6435349030e-03
5.5964473776e-03
5.8921590876e-04
-1.9042718472e-03
1.2477611653e-03
1.7496184777e-03
8.4042375007e-03
5.2043345798e-03
1.3732037532e-02
-2.3362789176e-03
1.3296891780e-03
-3.6380286170e-04
5.9964941267e-03
1.2370267137e-02
2.6562529929e-03
-6.3321091320e-03
-1.6572108187e-03
-1.5055984309e-03
7.0074313015e-04
1.1615438161e-02
8.4187041845e-03
-1.3559226780e-03
4.9948125022e-03
-4.6757960425e-03
4.3514824746e-03
7.1628984221e-03
-1.6189817152e-03
-4.4929530350e-03
-6.3178187299e-04
-8.6429218677e-03
4.3705397312e-03
4.2352536790e-03
-6.8684506970e-04
-5.7432426342e-03
1.0357249387e-03
-8.9803859681e-03
8.0763285336e-03
8.0361515721e-03
4.7600027830e-03
1.3534366142e-03
-3.6601523361e-03
-2.7050441326e-03
4.8054034147e-03
-4.7351068807e-03
2.7850717465e-03
1.7517273831e-03
-7.4014518329e-03
-1.0128050378e-04
-3.3342611929e-03
2.3019367089e-03
-4.5670625264e-03
-6.2857915836e-03
-1.3214713855e-03
4.7911900008e-03
-1.5788358566e-03
-4.4291926995e-03
-1.1562636878e-03
5.9865508415e-03
-4.5356596040e-04
3.2219516993e-03
2.9020322445e-03
1.1312523065e-03
5.2081255939e-03
-3.2470901236e-03
-2.3687978357e-03
-8.1083850145e-03
-2.1248380379e-03
8.3160002044e-03
-4.6746411469e-03
6.0301462898e-03
4.6199058869e-03
4.2943259388e-03
-3.0636580480e-03
3.5717869806e-03
7.4399462728e-03
4.1074641659e-03
-1.9339542779e-03
1.2387030884e-02
-1.0917146238e-03
6.2151900985e-03
-9.2323869687e-04
-6.8301735299e-03
3.8170030444e-03
-8.7577941515e-03
-4.8639241087e-03
7.5834562607e-03
7.7600569090e-03
1.2719485380e-02
-5.7356169859e-03
-1.7086526350e-03
7.1572644538e-03
-8.9262858210e-03
2.0623586504e-03
-1.2650250787e-03
4.8634088642e-03
-1.9436098672e-03
1.0651018978e-02
-5.5661140652e-04
9.6196617698e-03
2.5502592742e-04
-8.2780647768e-03
-7.0832697968e-03
1.6442025615e-02
-4.8849823211e-03
1.0414944112e-02
-1.6813112888e-03
2.0489450124e-03
5.8330928325e-03
-4.4088405616e-03
-6.9060950200e-03
-1.1301222079e-02
-1.1941137239e-02
3.1920205381e-03
-3.9318995471e-03
-1.8294857951e-03
8.4824619386e-03
-2.2009584232e-03
-4.2764402369e-03
-4.4904200012e-05
-5.7117818626e-03
-7.1363570538e-03
3.3262490015e-03
-4.6954570060e-03
-3.6783624899e-03
9.7058375776e-03
1.2457005566e-02
1.6426352174e-02
-8.5958542210e-03
-2.6077968036e-05
9.8384851260e-03
-6.7440881185e-03
-1.7762418840e-03
3.6403849263e-03
-7.2719681424e-03
2.9565906001e-03
8.7292658568e-04
-1.0296589367e-02
1.2393850170e-02
1.3883479943e-03
-6.3672137961e-04
-8.0488329823e-03
5.2206360438e-03
-8.5105150218e-03
6.1052382427e-03
-5.2041395551e-03
-3.3345563214e-03
-4.3619979927e-04
2.3929166971e-03
-5.2659836600e-03
-4.4941930438e-03
-9.7836119598e-03
8.1179277758e-03
-9.7574423481e-03
-9.4203347148e-03
7.8702375439e-03
-1.9540802800e-03
-3.4406477192e-03
4.9792880844e-03
5.9032714814e-03
1.0437857124e-02
1.1109628992e-05
1.3496026905e-02
-5.4210200637e-03
7.4672067609e-04
3.4079179224e-03
-1.0617977124e-03
3.4567316902e-03
-6.7219865323e-03
-3.4487760746e-03
-2.6549094353e-03
-3.4394652605e-03
-2.3570593287e-03
6.4973673542e-03
1.2206449670e-03
1.4423733628e-03
1.4098325224e-02
7.2696139947e-04
-5.8941122989e-03
-4.7611174551e-04
-5.1186958162e-03
-4.4504205551e-03
5.3708723485e-03
2.8938248529e-03
1.5692469303e-02
1.6649007186e-02
2.3989928736e-03
1.7618444912e-04
3.4993117957e-03
-7.7712258396e-03
2.0312124002e-02
-6.9756344194e-03
3.7898052440e-03
3.7844672133e-03
2.3048448435e-03
-1.0196594798e-03
2.3244990007e-03
7.8709942091e-03
-9.2350147710e-03
-1.0259298133e-02
-6.6786586336e-03
-9.6387853099e-03
-3.4888078466e-03
3.9132307388e-03
1.9596280694e-03
-5.0806273683e-03
-2.5695624676e-03
-8.6179391345e-03
-1.1254819324e-03
8.7330761459e-03
3.6142293271e-03
3.4378070295e-05
1.6548831127e-02
1.4214574539e-03
4.9569398085e-03
-9.5023935663e-05
-1.0866034013e-02
-4.4795878547e-03
-1.0130158081e-03
7.8946281328e-03
-1.1294393044e-02
3.3656661999e-03
5.1348990523e-04
-4.7992756620e-03
-7.1447663505e-03
6.4218455431e-03
-2.0445191526e-03
-2.2827622404e-03
-2.1998884122e-03
3.6737782713e-03
-7.6813802735e-04
5.4624320678e-04
3.9614624093e-03
7.5457225630e-03
-3.5880874871e-03
1.1797734198e-02
-2.0205946494e-03
5.2484441159e-03
3.7664129039e-03
5.4995087233e-03
4.5657035515e-03
2.4943078629e-03
-4.4026821486e-03
-6.3741550383e-03
-6.7963067735e-03
-4.0490885780e-03
3.6130880847e-03
-5.7365841303e-03
-6.9232022202e-04
5.6970549663e-03
-2.2483427038e-03
-2.2384756514e-03
-2.7778448956e-03
6.0446346140e-03
-5.9468616456e-03
-8.9189467243e-03
-2.1441754788e-03
-3.3301393527e-05
5.3300829085e-03
4.3224332116e-03
1.0640696220e-03
5.8533119355e-03
-1.6389376073e-03
-1.4066116745e-03
-6.1649920863e-03
-1.8552070579e-03
7.8731864011e-03
1.3986719000e-02
-2.5447035248e-03
-7.3215911938e-03
-2.7022419232e-03
9.7703036076e-03
-6.4150862519e-03
2.7146561792e-03
6.5620678259e-03
-4.9461077163e-03
6.2732224132e-03
-4.1267103771e-03
-7.4535488272e-04
1.0310739337e-02
8.3707013864e-03
6.7805804314e-03
-5.0736499884e-03
-9.0292641219e-04
-2.4819612910e-03
4.6098504133e-03
-3.2773941586e-03
-1.3695811455e-03
3.6700504435e-03
9.6166503610e-04
5.3959884408e-03
1.8425654579e-03
2.6614638655e-03
1.1737377224e-02
2.5350082680e-04
-5.4486820892e-03
-1.2934249603e-03
1.2225124979e-03
-4.5653146820e-03
-1.6046119806e-03
2.8487393729e-03
7.7404565865e-03
-5.1627356759e-03
1.3658258436e-02
1.7509823786e-02
-3.6487509549e-03
-2.5513509341e-03
-3.9438738081e-03
-3.9505186319e-03
-2.2058488103e-03
1.1911108986e-02
-6.0933935105e-03
4.0839423196e-03
-3.5933545582e-03
1.8133466956e-03
5.4468639604e-03
-2.0597929126e-03
2.6665901440e-03
9.6756075044e-03
4.8127478551e-04
1.8406851754e-03
1.5401730088e-03
4.5516532242e-03
9.7130237670e-03
1.3291367262e-02
2.6558784621e-03
6.5077636747e-04
3.0897459508e-03
2.7544844437e-03
-1.0556872744e-04
9.6646540619e-04
-3.4417520778e-03
4.2887455448e-03
-3.1199298910e-03
2.0017419876e-03
-7.7723020934e-03
1.0087745156e-02
1.2278744896e-02
-1.0649899554e-03
-6.1784804211e-04
1.0926843720e-02
4.4280057519e-04
-4.4260846547e-03
-4.9624158248e-04
1.1562580007e-02
-8.7755305875e-03
-4.1318284373e-03
-5.2802787190e-03
3.8834173511e-03
-4.2306812295e-03
-2.2588368859e-03
-3.7048550542e-03
5.6326035233e-03
5.9170993846e-03
-4.0058470609e-03
-7.7178041394e-03
-4.7475540180e-03
8.9942990310e-03
-1.7765245703e-03
8.8458916222e-03
2.7547043260e-04
-3.0975532760e-03
-3.1462573132e-03
-4.6886030297e-04
-9.6002879335e-03
-2.3233967370e-03
-2.1580507341e-03
1.6351244258e-03
1.0117802100e-02
3.2677731388e-03
-4.7829475476e-03
-1.1974720486e-02
1.3224765730e-03
8.8226539798e-03
-5.6668069156e-03
3.3791919638e-03
-1.4816448924e-03
1.8466477190e-03
5.8443973010e-03
-1.8337191571e-03
1.6431772251e-03
-4.6344563272e-03
3.0443010766e-03
-1.0302667716e-02
-5.3176068505e-03
-3.8710976470e-03
1.3300655770e-03
9.0244611136e-03
-5.8596118520e-03
1.5837646308e-03
-1.2834703866e-02
1.6392114850e-03
5.0421465328e-04
4.1459576190e-04
-4.6851012945e-03
-1.0160643566e-02
-2.7104483240e-03
-5.1763025681e-03
-5.5910819197e-03
1.3884179525e-03
-3.2886166886e-04
-4.6008027036e-03
-8.0177833075e-03
3.7275367837e-03
-2.9361473724e-03
5.4897393727e-04
-1.0979963498e-03
-3.3281195815e-03
1.2036297254e-02
-6.3342342459e-03
5.8457714127e-03
-8.4808965192e-04
-2.5777603554e-03
-3.5456873101e-03
-1.0656014641e-02
7.1768338757e-03
-4.5390952352e-03
6.9305279385e-04
1.8370752401e-03
3.2650108474e-03
-4.5486062940e-03
5.1183286295e-03
-3.5688060258e-03
4.0421964147e-03
6.6633677964e-03
9.2737441951e-03
7.9384332514e-03
5.4944933848e-04
-5.1422818249e-03
-1.0908436375e-02
3.6270129914e-03
-1.5893991132e-03
3.9620415375e-04
2.0680430768e-02
-2.5891724033e-03
6.3491610161e-03
2.8116417472e-03
-1.1554718842e-04
-7.2057582855e-03
6.1410406572e-03
-1.0909987965e-02
-4.5409455948e-03
-9.6632262520e-04
-6.2846813565e-03
-1.2344969706e-03
-1.9781826010e-03
-1.8199303462e-05
-1.7478165310e-03
4.5557716751e-03
3.7332034735e-04
6.4643048313e-03
7.0351584898e-04
-7.3774761501e-03
8.2105634694e-04
-1.6472583361e-02
1.1528752907e-02
7.3791656452e-03
-3.5773843326e-04
-1.2899608909e-02
-3.9696830469e-03
7.5407405146e-03
5.4227562868e-03
-1.0322269965e-02
-8.7278206404e-03
4.7077083723e-03
-2.6439277953e-03
3.6688698495e-03
-6.6788978190e-04
5.2022398772e-03
5.1038096077e-03
-4.6827225531e-03
-6.6632072743e-03
1.1982687528e-03
-5.3258661411e-03
4.7354150420e-03
-6.4705938708e-03
8.3232251865e-03
-4.3375065858e-03
5.4935406458e-03
-2.2649425220e-03
-2.6862867473e-04
-1.5510389365e-03
2.0870796413e-03
-4.6881429805e-03
-9.7072963203e-03
-6.6188547514e-05
7.2225692247e-03
3.5337247250e-03
-7.5342928966e-03
-8.9327791314e-03
9.8350585641e-03
-8.0353527508e-03
1.5087578866e-02
3.3263220457e-03
-2.8550578208e-03
1.1789998183e-03
4.2196347186e-03
4.9812433145e-03
-1.4290952730e-04
9.4371368028e-03
-9.8904124567e-03
-8.7475002690e-04
-5.0425560304e-03
-6.7330780484e-03
3.7030632131e-03
-7.8091578409e-03
-7.3762431507e-03
-1.0065184727e-02
5.1673613001e-03
-8.3110311371e-03
9.6000432923e-04
-6.3462435547e-03
-8.0945627518e-05
-6.5235989647e-05
6.9904660396e-03
5.2863105610e-03
5.3943270974e-03
-4.0913395272e-03
1.1873280924e-02
-4.1926307448e-03
-7.2460813305e-03
6.1805417412e-03
-1.1427629615e-02
6.6786733711e-03
-1.1728808431e-02
6.2462718948e-03
-1.4100041034e-02
1.1382895551e-02
1.8976004532e-02
-6.6026680656e-03
1.1350370870e-02
1.9349204814e-03
7.4665317936e-03
1.9169160401e-03
2.1307714278e-03
-2.8583678111e-03
2.5829033340e-03
-4.5211513491e-03
-7.9364869038e-03
4.5159562079e-03
-4.3455545890e-03
2.2937361754e-03
1.0429810296e-02
-9.9032116944e-04
-1.7544122405e-03
9.1588312720e-03
1.3831658765e-02
-1.1079980176e-02
7.1258236455e-03
-2.2612584332e-04
1.8286306905e-02
-2.0359892836e-03
7.2891088828e-03
1.1650510080e-02
3.5004993792e-03
1.9396836699e-03
-7.3473065161e-03
5.9685627646e-03
-7.6887299985e-03
-6.4864573229e-03
-2.0730339540e-03
2.0464363250e-03
6.7474466969e-03
-6.0071255901e-04
3.8380831542e-03
9.8917812922e-03
-5.1088359440e-04
7.4468264096e-03
-2.1870975233e-03
-9.0075718556e-04
-3.4881846561e-03
2.8812143683e-03
1.1782616239e-02
-1.2462438684e-02
4.2658884366e-03
2.8100636738e-04
-2.4482294539e-03
-3.4201627496e-03
1.5203121044e-02
-4.9885731739e-03
2.3801543449e-03
-3.5095708035e-03
4.2301544741e-03
6.4589757246e-03
5.4497415560e-03
7.1581054370e-03
-1.6803762687e-03
1.6098660567e-02
4.8088464960e-03
-1.5714228285e-03
3.8051786119e-03
-7.8188778710e-03
-5.8720595428e-03
1.3964615193e-02
-3.4083979384e-03
7.0392162576e-04
-5.4898376033e-03
-6.7980146270e-03
1.8213389425e-03
-4.9816500129e-03
-4.6765112128e-03
3.5725268994e-03
2.1261475152e-03
9.8893274419e-04
-4.4468729368e-03
4.6802483410e-03
-1.1548701500e-02
5.3962941470e-04
-1.2800358547e-03
-1.3022149524e-03
-5.1549101209e-03
1.1769713015e-02
1.4646678648e-02
-4.8737282352e-03
-4.3762791302e-03
2.7017503936e-03
-4.3247996124e-03
1.1424322481e-02
9.1967880586e-03
-1.2266449898e-03
2.5710063530e-03
7.7645287610e-04
-6.6961784649e-03
8.3040714365e-06
-7.2369391135e-03
-2.2174675582e-03
-6.8674573512e-03
-9.0902928410e-03
6.7420210485e-03
-3.7321420933e-03
-5.8745029895e-03
1.8580506757e-03
-3.2328146905e-03
9.8605362018e-03
6.3980851417e-03
4.0710515778e-04
-7.9777187833e-03
-3.1348867615e-03
1.0659380134e-02
-2.7546407389e-03
1.3932900735e-03
2.3581585634e-03
-5.3156715264e-03
-4.8758445192e-04
-7.3306828052e-03
-2.8315216586e-03
7.6516595857e-03
-3.7996375966e-03
-5.5152268076e-04
1.9277774675e-03
-9.1543883833e-03
1.7859347696e-02
-4.0929518384e-03
6.0355932626e-04
5.3307996233e-03
3.5888699725e-03
-3.8203909326e-03
5.6725160448e-03
-5.5653062866e-03
3.0122166157e-03
2.1477245563e-03
-4.0905169135e-05
5.4450197186e-03
-3.8270635364e-03
-4.3975735357e-03
-3.0237677696e-03
-1.2423793061e-02
-2.0727468108e-03
-7.3511298625e-03
1.1973968121e-03
6.7370365832e-03
-1.6295553933e-03
-3.0971939706e-03
-6.0353817230e-03
-6.9735104537e-04
1.3278636466e-02
9.1794776907e-04
-8.5167308724e-03
-4.2885395910e-03
-3.7206170048e-03
1.1115816676e-03
6.1824091509e-03
-1.7690380195e-03
1.3216361372e-04
-7.3758978639e-03
2.4854628884e-03
2.6189113517e-02
3.9168543884e-04
-6.8215672080e-03
-5.8867998847e-03
1.2195188768e-03
2.5244368843e-02
1.2592775605e-02
-3.5464956252e-03
5.8092003643e-03
9.2392166191e-03
2.0789405294e-03
-2.9673471669e-03
3.2177251164e-04
-3.0626969579e-03
4.0409217008e-04
1.3784566305e-03
-1.8552439795e-03
-7.5372866865e-03
6.3772750366e-03
-6.0042549340e-03
-1.4340560906e-03
-5.5336061607e-03
-9.1049411141e-04
-7.0561729091e-03
3.6004278279e-03
-3.3451525035e-04
5.0945838859e-03
9.5998134002e-03
1.9934353896e-03
5.4065178825e-03
-1.3405138089e-04
-6.0648074975e-04
-5.7677840254e-03
-3.0958297877e-03
-2.5469791585e-03
-3.5790498391e-03
7.2687581362e-03
-7.1647144960e-04
3.1641910859e-03
-6.6079674932e-03
5.3173548592e-03
-3.2387003618e-03
-4.7527730597e-03
-3.2966630453e-03
-3.1227046670e-03
1.4164706660e-03
2.3144086523e-02
-6.3396785439e-03
1.6038377687e-03
-3.7697098862e-03
-2.3590306979e-03
6.3812244635e-04
-2.7746490695e-04
7.1018233176e-05
-5.2571317101e-03
-8.1242486302e-03
-2.7595254440e-03
5.8525249268e-04
9.5928446618e-03
1.3195003010e-02
6.3599953227e-03
-4.2591649877e-03
-6.6417592545e-03
-2.7661102916e-03
-7.0897082951e-03
-4.2111379653e-03
1.7527628008e-03
-6.6843276824e-04
-4.4295141648e-03
1.0299140759e-02
5.0925929413e-03
7.9709706669e-03
4.0399165570e-03
-9.4591156904e-04
-3.0229966484e-03
-8.8613370597e-04
3.0649580550e-04
5.1538920205e-03
2.3379501593e-03
-3.3945429024e-03
-1.0365518280e-02
-1.2866151246e-03
-4.9904840710e-03
-6.6301643000e-04
-3.7039538376e-03
-8.2253978532e-03
6.5425943091e-04
1.8493597107e-03
-2.9657095585e-03
-3.2479500367e-03
-3.7318294257e-03
-5.1368679821e-03
4.6106964407e-04
5.4946187074e-05
4.1806139143e-03
-8.0731794051e-03
-4.1070097441e-03
4.4018410811e-03
-1.0586717875e-03
-1.2590786317e-02
1.0745945683e-03
-1.8515832132e-03
3.1084845445e-03
6.2651749423e-03
3.0504096909e-03
3.0958744070e-03
-4.7441216037e-03
2.2404090092e-03
-1.5928940207e-03
-1.1741359370e-02
2.6338806679e-03
-5.3440480549e-04
-4.0547972687e-04
-2.8743055877e-03
-1.1765695868e-03
-7.9610053034e-03
6.7650798872e-04
9.9005201406e-03
2.7290582537e-03
-8.7453725527e-03
-1.8485397966e-03
-8.8695523204e-04
3.6743618403e-03
1.6337723561e-04
4.0981152334e-03
1.2892283913e-03
1.0281648634e-02
-9.8954382769e-03
7.7143576904e-03
1.8179412597e-03
-3.8228334393e-04
-2.3198521832e-03
1.0902653269e-02
-8.0172326675e-03
5.1542630930e-03
8.8428972699e-05
-7.7378997585e-04
6.7010091940e-04
-2.5055803181e-04
-2.9112911907e-04
-3.6068614014e-03
6.7459529948e-05
1.4121724507e-02
-4.4009186529e-03
-4.2799848556e-03
7.0592073453e-03
1.2603588199e-03
7.6549697185e-04
-6.4111802232e-04
-1.5071659987e-03
7.4648288157e-03
-1.8833686984e-03
9.7942531920e-03
-9.6842254577e-03
-5.2897711490e-03
-3.5777847354e-03
-3.9739041435e-03
7.8615602220e-03
-3.1983698792e-04
-5.9491667932e-04
6.3910266437e-03
-4.2515587815e-03
1.1288202503e-02
4.6682126573e-03
6.6706116838e-03
-5.0529145037e-03
-4.4530698357e-03
3.5042394710e-03
-3.6376853109e-03
-4.5126502018e-03
-7.5651914319e-03
-3.6475966450e-03
-1.0037578565e-03
-1.8680267207e-03
-3.9939770507e-03
-2.3946612067e-03
3.5997827702e-03
-9.4589807449e-03
5.8927107166e-03
-6.8656628908e-03
4.0106129535e-03
-2.2518570783e-03
-1.4283629192e-03
6.2372247267e-03
5.0066453253e-03
-2.3558807917e-05
5.1396080464e-03
-1.1805546713e-03
-2.1753541734e-03
-7.0893257649e-03
-3.4973689727e-03
-6.2020018056e-03
-6.7659664124e-04
1.2974764371e-02
-2.9269767777e-03
3.3181177521e-03
1.4306289059e-02
-7.8738331440e-03
3.6206447640e-03
-5.4379471211e-03
-4.0482339086e-05
-1.8843840169e-03
3.8408685788e-03
7.2195451602e-03
4.6519048885e-03
6.7608004717e-03
3.5170738864e-03
-8.8115433110e-03
5.2766290250e-03
6.1404338893e-04
-2.1963483662e-03
2.3370450902e-03
-8.5032143917e-04
-1.1296543644e-03
-4.5203394556e-04
-3.9679445371e-03
-3.1383830166e-03
1.6500548333e-03
1.4821694218e-02
-6.1656215284e-04
-5.1915326826e-03
-7.6498164955e-03
-6.0541988868e-03
-1.6325791257e-03
-1.0116397960e-02
1.0915955655e-02
-3.9478172369e-03
-4.6937777581e-03
-3.7842033598e-03
1.0477475434e-02
-7.7356850509e-03
6.2319462156e-05
7.8496804357e-03
-7.9548813801e-03
-3.6603169762e-03
-4.7464994513e-03
1.1252443269e-02
5.6009816647e-03
1.3788298124e-03
-3.4807492652e-03
7.0417351451e-03
-1.1087067714e-04
-6.7288479613e-03
-4.5764902383e-03
-5.6565838938e-03
8.3807703651e-03
-4.7937472361e-03
2.7150241002e-03
-6.5381380518e-03
-4.9456023031e-03
-8.3467280129e-03
1.1099230291e-03
-1.2550358875e-03
-4.3899371698e-04
6.2132172262e-03
1.2002378699e-03
6.4198353815e-04
3.9839204009e-03
1.0028434045e-02
6.9897959310e-03
1.9825545550e-02
-5.5767779407e-03
-7.2789190353e-03
9.2379201315e-03
5.5751433080e-04
4.3871816880e-03
-5.6917151319e-03
-1.2996259157e-04
1.0692101648e-02
-3.6170965108e-03
5.3085375540e-04
1.6116485633e-03
4.3462358312e-03
-4.0248967400e-03
8.8773049400e-03
6.0723903420e-03
2.9602928269e-03
-5.2259297816e-03
6.9653100702e-03
-4.7544534647e-03
-2.9858055392e-03
1.6318170072e-03
-3.7744064345e-03
-8.2904251870e-03
-1.3549574967e-03
3.6652327729e-03
5.8678186468e-03
-2.0276848789e-04
8.4810988621e-03
1.0638210443e-03
2.1480409906e-03
6.8103252558e-03
-4.7722976448e-03
3.7477274855e-03
3.1185146770e-03
7.5581890451e-03
-6.1857836008e-03
-6.8417128339e-03
-2.8251647358e-03
-4.1008556133e-03
-6.5168347161e-03
-7.7921099141e-03
6.8389283172e-03
-1.7335938934e-03
7.7020585037e-04
-8.5084831015e-03
1.2391131471e-02
4.3589339785e-03
8.0807124191e-04
8.7985777845e-03
-2.5263319085e-03
5.3266244011e-03
-6.5938582876e-03
-2.7330310349e-03
-1.6547234723e-04
-5.9040590174e-03
-1.2232520254e-03
-1.2524088810e-03
1.9865268139e-03
3.0449276558e-03
-1.9776670557e-03
1.0745121548e-03
-3.4433589249e-03
3.3276729149e-03
-6.5807313682e-03
-5.2980021730e-03
1.5437783407e-03
-2.6304002613e-03
9.6533728191e-03
8.3892465556e-03
7.9153041219e-03
1.1508996985e-03
-5.2337896878e-03
4.6710873830e-03
-1.6628422947e-02
1.1122089950e-02
-5.7321738527e-03
-1.2416199446e-02
-4.6789920604e-03
-3.7633254462e-03
-3.4348276498e-03
1.1690187930e-04
-3.3486031606e-03
-4.5792322606e-04
2.7515735812e-03
-2.0648493320e-03
-1.0248012658e-02
2.3879322060e-03
-1.0772829260e-02
-5.5125482062e-03
6.9154880869e-04
5.8794383570e-03
-4.1744965556e-04
-4.2948659031e-03
2.2753326415e-03
3.1873134567e-03
7.8764257686e-03
2.0163068362e-03
-3.4172883987e-03
4.2396063643e-03
-3.2784336698e-04
-1.4757616002e-03
2.1233032559e-03
-2.8236212393e-03
-1.2028994310e-03
3.7262985656e-03
1.5489455837e-02
4.9994221962e-03
2.9508411022e-03
1.8412899889e-03
-1.6704439704e-03
1.5559814523e-03
-8.0586741467e-03
3.2000826594e-03
-7.8648877862e-03
-4.5294128796e-03
-6.4158765001e-03
-9.8569371867e-05
1.9553429696e-03
-3.8487964822e-03
-5.8017164186e-03
-3.3993193200e-03
-3.5464910106e-03
3.8040068947e-03
1.4330212415e-03
-5.5694915371e-03
1.4878910285e-02
1.1685049286e-03
2.1844327731e-02
-3.6363887897e-03
-6.3569224134e-03
2.0124804099e-03
-8.4257178202e-03
-3.5656635579e-03
-8.8394420748e-03
2.1389541588e-02
-3.0471356966e-03
-6.3464809658e-03
3.2226375480e-03
-1.1664032007e-02
-8.1316824468e-03
7.6144002823e-04
1.5530995868e-03
5.5189401894e-05
6.2227488796e-03
7.9861522149e-03
8.9324070138e-03
5.2934500385e-03
-5.6986784276e-04
-7.2802420725e-03
-5.4949885242e-03
-5.0130148618e-03
-3.4218381482e-03
6.1235330265e-03
-1.0147362748e-02
-2.0486104295e-03
-1.1607529663e-02
5.1028155553e-03
-8.8632771717e-03
2.5613640957e-03
1.0625077570e-02
-4.0015159518e-03
-6.3270730086e-03
-5.7273802817e-03
-4.0676680928e-03
-1.3463318389e-03
1.0778012994e-02
8.1961971425e-03
5.3794796684e-04
-2.3667739400e-03
-3.5073805602e-03
-5.3339485641e-03
3.6952958866e-04
1.2954220522e-02
3.6083429341e-03
3.6528906604e-03
-3.4564987036e-03
1.1634815831e-03
-1.6123617819e-03
1.3800263213e-02
1.0057755311e-02
-2.6761895026e-03
1.7838886110e-03
1.9682786702e-02
-2.1297944225e-03
-3.8501896093e-03
8.6683429512e-04
-1.2558534771e-02
-7.6772317858e-03
-3.2578109488e-03
-4.5610059733e-03
-1.2396601297e-04
3.1486107765e-02
8.2408967296e-03
5.8204289946e-04
-6.5880814954e-03
-2.8847350032e-03
6.3667918514e-03
6.1440972531e-04
-6.6791706752e-03
1.1934711223e-03
-3.6158448023e-03
5.5597864536e-03
1.1364810118e-03
2.9953736253e-05
-4.2760941044e-04
-1.4276348975e-02
9.2588017397e-03
-6.7716480886e-03
-1.7054325669e-03
5.0102501426e-04
7.0727707272e-03
3.9858569556e-03
-5.2731019346e-03
-1.8189602289e-03
-2.6561050213e-03
-1.9555847698e-03
-3.3796322811e-04
-6.4665410994e-03
-1.8670766911e-03
3.1960659697e-03
-4.8007742482e-03
-4.0794198133e-03
2.7034083086e-03
5.2030904647e-04
-3.9133517355e-03
7.2364122541e-03
-5.2229299324e-03
-3.8141206392e-03
5.6537054757e-03
1.9574972366e-02
9.9166232807e-03
-6.1868524153e-03
-1.1181192654e-03
1.1505465135e-02
-4.8770949631e-04
-5.6305864789e-03
-6.0889825266e-03
4.4190661833e-03
-3.8016395587e-04
-8.5467925975e-04
-3.0609055132e-04
-1.2397650159e-03
1.0652815383e-02
2.1600774038e-03
-4.5535589044e-03
-3.5679479302e-03
-6.0847967272e-03
1.4502662314e-02
-4.1192924381e-04
-3.7962563435e-03
-8.1584684444e-04
-2.8534271659e-03
1.5681322411e-03
-1.6713862062e-03
4.5597341644e-03
-1.1450957345e-02
-2.9325059414e-03
3.0592179992e-03
1.0997616138e-02
-7.2058730847e-03
1.9241364904e-03
5.4870777872e-03
1.5281606264e-03
5.8071958010e-05
-1.3361724367e-03
-4.1269110867e-03
-2.5096961450e-03
-2.4909115929e-04
-5.6064438861e-04
1.8952604224e-04
-4.2561099929e-03
-7.1516565449e-03
-7.2926844932e-04
4.5310431456e-04
5.7631490505e-04
6.1493897366e-03
-8.1962977023e-04
-1.0466941053e-03
7.5789007202e-03
-3.0324592320e-03
-7.8592030571e-03
6.6266228104e-03
-6.6717620399e-03
8.7259699260e-03
9.7728461274e-03
5.0185324014e-03
-1.1026588000e-03
-5.4549302447e-03
-1.0150359332e-02
4.3744500368e-03
-2.5916692882e-03
5.5936664183e-03
6.8421588897e-03
2.2603319444e-02
1.5422045133e-03
7.7165737201e-06
1.6570037428e-03
6.8639939219e-03
-3.5859341085e-03
-5.5593402787e-03
-7.8928429190e-04
5.0579619496e-03
6.7502116863e-03
2.1272632032e-04
-1.8439321442e-03
-4.5482359563e-03
7.6200547569e-04
-9.0064461611e-04
-7.0185640000e-03
9.4516036393e-03
3.3745931423e-03
3.0704942136e-03
1.0802645000e-02
1.1462611963e-02
3.9464465275e-03
-1.3046919275e-02
-2.9188750758e-03
-2.2815275267e-03
-5.5790537221e-03
-7.6442491811e-03
-7.8371516011e-03
3.8739677635e-03
1.7069269414e-02
1.0243500965e-03
-6.2508371122e-03
-6.3689841605e-03
1.6854436479e-02
9.0490836046e-04
3.6516050714e-03
8.1041032506e-03
-1.1534525996e-03
-1.1573955298e-02
-1.1608393511e-03
2.2012016444e-03
8.3960413192e-03
-1.2577667511e-02
1.1763895846e-02
-2.2121764607e-03
-8.5222583221e-03
5.6625282908e-03
1.3154479898e-03
-1.3443657366e-03
8.7042048836e-03
-3.3371293924e-03
-5.4158189274e-03
-3.1320016948e-03
-7.8406543168e-03
7.1333530279e-03
-3.5986754132e-03
-7.9434637421e-04
-1.3304688224e-03
-4.9251576359e-05
5.0858085931e-03
-3.6978478240e-03
-3.1638654100e-03
-3.2672415515e-03
-5.0046748868e-03
2.1830854176e-03
9.9010108252e-03
-7.0837860991e-03
-2.7355948641e-03
-5.6744707989e-03
6.3108378980e-03
-6.0492230572e-03
-2.5111097452e-03
-3.9378148033e-03
1.0314002396e-02
-1.1074712366e-03
-7.4207823349e-03
-1.1889694620e-03
8.4791650625e-03
1.9474236848e-03
-3.9967711128e-03
-4.0318194696e-03
-1.1409528777e-02
6.8101205290e-03
-5.1820003469e-03
-5.9927111527e-03
-1.0616296873e-03
1.2102568582e-02
4.6530704480e-03
-1.8793371037e-03
2.2786399765e-03
-2.7429059709e-03
-3.0102523667e-03
-4.3453701604e-03
4.7619895163e-03
3.0135621263e-03
6.6056834003e-03
-8.7380045971e-04
7.3125046696e-04
5.0543386667e-05
8.0995795662e-03
1.1659497439e-02
-7.8162133006e-03
1.4280709595e-03
2.2989408545e-03
-4.8257102481e-03
-4.6533365085e-03
2.4968933085e-03
-7.4624244952e-03
-2.5240275705e-03
9.7966144249e-03
-3.6409928945e-03
-1.6661079921e-03
-4.3594682858e-03
-8.0263616654e-04
9.7408311330e-03
-5.0514966001e-03
1.3711408201e-02
7.4135617179e-03
1.8596011620e-02
1.7074177189e-03
-1.2682914211e-03
7.4142904962e-03
1.0366064228e-03
-2.6925589572e-03
4.7980681993e-03
-6.6136854713e-03
-1.0741785767e-02
-9.0585692833e-03
2.4108446974e-03
-1.6823768324e-03
-1.4028372524e-02
3.2282012386e-03
-2.0438118975e-03
-8.8180572626e-04
-9.5306081200e-04
-6.1904279075e-03
4.1281641324e-03
1.0620376639e-02
-1.3044215747e-03
6.4067651229e-03
3.1079892960e-03
4.4181913408e-03
2.5582911024e-04
6.3437389782e-03
-8.4370655857e-03
3.1612838233e-03
6.4439566784e-03
-4.7875985032e-03
9.6784126318e-04
1.2281515264e-02
-3.2271732721e-03
1.3620426612e-03
2.7296886576e-03
4.3362731224e-04
-7.7039579086e-03
1.3204748755e-02
-2.0474614317e-03
-2.7070184374e-03
4.5529298840e-03
7.7253621613e-03
1.9651077751e-03
2.1823244936e-04
2.6047039105e-03
-1.0900126545e-03
2.5436275693e-03
-2.1101706107e-03
-1.6604027000e-03
8.5970955994e-03
-7.5682368327e-03
-7.6308970754e-03
-1.3931463539e-03
2.0430881481e-04
-1.0861921242e-03
7.9792608444e-04
-1.0395932343e-02
-9.8337859541e-03
-7.8074217151e-03
2.7315077875e-03
1.6797316683e-02
-4.5143165885e-03
-3.1133338386e-03
-2.9270773861e-03
8.0046863139e-03
-3.7292071452e-03
-6.9124874996e-04
1.9455623036e-03
5.9439813635e-03
-3.3331898023e-03
3.0343294894e-03
-4.0806072944e-03
2.4756755982e-03
3.9775231177e-03
1.1261565242e-02
-6.6323204055e-04
6.8254332503e-03
-6.8997649602e-03
9.2936693702e-04
1.3094307337e-02
3.3216538646e-03
-5.7055082907e-03
1.8163973405e-03
5.0696630913e-03
-8.0528423010e-03
1.0654749883e-02
-5.1733550735e-03
-5.0905096910e-03
-1.8150640958e-03
-3.7621056835e-03
8.2821219823e-03
-5.7086095712e-03
-6.9641320557e-03
3.9851217534e-03
5.6375783868e-04
3.3456556788e-03
1.0202665426e-02
9.0678564094e-03
-6.4522206452e-03
-2.7160891870e-03
-5.9464523573e-03
-4.3816447524e-03
3.5559812707e-03
-5.9130154026e-03
-9.9198663805e-03
-4.0005519384e-03
-4.9647352734e-03
-2.7793008908e-03
-5.8218976206e-03
8.0464959076e-04
1.7508856891e-02
2.9843078022e-03
-1.3465302792e-03
2.5161763809e-03
-4.7354736877e-03
-2.3351870531e-04
-1.0805591660e-02
1.2186131149e-02
-3.5351671067e-03
-1.1049364326e-02
8.4325430795e-03
-2.9598504544e-04
3.1984654593e-03
2.1574867119e-03
1.3448786685e-02
1.4567152582e-02
-4.4123335887e-03
2.7213783130e-03
8.0431260201e-03
9.2153717611e-04
-3.6231541491e-03
-3.6474062191e-03
9.1689032296e-03
6.4371382422e-03
-5.4607103963e-03
-8.6547292756e-03
4.5215574479e-03
-3.6028583540e-03
2.0084383878e-03
4.9586924473e-04
1.8221201351e-03
-1.0254364072e-03
-7.2096915798e-03
-1.4020802436e-04
2.7057447251e-03
-5.7374684410e-03
1.2418036030e-02
4.9698979766e-04
-1.5074553298e-03
3.2796599472e-03
6.6386478245e-03
7.4021576293e-03
2.9919663075e-03
3.5756563039e-03
3.6583486436e-03
-1.2215142758e-03
-2.8694793535e-04
7.9284030303e-03
-2.8167725680e-03
-1.8206951046e-03
-2.8440035320e-03
4.6006108432e-03
-9.0143656865e-03
-5.2316483987e-03
-3.8035884380e-03
-1.1205011258e-02
9.7719203451e-03
-9.5439768786e-03
3.6216399586e-03
7.7161561053e-04
-3.4750078925e-03
-3.2379652933e-03
7.5686624789e-03
1.0391326430e-03
-1.5520593683e-03
-4.9624288010e-03
3.4034087097e-03
1.1387654208e-02
1.0298899194e-03
5.9915055610e-03
-1.3644656633e-03
-1.2167707342e-03
-2.2486726448e-03
-5.6293154119e-03
-7.5377260832e-03
2.0033607358e-03
-3.4783683207e-03
6.3778851281e-03
1.8911326384e-04
5.4018980972e-03
1.6583120551e-03
4.2975263327e-03
-1.0040303757e-02
-6.2529541554e-03
5.7463487906e-03
6.8894583722e-03
5.2381369162e-03
8.6977557806e-03
-2.1177197029e-03
1.1733466593e-02
-5.1687317153e-03
-8.1321858767e-03
2.7812740207e-03
5.1370198913e-04
-1.7434221074e-03
-2.7452242296e-03
-3.7239173897e-03
-5.4710951508e-03
3.0805509523e-03
-7.0900604218e-03
-7.7931970681e-03
-8.3716698176e-03
-3.1713328067e-03
2.8074761092e-04
1.0383661507e-02
6.9066633109e-03
-1.2677542146e-02
-3.4134575449e-03
-3.0087974212e-03
-1.1945271635e-03
-1.0029872000e-02
-5.4293894556e-03
-4.9771878436e-03
3.8226693313e-03
1.5509803284e-02
-5.2317509397e-03
-1.0395628644e-03
-3.1540996361e-04
1.7682471342e-02
-1.0649665629e-03
4.1848192807e-03
-6.0850027468e-03
1.0084314687e-03
-5.5941650159e-03
-9.0955589284e-03
7.5355788861e-04
-2.3944668926e-03
1.3366284651e-02
3.6150126654e-03
-5.4019061075e-03
-2.7282899851e-03
7.1206725367e-03
1.0748948660e-02
2.5533646436e-03
1.1642013533e-02
-5.8613002027e-03
-8.7422311589e-03
-1.2012197525e-02
-6.0297200882e-03
1.9356311346e-03
4.9803377426e-03
-2.3133090055e-03
1.4080934712e-03
-3.8116720130e-03
6.4257699613e-03
1.2892507355e-02
-2.9594164216e-03
5.1461077743e-03
-1.5842258133e-03
-4.1740182449e-03
4.6079847296e-03
4.2900647700e-03
-5.3151421678e-03
3.2915915731e-03
-3.0540205386e-03
-4.3764188479e-03
4.6099263190e-03
3.1265385176e-03
-6.9576632004e-03
4.0500676464e-03
8.5319209956e-04
1.5500041372e-02
4.3078434873e-04
3.6257276273e-03
3.4581753633e-03
-2.9535379022e-03
1.4138512660e-02
-5.1395891709e-03
7.2342511079e-04
1.2615746494e-03
8.3380822772e-04
3.4807480722e-03
-5.0489522155e-03
-6.3345945270e-03
-1.6683178348e-03
9.2159651986e-04
-1.3443748371e-03
-3.7450826615e-03
-1.3963879493e-03
1.8133401331e-03
3.1717967547e-03
-5.3778592736e-03
1.4170485233e-02
4.5365375782e-03
-7.6458800859e-03
3.8306114654e-03
1.9211364775e-04
-1.0510155768e-02
-2.1899678525e-03
6.7358888955e-04
-4.3075057949e-03
1.9116270825e-03
2.1157208063e-03
-5.1167807044e-04
-1.9624068449e-03
-6.0900473458e-03
-2.2872532708e-03
9.3030104186e-04
-9.9607388370e-03
-4.4861620726e-03
-6.9912565665e-03
9.4487965953e-03
-5.4654231620e-03
-3.2859010494e-03
1.7687883604e-03
4.0071511595e-03
-3.3279091395e-03
5.4633211868e-04
-2.7597836918e-03
-9.5976218495e-03
1.0761595436e-02
-6.1877912846e-03
-1.0518490789e-02
-4.5774284730e-03
-6.2998352862e-04
4.0159732489e-03
1.2069927110e-03
2.6688940023e-03
7.0087125764e-03
-7.4187951176e-03
7.2842667496e-03
-3.6357507851e-03
-1.5751668294e-03
-6.5073820141e-03
-8.1045458231e-04
-9.6097595566e-04
5.6861183572e-03
-1.4884555251e-03
1.4424139929e-02
-2.5273629145e-03
7.5545270538e-03
-6.1498927104e-03
1.4732740208e-02
4.5491827895e-03
5.2941366784e-03
-8.2981412657e-03
-2.8889127776e-03
-3.7103965597e-03
-2.0475389322e-03
2.1322021189e-03
1.2852414583e-02
-3.7989990284e-03
-1.0267075779e-02
5.2347124107e-03
-1.3313274561e-02
1.0347042694e-02
-4.8415433696e-03
-1.0209085137e-02
-1.1188954478e-03
8.1338999238e-03
-2.3326935427e-03
-3.4430917664e-03
2.6536395809e-03
-7.4685164064e-03
3.6922804361e-03
-3.9478168047e-03
-6.2670363268e-03
3.6222549817e-03
-5.4250700754e-03
9.3654220503e-03
-2.9066281785e-03
7.8390796291e-03
-5.4517399571e-04
-4.6938333570e-03
-9.1465416750e-03
-7.7043150001e-03
-6.1535070918e-05
8.6071369717e-03
-3.4731210264e-03
4.5163597086e-03
-1.3940725720e-02
1.5125292316e-03
-1.5544445507e-03
6.0205639885e-03
-5.7425065995e-03
6.4133939863e-03
-5.5354135987e-03
9.6982360854e-03
-4.3600828338e-03
4.8604519498e-03
5.0864054666e-03
-1.8897702484e-03
2.9190152279e-05
1.0710377323e-03
-1.2108480578e-02
8.2887409906e-03
1.1650360002e-02
-1.1318761150e-02
1.2549512620e-03
-4.8761546673e-03
-3.6371302773e-03
-3.6038367066e-03
-7.9990005598e-03
1.9256892613e-02
2.0156333917e-04
-9.7769068089e-03
2.4238662687e-03
1.6723389703e-02
1.8574006956e-04
6.2455070027e-04
2.6618876913e-03
9.5634935368e-03
-2.2644332930e-03
-3.3966310009e-03
4.5078616276e-03
5.3986559933e-03
4.8274960609e-03
-3.8686733107e-03
-7.2293838047e-03
-4.3505127916e-03
-2.0644025506e-03
-8.7395829232e-03
-4.8679759611e-03
-3.6288217158e-03
-6.8094967758e-03
9.2975386508e-03
-8.4996043450e-03
-6.3350658233e-03
7.0263885980e-03
-3.3540152896e-03
-2.8517702210e-04
1.2035947663e-02
-1.2778881938e-03
-9.4399610509e-03
-6.6430455898e-03
4.1651741326e-03
6.7908031267e-03
2.8327063815e-03
2.3500597448e-04
4.0141409916e-03
-3.3519486187e-03
1.0684850591e-03
1.0296072958e-02
-5.9936550472e-03
1.5873305208e-03
-5.0918213204e-03
-3.3495408212e-03
1.2680071309e-03
-1.0262838851e-02
-1.5020864117e-03
-9.0304383344e-03
-2.5638897112e-03
1.5110499223e-03
5.8497918458e-03
4.9580998348e-03
2.1845428208e-03
-4.0279982656e-03
3.8724551055e-03
-2.4131489560e-03
-3.8374682498e-03
3.4723523226e-03
-4.6188740884e-03
-7.8221321555e-03
9.7619562868e-03
-5.8862462445e-03
7.4280306484e-03
-6.9419071959e-03
1.3823851394e-02
-7.0035252242e-04
-2.1874153379e-03
-4.5090413463e-03
-1.6600650843e-03
9.1977916634e-03
-3.1425003989e-04
-2.1971158682e-03
-7.1908889130e-03
-1.0034475253e-02
6.3505997713e-03
-1.0539560412e-02
-5.0213472139e-03
-1.0560745340e-02
-4.1415849874e-03
6.6902409606e-03
9.2427678634e-04
3.1926531110e-03
2.0040363522e-03
3.5257494672e-03
1.8028690190e-03
-3.1365042963e-03
-2.7350654874e-03
1.0997513880e-04
-4.8312155406e-03
-5.1271569623e-04
7.9235952050e-04
-5.8467567188e-03
-2.8023914537e-03
-1.9514411713e-03
8.0188941005e-03
-2.0633146719e-03
-7.9827414482e-03
-6.3275524945e-03
4.0302033205e-04
-9.3306090241e-03
-6.6010251232e-03
5.4040251385e-03
1.2625183027e-02
9.6137521208e-03
4.1918831108e-03
-3.1303890919e-03
-3.3669487048e-03
-2.3722580449e-03
-5.9167263392e-04
-2.3157474507e-03
-1.9870026784e-03
-2.3035127992e-03
4.4608580085e-04
2.3964938195e-03
6.5085122695e-04
9.8950198403e-03
1.6465056458e-04
1.9032938757e-03
2.5883727180e-03
-3.7342246995e-03
3.6864926344e-03
-6.9534231079e-03
6.1248294856e-03
-1.4904655103e-03
4.0113786095e-03
-1.4765417856e-03
-2.2334407532e-03
-1.7075431451e-03
1.0426244718e-03
-5.3697552925e-03
-2.6141906968e-03
-6.5234718131e-03
2.0534570924e-03
3.9062365618e-03
-9.0650810391e-03
1.0311794334e-02
-4.0420303190e-03
-6.1556328976e-04
-6.5394469853e-03
-4.7370412993e-03
-3.1841486028e-04
-1.4663337647e-03
-6.1292577423e-03
-8.4252489367e-03
9.7260589705e-03
-2.9387554047e-03
5.9437805842e-03
7.8605882326e-03
1.6509545925e-02
-2.3301422275e-03
-6.6045700973e-03
-1.0588235963e-02
9.1693584650e-04
-7.9632745690e-03
-2.5665159766e-03
4.6633872268e-03
3.0074153041e-03
-4.6150500909e-03
7.5619874494e-03
8.1015977501e-03
1.1490160272e-03
-4.7820519981e-03
6.5520645532e-05
5.9878789264e-03
-3.6020592239e-03
-8.5073378151e-03
5.2107284093e-04
6.3003770340e-03
-5.5661221027e-03
-2.5778744504e-03
4.1680252179e-03
-4.7204068456e-03
7.0085822225e-03
4.6685713045e-03
8.9868007180e-03
7.3165658797e-03
8.2024985094e-03
2.5128495353e-03
6.3699404227e-05
3.2492668125e-03
-1.7002538342e-03
1.9139957464e-03
-1.2264776046e-03
-3.0366948578e-03
-7.5995410631e-03
-6.3078814073e-03
-5.4535154420e-03
-6.3410433630e-03
2.4767039247e-03
-9.5680882314e-03
-6.4888802922e-04
1.2197151839e-02
8.3981667563e-03
-5.4539614672e-03
1.1687522176e-02
-8.6514299652e-04
-9.8178451065e-04
-7.4946285508e-03
9.8397632589e-03
2.1069840134e-03
8.9582391318e-03
-1.4697781460e-03
2.7009279703e-03
-7.6796985184e-03
-6.7444219244e-03
-8.7351758582e-03
9.0771656398e-04
4.8950035856e-03
-3.7823624165e-03
-3.1115129011e-03
1.6093997021e-03
-2.1136552683e-03
8.3087315793e-03
3.0206716794e-04
-1.2212345242e-04
1.6883897052e-03
-4.1492843747e-03
2.6561548075e-03
-8.3491600266e-04
-1.1317090841e-02
3.1823868688e-03
-1.2348424275e-02
1.3410310405e-02
-8.0452559151e-03
-4.1326385555e-03
1.8386535480e-03
3.1606754136e-03
-2.7396586632e-03
-3.8547276963e-03
-5.8273998173e-03
-5.9655207948e-04
-9.1896800628e-03
-1.4544856593e-04
-5.6133132792e-03
9.7689746242e-04
1.5016600476e-04
7.3073869909e-03
-4.3546314007e-03
7.7612560785e-03
-6.4824715023e-03
-5.9035355839e-03
3.0940943905e-03
-2.1361026594e-03
-3.8829242185e-03
9.2334055119e-04
6.8343055252e-03
-1.4355328052e-04
-7.6461280834e-04
1.0305415056e-02
1.1688747442e-03
-2.5147541816e-03
6.3736032441e-03
3.3444703705e-03
-4.9451611197e-03
-4.1418748763e-03
-6.3380245932e-03
-1.2080563192e-03
1.3544961675e-02
1.7219176412e-04
6.6167640536e-04
1.2102623075e-02
-7.4342468592e-03
-5.5859257350e-03
-1.2498320549e-02
-3.7763417625e-03
-4.2715045438e-03
2.8352076417e-03
4.7441952414e-03
6.5860195214e-03
-5.7408906444e-03
-2.1017279262e-03
-5.6232790675e-04
-9.5814915721e-03
-3.9308265167e-03
6.8426084759e-03
-1.6404412980e-03
-2.0427239592e-04
6.8339127681e-03
-4.7176943666e-04
-5.3291822372e-03
1.4634690335e-03
3.7578132971e-04
1.3731953057e-03
-4.7199770580e-03
-1.2189447513e-03
2.7809845421e-03
1.1446258033e-03
6.5469439833e-03
4.0841919269e-03
2.5859291177e-03
3.0175922502e-03
-3.1176353299e-03
3.4824578869e-03
-4.3524553881e-03
-2.2502387064e-03
-8.9760130474e-03
-1.4169288164e-02
-6.9511976409e-03
1.6148809518e-03
-7.3358004113e-03
5.7000244274e-03
1.1279800740e-02
-9.1426538230e-04
6.6303040992e-04
-4.4800021142e-03
-3.4632801564e-03
-7.5662962894e-03
-5.7522860449e-03
-1.0714948892e-04
-7.9933396402e-03
1.0810978295e-02
-2.6283131496e-03
6.8555615723e-03
1.0286804808e-03
-4.4244233581e-03
-6.8107732150e-03
1.3747433745e-02
-1.8834323386e-03
-6.1709182880e-03
8.5017231247e-03
6.7890948776e-03
-4.7729005345e-03
-5.7059977716e-03
1.2422986083e-02
3.1093912591e-03
-1.0548093569e-03
-6.1919254109e-03
-5.6075744815e-03
-6.8689331024e-03
1.9195822009e-03
-1.6718500551e-03
-1.2865229312e-03
-3.3893253187e-03
-8.9743767394e-03
-1.3150179105e-03
-4.6356213479e-03
-9.5394388241e-03
1.8540331333e-02
-1.0277876703e-02
-4.8786408570e-03
-4.8697133894e-03
-1.2402665055e-04
5.6100425053e-03
-2.4028053996e-03
-6.8350503464e-03
8.3956494860e-03
-5.8136336933e-03
1.2767806830e-02
1.1373615948e-02
1.6326805712e-03
-5.0841482663e-03
8.9918880433e-03
2.0896397726e-03
7.8962765274e-03
-8.4265844589e-03
-8.0772495718e-03
-1.9693783757e-03
3.2997140120e-03
-1.9400484343e-03
5.7796668172e-03
-7.0585464142e-03
-1.0104357250e-02
9.3056416306e-06
-5.7616712164e-03
-3.7429296431e-04
-6.7737226993e-03
8.3039647941e-03
-3.9808699784e-03
-6.6908664046e-05
4.0152710726e-03
4.2746647911e-03
5.4520646218e-03
1.0890251246e-02
-7.4673634576e-03
3.7030374217e-03
-3.6716619771e-03
-5.6598795194e-03
-5.3485308620e-03
-6.1879064730e-03
3.9769409481e-03
1.6241090097e-02
-1.0062744387e-02
1.2384850729e-03
2.9217612093e-03
8.3390636072e-03
4.5060460248e-03
-2.2131778249e-05
-7.7531103351e-03
9.0084738033e-03
6.7940642074e-03
-2.1475745450e-03
3.2440440781e-03
2.5067540899e-03
-3.3329450338e-03
-9.8598345307e-03
-2.8289846077e-05
-5.3304050020e-03
3.6036901425e-03
8.0910264655e-03
3.3072363820e-03
1.5445239676e-03
9.4587811227e-03
-5.8451702631e-03
3.2296830162e-03
-2.6596833211e-03
3.6301672976e-03
5.3402041561e-03
-8.9097800252e-03
3.2462261434e-03
-1.5918015318e-03
2.5247095461e-03
-4.0616861285e-03
7.7337974927e-03
-9.0721300948e-03
5.8095425673e-03
-1.3371377342e-03
-8.7214451522e-03
1.1550267365e-02
5.0934546935e-03
-1.0828127231e-02
-2.2615338457e-04
-2.2701834278e-03
7.1788413441e-04
-4.4369786886e-04
-5.1246412262e-04
5.1931342689e-03
1.0872090120e-02
4.7763828978e-03
-7.5691932562e-03
5.2275253955e-04
-2.1752328808e-03
-5.0177692644e-03
2.0431653219e-03
-7.3912317081e-03
9.8192962998e-03
2.9110050645e-03
8.5788278450e-05
7.3368019759e-04
-6.2827898823e-03
-1.3447610280e-02
-2.3407599077e-03
-6.9322381214e-03
8.5027080318e-03
2.5346890515e-03
-1.6484504723e-03
4.6376413373e-03
1.2525132860e-03
5.2229309087e-03
1.7364961523e-02
-5.0761306435e-03
1.9279451068e-02
-3.0529386544e-03
-3.6644478560e-03
2.6543838932e-03
2.7259959948e-03
1.4186267671e-03
-1.1868957778e-03
-3.6166395947e-03
1.2985473351e-04
2.6497059573e-03
1.3797824765e-02
-5.9348775855e-03
3.1280202896e-03
2.8432418769e-03
1.6284422741e-03
7.4168699686e-03
-8.7680717953e-03
-1.1057446942e-02
-6.8399070421e-03
9.3914074366e-03
-4.0124504857e-03
-1.8044284144e-03
1.5302282513e-02
-4.2361120673e-03
2.2305838298e-03
-3.4344326462e-03
1.6469177400e-03
4.3035016534e-03
3.9992502016e-03
2.8829351006e-03
-1.2445918304e-03
-3.3222228175e-04
4.1517540099e-03
-6.5876393406e-03
-3.4783984936e-03
-1.0406022039e-02
-3.4984397868e-03
-2.2100544959e-03
1.4535878999e-03
-4.1834684339e-03
8.5149020484e-03
-2.7823084902e-03
-3.7357944181e-03
-5.7316762928e-03
1.4495919113e-03
-1.5479943901e-03
5.5223545860e-03
1.1672081592e-04
-1.1368688678e-04
2.8312705150e-03
-2.7457805042e-04
-8.3840078640e-03
-3.2324130783e-04
2.5075457082e-03
-2.1503606595e-03
-4.5288600475e-03
-5.7617156295e-03
1.1440289062e-03
1.3758040318e-02
-6.9706116791e-03
-6.1553470570e-03
1.5249057234e-02
4.4461595423e-03
-6.3790542486e-03
-3.7117374529e-03
9.8973379024e-03
-1.8268933354e-03
1.0026839480e-02
-5.3168420218e-03
1.7318377150e-03
9.7558726112e-03
-2.2366028099e-04
-7.2545443225e-03
1.2285807577e-03
1.8223290473e-03
-7.4456269566e-03
3.2424817748e-04
-2.5635992306e-03
4.3216715969e-04
-7.5697754002e-03
-7.2637383883e-03
-2.6319093029e-03
3.0093570924e-04
-5.7362521483e-03
9.9674686792e-03
3.0955924483e-03
2.8557708283e-03
9.9359197507e-03
-5.6592153762e-03
-6.4079506903e-03
-2.0799151015e-03
-3.0850026704e-03
1.1755547957e-03
4.0695395686e-03
2.4712757769e-03
3.4221296218e-03
4.5626362337e-03
-9.8373521447e-03
-1.1006062307e-02
8.9575891681e-03
-9.3888654015e-03
4.0202154017e-04
-7.5271440624e-04
-5.9673141810e-04
-5.5601942564e-03
-5.0560434480e-04
-3.5759039796e-03
-5.9142363922e-03
-6.0163451401e-03
1.0687857893e-03
2.3585172377e-03
6.3311262975e-03
5.7917549171e-03
-2.9576098323e-03
3.2492350760e-03
6.5901741843e-03
3.8543041509e-03
4.6953543014e-04
1.0743448446e-02
8.8392458727e-03
4.0189512811e-03
-4.1661680529e-03
-4.0132840767e-03
1.1360169091e-02
8.7496812541e-03
9.9892839142e-03
1.0660808463e-03
2.2834176136e-03
4.6873297524e-03
-1.7787912236e-03
3.1508314904e-03
9.4849707482e-03
-4.1397278371e-03
-2.0058398984e-03
8.7116150530e-03
3.6133269628e-03
-9.3939123182e-04
-5.2481205160e-03
-2.9465692660e-03
9.1569732923e-03
-4.4560453505e-03
-7.8995343304e-03
-3.1678366252e-03
2.2938200642e-03
4.4774926837e-03
-6.2661758685e-04
4.3231477279e-03
2.9422819464e-03
-4.5287859655e-03
1.0748607294e-04
1.3209760463e-02
3.5842225724e-03
-2.6080133312e-03
1.2766812605e-02
3.3799480673e-03
2.1804632597e-03
-2.0187064974e-03
-2.3756248523e-03
-5.0706823040e-03
-3.9081046448e-03
-5.1265014792e-03
1.4318887508e-02
-2.1617810087e-03
7.0791174006e-03
2.7208399178e-03
3.0618607912e-03
-1.7254388582e-03
-8.6735410761e-03
-3.2071850662e-04
-7.8513974250e-03
5.0452568661e-04
-1.8216595509e-03
2.1193828492e-03
2.8149229771e-03
6.5328692283e-03
3.6780590080e-03
5.3435754531e-03
-7.2574413580e-03
1.6779949548e-02
1.0087839360e-02
2.3514259881e-03
2.2766103923e-02
-4.3584871782e-03
-2.6739600273e-03
-4.5153444896e-03
-3.4205707544e-03
2.8797222657e-03
8.7631783993e-03
-7.8121599866e-03
2.9142991966e-03
-2.0139854166e-03
4.8469372886e-03
-2.7004866092e-03
-6.7579757253e-03
1.1381552324e-02
2.2919367084e-02
8.6018397804e-03
-2.2857385663e-03
1.0471171261e-02
-2.4031624042e-03
-1.3736851883e-02
-3.0493105656e-03
-2.4850571867e-03
-2.2860743361e-03
2.9819548288e-03
-4.3911503985e-03
1.2904985126e-02
-7.7303756455e-03
4.3994885714e-03
5.7872878835e-03
-7.0472259626e-03
-7.5803364136e-03
7.1144324220e-03
-5.2322179602e-03
3.6680805776e-03
3.0640672291e-03
-9.2823705188e-04
-3.1471415682e-03
-8.8957160884e-04
-3.2152200643e-04
-3.8577328256e-03
8.2208625039e-03
6.8774356900e-03
7.4781225641e-03
8.0105611593e-03
4.0114226892e-05
-7.2388709124e-03
1.8377440144e-03
-6.4814163775e-03
1.3974850116e-02
-3.2862820907e-03
-2.7718886694e-03
-4.7715159375e-03
-4.3544962869e-03
-9.2035015716e-03
4.7432945290e-04
-5.2263698838e-03
8.7165644376e-03
-8.8932056431e-03
2.0211337545e-03
-9.5940945833e-04
-1.2791251810e-03
7.2272681349e-03
6.2752657832e-03
-5.1654196039e-03
-3.2578364869e-03
-1.5757110039e-03
1.7658512326e-03
-9.8660280479e-03
-1.4054827706e-03
-3.3015327573e-03
-4.9676447576e-03
-2.7202199492e-03
1.6620071214e-02
-3.7574192271e-03
6.2629534486e-04
-1.4670774654e-03
-4.4973327234e-03
-3.4434465638e-03
5.0515961548e-03
2.0734825845e-03
-1.4202424457e-03
-4.4575332351e-03
-5.3524093315e-03
-6.5987403021e-03
1.0142861904e-02
-1.1455762957e-03
-7.0560052348e-04
-9.3501271585e-04
2.3802840627e-03
-3.3035563396e-03
-3.3802427438e-03
-5.3629826813e-03
-5.1435160691e-03
-1.3572607339e-02
1.0944887094e-02
-1.4136708612e-02
-7.7792680203e-03
8.0380571795e-03
4.4964356527e-03
2.5861061275e-03
2.1667786430e-03
-1.1640233589e-02
-3.0116648638e-03
-1.8677078774e-03
1.0033398784e-02
-1.1920136477e-03
-6.3290446918e-03
1.2257982719e-03
-1.1069527094e-02
-6.0412589875e-03
-4.2531925603e-03
5.4899684261e-03
5.0605040375e-03
3.4629591108e-03
1.0187131697e-02
-4.8545757137e-03
1.3993152924e-02
-1.3639180772e-02
1.7126701997e-03
-5.8812069720e-03
-1.6331701580e-03
-6.2979069841e-03
3.2953642442e-03
4.4816988853e-03
-4.8834990686e-03
2.7650584532e-03
5.0103123641e-03
3.7394718946e-03
-6.9753647035e-03
5.1777237685e-03
3.2335437245e-03
3.3626803370e-03
1.2937864966e-03
-1.3040135572e-02
-2.4722554067e-04
-1.0562497140e-02
-2.5330155056e-03
5.8773036743e-03
1.0139044646e-03
1.1665466941e-02
1.2774509452e-03
6.3458421109e-04
-6.5134793181e-03
3.5168754088e-03
1.3191152445e-03
-9.4532384794e-03
9.9746369325e-03
-2.2899892579e-03
3.7908732539e-03
-3.9616865204e-03
-4.0187305577e-03
-9.8596776442e-04
-2.9516352689e-03
-3.4571214801e-03
-1.7777590737e-03
4.9357383738e-03
9.3175910557e-04
1.2558612033e-02
-6.6524161098e-03
7.8852587384e-03
1.8042959469e-03
3.6009546615e-03
-5.6094889226e-03
-6.8940836719e-03
4.7180141808e-03
1.6844135460e-03
-4.6618430256e-03
-5.7618543740e-03
2.0608345516e-03
-6.8398746198e-03
8.1411164482e-03
-9.4263804823e-04
2.0226679086e-02
2.9441239456e-03
9.2630555355e-03
-6.1883556365e-03
1.6935099808e-02
2.5430449865e-03
7.4518969402e-04
2.7369475505e-02
-8.6801822497e-03
-7.9399127554e-03
2.5908728389e-04
-1.0262058204e-02
-6.8620563974e-03
-9.2490330844e-03
-1.0376041991e-03
2.9762453117e-03
-3.3938129456e-03
-1.2674401419e-02
1.6520084319e-03
-4.3670875170e-03
-3.5922219015e-03
7.1187689740e-03
-1.6598818025e-03
7.5000416939e-03
-3.1116887590e-03
-9.4019189215e-03
-3.5180491093e-03
-2.6701013699e-03
5.6623072675e-03
1.3062916519e-03
-4.7501783170e-03
-4.5802916500e-03
3.5521560401e-03
-6.9996780447e-03
6.9043065260e-04
9.9839313303e-04
-4.1131443761e-03
-6.7019337781e-03
5.2435373217e-04
-5.5678839252e-04
1.7893198385e-03
6.4224161096e-03
1.4435010140e-03
-1.5029458276e-03
-6.2726544238e-06
1.7007694327e-03
3.5856481367e-03
1.2598758158e-02
9.6107046351e-04
-2.5264522869e-03
1.7080051214e-03
-4.0290091685e-03
-1.7428034108e-03
-3.6187805878e-03
-2.6499716865e-03
-7.1144989269e-04
-2.0204842380e-03
5.3909865587e-03
-5.4899160230e-03
-4.5015167949e-04
9.1215904108e-03
2.1046945525e-03
5.9967060823e-03
1.5612940575e-03
1.1487487880e-02
1.6845029620e-02
-5.1150116290e-03
-4.9415013463e-04
-1.0038139730e-03
-3.3427494377e-03
2.9433339692e-03
-6.9040976038e-04
1.0750519853e-02
-6.9679792199e-03
-3.5566305446e-03
1.0813101177e-02
1.7475266021e-02
-1.3682803652e-03
2.3732041787e-03
-2.8352620308e-03
-1.2452177776e-02
-8.1401743140e-05
2.5143955420e-02
-1.3847032819e-03
1.4173738583e-02
1.1872124550e-02
3.5825193172e-03
5.7514875945e-03
2.0094029526e-03
-5.3990858501e-03
-7.4884521625e-03
-1.0514715065e-03
-1.9881158012e-03
-6.7976306583e-03
1.6261902279e-03
-2.0726845280e-04
-3.0202832758e-03
1.2576551801e-02
-3.1240014286e-03
7.0145854005e-03
-7.9057642180e-03
7.6188268565e-03
1.1334999297e-02
5.6331837000e-04
3.4652018078e-04
9.3972586680e-03
1.2288910312e-02
3.6625586605e-03
5.8705279517e-03
4.9123326385e-04
2.4400563007e-03
1.5420191979e-03
4.4220927558e-03
-1.3484180464e-02
1.1811821931e-02
-8.4244962618e-03
5.5387907410e-03
-3.1390637684e-03
9.9565390066e-04
-1.8211635335e-03
-5.2505375039e-03
4.8733301761e-03
-4.1363094409e-03
4.1149929317e-03
-2.3913997680e-03
-5.7620295813e-03
4.3967242586e-03
-3.3720588501e-03
-1.3517280415e-03
7.2001043776e-03
-7.8008935830e-04
-1.0439314116e-03
4.6849976037e-03
9.7888439186e-03
-2.7764032252e-03
5.2484975970e-03
-5.7786694434e-03
2.1048309837e-03
3.7629083209e-03
-7.7449292997e-03
4.0125538477e-03
2.4944017285e-03
-9.4213959796e-03
1.9389248342e-02
-5.7486180028e-03
-5.4669986630e-03
-2.5261812361e-03
3.1902158257e-03
3.4683073599e-03
-1.0344158122e-02
7.9501556934e-03
-1.0547707221e-02
7.1447106364e-03
6.6483873214e-03
-1.7323574016e-03
1.7403475655e-02
3.7090458253e-03
6.3918851507e-03
9.4783887465e-04
1.6569648832e-03
-7.0987269746e-03
-2.2440803671e-03
-6.6815711697e-03
5.5789066260e-03
-7.3583581556e-04
1.6494031117e-03
-6.8235204441e-04
7.3698358726e-03
-6.5627679699e-03
6.6194012669e-03
8.0381072578e-03
-8.3861763644e-03
-1.5232392284e-03
3.5109532876e-04
-5.4619676933e-03
6.8776118872e-03
5.4931444854e-03
-2.5473379269e-03
-4.7252994314e-03
4.7954095576e-04
-5.9738329136e-03
-9.9643976029e-03
-3.6631380224e-03
7.4728487298e-03
-1.0536525425e-03
5.9725796617e-03
3.4668772520e-03
-5.3328252565e-04
-6.6868799066e-03
-2.2672215252e-03
4.7894059218e-03
-2.5057598140e-03
-8.9868330325e-03
1.6758313245e-03
-7.1585312930e-03
1.6061313075e-02
-8.2090391121e-03
1.6073671713e-02
2.8606699096e-03
1.3100025375e-04
-2.4873594507e-03
4.1408719747e-03
5.6738946000e-04
-2.6937040929e-03
1.8834044679e-03
1.3799497338e-02
-4.5990261158e-03
8.8721332992e-04
7.3569228407e-03
1.1535389238e-03
-2.2046298864e-03
4.9634373905e-03
-5.5709039092e-03
-5.7194651989e-03
-4.3917985813e-03
-8.0844513204e-03
8.1810318986e-03
7.1817072702e-03
6.5747871092e-03
2.4924168657e-03
-9.1847769990e-05
5.9658809836e-03
1.2841420553e-02
-7.2229432152e-03
5.7910270583e-03
-2.7096260233e-03
6.6365521243e-03
-1.2331649459e-02
2.1584797654e-03
-6.9221374160e-03
-1.0945714126e-02
-4.4116285501e-03
-3.0062300237e-03
4.7488032436e-03
-3.7420603212e-03
-8.6980170979e-03
2.0949880338e-03
-9.9909784014e-03
-7.9183271271e-03
-5.9310230524e-03
3.6367674882e-03
-7.8206426418e-03
-1.3384629960e-03
-5.2020661452e-05
-5.1165159710e-03
-2.4423476688e-03
1.4762846623e-02
2.8159963188e-03
-1.4565251994e-03
2.5275608355e-03
-5.4577001706e-03
-1.4223805227e-03
3.1971977805e-03
-5.9658738818e-03
-2.4435710542e-03
-1.4368856945e-03
1.4471556419e-03
-5.5731244683e-03
1.1035040641e-02
4.9912257663e-03
-7.3087229210e-04
-2.8772291035e-03
-4.1059539620e-03
2.5931241884e-03
2.2991326909e-03
6.1625225572e-04
-3.6490423573e-03
3.5566459797e-03
5.2068527320e-03
-3.5637132731e-03
4.7317918658e-04
6.1239082987e-04
4.7444899316e-03
-2.4251255397e-03
1.6302893812e-02
2.7010097204e-03
8.8548794116e-04
2.1124380894e-03
-4.7739151595e-03
2.5047717880e-03
-9.4829326684e-03
3.7826459825e-03
6.0078394596e-03
-6.8459275838e-03
-6.0258772648e-03
-7.1454904838e-04
-2.3996938880e-03
4.9937458853e-03
4.4314579186e-03
4.6650000270e-03
-4.9610054339e-03
1.1205999108e-04
-8.3361348282e-03
7.4901826011e-03
-1.0252451705e-03
6.1809201189e-03
-3.8836355517e-03
-1.7118696620e-03
-6.8048967902e-03
5.1237470737e-03
2.8787504626e-03
-2.5499040204e-03
-9.3733388417e-03
3.0772814454e-03
1.0351660106e-02
6.5601782167e-03
-4.7095124451e-03
5.9016307260e-04
-3.2783724004e-03
-2.2939799986e-03
7.2640951617e-03
1.8402187379e-03
5.2334394228e-03
-2.8799960391e-03
4.3330745689e-03
-8.3347094608e-04
3.6449247517e-03
1.0185980826e-02
9.7794853978e-03
-2.5980402013e-04
-7.9404526639e-03
3.2284187195e-03
-3.6832249561e-03
-6.6222593969e-03
1.6354002040e-03
-1.6522516423e-04
-1.1949041452e-02
-6.9341531319e-04
-6.8380843564e-04
1.2235765496e-03
-3.0727560697e-03
1.6598902770e-02
-7.3711031110e-03
-3.6973718710e-03
-3.8637823783e-03
-3.4464305740e-03
-3.1212048625e-03
-7.8082712123e-04
2.4087591326e-03
1.5301236149e-03
8.4092987787e-03
1.3498898819e-03
1.2410181836e-03
-8.3348079752e-03
-9.6298720338e-03
-4.6731203151e-03
3.4834652623e-03
-4.1953936782e-03
4.3023312871e-03
-3.6568967626e-03
4.4897073046e-03
2.4118368312e-03
-3.8142166474e-03
1.3395489541e-03
9.4291453883e-04
1.0183233772e-02
-4.3676272630e-03
-4.8398487515e-03
-9.2265730861e-03
-5.0848734430e-03
1.6412038701e-03
2.4859638209e-03
-6.7021477803e-03
-2.7967337767e-03
-7.0175570490e-03
-9.1983096606e-03
-4.7189431061e-03
-7.2638120566e-03
-3.1423859326e-03
1.4775125129e-02
-7.1244166706e-03
2.2752141803e-03
-4.9442899388e-03
-9.4363961612e-03
4.5398785368e-03
3.1304855358e-03
6.4339351567e-03
-4.4669906065e-03
6.9804477516e-03
-8.1211068207e-03
-6.4299150150e-03
-3.9614463121e-03
4.2669900645e-03
6.7788920088e-03
-6.6901045676e-03
2.1659889455e-03
-5.3894583148e-03
5.9388148011e-03
-1.8994381419e-03
-5.5471333137e-03
-5.1049078693e-03
1.0513154766e-02
-4.4526815002e-03
-2.7508969649e-03
-7.2855604577e-03
-3.2070609050e-03
-6.4531122420e-03
-5.7767241536e-03
-5.5874608712e-03
1.1519411678e-04
3.9135172336e-03
1.5638385648e-03
8.9655724945e-04
-1.7898844414e-03
1.2339434387e-03
-5.1860104950e-03
2.5991157628e-03
-3.9118875665e-05
-4.3460118376e-03
7.1552394678e-03
1.1132973590e-03
1.5446597763e-02
1.0278259309e-02
-8.8527968691e-03
-1.6459264105e-03
5.3897700361e-03
-3.3357202632e-03
-7.0628981227e-03
4.0320041384e-03
9.3430794672e-03
4.1780622004e-03
-2.7866279499e-03
-1.6002149446e-03
2.4399333147e-03
-2.4745649888e-03
-2.3107854298e-03
-4.1287928701e-03
4.5014439220e-03
-6.2772936082e-03
4.3024314492e-03
-2.3527331853e-03
-2.6496682943e-03
-2.5741037073e-03
-1.1447046508e-02
-2.8044833191e-03
6.7642650822e-03
-3.6615219433e-03
9.4540876709e-03
5.7775427430e-03
3.8097979337e-04
-5.2244001549e-03
-5.0869849244e-03
4.9232473345e-03
9.9356474808e-03
3.7001620683e-03
-5.6793084101e-04
-3.0663213961e-03
1.0885070429e-02
-4.4211985392e-03
-1.0275537673e-02
-6.8385980064e-05
-2.0329592680e-03
-5.4553774189e-03
-1.3698618836e-03
-5.7300659019e-03
1.2902187845e-02
-9.7026192368e-03
-3.8290913783e-03
2.7191793137e-03
1.1611405530e-02
3.3949281677e-03
-6.4009866554e-03
-1.7045376681e-03
-7.4600263713e-03
9.4856636343e-03
1.6871348236e-03
-6.3240695556e-03
1.1914625350e-02
1.4563212641e-03
2.5746081262e-03
8.5370386155e-03
-3.2626574088e-03
-2.8580255856e-05
-5.0159049564e-03
-1.0790898249e-03
-6.8425687444e-03
8.9015290246e-03
5.9246142015e-03
-7.3500774261e-03
1.1050471934e-03
6.1174356942e-03
1.9885177844e-03
2.4104611106e-03
-7.6404521777e-03
-3.3198195180e-03
4.5677492682e-03
5.2612227805e-03
2.4389998278e-03
-1.0635407778e-02
2.2250313154e-03
-5.3521077969e-03
-1.2157437623e-03
-9.3094983259e-03
4.5752859227e-03
6.2181025377e-03
1.0429695802e-02
-9.4048581466e-03
-9.6432465881e-03
3.5645929036e-03
-1.3752424004e-03
-7.4128553569e-04
-1.1361312822e-02
-3.0869721052e-03
8.2290117238e-03
2.6020146037e-03
-8.2189751012e-03
-2.0485830441e-03
-2.5491329064e-03
-2.0475827670e-03
-1.6098410189e-03
-1.0990709543e-02
-1.3447359531e-02
-6.6886335936e-03
5.2399965763e-03
-7.7590633618e-04
-3.3663671461e-03
-6.2161120020e-03
1.3122078568e-02
7.1376464727e-03
4.8339681766e-03
-1.7359924188e-03
5.1747932114e-03
-3.2624821886e-03
-7.6593509283e-03
1.2223098830e-02
-4.3594334779e-03
-4.5688239028e-03
-7.7803089318e-04
4.1394514280e-03
-4.3368359524e-03
-7.0540135078e-03
1.2030047963e-03
3.9730723380e-03
-3.6719630963e-03
-1.4270715457e-03
-1.3751787653e-03
-5.3105648402e-03
4.9220171440e-03
-1.0606833949e-02
1.4367135070e-02
-6.0347964169e-03
-5.0886606311e-03
1.8843960487e-03
2.0193492754e-03
-5.6059176284e-03
1.8261018325e-03
1.6224428776e-03
-1.5377839680e-03
-2.7269460076e-03
-7.0679760365e-03
1.6207160993e-04
-5.8714435825e-03
1.2298238873e-02
-2.3792381071e-03
-6.5105182236e-03
-1.2605361345e-03
1.2020040886e-03
-8.1578198419e-03
1.0692918850e-03
-5.1489691114e-03
2.0829601007e-03
-3.8566792538e-03
5.6477514600e-03
9.0425171633e-03
6.3426242036e-04
-2.0954460427e-03
-3.9498949090e-03
-5.5208201577e-03
-1.9741369836e-03
-6.4551766431e-03
1.4731205808e-02
-2.1593619602e-03
-5.6743174872e-03
1.3265283840e-02
-9.5348112751e-03
1.0083744333e-03
-3.1825429920e-03
-8.0441608600e-03
-4.2923053058e-03
-4.7895515331e-03
-2.6523779728e-03
5.0873268411e-03
-4.9309144679e-03
8.1712195823e-03
-7.5389641417e-04
-5.9952278957e-03
-5.9716570562e-03
-6.1627509989e-03
2.7256234623e-04
-4.2879227795e-03
9.3745402499e-03
-4.4403124839e-03
7.8461649047e-03
5.0775686978e-04
-6.2738725931e-03
5.0374577612e-03
-1.1338114738e-03
3.4307923329e-03
-3.3591994911e-03
1.6775696268e-03
-6.3659243319e-05
1.4511548742e-02
-6.5055563442e-03
5.5092337655e-03
-4.8742478147e-03
-7.4536104570e-03
1.1656651708e-03
-6.2239290734e-03
2.2918395083e-04
6.5835957708e-03
6.1648309357e-03
-2.3033200221e-03
-8.2615319527e-03
2.4167993773e-03
1.9827367790e-03
1.8240018035e-03
2.6029539553e-04
8.7517672931e-03
-3.6866577925e-03
-5.8421855285e-03
-8.9906240605e-03
-8.8843188606e-03
1.3594658065e-02
-4.1246453081e-03
-6.2953277331e-03
-1.0021209254e-02
1.1080180213e-03
5.5640554029e-04
-6.5341719468e-03
-3.1845827438e-03
-3.6059263314e-03
5.3307299867e-03
3.0751477460e-03
2.1620279385e-02
-1.0968613141e-03
-2.4430319535e-04
-9.1662432313e-03
6.3259926753e-03
-8.0968171903e-03
-1.1471173228e-03
-6.5230074095e-03
-7.1673216534e-03
2.5950692044e-02
4.9670600871e-03
-5.9889151708e-03
2.3876117937e-02
7.1487643993e-03
-3.9543810674e-03
-2.9144675277e-03
4.1701353584e-03
1.2610363899e-03
-3.2851452496e-03
-4.4862440919e-03
1.3232834889e-03
-1.0417463525e-02
-7.4112546523e-03
-9.8956620813e-03
-1.6857509531e-03
-4.2563510888e-03
1.0215994964e-02
-7.7130344630e-03
4.4128941303e-03
3.5786353820e-03
6.1984477903e-03
-8.8253911301e-03
-6.0544378142e-03
-3.6907514788e-03
6.9569458795e-03
5.4883599705e-05
2.5921395260e-03
-2.1509658333e-03
4.8975767762e-03
-5.4792427129e-03
2.6740228675e-03
8.2325253613e-03
-2.7676065616e-03
3.8592579343e-04
6.9019292578e-03
3.3682281353e-03
-2.6018247401e-03
-1.1464569556e-03
-1.1572443286e-03
4.6284557540e-04
-1.1506838685e-02
-8.4509361996e-03
-8.9550650719e-04
-4.4966824806e-03
3.2248090045e-03
-2.1043194567e-04
-5.6637044428e-03
-5.3270449477e-04
-1.9774933879e-03
-5.1543116665e-03
9.4467419587e-04
-4.8958600724e-03
4.8615479534e-03
-2.3517031486e-03
-5.8350053946e-03
-7.8561467980e-03
-2.7399812424e-03
6.6804475803e-03
-7.0831190992e-03
5.6458067729e-03
4.5299723646e-04
5.0204550217e-03
1.3701310979e-03
-3.9107519742e-04
-3.7743419286e-04
-3.5928081265e-04
-9.9501730255e-03
1.1185948625e-03
-1.1949543846e-02
-4.5773659939e-03
2.2453711194e-03
3.3207023279e-03
1.3143914377e-03
-1.4959513464e-02
-7.6366924693e-03
1.9297477382e-03
9.7789220530e-03
-4.1681947211e-03
1.6617674065e-04
4.8101665666e-04
-6.4370290675e-03
-2.5229865567e-04
1.9217110628e-03
7.7357318942e-03
6.8682788797e-03
-4.5762793771e-03
4.2346378767e-03
-5.3592145674e-03
-8.9893528178e-03
6.5896087871e-03
6.6153295062e-03
-2.2253201541e-04
-3.0641372102e-03
5.2960846301e-03
-3.9086107037e-03
4.5468400852e-03
-3.3922478576e-03
4.7101781691e-03
-8.5750544173e-04
6.3700294459e-03
4.8311819906e-03
5.1231041649e-03
-2.7528083209e-03
3.9096255739e-04
1.4307353428e-02
4.8476140057e-03
-3.9524594942e-03
1.7382919883e-03
-3.0344227658e-03
-3.4940608827e-03
-2.8416158652e-03
-5.2014693218e-03
-2.3716100893e-03
7.6661373604e-03
-3.9160597126e-03
4.2702361896e-03
4.8171670487e-03
9.1991102410e-04
-6.3282614523e-03
6.3237808445e-03
-4.0783224646e-03
1.4305676597e-02
1.7941469212e-04
7.6938988624e-03
-4.7098519126e-03
7.6581826680e-05
2.3459509153e-03
2.4498548589e-03
-4.6598000786e-03
-5.5074646450e-03
6.6197752393e-03
-3.6405682949e-03
-5.6217322144e-03
-5.4016288549e-03
-1.3927804061e-03
-5.1140068927e-03
-6.2430419205e-03
3.0787957316e-03
-5.2759522366e-03
1.0773949799e-02
-1.9662816917e-03
-7.1781588800e-04
9.9553520674e-03
5.1215886316e-03
1.7961564808e-03
4.0357914263e-03
4.0308512914e-03
-5.5161620875e-03
-3.7472056986e-03
9.2750846900e-03
-1.4166070892e-03
-3.5614334622e-03
-2.1765326921e-03
-4.6409657128e-03
3.2062048602e-03
-1.6990068616e-04
-4.7922677255e-03
-9.9143096053e-03
7.3728510318e-03
-3.4199889588e-03
9.5536882489e-03
2.0902619232e-03
-1.1991730704e-02
3.6121397766e-03
-2.5812340292e-03
-3.3126011062e-03
-3.6961786450e-03
-4.2834217552e-04
-5.0837863298e-03
-3.7521901378e-03
8.2713426286e-03
-2.8040023927e-03
1.0076021567e-02
3.4877762709e-03
3.0405850290e-04
3.5960250601e-03
-1.6413148501e-03
9.7107856570e-03
-1.8464424481e-03
-2.8786466643e-03
9.8092173145e-03
6.2075806779e-03
-1.5976691355e-03
-1.2825814549e-03
-2.8427158704e-03
-3.5452731238e-03
-3.2498277144e-03
-4.1708409526e-03
3.7655853530e-03
-1.1598800190e-03
-5.6388932452e-03
3.8924415759e-03
9.1531789079e-03
6.2818836391e-03
-8.6332029708e-03
-7.2812683538e-03
-1.8602802783e-03
2.6945071076e-03
1.4107846956e-03
2.3585359798e-03
1.3116232542e-02
-9.9911549848e-04
-4.3960096141e-03
-2.4760517288e-03
-1.3669777301e-03
2.7483891869e-04
2.7004752924e-03
-5.0443630242e-04
3.2960105590e-03
2.6914736947e-03
-8.9249249869e-03
-5.1020541569e-03
-3.3754471387e-04
-3.8322163397e-03
1.5402740796e-04
-7.4117038556e-03
-3.5748371131e-03
-2.1593797487e-03
-2.5866675444e-03
6.1799181514e-03
-8.8599485368e-03
-4.2423663147e-03
8.7344672146e-03
2.6826384001e-03
4.0582869717e-03
1.0022241603e-02
4.6878790298e-03
8.6177450308e-04
1.8534640016e-03
-1.8050861704e-03
-1.0219848373e-02
-7.1749067912e-03
1.3955263813e-02
-3.6967124555e-03
6.0239634116e-03
3.1092492212e-03
-4.7311587931e-04
-1.0013873335e-02
1.6839009666e-02
-4.2141094983e-03
-1.2888570429e-03
-9.2193101734e-03
-1.2449963558e-04
-6.4240809796e-04
-2.5971143489e-03
3.4956726979e-03
1.6113551841e-04
4.6975366065e-03
9.2757511785e-03
-8.9715710219e-04
6.2595729984e-04
-3.4941786167e-03
-7.1139806109e-03
-7.5924215458e-03
-5.4985399667e-03
-7.4519651437e-03
4.1978104029e-03
-6.2100911293e-03
-4.9929173370e-04
-7.6055506425e-03
-3.3776440593e-03
-1.6855869006e-03
3.0989936727e-03
8.0619673945e-03
2.4248076912e-03
-4.2642055618e-03
1.5224013435e-02
-1.2335663456e-02
-7.4039864732e-03
-3.7436458594e-04
2.1127350547e-03
-2.0060525343e-03
5.2870099218e-03
5.6358232922e-03
-1.3880199511e-03
-3.9484242747e-03
8.1645819104e-03
2.8371082640e-04
-3.0079667970e-03
-3.7363996766e-03
9.3491917002e-03
-1.5081729184e-03
-6.3209957244e-03
-2.9249138026e-03
1.0411393112e-02
-9.3032583177e-04
2.9372533971e-03
4.2245645160e-03
-2.0210115162e-03
-5.1277829413e-04
-5.7316679557e-03
-2.6125851486e-03
-9.6315410328e-03
7.0369235549e-03
5.7058349530e-03
1.6596195496e-02
-9.7136934255e-03
-1.4095833259e-03
4.6830960800e-03
-6.4112683198e-03
-6.3078495632e-03
1.8943891020e-05
8.1860950204e-04
-2.3772633792e-03
-5.3202935681e-03
-6.3754222163e-03
2.6439351877e-04
1.6275816770e-03
8.5420315803e-03
-1.0269818057e-02
9.1325778482e-03
1.1233414058e-03
4.3658397156e-03
1.3479379595e-02
3.6366003483e-04
-7.1089602343e-03
1.0965063312e-02
8.4844055641e-03
-4.0539668825e-03
-8.0005272044e-03
-3.5052242535e-03
-6.7786171162e-03
1.3165927075e-02
8.8424918669e-04
-2.8745468481e-03
1.6759176080e-04
5.5893098329e-03
3.2061406161e-03
2.9638100717e-03
1.8106828824e-02
1.6777393472e-02
2.9984289103e-04
1.8075788559e-03
-9.0467420376e-03
-9.0471339254e-03
-3.3506223152e-03
2.9362920934e-03
-1.4131836307e-02
-7.4269077131e-03
4.9478139417e-05
4.6127961245e-03
-7.1663032923e-03
-5.7231537166e-03
-6.9471853778e-03
-8.2301885056e-03
-7.1107393789e-03
1.0719099586e-02
-4.3047831450e-03
-9.4668305838e-04
-6.2656809241e-03
2.8249474426e-03
-5.8532824612e-04
2.6915224553e-03
-4.5736943707e-03
-7.1665731382e-03
-1.1376859427e-02
2.6947734478e-03
-1.8319052849e-03
-7.5102908666e-03
-2.7007081154e-04
-7.2758967937e-04
1.1454007628e-02
3.6699219452e-03
-3.1046739918e-03
-3.6682464769e-04
-3.8783327435e-03
-1.4979376307e-02
-1.7048793002e-04
-1.2862598442e-02
-5.9128062613e-03
4.5137481131e-03
7.8497290314e-03
-2.6778826310e-03
-3.5851197123e-03
-8.9428082517e-03
-4.5873619269e-03
3.7714688520e-03
9.7013189315e-03
-9.9376444448e-03
-7.0291772681e-03
1.0558038184e-02
5.2319620767e-03
-8.5889734808e-03
5.1672659848e-03
4.7368408198e-03
-5.9676371017e-03
-6.3451699866e-03
-6.0713514823e-03
-9.2410177531e-03
-6.7570235250e-03
-1.1169707346e-03
3.5042760292e-03
5.6306220490e-03
-6.2511158028e-03
3.7221118976e-03
-4.0967314896e-03
3.4315236100e-03
-8.1237447652e-03
-9.8867609302e-03
8.7035776288e-03
3.6096546848e-03
-1.3098839899e-03
-3.6740983976e-03
1.1349149895e-02
-2.3866533125e-03
3.9417553216e-04
1.0274944559e-02
6.7611212712e-03
-5.5480748250e-03
-3.4154849710e-03
1.0334970726e-03
-3.4171315287e-03
3.7530285081e-04
-5.5547500781e-03
4.2881360980e-03
-1.1527945585e-02
3.0012549947e-03
-5.0661734368e-03
-2.8369547846e-03
1.1597620752e-02
1.0302350768e-02
-3.7854841428e-03
-4.1246968584e-03
-1.7744958902e-03
-5.8157539680e-03
1.5745977767e-03
-5.8187429674e-03
-5.6830842767e-03
4.0039637293e-03
-6.9138553495e-04
2.0683695514e-02
-8.5850447414e-03
1.9806478665e-03
8.6988048153e-03
9.4304912739e-03
-4.9862093385e-03
5.0517278621e-03
-2.9605730832e-03
8.0390858345e-03
-8.0884626503e-03
-1.6942485792e-03
9.9206464468e-03
9.6694637712e-03
2.4906907618e-03
1.2996382043e-03
-3.5412187787e-03
2.0077728948e-02
-8.3201978066e-03
2.6069570153e-03
-7.8479075168e-03
8.9613749919e-03
-5.4611407910e-03
-1.3616395910e-03
1.6889026705e-03
4.1984795148e-03
2.2329855053e-03
-2.5914698825e-03
-7.0766702798e-04
7.8221151855e-03
-5.7695090351e-04
-4.9745205351e-03
-1.5705358496e-03
1.3342127960e-02
1.7754337080e-02
7.0695574026e-03
1.0124796846e-02
1.0918654106e-02
-5.8804522469e-03
-1.1976432943e-02
-2.4997379007e-03
6.1585811744e-03
1.2686142888e-03
-1.5037861736e-03
-5.2914006479e-03
1.0024053186e-04
-5.4253260754e-04
-4.7981416550e-03
4.8666045164e-03
4.3915054505e-03
7.4530961028e-04
-2.6726647607e-03
-6.8192397779e-03
-1.0850952325e-02
5.7507742362e-03
-2.4593086733e-03
3.9201954401e-03
3.3592975387e-03
8.8927770533e-04
-6.5172696021e-03
-1.2066973481e-03
-4.6726497332e-03
1.1923227965e-02
-8.1730376012e-03
1.1359988269e-02
-3.0043047084e-03
2.3309751330e-03
5.3510341408e-03
2.7873142991e-03
7.0160590553e-03
5.1015219222e-03
-5.8501573484e-03
2.5252964648e-03
7.2025851376e-03
3.6078071101e-03
1.5674506853e-02
-5.9455066461e-04
-7.3163201398e-04
-3.7017314442e-03
-3.0130150096e-03
3.3033457890e-03
2.5310284668e-03
-2.3419511993e-03
6.7238972841e-03
2.0703943092e-03
-6.2500952771e-03
-1.4514761798e-03
-2.1746052851e-03
-8.6568385127e-03
9.0550230178e-03
-8.3078115471e-04
-4.4578532700e-03
-1.2835608329e-02
-5.2461680503e-03
1.9826457275e-03
4.2461225023e-03
-3.8714841704e-03
-5.6014324539e-03
-3.8553176595e-04
3.8088711602e-05
8.2188887351e-03
-2.5040954005e-03
8.9351276411e-04
1.5066317950e-05
-1.1707748258e-03
4.7785979167e-03
-6.0137295882e-03
1.5212332325e-03
-1.7128694275e-03
4.9484500116e-03
-1.2061390033e-02
8.7492333550e-04
3.4202032328e-03
-5.1368318838e-03
-3.6528071945e-03
-2.1333821855e-03
-7.3915171077e-03
-3.6095699213e-03
-1.0149185940e-03
-3.4543966182e-03
6.1152486315e-03
-4.3563330412e-04
-1.3064819676e-02
-8.0770213816e-04
3.9333730647e-03
4.3486326036e-03
4.7626135481e-03
4.2056088238e-03
5.9484673298e-03
-5.6232604309e-03
-2.4358308380e-03
3.1202390643e-03
7.3623051815e-05
-6.6619879825e-03
-1.2850654629e-03
-7.3297140253e-03
2.8449110001e-03
-1.4717917284e-03
2.3706513582e-03
7.7496029395e-03
4.6472877891e-03
6.6423094159e-04
2.5628711278e-03
3.7834275383e-03
2.4560731145e-03
7.3878576619e-03
-8.9412002096e-03
5.6781127794e-03
-1.2235366106e-02
7.6900865628e-03
6.3252148917e-04
-8.6729441797e-04
-4.0600431294e-03
5.5631413112e-03
-2.8259795830e-03
7.8586105152e-03
9.0734704014e-03
2.7795611909e-03
5.2505563866e-03
-8.4156817777e-03
-1.6338933426e-03
1.8818088265e-02
1.0368194309e-02
-4.1900444659e-03
5.9918974930e-03
-4.1246370231e-03
-9.6073205469e-04
1.0225026981e-02
-5.5306954881e-03
-1.0889390061e-02
3.6273852721e-03
5.0787335928e-03
-4.0458082926e-04
3.1269256096e-04
5.7907563994e-03
1.7742387211e-02
1.1026418794e-03
-6.2646237554e-04
-2.9808757866e-03
1.5326551341e-02
-2.2128408758e-03
-9.1143704009e-03
1.1380699096e-02
-1.0177135006e-02
-9.7992456664e-03
-3.0207402920e-03
-7.9078699599e-03
-3.5798665442e-04
-1.9744063473e-03
-5.1640336041e-03
-3.6128481259e-03
-7.8042211533e-03
1.7882728187e-02
-4.0114550568e-04
-1.1985692086e-02
3.7616366635e-03
2.2204463319e-04
-4.7964510528e-04
-1.0738948525e-02
-2.2033116960e-03
-1.3393950517e-03
-6.2677841514e-04
2.1270705518e-02
3.0884389119e-03
-8.7233627977e-03
-8.5064733974e-03
-2.2965576303e-04
3.0305652433e-03
-3.5508318525e-04
-4.6833596084e-03
-3.2152213082e-04
1.5642403734e-03
-1.0269729680e-02
-6.5698402877e-03
-2.3093929993e-03
-1.0537154219e-03
5.1454573499e-04
1.3458273246e-02
2.2599353049e-03
-4.7413922699e-03
-5.4780973644e-03
-2.6420280981e-03
7.0898582025e-03
1.1112490507e-02
-8.0918665334e-03
-1.8328168910e-03
-4.9671507628e-03
2.2208550790e-04
-1.6745553592e-03
-2.6110387027e-04
-8.7559446329e-04
-2.5254060681e-03
-3.9231309014e-03
-1.8499497632e-03
-8.7545683893e-04
-5.0544259710e-03
-3.5514547698e-03
-4.9294845489e-03
-6.7824306647e-03
-3.8628027344e-03
-2.4932091152e-03
-6.5406130196e-03
-6.2911032155e-03
-6.7925351195e-03
1.2318158284e-02
3.4590870516e-03
7.4695254613e-03
2.2940774003e-03
-9.7000916237e-03
1.3789459326e-03
-9.5718196527e-03
-7.8561448191e-03
9.3364788882e-03
5.6775699060e-03
5.4375025888e-03
1.9560771953e-03
1.3081598793e-02
-8.1207732985e-03
-7.3651896833e-03
-8.7182785591e-03
-2.9765532998e-03
-4.8022190488e-03
-1.0060896613e-03
2.2945788658e-04
-8.2090214953e-03
3.2929082990e-03
-2.9880970870e-03
7.6392167226e-03
-4.4011871838e-03
-7.3052728933e-03
5.2002991389e-03
-6.4209291343e-03
-5.2727862821e-05
6.8243852245e-03
-1.2065832852e-03
-3.7496389582e-03
4.9944442752e-03
-2.8587448298e-03
-4.2314671677e-04
1.0917984347e-03
-3.1841012145e-03
1.8836767235e-02
-2.4986843124e-03
1.8536174733e-02
-6.7726834956e-04
-3.1673132298e-03
5.1647130280e-03
-3.9457904622e-04
-3.4108746469e-03
-1.0527426566e-02
4.5401509198e-03
-7.9974207297e-03
-1.0428820249e-03
8.3992274776e-03
-2.7744480676e-03
-2.0505624224e-03
-2.9643495185e-03
-9.5198935194e-03
-1.1970661902e-02
-3.4914382880e-03
-4.1257982876e-03
-2.0110705801e-03
-3.4262357225e-04
7.9062874819e-03
-9.6321075780e-04
-6.9921714867e-03
-6.2265659137e-03
-6.1756726436e-03
-2.0266073272e-03
-1.2677316389e-02
-4.1507630501e-03
4.0515211075e-03
-1.6724446279e-05
5.8643804477e-03
1.7973775379e-05
-1.1111591439e-02
-8.1225725480e-04
-2.1326719832e-04
-1.3890246235e-03
-6.0911285832e-03
1.1386660319e-02
-1.0501839465e-02
-3.0292853722e-03
-4.9513790778e-03
6.1190987673e-03
-8.9194651469e-03
-7.1185198672e-03
9.3397591793e-04
-4.9027336811e-04
1.2028057857e-02
-1.2907591739e-03
-8.3461649476e-03
-2.4951579727e-03
-3.2423892922e-03
7.9593697906e-03
6.1521502593e-04
-5.4825420255e-03
-5.7864764127e-03
-8.5207735362e-04
-4.0961706599e-03
-3.3378314696e-03
-7.3310984033e-03
5.6944016287e-03
5.5913082121e-03
7.3341761669e-03
-1.1772496991e-02
4.8977782991e-03
7.3108332952e-04
1.0010210373e-02
2.9626803249e-04
1.3574882032e-02
2.8706357390e-03
-1.9591289172e-04
3.1433435588e-03
8.8803535582e-04
-1.2681288337e-02
3.2638669108e-03
-4.2356703723e-03
-5.7156291633e-03
-9.2881569996e-04
3.3887270318e-03
-1.1489723158e-02
-3.2207356814e-03
-1.5523522939e-03
-7.7521332088e-03
3.2734874758e-03
-5.5868439486e-04
-6.1043944077e-03
-5.9753035665e-04
3.1536593572e-03
-2.9184098344e-03
8.2662754602e-03
-3.8351418759e-03
-7.7434502290e-03
-4.2730984896e-03
-8.1911090632e-04
-2.2410985962e-03
8.3747643198e-03
-6.6492357208e-03
1.0917839851e-02
-1.7751373098e-03
-4.2613969846e-03
-7.2176039184e-03
1.2163560299e-02
4.0750940021e-03
-2.8557680076e-03
7.4595135926e-03
9.3183153864e-04
-2.9495192582e-03
-1.4023274431e-03
-4.0488593660e-03
5.6291573298e-03
1.4467635524e-03
-9.9837519036e-03
1.4383869317e-03
1.7443691053e-02
-8.8245502854e-03
3.3571746684e-03
-3.6930680167e-03
1.8642858335e-02
5.5528599461e-04
-5.2445294471e-03
-7.1346207535e-03
-7.8995284201e-03
-5.0289616269e-03
4.3290828073e-04
1.0492997866e-03
-3.7973329102e-03
2.5762429327e-02
-7.9180314396e-03
-2.6039326904e-04
-8.1863487436e-03
-3.0575830218e-03
-3.8330394896e-03
-1.5176227607e-03
9.6162202595e-03
-3.2199206096e-03
6.2744510583e-03
3.0843416393e-03
1.9274906980e-03
-2.6614100778e-03
