-1.2272101206e-03
2.3129058554e-03
-2.7411803905e-04
3.1333304046e-03
-1.8578856004e-04
3.2522732213e-03
1.2851935195e-03
2.0364491728e-03
5.3028602414e-03
-6.4587646053e-03
7.8772100584e-03
-6.1698003587e-03
-1.7796804893e-03
-7.9970747941e-04
-2.1691697612e-03
3.6178616013e-03
1.4059306276e-03
-2.1490616639e-03
-5.2522189524e-03
-7.5231819240e-03
-4.2915613692e-05
8.6904469091e-03
3.5477865137e-03
1.5123494542e-02
2.0570784147e-03
4.5309913596e-03
-4.0667545734e-03
2.0767961764e-03
-1.0216026788e-02
4.1379330162e-03
2.3623864405e-03
1.1604503030e-02
-9.8245184487e-03
6.3646852234e-03
-5.9512105743e-05
4.2655531207e-03
-1.5355761582e-03
-4.0475174079e-03
-6.3072436167e-03
-7.2931622311e-03
-1.0185151545e-02
-4.2867549613e-03
4.1710000477e-03
-7.0028348804e-03
6.2237638596e-03
4.1762488075e-03
-9.9998134322e-03
-1.6429290144e-03
1.1167379316e-02
-7.2946630651e-03
3.1777003361e-03
2.8024105412e-03
-3.1494953310e-04
-5.2572453418e-03
1.5080387413e-03
7.6759803776e-03
1.1409008938e-02
1.0650265563e-02
-8.6100808177e-03
-5.5341118388e-03
6.9018758133e-03
-5.6706854238e-03
1.4718819122e-03
6.8599446396e-03
-1.0959761237e-03
-7.1303718906e-03
6.6473284717e-04
-6.5430857424e-03
-4.4152756258e-03
3.8210544709e-03
4.8851349102e-03
-4.2219976025e-03
2.9865896795e-04
2.9881050240e-03
-8.1773227136e-03
-9.8315399719e-03
-1.3814482817e-02
-7.3346846362e-03
3.9246640694e-03
-1.7848843743e-03
3.2722422113e-04
4.8698235210e-03
-2.1468641800e-03
4.4818045562e-03
-1.0648009896e-02
2.1643864270e-03
2.1169811924e-03
-4.7142843978e-03
4.7590261038e-03
1.7672108113e-03
-1.0043867799e-02
5.5860424107e-03
1.1962440354e-03
4.3211286717e-03
1.9538696070e-03
2.6371776705e-03
1.0560226573e-02
-2.1101623247e-03
5.3791352413e-03
1.0960296125e-02
5.1230269706e-03
-4.6906685818e-04
-3.9989350891e-03
3.5021132915e-04
1.0021964017e-02
-6.0527593663e-03
-7.7226275418e-03
-6.2666133821e-05
2.2057142390e-03
8.6738303214e-03
2.4080947118e-03
-7.5424163293e-03
-7.2724838312e-03
-8.2847281866e-03
5.0811348273e-03
-3.5740540715e-03
9.7785129820e-04
-3.5455042430e-03
5.0950090554e-03
9.1558105147e-03
1.0339116652e-02
-2.2689000768e-03
1.3211484056e-03
-4.7910537963e-03
-2.5662645719e-03
-7.4674652468e-03
1.0310885254e-02
-2.2637375018e-03
3.5623762678e-03
1.2227106433e-02
2.2293247350e-03
-6.5184630074e-03
-8.4443010450e-03
-1.0660144965e-02
-1.5136198039e-03
3.7831488231e-03
-6.6600300043e-03
-2.1767609498e-03
-3.2394863921e-03
7.3928695241e-03
-1.9782219675e-03
-2.6672489973e-03
-8.8460224882e-03
-3.0303393678e-03
2.3224239934e-03
-4.0100249423e-03
-5.0489888230e-03
5.6209001273e-03
-1.8467899906e-03
1.7791153407e-03
2.0387974802e-03
9.2490648872e-03
-1.2667158560e-03
-4.2540670761e-04
1.3572191853e-02
-5.0127706451e-03
-1.7753855329e-03
2.7397518508e-03
-8.0949827702e-03
-6.5202369201e-03
1.8992060857e-03
-3.1657179342e-04
5.7875550000e-03
-1.8976592492e-03
-4.5872790733e-03
-1.2169535409e-03
2.1262430808e-03
-4.0401637594e-04
-2.3750671311e-03
-8.9624507691e-03
1.5330109592e-02
1.2555123948e-02
1.5146391636e-02
-8.0533762030e-03
4.2047165959e-03
6.8475161800e-04
-1.8056162823e-03
9.1804775758e-03
-2.4582411312e-03
9.3081293616e-04
1.1962078812e-02
-1.5603319289e-03
-1.5586887675e-04
-2.6103595985e-03
3.8334520183e-03
-2.5200747829e-03
-7.6166580648e-03
-9.6385949888e-03
-6.2160260484e-04
2.6238924009e-04
4.5131944615e-04
1.0752590923e-02
-6.1980617509e-03
-7.3909484905e-03
-2.7082450988e-03
8.1688320109e-04
-5.6618094872e-03
-3.8046445610e-03
1.4717135648e-02
1.4646873539e-03
-1.1951891761e-03
2.3216491656e-03
9.7107417652e-03
-1.5097128913e-04
4.9338459230e-03
1.7741213591e-03
-1.6017144697e-03
1.3856553735e-02
1.1201248760e-02
3.1722051115e-03
-7.2744832686e-04
-3.7442860683e-03
-7.6796252750e-03
-1.1961362538e-03
5.5002382336e-03
-2.6925095604e-03
-7.3091876169e-03
2.7760329832e-03
4.4243073969e-03
-1.4948974141e-03
1.2676260074e-02
5.1500805172e-03
-6.0318849506e-03
-8.1687334649e-03
-3.0614755031e-03
9.3809611654e-03
-8.6133844388e-03
-5.9408866476e-03
-3.3738985654e-03
-5.2808301606e-03
2.6520523207e-03
-2.0054027508e-03
2.1009731009e-03
-1.5688955703e-03
1.1187906875e-03
-3.0247340222e-03
2.9021788463e-03
-3.6902744668e-03
1.1848777975e-03
-5.0100254032e-03
-7.6169465531e-04
6.0778720087e-03
9.3467665067e-03
-3.1720051706e-03
-7.8411321465e-03
-6.7301178724e-03
-2.2498527705e-03
5.0600556785e-03
3.2945136005e-03
4.5460085465e-03
2.4356962586e-03
3.7680990995e-03
-1.8684414621e-03
-4.0943892280e-03
-5.1350213381e-03
-5.5878492931e-03
1.1791555510e-02
-2.0232626300e-03
-1.1967536844e-02
1.3746959250e-06
1.0888259624e-02
7.5482344585e-03
1.9761968358e-03
1.4941868205e-03
8.1970428351e-04
-8.3290767847e-03
-3.2341317105e-03
-6.2962896690e-03
1.5671936857e-03
-1.8068141877e-03
6.0743934166e-03
-2.1497561822e-03
-7.0047609953e-03
-8.1301457305e-04
4.3142393011e-03
9.5447051642e-03
-4.0548650719e-03
4.6999652534e-03
4.1189178553e-03
-4.5015200763e-03
-3.1933173696e-03
7.9919902133e-04
6.7366822558e-03
5.2602653562e-04
-6.4452182650e-03
4.6070180937e-03
-4.7016380690e-03
-1.5142041240e-03
-7.0418069042e-03
-1.8424317706e-03
4.1288456189e-03
-1.1688487607e-03
2.8767876095e-02
2.4135007338e-04
-4.1604750536e-03
-5.2120459510e-03
-2.5106529387e-03
-4.9856280464e-03
-6.2170026285e-03
1.2892617210e-02
1.6255650677e-03
-5.2238447596e-04
-9.8927444177e-03
-5.1295343792e-03
-3.1583646080e-03
1.0891039973e-02
-4.4738144903e-03
-7.1775850918e-03
-1.6504133901e-03
-5.3750031897e-03
3.7768522395e-03
3.9660478043e-04
8.3993145131e-03
-6.8733857504e-03
-3.4008027358e-03
-7.8507992982e-03
1.1611322819e-02
-1.3626047260e-03
-7.3188967203e-04
-5.9619739678e-03
9.2879556221e-03
1.0072450353e-03
-5.5946667369e-03
-2.4015935732e-03
-2.6772940214e-03
2.9591292002e-03
-6.6603876333e-03
1.6348756598e-03
-7.2558496609e-03
3.3293503213e-03
-4.1847687185e-03
-7.5993667601e-03
7.7293014687e-03
-2.8912674030e-03
9.5426385601e-03
4.9671779115e-03
-1.1934847329e-03
-2.5529362479e-04
4.2346013033e-03
-1.1034600023e-03
-1.5891297587e-04
2.2092186618e-03
-1.0910095214e-02
-2.3275857283e-03
1.0872040541e-02
4.5081866311e-05
4.4166738270e-03
1.9314159429e-03
-3.6825774655e-03
-6.3124580731e-03
-5.9429607330e-03
-4.0002978110e-03
-8.3688191541e-05
-5.2017025684e-03
8.9157720481e-03
1.0167054883e-03
5.1229063551e-05
7.7642354089e-03
-5.5179269826e-03
8.8587896100e-04
4.6616654269e-03
-5.9278683039e-03
7.6223771086e-03
-1.5945908645e-03
-2.5758135652e-03
1.7910601546e-03
2.4797637348e-04
-6.9648962272e-04
9.3929787776e-04
8.3946443100e-03
-1.2985106698e-03
-6.0969671535e-03
4.3102044472e-03
-6.6467769936e-03
-4.6288310298e-03
5.2559453596e-03
-6.4759323963e-04
-1.8724880306e-03
3.0446753510e-03
6.2560603438e-03
5.6579591164e-03
1.0800414488e-02
1.2799938553e-03
3.5188864387e-03
-3.0176648941e-03
3.7819315934e-03
2.5270225805e-03
-4.4411898979e-03
1.0023231067e-03
-5.2065404596e-03
-4.6921571522e-03
3.2473398199e-03
1.8449242419e-03
-6.0143030378e-03
6.0570493661e-03
-4.1806791466e-03
4.2300940494e-03
5.6786010509e-04
2.7342168040e-03
7.3518229502e-03
1.5495157465e-03
4.0562884088e-03
5.6170025317e-03
-8.2511828261e-03
-7.5119231672e-04
-2.6573941102e-03
-5.0255454604e-03
4.7513725143e-03
3.4795484155e-03
3.2524820658e-04
1.3772359034e-03
9.3830147300e-03
-4.4489315703e-03
-1.1442205942e-02
-4.3748908093e-03
3.1436561960e-03
-3.5801611123e-03
-5.1198767101e-03
1.4373717874e-03
-4.6284024525e-03
-5.7773184911e-03
-5.9356719891e-03
-3.4070242024e-04
-8.0992631302e-04
3.1520368840e-03
-2.6426422872e-03
-7.4747957650e-03
-4.5566590678e-03
-4.1253297439e-03
6.3455493599e-03
-4.4729733558e-03
9.7216742773e-03
8.7480003885e-03
-1.5225271540e-03
-5.2845060901e-03
-3.0232775146e-03
-6.6220255603e-03
-5.7350290813e-03
1.1999904953e-02
-7.0084129991e-03
4.8157369377e-03
-6.3786997177e-03
1.3469648860e-02
2.2553732126e-03
-5.4535246137e-04
3.7596085081e-05
4.7680592367e-03
-4.6021589995e-03
-8.0095600715e-03
-2.6485795623e-03
-3.7041518983e-03
-5.3863714662e-03
-3.1910818888e-03
1.4766577534e-03
-8.4457188791e-03
4.0487172968e-03
1.1526311478e-02
-5.0237522329e-03
-4.7641115371e-03
-3.7841291292e-03
9.0259530551e-03
-7.9917591579e-03
-4.0747428571e-03
1.9679950575e-03
4.8746396811e-03
8.1029934806e-03
-3.8919385454e-04
-5.4106571117e-03
-2.3086244293e-03
-2.7080798107e-03
-4.2022385897e-03
4.1623993262e-03
-4.9416938293e-03
-9.7818287486e-03
-1.5544509467e-04
-1.6234155734e-04
1.7429051868e-02
-4.3338106947e-03
-5.8544032240e-03
-4.6168891359e-03
-5.0636216230e-03
6.5992179339e-03
-2.0272577977e-03
-8.5484160107e-04
-2.6269276212e-03
-2.1512126708e-03
-4.0245418109e-03
2.6905144589e-03
6.2176611684e-03
-2.8612848941e-03
-4.2624544557e-03
-5.6320045022e-03
1.0010573183e-02
-2.5204258239e-03
1.3100960934e-03
1.4013518713e-04
-2.7282331820e-03
-6.0115575610e-03
8.5950996212e-04
5.4283644068e-03
-5.5950815161e-03
9.0615605265e-03
-4.9702236278e-04
2.9682565688e-06
3.3258148934e-04
-2.4517301254e-03
-2.8617332244e-03
-1.0184591462e-02
3.9123722841e-03
-5.2758869226e-03
5.1713296196e-04
4.5797328131e-03
9.8892574504e-03
-1.5740416212e-03
-2.0840068476e-03
-3.0477160091e-03
2.3223345219e-03
-5.7568755615e-03
5.9995007454e-03
1.0253005625e-02
-2.1728832251e-03
3.9632068920e-04
-6.5787228687e-03
2.7769546803e-03
-4.1405753550e-03
-1.0624449445e-02
-1.3052010130e-02
6.1788001225e-03
-1.4679534249e-03
-6.4132511733e-03
-5.4450561000e-03
-5.0601985267e-03
-3.8675673964e-03
-3.6470677426e-03
-1.2584602199e-03
-3.7504360821e-03
-2.2280866297e-03
-7.6101865482e-03
3.4316838528e-03
-2.9983724187e-03
-9.1045270486e-03
-8.5381093082e-03
-5.1095223523e-03
4.8684552979e-03
-1.0391260282e-03
1.1803981512e-02
-2.6035699289e-03
-7.4836300749e-03
-1.5653504527e-04
-8.9325811206e-05
-2.5814671430e-03
4.4068461618e-03
-6.8778708006e-03
-2.1407770722e-03
-1.9960941287e-03
-3.0111139395e-03
6.1066555186e-03
-4.0579269078e-03
-7.3757700846e-03
-6.2588276061e-03
-2.3419757774e-03
8.2225785264e-03
-4.9365081770e-03
-8.1570472588e-03
-6.0599654833e-04
1.2011212633e-02
-1.9580529073e-04
8.9658131417e-05
-9.8398850108e-03
4.1755993546e-03
-4.7734568506e-03
1.0028140467e-02
8.1290788823e-04
-5.7240264425e-03
-1.5193202775e-04
-5.5096193701e-03
5.1055846013e-03
6.7929557519e-03
-6.0899131956e-03
3.4316194908e-03
2.4100075168e-03
1.1497057348e-03
-1.5334856240e-03
3.4805991792e-03
-4.3695929849e-03
1.2634140225e-02
1.3744126932e-03
1.3253307051e-03
5.3721274334e-03
-9.9017805827e-03
6.7252519433e-03
-9.9013348152e-03
7.4024737959e-04
5.3881741765e-03
8.8224187297e-03
7.0249883723e-03
-4.1615263069e-03
-1.6469188345e-03
-8.8301559840e-03
-3.2333736528e-03
-7.2790642530e-03
-1.5498010418e-03
-5.3727709136e-03
-4.2384242924e-03
1.8140237019e-02
-7.4862028053e-03
3.5735858643e-03
-1.1500907835e-03
9.8327977027e-04
-4.1092300670e-03
1.5071019037e-03
1.3989277773e-03
8.2039074212e-03
-2.1313576155e-04
4.5753592122e-03
-2.8474043025e-03
1.2047396763e-03
-5.4335814118e-03
-2.2356209915e-03
-8.0799852551e-03
-4.2730251601e-04
3.0909721995e-03
8.8960255427e-03
3.5709064401e-03
2.6590116408e-02
1.3002359421e-04
1.1712971188e-02
-3.5246506728e-03
-9.1554348017e-03
-2.2580695603e-03
-7.8886017402e-05
-1.7958485650e-03
-4.4682635460e-03
6.0668899115e-03
-8.1055523047e-03
-5.5163538385e-03
6.9222252903e-03
6.0454244656e-03
1.0503336763e-02
3.3625148463e-03
-7.1116274239e-04
-9.4681427133e-04
2.7737575631e-03
1.6065515888e-03
7.7379044135e-03
4.6723615571e-03
2.0679062380e-04
1.3803941393e-02
-3.5381799536e-04
1.0435558865e-02
1.6124083442e-03
9.4510463870e-03
-3.2920524513e-03
6.7912736423e-03
-9.4598313274e-03
-6.9227179569e-04
-6.6780326647e-03
5.9495566040e-03
-1.8089072808e-03
-5.7520834924e-03
2.0867721597e-04
7.0971837903e-05
3.5629341574e-03
-4.7321482640e-03
-8.2744654168e-03
-7.1773633515e-03
-1.0405821025e-02
-2.7739361546e-03
-7.6581045573e-03
-8.9467740536e-03
-4.2850958949e-03
8.5172737843e-03
-5.4379086140e-03
6.6304801424e-03
2.2502375370e-03
-5.7442436184e-03
7.0198847103e-03
-1.0302719475e-02
-5.4916752347e-03
-4.5460226392e-03
9.6915226194e-03
4.8261963241e-03
-2.5074052838e-03
3.7019377023e-03
7.5322082489e-03
5.7110996177e-03
4.7352369718e-03
-4.5924972449e-03
-1.4727414170e-03
-1.5850002982e-03
-7.9165619837e-03
6.5532721560e-03
-4.3340094233e-03
-5.7251156496e-03
1.6599019156e-03
-2.8945662485e-04
-1.0576469043e-02
-1.1319168044e-02
-4.6610185638e-03
-4.6413042099e-03
1.9574404009e-02
4.0102771268e-03
2.2913293120e-03
-1.0551054689e-03
3.4887183743e-03
-2.1153077515e-03
-3.2378639236e-03
-3.1643304895e-03
-3.4650540820e-03
-1.2395960529e-02
2.4052651184e-04
6.9352545698e-03
-4.4551891046e-03
-5.3518519068e-03
-1.3270210909e-02
1.7263341389e-02
3.7503904576e-03
-5.7553182617e-03
-6.1788798924e-03
1.2760277655e-03
-5.8779790123e-03
1.4409609603e-03
-4.5030557380e-03
-2.2824375044e-03
2.8405929153e-03
-2.3478434179e-03
-8.1845002841e-04
-8.8417302068e-03
-8.1870007563e-03
6.0214091852e-03
1.7678724770e-03
-6.4735870564e-03
-1.6520356201e-03
-4.6701145191e-03
-7.0047404849e-03
-4.9534723764e-03
1.5667973949e-03
-1.0850857660e-02
1.2470677090e-02
-1.2398827094e-02
2.2182693090e-03
2.6291960515e-03
6.4941035996e-04
-1.5684014896e-03
1.0915107208e-03
-1.1303744273e-03
4.1244538146e-03
-3.4675959749e-03
-4.3451234785e-03
-4.3626631075e-03
-6.8361187079e-03
-5.7523324891e-03
-1.4379759223e-03
-8.7863839561e-04
-3.2182053639e-04
1.6294743806e-02
-2.8030480962e-03
1.3322498855e-02
3.8020068596e-03
-3.1876211534e-03
2.2621625984e-03
-3.1794836701e-03
-8.2705247549e-03
-1.2805523497e-03
-1.0754397853e-04
-1.8227037318e-03
1.0402847339e-03
1.0847100343e-03
-4.0699160455e-04
-3.7725075551e-04
-7.5342395063e-03
-3.9722503162e-03
-2.2567250053e-03
4.8787201214e-03
-1.1365114521e-02
-4.5052011785e-03
3.2237091849e-03
-8.0586889151e-03
-1.2132720215e-03
-8.3929816462e-03
-3.7664820925e-03
-2.8920366479e-03
3.1790749659e-03
-3.3062589909e-03
2.9319781552e-03
1.9346847063e-03
5.3662243464e-03
-6.4595590539e-03
-5.5339623139e-03
-4.2863953565e-03
-5.0432394121e-03
6.6663339913e-04
-3.7355048001e-03
5.0867380224e-03
2.1593451943e-02
1.0159088646e-02
2.3979527698e-03
-1.2636368110e-04
5.5228092555e-03
6.5398303503e-03
-7.1914107109e-03
-8.9245272154e-03
-3.9193231640e-03
-4.0144518030e-03
-3.9369565840e-03
-1.8361693760e-03
1.0811082254e-02
1.1406863025e-02
1.4282063187e-02
8.5984632898e-03
-1.3553860898e-03
8.9085725308e-03
-2.0992026490e-03
-1.0743632255e-03
-2.6555583235e-04
1.5128595107e-03
-1.5619585144e-03
-6.7549702969e-03
4.3619762479e-03
-3.5940279944e-03
-5.8486662028e-03
-2.6281266675e-03
-7.4952008401e-03
-6.0884763146e-03
1.4659782488e-02
-8.3159281880e-03
-9.6855623897e-04
5.1149346457e-03
-1.9503235170e-03
-1.3401174876e-03
1.0996081414e-02
2.3966032095e-03
-1.3313473514e-03
3.2275780159e-03
-1.5989723594e-03
-2.4934547633e-03
1.1639079559e-02
-1.6925137574e-03
-7.2796535093e-03
4.1174858881e-03
-5.1581682908e-03
6.7796837526e-03
1.1645419047e-02
-2.4511953777e-04
4.4908938945e-03
3.3249739942e-03
-9.0288996766e-03
9.9539315939e-03
-1.0869227694e-03
5.8029133128e-03
-2.2909151379e-03
-6.0643987230e-03
1.7997012285e-03
-7.9264214579e-03
3.3237597965e-03
-3.6801467777e-03
6.7358041904e-03
-5.4170328059e-04
-2.8392210022e-03
-6.8162517212e-03
8.3332461731e-03
-5.6690773548e-03
-7.6475779404e-03
-4.8359407410e-03
-7.6264425388e-03
3.2434123126e-03
-5.7397176838e-03
6.8752244601e-03
9.3979474184e-03
-8.3948152680e-03
6.2445514965e-03
-6.3285882051e-03
-8.8340984116e-03
-7.5626952449e-03
6.0033334427e-03
3.4017762560e-03
-8.1555196172e-03
-9.0333421709e-04
2.8080989495e-03
9.4380285808e-04
8.8671547185e-04
-2.9757507946e-03
-7.4065518234e-03
-1.1278108143e-02
9.6490832803e-03
-8.3911593773e-04
1.4574886450e-03
-2.1746723548e-03
-6.3772404012e-03
-2.7694679046e-03
1.4792494826e-03
-5.4510570832e-03
3.6120363117e-03
-1.8356526626e-04
-7.3001329664e-03
9.6388169697e-03
-1.0070490354e-03
-1.0653640328e-04
2.9654609817e-03
1.3343063880e-02
-5.8621034273e-03
-1.1625984357e-02
5.7726809814e-03
1.0791078519e-02
8.0970246698e-03
1.7964311505e-04
-4.1089913481e-04
6.5741646966e-03
-5.2990237430e-04
4.0960071785e-04
-3.3735239287e-04
2.5351536856e-03
1.2985588463e-03
-4.5200250354e-03
-2.3954012033e-03
-1.0186631376e-02
1.8046187860e-03
1.7234763319e-03
1.1275062569e-03
2.2849159824e-03
1.7537422533e-02
-1.1728289340e-03
-2.9770133967e-03
-8.0295495267e-03
2.1067993746e-03
-1.8408779788e-03
1.0803671255e-02
-4.5835590654e-03
-1.1468567590e-03
-6.0817652043e-03
1.1472985423e-02
1.9786807447e-03
1.2537449062e-02
-6.7472797819e-03
-6.9569326973e-03
2.7091459246e-03
-1.8790245648e-03
-2.2568944986e-03
5.4081558955e-04
-5.7199545389e-03
-5.6898804598e-03
-6.3088265045e-03
-1.1501524923e-02
-4.0455485207e-03
2.5721326239e-03
1.0826446690e-02
-1.1793851293e-03
5.4888380035e-03
3.5452794665e-03
2.4591235301e-02
-3.2035577216e-03
-5.7786037346e-03
-6.4527464737e-03
-1.1833302076e-02
-4.0118721051e-03
-3.2384997792e-03
-1.8199296675e-03
6.3851196041e-03
1.3716722775e-02
-9.0454703826e-03
-3.5640342774e-03
6.8120752185e-04
1.8688390087e-03
3.0482052952e-04
-6.3225272466e-03
-8.7750955626e-03
4.9225866107e-03
4.1784766518e-04
-3.6387974591e-03
-3.8284430309e-03
-3.0569730378e-03
3.8435598898e-03
-2.9327169001e-03
1.8376483325e-03
7.1079809060e-04
2.1346816566e-03
-4.4050628459e-03
-5.6066322156e-03
-9.5086654816e-03
-2.4888786474e-03
-5.3198752757e-03
5.9222161474e-04
4.6761025396e-03
-4.9346222620e-03
1.1596190889e-02
2.0768751174e-03
2.2699965291e-03
3.5734953182e-03
4.7307270010e-03
-8.1117029561e-03
-3.5091158348e-03
-2.9824357440e-03
8.1093949769e-03
-6.4641166369e-03
1.3212629721e-03
4.8590057398e-04
-1.8536385914e-03
-5.1853430850e-03
9.1370110383e-03
-4.7633655462e-03
1.0686274887e-02
-1.2479531736e-03
-4.5433431043e-04
-1.0475368857e-02
1.1694330239e-03
-3.9068655694e-03
1.0059691611e-02
-3.8955060272e-03
4.8477769697e-03
1.4722661908e-02
-3.7100804268e-03
-1.0758376448e-04
7.1649851358e-03
-1.6734630161e-03
-1.7972368347e-03
3.7304620086e-04
-5.4604588360e-03
7.2986917268e-03
3.8974445520e-03
-4.0845447669e-03
-8.5541067837e-04
6.8886439003e-03
-3.4490921868e-03
5.3115975961e-03
-5.6629048673e-03
-5.9932620393e-03
-3.9139331326e-04
-3.0320716667e-03
7.2570589296e-03
1.3950262418e-03
-2.0279222574e-03
1.1010235745e-02
-4.2527143581e-03
-5.1989778670e-04
1.0578547322e-02
-2.8774063845e-03
2.2665375621e-03
-2.8218062113e-03
-6.1165181683e-04
2.9266363782e-03
5.0791011795e-03
2.9923386572e-03
-4.0332608258e-03
1.6133484925e-02
-3.4375705499e-03
5.0209820355e-03
1.9315396488e-04
-5.1178597228e-03
-4.0501202969e-05
4.3913550256e-03
-3.8359138105e-03
1.8752204568e-02
3.5517931729e-03
1.0735645193e-02
1.2862474559e-02
-8.7823212885e-03
4.2693381245e-03
2.5006055508e-03
5.8334453076e-03
9.1825688244e-03
-3.2529558928e-03
-6.1620714382e-03
-2.3135564284e-03
-8.0414232535e-03
8.0188356206e-03
-7.5986031936e-03
5.6998912867e-04
-8.5046743372e-03
6.0367014201e-04
-6.4239860165e-03
-9.1064449159e-04
6.8309941601e-03
2.8666073690e-03
-2.6200838413e-03
-5.0036725792e-03
-2.3962757698e-03
-2.0355101332e-04
3.6986552548e-04
-3.7335533162e-03
-2.7142591381e-03
-6.8271576130e-03
-9.8907064746e-04
1.0715741656e-03
1.3210634357e-02
6.4467238771e-04
3.7906318175e-03
5.2167620712e-03
1.0532489503e-03
-7.3931335193e-04
1.8615550256e-02
7.3362472276e-03
-3.5161513218e-03
-1.3905926238e-03
4.1075073409e-05
-2.8430654291e-03
4.8386040753e-03
-7.6699822521e-04
8.4653382369e-03
-7.2043614800e-03
5.0079764772e-03
8.4340990975e-03
-2.7151056548e-03
-4.3884919236e-03
-7.7021444507e-03
1.4242714810e-04
-7.1030249058e-03
-2.5513327554e-03
-8.2120470190e-04
1.8716557015e-04
-4.9320370856e-03
-4.4345363234e-03
8.4299566367e-03
-4.5536267156e-03
-4.1190541842e-03
-4.2774912998e-03
-2.2494846737e-03
4.7648728804e-03
-6.7245575663e-03
-6.7183878268e-03
-1.1473768515e-02
1.0616968610e-02
3.0211881227e-03
-6.0359770242e-03
-4.1686689209e-03
9.4627569470e-03
8.5815999406e-03
-4.0527437109e-03
-5.9495302765e-03
5.8354255544e-03
-7.0944306702e-03
1.9695074300e-02
-2.6526093482e-03
5.3614783705e-03
7.8463016905e-03
-7.7082238834e-03
-5.7062262670e-04
-2.0602555524e-03
5.3851535238e-03
-1.2332974656e-03
-3.6181025565e-03
-2.2363672421e-03
-4.7446779111e-04
6.1923396017e-03
1.4562351570e-02
4.4542257246e-03
-2.0540262383e-03
-5.8390893990e-03
-6.3799634067e-03
5.5238849651e-03
-2.9376161636e-03
-5.0825781577e-03
-6.1225254948e-04
2.0692124496e-03
7.9763522981e-03
-5.8630577404e-03
-5.3096539979e-03
-6.7514608894e-03
3.8122220165e-03
-3.4681750113e-03
5.1673416100e-03
1.3397359483e-02
4.2477120174e-03
-1.4946589101e-03
7.6670695929e-03
-4.7920922901e-03
-8.6630349471e-03
3.7957414582e-03
7.8196114730e-03
9.4353721804e-04
-5.2781330375e-03
-5.4446775014e-03
-2.3469606439e-03
-1.6218079282e-03
4.3758340726e-04
7.6069800319e-03
1.9470746783e-02
-8.5712336725e-03
-8.6807356938e-03
1.0056207214e-03
-5.5345826705e-03
2.2993893314e-03
3.7124051110e-03
-3.2871936722e-03
7.0069877140e-03
2.0951880682e-02
-2.8259758107e-03
-9.7475486237e-04
2.0482261727e-03
4.2539935854e-03
-2.6823626725e-03
8.9871034272e-03
-5.8559659963e-04
-8.5970107886e-03
-1.7116258779e-03
2.4939316353e-03
4.8530022071e-03
-7.9221310065e-03
7.0262927869e-04
-8.0205860892e-04
-5.6203829789e-03
-3.0278419315e-04
-3.2695970960e-03
7.5387335323e-04
-7.7716624776e-03
8.1243687321e-03
-6.3272269813e-03
-1.7545946576e-03
1.9356142994e-03
3.1148763516e-03
1.8708629514e-03
8.3905716372e-03
4.0660472700e-03
-4.4837577624e-03
3.6820069519e-03
1.7857573476e-06
7.4926612303e-04
4.3698613526e-03
2.5544232017e-03
4.5650877595e-03
-1.2444614997e-03
-8.1728599693e-04
1.2689926533e-02
-5.2726481217e-03
-7.9033526449e-04
1.4545153722e-03
-3.5535656174e-03
-4.2595669900e-03
6.5645703301e-03
-6.0760616066e-03
-2.7286758358e-04
-1.6715687524e-03
3.5761032369e-03
-4.0235544782e-03
4.4101009909e-03
1.7039390360e-02
4.8489805493e-03
3.6577900570e-03
-7.2495823970e-03
3.3089608918e-03
4.3743839947e-04
-2.7246844060e-04
4.9317394534e-03
7.6755633704e-03
4.4704259504e-03
-9.3239225604e-04
3.1208776042e-03
2.4372877811e-03
8.4479630756e-04
-5.1697778623e-03
4.1721183832e-03
6.2303952731e-03
-5.5644372789e-03
-6.9819959333e-03
-2.1633733476e-03
-4.6106399449e-04
-2.5781473249e-03
-4.0125926677e-04
-5.4723248628e-03
4.4857743215e-03
-6.0611154180e-03
-3.2063274188e-03
-1.0800278916e-02
-4.7592048318e-03
5.0119692294e-03
-2.2261211051e-03
-5.0344448183e-03
3.9887871105e-03
-5.2987980419e-03
5.5714870668e-03
-6.0214495054e-03
2.0537303203e-03
-5.3416285706e-03
-7.4614580561e-03
-8.5807477595e-04
4.8391445901e-03
-1.5142853248e-03
7.2436750743e-03
4.2683782171e-04
-2.7480974112e-03
-3.6696453654e-03
6.0594095099e-03
-4.8246985476e-03
4.5309665816e-03
-6.7424521747e-04
-2.5983955520e-03
-4.2719132460e-03
-6.3216566745e-03
-2.6785432357e-03
5.2232044408e-03
-4.6828030090e-03
4.3990275112e-03
-1.7721787421e-03
-5.2053965141e-03
4.1200049891e-03
9.0935911344e-04
-5.1922771068e-03
1.9725959341e-03
-3.9629952988e-03
-7.0169584165e-03
4.8020160070e-03
8.9286961028e-03
-9.6613902838e-04
4.0387333484e-03
7.7842208462e-04
6.1240596735e-03
1.1349971750e-02
-5.6626023469e-03
-8.5428146856e-04
-2.2694423247e-03
3.6317909921e-03
-3.2531614967e-03
-9.2706825096e-03
-3.8788333391e-03
9.0779175047e-04
-5.6336721802e-04
5.6087651613e-04
7.2512360027e-03
-1.9973518416e-03
2.2727224415e-03
6.4117855263e-03
7.0363838443e-03
-4.9407237980e-03
4.0749848608e-03
6.1139872243e-03
7.0632997195e-03
-8.6353400637e-03
1.7892799866e-03
1.5403532067e-05
4.2490222670e-03
3.6559715546e-04
1.4610073894e-02
-9.1243594697e-03
2.8229406179e-03
9.6296978749e-04
-8.9797898877e-03
8.8468301641e-03
5.4849509057e-03
-8.1503490257e-03
9.0608101866e-03
4.4887344685e-03
-1.2042597775e-02
6.3386006950e-03
1.4884319778e-03
-2.5105987022e-03
7.5296195487e-03
-3.1992663903e-03
2.4137445443e-03
9.9016083317e-03
1.8147582254e-02
-2.4841328280e-03
4.3649740994e-03
5.8465631014e-03
2.6450391368e-03
2.8420082824e-02
4.8246064787e-03
1.5010709051e-03
-5.2887241694e-03
-2.8056697994e-04
4.5609577213e-03
-3.8134501387e-04
-2.5961650229e-03
-2.5818908791e-03
-2.1579663326e-03
-2.5882716502e-03
1.0079020370e-02
2.1750811612e-02
-8.0404711415e-03
9.6315911215e-04
-1.1752530679e-03
-8.5296648902e-04
-4.5375481942e-03
1.5534555427e-02
9.1155439942e-03
-3.2218515804e-03
3.5274945062e-03
-5.0142820242e-03
4.1812375224e-03
3.9580807006e-04
-1.2725252244e-03
-4.8871796749e-03
2.0808575914e-04
-3.0517807389e-04
-4.2270546657e-03
-7.7816419892e-03
-3.3715009462e-03
-6.7468326755e-03
9.8287218944e-03
-5.0433708979e-04
-1.5061681006e-03
-5.7858117078e-03
-3.3040774948e-03
-2.5398752944e-03
-5.2997062939e-03
4.5750536202e-03
1.1032446639e-04
9.5775555779e-04
1.5389081327e-02
-2.3222472349e-03
-6.3854758925e-03
-4.4264757307e-03
-2.5712229100e-03
-2.1209979204e-04
7.4170381605e-03
2.5399906229e-03
8.3604455300e-03
2.4879246530e-03
1.2629246265e-02
7.9151042072e-03
1.8680449615e-04
-7.6721182549e-03
3.5466590693e-03
8.5355229025e-03
9.8572650508e-03
5.7251752414e-03
3.6417228200e-03
-8.0205125827e-03
3.5286402456e-03
9.6455927258e-03
2.4137896316e-03
1.3486566130e-03
-9.1818637677e-03
2.3911364419e-03
4.5918085592e-03
5.4275814977e-03
1.3448477278e-03
5.0972261346e-03
3.0581522849e-03
-6.4229548481e-03
-6.6828394748e-03
-2.0882292015e-04
3.0960946942e-03
8.3973359042e-03
-5.4759273045e-03
1.5318520323e-03
-4.7968331014e-03
-2.5504966668e-03
1.1667759857e-03
-3.3684231677e-03
1.2858271813e-03
2.3925380874e-03
1.1543328845e-02
-4.2748966455e-03
2.5499013038e-03
2.8295861895e-03
-5.9189290911e-03
-1.2430773648e-03
-3.1712866098e-03
-6.7863526006e-04
-7.6517266042e-03
-3.4379654300e-03
9.9855769189e-04
3.0041035863e-03
1.6058895948e-03
1.3395153267e-03
5.0714392995e-03
-2.8474121147e-03
3.0342261282e-03
-2.4103010527e-03
-5.5405189340e-03
2.1771549930e-03
-1.0821768299e-02
-8.6196387126e-03
8.0292216937e-03
-7.6218907314e-03
8.8685974604e-04
-1.6125730286e-03
-1.2301772477e-03
-8.3742681224e-03
1.4830322337e-03
1.1280083908e-03
5.6798065449e-03
-4.3246834204e-03
1.1280743038e-03
-7.8124318025e-03
-1.2011843381e-03
2.3770018923e-03
-9.4383051568e-04
7.5328497595e-03
-1.0939661326e-03
3.1283247002e-03
-7.7013817651e-03
-3.8366738022e-03
-8.4285931116e-03
5.0600906367e-04
-3.4945103594e-03
1.2383344804e-02
8.4378132037e-03
-1.4397885106e-03
-7.8613598542e-03
3.4482586033e-04
-2.6290608499e-03
-1.3892856410e-02
5.4441772932e-03
-5.7118037193e-04
1.3012859899e-03
-2.1779903314e-03
-8.2007767505e-03
1.5508475359e-02
-5.2223522073e-03
2.9805794078e-03
4.8257948423e-03
-4.0343069905e-03
-3.9081677043e-03
-2.4637680123e-03
-1.9556460725e-03
4.0563980770e-05
-1.9091088595e-03
-2.0748730199e-04
-4.1281829576e-03
-4.3246365945e-03
-6.9938710770e-03
-1.6892715356e-04
-7.1196819834e-03
-3.1053893197e-03
4.2161680237e-03
-1.7801283602e-04
-9.6361047459e-03
-1.0988326448e-02
5.6875397652e-03
1.9559958025e-02
6.2990430115e-03
-7.0124559049e-03
4.1701604653e-03
9.6941715393e-03
-3.8125854036e-03
-1.9466784151e-04
-7.8955505993e-03
9.7987818508e-03
2.8838991188e-03
-2.5907883394e-03
7.1131757035e-04
-9.8684207638e-03
-5.9428048318e-03
-1.9639389062e-03
6.4695046802e-04
5.2879520885e-03
-1.6323949115e-03
1.4118575703e-02
4.1882241791e-03
-3.8487056813e-03
-4.5851553697e-03
8.2422838632e-03
-1.6165491273e-03
-2.6062122948e-04
-3.6752483792e-03
1.0547818027e-02
1.0903388700e-03
1.1267094046e-03
-6.3150523913e-03
7.1670488096e-03
1.3516713891e-03
-9.6600466505e-03
5.7658457818e-03
-7.5144577650e-03
1.8161064204e-03
2.0055605468e-03
2.7974393262e-03
3.9316699791e-03
2.4512810376e-03
6.7437486640e-03
5.3812693401e-03
-9.2308428804e-03
-1.9028650976e-03
2.0777443175e-03
-4.7681882058e-03
-6.2000237417e-03
-8.3273776893e-03
4.5794563978e-03
3.3537109655e-03
5.5714645954e-03
1.1100388969e-03
3.9905416802e-03
1.2546460916e-02
3.9216338420e-03
4.6843569495e-03
2.9246651916e-05
-1.7776927867e-03
5.3216138859e-03
1.3570907619e-03
-2.5857529284e-03
4.8534009969e-03
-6.6686818603e-03
-4.9321675084e-03
-1.4431724004e-03
2.3649203622e-03
-4.1265232433e-04
8.6500828208e-03
1.6957350390e-03
1.2616794068e-04
1.0350565110e-02
4.5605970641e-03
-6.3316779218e-03
-2.2823501042e-03
-2.9390139163e-03
-8.0757094224e-03
-3.3045806009e-03
3.3318625862e-03
-6.7922921589e-03
6.8600245595e-04
3.4198463295e-03
2.3544576528e-03
4.2736220977e-03
6.6276469256e-04
8.9799266967e-04
4.7484582600e-04
-5.6318553078e-03
-7.7845556129e-03
8.6941839809e-03
7.9678333879e-03
-2.2182641470e-03
-4.8453561807e-03
-6.0751422613e-03
-5.1569487421e-03
-5.1334256669e-04
-4.6181797778e-03
3.1323622905e-03
-2.6860789855e-03
-3.3241640203e-03
-8.3341979822e-03
2.1782877753e-02
-4.4571714351e-03
1.5684028969e-02
2.0019660842e-03
2.5557372245e-03
-7.1921223673e-04
4.3564175948e-03
1.3843830465e-02
8.3661274884e-03
-2.4150027650e-03
-2.8490928490e-03
1.5568741371e-03
1.2411494832e-03
-5.2670555772e-03
4.7768935409e-03
-6.9698482253e-04
-7.7386610153e-03
8.1715699608e-04
-6.1809251677e-03
-3.7401910835e-03
1.5971944572e-02
2.8322795939e-03
2.5357725662e-03
-8.4343847600e-03
-3.0334476066e-03
5.7287299816e-03
-4.1960631947e-03
-1.4739136794e-03
-5.1120629526e-03
-8.7204381251e-03
7.1494320336e-03
-2.7306545856e-03
-3.4317307939e-03
8.6123855204e-03
-8.8066359410e-03
-2.4275855791e-03
-6.4322869995e-03
-4.8854153298e-03
-5.7192520174e-03
-3.9199897150e-03
4.2893520312e-04
2.1353235654e-03
2.7680472153e-03
-1.4711122064e-03
-5.4642840687e-03
6.9195413585e-03
-1.7941514869e-03
3.3864968929e-03
9.2536382935e-04
-7.8790022805e-03
-2.1381592871e-03
-5.8359417489e-03
-3.4842374325e-03
1.5185196457e-03
1.2578232391e-03
3.9564257320e-03
7.3218235879e-04
1.2573854016e-03
-6.5504404798e-03
-3.2195802934e-03
-9.9782714479e-04
-5.9035098935e-03
-4.8457666664e-03
-4.6298867666e-03
9.3997755105e-03
-2.6983953482e-03
-5.1409501914e-03
-1.3185922337e-03
-9.0792105277e-03
6.6905634226e-04
3.3082380540e-03
3.4031838029e-03
-3.9998714388e-03
2.4086418291e-03
6.3525953618e-04
-5.9282997371e-03
-6.6888605603e-04
5.1418060926e-03
-5.4287996235e-03
1.0695197779e-02
-1.0135529309e-02
-6.2912835889e-03
6.0961096968e-03
3.9895541415e-03
8.6782107869e-03
5.0990054819e-04
-2.2601597992e-03
-3.9476529672e-03
1.7673570800e-03
1.5022694866e-02
-3.5995615360e-03
2.4118341764e-03
2.4981954237e-03
-6.2645953266e-03
-1.1805597089e-03
1.0620740362e-02
3.8694934433e-03
-4.4771383999e-03
4.4509378421e-03
2.4917290837e-03
1.4517934344e-03
-9.5879465874e-03
-7.6160451303e-04
2.6010051514e-06
-4.3061132373e-03
-3.4944371998e-04
6.3115777491e-03
4.7490443105e-05
9.5560936507e-04
2.9841381537e-03
-2.7349476053e-03
-1.8232309989e-03
5.0887901266e-03
-1.5142670368e-03
2.2379094387e-03
-1.4738768316e-03
1.7868156383e-02
-2.8951403283e-03
2.5524763836e-04
-1.5213711530e-03
8.2746912986e-03
-9.4600298728e-03
1.3160221995e-04
6.7445980371e-04
-3.2346309756e-03
8.0962856150e-04
2.3771497367e-03
6.6413945177e-04
-3.8536273724e-03
-6.2801134921e-03
2.4785019022e-03
-2.6760357091e-03
-6.2914578254e-03
-3.7114196692e-03
-5.2012791945e-03
-3.8199647778e-03
6.3986540152e-03
-5.6754532581e-03
-3.3984126668e-03
-6.0968779241e-04
8.3701628020e-04
-4.2759208097e-03
-1.3180293533e-03
-2.4231200929e-04
1.9261678355e-03
1.0500795756e-02
-2.1814435618e-03
-4.6058808092e-03
-1.6289767948e-03
3.7996688520e-03
-2.1200570789e-03
1.5156803535e-02
7.2198445076e-04
2.5479575014e-03
4.4990812472e-03
-4.6041728601e-03
7.1492852174e-04
9.5511934591e-03
7.6172932388e-03
-2.3900803109e-03
6.1434213965e-03
2.7744633198e-03
-9.5545196812e-04
5.5146274349e-03
-4.1544250633e-03
-3.5593459050e-03
2.7184889762e-03
-4.2401077512e-03
-1.5288818303e-03
-1.1423401927e-06
4.1661563960e-03
1.5661148143e-02
-9.3198128285e-04
6.0084622752e-03
1.0276369722e-03
-2.0747343073e-03
1.6634699499e-03
-2.7130533152e-03
-1.1628862066e-02
-4.4741884857e-03
-5.5450895496e-04
-5.0616078472e-03
-4.4407355333e-03
3.5613473771e-03
-8.4318505966e-04
2.3542758050e-03
3.1044786772e-03
9.3527036373e-03
-2.5946018692e-04
1.0373789631e-02
-5.0637610951e-03
-1.4431751654e-03
2.0607389974e-03
-9.1913962583e-04
3.0590846445e-04
1.3323749988e-03
-1.1480349323e-03
-9.3409386442e-04
-4.3477780401e-03
8.6922907791e-03
2.1590289510e-03
8.5909354741e-03
4.0559641008e-03
6.5972686586e-04
4.6651850547e-04
-5.3190638770e-03
6.8931452254e-03
-8.2496845564e-03
-1.7845597427e-03
-5.3125243846e-03
2.5790203508e-03
-9.1863158721e-03
7.1176220866e-04
-6.1742716657e-03
6.9567984275e-03
-2.6508113270e-03
1.4461014589e-03
-9.5579832053e-05
-2.5158015311e-03
-4.1450526010e-03
3.5305995566e-03
9.8034957955e-03
-2.9980665960e-03
7.6447809781e-03
1.0396469112e-02
7.5007072225e-03
3.1630349470e-03
2.5440041803e-04
-8.3117539361e-03
-1.5731988827e-03
4.7296149516e-03
-8.5536507468e-03
-2.2637826468e-03
8.2175514108e-03
1.0184343703e-02
-5.0247227642e-03
-2.3594659068e-03
2.6840209631e-03
-8.9331369262e-03
9.5940415584e-03
-2.8386460513e-04
2.8956627921e-03
1.0676084050e-02
-2.0075078439e-03
-5.6510127235e-03
4.7669194363e-03
-1.0380696616e-03
-6.4877513539e-03
7.2495858183e-03
-9.4295693152e-04
-6.6615146264e-03
1.1865727454e-02
5.4584586484e-03
5.2850260705e-03
-4.5142370311e-03
-3.6051862923e-03
3.7762824831e-03
6.3260070662e-05
9.1263605967e-03
3.9682794422e-03
-6.7624526875e-03
-3.0597763487e-03
-1.1061694020e-02
-2.0835694482e-03
-4.1347200426e-05
9.9856791459e-03
-8.1682034189e-03
-5.7587895632e-03
-1.2081918224e-02
3.7048049370e-03
-3.8636220968e-03
1.7586296057e-03
-1.2145330452e-02
-1.1933052782e-03
-1.0556306357e-03
-1.1533565149e-02
-3.1451476757e-03
9.8337647787e-03
-2.4199791059e-03
9.1077015279e-03
-1.6396236245e-03
-7.7414095801e-03
1.7973938967e-03
1.1417908900e-02
1.2217047962e-02
-1.3568539861e-03
-1.8312486571e-03
6.0943367318e-03
-2.2632494066e-04
2.6797177135e-03
5.0809061388e-03
-2.3972804068e-03
1.5133851143e-03
1.1015948417e-02
-1.0122491500e-02
-6.0783842545e-03
3.6350444741e-03
7.2829941861e-03
-6.6558600325e-03
-3.4591525164e-03
-7.5956160982e-04
-3.5383155893e-03
-2.6685745568e-03
-5.8446118620e-03
1.2539176706e-02
-1.1979788330e-03
-4.4007007232e-03
1.1942861190e-02
-1.8021663389e-03
2.2860042763e-03
3.3612394693e-03
3.1719419896e-03
-1.8715677242e-03
-1.8781210261e-03
2.1617076700e-03
1.4821498182e-02
-3.7241487049e-03
-4.9061567730e-03
-3.9203924114e-03
-5.6750931215e-03
1.7326949012e-04
-6.5051145423e-03
-2.8630617375e-03
5.4578216835e-03
4.9285312058e-03
1.7760415560e-03
2.1250013154e-04
1.3589360652e-03
-1.4473780556e-02
-5.1191506745e-03
-1.1354633525e-05
-9.6409292710e-04
2.7339078970e-03
-3.5661211220e-03
1.3028571428e-02
2.7627328599e-03
-3.4594242989e-03
-8.3740893398e-03
-5.1370319428e-03
-3.7989530168e-03
-1.3036390672e-03
-7.3508133463e-03
9.3936862320e-03
-6.3539759564e-03
-8.6907783019e-04
-1.7809595543e-03
1.6018731384e-03
-3.5889905562e-03
-7.2053300428e-03
1.1475536829e-02
5.2879704449e-03
6.1071132400e-03
-1.9350176826e-03
-5.2413099456e-03
-4.3640056147e-03
-2.0809097070e-03
-5.6380809378e-04
2.5748027378e-03
-5.0154192240e-03
2.8720062120e-03
-2.5408650458e-03
-2.5318139061e-03
5.9606339525e-03
-1.0191775935e-02
-6.0279880379e-03
-4.7585710003e-03
2.4309508060e-02
2.1062980800e-03
-4.1056682845e-03
-1.2470086206e-03
9.3167050979e-03
-2.8536627854e-03
2.4857530342e-02
2.3332380513e-03
-2.9438335434e-04
2.2665817801e-02
8.9235289179e-03
2.9943513560e-03
-3.5561927356e-03
-5.4822201561e-03
5.4031182934e-03
-3.9803072975e-03
-6.4212840796e-03
2.0150534448e-03
2.3320054154e-04
1.6787110553e-03
-2.5124721022e-03
-1.5909721522e-03
4.9174348035e-04
-1.7150768032e-03
3.5142481200e-03
1.1864224284e-03
-7.7217627047e-03
-5.4985114312e-03
-1.2702077352e-03
-3.9509211753e-03
6.3144571633e-03
-6.3395621427e-03
-4.9285742636e-03
-6.5039203844e-03
-6.8046576481e-04
2.0289991100e-03
-2.7265943904e-03
-2.5698064396e-03
-1.3783864319e-03
4.5840976954e-03
5.8319894804e-03
2.1459730454e-03
-4.5218734175e-03
-5.9285912789e-03
-8.8581236859e-03
-1.2166917703e-03
-1.8036856118e-03
-2.8015677702e-03
7.3461508584e-03
3.0146946678e-03
-8.8232533747e-05
8.5157546399e-04
-5.5335614862e-03
1.5031047964e-02
-5.4297111777e-03
7.4084549248e-03
-2.4310545173e-03
1.4614967500e-02
-1.2871213432e-03
-4.6485907579e-03
-4.9591061257e-03
1.4009354754e-02
-8.2125753841e-03
5.0271335722e-03
-9.1761042734e-03
-2.6254153948e-03
-5.0983415913e-03
-5.1920023034e-03
9.9123398179e-03
3.9998536432e-03
7.6711992861e-03
6.4438023040e-03
-9.8936136181e-03
4.8927473209e-04
1.0592986046e-03
-3.9079206245e-03
2.5924309681e-04
-4.8308379517e-04
-4.4602478863e-04
-4.3862996172e-03
-4.4028506049e-03
-2.7162694605e-03
1.9465334492e-03
-2.4096138712e-03
-6.0038720994e-03
2.5032900074e-03
-9.2648308244e-03
-5.2864904691e-03
1.3582429658e-03
1.2806052340e-02
-2.3767024816e-03
9.9218772893e-03
4.1665408253e-04
5.1888798082e-03
-9.3378164282e-04
-5.2915301575e-03
-2.9967320545e-03
-1.3909910195e-03
6.7292279095e-03
-1.8735339773e-03
-1.0145363671e-04
2.9028861518e-03
-4.8343378251e-03
1.7375246153e-03
7.0254358429e-03
1.0183459722e-02
-7.5135332829e-04
1.2721119220e-03
2.8630694168e-03
7.7029759011e-03
9.2458128985e-03
-1.1939475118e-03
1.4063667077e-02
1.9930103945e-03
-5.1595872995e-03
6.7401351935e-03
-3.1775124949e-03
9.1456436290e-03
1.6746269425e-03
-4.3503665680e-03
-4.6691718233e-04
4.1161863959e-03
-5.0004287062e-04
-1.0492735101e-02
1.8406166788e-02
1.4867732706e-03
-4.6482417536e-03
5.2258459992e-03
-5.2428151784e-03
-4.8657790991e-04
-4.5675117974e-05
-3.3428316823e-03
2.8601947492e-03
9.9179784082e-03
-5.6870482522e-03
7.2526847283e-03
-3.2360759974e-03
-9.1615653686e-04
-1.0141429560e-03
-8.9481440415e-03
3.7102759233e-03
-1.3717871209e-03
8.0339547832e-03
1.5714661216e-02
3.1745353420e-03
7.3828098570e-04
-2.3130936776e-03
6.0914506491e-04
1.0667090252e-02
-4.9641693007e-03
-7.9007960931e-03
-7.1151164566e-04
6.0445851195e-03
7.4879125231e-03
6.6645641928e-04
-9.0055399194e-04
6.9642932682e-03
8.6256629996e-03
-3.8563294342e-03
5.9977360845e-03
-8.8808227448e-03
1.7324895612e-03
-2.7959847758e-03
-2.4416004530e-03
-2.1063808570e-04
6.3927473406e-03
2.5950502146e-03
-1.6760058323e-03
7.1011594697e-03
-6.8234829433e-03
-6.1353614553e-03
-4.1232669732e-03
1.1845144992e-02
-2.6877143394e-03
-5.2231509347e-03
3.7937790055e-03
5.6156447076e-04
1.6186833666e-02
-8.7984053850e-03
-4.2038862298e-03
-6.7748693917e-03
-3.7372147049e-03
-8.6770043232e-03
-9.8498727082e-03
-6.4651377909e-04
-5.3801021919e-03
6.7154216196e-04
5.1321386823e-04
-1.0849898068e-02
4.2747923551e-04
-6.3394142881e-03
3.3849949179e-03
-6.6245591978e-03
-1.2965548878e-02
2.1415938015e-03
6.1726340975e-03
2.8082432094e-04
-6.6317659696e-03
-1.1747390081e-03
1.9527566302e-02
1.2452143587e-02
-9.1331528358e-04
6.4828704496e-03
-7.8433453213e-04
-3.4485107000e-03
-9.7600444426e-04
4.1751258788e-03
8.0762121793e-03
2.3519327597e-03
-1.7590846271e-03
-7.3772525548e-03
8.7845792287e-04
7.8524554978e-03
-3.5228776897e-03
1.4133451798e-03
-4.3724390999e-03
3.9042954643e-03
5.1215554040e-03
-4.7510106069e-03
-5.3895749056e-03
-3.2264441996e-03
9.2039516172e-03
1.7627338131e-03
-6.8606137027e-03
8.7280602561e-04
4.1866744328e-03
6.1563419835e-03
3.5972602845e-03
4.1616817324e-03
6.0649864844e-03
-8.5244874552e-03
-2.2827280069e-03
-5.7869223311e-03
-5.2137524066e-03
-6.4793865941e-03
4.6256724133e-03
-2.6101836169e-03
-2.1578754892e-03
1.6496733945e-03
-1.9988508016e-03
9.1466677813e-03
1.7061451576e-02
-6.1547402014e-04
-2.1591383340e-04
2.1560816175e-02
4.0347207189e-03
-7.7338862471e-03
1.4915849789e-02
1.6033388494e-03
-1.3953454937e-03
5.9021926179e-03
-2.5774787801e-03
4.1877604457e-03
3.1237857002e-03
-1.1092729348e-03
6.3091308991e-03
-1.4326482474e-02
2.1820676884e-03
2.0869381517e-03
-4.8127538248e-03
-1.1106834352e-02
8.1125879583e-03
1.1641686563e-02
-7.4310707055e-03
1.5784054150e-03
8.3449471697e-05
2.2844632727e-03
-2.0770618056e-03
2.1538244658e-03
6.2149408763e-03
8.5930863435e-04
1.1211417120e-02
-4.2800079234e-03
-1.5062408906e-03
-6.2141402837e-03
6.5096667516e-03
-3.7766460267e-03
-3.2111107316e-03
4.3467806953e-03
-6.4040764704e-03
-6.7757901092e-03
-5.6715890249e-03
-2.3430395893e-03
-6.0797310018e-03
-3.3231399363e-03
5.3990795558e-03
-9.2233776389e-04
-4.0901967950e-03
-3.1020677273e-03
-3.9013721518e-03
1.0717969141e-03
-3.5239392941e-03
8.1959420742e-03
-1.1517535456e-05
2.0216158298e-03
-6.2577442434e-03
-2.1915090679e-04
5.3380226989e-03
-7.6417553106e-03
5.7901098303e-03
-5.0248038004e-04
-1.9898647866e-04
4.3586345017e-03
8.0545736118e-03
2.7539232954e-03
6.9245008876e-03
-4.3192679265e-03
-4.2273047315e-03
-9.1165481234e-03
7.9225812321e-04
8.3289906480e-03
7.3283104980e-03
1.3145294315e-03
9.8389145952e-03
3.3032192981e-03
-4.3941573644e-03
-6.2932364610e-03
3.1336811638e-03
2.7796256902e-06
-1.0259194281e-02
2.2336371306e-03
-4.2206285876e-03
-1.4881087154e-03
-1.0115278671e-03
8.0200802360e-03
-7.4631315255e-03
-1.1726661026e-03
1.1089182731e-02
8.7568233650e-04
-1.2907678293e-02
7.3904198280e-03
-4.4850640294e-03
7.2302891223e-03
-7.9568515726e-03
9.5651269194e-03
-4.9011955476e-03
-4.1109991083e-03
8.9014765130e-04
-6.7792315615e-03
-5.4379874742e-03
-1.2320232620e-03
2.5952988010e-03
2.7131097056e-03
1.6766607432e-03
6.6961083749e-03
-2.4131476395e-03
3.8447636223e-03
-9.9632639111e-03
2.8158007139e-03
4.6048628942e-03
9.6583762743e-03
1.0313038222e-02
1.6533800105e-03
-5.3366498007e-03
3.2156938584e-03
2.1590757547e-02
7.7946677106e-03
-2.2890185226e-03
8.0269636613e-03
1.1486139126e-02
-4.3150113976e-03
4.5547258203e-03
4.8058372731e-03
2.2370511637e-03
-7.5871989713e-03
-2.1416247744e-03
-1.3494705805e-02
-1.9049284996e-03
-3.0699833795e-03
3.7760566322e-03
-7.0457071949e-04
3.6982687708e-03
5.7899321349e-03
7.2733274684e-03
5.7055845497e-03
5.5513207999e-04
-5.5760517552e-03
-1.4108342139e-03
-7.9359500215e-03
1.7474128267e-03
-9.5724211916e-04
6.6685490220e-04
3.8266858258e-03
-2.7962164444e-03
1.1712177904e-02
5.2911328490e-03
-3.3448525235e-03
1.2069916559e-03
1.6218869002e-02
8.1339730840e-03
1.8468202959e-03
2.2265452940e-03
1.5841387136e-03
-6.5266658638e-03
2.1448410027e-03
-2.8861099477e-03
-1.7734082621e-03
-5.0940242658e-04
-2.3487757917e-03
-9.7968924666e-03
-8.1260771576e-03
-8.0602892881e-03
1.0092357163e-02
-9.5009457825e-03
-5.6082786993e-03
5.1843873375e-04
1.1074459666e-02
1.6945445320e-02
4.8436880573e-04
-2.1819247137e-03
-2.5690840331e-03
7.4485747699e-03
4.4656677666e-05
1.1317110311e-03
-5.0990225973e-03
1.4106915726e-03
2.9602937760e-04
-8.2180704194e-03
-2.3540106757e-03
-1.1317318715e-02
-3.1868545450e-03
2.6238503034e-02
1.7209765744e-04
-6.0312858365e-03
9.4844935063e-03
4.5092833223e-03
6.0631653479e-03
2.6425416057e-03
-4.2854244761e-03
-1.8109138483e-03
-1.1500924061e-02
4.2474995583e-03
4.5716380604e-03
1.7273796744e-02
-5.7701818974e-03
-1.6486867253e-03
1.4083524618e-03
1.2377627133e-02
-6.0752150744e-03
-5.1111302117e-04
-2.7971883930e-03
6.8603444401e-03
1.9728052923e-03
2.4826660388e-02
-8.6080287141e-03
-1.6705380904e-03
-4.0843517266e-03
-7.0640935250e-04
1.6891267227e-03
1.1992843098e-02
6.9249675162e-04
4.9076335703e-03
-2.6799844799e-03
3.1593574613e-03
-7.2091014686e-03
1.4802420664e-02
-5.5390278951e-03
-1.5514731494e-03
-6.2906293183e-03
3.8205313636e-03
1.8780549919e-03
1.5374912593e-03
-2.6069351219e-03
8.8058700576e-03
3.5802421492e-03
8.2890951718e-03
-1.1419946482e-03
-5.5341330563e-03
-5.6675847812e-04
9.7980783500e-04
-4.7313029989e-03
-2.4231544516e-04
5.0930256555e-03
-1.6126553546e-03
-5.6947813393e-03
-3.8145302897e-03
2.2657280789e-03
-2.3697842515e-03
-4.8024034328e-03
-6.3959930908e-04
-6.4401780052e-03
-8.3083420540e-03
1.9135809655e-03
-2.9013847275e-03
-2.2641243114e-03
-2.8929089158e-03
-3.1339708895e-03
1.9063016273e-03
5.3647807206e-04
-1.0205272743e-03
8.5060020772e-03
-4.2528953072e-04
1.3886748757e-02
-1.4267353179e-04
-7.6107381189e-03
2.6204805106e-02
-4.1591060062e-03
-5.6625059321e-03
1.0814825060e-03
1.7623970109e-03
1.2505412185e-02
8.6620480157e-03
2.4409760664e-03
6.0679047082e-03
3.2787101668e-03
3.6935258000e-03
1.4927146883e-03
2.4224896164e-03
-6.2539480505e-03
9.2482223782e-03
-4.2664370253e-03
2.3724862721e-04
-3.6329638198e-03
5.4883279322e-03
-5.7201242320e-04
-1.4002431871e-03
-3.2059970609e-03
-1.9500007009e-03
1.1240282781e-02
-3.0920048150e-03
-2.1372978605e-03
1.3650934589e-02
3.7518867037e-03
-1.9349428827e-03
-2.9555420578e-03
6.3166081785e-03
-9.9741542893e-03
9.5096568933e-03
-5.1681791120e-04
-2.2044577146e-03
-5.4400176727e-03
6.4574033973e-04
1.0657245740e-02
-3.9772121671e-03
-2.4431948394e-04
-7.1949987933e-04
5.5674684103e-03
-1.9177912124e-03
1.9252964527e-02
-1.1852640138e-03
5.1614074042e-03
6.3735541196e-03
-1.2944711772e-03
-4.1278371588e-03
-7.1333203509e-03
-7.5101591140e-03
-3.8992289386e-03
4.1144559442e-03
-6.7620741401e-03
4.7895636614e-03
3.2811132188e-05
-6.1785287868e-03
-5.1325409587e-03
-9.4776366012e-04
1.2791158084e-02
3.3611348118e-04
5.6151774063e-03
-9.9137856460e-03
3.0797909640e-03
1.8423773316e-03
1.1753174408e-04
5.0269964475e-03
2.9374581779e-03
-3.9613516542e-03
1.3638325244e-02
-2.9108056174e-03
8.9191762560e-03
-8.0506463619e-04
-4.3401276942e-03
2.9165377408e-03
4.3010740625e-03
4.8724625174e-03
1.1484290352e-02
9.4377854626e-03
-1.9410199263e-03
-5.1488810409e-03
-4.5230522187e-04
-3.9257369865e-03
-6.5719631355e-03
-4.6173380956e-03
-1.0594498186e-02
4.3389618447e-03
-2.0739440222e-03
-5.2942939415e-04
5.1689982367e-03
-7.7891942323e-03
8.6766394777e-03
4.0754451320e-03
-5.3983978336e-03
3.6702044650e-03
-6.8386187580e-03
-5.4530618970e-03
-3.1079310796e-04
4.2488866833e-03
-5.3371566616e-03
-7.4097107382e-03
-3.7320973549e-03
-6.1696525810e-03
-7.0426014158e-03
-5.1807341165e-04
-1.1782221047e-02
-7.3998612037e-03
-1.2376600813e-03
-5.5122414865e-04
-3.1453452877e-04
-7.9119474124e-03
3.8091003378e-04
3.4857711630e-05
-1.3553517931e-02
5.9363913782e-03
-1.1127678249e-02
4.3035042885e-03
7.4827320917e-03
3.6571713596e-04
1.0867221585e-02
-1.9243411504e-03
-2.3018176291e-04
-5.7119968510e-03
-2.3722162187e-04
2.6529076467e-03
-4.1530091420e-03
5.8442897682e-03
-8.2012762089e-03
-1.4335396099e-03
1.2461311241e-02
-6.8200493387e-03
6.0044289694e-03
7.4209553795e-03
8.9532796388e-04
4.7984264015e-03
-3.6074178066e-03
1.1415133234e-02
-5.5560450868e-04
-4.9920925372e-03
-7.3754725258e-04
-4.4937989628e-03
4.2357045320e-03
-4.3311618904e-04
7.9558509359e-03
-1.5915271262e-03
-1.2128305253e-03
7.5750863582e-05
-6.1245218459e-03
2.9698565415e-04
-6.1710266539e-03
-3.2626142961e-03
7.6016373386e-05
8.7423027013e-03
1.2822782882e-03
-2.4267981258e-03
-1.0095037493e-02
-3.3987001360e-03
1.4167310234e-02
2.9003657611e-03
-1.3116787841e-03
-4.0588790097e-03
3.4454528531e-03
-1.7611176941e-03
-3.7476835682e-03
-1.7436026091e-03
1.1049871832e-02
9.3143903681e-03
-2.9818346483e-03
1.2556832030e-04
-1.7107710009e-03
8.5440454613e-05
-7.4888025449e-03
-7.1130681308e-03
1.3219723523e-02
2.7173435337e-03
-3.2299519584e-03
-8.3603619326e-03
-6.9513972454e-03
-8.6277687257e-03
9.0556143909e-03
4.8083437080e-03
3.8462223927e-03
1.4015782627e-03
7.0381615665e-03
-7.1133683139e-03
-6.6209261242e-03
6.4053996408e-03
-2.1015029009e-03
3.6314749896e-04
7.4236049665e-03
5.9876243643e-03
8.8865995587e-03
3.4326917053e-03
1.1837704503e-02
6.7663157381e-03
9.0316461120e-03
-6.9973641349e-03
-2.8829368595e-03
9.0566361638e-03
-4.6715013356e-03
-7.5156905070e-03
-1.0520008036e-03
-7.0905862038e-04
-1.3234822597e-03
-1.6520203197e-03
-6.9211359348e-03
-3.3802607895e-03
-1.2318853592e-03
1.6577778292e-02
3.3109771021e-03
5.6180396904e-03
2.7595116997e-03
-2.5263151079e-03
-2.3308799490e-03
1.2867498307e-02
-3.5838507948e-03
6.0719920030e-03
3.8459791480e-03
1.0911441616e-02
-1.5195379669e-04
-7.5292948575e-03
-5.1017576896e-03
4.8509904864e-03
-3.2716036913e-03
6.9645813615e-03
8.8255277646e-03
-2.3365011279e-04
-6.7943756465e-03
1.1779460348e-02
4.5615305312e-03
1.5286781134e-03
-3.9262020658e-03
-8.2184841861e-03
4.3438798928e-03
-8.7431739820e-03
1.1717679230e-02
-8.1827940978e-03
5.4433955774e-03
-5.3096854845e-03
1.4316227344e-02
5.8778831682e-03
1.4259617051e-02
-7.2350003135e-03
2.8556436319e-03
2.3127511310e-03
3.5607177652e-03
-5.6840747147e-03
1.2178624038e-02
-5.9121573453e-03
-3.1155704983e-03
-3.0923604480e-03
-8.5163426693e-03
-8.0438979797e-03
-3.0712963034e-03
-6.8324514633e-03
9.2545557545e-04
8.0405606446e-04
-1.1134653008e-02
-1.5440858041e-03
6.6965157167e-04
1.6142444146e-03
-2.6011319479e-03
4.7273254867e-03
6.1110143834e-04
7.5824619846e-03
-7.0526509157e-04
-2.3738865847e-03
1.1168680683e-03
8.2102416182e-03
-1.5693998446e-03
-2.3818259362e-03
5.5195418348e-04
9.6362752261e-03
-4.1119256315e-03
2.1029200191e-03
7.3349474102e-03
1.0987872404e-02
-4.4003266830e-04
2.9023453493e-03
2.6551355616e-03
-4.8022383000e-03
6.1611294274e-03
-4.5996750228e-03
7.4280224146e-03
1.7185899529e-02
-5.1320664257e-03
5.5991228158e-03
1.2011260732e-02
9.3161334724e-03
-8.4837289971e-03
-8.5520466938e-03
-6.3395796650e-03
-6.7937611173e-03
2.4579733719e-03
-2.9707120704e-03
-2.8612316553e-03
3.1721530158e-03
1.4733040518e-02
-2.9278257590e-04
4.7153292475e-03
1.2326567858e-03
-5.5135509576e-03
-5.5198726314e-03
3.4023637744e-03
7.1160633111e-03
2.7890614616e-05
-3.3157541023e-03
-6.1077301306e-03
4.4775654774e-04
-7.1259824182e-03
2.7511312531e-03
1.9272093283e-04
1.1705575251e-03
-7.5677484241e-03
-1.9855101466e-04
-1.1662805314e-03
-9.2821578814e-05
1.2010293439e-02
1.8983156744e-02
9.3668601863e-04
2.7088281939e-03
1.3227572725e-02
-7.7521853306e-03
-9.2376332002e-03
-6.2872381535e-04
-3.4946535832e-03
-6.0239134057e-03
-4.7780274267e-03
-7.1795098831e-03
2.9819521850e-03
4.3894687354e-03
-3.6390961823e-03
-8.1350858330e-03
-2.1219504295e-03
7.3685143826e-03
4.3456175735e-03
-9.5796915807e-03
-1.7781366500e-03
-2.0483080061e-03
1.1641522199e-02
5.3513678412e-03
2.5967101122e-03
2.3987464448e-04
-1.2141315145e-03
1.8249600790e-03
-5.9819120512e-03
1.5289590456e-03
-3.1165642705e-03
3.9695336633e-03
-1.0508295618e-02
2.7678784123e-02
-1.1161255440e-03
1.9827313855e-02
1.7741577153e-04
8.0664757411e-03
-2.9709625008e-03
4.7934759629e-03
-9.2448336615e-04
-1.3376579369e-03
1.0098101782e-03
-5.8837467655e-03
-9.9472549920e-03
-1.4709367719e-02
-5.8119913288e-03
1.7603755925e-02
-8.6878414573e-04
-5.8808612749e-03
3.1797271862e-03
-3.9870194325e-03
4.2332074041e-03
-9.9325303004e-03
-4.1167657219e-03
-2.7250625186e-03
-2.0572698331e-03
6.1408678863e-03
-3.6872285130e-03
-1.8261172284e-03
-1.4338335876e-03
2.0123136342e-02
-2.6479680837e-04
-2.7378159988e-03
-4.0100179964e-03
-5.3487440270e-03
-2.1088712127e-03
1.0762747257e-02
1.1332350632e-02
4.2043974828e-03
-1.5528944778e-03
2.8652768803e-03
2.8198222112e-03
-3.2969918834e-03
-1.0585236975e-02
2.5989546425e-03
8.9243452545e-03
-7.2712945430e-03
2.2272283615e-03
-4.5978169336e-03
-7.4778014924e-03
6.6312170466e-04
-6.4343702657e-04
-5.9135035025e-03
6.1641923703e-03
-1.1987001685e-03
4.3949938532e-03
1.9900966864e-03
-3.5217894197e-04
9.8396583524e-03
2.8342956082e-03
4.5248114223e-03
-2.8666090044e-03
6.5452128461e-04
-8.9727457323e-04
1.0415713373e-03
7.4120166727e-03
-2.4241160306e-03
-4.9640601708e-03
-1.6415092523e-03
2.8085373047e-03
5.9928367315e-03
-3.5552119236e-03
1.1470970433e-03
-4.5976307568e-03
-3.3101917411e-03
4.5660050916e-04
5.5496243112e-03
-9.5103407899e-04
-3.9229878259e-03
-2.7363699463e-03
4.9955482087e-03
6.2204932565e-03
7.8686754898e-03
-9.6713416073e-03
4.7180403204e-03
8.4112928500e-04
-7.7804838743e-03
-1.0079073446e-03
-4.6101589836e-03
-9.5067842541e-04
-1.3044893324e-03
5.3643812753e-03
-8.4591688689e-03
-9.1589736575e-05
-4.4193702579e-03
7.8646734742e-03
-5.8222529166e-03
-1.9360150726e-03
-9.7178940827e-03
8.8584672365e-03
-7.0432530144e-03
-4.6082075365e-03
-3.8186045730e-03
3.1835076151e-02
-3.2713864693e-03
1.9357714255e-03
-1.4853147535e-03
7.9914505469e-03
-5.5431285358e-04
-7.5917867615e-03
-1.4368914049e-03
-4.8249240612e-03
-6.2612727337e-03
1.0632844413e-03
9.0217310344e-03
8.9604471877e-03
-4.9043072854e-03
7.6886594317e-03
4.5792729952e-03
9.5592820442e-03
-9.3415927372e-04
7.8687589022e-04
-8.1689122393e-03
-1.8582643084e-03
-4.2203200726e-03
-2.6480475538e-05
8.8441480160e-03
-2.1327531862e-04
-6.2388610445e-03
-6.6504037910e-03
7.2028287125e-03
4.5425783617e-03
8.2631040309e-04
-8.1389415423e-03
-5.8435280325e-03
3.1958473200e-03
4.2784122300e-03
3.0110717357e-03
3.8848985651e-03
-8.4376678628e-03
-3.1309715878e-03
6.0485136176e-03
-2.0301837643e-03
-2.9573846853e-03
8.6945472491e-03
-2.7987003034e-03
-4.4193922904e-03
1.3711651915e-02
-7.2870373843e-03
-3.2672189800e-03
1.0964057295e-02
-3.6042388331e-03
1.5027528712e-03
-2.0039189943e-03
-2.9563629921e-03
-2.2371136911e-03
-4.2094544687e-03
1.5372640341e-02
5.5287795397e-04
3.6250595657e-03
4.4839374578e-03
-2.8524355887e-04
-3.9638077628e-03
-5.0021286147e-03
-3.2032855589e-04
7.3421151925e-03
-3.5453722199e-03
-8.3695723383e-03
-1.5852202961e-03
-3.9678690248e-03
-5.6595650332e-03
-2.2849131308e-03
8.9244114605e-03
2.3230628762e-03
-4.3071350808e-04
-6.1751862957e-03
-7.3469514384e-03
6.7470951272e-03
4.2643367787e-03
-1.9750944031e-03
-6.6579263221e-03
-1.2584780996e-03
-1.8128464484e-03
4.7291379234e-03
9.4344075461e-03
-3.1592892318e-04
6.6102260705e-03
-2.5176577632e-03
-7.2141724866e-03
2.1866437504e-04
-5.0066779094e-05
-6.6901509980e-03
2.6161241423e-03
-1.7393716908e-04
-5.1704619409e-03
-3.4738666326e-03
-4.0702767704e-03
1.5440141810e-02
4.4208719199e-03
4.5907834465e-03
8.9839107053e-03
-8.0362641044e-03
-4.3654228455e-03
3.7088162984e-03
1.8814244033e-03
1.9868814922e-03
-7.7013683606e-03
6.8893645950e-03
6.5119894765e-03
-9.4783288505e-03
-2.3078666084e-03
9.5286883661e-03
1.3687387733e-02
-7.3982680017e-03
3.3514891641e-03
1.2489181560e-03
7.6124311659e-03
2.5616164638e-03
-9.6269256243e-04
2.1227964985e-03
-4.9071548046e-04
1.2440523026e-03
-3.9746434673e-03
-5.9717079936e-03
-5.6175891481e-03
1.2069784191e-03
2.4452194437e-03
-8.8050972471e-03
-3.0757796846e-03
-9.1308929294e-03
3.1133086217e-03
-8.8504055105e-03
-3.8176898702e-03
-4.9513990093e-03
-8.2453464564e-03
-6.5212520916e-03
9.3326233615e-04
-6.0055452194e-03
1.6708041605e-03
-8.3941350330e-03
-1.1910217475e-03
-8.8200585075e-03
2.3420715132e-03
-3.0500901339e-03
-4.9218806167e-03
8.9906628913e-03
6.9019113252e-03
-1.6788439943e-03
8.4907547493e-03
-4.1895721907e-03
4.7482552037e-03
-2.2289974561e-03
-1.3354132067e-03
-1.0723770257e-03
5.7684433272e-03
-7.1209350773e-04
-1.9923595039e-03
2.8052924600e-03
-8.6201845578e-03
7.2618907777e-03
-1.0145376379e-02
-8.5115216065e-03
3.7301700296e-03
5.5391577641e-03
7.9477187887e-03
-4.2822417568e-03
-3.6334039505e-03
-3.0100192631e-03
-3.2356738275e-03
-4.4698799089e-03
2.0078557558e-03
-1.0540662067e-02
5.1060813580e-03
-5.7382226261e-03
1.4001632588e-02
-1.4294763071e-03
-3.0549757986e-03
4.1894165407e-03
-5.5696230793e-03
7.3130459250e-03
3.0515461092e-03
-5.5193943644e-03
-2.6472247926e-03
-4.5073941620e-03
-3.6955141589e-03
-9.0276461240e-03
-4.3384913879e-04
-3.9318329831e-03
-6.7669791709e-03
-3.1749897105e-03
-9.0740056045e-04
2.9738348122e-03
-1.9794721893e-04
7.7255366963e-03
5.8369142498e-03
1.4251051849e-02
-4.3601694038e-03
3.7026412462e-03
-6.9144413968e-03
-6.1889113350e-04
-6.4808935763e-03
-3.9979971056e-03
-1.0873187242e-03
-2.6506719462e-03
-2.9919547474e-03
2.9047125188e-03
-3.6167852245e-04
3.4028510865e-03
-1.8079383644e-03
-3.0178172678e-03
-8.8005215727e-04
3.5327956036e-03
-4.1028356829e-03
-1.7471924813e-03
-2.5835320539e-03
-5.1196781793e-03
-5.4586428398e-03
-3.7473967978e-03
9.9892124520e-04
3.5271958239e-03
-5.5185083518e-03
-1.3011434826e-04
-1.5079790531e-03
-5.7033862641e-04
-8.0036755974e-03
-9.6162777664e-04
-1.9415149506e-03
1.1116128912e-02
4.4115309392e-03
1.0857698495e-02
4.9107423035e-03
-5.1515777317e-03
-2.6679383687e-03
5.8343811579e-04
1.4340653457e-02
3.1266714929e-03
1.4938000834e-02
8.1101148835e-04
7.8582364311e-03
-5.3723667492e-03
5.0323144440e-04
4.8672482479e-03
-7.3394730266e-03
1.4609314085e-03
2.2956269083e-03
1.5414328847e-02
-2.3400573611e-03
-5.0804265349e-03
-4.2104589664e-03
-4.5273845464e-04
-8.3961568009e-03
-9.2037590297e-03
7.1007100128e-03
-1.3481051437e-02
-8.3156962824e-04
-4.6808844637e-03
-5.9771564780e-03
1.0743011458e-03
-7.7362188362e-04
-3.3226116374e-03
3.3028222233e-03
2.3142447137e-04
-4.3868771343e-03
-1.9025472809e-03
1.2488781353e-02
8.6407061222e-04
-3.4674700496e-03
-3.6976009305e-03
5.8628718438e-03
1.6586603062e-03
5.7999050815e-03
2.0703216408e-03
-4.3662642300e-03
2.1860708531e-03
-1.8972069565e-03
-6.8876673462e-03
-3.4761188481e-03
3.3804765500e-03
1.3960263360e-02
2.4788035998e-03
4.7900451808e-04
-6.0506399274e-03
1.6842992202e-03
-5.4512795145e-03
-2.1076754473e-03
-4.0095953901e-03
-7.3230563399e-04
-6.6010665440e-03
8.9831820465e-03
5.3937780390e-03
-1.0753855364e-03
-3.5801731189e-03
-2.4362733669e-03
1.8528222302e-03
1.5518257482e-03
-6.4715949556e-03
4.0301937015e-03
-4.3303956090e-03
7.3560007235e-04
5.2027880582e-03
-4.6982129706e-03
-2.8406376011e-03
7.1727900686e-03
-8.2260043420e-03
-7.5598611720e-05
2.0720864136e-03
2.3815419931e-03
9.6326344422e-03
1.8062964113e-03
-7.4461981244e-04
-3.3104535444e-03
3.4891854706e-03
1.6909515023e-03
5.8587449993e-04
-2.5332799422e-03
2.4739763564e-04
-3.3888776721e-03
4.0525312396e-03
-1.5975272771e-03
-5.5082281647e-03
-1.0957746418e-02
1.3381099969e-03
-7.2191790235e-03
-5.3892260132e-04
-4.0155469425e-04
-1.9227172852e-03
1.7999835610e-03
1.0813542082e-02
1.0464992840e-04
-5.8269597178e-04
-1.1285913311e-04
8.2453555057e-03
-9.1819118864e-03
-1.1919352125e-03
5.4609248246e-03
1.1765508259e-03
6.5079501180e-03
4.3174148155e-03
-9.4359584694e-03
6.6148191895e-03
-1.0499870511e-02
-7.4973827026e-04
2.1533987124e-03
8.2347392190e-04
1.2478525639e-03
2.1572568724e-03
-4.4542658768e-03
5.2324238837e-04
-2.3635305803e-03
1.7803303923e-03
1.2139169758e-03
5.2109995162e-03
-8.1182110368e-04
1.4596369964e-03
-2.4544440064e-03
-2.0430778211e-03
-2.0803749017e-03
6.7501700018e-03
-5.0541063257e-03
6.7577204425e-03
2.3833668834e-03
-7.9253941237e-03
7.2684744465e-03
-4.0382295859e-03
-7.6368076977e-03
8.8661497656e-03
2.6100329269e-02
-2.8081524395e-03
1.0092588170e-02
1.1017247418e-02
-5.2566413231e-03
5.6065306373e-03
-7.2143426579e-03
5.1767200985e-03
-3.6988600787e-03
-2.5654561117e-03
-4.7073693141e-04
8.4144458891e-03
-7.9942902130e-03
6.1289026392e-03
3.0336979432e-03
1.7644085395e-03
-8.2289218745e-03
-2.9978162471e-03
-7.0315088394e-04
-9.4448821573e-04
2.5237881814e-03
-4.3373945619e-03
5.1524524976e-03
1.4924245398e-03
1.4629426892e-02
2.8720035835e-03
1.3116711243e-02
-1.1643765455e-03
-4.0530752862e-03
8.2158324684e-03
-3.3758959493e-03
2.7937585867e-03
3.3949266046e-04
-7.4591986308e-03
-3.0996671334e-03
1.3157815182e-02
3.6153816407e-03
-5.6712727904e-03
-7.7161615144e-03
5.2350182793e-03
-4.5933768628e-03
-3.8615772003e-03
1.0064337491e-02
-4.2012905584e-04
-9.2861161145e-03
8.7164338445e-03
-1.0090441105e-02
-1.9802006941e-03
4.6457618038e-04
1.0482524283e-02
-6.1397504272e-03
-3.1940676067e-03
1.6533307252e-02
-4.8077202817e-03
-4.4639589670e-03
2.3939709054e-03
5.4448123996e-03
-4.3808352496e-03
2.9357332778e-03
5.0175872152e-03
3.8473806096e-03
-1.4414150491e-03
-1.0610930799e-03
-6.3769739151e-03
-5.4888844506e-03
-8.7192111397e-03
-6.0596809275e-03
-2.1511724211e-03
1.0972854065e-03
-9.1365991705e-04
6.0325697299e-03
-2.4358756644e-03
4.8554294013e-03
-8.1630576691e-03
2.5706094075e-03
9.4530599028e-03
4.8565494909e-03
-7.7808809686e-03
5.0901095792e-03
-4.1222241887e-03
5.2670675764e-03
1.2349351990e-02
-9.6861037051e-04
2.8537481537e-03
-5.7286596484e-03
-6.1405921920e-03
6.3003259329e-03
-2.6486238341e-03
-3.6287586683e-03
-1.3690271102e-03
-3.9221095411e-03
-3.9805432633e-03
1.5280135607e-02
5.5530771352e-03
3.0782015590e-03
8.5374547187e-03
-6.6755834395e-03
-3.3678605324e-03
4.9387062906e-03
6.0828795513e-03
-2.5824272506e-03
-5.0346892896e-03
5.8999982450e-03
2.8984987810e-03
-2.9677269936e-03
-6.7611456812e-03
-7.3551596714e-03
-4.3668829243e-03
-4.9023322260e-03
-2.5305871541e-03
-1.0533792351e-02
6.5597716095e-03
2.4409687157e-03
3.3524335102e-03
-5.0611775358e-03
-2.6965268669e-03
-3.6494907529e-03
6.6861089361e-03
-1.3083322451e-03
-5.9529783765e-03
1.1745678284e-03
1.3869209190e-03
5.0130665195e-03
-1.5544036277e-03
-1.3484245376e-03
-8.1534836400e-03
-3.6292541708e-03
8.0318785144e-03
3.4941116899e-03
1.0169086795e-02
1.5272678485e-03
-7.0871748097e-03
-2.2919241838e-03
-4.9013566411e-04
2.4677402234e-03
-1.1848573948e-02
9.3900445867e-04
-2.7123341221e-03
-4.4600753244e-03
-3.5397007849e-03
9.2250400832e-03
-2.8572637476e-03
6.0138734930e-03
4.9191307330e-03
2.5889072604e-03
6.8767906183e-03
-7.8660248998e-04
1.1878640696e-02
-1.0136601889e-02
-4.0924898477e-03
1.3514417665e-03
7.7605091789e-05
3.4097884355e-03
-5.6373065229e-03
-1.0705185994e-02
-1.9435160627e-03
-1.3476423288e-03
-7.3878693450e-03
-5.0284893332e-04
2.9197725431e-03
5.1957401443e-04
1.4101348211e-03
2.9316316914e-03
2.1998958699e-03
4.3337961557e-03
5.7883299103e-03
8.3357878012e-04
1.1130620988e-03
1.0623993511e-03
-2.7974452753e-04
2.1973699707e-03
-3.7736332785e-03
-9.0410186354e-03
-4.1479899069e-03
2.3715708322e-03
7.2313953248e-03
4.0790096798e-03
-7.6831681403e-03
-8.5421334316e-03
-5.7649146322e-03
1.4516296156e-02
1.5034104138e-02
1.3021767016e-02
-3.9294477636e-03
-1.5820508411e-03
-2.0143269743e-03
-1.6278972503e-03
-4.1975028597e-03
-5.3571503095e-03
5.6497314108e-03
4.4868913141e-03
8.9422854487e-03
6.6037746509e-04
5.7912917101e-03
3.2986676309e-03
6.6930124561e-04
3.0019396792e-03
-8.2248602888e-03
-5.8233110447e-03
4.0027402984e-03
1.7338081165e-03
1.0781694922e-02
-1.0735914715e-04
4.4578144769e-03
3.9663101339e-03
8.3094322235e-03
-4.7067338541e-03
1.3282552327e-02
-2.6745351035e-03
-2.3020703632e-03
-3.3755893771e-03
-2.8912589032e-03
8.1422361567e-03
-7.8371270071e-03
-7.8987342114e-03
1.9771529717e-03
-3.9263974715e-03
-5.0611100179e-03
-3.6581181512e-03
6.3665696662e-03
-3.2500816638e-03
-8.9293122509e-04
2.7826500862e-03
-1.2527131653e-02
-7.0689532748e-03
-5.9409810934e-03
-2.3991977124e-03
-1.0446769159e-03
9.1581055154e-03
6.5561648768e-03
-6.5025724514e-03
-9.4515029160e-03
1.0823270073e-02
6.8419355994e-03
-2.2609750283e-03
9.4772302946e-03
3.5395884142e-03
6.2868721115e-03
2.1604963153e-03
-8.9787103887e-03
-4.3281339425e-03
-5.4781694287e-03
-3.7366588210e-03
1.5587426411e-03
-3.8584295831e-03
-1.0916817318e-02
1.6810006332e-03
-3.3467113202e-03
-9.5531659451e-05
-2.0853371628e-03
6.6656302965e-03
1.8769106140e-02
-7.6157620726e-03
3.9125118803e-04
9.2821075314e-04
1.9654857291e-03
2.3464067915e-03
-4.7493114264e-03
-7.8161059437e-03
5.1537888725e-03
9.4016615034e-03
6.4593343926e-04
-8.0606170653e-03
1.4689471250e-02
-3.4990746911e-03
2.6055824893e-03
-1.1791381118e-03
1.6104449198e-03
5.8016114659e-03
1.8876610554e-02
5.8039201285e-03
-1.8824252889e-03
-5.5527258665e-03
-5.2834548770e-03
3.8466185149e-03
-8.3757414927e-03
4.3025524935e-04
8.8653223476e-03
-4.7756712240e-03
3.2408001056e-04
4.2709106628e-03
1.8816790218e-02
2.0343419401e-04
8.1932016651e-03
-7.5484394727e-03
-3.9275756326e-03
-2.3880158706e-03
5.4431999161e-03
1.5183505727e-03
-4.4106338096e-04
-3.8151790572e-03
7.1096605150e-03
-3.5174298706e-03
-7.4809785075e-03
2.9663168252e-03
-4.4442615802e-03
7.2243287214e-03
-1.7134882393e-03
-7.1160863960e-03
1.1228679393e-02
-1.8264012137e-03
-1.2072272390e-03
3.0216730190e-04
-3.6300495888e-04
5.3325614853e-03
6.4541477920e-03
-5.4856269298e-03
-1.4920046190e-03
-2.3051487678e-03
-3.7341735704e-03
-3.3199863517e-04
4.3396901957e-03
-8.0798236550e-04
1.3254555277e-02
-1.6418901800e-03
-3.8781254827e-03
-4.6147611118e-03
3.8271318935e-03
-2.8837598328e-03
7.3326102168e-03
-6.6190208630e-03
-4.3386665518e-03
5.3866135309e-03
1.5463711765e-02
-3.0914606420e-03
-1.9506419311e-03
2.8465000414e-03
-6.4467926444e-04
7.0279112040e-03
-1.3100061380e-03
-6.5847007252e-03
9.0967852002e-03
6.7419275754e-03
-4.9992376641e-04
7.3576709229e-03
-5.3171003532e-03
-1.0031905519e-03
3.4564429756e-03
-6.3110006383e-03
-4.7863499365e-03
1.7446321095e-03
-6.3370013633e-03
6.1167865143e-03
-5.6660262065e-03
8.7377654523e-04
4.7010000230e-03
-2.2543268059e-04
1.6676784708e-02
-4.1675988126e-03
-2.2986128749e-04
-4.0204402285e-04
-2.3442561375e-04
-2.8509345822e-03
1.9602572244e-03
-6.2576210617e-04
-5.9461176647e-03
5.1929440806e-03
4.9044803017e-03
7.7824739716e-04
-3.0189061400e-03
9.7044713091e-03
-7.0199367308e-03
-2.3349078856e-03
5.0674558368e-03
-5.7874247039e-03
1.4926435505e-03
-1.2388885646e-03
3.7144527957e-03
1.3395443503e-02
5.0191661213e-03
-8.3711078699e-03
-2.8302551969e-03
-9.4590511004e-03
1.5110470568e-02
3.3103938775e-03
6.1027359353e-03
4.5811962199e-03
6.3161934070e-03
-2.5200741071e-03
-4.6109047339e-04
-7.4931907629e-03
-2.8273199794e-03
4.2831917491e-03
-3.0721539578e-03
-3.6869058439e-03
-4.7811168467e-03
2.4426716040e-03
1.3859282108e-02
-5.1943155133e-03
-3.7797384984e-03
3.0278777015e-03
1.1267831966e-03
-4.7893535160e-03
3.6690749353e-03
3.9461200255e-03
-3.2316786402e-03
-1.5411251957e-03
-7.3761226914e-03
-2.6436622981e-03
4.1653564355e-03
-6.9639834460e-03
6.5182915602e-03
-6.6558577781e-03
3.0556459128e-03
1.9235878170e-02
-3.0171694916e-03
3.0998910576e-03
-2.2257122722e-03
8.9333685938e-03
3.2359995141e-04
-2.8921097889e-03
-5.9817024098e-03
4.9169435836e-03
7.1249578307e-04
-4.2812886048e-03
-7.0869212309e-03
-7.2386339144e-03
-4.9018776270e-03
-7.7274542565e-03
-8.4037288319e-03
2.6076227936e-03
1.1304010575e-02
-4.5149628756e-03
-8.3241223998e-03
-1.5235921220e-03
6.1703670336e-03
-2.9413960303e-03
1.8245336931e-02
6.3212181344e-03
4.1071388909e-03
3.1236411247e-03
1.0051433648e-02
-2.1967068091e-03
7.8206419702e-03
-7.9391931304e-03
-1.4208780432e-03
-4.2982253203e-03
-3.9115982461e-03
1.2854764428e-04
3.6477097201e-03
-6.7615924763e-03
3.4833652960e-03
-2.3647316483e-03
-6.2277373848e-03
-6.8542075212e-03
9.7955055122e-04
3.2873336623e-03
-5.7081829496e-03
6.8453247345e-03
-3.9729705096e-03
7.9378290590e-03
2.8073748174e-03
4.7855869581e-03
6.4703004927e-04
-4.6577877482e-03
-6.4892240675e-04
8.1089223286e-03
4.0419416094e-03
1.3547692353e-03
-7.5885473807e-03
2.5128109424e-04
6.9256656323e-03
1.9827582541e-03
3.1713430786e-03
6.8367548120e-04
2.0518955542e-03
2.9322253549e-03
-2.0208666867e-03
-1.3291533822e-03
-3.3634934546e-03
-1.0483909590e-02
-1.5445255719e-03
-7.4232360206e-03
1.8854940025e-03
-9.2813179535e-03
-7.9854297065e-04
6.7887260242e-03
3.3796274749e-03
9.2806493445e-03
-4.8698996912e-03
-2.4287312604e-03
-1.0911720464e-03
-7.4879696075e-03
-6.4816009571e-04
-2.9695286452e-03
8.9582598964e-03
-2.4390924598e-03
-2.9097743804e-03
-1.8658794782e-03
2.3876277132e-03
1.4191296620e-02
3.8324105060e-03
-1.4575452663e-03
2.2814675444e-03
1.0814984979e-03
-6.4070859407e-03
-6.0694528727e-03
-8.2201563387e-03
4.6955591637e-04
-7.5134241139e-04
5.4999863569e-03
-8.5350834264e-03
2.6223211394e-03
9.4115676637e-03
-1.9217060667e-03
-6.1173492537e-03
-1.4686384098e-03
4.9056901650e-03
2.3751618167e-03
5.9752979327e-03
-5.6867203085e-03
-2.1261818154e-03
-2.4776515204e-03
-1.1603774442e-04
-8.6241048931e-03
2.4096209382e-02
1.1259078608e-02
2.1376016799e-03
5.6587710577e-03
6.9220293085e-05
-5.0573592266e-03
-3.9311834630e-03
4.2956553191e-03
-8.4637857627e-03
-3.2961863986e-03
6.3702847416e-03
-7.6721441123e-03
-8.3629870583e-03
-1.5655260195e-03
-7.6288929448e-03
-4.4574037922e-03
2.3012784372e-04
1.3010885956e-03
-6.3107867174e-03
1.5902230944e-03
3.7791575022e-04
-5.3901090938e-03
-6.9711351504e-03
-1.6024470161e-03
3.1420779518e-04
-5.0344051595e-03
-2.8019260249e-03
5.0285870472e-04
1.5748483182e-02
3.0484832882e-03
-6.4698991248e-03
2.6356510217e-03
-1.1201191888e-02
4.2173886616e-03
-2.3956069942e-03
-9.3446037740e-04
-1.2593704689e-03
2.0519965421e-02
-5.4634510360e-03
-1.2481170930e-03
-5.3520186372e-03
-1.2154761164e-03
2.6026340019e-03
3.0966104074e-03
1.7480633015e-03
-3.9718920482e-03
4.2334122443e-04
7.7855992466e-03
5.3047658063e-03
-3.5713071111e-03
6.4781258308e-03
-2.2880881571e-03
-1.0828752545e-03
-2.6791303099e-03
-2.6212461240e-03
9.1011433146e-04
-5.5067930411e-03
3.1921516017e-05
-2.0878674740e-03
-1.1257581873e-03
8.4997500876e-03
1.6414267888e-03
-3.5892933660e-03
8.3947428181e-03
2.1544839050e-03
-7.3847990507e-03
-7.9937995317e-03
1.1685893345e-02
-5.5080116032e-03
2.7107248930e-03
4.6397619262e-03
-6.3763021908e-03
6.0803362164e-03
-5.9870750507e-03
3.3495675213e-04
-2.1268221263e-03
7.0043611220e-04
-3.4707458196e-03
1.7976176253e-04
-4.2777908696e-03
-2.2967727581e-03
-1.6344153273e-03
1.2122770118e-02
6.8925321075e-03
-7.0301346428e-03
-5.2993284553e-03
-2.2180213402e-03
4.9713023680e-03
1.0806705540e-03
-7.3224821680e-03
5.3172706703e-03
-1.9451900579e-03
-2.6127197329e-03
1.9611365364e-03
1.8165426337e-03
-5.3103633159e-05
2.4027372225e-03
-5.9305097036e-03
2.9341756351e-03
-1.4563509613e-03
7.2529443322e-03
3.2330609312e-03
-3.2495070026e-03
4.9344028421e-04
-6.9784847102e-03
4.3292051712e-03
1.8557176111e-04
3.6327217729e-03
-5.5226483930e-03
1.6900862304e-02
-8.5741753169e-03
2.2978088920e-03
2.4667950611e-03
-3.8728296195e-03
-6.4534772073e-03
-2.7225798080e-04
-1.3716731689e-03
-5.6900021011e-03
-1.7080684175e-03
-3.7418166368e-03
6.8803694007e-03
1.7120391195e-02
1.1079540137e-02
2.3076562393e-03
2.9353269789e-03
4.5718032056e-03
-1.1631002808e-03
3.0993171686e-03
-1.6418349676e-03
2.4665614019e-03
1.2286843482e-02
4.3703362046e-03
4.8030081678e-03
2.7501585854e-03
-1.0055383844e-03
3.9439084918e-03
1.5228503930e-03
-3.2902008416e-03
5.0446338935e-03
4.6743820519e-03
-1.1183939108e-02
-7.6971664918e-03
-5.8632716019e-04
-4.1692002343e-03
-3.7096414803e-03
-8.4676749430e-03
8.5942164435e-03
5.8171013196e-03
1.1187810149e-02
4.8326974230e-03
-2.7593222628e-03
-2.4204721392e-03
-5.9511136982e-04
2.0471966933e-03
3.6237773291e-03
-5.1010415148e-03
1.8937340535e-03
-7.6786694934e-03
-8.4300517219e-03
-3.8531401402e-03
2.2770322019e-03
3.9062163207e-03
6.7198466474e-04
2.1184668630e-03
3.1869902346e-03
1.1721305631e-04
3.9878145055e-03
-1.0673778243e-02
-5.8792037189e-03
-2.0398212508e-03
-3.2332883563e-03
-4.3959726535e-03
2.3192181361e-03
2.2003492327e-03
-5.7680200439e-03
2.0817510038e-03
3.5686843685e-03
6.7624931629e-04
-4.7596263344e-03
-7.3086464395e-03
2.4649537079e-03
1.1649269931e-02
-1.3130746324e-03
4.5787652931e-04
1.1570737808e-02
4.7504326997e-03
-8.2900186525e-03
2.0979027105e-03
-1.2910109901e-03
9.7268296719e-03
2.0645180203e-03
5.2662519686e-03
2.8195376783e-03
4.7717617728e-03
9.3478018570e-03
-1.2191078545e-03
-4.4796298245e-03
-3.1907970914e-03
1.0183207506e-03
-1.4719608784e-03
3.1576151992e-03
6.9128367764e-03
-7.4910868975e-03
7.6181769250e-06
-1.0781729167e-02
-6.0120768584e-03
-4.9627119278e-04
-1.0802611180e-02
3.0454366143e-04
8.1789122997e-03
9.8162673580e-03
-2.2821007660e-03
-5.6602542708e-03
-4.6886447177e-03
-4.5773403198e-03
-6.4062305333e-03
-5.7868175538e-03
1.0935808065e-02
-3.3918018180e-03
-2.8277024215e-03
-1.1532746911e-02
-7.7959125807e-03
5.9197466025e-03
5.9772512373e-03
-4.3065591860e-03
-2.1099903857e-03
-1.8237224230e-03
2.7789148274e-03
6.3495314240e-03
-3.3076022080e-03
-5.4819204392e-03
-4.8728310815e-03
-4.2071535688e-03
3.2095933484e-03
3.9787750420e-03
1.7855546397e-02
2.8854215889e-03
2.2142895081e-03
-4.3503124644e-03
-2.6092056502e-03
-2.2523766595e-03
-5.7623187721e-04
-2.6799562015e-03
-1.0599127387e-03
-1.3399336617e-03
-6.8738913738e-03
6.5678413030e-03
7.9424350106e-04
7.7690431209e-04
1.2602676121e-02
-2.9636599169e-03
1.1562939116e-02
-3.3141967358e-03
5.1524941779e-03
1.2202786991e-02
3.2207598176e-03
-2.4640224977e-04
-1.6941700251e-03
2.4895070918e-02
-2.5702693399e-04
-4.4671532920e-03
-5.4452994573e-04
4.2944929016e-03
-3.7730607878e-03
3.4078315967e-03
-5.6227172022e-03
-4.6276509216e-03
-7.0651991918e-03
-2.9309470521e-03
5.3857625521e-04
6.3401418759e-03
6.7507419068e-03
-1.4720328983e-03
1.5210931342e-03
1.2065117793e-04
-6.0234560905e-03
-1.6280333946e-04
3.1953372053e-03
-4.0080252940e-03
-1.1228271178e-02
3.3868352984e-03
7.6635046095e-03
9.1010573599e-04
6.0482592661e-03
-1.0540224856e-02
4.8977456842e-03
-3.9007728661e-03
8.7342225617e-03
4.0712093499e-03
2.8388190870e-03
8.9989404227e-04
-1.4137233595e-02
-1.0617094300e-02
-2.8170101290e-03
-3.7764369919e-04
-5.0889480877e-03
1.0929819796e-02
6.1450431998e-03
2.5557530741e-03
4.7099522436e-03
-5.0846247081e-04
1.0224410887e-02
3.9421093057e-03
6.1596346570e-03
3.5391861044e-03
-4.4942605149e-03
-3.3188376511e-06
-7.8314287986e-04
-1.0458742775e-03
-3.3749338112e-03
6.0459806042e-03
1.1433596980e-02
8.6522694965e-03
-2.7226674943e-03
-3.2437333409e-03
6.2139984067e-03
-3.1334951079e-03
-1.3714691109e-04
1.7175117198e-02
-8.8139462212e-03
-7.2666715631e-03
1.1091085324e-03
6.1277155896e-03
4.4532295110e-03
-1.6868168282e-03
4.2494338841e-03
1.2330783524e-02
5.6742681558e-03
8.5506867828e-04
-4.7803964427e-03
-5.9628130670e-03
-1.0017760000e-03
-4.9797191145e-03
-7.3225538292e-04
1.4147704653e-02
-1.4104931366e-03
1.7845422254e-03
-4.4144696664e-03
-1.5751250753e-03
-5.0900396326e-03
9.0399263639e-03
4.1254947205e-03
-2.8088696067e-03
-7.4562709332e-05
-2.9189358594e-03
3.5433810577e-03
-4.2107682512e-03
-4.3388610685e-03
-2.5720280384e-03
-5.4441674105e-03
-1.3795031899e-03
-7.6241953267e-04
-1.5830139668e-03
-3.8768362594e-03
-2.6480206176e-03
-2.2393171175e-04
-3.4866476747e-03
1.4406277399e-02
6.4265351536e-03
2.2165709133e-03
-3.6475436722e-03
5.2173460915e-03
1.7730238072e-03
-4.7467438409e-03
-4.0627664013e-04
7.4097676409e-03
1.2676151084e-03
6.8679998326e-03
7.6656447208e-03
4.9565930608e-04
-4.6586529412e-03
-6.7587725322e-03
5.5470615787e-03
-7.2786952069e-03
-3.8204069054e-03
-6.1444402057e-03
2.0630977685e-03
-1.4237878977e-03
1.0377960424e-03
-2.8086770790e-03
3.3626430783e-03
-5.9047559989e-03
2.3591466926e-04
-4.8418895346e-03
-9.6526338300e-03
9.6142818681e-03
-3.3323193112e-03
-5.6670685428e-03
1.0085060411e-03
-2.2140061501e-04
-9.5628049341e-04
-1.0917479514e-02
-1.0796125087e-02
8.9668054776e-04
-4.3493398530e-03
9.2130921034e-03
6.3733014118e-03
-3.9687437616e-04
2.1763677591e-03
-6.3941625813e-03
-8.2798980922e-03
7.2996372460e-03
5.7280561309e-03
3.9995345542e-03
-1.5066329457e-03
3.9293662175e-04
-9.1211749767e-03
-4.0819732053e-03
2.8213939157e-03
8.1675788625e-05
3.4109668370e-03
2.7731803161e-03
-1.6661208913e-03
1.2763980917e-02
1.2560941681e-02
2.8787282326e-03
5.8224101684e-03
2.0733413460e-02
-1.6151363673e-03
2.7132844228e-03
-5.4450134160e-03
-5.9127705884e-03
-3.0810548078e-05
1.5613145399e-03
-6.9671954711e-03
-4.9034583659e-03
2.8393635637e-03
4.4645415206e-03
9.4752164841e-03
5.2073113131e-03
-5.2334642025e-03
6.2363222044e-03
9.5937542999e-03
-5.0681201699e-04
-7.4386823066e-03
1.3619364139e-03
-7.3706697643e-03
3.1433612670e-03
6.3190149636e-03
3.0922826001e-03
-8.4194133879e-03
-1.0533740989e-03
-3.1524009594e-04
-3.9422876583e-03
-9.6309977722e-04
2.2420597906e-03
5.4145775020e-03
-5.1661500989e-03
1.2546066466e-03
-2.5086536137e-03
-1.1545606166e-03
7.0432939515e-04
-1.6219734514e-03
3.5481982942e-03
-1.0277227085e-03
-3.7604921728e-03
-4.7090546495e-03
-2.7778552126e-03
-4.0622745250e-03
-6.3920684508e-03
5.8695298352e-03
-6.1560586622e-04
6.0518062210e-03
-1.3853089619e-03
1.2380458323e-02
1.2717240424e-03
8.4026290914e-03
4.3377670116e-04
-4.0477254780e-03
-3.4174266503e-03
2.8223631748e-04
-1.9441258893e-04
-3.5231270124e-03
7.7670143148e-03
-1.0105750783e-03
2.5555559575e-03
-2.3400274287e-03
-7.7625630240e-04
-7.7163079462e-04
1.4634400245e-03
1.5968033885e-02
-6.7862886943e-03
-5.1778468134e-05
1.0686704362e-02
-1.3574931454e-03
8.7553602001e-04
5.3030085235e-04
-2.7669639399e-03
6.1900304519e-03
8.8738980372e-03
2.4702014661e-03
1.4445382200e-02
3.3347661333e-04
4.1907456551e-04
-3.4394288206e-03
8.5870965915e-03
-3.9747554028e-03
-2.4587651987e-03
5.4283360993e-04
2.3291248724e-03
4.3049742377e-03
8.0353111779e-04
-4.0943033573e-03
-1.9142112457e-03
1.3972781577e-03
-8.7790966592e-03
-6.1779145684e-03
3.0694590958e-04
-5.4854999521e-03
-4.9215539091e-03
-4.1265815511e-04
-2.5444029142e-03
-5.7667326637e-03
1.1883596534e-03
1.9973633697e-03
2.0072171587e-03
-9.4888430350e-05
3.6034851150e-03
6.4116471467e-03
-4.1528846152e-03
3.3325612786e-03
5.6261816094e-03
-8.3536481891e-03
1.3812591112e-02
-3.7242189982e-04
-1.3009815234e-03
8.0429909198e-03
-1.6980057668e-03
1.6986282373e-03
-2.9177984869e-03
5.1211907246e-03
6.9484611731e-03
3.1754232925e-03
-4.6270810077e-03
5.8889358719e-03
1.6837162036e-03
-6.6563306670e-03
-6.1923447762e-03
-7.8534295577e-03
-8.0032495991e-04
2.4998614481e-03
3.0381577637e-03
-2.2340760533e-04
-2.0372746752e-03
4.0564379988e-03
5.5789975058e-03
2.1022929496e-02
-5.3110379644e-03
1.5683624890e-03
6.4225242457e-03
-8.1813560963e-03
2.4052486091e-03
1.1608310401e-03
7.1310487312e-03
-3.9775727749e-03
-9.7626248664e-04
-1.9497932545e-03
1.0342204587e-02
-4.0530099309e-04
-3.6947554614e-03
6.2263224636e-03
1.4437248421e-02
-4.3441531792e-03
-9.5350332351e-03
2.7050651716e-03
9.6376839899e-03
1.7377249271e-03
-3.1260395940e-03
1.0450447357e-04
3.3029913813e-03
6.6640626894e-03
-9.5998262909e-04
-1.1890681650e-02
-2.3098953345e-03
-1.0349582137e-02
-1.0443479523e-02
-3.4983219242e-03
9.8522317749e-03
-8.0565098388e-03
-7.8440688198e-04
1.0518598300e-03
-8.1384010792e-04
5.0344695942e-03
7.0230211760e-03
-6.9357361414e-03
3.8623834060e-03
3.7654663481e-03
-5.4517243653e-03
-2.7411420428e-03
-2.8673423226e-03
-5.1837719873e-03
-6.9688834226e-03
-3.7018650264e-03
-4.7739622131e-03
5.8945941217e-04
6.3640575960e-03
1.4989538286e-02
1.7335832575e-03
-5.7368685777e-03
1.9865445026e-03
-5.1866111606e-03
3.6682222898e-03
1.4702707435e-02
1.5495766096e-02
1.5582320082e-02
-3.0030351569e-03
-4.0660396647e-03
-6.6691788231e-04
-4.1945766793e-03
1.2984862801e-02
-8.8741147271e-03
-1.3318975912e-03
-1.4079254808e-03
3.2094803864e-04
3.7391843213e-04
4.1918526212e-03
-5.1260782995e-03
-5.4770467250e-03
2.7260611338e-03
2.4326707631e-03
-5.1311974180e-03
4.8689458270e-03
1.1955616970e-03
-4.5259992326e-03
-4.9626751024e-03
-2.6957789736e-03
7.2104462861e-03
7.9040714998e-03
8.2754970529e-04
2.9222987299e-03
-8.3117011520e-04
1.7496277215e-03
-5.7795795063e-03
9.3312813697e-03
5.7891337769e-03
4.2506898462e-03
3.8251830587e-03
1.8111453204e-02
-1.2683957150e-03
3.3846075697e-03
4.0323096257e-03
4.6597550132e-03
6.9367700777e-03
-5.0347983523e-04
-7.7646302019e-04
1.1537388429e-02
5.6398108756e-03
2.4974051483e-03
4.4958023571e-03
-8.8966635893e-03
-7.6353627097e-03
1.8707734435e-03
5.0902786856e-03
-3.6242011980e-03
6.3489220004e-03
4.5089977011e-04
1.0651962573e-03
4.2490264853e-03
4.0164672826e-03
1.7044621260e-02
4.9261333612e-03
2.6674267615e-03
-7.9822365668e-03
-4.2669900101e-03
-7.6770843623e-03
6.2764460426e-04
4.2903300590e-03
1.8275035024e-03
2.5706414550e-03
2.6257455814e-03
-9.0814153559e-03
7.5037337689e-03
-5.1752056415e-03
9.5249019860e-06
-1.8417370046e-03
3.4448237566e-03
-9.4009803836e-03
1.1224361036e-04
-1.4559636304e-03
6.1821125128e-04
2.9356852950e-03
8.9782672027e-03
7.5102431273e-03
6.5818929698e-03
-4.1201807901e-03
-4.7467450505e-03
2.7767417043e-03
3.9184914089e-03
2.4472276338e-03
-2.8913301032e-03
-6.5243987436e-03
2.5836752410e-03
6.7400127968e-03
-2.5770889793e-03
-2.4132951197e-03
-6.4950883299e-03
-8.1951330228e-03
-5.7387112530e-03
4.1580764617e-03
1.9787546093e-04
1.1578343019e-03
7.0628771628e-03
-9.7299540516e-04
-3.9814834742e-03
-5.0670834053e-03
-2.7303770019e-03
-3.4726464351e-03
-5.8081931409e-03
-7.6904380709e-03
-9.4085051825e-04
8.0041299564e-03
-8.2027132161e-04
2.9568003726e-03
-2.5192508396e-03
-1.2309006342e-03
4.7294327996e-03
6.2858859225e-04
2.4152038352e-03
3.5241554415e-03
-7.1945886177e-03
-1.7153438026e-03
8.1078600370e-04
-7.2525466128e-03
5.5546354054e-03
1.3784725494e-03
1.5102618105e-03
4.1717749906e-03
-6.1471473678e-03
-8.4762847990e-04
5.0525970037e-04
1.2248189271e-03
-4.9661170627e-03
1.9750292105e-03
-3.9137284852e-04
7.0784193109e-03
1.1797892674e-03
5.4737333529e-03
6.2332199483e-04
1.1212454636e-02
8.9577726305e-03
6.1566356282e-04
-5.1871151875e-03
-1.2375752644e-03
-2.2586289436e-03
6.4418527836e-03
3.6841690136e-03
4.8912507914e-03
-6.4961970019e-03
6.1032913473e-03
-8.6927797110e-03
-6.6287530236e-03
-1.4644572695e-03
-5.1223527562e-03
3.2628617893e-03
-7.6304669816e-04
2.8423553202e-02
3.8214275232e-03
-1.5552784863e-04
-3.4431321912e-03
1.1882381619e-02
-1.9527997774e-03
-8.0742756006e-04
-5.3491937634e-03
1.2404128695e-03
2.0724095152e-03
-5.8539530076e-03
-6.8015816286e-03
-5.5914786718e-03
-9.5856788682e-04
-1.7374730091e-04
-3.4012474742e-04
-1.0560902554e-02
5.1091268934e-03
-2.7916055849e-03
5.0375995332e-03
1.0009888172e-02
-1.6644569584e-03
-4.6834352849e-03
8.7461949922e-03
1.2541494152e-03
-3.0935876115e-03
-7.4600826901e-03
-2.4215136487e-03
4.9250663882e-04
-8.3037867711e-04
7.6100704527e-03
2.9297079651e-02
8.9007361317e-03
1.2475113855e-02
3.7543233762e-03
-8.7967164459e-03
9.8459388426e-03
-8.6558195362e-03
3.2191804423e-03
-3.2529676037e-03
2.0680115236e-03
-4.9506772264e-03
4.2687384925e-03
-1.4046440515e-04
1.0216368140e-02
5.0611926139e-03
2.2878312859e-03
-3.8370143468e-03
-5.1413748525e-03
-2.9141963591e-03
7.7705706005e-04
7.4060709661e-03
-1.5297875329e-02
2.2648433490e-03
4.6841186903e-03
2.9013600845e-03
-1.6639733797e-03
-1.2329885830e-03
2.3889063292e-02
-8.0741956923e-03
-5.6221985047e-03
3.8917778166e-03
9.5611399110e-03
6.2830484830e-03
8.2255076965e-03
-4.6368320454e-03
2.9597967038e-03
3.6265980945e-04
-1.5193199488e-03
8.6768360399e-03
-4.3738231746e-03
1.0023498125e-04
1.0577652662e-04
5.0607694390e-03
-6.8456262864e-03
1.9379558258e-03
-8.2961877988e-03
8.0228513816e-03
-8.5780577072e-03
-4.8623740559e-03
4.4171334892e-03
-1.0718959979e-03
-7.1836992274e-04
-3.4783657083e-03
-5.8787155517e-03
-3.7419614583e-03
-6.5443991852e-03
-4.6286529293e-03
-6.1712561657e-03
-1.1855776007e-03
-4.5097382460e-03
1.3510790318e-03
-6.1584623984e-03
-7.8098394925e-03
-1.1819156588e-02
-6.2784701201e-03
6.1200046381e-03
8.6113140768e-03
-1.0844935804e-03
5.4717600069e-03
-2.4302086824e-03
-1.6327887415e-03
-9.3385698589e-03
-2.7149113018e-03
6.0913831953e-05
-8.7389045721e-03
2.8918592225e-03
-4.9484979485e-04
-4.8780037449e-04
4.8734833675e-03
5.0034533457e-03
5.3377047362e-03
-6.0323306863e-04
5.3008567038e-04
-6.7390247716e-03
-1.0583106701e-03
5.4138505204e-03
-9.1302038539e-03
1.3747484033e-02
3.0103330968e-03
-7.5803402832e-03
4.8183951620e-03
-5.7200977835e-04
-6.1428357835e-03
1.8440408504e-03
-6.6235430831e-03
4.1782750786e-03
5.5386378379e-03
3.6075727723e-03
6.6536202915e-05
-2.4968068133e-03
3.0013895328e-03
6.3985027694e-03
4.6915147206e-03
8.6480855749e-03
-1.3224166649e-03
-4.4295592926e-03
-9.0635775966e-03
4.4560702441e-04
-4.0551873331e-03
-5.9385539191e-03
3.3537262057e-03
-7.3221886430e-03
-9.4691066833e-03
-8.2202405960e-03
-4.8980198376e-03
-4.7809127687e-03
5.3035925648e-03
5.8005383352e-03
4.9727206966e-04
-4.8219762637e-03
3.9881293912e-03
5.7621198841e-04
2.9336614740e-03
-3.1233445704e-03
-3.0503596892e-03
-1.0877116176e-02
9.8845816551e-03
5.2441213744e-03
1.6124017231e-03
4.2833300721e-03
1.3465329010e-02
-3.1634446261e-03
4.8605116675e-03
1.4014453744e-03
-3.5688278654e-03
9.9365505775e-04
-5.6520389888e-03
-4.0503447568e-03
-9.5190296928e-03
9.1468888727e-04
-2.4926906283e-03
2.2430593980e-04
-1.4418325658e-03
1.2406165958e-02
2.0186046952e-02
3.5319803883e-03
-5.6148241705e-04
2.7040639849e-03
-8.0680803529e-03
-3.6467693685e-03
-5.3546519210e-04
1.1452876551e-02
2.0198446986e-03
-9.1338955340e-04
-8.2454374711e-04
-5.9416013051e-04
-1.6752098941e-03
8.4862210172e-03
-1.0444839374e-03
-8.2797089396e-04
7.4738201345e-05
1.1127951884e-02
1.3423369302e-02
1.2253289751e-02
-5.0686410448e-03
-2.7048514152e-03
-1.2451326361e-03
-8.3237216993e-03
1.0023629473e-02
-5.3842650978e-03
-9.4355535839e-04
-1.8763296326e-03
9.4914840678e-03
-1.1998636642e-02
-6.3804541665e-03
5.7418455693e-03
-3.8877833623e-03
1.4553325645e-02
-1.1179646995e-02
-6.9878130581e-03
-8.3509866961e-03
-7.1191429537e-03
-7.7358730113e-03
-1.3378965758e-03
1.3603105838e-04
-1.6855514242e-04
-2.6823777805e-03
8.7304010615e-04
-5.3377842498e-03
1.1781660296e-03
2.4680034879e-03
-2.8718590018e-03
-5.2834687010e-03
9.9314030806e-03
1.0434714647e-02
-2.0710460357e-03
-1.6420670585e-04
1.8437256159e-03
-6.7027188117e-03
2.5342437585e-03
-1.1985492452e-04
9.1021337972e-04
3.8453653549e-03
6.2442199268e-03
1.4192593112e-02
-1.8342649960e-03
2.6767764580e-03
-1.1425550989e-02
3.8013789284e-04
-4.7672753977e-03
-1.0656033471e-02
-2.9812302087e-03
-6.2250637374e-03
-5.0098875660e-03
-4.8995316423e-03
-3.2850989763e-03
-1.9111590222e-03
-2.9804104359e-04
1.6324276073e-02
1.3787456939e-03
8.6318887562e-04
-1.3311401941e-03
2.0552968908e-03
3.1985784784e-03
6.8781578376e-03
3.9636851124e-03
4.9810179068e-03
9.3764829424e-03
1.3474922592e-03
-9.4773113970e-03
5.2326710160e-03
-1.1981952440e-03
2.3200903497e-03
1.0033372594e-03
6.9819511440e-03
5.3222771918e-03
-1.7001313310e-03
-1.1840377855e-02
-1.3104809226e-03
-3.2383052307e-03
-2.3322677022e-03
-3.7071944545e-03
-1.6848954647e-03
-1.4278447363e-04
-7.5382717226e-04
1.3034982600e-03
1.7269621124e-03
1.0517777121e-03
-2.2877816310e-04
3.7012205863e-03
5.1356858956e-03
-2.6532276470e-03
4.9809666406e-03
-6.6101281879e-04
4.2046835517e-03
2.7841905053e-03
-2.2688878405e-03
-2.4238736142e-03
-6.7635842477e-03
-2.9867058765e-03
1.5191486643e-02
5.0585778000e-03
2.5210191510e-03
-8.5060094450e-03
-7.4657521482e-05
-1.8351112404e-03
7.7548394535e-04
7.4712460138e-03
-1.7339238566e-03
-1.4044126323e-03
5.9303171572e-03
1.6513071167e-03
4.5853262692e-03
4.6236648078e-03
-1.7323321920e-03
1.0422797741e-02
-1.1407193402e-02
-3.1468520243e-05
-3.6644103842e-03
-5.8691901243e-03
-7.8744271781e-03
-1.0518082090e-02
3.8011593065e-03
-8.5626001395e-03
-1.5222224245e-03
-2.5614075094e-03
-9.2019869963e-03
-7.1916884282e-03
1.3303215813e-02
5.3355109208e-03
5.5757291791e-03
-3.4209847653e-03
-3.4599822805e-03
1.5200580946e-03
-7.1967339390e-03
-5.2339296982e-03
1.4750431524e-03
-8.8046461811e-03
-7.4294203157e-03
-1.6635118742e-03
-4.3545422002e-03
2.4506201097e-04
-7.7301498065e-04
3.2698035857e-04
1.0299807630e-02
-3.6905697106e-03
4.7633374371e-04
1.0022118137e-03
-1.7091868045e-03
-1.3225085667e-03
9.5980277061e-05
-3.9996065145e-03
-6.9791296421e-04
3.7305026570e-04
5.6453876886e-03
2.7321117928e-03
1.6042635310e-03
4.7756589942e-03
7.1890942799e-03
1.1825130009e-02
-4.1963618298e-03
5.3450733750e-03
2.9993036261e-03
-5.0890589985e-03
-5.6279375528e-03
-1.2364028593e-03
-6.1100082189e-03
6.0743039407e-03
-7.9766672245e-03
4.1402526011e-03
8.4789692419e-03
1.4817267382e-04
1.6338676179e-02
-5.6233568378e-03
5.8590107006e-04
-4.0986145995e-03
-4.5321608993e-03
-1.3153618951e-03
-1.1239798525e-03
5.1588349083e-03
5.3796559368e-03
5.1372132238e-04
-1.2435987364e-03
-3.0212741014e-03
8.4440715192e-04
4.2548404743e-04
2.9596872939e-03
1.4790341122e-03
-3.3420987653e-03
1.4479819290e-02
3.2796894741e-03
-1.8991789433e-03
-7.9743335094e-03
8.5561475035e-03
-4.2013934824e-03
-3.8509630336e-03
1.5703648493e-02
-5.6867451792e-03
1.9354426352e-03
-6.0396810943e-03
-6.8247678076e-03
-4.8303127775e-03
-9.7124984527e-03
-3.5973432077e-04
-4.4816706270e-03
1.4383586791e-02
5.3972694135e-03
-5.0137713171e-03
6.2730593490e-04
1.0179018326e-02
8.2701931749e-03
-5.6984804182e-03
-2.6107632273e-03
1.6509848100e-02
-6.0593196525e-03
9.7768088160e-03
-4.7271741457e-04
-3.3336282917e-03
-5.1488437910e-03
-5.0645728872e-04
-9.9484877032e-04
1.0077976410e-02
1.3060938729e-02
2.0260172960e-02
4.6429195863e-03
-7.4152241777e-03
1.1163361498e-04
2.7783732963e-03
4.6216167582e-03
3.9726528607e-03
-4.9669196265e-03
-2.9696073524e-03
5.0827602487e-03
-6.5183000959e-03
1.8081592008e-04
4.2714868571e-04
-4.4990531268e-03
-2.3948610393e-03
-5.3591388956e-04
1.5727255131e-02
-7.6786906245e-03
-4.5976889529e-03
4.6385934288e-04
-2.9310821775e-03
7.6388819258e-03
