2.5855914963e-03
-5.4639185125e-03
7.6942132896e-03
1.2341387516e-03
-5.5899192794e-03
-7.5923785747e-03
1.9069765761e-03
-2.6390089597e-03
8.2270904746e-03
5.0640183938e-03
-3.5237178314e-03
8.5973320750e-03
-4.9752723103e-03
-6.8339732934e-03
1.0921638705e-03
-1.6263224265e-03
1.0840262546e-02
1.0562318801e-02
-4.4306240188e-03
1.9694124291e-04
-1.4892406228e-03
7.0308654403e-04
-3.4026931633e-03
6.5291323956e-03
3.5307267032e-04
-3.2096210054e-03
-2.0468494708e-03
1.5600761317e-03
9.7095631018e-03
1.8102010532e-02
5.6839210802e-03
1.3344756210e-03
7.0890816399e-03
-3.2583231232e-03
-2.3631092913e-03
3.7724458525e-03
9.2895778839e-03
-3.4242281448e-04
-4.4140102158e-03
1.3904925002e-03
-5.2089357246e-03
-4.9487083873e-03
-3.8970253989e-03
1.5191652084e-02
2.3384035038e-03
5.7407491265e-03
1.1198203940e-04
-5.8513483070e-04
-3.2682502767e-03
4.2093059177e-03
-6.0713081879e-03
1.4500500068e-05
-1.0171655395e-03
-5.4125474651e-03
8.3518401781e-03
-4.2627521327e-03
9.7608127810e-03
-4.1851554607e-03
-1.3864694420e-03
-6.8974427204e-03
-8.5914633814e-03
-8.2889638898e-03
2.3157680010e-03
5.3165641770e-05
-5.7725574292e-03
5.9512094884e-03
3.9993069676e-03
5.5164621025e-03
6.5419027772e-04
3.3475555301e-03
-5.4955346480e-03
5.1125587245e-03
4.9080639132e-03
-4.6698118813e-03
1.4968223249e-03
-2.9351234015e-03
9.6565452990e-03
4.5409576061e-03
-2.3439650991e-03
1.0139747271e-03
-7.1317219446e-03
-5.1922626561e-03
-3.8078487092e-03
3.5936703141e-03
3.6541889994e-05
-2.2417140493e-04
3.6789671594e-03
9.1800498582e-04
1.0108600375e-02
5.7416242867e-03
4.0990043624e-03
-4.8558170209e-03
-4.5482116307e-04
-2.7893563907e-03
1.1200625315e-03
7.4371726539e-03
7.9997843524e-03
1.4963417098e-03
-7.9025345373e-03
-3.3870707427e-03
-3.7698046610e-03
1.5062320223e-03
1.6615938981e-02
6.1365567872e-03
3.9868806561e-04
-7.8572381359e-05
3.1737474527e-03
-4.8321372746e-03
3.4779117771e-04
-2.4686043799e-03
1.0974269493e-02
4.7718656195e-03
-5.4617281763e-03
1.9635616715e-03
3.0746172529e-03
-1.7988700999e-03
1.8173441813e-03
-1.1617564255e-03
2.8064162328e-03
-5.4252278747e-03
1.2208447105e-02
4.4316301101e-03
-7.0717922188e-05
1.2954933027e-02
2.5113445933e-03
1.7645801799e-02
1.8225427721e-03
-5.5336095340e-03
-5.3542592614e-03
1.3752266949e-02
-4.4993560502e-03
4.8682294669e-03
-6.5974906888e-03
-1.1838530302e-03
1.6945230842e-03
-5.1497877105e-03
-1.0970518689e-02
-6.2116943780e-03
-8.3219526609e-03
5.2335768622e-03
-1.7749454892e-03
1.2679438363e-03
7.6183731981e-05
-3.4904261422e-04
1.1822014141e-03
6.1386649249e-03
-1.1922981354e-03
-3.9167780491e-03
-5.7607134701e-04
1.3097108165e-02
-5.0264956776e-03
1.3299781893e-03
-8.2917112316e-03
-5.5691081431e-03
8.3187305291e-03
-5.7759939782e-03
-3.3820941297e-03
8.8971064842e-03
1.0148331520e-02
-8.4742772196e-03
-2.1330566831e-03
4.4227157111e-04
1.2005003731e-02
1.2357114389e-02
8.6590484987e-03
1.1306685085e-02
-1.1095575632e-02
-2.2706385599e-03
7.1050213022e-03
-7.7170435722e-03
-9.6403992432e-03
-1.2629563076e-02
-1.6462999215e-03
1.9153287496e-03
4.3563912877e-03
-6.7077007505e-03
2.7883327782e-03
-3.7112973603e-03
2.1344900879e-03
4.3342447196e-03
1.3403926453e-03
6.4303255873e-04
-1.1747929891e-03
4.0750183590e-03
-6.6219140494e-06
1.2562479224e-03
-2.6983948567e-03
-6.5604111947e-03
-3.6755248705e-03
1.2824870795e-02
-1.8383148388e-04
1.5056770890e-02
5.5245729813e-03
6.7501886253e-03
2.1609382415e-03
-6.9603680723e-03
5.6261236279e-03
-6.7765119627e-03
-7.5108213931e-05
2.6967220496e-03
-1.3913441935e-03
4.5279179327e-04
2.9829893879e-02
-6.3510685745e-03
3.6796269830e-03
-9.0161972718e-04
1.7882074460e-03
-1.4028751051e-03
1.9419138681e-02
1.2978325735e-03
1.1127957117e-02
1.3115340825e-03
-4.4226291234e-05
5.5145723482e-03
-6.4270846069e-03
-5.7688101410e-03
1.2379708277e-02
-5.0064510900e-04
-1.8540819813e-03
1.0010805805e-02
3.3335325353e-03
-4.2814501687e-03
7.5486177724e-04
-5.0821964482e-03
1.3654510148e-03
-8.7549633556e-04
-7.0557615925e-03
5.0406026197e-03
-1.0757163100e-03
6.7966475635e-05
-1.7091503043e-03
-1.7334607820e-03
-8.7675002592e-03
8.6190485027e-04
-1.8082771301e-04
1.2427127793e-02
4.9806888091e-03
-2.6129786483e-03
-1.0612468546e-03
5.1560502417e-04
1.6875664512e-02
9.8913772077e-03
-4.6707783738e-03
1.3540523906e-02
3.1984531250e-03
5.7061868470e-03
2.4441153922e-03
9.4132428565e-05
4.7958977803e-03
-3.4552118687e-03
-2.5488132383e-03
6.8618920993e-03
-9.4357631412e-03
-3.3621618269e-03
-1.5824690511e-03
-6.3463120296e-03
8.0390675396e-03
5.6565564855e-03
-5.0382899957e-03
-6.7601168476e-03
5.7214701501e-03
-2.8996288115e-03
5.0981278048e-03
2.0349236690e-03
-4.5268151098e-03
-7.4575856970e-04
-7.8884758273e-03
-9.1197961809e-03
1.0818367804e-02
-6.9622159784e-03
1.7753550911e-04
-2.8586787282e-03
1.0318735606e-03
-1.2636589200e-03
-1.7130868595e-03
1.6768603681e-02
4.8898748038e-03
6.2435272844e-05
6.4432361599e-03
9.8413567852e-04
-1.3185156926e-03
-2.6797861390e-03
1.6494244856e-02
-4.7136013404e-03
-2.3215822256e-03
1.4207056524e-02
1.2614217290e-02
-7.9299326730e-04
-1.0278792750e-02
-6.2787506977e-03
-3.0765137514e-03
-7.2054219209e-04
-1.2443059838e-03
-3.8394785519e-03
2.0925948778e-03
-4.8939077126e-03
2.4937397109e-03
-1.0251503949e-03
9.9692982423e-03
1.3859595056e-04
1.9115601312e-03
-8.1736083564e-04
-2.0797685698e-04
-5.3654323964e-03
1.7740031412e-03
3.6354430454e-03
1.6778011306e-03
-4.4777603059e-03
1.7409652902e-03
8.4177291014e-03
2.8763045225e-03
5.0532368743e-03
-1.0961221227e-04
3.7533126625e-03
-6.6552276605e-03
-3.5264763775e-03
-2.8510263275e-03
4.2428519521e-04
1.6434959352e-02
-4.9409332056e-03
-5.1765062104e-03
7.0211883107e-03
-3.2731341692e-03
-3.3138201530e-03
5.1711550479e-03
8.0280969284e-05
-5.4064766474e-04
3.5515692526e-03
-3.0312657154e-03
-3.7442876641e-03
-3.0674556468e-03
-9.4401652093e-04
-3.5684964817e-03
-4.1151925469e-03
-2.4093484815e-04
2.6316231180e-03
4.5364072862e-04
-9.4967773718e-03
-4.5677390596e-03
-1.8853571567e-04
-2.3405477756e-05
7.0696844016e-03
6.5817194470e-04
3.4162353671e-04
8.7484458741e-03
-3.9904517804e-03
9.9419679937e-03
2.0480672277e-03
-4.2286313061e-03
-6.3010338533e-03
-4.7826128292e-04
-7.2980909617e-03
6.4012930991e-03
-5.6246957821e-03
-4.4523447299e-03
4.3009821546e-03
4.3718813595e-04
-7.2182958034e-03
3.5012867819e-04
2.9421738689e-03
1.9708114940e-03
6.3364986928e-04
-1.4613544466e-03
-9.3306542657e-03
5.6418077757e-03
1.3647278834e-03
-4.1803479078e-03
1.1013414986e-02
5.6339096174e-03
-6.1453372939e-03
-4.8780154522e-03
-4.6642380709e-03
2.1927677085e-03
3.5147367849e-03
5.3118808994e-03
-2.3469129567e-03
5.4932062714e-03
3.5127256038e-04
-4.2532209526e-03
-5.4183419494e-03
-8.2611004248e-04
6.8475843893e-03
9.6818940189e-04
-5.9688336598e-03
3.3633235722e-03
5.9322282414e-03
8.6510561017e-03
-5.1963253384e-03
3.0890877228e-03
-2.0105493171e-03
-2.2452351812e-03
-5.2980800490e-03
-2.0216225602e-03
-5.1924761581e-04
9.9508984141e-06
-2.6578026579e-03
-8.4236410610e-03
-4.4104405341e-03
-2.2064493802e-03
-2.8341821112e-03
-6.7893937236e-03
-4.6120991787e-03
9.1302865727e-03
4.2580971933e-03
2.2849281059e-03
1.7934817647e-02
5.1630861635e-03
4.0509526593e-03
-3.0583956928e-03
1.4060747675e-03
4.6816660981e-03
-1.0896592965e-02
-8.6280303482e-03
-5.8405370153e-03
4.9498964539e-03
-3.5368211679e-03
2.1052496375e-04
7.9600749462e-03
-8.2893490168e-03
6.6651464493e-03
2.8466000156e-03
1.3935770996e-03
-1.9679612554e-03
-4.6630502025e-03
2.1717468141e-02
2.3089641338e-02
-1.8895915958e-03
4.4486988137e-04
4.9488635231e-03
-7.1180684097e-03
-2.0945110003e-03
7.2711468090e-03
-3.7456306332e-03
-1.9244176021e-03
4.7768164444e-03
4.1234747117e-03
2.2571793525e-03
-9.9891385941e-03
-3.9859155877e-03
-2.0824640523e-03
-8.1739372852e-03
-2.2441843608e-03
-1.1752738287e-03
-1.4033682799e-03
1.8083465621e-02
-4.7849821298e-04
2.8930531256e-03
8.4339669122e-04
6.2491802418e-04
-2.6602614355e-03
-3.2811835771e-03
-4.2684774298e-04
-4.6414593328e-03
4.7546562318e-03
7.8426835380e-04
-1.0801710020e-02
-9.3155636662e-03
4.7385796584e-03
1.0586082934e-02
-1.2213482129e-02
-3.9534314505e-03
-3.5095328931e-03
3.7646698765e-03
1.5170187576e-02
-5.2001007734e-03
-2.9502462593e-03
3.2335843115e-04
5.6181287218e-03
-4.3385569894e-03
5.4523404643e-05
-6.3724760773e-03
1.8855414850e-03
7.0183872187e-03
-2.4369195241e-03
-1.0696183850e-03
4.2417350663e-03
-5.7679859792e-03
-3.9609903995e-03
-4.4417251013e-03
1.6509417863e-04
-4.0558738135e-03
1.2081415082e-02
-4.2264821305e-03
-3.2325293723e-03
-3.3221477199e-03
-3.0087015673e-03
-6.5506470924e-03
4.0457531218e-03
-3.2976067765e-04
-4.3461143023e-03
-2.4551521558e-03
4.9415193342e-03
3.1610499992e-03
-2.7663742874e-03
-9.6482114021e-03
1.9775794740e-03
3.7479407899e-03
-2.3568879436e-03
-6.7402568563e-03
4.2154853131e-03
-1.1486742104e-02
2.3255046624e-03
-1.0049406390e-03
-6.4711720759e-03
4.2194207754e-03
-2.6038277363e-03
-4.6238241482e-03
-2.6354813520e-03
2.7656022149e-04
-8.0083909713e-03
4.3705377709e-03
2.1261559852e-04
-1.0777230004e-03
2.7420562494e-02
4.1804427369e-03
1.0642498160e-02
2.2234553509e-04
-6.9513666455e-03
5.3631194771e-03
-8.8547991253e-04
-3.6629880347e-03
5.8982071931e-03
6.0758650965e-03
-4.7814384665e-03
-5.8352977702e-04
-2.5813019334e-03
7.9828519211e-03
-2.3197931296e-03
-1.0375406837e-03
-4.9703999093e-06
-7.5345419408e-03
2.1395958020e-03
8.1407982935e-03
-7.6717714455e-03
7.5097465921e-04
-5.9053019601e-03
3.2006081280e-03
-1.0852723293e-03
-5.4785843170e-03
1.2445364345e-02
-4.1356948417e-03
3.2330454136e-03
-8.7073873308e-03
-3.1423415679e-03
9.0154606737e-03
5.3445963265e-03
-6.7625864053e-03
-1.0377665473e-02
-1.4373316174e-03
-3.4993350982e-03
2.3181760530e-03
-3.0586429087e-03
-3.5500418998e-03
-7.6580202435e-03
-6.3778273025e-04
-1.4406229389e-03
-1.2228118879e-03
-1.7726855762e-03
6.0158732619e-03
-9.4604850758e-03
-1.1435540106e-03
-1.5222608339e-03
3.9871359366e-03
-2.5303895663e-03
5.0411743448e-03
-3.4320049061e-03
2.7042646645e-03
-3.8347929436e-03
2.0807481645e-03
7.2084664754e-03
-4.7768443576e-03
-7.6651116103e-03
4.1687414693e-04
-7.6137492980e-03
-6.9298234310e-03
-5.6358921841e-03
-3.8728991534e-04
-1.6119753094e-03
-2.6850395330e-03
1.4587668745e-03
-6.6986829697e-03
1.1035262287e-03
-2.8562359684e-04
-6.0484059862e-03
2.4778099502e-03
2.3265832819e-03
-4.9147070902e-03
-6.4124990654e-03
-2.6259260295e-04
1.7060350778e-03
-9.4949759612e-03
1.3263110515e-03
1.0256534126e-03
4.7376738145e-03
-1.0253386199e-02
1.2528847472e-03
6.1410960131e-04
7.9231466031e-03
-6.6700684503e-04
-3.3017754710e-03
7.9386438792e-03
-3.9953642691e-03
-3.0182064130e-03
1.3512834402e-02
1.5015085136e-03
4.6824822832e-03
9.2806437937e-03
5.3087210454e-03
4.2549289550e-03
-8.9245378542e-04
-4.3828984268e-03
4.4048183964e-03
2.2325789414e-03
4.1943440457e-04
7.8719970696e-04
-1.9133124609e-03
-5.3873395396e-03
5.3542984337e-04
6.5725722702e-03
-8.1486669761e-03
-1.6932267767e-03
-7.1064658116e-03
-4.1016902747e-03
-2.8484724224e-03
5.3992789040e-03
-5.8121063379e-03
3.4863136031e-03
3.3734028229e-05
-5.9337372190e-03
4.1558529431e-03
-1.5325953058e-03
-4.5512337835e-03
2.8807406571e-03
4.3266432423e-03
-2.4342549484e-03
-3.0164233217e-03
-2.4490702313e-03
-4.6571168782e-03
3.9160460352e-03
-6.7273683843e-03
-2.4827570924e-03
3.8156894852e-03
-2.8888027246e-03
-5.7899633838e-03
-1.1587595760e-03
-1.0311915317e-03
-8.0864399088e-03
-3.5114960512e-03
-5.2793751668e-03
1.9702183141e-02
-6.2439773867e-03
-4.5729271815e-04
-3.5935035282e-03
-4.1081287003e-03
3.8203975308e-03
1.6342800172e-03
4.1815343964e-03
9.4406008055e-03
3.2208391693e-03
-3.9806163266e-03
-5.7649355739e-03
-2.6140486464e-03
4.9731761449e-03
7.0827968583e-03
8.5520076292e-03
4.4069320166e-03
2.2260388556e-03
1.3958326886e-02
4.2835238864e-03
6.8075784587e-03
-3.4257620880e-03
1.1621356916e-02
5.2895305948e-04
2.3083726624e-03
-4.9869685759e-03
-3.5669821690e-03
5.0225237918e-03
-7.2604156343e-03
-6.4442421080e-04
6.0932631699e-03
3.8997865821e-03
-1.5635540794e-03
4.3805770292e-04
1.4685957567e-04
2.9216433315e-03
-7.2443299278e-03
8.5186743300e-03
7.1578063271e-03
-4.2740416218e-03
5.4870778244e-03
3.9303905488e-03
-6.6689459448e-03
-3.1618764059e-03
1.0768713356e-02
-9.1216914651e-03
-2.9433397632e-03
1.3849026823e-03
-8.1492460580e-03
-2.1805724163e-03
-8.2217833299e-03
-3.8209714755e-03
6.9063738960e-03
1.1699759390e-03
3.0032972616e-03
-7.1906977135e-03
1.7731473799e-02
-3.0424061189e-03
-5.4351789729e-03
-1.8818062370e-04
-4.3007730217e-03
-3.4336802416e-03
1.4784259052e-03
5.9970691840e-04
-2.8921223054e-03
4.4699347925e-03
-8.3200768636e-03
-3.6620243943e-03
3.0859863407e-03
-9.1255278247e-03
-5.4945472883e-04
-6.5434341985e-03
-3.7490827337e-04
-9.0496557266e-03
2.7637923607e-03
-2.0780825638e-03
9.9505537643e-04
7.6899121920e-03
-1.7185498125e-03
-6.6528818970e-04
3.9008557655e-04
8.1376627999e-03
2.0170410824e-04
4.7049329785e-03
-6.7677399280e-03
-8.3902247712e-03
-4.7177360677e-03
5.6686438684e-03
1.9945296742e-03
-1.6559008073e-03
4.0087801012e-03
-1.6404428534e-03
-3.0770019790e-03
9.2625330391e-03
-1.1624642217e-03
-2.2024082734e-03
1.1668759795e-02
-2.4224886621e-03
-6.3922900741e-03
1.1221318432e-02
2.3149754616e-03
-1.0834013100e-02
3.0764051564e-04
3.4587101779e-03
4.7215990516e-03
-3.3511941722e-03
-5.8767440654e-03
2.5680346224e-03
-1.5696720304e-04
-3.4183302352e-05
1.1642272359e-02
-1.4653092449e-03
1.8353356622e-02
9.8843427110e-03
-3.4950107654e-04
-7.2551896688e-04
1.0607831326e-02
1.6374435097e-03
-3.5030421677e-03
-3.6063194301e-03
-9.1311670200e-03
-1.8569133282e-03
1.4304679110e-03
1.4207243082e-03
-1.4100257726e-03
-1.7887379139e-03
3.1335950889e-03
-8.2651801469e-03
7.4843031624e-04
-4.4702628461e-03
-5.1806261014e-03
3.5272645064e-04
-3.9635867922e-03
9.8084778116e-04
1.2318598019e-02
7.5204944268e-04
3.9837975687e-03
9.7882550353e-03
-2.9755044639e-03
2.4696892521e-03
-2.6830898446e-03
-4.0116125799e-03
-5.6958006842e-03
-1.5009286903e-03
-9.8809527153e-04
-1.0553649810e-03
-1.1185509440e-03
1.2034470251e-02
-7.0941413327e-03
3.6887538417e-03
-7.8568908926e-03
-4.0120041814e-03
-3.4667830569e-03
1.3136352459e-02
-1.1971592987e-04
-1.7972441063e-03
6.6256567452e-03
-5.4531270055e-03
-1.8513289125e-03
1.3667965437e-03
2.7316766791e-03
-6.1856916667e-03
-3.7604687192e-03
1.1098745078e-03
-5.6799136588e-03
-1.7822075459e-03
-1.0052494861e-02
1.0084929407e-03
5.6322004632e-04
4.3354987831e-03
1.2842190594e-03
1.4174978252e-03
2.1627742339e-03
6.3870916082e-03
-5.7322086994e-03
8.2726167652e-03
3.1737021454e-03
3.3410522210e-03
1.0453472207e-03
-1.8049941065e-03
7.8324755015e-03
-2.3256250568e-03
-4.6568617630e-04
1.3713554253e-03
-6.1347279990e-05
-4.5053231797e-03
5.7391749404e-03
2.5701548160e-03
-5.2526266113e-03
5.8615555021e-03
4.4855989233e-03
-4.2529327743e-03
1.5476127117e-03
-2.2047579401e-03
4.8947106522e-03
5.0837537537e-03
-1.5147408194e-03
-6.4470470302e-03
-3.8508353352e-03
-6.7198405309e-04
5.5345165023e-03
2.6051947226e-03
-2.3978369491e-03
-2.4886655067e-03
3.2749523222e-03
2.8314312083e-03
4.6159282493e-03
1.1546543769e-02
-9.3798769863e-04
3.9218880196e-03
1.0762069501e-03
3.8962590313e-03
5.6518216494e-04
-1.5148895352e-03
4.3604182374e-03
2.5316143182e-03
1.7434449714e-02
-1.9530224566e-03
2.5947115252e-03
-3.4350257393e-03
2.5968200251e-03
-5.1421570616e-03
4.5994214911e-03
7.1501427609e-03
-4.8381440778e-03
-5.3087179088e-03
1.0894460971e-02
-9.6596186023e-03
4.8906165224e-03
-7.0361678335e-03
1.7352243714e-03
6.5512263878e-03
5.5846014015e-03
-1.5545609518e-04
2.0997657114e-02
2.0141145559e-03
-2.4532361465e-03
1.6433258495e-03
-3.9180648627e-03
-5.7608605030e-03
-8.5280881237e-03
4.9487974915e-04
-2.2573897392e-03
1.5541156742e-02
-2.8511354255e-03
-2.7460749698e-03
3.4403655855e-03
2.7171765895e-03
-3.4513759723e-03
3.7518977291e-03
-6.8776832318e-03
-2.7208375260e-03
-2.9377748393e-03
-1.5744701562e-03
-2.3732375878e-03
3.8203058710e-03
-2.3240492365e-03
-1.6459499793e-03
2.6040335939e-03
-9.1281636090e-03
-5.7758271938e-03
-2.3155408890e-03
-1.6048719931e-04
-1.1361717519e-03
8.1797693841e-05
7.7884393281e-03
-6.5381211112e-03
1.6121759551e-03
5.4472249414e-03
-2.6602173397e-03
4.4994714701e-04
-6.3956771055e-03
-7.1744214258e-03
7.2619180177e-03
-7.5375200243e-03
4.8411488835e-03
-1.3482740724e-02
-6.0162706824e-03
-1.4101829792e-03
1.6391170160e-03
5.5423909147e-04
-5.5814931526e-03
2.6910817966e-03
2.4848317447e-03
-2.5661018385e-03
5.3884622815e-03
-1.2876713129e-03
5.5488360824e-03
2.7808360206e-03
-1.2565540418e-03
-6.8531147542e-03
3.5836062401e-04
-3.9790716544e-03
8.9799095697e-04
-1.9268833965e-03
1.7052002996e-02
9.6362217764e-03
-3.8953604660e-03
7.8370204496e-03
8.3966485050e-03
6.6472953215e-03
-4.9524878480e-04
1.3887568459e-03
3.1034307170e-03
7.2608349799e-04
-2.2634259372e-03
9.6129884227e-04
-6.3243036408e-03
2.0179841648e-03
4.3765383497e-04
2.4520825839e-03
1.5460530638e-02
-9.4166480530e-03
7.8932602017e-03
-1.7104623356e-03
-5.5525786736e-03
2.5860011805e-03
-6.7188602081e-03
2.2473344363e-03
4.1545700390e-03
5.8039688331e-03
-2.1439182373e-04
-4.7829778319e-03
5.5122060737e-04
-5.2209342576e-03
3.0088099542e-03
5.7854180688e-03
1.7234269120e-03
-8.3100741053e-03
-3.6370278941e-03
3.1848820114e-03
-9.3962042897e-04
-6.2058501538e-03
-1.0541673978e-02
1.6863615170e-04
5.9761179375e-03
5.7331629338e-03
6.3457483390e-03
-7.4619424793e-03
3.0178032840e-03
5.7861125316e-03
4.5415158909e-03
-1.1608854113e-03
-6.6284939049e-03
-1.1001694721e-03
-5.7187771032e-03
2.1733231474e-04
-2.2746363189e-03
2.8404089098e-03
-2.1338732065e-03
-3.6472889681e-03
-5.2340446649e-03
-2.8805084318e-04
9.1158356361e-03
-4.4180911897e-03
7.8436340337e-04
6.8067631354e-03
-6.2060767632e-03
3.2578499220e-03
-1.5992821880e-03
-2.2287011364e-03
9.3833341189e-04
-3.1566036638e-03
4.0835815103e-03
-1.6146056277e-03
-5.4407759981e-03
-2.0853935737e-03
-2.5650380438e-03
8.3379994901e-03
1.5730540401e-02
-2.1332646312e-03
-6.4803678905e-03
-1.2836761771e-02
7.3918294294e-03
3.6226387492e-03
-3.0361027992e-03
-5.4083297575e-03
2.6845657913e-04
-8.2448086735e-03
2.6001063640e-03
-2.3612249789e-03
-1.0576663401e-02
-8.4788864619e-03
2.0329686376e-03
-5.8812319128e-03
-6.6129154247e-03
-1.0099339730e-03
-1.0436109220e-02
7.1245083622e-03
2.2699703027e-03
-1.4619202199e-03
3.3858141553e-03
-4.0333806318e-03
3.8089556393e-03
3.9295589737e-03
1.1339722153e-03
-5.2256751209e-03
-1.0939189280e-02
6.6895989261e-03
7.2320562012e-04
2.3512845488e-03
-7.8732382413e-04
-1.2356080442e-03
-6.6828350541e-03
-5.8343970088e-03
3.3833492578e-04
-6.8334568804e-03
1.2869412048e-03
4.2193686415e-03
1.9926380283e-04
1.1417989939e-02
8.0741711900e-03
3.8648977874e-03
-9.6908560546e-03
-4.2347065827e-05
5.3840604297e-03
1.3099349973e-03
-1.6332822019e-03
1.2054439807e-02
8.9203112778e-03
7.2009014324e-04
4.2485409095e-03
-2.5473609171e-03
5.9560320125e-03
-3.8778508031e-03
-2.2281531873e-03
3.4608623825e-03
-2.1820599508e-03
-1.4238512207e-03
1.1180729783e-02
6.5048157083e-03
-4.4740589852e-03
3.8460270711e-03
4.1259631524e-03
-8.5882682276e-04
-9.3328611170e-03
2.0930458148e-03
4.9841887632e-03
-4.0184570487e-04
-8.4201561699e-04
-4.0145327642e-04
4.6219675717e-03
-2.9392836211e-03
-8.9218859760e-03
-4.1290433044e-03
1.0520197604e-02
-3.4754623979e-03
-5.9402114950e-03
2.6139931298e-02
1.2012811302e-02
-5.8362259365e-03
1.4862904259e-02
8.1879986540e-04
-9.2514843083e-03
1.6402291927e-02
-2.6259544490e-03
-2.6762212991e-03
9.2062671120e-04
9.0284899431e-04
2.6284649660e-03
4.5149336289e-03
-4.4594543957e-03
-4.3106104064e-03
2.0486597261e-03
-3.1483365610e-03
7.2174825350e-04
8.3225145036e-04
-7.1012258241e-06
-1.9530713999e-03
4.8480800691e-04
9.9820060996e-03
-6.1204617840e-03
4.3432785428e-03
8.4530326891e-03
-2.4631720712e-03
-3.4381147196e-03
6.8234936593e-04
5.1942707110e-03
1.4658972753e-03
2.6620747928e-03
-7.2762789470e-04
-2.0113814051e-03
-3.5056657116e-03
-5.0987018446e-04
-3.1225823218e-03
2.5782093946e-03
4.7224311537e-03
-6.0267285837e-03
8.1959324522e-03
-6.7439578384e-03
6.9634863497e-03
2.5987481341e-03
1.1888963391e-03
1.0927008833e-02
1.3271580798e-02
1.0130980381e-02
-2.8033039740e-03
-4.4453417745e-03
-1.6294237306e-03
-1.0372184905e-02
-2.8277574352e-03
1.5501679814e-03
1.1883463799e-02
-1.0503341593e-03
2.8840628022e-03
-3.7166940921e-03
-2.2238052788e-04
-4.8156073252e-03
-7.6383360924e-03
-2.6862242985e-03
-1.7483012573e-03
1.2646569525e-02
-3.6322085483e-04
5.9228254694e-03
-8.4806178208e-03
-9.3396308326e-03
-2.1420149270e-03
1.0984039022e-02
-2.4323494623e-03
3.4541970852e-03
1.9081747671e-03
8.1995808922e-03
-2.3382784292e-04
-6.6351341465e-03
-7.8466435416e-03
-1.1124511534e-04
-1.0363181441e-02
-3.4726037324e-03
-8.6301834706e-03
9.2807339107e-03
4.7393453987e-03
-1.9705767956e-03
-3.2636541859e-03
5.6967216732e-03
-6.0780658118e-03
4.5117008376e-03
-4.6746149130e-03
-7.1151462916e-03
9.5938053614e-03
-5.4947895550e-03
2.4061690233e-03
9.8181832506e-04
-7.5028461707e-04
-2.6344055660e-03
-4.3111219082e-03
-6.5375718121e-03
-3.4149248569e-03
-3.5706512190e-03
-2.3649138020e-03
-1.8996694532e-04
-5.3820654991e-03
-3.7126362609e-03
-5.4392888961e-03
4.5989886528e-03
-2.1512898664e-03
8.5078134560e-03
4.6613593131e-03
-4.7530023576e-03
-5.0051864392e-03
-6.2528361364e-03
-2.6207234160e-03
-5.1232402264e-03
-3.2380533752e-03
2.3615377053e-03
-6.7729834913e-03
-6.1780804582e-03
2.0915421142e-03
-7.1034205643e-03
5.5899922414e-03
-3.8215494946e-03
-3.9673050503e-04
-5.0124658493e-03
-6.6448081128e-03
-3.9051520512e-03
-4.6960169285e-04
1.2510497485e-02
-8.2135965211e-03
5.7112875992e-03
-1.4340644591e-03
1.4224774023e-03
-7.9035577798e-04
-1.0855272252e-03
1.2690138755e-02
1.1048438589e-03
8.7506152126e-03
5.4850720570e-03
7.0915260031e-03
3.8171506217e-03
-1.7053747200e-03
1.8593396382e-03
7.7873940687e-03
-6.0990614041e-03
3.0333016753e-03
-2.7919993580e-03
-8.2255946545e-03
7.1743068811e-05
-1.4146627626e-04
1.1312216298e-02
1.3461011356e-02
2.7447554497e-03
-5.5029253731e-04
4.5951686501e-04
6.4470133790e-03
2.0309957673e-03
-6.5211011526e-04
-2.9960343482e-03
7.5767917944e-03
-7.3002357940e-03
-4.7408449593e-03
-6.3869723133e-03
-1.7750873845e-03
-6.0977784881e-05
5.5898602088e-04
-3.7248098132e-03
9.8265542950e-03
1.3889258968e-02
4.6024095219e-03
2.6728684804e-03
-8.3315350640e-03
-8.9834715389e-03
6.6077950558e-03
-6.5830883318e-04
2.2093584829e-04
-7.7301308751e-04
-3.7038145067e-03
-4.1864782670e-03
-4.7257825332e-03
-1.7908108286e-03
5.5226533774e-03
7.3400498712e-03
-4.8052843180e-03
5.9750835272e-03
-4.7849839723e-03
2.9680423621e-03
-1.1671933198e-02
2.1512555463e-03
-3.9166466460e-03
9.3279323544e-03
2.6928566559e-04
4.3959389483e-03
-3.5216601838e-03
-5.9207132931e-03
1.4142120561e-03
-6.8442834659e-03
4.9243128682e-03
3.5272535936e-03
1.0106932371e-02
3.3255780053e-03
-2.7399164023e-03
6.1860694948e-03
3.8003719815e-04
-4.3837209408e-03
1.0196676433e-02
4.9669862422e-03
3.7295324449e-03
-1.4543529452e-02
3.2368439464e-04
3.4660432472e-03
-6.2050191792e-03
-1.8366152387e-03
-6.0152480659e-03
-8.1630354281e-04
-2.6074034692e-03
-1.4966522241e-03
2.6500395264e-03
3.7155029647e-03
-6.6807787412e-03
5.1066194905e-03
-1.1767976923e-04
1.7339074971e-02
-1.9796794746e-03
-1.1295204300e-04
-2.1376026799e-03
-7.6262396675e-03
2.6087570581e-04
7.8419762786e-03
1.6298384933e-03
1.5297207519e-03
-3.6011989859e-03
1.1048495532e-04
-9.4282510822e-04
3.9318454630e-03
-2.4415628412e-03
-1.1052095505e-02
-3.9636011800e-03
2.3813938416e-03
3.3635351129e-03
-6.4305940959e-03
2.4652343061e-03
1.5826931252e-02
-9.5075408744e-03
-4.4309808737e-03
-5.2836302805e-03
-1.5983219225e-03
-5.5912741057e-03
4.6298635713e-03
-2.5444185954e-03
1.1821363520e-02
8.0480306260e-03
-3.4076441647e-03
2.8570952357e-03
3.2560387442e-03
8.7133876609e-03
-7.3191855022e-06
-6.6262779842e-03
-4.3515231014e-04
6.1115941129e-03
-6.2620251736e-03
-2.2026307340e-03
1.1227897547e-02
4.2041794586e-03
-9.2704466446e-04
-2.9269612665e-03
8.9462859678e-03
-3.1158665891e-03
-1.3346912735e-03
-3.7393968255e-03
5.0405855499e-03
-2.0279515566e-03
3.3742257833e-03
-3.8773795958e-03
-1.3817758984e-03
-4.4287610099e-03
9.7192507604e-04
8.0726806328e-03
7.5899616191e-03
-1.8243566684e-03
-1.5560844814e-03
4.5210976696e-03
-1.8666874155e-03
-4.6355827896e-03
3.8665659574e-03
-7.7868874455e-05
7.7579577402e-04
-8.1291305681e-04
3.9457785282e-03
-2.3766156352e-03
1.0629849013e-03
4.3514621231e-03
6.5459661234e-03
6.1275789363e-03
-1.0762035855e-03
5.8580100960e-03
-7.4330565192e-03
5.2069957872e-03
1.7021787084e-03
-6.8781732883e-03
-2.1158195787e-03
-3.5842275580e-03
-1.4602192302e-05
9.0782896885e-04
1.5633139502e-02
1.0007623021e-03
1.9712693780e-02
2.3098254959e-03
-1.6363251854e-03
7.0114882965e-03
1.2994920371e-02
6.5785375145e-03
-3.0644966355e-03
-2.2691045173e-03
-4.2439534660e-03
5.2222010463e-04
-5.1617343980e-04
6.3656473512e-04
-1.8853181209e-03
3.4815150831e-03
-6.6221252171e-03
-2.1776363372e-04
-6.3621890867e-03
2.2929875299e-03
3.2824025006e-03
-6.5278779947e-03
-4.0264342915e-03
-9.5525151211e-03
1.5981929091e-02
2.7899435498e-03
1.5815493883e-02
-4.1076087654e-03
-3.4848187127e-03
5.2053363871e-03
5.2806340032e-03
1.0734765588e-03
-3.9816942546e-03
3.5797071820e-03
-5.0230985713e-03
2.2529999445e-03
1.4719751589e-03
4.1337471799e-03
5.2678866307e-03
1.2584977992e-02
-4.3743182982e-03
-8.4798213114e-03
3.3622054923e-03
4.7033669521e-03
-8.6981802758e-03
3.2197783522e-04
-1.3901088622e-03
8.6861305378e-03
-4.6269489027e-03
-1.0578391524e-02
-2.0414991821e-03
-5.1685190723e-03
-5.4230977844e-03
3.3454150785e-03
7.5549534798e-03
-4.6575900071e-03
-5.4863391147e-04
-4.8080628566e-04
5.1007142491e-03
2.8884467435e-03
-4.9152320026e-03
1.2581762978e-03
6.7839171578e-03
-3.5032054627e-03
2.0332785199e-03
1.5633227958e-03
-5.1138227848e-03
-5.0862812988e-03
9.7365866115e-03
-5.3948270893e-04
-7.9586017258e-04
7.7812757761e-03
6.3920252545e-03
3.6687255030e-03
-6.9141570894e-03
-2.8516169397e-03
-1.9162477387e-03
8.2299187126e-03
2.1575273381e-04
-2.5551753863e-03
-4.5316158558e-03
1.0069391950e-03
4.1517830357e-05
-2.0500115421e-03
2.5602755195e-03
-1.5406918808e-03
-1.4464501556e-03
-1.7038648346e-03
-7.9671416114e-03
-3.2259851675e-03
1.0673120423e-02
4.4722873648e-03
5.9484118703e-03
7.1422558327e-03
-2.0390397345e-04
1.3733190328e-03
-3.5423094076e-03
5.7860658843e-03
-9.5530925466e-04
-1.6067204526e-03
6.1301013961e-03
-5.4617911784e-03
-5.8139927157e-03
-1.6051335275e-03
1.0780883621e-04
-6.9002776520e-03
1.9999277460e-03
2.7276532930e-03
-6.9847311037e-03
1.1555253076e-02
5.4050334040e-04
-1.1536538435e-02
-2.8406289259e-03
2.9789766321e-03
-2.1618362486e-03
4.0348279855e-03
-1.6918369901e-03
7.0627568374e-03
-2.4436892678e-03
1.2007160159e-02
-6.8821872735e-03
-6.3913366458e-03
8.8775223804e-03
5.4830303021e-05
9.4025042181e-04
2.2588912829e-03
2.0551897284e-03
-1.9315274772e-03
-6.9707422585e-03
-6.4511449905e-03
-1.9109149559e-03
-5.0155636900e-03
1.0198678912e-02
5.5865954504e-03
-9.1237388603e-04
6.2796569514e-03
-3.2064829782e-03
-4.3826490003e-03
5.8400308149e-03
7.7403374778e-03
-4.3738129785e-03
9.2741876287e-03
-1.0948541455e-02
-5.1993343164e-03
-2.8969939314e-03
-1.4769051311e-03
6.5826773124e-03
5.0403585180e-03
-1.8777308815e-03
-2.6607381983e-03
-6.5190733378e-03
-6.4323209826e-03
9.2793939877e-04
-5.1123107582e-03
-4.2781823354e-04
6.9842114144e-04
-2.0092522410e-03
2.0601438479e-03
-3.5350898779e-03
4.0738910296e-04
-4.2031941039e-03
-3.3703868681e-03
8.0042990680e-04
-1.7797281244e-03
4.9045656457e-05
-2.8649967255e-03
4.4568437631e-03
-6.0861697323e-03
7.7179785623e-04
6.9587702758e-03
8.3357305557e-04
1.6733062413e-03
-2.8121085944e-03
-9.0016791854e-04
-2.8499410213e-04
-7.3636160082e-04
3.0321566194e-03
-9.0937682038e-03
2.2346097980e-03
6.7149520890e-04
-4.4988216798e-04
-1.8421159474e-03
-1.1078012047e-02
-1.8939124915e-03
5.2211103116e-03
-5.7535299829e-03
-4.4324444265e-03
-1.5336902448e-03
-1.7398339328e-03
-2.4068712029e-03
-1.1075274914e-03
1.3719030176e-02
2.9458310386e-03
1.2969104460e-03
-1.7504968058e-03
6.8505031234e-03
9.3123969053e-03
8.3819655113e-03
4.7031635027e-03
-3.8356055724e-03
-4.2854490590e-03
-1.1100319417e-02
1.1229662793e-03
-9.0943186935e-03
4.8822464112e-04
2.0381011092e-03
1.4586003491e-03
7.6736764718e-03
-1.9572458564e-04
5.3105867012e-03
1.7557207927e-02
-1.6590817587e-03
-1.0383026828e-02
1.3522109492e-02
2.0285460005e-03
-8.3752823755e-03
4.4554854238e-03
7.8926814677e-03
1.0085600614e-02
4.5764447484e-03
4.8034775142e-03
-7.3499943948e-04
2.9628331326e-03
1.4446818254e-03
-6.3890957325e-03
1.6137732372e-03
-8.7604027136e-03
-5.7070319562e-03
-1.0035120874e-03
-4.0635585008e-03
9.0713042843e-03
5.6456464673e-03
-5.9108180475e-03
4.7410017094e-03
7.1198522703e-04
-2.3432985433e-03
-4.2318261423e-03
3.4782126865e-03
-1.4934387721e-03
-1.0992307754e-02
1.6174494459e-03
7.1408832754e-03
-7.1027823192e-03
-8.2725924458e-03
-4.8911948112e-04
5.8873546084e-03
3.3425247696e-03
-1.0868008262e-02
-1.5724776596e-03
1.7285156493e-02
-6.5484033519e-03
-3.1362456570e-03
7.6832082760e-03
9.3126099173e-04
4.5739504981e-03
-2.1460175027e-03
6.0156978321e-03
-1.2390956061e-03
-3.5604118142e-03
-3.6438207721e-03
-3.5306559127e-03
-4.2961003118e-03
-4.8640370116e-03
-7.7448445334e-03
-5.4110159229e-03
-7.1183085007e-03
-1.0938216273e-03
-2.5557875256e-03
-7.1593938984e-03
-8.3820346057e-04
-7.6504586112e-04
-5.4770994225e-03
-6.7833747966e-03
-9.8085012090e-03
-1.6519409046e-03
-3.2989848131e-03
-6.2811368606e-04
8.1744457840e-03
-1.1076262488e-02
-3.3688489975e-04
1.2385320664e-03
2.3542286995e-03
-2.4618594404e-03
-9.5332777263e-04
7.9001984568e-03
-2.4695023186e-04
1.2581655501e-03
-4.5337097991e-03
-7.2195973898e-03
3.1441012531e-03
-3.5535203857e-03
1.0549444108e-02
-2.4061680472e-03
1.1250560755e-02
-9.2433383900e-04
1.0141162226e-02
7.0527554742e-03
-1.2313955888e-04
7.1982992416e-03
-1.8881291746e-03
-1.4708240801e-03
1.8623781122e-03
-2.8347001593e-03
-6.1134452784e-03
-7.8052946175e-04
-4.0790471332e-03
5.7595858777e-03
1.8715683628e-03
-1.7313164940e-03
-7.0607187382e-05
1.3989126280e-03
1.0174677468e-02
2.6153650442e-03
-1.1969509153e-03
-8.6541597718e-04
-2.0449688458e-03
7.5934811251e-03
-2.1823950227e-03
1.4375660215e-02
-1.7733149422e-03
-2.7213165876e-03
-4.1786303382e-03
-8.2236022668e-03
9.2791147772e-03
-8.3303188400e-04
-7.4927944545e-03
1.1772990193e-02
-3.5246561415e-03
-4.9481191296e-03
-3.2060879653e-03
1.0778648244e-02
-1.0427701355e-02
7.3566269544e-04
-2.1524545814e-03
-3.4216722247e-03
2.2328407504e-03
2.0857344744e-03
2.3098511069e-03
7.3880147020e-03
1.0518228547e-02
6.1427790985e-03
-5.0712502174e-03
-4.3650521056e-03
3.9172159866e-03
-8.5240959979e-04
-1.3308937158e-03
5.4247568514e-03
3.5695537669e-03
4.4200665467e-03
2.4000839432e-03
-3.0603479770e-03
1.0743706907e-02
1.5790011265e-04
1.2374441620e-03
4.2727684229e-03
9.8252275407e-04
-4.1393358182e-03
-8.8246123444e-03
-7.4551763811e-03
6.1089092585e-03
-5.5243187736e-03
-6.7909065426e-03
4.1364187578e-03
-2.1599467117e-03
4.2304554519e-03
-4.3475446845e-03
1.8264027914e-03
-4.4744987001e-03
-1.8079459046e-03
-7.7086131009e-03
2.8865475774e-03
6.9100238386e-03
-1.1061214377e-03
-1.1077995135e-02
-2.8506626584e-03
-7.8005637722e-04
-2.2035052285e-03
4.1482499165e-03
4.3035580395e-03
4.4533897746e-03
7.9798190151e-04
1.3933618375e-03
3.4898351485e-03
-9.8120421612e-03
1.2694212176e-02
5.8522376857e-03
2.4955161791e-03
1.1110562155e-03
-4.9403256140e-03
-2.8364758248e-03
-7.1890294102e-03
6.1759540061e-04
-7.2364056968e-03
1.8343877702e-03
6.0274817693e-03
2.1983053701e-03
-9.6441960826e-03
-1.1604785729e-03
-1.2621070423e-03
-4.2500256826e-03
-3.2177907516e-03
-2.2528578299e-03
4.0586463919e-03
-3.1106633024e-03
1.4324859821e-02
5.0977121592e-03
7.9400632394e-03
-3.2276683581e-03
7.2987196224e-03
2.2733189653e-02
-6.7086741080e-03
4.1383784853e-04
2.0615114519e-03
-1.2767325463e-03
9.4847299681e-03
-2.1441458935e-03
3.6402432920e-03
1.3906178582e-02
5.1943577249e-03
-7.0375306710e-03
1.9422841557e-03
1.7250027278e-03
4.0731923850e-03
1.4498959709e-02
4.4565496847e-04
1.8413926453e-03
-1.8558831206e-03
-1.5194191780e-03
1.1133140895e-03
3.9352379923e-03
1.6075313494e-02
-5.5762211753e-03
1.6582110125e-03
9.1782113062e-03
-3.4285040409e-03
6.3319550456e-03
-5.0729921440e-03
-8.3947624060e-03
-1.0054350915e-02
-4.5123333267e-03
1.2136897856e-02
1.8763608129e-03
-1.0965592081e-02
5.3095232449e-03
-2.5835465597e-03
-2.5795943449e-03
-7.5293561319e-04
3.2597350040e-03
-2.1979337341e-03
1.2179058073e-02
5.9235589461e-03
4.5640755820e-03
4.1399824595e-03
9.1210231415e-03
4.3543900998e-03
-1.0872639609e-03
-7.4481194508e-03
4.0401423557e-03
-3.7315706876e-03
5.9115260804e-03
2.3367384122e-03
3.2124462452e-03
7.5598067331e-03
9.5969538354e-03
3.4993597858e-03
-9.4120159154e-04
-1.2595409488e-03
1.7013258091e-03
-1.0814519792e-03
8.7817736990e-04
-1.2227769050e-02
2.1684089336e-03
1.0564486313e-03
-5.2398252010e-03
-5.9307196036e-03
-1.4824293596e-03
4.9479234807e-03
3.8179766450e-03
4.0336420192e-03
4.0617307148e-03
-9.9214232300e-04
-7.2354504160e-03
-1.2012729839e-03
-2.3260469876e-03
-7.7697581740e-03
-8.4064949609e-03
1.0115676848e-03
-7.1761131027e-04
1.9481882095e-03
1.1915937723e-02
2.0644628283e-03
-6.0479846495e-05
1.9341266140e-02
-1.4480932509e-03
2.1051137945e-03
-1.2532982437e-03
-6.5652880386e-03
-9.5911834781e-03
4.7091878378e-03
-6.0674386243e-03
-4.5245379897e-03
1.1391959381e-02
-7.1378763811e-03
-1.1833569704e-03
-4.6916254033e-03
-9.7745368975e-03
1.4585906639e-02
-4.9349289531e-03
2.6166277397e-03
-7.1393304117e-03
5.6301979162e-03
-1.0669124951e-02
-6.6062493332e-03
-2.5911020663e-03
-5.3738035642e-03
-2.0238863295e-03
4.6448070916e-04
-4.2009425163e-04
-7.6206264569e-03
-1.4165226551e-03
7.4304731666e-03
6.8405827509e-03
4.1182455302e-03
-4.2447684810e-03
-2.5852724222e-03
-2.6871368788e-03
-2.6588156570e-03
-1.2612124345e-04
4.5089631198e-03
5.0569235723e-03
-3.4715924038e-03
3.1427991914e-04
2.5987007842e-03
-4.6732446002e-03
-1.0445798852e-03
-1.1708163856e-02
9.3344369202e-03
-5.0720706331e-03
2.9196770014e-03
-2.2039851882e-03
-1.8329891098e-03
8.3656018355e-04
5.4602459875e-03
2.0724826197e-04
-2.4787297543e-04
3.1792659281e-03
-2.8921439338e-03
7.1433251542e-04
5.5882705626e-03
-5.9960763879e-03
5.8671624002e-03
-1.4796704879e-03
-1.1677858389e-02
-1.6085214934e-03
1.7021664984e-03
-4.3022444147e-03
-6.3214469230e-03
1.4505128680e-02
1.1751257324e-03
6.9049784783e-03
-1.4657029556e-03
1.1746810414e-03
-8.3391580728e-03
-5.6439962346e-03
-1.1205818396e-03
-9.9158328431e-04
5.2326051998e-03
-1.0163287106e-02
6.9935158958e-03
-2.5975722710e-03
7.6279563994e-04
9.9418240106e-04
-6.1683683148e-03
2.8302220976e-05
-1.2660168251e-02
1.4430703653e-04
9.9332214413e-03
-8.1337889378e-03
-1.3064069660e-03
8.6659635633e-03
-9.6792316234e-04
-7.6501649606e-04
1.0277049241e-02
1.5429779825e-03
4.9811881977e-03
-5.9980635384e-03
5.6773584794e-03
2.9574359568e-03
1.6882944451e-03
2.5229874575e-03
4.9825052116e-03
-1.2721774109e-03
-3.5779357640e-03
5.2583179913e-03
-3.5095521629e-03
1.7223409827e-03
-2.7817538815e-03
4.4200931366e-03
-3.2359905939e-03
5.4177746491e-03
9.3472542612e-03
1.0061069757e-03
3.3318945688e-03
6.1635130982e-05
5.1467518361e-03
3.0992216555e-03
-4.3841059108e-03
2.9182572270e-03
-6.6109252202e-03
5.8861834221e-03
1.7453337086e-03
3.5682024285e-03
6.4714279993e-03
5.0461386218e-03
-2.0440132112e-03
-3.1470844893e-04
9.2961456653e-03
-3.8290604965e-03
2.9560021172e-03
5.4288463250e-03
5.6034019180e-03
1.5056201036e-04
3.6608114955e-03
4.0104423426e-03
7.5051585616e-03
-6.1652859787e-03
1.0044026422e-03
-4.4132358389e-03
6.6323044383e-04
9.4383574415e-04
-5.0254301703e-03
3.3886708501e-04
7.9378036979e-03
-1.3180428797e-03
4.6406654223e-04
5.7948461034e-03
-2.3194373647e-03
1.4763348877e-02
-1.1404821602e-03
-1.2224102426e-02
-7.4247157158e-03
-3.2823622923e-03
-9.7041172261e-04
-5.8908484922e-03
-7.5188064025e-03
1.1496823607e-02
-4.5768331996e-03
-3.0799034553e-03
-5.4801754405e-03
1.1869064869e-02
2.3255444144e-03
2.4828815842e-04
1.9098456586e-03
5.7082313623e-04
9.1177917176e-03
-6.2495698068e-03
-3.1386387152e-03
-5.3003381655e-03
1.5847854302e-02
1.5478616921e-03
-6.8005040179e-03
7.6968064235e-03
-4.6572405867e-03
-8.8324650181e-03
-3.5165924416e-03
-7.0110203702e-03
1.0395982783e-02
-6.7417018344e-03
-4.5926065059e-03
2.0083723563e-03
-2.1378518063e-03
3.3246402997e-04
-5.0360306083e-03
-4.7498900666e-03
2.2231084616e-03
-3.2930101193e-03
-6.9627416908e-03
-9.6056359138e-03
-3.8955999110e-03
5.5235859121e-04
4.2529532949e-03
7.8019285136e-04
-1.2255539343e-03
-3.5784154210e-03
-1.0082808072e-02
-6.3963646041e-03
-2.6574788184e-03
-5.3711335957e-03
-3.3549084139e-03
-2.2914962044e-03
6.9159728014e-04
1.0474395871e-03
-8.8961153101e-04
-1.8955753988e-03
-5.3303824295e-03
9.1048594144e-03
-9.2881391964e-04
-5.2566261532e-03
-6.8833447946e-03
1.0193274464e-02
-7.7879661729e-04
9.7865006892e-03
7.0795620308e-03
7.3629373063e-03
4.2745895153e-03
-9.9174491148e-03
-6.9542624385e-04
-3.9700768957e-03
-1.1543312878e-03
4.7210451497e-03
-6.2164752523e-03
-8.0827391999e-03
2.5035544011e-03
-6.6038894884e-03
7.3309662224e-03
-7.5640084925e-03
-7.0941352441e-04
-2.8893915594e-03
-4.2660348252e-03
2.0459163942e-03
6.0177239363e-03
1.6383785466e-04
3.5886753155e-03
3.5725950093e-03
-4.7220487887e-03
-2.4900122200e-03
-1.2435592705e-03
-6.0986180414e-03
-2.1512517857e-03
-3.6401082238e-03
4.8407773926e-03
-3.2058524574e-03
-1.4028801999e-03
1.5763823384e-03
8.8356444481e-04
-1.8927896838e-03
-5.2562650955e-03
-6.3828662682e-04
-8.6956612559e-04
-1.6131178798e-03
-4.2493410077e-03
-3.3322363884e-03
-2.1442374125e-03
-4.1137879029e-03
-2.6522910076e-03
-8.0045733327e-03
3.4944524944e-03
5.4142848573e-03
4.6220712995e-03
-9.0336490623e-03
-8.0475386631e-03
-1.3285771400e-03
-1.6313298940e-03
7.7340942931e-03
-3.2829334799e-03
-5.2629652114e-03
-5.5125092605e-03
-2.0158415404e-03
6.5959647587e-04
-2.0903092448e-03
-4.1384468089e-03
-2.3223811189e-03
-3.4621074415e-03
3.2789921286e-03
-2.1151785025e-03
1.5242083015e-02
2.1272586894e-03
3.2553282527e-03
-1.3904356622e-03
-4.8432275213e-03
-2.9177438419e-03
-1.0218590294e-02
-5.6003180620e-03
-2.9115507617e-03
5.6935991612e-04
1.6067439105e-03
-5.9739914000e-03
-3.4306830806e-03
-2.4900553579e-03
-3.8900096437e-03
1.1861040430e-02
-5.0466713131e-03
-1.2264558812e-03
-2.4370581040e-03
-3.4813294888e-03
-2.7297188154e-03
-6.3173963126e-03
-3.8951005852e-03
2.3776898062e-03
-5.4611056922e-03
-1.5207010833e-03
-6.2631712243e-03
-3.0573005106e-03
-4.4118126550e-03
-8.7902449685e-03
-3.4767895047e-03
3.1606584131e-04
-7.7023165813e-03
-1.7613826985e-03
-8.7258482474e-04
-7.4821553605e-03
-1.7719299812e-03
-6.5707295666e-03
-3.4425335304e-03
2.4493768605e-04
2.2100369160e-03
2.7289451273e-04
4.6492298551e-03
-1.3999081098e-02
-3.0350414482e-03
1.5000816689e-02
-6.2064940620e-03
-1.4958882017e-03
-4.8373321716e-03
1.6975801291e-03
8.0438837266e-03
-2.7367753428e-04
7.1087137609e-03
2.8989611417e-03
2.7737487364e-03
-3.5334426469e-03
-8.8598357836e-03
-2.0316888234e-03
2.4690372992e-03
2.7194499216e-03
8.5495127154e-03
-4.2514284332e-03
-4.9117519138e-03
3.5019926307e-03
3.0858922060e-03
1.2661514631e-02
-9.9383037545e-03
-1.9824446064e-03
-2.5770569927e-03
-4.0029130519e-03
4.9971282454e-03
9.5273352147e-03
-2.5322760721e-03
3.0523955491e-03
-5.2117675709e-03
-2.5431340881e-03
-5.1946042235e-03
5.6438061499e-03
7.3483139207e-03
-9.4347584359e-04
7.2991766994e-03
-1.3312272137e-03
6.1770127930e-04
2.9415692800e-03
-3.8319531861e-03
-2.8343033802e-03
9.7262582417e-04
-3.3464946536e-03
1.5821646106e-02
-4.4860655557e-03
-3.8677891093e-03
-2.4189515448e-03
8.9740357624e-03
-7.8124606713e-03
-6.2515314368e-03
-9.7148794409e-04
3.2594380954e-03
-3.0162732154e-03
-7.9335205822e-04
-8.0069214515e-03
-1.8998679201e-03
3.2235276340e-03
6.7210895145e-03
1.6887222423e-03
1.8000885801e-04
-7.2294107882e-03
1.7152976033e-03
-7.1715916803e-03
-3.8887220042e-03
-4.9354493074e-03
3.3120651407e-04
-4.7924910526e-03
-4.5026351319e-03
-3.4027338605e-03
4.4741141444e-03
4.3949080691e-03
1.4020570579e-03
-3.0545626540e-03
-2.8338736430e-03
-3.8764515976e-04
-3.0216307197e-03
-2.0736992351e-03
-9.5896437475e-03
3.6849547038e-03
4.0262620336e-03
-9.0374443446e-03
9.3594520201e-03
2.6721552860e-04
-6.7568814322e-03
-3.0800306710e-03
-3.8939787348e-03
-4.8900206567e-03
-4.2510620440e-03
-4.5173635602e-03
-2.5687683831e-03
-5.3259669147e-03
-4.8363071030e-03
1.2446327138e-03
-1.6825908462e-03
-2.0906377784e-03
-9.9640771816e-04
2.3089792676e-03
-1.3760438302e-03
-2.3938506193e-03
1.1205604052e-02
-2.6766863306e-03
-3.0477071156e-03
-5.5041876601e-03
5.3620773152e-03
5.1766439503e-03
1.9206394841e-03
-5.2808074965e-03
2.8599698594e-03
1.0637692001e-02
6.1916310758e-03
9.7547942035e-04
2.5203978629e-03
-3.6067470031e-03
-7.8259025205e-03
4.2614635604e-03
5.5233930495e-03
-6.0769881610e-03
1.7071435645e-03
-2.9697618053e-03
4.9437952799e-03
-2.0667619097e-03
-1.2806054554e-03
-7.8575691128e-05
5.2048026771e-03
-4.9386562202e-03
-3.0873508806e-03
-1.1100423311e-03
-4.3995726733e-03
1.0537859996e-02
6.5336809957e-03
3.9775872170e-03
5.1737132992e-04
-9.9832180231e-04
-1.3071211274e-03
-1.4828032277e-03
1.0876789108e-02
-6.8777573152e-03
-7.9261742549e-03
4.3585994498e-03
-3.6363413831e-05
-7.4108911566e-03
8.8867852467e-04
7.3092409602e-04
1.0187456674e-02
3.4214099059e-03
1.7158055629e-02
5.9291673865e-04
6.5105628426e-03
-2.4065828588e-03
1.0457654387e-02
3.7090851539e-03
5.2648642533e-03
-3.9328794997e-05
-1.4568241647e-03
-6.3200866049e-03
1.3508848650e-02
-1.2788868810e-03
1.0502717197e-03
-5.6947438835e-03
9.4811201278e-04
-2.4660664211e-03
-4.6869673881e-03
3.1228768938e-03
-1.1776463132e-02
-6.5321586452e-03
-2.1766245963e-03
4.9979640333e-03
-3.9380110571e-03
7.9795245411e-03
-1.6891929870e-03
-7.3172325627e-05
6.2549904956e-03
7.0376243732e-03
2.0965600985e-03
3.1906344558e-03
-9.9823385224e-03
7.9803121900e-03
-4.5432540862e-03
2.1043194365e-03
-4.6474037703e-03
3.6816592305e-03
1.1195854058e-02
-4.5253911397e-03
-6.8227691768e-03
-2.8538675502e-03
-8.0044002500e-03
-1.5675498278e-03
3.7911279193e-03
-3.5562663456e-04
-4.0131330526e-03
2.0630355372e-02
9.1584981266e-03
3.9973058156e-03
-4.9128107543e-04
1.4103531227e-03
4.2555604798e-03
-1.8019911101e-03
-8.1724271946e-03
1.1658668062e-02
4.3514850941e-03
-2.1716904884e-03
-3.2948858382e-03
-5.8322042121e-03
3.8558487353e-03
-2.1773502591e-03
-1.2568153778e-04
-1.6096081609e-03
-4.3055120275e-05
7.9990718355e-03
-5.6425245508e-03
-1.0995778727e-02
-3.1457940455e-03
-7.8803843521e-03
-2.8949398132e-03
4.6667791500e-03
5.9012495351e-04
-3.8619036499e-03
1.4031191595e-03
2.5447165238e-03
6.3462514755e-03
6.0071392048e-03
-3.4148759051e-03
-3.7034003984e-03
-4.8177955007e-04
-1.0326154420e-03
5.3386258034e-03
7.4450599222e-03
-3.2948336792e-03
-5.7303185527e-04
4.7720128876e-03
3.1710194117e-03
-8.5910441016e-04
-8.8923589347e-04
3.8297938328e-03
-4.8365478737e-03
-6.3013281277e-03
-3.5294315788e-03
7.7645626328e-03
1.3155691642e-03
-7.8208277100e-03
-8.1552921138e-03
4.1215685898e-04
-5.2836149892e-03
-9.2345917696e-03
-7.2759799794e-04
1.2821985710e-03
1.0478082590e-02
6.7398625739e-03
-4.5154676696e-03
8.2080935678e-03
1.2178654761e-03
-1.8889623604e-03
2.2294882197e-03
-7.2360844382e-03
9.6351980046e-05
7.0286154503e-03
-6.4392124604e-03
-1.1086696377e-03
-2.5682479290e-03
8.7720947171e-03
-5.8918945234e-04
6.1092581230e-03
-4.3465649890e-03
3.0568546579e-03
-1.4853838998e-03
-1.6365430953e-03
3.4046915295e-03
-9.0410157216e-03
-1.2567874320e-03
-1.8687906358e-03
8.1457640610e-04
9.2869682589e-03
-7.1406370814e-03
-1.5400940727e-03
4.3774926900e-03
-5.1747166548e-03
-5.1299610118e-03
9.6279642739e-03
2.1115076868e-03
-5.9564463197e-03
-8.3553735692e-03
9.0074291664e-04
9.5777924908e-03
-4.4945699552e-03
4.9244313656e-03
-2.4356884286e-04
2.8939882478e-04
1.4966034294e-04
7.9626627722e-03
-2.3177235584e-04
1.4935769471e-03
1.2083033123e-02
-7.9833825987e-04
-1.2795311657e-03
1.6232674300e-03
-2.4829238057e-03
9.3017332000e-04
-4.3800743195e-03
5.9995731264e-03
6.9990417341e-03
1.5354508278e-03
6.4275450760e-04
1.1405464750e-02
-1.4637731824e-03
1.4678818947e-02
9.1552529267e-03
1.1265699049e-04
-2.4885534153e-03
-6.2656533674e-03
-8.7270990110e-03
-3.1546381405e-03
-2.3078814712e-03
1.9052316784e-03
-1.8329635581e-03
7.0546005359e-03
2.8726303668e-02
1.2069055168e-03
4.0636006520e-03
3.9650604395e-03
-1.5191415556e-03
4.0963270472e-03
-7.1907643688e-04
-6.1338174305e-04
-9.5990607578e-03
-1.6568374563e-03
-5.3339364049e-03
-6.5404810621e-03
-4.2074638859e-04
5.1392470028e-03
-7.0851695648e-03
6.7618681155e-03
2.5403161507e-03
1.0128822078e-02
4.9952774903e-03
5.9194059003e-03
9.9984920691e-03
1.5435098222e-02
-3.5655239524e-03
-5.8444176346e-03
1.9080295541e-03
-9.3379143352e-03
-9.8824487919e-04
-1.1682386098e-02
-1.9178483982e-03
-1.9567707437e-03
2.1741905675e-03
-1.2015635626e-02
-2.7261213805e-03
-9.4777917858e-03
-2.5126006459e-03
-4.5764803181e-03
6.3920145145e-04
5.8523933689e-04
4.7070396563e-03
1.1055134561e-02
-5.9264287561e-04
2.7485487458e-04
6.8731000202e-04
5.0324435382e-03
5.1884028704e-03
4.2007339555e-03
1.1409365605e-03
8.0866120849e-04
1.5882399614e-03
-4.6018994057e-03
-1.5138270883e-03
4.1834952267e-03
-4.0160068086e-05
5.8884250990e-03
4.7615408268e-03
-1.5017182522e-03
-5.7067539909e-03
1.4051987338e-04
-4.9657592648e-03
2.1409067492e-02
-1.3522809941e-04
2.7982158614e-03
-4.0725844981e-03
1.8310291824e-03
3.3675361040e-03
3.6524311384e-03
5.1776784341e-03
1.3940076556e-02
1.4189636633e-02
-3.0190997508e-03
-5.6261381712e-03
8.3659546594e-04
-7.5882473842e-03
1.7873838387e-02
-1.9868750303e-03
-7.5636353417e-03
-4.3035849022e-05
-4.0559995870e-04
3.6865371598e-03
-3.5347867446e-03
-3.0999010730e-03
6.4650276038e-03
2.1279359157e-03
-5.0440179618e-03
-1.1219903038e-03
2.1100534107e-03
-1.8732095192e-03
3.7847024644e-03
-3.0927932270e-03
-7.0644686212e-03
-8.5950259275e-04
1.8919094525e-03
-6.9994474687e-03
1.3720451568e-04
-7.2808631359e-04
4.4097791354e-03
-4.0906983973e-03
-2.8924681599e-03
6.4603440208e-03
-6.9507827348e-03
-4.8451377655e-03
-3.8390068987e-03
2.4575856329e-02
-4.7212315523e-03
-5.1412459279e-03
-2.6930215427e-03
1.0423210219e-03
1.5982826099e-03
5.3451507157e-03
2.0403892129e-02
3.3943094366e-03
-6.2480869458e-03
-3.1850510613e-03
-2.1701257334e-03
4.9157501905e-03
1.1938684562e-02
6.9722177761e-04
3.3505143510e-03
-3.3651134465e-03
4.0742600684e-03
3.6411513935e-04
4.5398012774e-03
-6.3073939794e-03
5.0849150069e-03
1.1162115670e-03
-2.3392993510e-03
-4.6980209244e-03
-2.2045131335e-03
-1.4024490267e-03
-8.1544688389e-03
4.9102665564e-03
7.2386914211e-03
2.8057461860e-03
1.4262165215e-02
-1.1103446694e-02
7.9453583795e-03
-6.7909586824e-03
4.1130031153e-03
-6.2613658585e-03
-3.1952001436e-03
4.5307440657e-03
-4.9300455541e-03
-7.9609059078e-04
-3.2974619693e-03
-1.2664265628e-02
-6.0459098857e-03
-4.4751900672e-03
-7.6658946542e-04
1.1418650291e-03
-3.4733742396e-03
3.8108618091e-03
-5.5874700865e-03
6.5429986631e-03
3.1391929804e-03
1.3590431857e-03
6.1718978807e-03
-3.7995479194e-03
-8.8809196296e-03
-6.6634351624e-03
-4.5728482399e-03
-4.5134287343e-03
2.0177342372e-02
6.7224933160e-03
-6.6308368742e-04
1.9042455805e-03
3.4484912087e-03
-3.3939416793e-03
-7.5853971384e-03
2.4038312952e-03
-4.3693171190e-03
6.6577041597e-03
-5.6331115657e-03
-1.5893260601e-03
-2.0552451589e-03
8.2677414197e-04
1.4917686271e-02
-5.6014652258e-03
-4.7590296277e-03
2.7562714064e-03
6.3535424701e-03
1.6716751240e-03
-3.8634049378e-03
-1.3451159480e-02
-2.5693136131e-03
6.3084651853e-03
-7.2877063072e-03
-1.6485689373e-03
-1.6147254917e-03
7.5435269264e-03
6.2955758047e-03
3.6115498694e-03
3.0384617334e-03
-1.6533159551e-03
-1.0489585893e-02
-6.3616736046e-03
1.2839356603e-02
-5.4078311876e-03
9.5529085935e-03
-1.5922598706e-03
-3.2752613304e-03
2.8906368017e-03
-3.1772179289e-03
5.9328494356e-03
-1.9809231726e-03
3.2365771141e-03
-5.9652014789e-03
-6.1122478614e-04
-2.6211664414e-03
-5.7136866857e-04
1.3840695967e-03
5.8980527699e-03
1.5373938272e-02
-4.0493780909e-04
3.9124018154e-03
-9.0716775042e-03
-2.0886679577e-03
9.1543198729e-03
-4.1005146865e-04
6.7880654979e-03
-5.1541479946e-03
-7.8410053966e-03
9.3991061156e-03
7.2373066572e-04
1.3415158189e-03
4.8878645263e-03
-2.3337248464e-03
4.5734320985e-04
4.8673102733e-03
1.4304164421e-02
-4.4378228176e-03
4.0040122575e-03
-1.1402290701e-03
7.8622765147e-04
6.3963311441e-03
3.7609239450e-03
6.6666697838e-03
6.8357638845e-03
-8.1786703350e-03
-6.5575600831e-03
-7.5458116551e-03
4.8784014080e-04
2.1567299529e-03
3.8668345763e-05
2.5462792620e-03
-5.5475805025e-03
-8.4543864508e-03
4.1102810254e-03
-5.3129174439e-03
3.2270046938e-03
2.8184700022e-03
-8.6076515263e-03
5.0726512665e-04
-3.1794412057e-03
-4.6264730567e-03
3.6485754798e-03
-1.3269900946e-03
-5.8943968825e-03
-5.2135011879e-04
-4.2989471349e-03
5.4224203427e-03
2.4432814499e-03
-1.1714644668e-03
2.4215449512e-03
-1.7225864516e-03
8.2736807346e-03
2.7695986457e-04
-2.1491725875e-03
6.4353389993e-05
8.6675389902e-03
-3.9656623163e-03
-3.0358904643e-03
-8.7315045459e-04
-4.5767749079e-03
-2.0127484442e-03
-2.4564898555e-03
-5.4719653479e-03
-5.5991500938e-04
4.2649033122e-03
-9.4188933493e-03
1.6549774623e-03
-7.0067573482e-03
3.2401748423e-03
-5.1913685007e-03
-3.1330607664e-03
-1.4178387319e-03
-1.1152595187e-02
-4.2384669666e-03
-1.8459179823e-03
-3.8059094938e-03
-1.2820946896e-03
1.0471211037e-02
-1.2712820365e-03
-8.9441301236e-04
4.3510480382e-03
6.2074777310e-03
1.0714824662e-02
1.5887441736e-03
-4.2729280728e-03
-5.0399160019e-03
1.0000411727e-02
-4.8375951085e-03
-4.0464287758e-03
-3.6837694865e-03
-2.8645179574e-03
-2.0800223282e-03
3.9112961965e-03
-3.0202159467e-03
2.5877311996e-03
4.5817451187e-03
-2.1384627113e-03
-6.3488448210e-03
-5.3286393819e-03
-6.3118994695e-03
-6.1461432254e-03
-7.1807403783e-03
-5.6311416201e-03
2.3927469133e-03
-2.1342451798e-03
-2.0682942341e-03
-4.1336651909e-03
-9.3411378808e-05
2.2924749120e-02
-4.7378397314e-03
-5.1079889020e-03
-4.2279682882e-03
1.6284494059e-02
-6.5870599070e-03
6.6328155878e-03
-1.3477358577e-03
1.7211487448e-03
-2.1783601546e-03
-1.3898579755e-03
3.7850442411e-03
-6.7245137269e-03
1.1489896457e-02
3.2614720077e-03
3.7874988490e-03
2.2499880630e-03
-5.5478496147e-03
-7.8425647755e-03
6.0732947742e-04
1.4201802255e-02
4.3774312048e-03
-5.1312595383e-03
1.2256085776e-03
6.9875440444e-03
-2.3125345013e-04
-2.6349591899e-03
-5.9948628607e-03
7.6279544677e-03
7.8558169420e-03
-7.3179492755e-03
2.1248687646e-03
-1.1161078933e-02
9.2660327619e-04
-4.5238996420e-03
9.1126131992e-04
7.0173839789e-04
2.9469404464e-03
-4.9719459897e-03
-2.8372182656e-03
1.1506456939e-02
3.7666643398e-03
6.5657170183e-03
1.1428391710e-03
4.4583994847e-03
9.7166612515e-03
1.0905769467e-03
-1.6724755733e-03
-8.7372450938e-03
3.7284084454e-05
2.0623886485e-02
2.1739870376e-03
1.4115557303e-04
-5.5361484248e-03
-5.2298255279e-03
8.2670356320e-04
2.2572743065e-03
6.3401313793e-03
5.7813371287e-04
-3.3208389048e-03
1.3035131348e-04
-8.7199273721e-04
-2.5406418096e-04
-1.3826617512e-03
-6.1147891151e-03
-2.1999213658e-03
-1.2684462631e-03
-5.2554342173e-03
4.0821368406e-03
-1.8404028987e-03
-1.8723841708e-03
-1.2998056335e-03
-6.7263889665e-03
2.7853618048e-03
2.5069571111e-02
1.8469103350e-03
-1.2931010619e-03
-4.1337206093e-03
5.8863623217e-03
2.7901299600e-04
4.3490401479e-03
-6.9175719062e-03
-9.9407897947e-03
1.0502683743e-03
-4.6729364557e-04
6.5465856004e-04
1.4401304850e-03
3.3401730277e-03
-3.0928504802e-03
-1.5089540487e-05
-6.2490560761e-03
-5.1523497628e-04
-9.0941418263e-03
-2.9260852989e-03
2.8065445426e-03
5.2401067328e-03
4.3881550765e-03
-1.5306666697e-03
7.2447448516e-03
-6.9170385891e-03
-1.3682304853e-03
2.5034055356e-03
1.0853369198e-03
-1.8353383084e-03
-2.0900929009e-03
-1.4196109950e-03
-3.6856511344e-03
2.2105460803e-03
-2.8842082257e-03
1.3776491395e-03
-9.5434041415e-04
-2.4275621160e-03
-1.1188570331e-02
1.2724350123e-02
-2.6085171270e-03
-1.4272198669e-03
5.6834877301e-03
-8.3054105540e-03
-4.5798170201e-03
3.6127367780e-03
1.9179061732e-03
3.3670825475e-03
-5.4540738754e-03
4.8997204359e-04
-1.9429415172e-04
-3.7397303780e-03
5.5789434988e-03
-3.1940689324e-04
3.5440210044e-04
-1.5084923483e-03
-5.4591017969e-04
-3.3979077864e-03
8.0920446587e-04
-4.1290687717e-03
4.4908847710e-03
1.9806339745e-03
-6.5451762539e-03
2.4984093466e-03
-3.4724421473e-03
-1.1074659350e-02
-5.8216265940e-03
6.9620606587e-03
-5.3283748251e-03
-7.0982769090e-04
2.4808441847e-03
4.5488443403e-03
-1.1328615549e-03
-1.0195307258e-03
-2.1551871695e-03
-6.1216809500e-03
-8.4151811960e-03
2.1038937247e-04
-6.1157157324e-03
-1.2140962750e-03
-5.3010059670e-03
2.7192264553e-03
6.9994624786e-03
1.1033264581e-02
-4.1375216428e-03
-1.3255694859e-04
-8.8690984705e-03
-1.7115346534e-03
1.6858126924e-03
-5.6498521377e-03
9.0245160940e-03
-4.6163338948e-03
8.5672368932e-04
-3.5499902023e-04
1.3444633486e-03
-4.6084291204e-03
-3.6600774470e-03
-5.0308145432e-03
2.4519240049e-03
6.4633782704e-03
-9.7346083230e-03
4.4538036571e-03
-1.5980635841e-03
-4.1226216849e-03
-5.9101632373e-03
8.2360075224e-03
-3.9272662086e-03
-4.4975434989e-04
2.0018218949e-02
-1.1746368363e-03
5.7043326724e-03
-2.1309701312e-04
6.9996759373e-03
-1.2467803487e-03
6.1107761317e-03
-3.8345565849e-03
-1.6549988935e-03
2.7748479694e-03
5.2966185582e-03
-3.7532683007e-03
1.3109920007e-02
-1.1532136702e-04
-2.3490326166e-03
-1.0537942134e-02
5.1929541511e-03
-4.1056400857e-03
-5.6908311799e-04
-9.0222103631e-04
7.2111182411e-03
6.7598959086e-03
-6.0972424329e-03
4.3155859744e-04
1.3197095143e-03
-2.1212969826e-03
1.6730705003e-03
2.6475667008e-03
4.9073054417e-04
-1.3097129506e-03
1.7639642831e-03
-1.0291237256e-03
3.9087008842e-03
2.1603289066e-04
-5.5404164544e-03
-1.8750961501e-03
-3.1077913205e-03
-2.4902149691e-03
6.6989628489e-03
6.8663721821e-03
3.1161185341e-04
-1.1281197190e-02
-2.0989704634e-03
7.3192633652e-03
4.4014180249e-03
-2.3225794449e-03
3.5581147672e-03
-3.5039501462e-03
4.0643498998e-03
-4.4601053290e-03
7.7797177736e-03
1.3250940127e-04
9.5482254186e-03
1.6640969514e-03
-5.1551129066e-03
5.4036061820e-03
1.4748120079e-02
-3.1469100263e-03
-3.2353150279e-04
-6.8727997369e-04
-1.4539645140e-03
-6.7399513665e-03
-9.0419453570e-03
7.3419480101e-03
-1.8916467303e-03
-1.1424102128e-03
-3.5382888354e-05
4.1383267262e-03
-3.6874081194e-05
7.8377436407e-03
5.1706062270e-03
6.5700985390e-03
-4.4889300053e-03
9.5674427056e-03
-7.9047513069e-05
5.6762145499e-03
4.4414105266e-03
-9.1792935109e-04
-1.9351059462e-03
-8.9123169001e-04
-2.5618649002e-03
8.9444642263e-04
2.7725854917e-03
-1.2386807061e-03
5.2340814995e-03
-2.5352714440e-03
1.3727225273e-03
8.9535216275e-04
-2.5306689447e-03
9.3441241577e-03
2.4742137913e-03
5.4671458443e-03
-1.3259945036e-04
-1.2501053673e-03
-3.5273052797e-03
-1.8501871168e-03
1.4890184563e-03
6.1711478736e-03
3.8712944812e-03
1.6067553861e-03
-6.1658848940e-03
8.8728902805e-03
3.3098817439e-03
-2.3767019240e-03
-1.7712406545e-03
1.1061710322e-02
-2.1437340514e-03
1.1582203152e-04
-3.9378965524e-03
-6.1064065965e-03
4.8443564219e-04
-5.4650667241e-03
7.6522326007e-03
-2.5175879094e-03
-9.5808780920e-04
-9.2097212818e-04
6.1878565202e-03
3.1050444821e-03
1.1804675124e-05
-3.1777894827e-03
-7.7825369796e-03
-3.4258500564e-03
4.6422218165e-03
-9.1677325167e-03
6.4103113238e-03
-1.0918828869e-03
-4.9200327521e-03
-5.9907640756e-06
5.7660968376e-03
1.7787328289e-03
-3.8245626399e-03
-4.4103827893e-03
3.4157825166e-03
-4.5475980955e-03
-4.2932788643e-03
-4.0588536753e-03
-5.0247279125e-03
6.0574776845e-03
1.4781871193e-03
3.3241642649e-03
2.4561873616e-03
5.9614345397e-03
4.3222902692e-03
-6.6031539523e-05
-5.5909914295e-03
2.5658091938e-04
1.1444489538e-03
7.6522482008e-03
7.5049755695e-03
6.5457896856e-03
-9.0077092724e-04
3.7482421163e-03
-3.6733503071e-03
9.3229919120e-03
-6.4354556313e-03
-2.9842232976e-03
-6.1318261597e-03
1.1813566524e-02
-1.5197089361e-03
5.7434195909e-03
-1.7844968637e-03
-2.0105929036e-03
4.0925795058e-03
4.6918536630e-03
4.5315821996e-03
5.9329339486e-03
-2.3648171436e-03
5.3688109131e-03
-3.1410688947e-03
8.2504091577e-03
4.7249514956e-04
2.3004758832e-03
1.0980818611e-02
2.6624780538e-04
5.5395570260e-03
1.3679297127e-02
5.7159214503e-04
-7.2502477574e-03
2.1568996058e-03
3.3207830133e-04
-5.1222070329e-03
-6.0945546835e-03
-1.0848522142e-02
-2.6387026655e-03
3.8500169663e-04
1.0341429643e-02
1.6752283091e-03
-2.7037707311e-03
1.0703610047e-02
1.0246426286e-02
2.9811416597e-03
1.6653495224e-03
-1.5340365280e-03
2.7520529078e-03
2.3230198236e-03
1.1789460471e-02
4.6599622383e-04
-5.0839227082e-03
-1.9574995089e-03
-8.4198179019e-03
-4.6954472460e-03
-2.1118129046e-03
3.3104673173e-03
-4.4511761936e-03
-5.7609588156e-03
-5.7469804870e-03
5.0612104256e-03
-3.2558699120e-03
-2.8992970046e-03
3.4949108578e-03
-4.2499956252e-03
7.8206615449e-03
2.1759700018e-03
-4.4584039607e-03
-5.8808178875e-03
4.5606002049e-04
-1.7069414433e-03
2.5800237928e-03
-1.9214255351e-03
2.9541356396e-03
-1.7978566425e-03
-5.5660822362e-03
1.0172472461e-02
-3.5035377198e-03
-4.8639174860e-03
-4.6141336123e-03
6.3350328646e-03
-1.6753148491e-03
3.8155154242e-03
-7.4983071926e-03
-3.1417548838e-04
9.7858273975e-03
-3.9337249642e-03
-2.2948659755e-03
-9.1086403688e-03
2.1452320847e-04
-1.9346050654e-03
-3.1376751585e-03
1.5671883596e-03
2.9458481866e-03
8.0173743541e-03
-5.5247121371e-03
-2.1278970870e-04
1.1125082206e-02
7.7260842533e-03
5.1197458875e-03
-3.2004783631e-03
1.1724939232e-03
9.3415507966e-03
3.8159140052e-03
-4.1493438902e-03
-4.8144775945e-03
1.3297664790e-02
5.9013363109e-03
3.7284282745e-03
-2.5997811555e-04
5.0403893178e-03
-2.3577029392e-03
3.4096843165e-03
6.4197627712e-03
-6.5691380117e-03
7.2737878782e-03
-4.9203971096e-03
9.1416364152e-04
-1.4923829072e-02
2.1939853357e-03
-3.4358810965e-03
-2.1022938425e-03
-4.7795757251e-03
-1.6955145739e-03
3.0179236882e-03
-4.7157800541e-03
-9.9555385121e-03
-6.3377565369e-03
4.7399721434e-03
3.7923596237e-03
8.0831333390e-03
-1.9642559773e-03
-2.0591612567e-03
9.1768312230e-03
1.6546900145e-03
-3.3417572171e-03
3.5815897337e-03
-9.6469343233e-04
-3.6610164601e-03
4.8460002921e-03
3.3069628453e-03
-1.8079020018e-03
8.1930571651e-03
-3.9003582670e-03
-6.7985174015e-03
6.2134051920e-03
2.3252709616e-05
6.0172050078e-04
3.5720781196e-03
-6.1858539133e-03
-3.2962866393e-03
2.3569136379e-03
-2.3102326572e-03
-5.8409024838e-03
-3.4778819827e-03
-5.3861505341e-03
9.1250530513e-03
-3.6973614088e-03
-1.9011539482e-03
5.4026782005e-04
-1.8158965946e-03
9.3650589549e-03
-9.8064739491e-03
-4.1492660475e-03
-5.5088416083e-03
-1.1790430514e-03
-6.0407435286e-03
-3.4792099983e-03
-8.5601821904e-04
3.1690587482e-03
-6.6879507058e-03
-9.2779901818e-03
-1.7435606182e-03
1.3183775359e-03
5.3220268739e-03
-5.3855889504e-03
-7.7728163219e-03
1.8648568309e-03
4.9744421663e-03
-7.2778566293e-03
9.3901843519e-03
-6.9840921136e-03
-9.6919972208e-04
-5.1615895520e-03
9.4436212242e-03
3.1962802662e-03
1.1076982731e-03
1.6422277001e-03
-1.8722097737e-03
-1.9336735760e-03
-9.9891984712e-05
-6.6877174741e-03
1.3873938156e-03
-3.3781920484e-03
2.3186926664e-03
1.3585789600e-02
7.6989495659e-03
6.0516388955e-03
-3.7719437104e-03
1.5955125354e-03
-3.1047179123e-03
9.2079486692e-04
-1.8949987209e-03
1.0669121185e-02
4.3764797110e-03
4.1165366658e-03
-6.6436269441e-03
-8.8721272707e-03
-4.3242034292e-04
-6.1405633685e-04
8.6573676509e-03
8.1709314033e-03
-8.3978491231e-03
3.4931334218e-03
1.9522550609e-03
4.1107836179e-03
-4.8661434237e-03
8.0557239081e-03
1.3958835498e-04
2.1452051134e-03
1.8301672081e-03
-9.1436120444e-03
4.3472129405e-03
-6.8196783079e-03
-8.1754645039e-03
4.1425486007e-03
-1.1111827799e-02
-2.4407536143e-03
-3.2435992359e-03
-8.8436200379e-03
-6.8757473596e-03
5.7534616292e-03
-7.5123257499e-03
1.1503276556e-03
-2.2395747460e-03
-4.6929068246e-03
2.5045938947e-03
-4.9621616387e-03
-1.9880453023e-03
-6.4765096820e-03
-4.2098303876e-03
-3.9096831921e-03
2.7176374369e-03
-9.6058671260e-05
-9.2151455287e-03
-7.3543136724e-03
5.2580094982e-04
-5.4307389511e-03
5.1681355683e-03
5.3517124595e-03
3.5884678562e-03
1.3802213117e-03
-1.0692800013e-02
-3.9519552285e-03
1.0659412475e-03
9.1306020463e-03
-3.5050937992e-03
-7.5889826882e-03
-3.0205860395e-03
-1.0037405332e-02
6.6823492294e-03
-8.4934983639e-03
-4.5224247426e-03
-5.3393285872e-03
3.2731990676e-03
3.1329160986e-03
-2.2692489474e-03
7.0108731566e-03
5.3625436327e-04
4.2001540856e-03
-2.7968460046e-04
-5.3548361191e-03
1.1472770750e-02
3.9467499369e-04
5.9488850152e-03
-8.5907827765e-03
2.2204181904e-02
3.1080836906e-03
-1.6454912745e-03
-4.0899261408e-03
2.1819199397e-04
1.9633887336e-03
5.9053349625e-03
-4.6917334187e-03
4.4195098698e-03
6.5092706203e-03
5.1885481105e-03
-4.9961621783e-05
-2.9534479851e-03
1.0390738231e-03
1.8740794465e-04
7.3135128117e-03
-7.5143582478e-03
7.9782218079e-03
3.3507728418e-03
-9.7216764239e-03
-4.9925291546e-03
7.7236030198e-03
-1.1207584712e-03
6.8878048305e-03
2.4936652894e-04
-4.5245538071e-03
-7.5099036435e-03
7.0867941870e-03
-2.5956918680e-04
-2.3349531930e-03
-1.0307243856e-03
8.8661628528e-03
-6.0990916167e-03
2.0632170818e-03
1.0562272513e-02
-2.1901759343e-03
-2.6257710779e-03
2.5261031394e-03
1.2186337636e-02
-8.0104131488e-03
8.1996465972e-04
-6.8395287627e-03
-6.8637560630e-04
-2.0079132615e-03
9.1201097222e-03
5.6811128933e-04
-3.9673807505e-04
1.6459005959e-03
4.5609811582e-03
-9.3673484484e-03
3.1445279544e-03
-6.9314751415e-04
-2.9026813101e-03
-4.9323710327e-03
-2.1706732580e-03
8.7524338254e-03
2.5693988727e-03
2.4250323333e-03
-2.1991869469e-03
6.5749036862e-04
7.7746748280e-03
-2.8324570856e-03
-3.9458843042e-03
1.4507454845e-03
6.5038639020e-03
-6.4518512136e-03
-6.1239934961e-03
9.0153648607e-03
2.5308657129e-03
-4.5951887473e-03
-2.2697827787e-03
9.8496421342e-03
7.3285180247e-03
-3.2768390469e-03
1.1033549552e-02
2.8187466241e-03
4.0749402293e-05
8.9880855132e-03
-3.4083276646e-03
1.8388126796e-03
1.6526551947e-03
8.4361127711e-03
8.2416407098e-04
-4.4181123452e-03
-6.7999514303e-03
-1.5533006306e-03
3.0271723574e-03
-2.9412988148e-03
-9.7574391296e-03
-4.2065011759e-03
1.6070028025e-04
5.7320728824e-04
-1.7781737101e-03
2.9097827178e-03
7.9374205079e-04
-1.0830530324e-03
-3.5287938862e-03
-6.6004081121e-03
-4.5484594209e-03
-4.1604015538e-03
-1.6977713777e-04
-6.9137994734e-03
-6.0242387107e-03
3.7836371471e-03
7.5674775716e-03
2.1161159863e-03
1.7831280725e-03
-2.2497696107e-03
8.1589584873e-03
7.9571724708e-04
-8.0292666992e-05
1.8604129195e-03
-1.9310745188e-03
-3.1551074533e-03
-1.1374692441e-03
3.7079718231e-03
1.3449128474e-02
-2.8914776965e-03
2.0588108161e-03
1.0103751163e-02
-5.6841225995e-03
2.9963171580e-03
-4.2383624292e-03
-8.3414670604e-04
8.3508272135e-03
-5.9563638942e-04
-3.3434839874e-03
1.3336871980e-03
-8.8391298883e-03
-8.1882536167e-03
4.1408408552e-03
2.4466897701e-03
-3.4294376399e-03
3.1135778054e-03
-6.7168159705e-03
-9.3779909792e-04
6.3066923612e-03
7.0180724147e-03
-5.6918115028e-03
-5.6507810929e-03
-9.8966440347e-03
-9.6382054548e-03
-5.2639295198e-03
1.0563235710e-02
-8.5175162398e-03
5.0387357265e-03
-3.5065429514e-03
-9.6955514164e-03
3.2930665288e-03
-3.0643662523e-03
8.1183441312e-07
-2.7817525031e-03
5.4726256088e-03
-1.5956734230e-04
6.2481458835e-03
2.6585397394e-03
-2.9249795982e-05
-3.7994448391e-03
3.6434456235e-03
3.5377540731e-03
-2.0417602277e-03
1.9396262312e-02
-8.4821938371e-03
7.5765883953e-03
8.7367514522e-03
2.7500471711e-03
-6.7623763296e-03
6.4246561374e-03
-4.8066114863e-03
-1.0418479117e-02
-5.9870307015e-03
8.2785770274e-03
7.0577683780e-03
1.2585725812e-02
-2.8192566918e-03
3.5609794698e-03
8.8982753263e-04
-7.5415748280e-03
-6.9762240165e-03
6.2851749346e-03
6.6023977492e-03
-4.0056604343e-03
3.4801520308e-03
-9.1521532157e-03
-3.5768505558e-03
2.1518255017e-04
-5.9669521001e-03
-2.8917235427e-03
9.3621244608e-03
-9.1995885055e-03
-4.3089460043e-03
1.6514613717e-03
-6.6795803540e-03
3.0132782284e-03
-3.4926016102e-03
-9.7641344522e-05
6.0175575316e-03
1.0096280139e-03
-7.6602931805e-03
-8.3238192440e-03
2.7154629344e-04
2.0519512290e-03
-5.4341629866e-04
-4.2162557604e-04
1.4307828982e-03
-8.4292617786e-03
-7.7001661953e-03
3.3580854580e-03
-5.0178548378e-03
-1.2429254068e-03
5.4174173254e-03
5.7210187783e-03
-4.9970595800e-03
2.7096468030e-03
-8.7741540890e-03
-6.2256372099e-03
9.2611128079e-04
5.8717117060e-03
1.0340639420e-02
-2.4933911893e-03
-6.4432300984e-03
1.7498821439e-03
-4.4972328390e-04
-1.6331501282e-03
-9.3073477900e-03
9.5301699842e-04
1.3582515341e-02
1.7158802730e-03
5.0617357530e-03
2.2705415566e-02
-4.2098733081e-03
-4.1071578381e-04
-3.6105213260e-03
-6.4793276603e-03
-7.4663498757e-04
1.5094344384e-02
3.1884952050e-03
-9.9618731405e-03
-2.3322164248e-03
3.3551363984e-03
-3.8077924952e-03
2.9039885567e-03
-3.4959513203e-03
-2.6360304329e-04
-3.0784939459e-03
1.1323086490e-02
-1.8965540896e-03
1.1116620507e-03
-6.2346264557e-04
5.6013252639e-03
9.1897986599e-03
2.3639198000e-03
5.7011654283e-03
4.0278802987e-03
-6.3220021722e-03
-1.4713363819e-03
-3.4970171617e-03
6.4780850670e-03
-6.5768070705e-03
-3.2428791340e-03
4.0409061386e-03
7.4302353197e-03
-4.8084707175e-03
5.8626235721e-05
3.2235418148e-03
-2.0640287376e-03
4.3480713700e-03
4.0279637048e-03
-3.3365992722e-03
-2.3354013467e-03
2.2951701096e-03
1.0136069288e-03
-2.1725061916e-03
3.1660847265e-03
-1.1278951878e-03
8.6503904312e-03
-4.8483638868e-03
-3.6411627574e-03
3.2580098282e-03
-5.8398757736e-03
-4.5083156760e-04
-1.0114444315e-02
-3.0583098132e-04
1.7612527771e-02
-2.8575952995e-03
5.3819537249e-03
-1.0543529042e-02
-3.1684136537e-03
-7.5385300956e-03
-2.3695782404e-03
-5.8833982160e-03
-1.5408253473e-03
-6.7690297884e-03
-2.5917488048e-03
-4.3814283453e-03
-7.5414761118e-03
4.3939724147e-03
6.3333850339e-03
3.4880142596e-03
8.5189229711e-03
2.0072251044e-03
7.5456006855e-03
8.0747786784e-03
1.0356621571e-03
-4.8049656536e-03
3.3876901052e-03
1.3893598965e-02
-5.6523358358e-03
-4.8556674995e-03
-1.2854641970e-03
-6.8423221413e-03
-4.4228450207e-03
-3.3873679958e-03
-3.6791612226e-03
7.9983256772e-03
9.3113484788e-03
1.7150097070e-03
-1.0323412386e-02
3.4254990459e-03
1.7522862149e-02
-9.3661758064e-03
-4.1329784928e-03
4.2532337371e-03
7.3605267476e-03
9.6832684999e-03
-9.1281322697e-03
-5.0907899518e-03
7.8524568036e-03
-3.0833677592e-03
3.8939573966e-04
6.9872926128e-03
4.1262721431e-03
1.2071468020e-03
9.5583374441e-03
-3.2176388812e-03
2.2867468121e-04
4.7071625668e-03
-9.5884974531e-04
1.0025767121e-03
1.4515067820e-03
5.7006509903e-04
-4.0711453000e-03
6.7487797164e-04
-1.0783390157e-03
-5.3321566014e-03
4.0955226753e-03
-7.1721729230e-03
-6.4733871183e-04
-9.5085081958e-04
3.5369028390e-03
8.1669241767e-04
5.1025643160e-03
-6.2152568992e-03
8.4557903136e-03
-4.8647453828e-03
-5.6371847133e-03
-3.6396009168e-03
5.6315844346e-03
8.7507578855e-03
-6.5378786416e-03
5.2538078058e-03
-4.5788510124e-03
9.3439675304e-03
-2.0380336518e-03
4.5193618736e-03
-1.0351718613e-03
1.4469442420e-03
1.2803573612e-02
1.4205286525e-03
3.3553564310e-03
7.2711138376e-03
5.3622700124e-03
-5.4180928590e-03
1.6850480188e-03
-6.7898473168e-05
6.3364504313e-03
1.4352690680e-03
4.0134879495e-03
2.7319493851e-03
-1.0807603703e-02
3.2291856675e-03
-1.1819034350e-03
-4.1091979688e-05
3.7879442186e-03
2.4347022492e-03
-4.1318601198e-03
1.3513794441e-03
-6.4576935304e-03
-6.5595818723e-03
8.4849622794e-04
-5.9804836155e-03
-4.8864191337e-03
-6.2442668502e-03
2.2009364337e-03
1.3397196517e-03
5.2619236804e-04
1.6960197557e-03
1.0527851181e-03
1.6676630361e-03
-4.9943851442e-03
-4.5553076967e-04
2.5167411264e-03
-8.4458591878e-03
-1.6214287146e-04
-1.0565695388e-03
5.5850764871e-03
-9.0722168121e-04
-2.9285532082e-03
-1.2069430074e-02
-1.2895191205e-03
-3.1350620868e-03
7.0212087283e-04
-5.9403351458e-03
1.0216769982e-03
-6.9799638992e-03
-4.0769617472e-03
2.9077652154e-03
-2.0272094252e-03
3.7586280957e-03
-4.1246654912e-03
2.9543772467e-04
9.9525064572e-04
1.0709648604e-02
5.2141485971e-03
-2.7167181149e-03
-2.5395457894e-03
4.5278222480e-03
-4.2378099493e-03
-2.6626008755e-03
8.8637973827e-03
-9.2237249435e-04
-2.5154646818e-03
-4.1243465562e-03
5.7985444787e-04
1.1165302781e-03
-2.5140020870e-03
5.2415497189e-03
1.8870608686e-03
-8.0106758774e-04
1.8541265217e-03
1.6051729556e-02
-6.9758562227e-03
5.2024876421e-03
-2.7699913896e-03
-1.4368056419e-03
6.2482776725e-06
-1.2441149906e-03
-4.0879289809e-03
-7.3247694451e-03
-9.8350213734e-03
-1.9818779056e-03
1.7904671681e-04
1.5420044092e-03
-1.0607467013e-02
2.6172591783e-03
-4.9217823804e-03
-4.3277244753e-03
5.6859344196e-03
2.0917820166e-02
7.6986444948e-03
-7.6182783971e-04
-4.4970171702e-03
-4.4042803135e-03
-4.4727091977e-03
1.9129882994e-04
1.2583232014e-02
4.2357221226e-03
-1.7877956922e-03
-4.1379453607e-03
-2.9791138413e-03
-4.1738115212e-03
7.4523243846e-03
3.4788804876e-03
-2.9973206794e-03
1.9626863576e-03
-8.1729058932e-04
-6.8790078379e-03
7.6663419104e-04
-1.4296624357e-03
-1.1102357452e-03
6.3883996790e-03
7.7246142033e-03
9.5958453254e-03
1.3978905326e-03
-2.4534861204e-03
-5.7915268037e-04
5.2207156147e-03
-3.5635958370e-03
5.0139928872e-03
-1.0202291905e-02
-1.7665685713e-03
5.0344972390e-04
1.7162117663e-03
-5.3477793052e-03
5.1236153527e-03
-5.7682510126e-03
-8.4998946993e-03
-4.6270644516e-03
-9.8990946087e-03
-4.4826063763e-03
4.8726280241e-04
2.8340660344e-05
1.0631660120e-02
-5.3833958472e-03
-8.2418945807e-03
-1.9150103325e-03
4.2977040746e-03
-3.4108090198e-03
-5.8852876047e-03
1.5575573748e-02
-3.3121119299e-03
-5.8770820949e-03
7.8574333360e-04
-3.2932506870e-03
1.8178408928e-02
5.7911119566e-03
1.5001167935e-02
-4.8914533356e-03
8.9918732932e-03
-5.7134706953e-03
1.6837983789e-03
-5.1946360431e-03
-6.5497627164e-03
5.5163672561e-03
5.6855654588e-03
7.2271025547e-04
-4.7124924795e-03
-1.5543424791e-03
-2.8058345170e-03
-6.7022780187e-04
1.7246684854e-02
-5.8302235220e-03
-2.9069648219e-03
1.1045689872e-04
-5.1628133763e-03
-4.6244078221e-03
-2.6227828610e-03
2.2937225255e-03
1.0221680362e-04
-3.4113920692e-03
-9.4895694664e-04
1.3068795910e-02
1.4251998778e-02
-3.9289574279e-03
4.4922557734e-03
-3.6950891618e-03
-1.1793576485e-02
6.1983222294e-03
-5.6965313353e-03
-6.2047350071e-03
2.0945934545e-03
-2.4441242144e-03
-5.6482162041e-03
-7.5983689261e-04
-1.8681657114e-03
8.2318952604e-03
7.4784703501e-04
-3.5772512162e-03
6.0055675371e-03
-1.0313239627e-03
2.0354872553e-03
-1.8364333553e-04
1.3849484725e-03
-4.8413491288e-04
6.3119624153e-03
2.5213825684e-04
-1.0423039891e-02
4.8144991249e-03
-5.1065222783e-03
-4.2070841465e-03
4.4801793102e-04
7.4505829118e-03
-1.6724134986e-03
5.6981204176e-03
5.4710141091e-03
-2.6124815279e-04
7.8094865504e-03
3.9069850099e-03
9.7056826035e-03
-5.8561233260e-03
-2.1420211898e-03
6.2348330136e-04
-9.4257337112e-03
-1.7279396242e-03
6.4094804476e-03
-9.3229456497e-03
-1.7816698167e-03
5.6926243380e-05
-3.1473425569e-03
-5.5346047106e-03
-1.0331843985e-04
-2.9824283298e-03
-5.7273524719e-04
-4.1991054985e-03
3.0699116720e-03
1.6843496019e-03
3.0042172429e-03
-3.3909116748e-03
-8.3707519011e-03
7.4940820647e-04
-2.3875859908e-03
-6.9007372389e-03
-7.5109033047e-03
-5.0277256594e-03
7.2155998574e-04
1.3651999093e-03
-4.9394907391e-03
-7.3686677278e-03
1.7332345797e-03
1.7006606430e-03
-7.1147254808e-03
4.7579965117e-03
1.3052927359e-03
1.5023673304e-02
-1.0218107212e-04
4.8958261145e-03
2.1488743964e-03
-4.9615321992e-03
-6.3825924939e-04
5.0517848097e-03
-5.7889345671e-03
3.8789076684e-03
7.0961726007e-03
3.0465318360e-03
8.4245476380e-03
1.4364543918e-02
9.1394230787e-03
-3.5673959728e-03
1.8610285573e-04
-3.3054507222e-03
-9.4380142830e-03
-5.2100860912e-03
-1.0740629294e-02
-6.6027865001e-03
-1.2730167941e-03
-4.0403328039e-04
-5.7286061118e-03
1.6716708234e-03
9.9081340547e-04
-2.5178168668e-03
8.4586705330e-03
-4.0010542873e-03
-2.6351539775e-03
-4.5930163747e-03
6.0542651669e-04
-5.9409878341e-03
8.8690609807e-03
-5.0120933685e-03
1.7768523337e-03
4.6280111698e-03
1.2009831173e-02
-8.6709846427e-03
1.1440262394e-02
-3.8973747400e-03
4.8350915046e-03
1.5836516485e-03
-1.6278070953e-03
-6.9286415409e-03
4.0818504112e-03
-5.2345716681e-03
-1.0726176990e-03
3.3696787894e-05
1.1410354661e-02
-2.1466782907e-03
1.0835388190e-02
-3.9412509605e-03
8.3176808990e-03
8.2172158956e-05
6.6585553657e-03
-2.7795427206e-03
-5.4444878158e-03
1.2557138661e-02
1.2808272982e-03
6.5134976428e-03
-3.3861689450e-03
-5.0194726095e-03
6.0641870001e-03
-7.7329799370e-03
6.0079576102e-04
8.1148902961e-04
2.6402513957e-04
-1.1426468117e-03
-1.6724851930e-03
-9.8127050476e-04
8.6545014052e-03
1.2949327260e-02
-1.9872600729e-03
-1.1285092149e-04
-6.9937651035e-04
3.4965678823e-03
-7.2020946706e-03
-4.9392473007e-03
1.9215909369e-03
-9.9357141350e-03
5.2798227553e-03
1.1279346701e-02
3.0095072858e-04
-5.3905297406e-03
-3.9857813938e-03
7.0879779078e-03
-3.4128159047e-04
1.7623277529e-03
4.7189863020e-03
3.9648444142e-03
-1.4326636324e-04
3.3820937778e-04
7.7218801390e-03
5.1014388216e-03
-2.0352463045e-03
-2.0103414207e-03
1.6511724916e-02
6.6038630937e-03
2.5962301697e-03
1.2968386185e-02
-9.0293447588e-04
8.2197171333e-03
-6.6149127464e-03
1.9858172734e-04
1.3857847925e-03
1.6861981005e-02
-2.1969986502e-03
-1.8336455377e-03
-8.2145143026e-03
1.0226511704e-02
7.4315033189e-04
-6.5232570795e-03
-5.7475912122e-03
3.2406660609e-03
-5.5717168153e-03
4.7328934190e-03
-1.9133070593e-03
-9.7288776789e-03
1.4932718478e-02
1.0710711240e-02
1.0445076997e-03
-3.8541294244e-03
-1.0442627165e-03
4.3233975694e-03
-3.2598982125e-03
1.0343770771e-02
-9.9211875350e-03
-2.2966122756e-03
9.1826833515e-03
4.9130123943e-03
4.0242120244e-03
2.3163705285e-03
-6.8634103991e-03
8.1487707240e-04
-5.4079834860e-03
1.1168267723e-02
-7.0269388002e-03
-7.5928672794e-03
3.3163934710e-03
-7.6836573344e-04
1.8294645645e-03
-4.1503146321e-03
-4.0045818699e-03
2.9438091097e-03
5.6538727034e-03
3.9318049214e-03
-6.9294385377e-03
-5.0731071108e-03
2.4533407095e-04
-2.1795434185e-03
-3.9396622514e-03
8.8530455070e-03
9.3105647992e-03
3.8793256844e-03
5.0926621619e-03
-1.1336641940e-02
-4.4258608349e-03
-8.9478702503e-03
-1.6213050204e-03
2.9925258340e-04
1.3573702317e-02
-8.3062624542e-03
5.2117517415e-04
1.0014793593e-02
-8.2653075514e-04
-1.0120606680e-02
2.9687906747e-03
-1.8268954539e-03
-2.0711777190e-03
3.1095588498e-04
-3.0792358956e-03
1.0291879375e-02
-6.0744416250e-03
8.9471052219e-04
1.1150594417e-04
7.1692846117e-03
-1.2243284950e-03
5.3865311284e-04
2.5576293454e-03
-6.1299779548e-03
-2.7177160897e-03
7.0157224610e-03
2.7143110712e-03
-3.0928079505e-03
-2.0747440709e-03
-9.1542293671e-03
-3.8193477282e-04
-4.8004429133e-03
-6.0101957808e-04
-3.0334836715e-03
-2.5473959911e-03
2.0339205597e-03
5.0282729487e-03
-1.9096447246e-03
1.4191145255e-03
1.8842165478e-04
2.7513021019e-03
1.1590032840e-02
-4.7775581807e-04
-7.5349611734e-03
7.5284170401e-03
9.5174984343e-04
6.0182476968e-03
-5.5316159813e-03
3.6794154944e-03
-8.0522845238e-03
-6.8359552557e-03
-6.6942530339e-03
-1.3187423288e-03
1.8494271930e-03
-9.7166854639e-03
-4.0759872335e-03
-3.1434508392e-03
2.7626972105e-03
6.5567938077e-03
9.4091233933e-03
1.1644897646e-02
-2.4396146755e-03
-9.0377672780e-03
6.5148706723e-03
-1.0625549405e-02
3.9804086223e-03
1.4321180667e-02
1.3963422514e-02
1.6316631883e-03
5.9751563155e-03
1.4879746163e-03
-4.8095936538e-03
-4.2330320503e-03
-1.2553051541e-04
1.8428090941e-04
-1.1167705133e-03
9.5458056450e-03
1.1756745569e-04
-4.2848647973e-03
-4.5676387484e-03
-7.6249906699e-03
-2.4109228240e-03
-4.7030786135e-04
8.4469687544e-03
1.0550510636e-03
2.8777625007e-03
-5.5437788280e-03
-5.0128876327e-03
3.7829345895e-03
1.2606240240e-02
3.8949711156e-03
1.8995268194e-03
-9.8491137992e-04
-3.7460211610e-03
-7.1183374534e-03
-5.7360245633e-03
-3.7754789154e-03
-3.0005657441e-03
2.7011387026e-04
7.9880173776e-03
-2.7901600100e-03
-2.7243021100e-03
2.5577895756e-04
-2.6373418927e-04
-2.1655568860e-03
3.0787652551e-03
-1.1207312579e-03
3.2326407011e-03
2.2227711933e-03
-1.9762376295e-03
5.8801003509e-03
5.0730651440e-04
3.1670073668e-03
1.3440814670e-03
6.7975009260e-04
-1.6824637398e-03
1.9448381175e-03
-4.7219490434e-03
-7.7218596309e-03
-5.4171029367e-03
-7.6816233662e-03
1.5084162173e-02
9.9065852606e-03
4.1479722643e-03
-8.6853407033e-03
5.0018080013e-03
5.9981656369e-03
-5.4883729314e-03
9.7702966056e-04
3.5054823900e-03
-3.3609157246e-03
5.1362479840e-03
5.4742501560e-04
-4.3005032263e-04
-3.6893084291e-03
1.1153630312e-04
1.7150944774e-03
8.8698704107e-03
-2.6739254239e-04
1.8668008625e-03
-4.5580062763e-03
2.0658590679e-02
6.6353025345e-05
-4.1817622143e-03
7.7225062599e-03
-4.3516802426e-03
-9.4411510196e-03
4.2591213778e-03
7.7266500231e-03
8.1660585389e-04
1.7005292325e-03
8.4789313331e-04
-3.7529030480e-03
-2.5829544003e-03
-3.4508899979e-03
-6.1966899768e-03
1.1648357172e-02
-2.2637612927e-03
1.1491672419e-03
-2.8150469292e-03
-2.8413345240e-03
-8.8653737182e-03
-5.6400944064e-03
1.8291848573e-02
-3.4940429184e-03
5.2187552445e-03
-8.3306273446e-03
-4.3531273745e-03
3.4025485808e-03
-1.1840002347e-03
1.6497694856e-02
-1.1766583899e-03
-7.6502111515e-03
-3.6278946500e-03
5.5599911300e-03
-6.2207266341e-03
6.6322333430e-03
4.1872376481e-03
-4.8844905959e-03
6.7057701366e-03
-1.6958327162e-03
-4.2848509116e-03
1.1920594919e-02
2.9427418854e-03
3.8647140314e-03
-3.3793284563e-03
-4.7561364592e-03
-1.7231426677e-03
-3.7583500354e-03
-4.3876972658e-03
-6.3290470950e-03
-3.5778757187e-03
-1.0614674035e-03
-4.8648921927e-03
-3.9781331901e-03
-2.2506773866e-03
-3.2529780120e-04
-2.6994528915e-03
6.2292749723e-03
-2.1632839433e-03
-4.6061884453e-03
4.7569668336e-03
-2.3231410671e-03
-2.2561537414e-03
2.1304269393e-03
-2.0077391032e-03
2.7724196248e-03
-5.5205302785e-03
5.5301446399e-04
-2.6100245357e-03
-4.0820070230e-03
-7.6157125370e-03
3.5271673225e-03
-4.5309819021e-03
2.0570767345e-03
2.5720392751e-04
-1.3138770885e-03
6.3133180424e-03
2.2590004479e-03
-1.0083282911e-02
1.5262033585e-03
1.1514372509e-02
4.7576637245e-05
4.4854512609e-03
-6.4787216081e-03
-4.4781551941e-03
-2.5937334004e-04
-2.0825976870e-03
1.0046722781e-03
-5.3437916648e-03
9.2618937561e-03
-1.9383825639e-03
-1.1563126645e-03
3.4902130027e-04
-1.0382342660e-03
-6.6060470181e-03
9.3169479229e-04
-2.4240869533e-03
1.7095132562e-02
-3.3642586456e-03
-1.8362406576e-03
-2.7087678118e-03
7.0747992297e-03
-4.2021198770e-03
-7.2449381004e-03
-6.6766913452e-03
-8.0608336036e-03
-1.4005901189e-04
-2.1397533300e-03
-1.0392762183e-03
8.8258801664e-04
1.7133209168e-03
-8.1145962903e-03
-1.2331636958e-02
1.0067947223e-02
-4.3105458113e-03
-6.4703590215e-04
2.4135813778e-03
-4.8718141621e-03
6.2696282390e-04
-3.7259997716e-04
-4.1998577011e-03
-2.8804412689e-03
-3.2567320657e-03
8.0640975150e-03
-9.5918908192e-03
6.5562180605e-04
3.6138443811e-03
-8.4012948572e-03
-9.0617488305e-03
-7.7992432751e-03
-3.0587204227e-03
-2.7759418739e-03
1.1708021140e-02
-7.5297168000e-04
4.6672847058e-03
-2.6803061701e-03
-3.4429485571e-03
7.3881451954e-03
5.0306852124e-03
-7.9710481323e-03
5.3600035446e-03
-1.1109369718e-02
-8.4858467172e-04
-2.8345311469e-03
3.5338886410e-03
-2.8131237298e-03
9.3016696005e-03
-6.3160904845e-03
3.2398155085e-03
3.4812936577e-03
1.0228767140e-02
-4.1145958269e-03
-4.6089310617e-03
-1.0380430246e-03
-3.6829349403e-03
-5.8823026016e-03
1.2595122203e-03
2.4367147133e-03
2.1219961851e-03
-6.8578297806e-03
6.1306232399e-03
-2.7357273167e-03
-6.4426159246e-03
-3.4510600447e-03
-3.8261255243e-03
-6.8986845182e-04
-3.7315445330e-03
-3.8451433789e-04
-9.4117081833e-04
-2.9261224005e-03
1.2928426070e-03
4.7341411682e-03
1.0379712193e-04
1.2192625985e-02
3.4970845315e-04
-2.0845425386e-03
-4.1129783889e-03
1.4355970488e-03
7.7420811405e-03
5.4002599857e-03
-5.0671209736e-03
1.2981212268e-02
-4.8050095795e-03
1.5485989376e-02
1.8859436468e-03
-6.4272137259e-03
6.7097708622e-03
-6.4463012089e-03
-6.2900074830e-03
3.0703315002e-03
7.4042048485e-03
6.1715095890e-03
-5.8179083517e-04
1.5355241256e-03
-5.9541141248e-03
5.1734845957e-03
8.9857032458e-04
-1.7552915118e-03
4.5401309264e-03
4.6802067400e-03
3.8602672856e-03
9.1237809680e-04
-1.4544914726e-03
8.4965925425e-03
-5.9707593150e-03
-9.7208832102e-04
-9.6699842819e-03
3.6289227249e-03
1.5917183463e-03
-4.2435874619e-03
3.8762421221e-05
-9.8082616890e-04
-7.9026597643e-03
-5.8296838132e-03
-3.8605701323e-05
-5.4094674171e-03
-5.5897668184e-03
-9.2281315217e-04
3.8184003120e-03
1.8083646374e-02
-1.0420101696e-02
5.1107524287e-03
6.5961795550e-03
-3.7741070617e-03
8.6974934162e-03
-8.1761016526e-06
-1.9585972392e-03
-2.6124131775e-03
-5.3315672376e-03
1.1337101967e-02
-1.6259661146e-03
-5.2997519877e-03
-5.4926704415e-03
-6.6984548299e-03
-4.9587560870e-03
4.7666065317e-03
-1.5048868313e-03
6.7792573174e-04
-5.1674872907e-03
6.1277109156e-04
3.3874904052e-03
1.9720444390e-03
-6.6003066118e-03
-6.0182141015e-03
1.1218026073e-02
-3.4624051437e-03
-2.4497288524e-03
-2.6911367399e-03
5.7310797376e-03
3.7931640529e-03
-4.7047533909e-03
-2.5150019932e-03
-1.0470856648e-02
-6.2487758372e-03
2.0585901549e-03
-9.4684002927e-04
1.0485850405e-02
3.0126418271e-03
1.3191086306e-03
-1.1113762670e-02
-5.5477551342e-03
-2.5448265685e-03
2.3047847759e-03
3.9680553328e-03
3.2821869674e-03
1.5949001389e-02
-5.5541665539e-04
-4.2777519136e-03
-3.7532354368e-03
3.2874240323e-03
-1.2299895834e-03
-8.1312111354e-03
-7.9109649798e-03
3.7846374170e-03
-1.7957348708e-03
-9.7757000395e-03
-2.7779236420e-03
4.9641413135e-03
-3.6909098024e-03
3.2042878682e-03
-5.0761484623e-03
1.1148616692e-02
-6.7247679800e-03
-4.6395222540e-03
1.7260741736e-03
7.9276030181e-03
3.4595382908e-03
1.7776603527e-03
1.1129494937e-03
5.4342090993e-03
-1.3421335777e-02
-5.3978529177e-03
9.4098425505e-03
4.4477535811e-03
3.3012447912e-03
1.3433407796e-03
6.7938658712e-03
7.5807098030e-03
5.0349040311e-03
7.0497591783e-03
-1.7865579623e-03
-2.5106265528e-03
3.0834132407e-03
4.5317244568e-03
-6.5195999616e-03
-1.7142157869e-03
3.2929413118e-03
-4.9994436301e-03
-4.4075571839e-03
4.3449522471e-03
-7.5490193493e-03
1.0333008189e-02
7.1493448462e-03
-1.2261785867e-02
-2.6968522999e-03
-4.2688397271e-04
-1.8410943642e-03
7.9315230634e-03
1.4466177054e-03
-6.7353444109e-03
1.1721053696e-03
-1.8397406053e-03
-2.6907214157e-03
4.4797676660e-03
2.3982336119e-03
2.4032632205e-03
-3.2778062870e-03
5.8157840731e-04
-2.4066553911e-03
1.7177052865e-02
6.7839759932e-03
5.2582877078e-03
1.4921681978e-03
-1.9952042911e-03
-3.0323765004e-04
7.8197349192e-03
-6.7550993713e-03
-7.2795353227e-03
-2.4542325435e-03
1.4728026325e-02
2.8665526280e-03
1.4578836692e-02
-2.4674252113e-03
2.8333755351e-03
-7.3994237778e-03
-3.6294962804e-03
-2.2652316463e-03
4.5470836972e-03
7.0432962929e-03
4.3135084298e-03
-4.1198178362e-05
-5.6067883665e-04
-1.7305767283e-03
1.1803504965e-02
-1.0323543075e-02
2.6775207498e-03
5.9096351201e-03
1.7660565679e-02
-1.5945614038e-03
8.2280856401e-03
1.5899046041e-02
-1.0315847708e-02
-2.2055226054e-03
-1.2274515484e-03
-4.6203153733e-03
-4.9658260899e-03
1.8019533940e-03
-1.9700897862e-03
-6.8591426520e-03
-1.7288040020e-03
-8.4441904628e-03
1.6298944851e-03
6.6252641171e-03
-7.4576532278e-05
-1.3803870297e-03
-7.9900853018e-04
-3.2660100961e-03
2.5529103596e-04
7.3975742968e-03
2.2607928566e-04
-2.0508540970e-03
-2.2349596585e-03
-5.9789976206e-03
-6.5776560730e-03
3.6545887411e-03
-2.0190677396e-03
-2.5211763563e-03
4.0362721275e-03
5.4361707963e-03
8.1902927065e-03
3.7493960519e-03
2.9765631986e-03
-7.3589214278e-03
-2.2867386142e-03
3.4012422770e-03
-1.0087093639e-02
3.5727673056e-04
6.1908120937e-04
-4.2518421135e-03
-5.0278145343e-04
-3.4272422825e-03
5.6803852670e-03
5.5949954614e-03
-6.2115163061e-03
-9.7638400030e-03
-4.6521267946e-03
4.4265420421e-03
-1.3725163973e-04
-1.4804413912e-03
5.5978101631e-03
-5.5718940209e-03
-4.6170014966e-03
-6.0322331766e-05
-1.2397496740e-02
1.9094287774e-03
2.9522110339e-03
-7.7409727247e-03
6.9433062775e-04
-4.8773973719e-03
2.7235104320e-04
-4.6973191200e-03
-1.9274664666e-03
-7.7083644908e-04
-3.8364613741e-03
-7.2065069465e-03
-1.8462763939e-03
5.5861950167e-03
-1.6350027970e-03
-1.2625072788e-03
-3.5695009725e-03
1.0553184554e-03
-5.3299809158e-03
-1.0952366467e-03
-7.2691466355e-04
3.2514520856e-03
4.8338757904e-03
1.2213109863e-02
6.3128649148e-03
-4.9022359701e-03
3.7617509939e-03
-4.5004595474e-03
7.5007061547e-03
-5.5538624577e-03
4.4680592546e-03
4.3006020415e-03
7.6368539615e-04
7.6438537485e-04
4.0540752603e-03
-2.1749439457e-03
-3.9288756022e-03
9.9231448497e-03
5.5577026367e-03
-6.2286952550e-03
8.7455260692e-03
-1.6430820401e-03
-5.8604835445e-03
7.2306204240e-03
-5.6060285777e-03
-5.2604430338e-03
4.3653387644e-03
-1.2427698393e-04
3.7653860478e-03
-7.5954285038e-03
1.7123035346e-03
1.2246395373e-02
3.6486080631e-03
7.6149217545e-03
1.6297515446e-02
-2.8715612538e-03
1.1056192600e-02
-3.4207663430e-03
-5.2553110108e-03
9.2546586849e-03
1.3634756089e-03
-4.6129625887e-03
-2.5002786410e-03
-2.6171831479e-03
2.8059609459e-03
2.4930783104e-03
-4.1889828273e-04
2.7670916835e-03
7.8801635866e-03
-2.5781479581e-03
-9.6116568722e-03
1.0973531532e-03
-3.0558549352e-03
-7.8137628479e-03
6.2912310933e-03
4.9393342727e-03
9.6484397559e-03
-8.5256810737e-04
3.3334896057e-03
-4.2181741657e-03
-5.4232347886e-03
-6.6106355045e-04
-8.9280137652e-03
-1.5300782876e-03
1.0739922150e-02
7.3581560810e-03
1.1260721692e-02
-3.7306115041e-03
7.4278682330e-03
-6.1590494439e-03
-2.5761950025e-03
3.1585966716e-03
-7.1436938472e-03
1.2098259189e-03
-3.3275765531e-03
4.2063789037e-03
4.7605445339e-04
1.9189223098e-02
1.5861620297e-03
4.1126311087e-03
8.7739934552e-04
9.7766335152e-04
-4.6138911023e-03
6.7612598040e-03
6.0791154984e-03
-1.6991317392e-03
-5.0253776590e-03
-4.1460809106e-03
-5.0985154483e-03
-3.9283328805e-03
-6.1455118125e-03
-5.4007786138e-04
5.5580354923e-03
-7.8583593174e-04
-1.4865029609e-03
-5.9299640548e-04
-6.6511129907e-03
3.8324341345e-03
6.4910390485e-04
-9.6311323712e-03
2.5402824891e-03
-5.9586796163e-03
5.9568469367e-04
9.3162413109e-03
-7.5165008433e-03
-5.8150856376e-03
-3.8436149098e-03
-4.7445328515e-04
4.5609013669e-03
3.8265241208e-03
2.2594494834e-03
-1.8946471359e-03
5.5607432306e-04
-1.2085425099e-03
-5.9780764301e-03
-3.4358786430e-03
-8.1120591330e-03
-9.1699803277e-03
-6.9956669078e-03
1.0180747372e-04
-4.1441936790e-03
4.4332723718e-03
7.9765046277e-03
5.6982640576e-03
-6.8370846488e-04
-4.8322457565e-03
-8.2542420196e-04
1.2331192813e-02
1.6130688822e-03
-3.0028094930e-03
6.6424657978e-03
4.9856215113e-03
1.6096760025e-03
3.6565967855e-03
-2.1850725566e-03
1.4337164567e-04
3.8165331597e-03
8.3568275084e-03
6.5845821177e-04
-3.4547212825e-04
4.6141134030e-04
-5.6831012246e-03
8.5584069834e-03
1.5617329531e-03
5.0813539168e-03
1.2828892684e-04
-1.7278801444e-03
6.1241390697e-03
7.8132480144e-03
3.6286127981e-03
-6.2910160969e-03
-8.6360389948e-03
-3.2028389377e-03
-5.5244321776e-03
-1.1745389310e-02
-6.2815282285e-03
1.6559616777e-02
2.0116548314e-03
4.9263173003e-03
2.2445367945e-03
4.8157625020e-04
-4.4855106967e-05
-6.1046482866e-03
-6.1337793797e-03
1.0575197847e-02
-3.2608155691e-03
3.0645912171e-03
7.3540564975e-03
-6.9112667441e-03
-2.4702438352e-03
3.1125482493e-03
-4.4564914836e-03
-1.2101052808e-03
-7.9087349222e-05
-5.7329523952e-03
1.1458289574e-02
-4.0922392189e-03
1.7170025378e-02
3.3181321005e-03
-3.5070421687e-03
4.9940240350e-03
2.1628163872e-02
-8.8912734963e-03
-2.8262880712e-03
-2.4379817445e-03
-3.5796842776e-03
-9.4200986180e-03
-9.9161925110e-03
3.8571524388e-03
3.9509325309e-03
-1.8719813219e-03
-7.0671823222e-04
-3.0311398696e-03
4.0752888853e-04
-3.2441675942e-03
-6.6785826443e-03
-2.5507684785e-03
5.8158565760e-03
3.4331467089e-03
5.7418899113e-03
1.0188730626e-02
8.3711598990e-04
3.9115657544e-03
9.9926231374e-03
-2.6961162762e-03
5.7202848470e-04
